datetime,lat,lon,elev
2024-04-29T16:00:00,84.938352,-55.574828,nan
2024-04-29T20:00:00,84.936416,-55.738172,nan
2024-04-30T00:00:00,84.940720,-55.856760,nan
2024-04-30T04:00:00,84.947896,-55.940264,nan
2024-04-30T08:00:00,84.954624,-55.961208,nan
2024-04-30T12:00:00,84.962968,-55.941600,nan
2024-04-30T16:00:00,84.963360,-55.900412,nan
2024-04-30T20:00:00,84.957104,-55.875024,nan
2024-05-01T00:00:00,84.948944,-55.885984,nan
2024-05-01T04:00:00,84.943240,-55.881488,nan
2024-05-01T08:00:00,84.936760,-55.869192,nan
2024-05-01T12:00:00,84.934704,-55.844992,nan
2024-05-01T16:00:00,84.935416,-55.802472,nan
2024-05-01T20:00:00,84.935840,-55.751408,nan
2024-05-02T00:00:00,84.934600,-55.727264,nan
2024-05-02T04:00:00,84.931584,-55.685948,nan
2024-05-02T08:00:00,84.926552,-55.631856,nan
2024-05-02T12:00:00,84.921056,-55.568568,nan
2024-05-02T16:00:00,84.915504,-55.507896,nan
2024-05-02T20:00:00,84.908376,-55.458640,nan
2024-05-03T00:00:00,84.902288,-55.415392,nan
2024-05-03T04:00:00,84.899240,-55.370796,nan
2024-05-03T08:00:00,84.897312,-55.345020,nan
2024-05-03T12:00:00,84.895272,-55.303032,nan
2024-05-03T16:00:00,84.895040,-55.280532,nan
2024-05-03T20:00:00,84.894952,-55.272780,nan
2024-05-04T00:00:00,84.894864,-55.272752,nan
2024-05-04T04:00:00,84.895016,-55.271920,nan
2024-05-04T08:00:00,84.895120,-55.270920,nan
2024-05-04T12:00:00,84.896304,-55.264404,nan
2024-05-04T16:00:00,84.899928,-55.240384,nan
2024-05-04T20:00:00,84.902344,-55.222960,nan
2024-05-05T00:00:00,84.900448,-55.212696,nan
2024-05-05T04:00:00,84.900384,-55.209044,nan
2024-05-05T08:00:00,84.901856,-55.199660,nan
2024-05-05T12:00:00,84.903016,-55.189000,nan
2024-05-05T16:00:00,84.905224,-55.186576,nan
2024-05-05T20:00:00,84.908392,-55.197976,nan
2024-05-06T00:00:00,84.908624,-55.228856,nan
2024-05-06T04:00:00,84.909176,-55.303720,nan
2024-05-06T08:00:00,84.911312,-55.400048,nan
2024-05-06T12:00:00,84.909344,-55.479124,nan
2024-05-06T16:00:00,84.906080,-55.532456,nan
2024-05-06T20:00:00,84.904248,-55.521040,nan
2024-05-07T00:00:00,84.898040,-55.461444,nan
2024-05-07T04:00:00,84.896320,-55.417748,nan
2024-05-07T08:00:00,84.895464,-55.381840,nan
2024-05-07T12:00:00,84.892448,-55.342476,nan
2024-05-07T16:00:00,84.889056,-55.304376,nan
2024-05-07T20:00:00,84.886344,-55.278428,nan
2024-05-08T00:00:00,84.880072,-55.236932,nan
2024-05-08T04:00:00,84.878104,-55.220248,nan
2024-05-08T08:00:00,84.877584,-55.214608,nan
2024-05-08T12:00:00,84.874440,-55.186608,nan
2024-05-08T16:00:00,84.871680,-55.149740,nan
2024-05-08T20:00:00,84.871912,-55.137224,nan
2024-05-09T00:00:00,84.872016,-55.109316,nan
2024-05-09T04:00:00,84.872064,-55.108520,nan
2024-05-09T08:00:00,84.872248,-55.106508,nan
2024-05-09T12:00:00,84.872192,-55.107020,nan
2024-05-09T16:00:00,84.872192,-55.106880,nan
2024-05-09T20:00:00,84.872208,-55.107148,nan
2024-05-10T00:00:00,84.872128,-55.107796,nan
2024-05-10T04:00:00,84.872120,-55.108880,nan
2024-05-10T08:00:00,84.871944,-55.112400,nan
2024-05-10T16:00:00,84.871504,-55.117836,nan
2024-05-10T20:00:00,84.871312,-55.123640,nan
2024-05-11T00:00:00,84.871264,-55.140524,nan
2024-05-11T04:00:00,84.870344,-55.148372,nan
2024-05-11T08:00:00,84.870248,-55.163556,nan
2024-05-11T12:00:00,84.869768,-55.207472,nan
2024-05-11T16:00:00,84.868280,-55.241116,nan
2024-05-11T20:00:00,84.867784,-55.265876,nan
2024-05-12T00:00:00,84.866928,-55.292944,nan
2024-05-12T04:00:00,84.866600,-55.290916,nan
2024-05-12T08:00:00,84.866192,-55.288488,nan
2024-05-12T12:00:00,84.864544,-55.274836,nan
2024-05-12T16:00:00,84.863304,-55.255252,nan
2024-05-12T20:00:00,84.863240,-55.244724,nan
2024-05-13T00:00:00,84.862600,-55.230916,nan
2024-05-13T04:00:00,84.862440,-55.214888,nan
2024-05-13T08:00:00,84.862864,-55.201424,nan
2024-05-13T12:00:00,84.863632,-55.178384,nan
2024-05-13T16:00:00,84.864728,-55.134516,nan
2024-05-13T20:00:00,84.867488,-55.064276,nan
2024-05-14T00:00:00,84.870152,-54.982608,nan
2024-05-14T04:00:00,84.870424,-54.883504,nan
2024-05-14T08:00:00,84.871600,-54.766400,nan
2024-05-14T16:00:00,84.871480,-54.428716,nan
2024-05-14T20:00:00,84.870144,-54.227040,nan
2024-05-15T00:00:00,84.868544,-54.023440,nan
2024-05-15T04:00:00,84.865848,-53.821584,nan
2024-05-15T08:00:00,84.863672,-53.599984,nan
2024-05-15T12:00:00,84.866432,-53.381044,nan
2024-05-15T16:00:00,84.869000,-53.145712,nan
2024-05-15T20:00:00,84.867328,-52.869572,nan
2024-05-16T00:00:00,84.863512,-52.614776,nan
2024-05-16T04:00:00,84.859352,-52.440176,nan
2024-05-16T08:00:00,84.855448,-52.295556,nan
2024-05-16T12:00:00,84.854720,-52.143384,nan
2024-05-16T16:00:00,84.855864,-51.970296,nan
2024-05-16T20:00:00,84.850944,-51.825452,nan
2024-05-17T00:00:00,84.848888,-51.709692,nan
2024-05-17T04:00:00,84.842920,-51.600584,nan
2024-05-17T08:00:00,84.834200,-51.500304,nan
2024-05-17T12:00:00,84.829776,-51.418852,nan
2024-05-17T16:00:00,84.828424,-51.378088,nan
2024-05-17T20:00:00,84.828032,-51.371760,nan
2024-05-18T00:00:00,84.826048,-51.327672,nan
2024-05-18T04:00:00,84.825424,-51.281944,nan
2024-05-18T08:00:00,84.825136,-51.277184,nan
2024-05-18T12:00:00,84.825136,-51.276020,nan
2024-05-18T16:00:00,84.825024,-51.274648,nan
2024-05-18T20:00:00,84.824800,-51.275764,nan
2024-05-19T00:00:00,84.821824,-51.270844,nan
2024-05-19T04:00:00,84.821712,-51.270280,nan
2024-05-19T08:00:00,84.821056,-51.270148,nan
2024-05-19T12:00:00,84.819912,-51.268644,nan
2024-05-19T16:00:00,84.819832,-51.268944,nan
2024-05-19T20:00:00,84.819760,-51.268160,nan
2024-05-20T00:00:00,84.819720,-51.267952,nan
2024-05-20T04:00:00,84.819760,-51.269556,nan
2024-05-20T08:00:00,84.819720,-51.267936,nan
2024-05-20T12:00:00,84.819688,-51.268656,nan
2024-05-20T16:00:00,84.819624,-51.268784,nan
2024-05-20T20:00:00,84.819456,-51.269516,nan
2024-05-21T00:00:00,84.817656,-51.273464,nan
2024-05-21T04:00:00,84.817120,-51.277376,nan
2024-05-21T08:00:00,84.817048,-51.276804,nan
2024-05-21T12:00:00,84.817032,-51.276324,nan
2024-05-21T16:00:00,84.816344,-51.265764,nan
2024-05-21T20:00:00,84.816440,-51.264864,nan
2024-05-22T00:00:00,84.816576,-51.264084,nan
2024-05-22T04:00:00,84.816496,-51.264328,nan
2024-05-22T08:00:00,84.816456,-51.264176,nan
2024-05-22T12:00:00,84.816480,-51.264436,nan
2024-05-22T16:00:00,84.816448,-51.264768,nan
2024-05-22T20:00:00,84.816408,-51.265112,nan
2024-05-23T00:00:00,84.816344,-51.265020,nan
2024-05-23T04:00:00,84.816360,-51.265588,nan
2024-05-23T08:00:00,84.816328,-51.265168,nan
2024-05-23T12:00:00,84.816216,-51.266368,nan
2024-05-23T16:00:00,84.816320,-51.264940,nan
2024-05-23T20:00:00,84.816248,-51.265092,nan
2024-05-24T00:00:00,84.816248,-51.264656,nan
2024-05-24T04:00:00,84.816288,-51.264556,nan
2024-05-24T08:00:00,84.816344,-51.263720,nan
2024-05-24T12:00:00,84.816384,-51.263196,nan
2024-05-24T16:00:00,84.816424,-51.261544,nan
2024-05-24T20:00:00,84.813504,-51.192052,nan
2024-05-25T00:00:00,84.808120,-51.065088,nan
2024-05-25T04:00:00,84.801336,-50.888244,nan
2024-05-25T08:00:00,84.794392,-50.688940,nan
2024-05-25T12:00:00,84.783840,-50.532276,nan
2024-05-25T16:00:00,84.774456,-50.452092,nan
2024-05-25T20:00:00,84.768904,-50.396204,nan
2024-05-26T00:00:00,84.766848,-50.376416,nan
2024-05-26T04:00:00,84.765216,-50.358408,nan
2024-05-26T08:00:00,84.765208,-50.358324,nan
2024-05-26T12:00:00,84.765136,-50.358504,nan
2024-05-26T16:00:00,84.765176,-50.358812,nan
2024-05-26T20:00:00,84.765096,-50.358380,nan
2024-05-27T00:00:00,84.765152,-50.357220,nan
2024-05-27T04:00:00,84.766880,-50.342196,nan
2024-05-27T08:00:00,84.767688,-50.337564,nan
2024-05-27T12:00:00,84.767616,-50.370780,nan
2024-05-27T16:00:00,84.765952,-50.445148,nan
2024-05-27T20:00:00,84.763584,-50.512668,nan
2024-05-28T00:00:00,84.760064,-50.553484,nan
2024-05-28T04:00:00,84.758400,-50.558464,nan
2024-05-28T08:00:00,84.758224,-50.558192,nan
2024-05-28T12:00:00,84.758040,-50.558032,nan
2024-05-28T16:00:00,84.757144,-50.560672,nan
2024-05-28T20:00:00,84.756936,-50.561536,nan
2024-05-29T00:00:00,84.756760,-50.561936,nan
2024-05-29T04:00:00,84.756648,-50.563228,nan
2024-05-29T08:00:00,84.756224,-50.571620,nan
2024-05-29T12:00:00,84.752560,-50.637456,nan
2024-05-29T16:00:00,84.748112,-50.738080,nan
2024-05-29T20:00:00,84.745128,-50.818876,nan
2024-05-30T00:00:00,84.744272,-50.842196,nan
2024-05-30T04:00:00,84.743160,-50.878460,nan
2024-05-30T08:00:00,84.742952,-50.887040,nan
2024-05-30T12:00:00,84.743408,-50.886916,nan
2024-05-30T16:00:00,84.746296,-50.870800,nan
2024-05-30T20:00:00,84.750712,-50.801156,nan
2024-05-31T00:00:00,84.755424,-50.715588,nan
2024-05-31T04:00:00,84.757840,-50.666428,nan
2024-05-31T08:00:00,84.758224,-50.658448,nan
2024-05-31T12:00:00,84.758376,-50.649940,nan
2024-05-31T16:00:00,84.757504,-50.649344,nan
2024-05-31T20:00:00,84.754264,-50.654208,nan
2024-06-01T00:00:00,84.750792,-50.662104,nan
2024-06-01T04:00:00,84.747608,-50.673960,nan
2024-06-01T08:00:00,84.746560,-50.682020,nan
2024-06-01T12:00:00,84.744288,-50.701416,nan
2024-06-01T16:00:00,84.741216,-50.722276,nan
2024-06-01T20:00:00,84.740336,-50.725492,nan
2024-06-02T00:00:00,84.739648,-50.726252,nan
2024-06-02T04:00:00,84.739496,-50.727416,nan
2024-06-02T08:00:00,84.739352,-50.726960,nan
2024-06-02T12:00:00,84.738664,-50.713240,nan
2024-06-02T16:00:00,84.737632,-50.699432,nan
2024-06-02T20:00:00,84.736464,-50.677244,nan
2024-06-03T00:00:00,84.734256,-50.642656,nan
2024-06-03T04:00:00,84.730344,-50.600184,nan
2024-06-03T08:00:00,84.725312,-50.548636,nan
2024-06-03T12:00:00,84.718712,-50.471928,nan
2024-06-03T16:00:00,84.709472,-50.365516,nan
2024-06-03T20:00:00,84.700360,-50.254032,nan
2024-06-04T00:00:00,84.692992,-50.170412,nan
2024-06-04T04:00:00,84.692880,-50.129024,nan
2024-06-04T08:00:00,84.694024,-50.104560,nan
2024-06-04T12:00:00,84.694376,-50.095780,nan
2024-06-04T16:00:00,84.694600,-50.088100,nan
2024-06-04T20:00:00,84.694448,-50.083096,nan
2024-06-05T00:00:00,84.694632,-50.077456,nan
2024-06-05T04:00:00,84.694792,-50.073652,nan
2024-06-05T08:00:00,84.695016,-50.066236,nan
2024-06-05T12:00:00,84.695192,-50.056704,nan
2024-06-05T16:00:00,84.695016,-50.041168,nan
2024-06-05T20:00:00,84.694440,-50.033480,nan
2024-06-06T00:00:00,84.693168,-50.023168,nan
2024-06-06T04:00:00,84.691984,-50.013352,nan
2024-06-06T08:00:00,84.691664,-50.013904,nan
2024-06-06T12:00:00,84.690856,-50.020712,nan
2024-06-06T16:00:00,84.688800,-50.048200,nan
2024-06-06T20:00:00,84.686584,-50.083732,nan
2024-06-07T00:00:00,84.685640,-50.097896,nan
2024-06-07T04:00:00,84.683864,-50.130148,nan
2024-06-07T08:00:00,84.683272,-50.159052,nan
2024-06-07T12:00:00,84.681744,-50.208956,nan
2024-06-07T16:00:00,84.680048,-50.243408,nan
2024-06-07T20:00:00,84.677888,-50.285580,nan
2024-06-08T00:00:00,84.677784,-50.286204,nan
2024-06-08T04:00:00,84.677704,-50.286284,nan
2024-06-08T08:00:00,84.677776,-50.286332,nan
2024-06-08T12:00:00,84.677704,-50.286540,nan
2024-06-08T16:00:00,84.677656,-50.285616,nan
2024-06-08T20:00:00,84.677640,-50.285892,nan
2024-06-09T00:00:00,84.677640,-50.286312,nan
2024-06-09T04:00:00,84.677592,-50.286896,nan
2024-06-09T08:00:00,84.677592,-50.287868,nan
2024-06-09T12:00:00,84.677584,-50.289676,nan
2024-06-09T16:00:00,84.677288,-50.312072,nan
2024-06-09T20:00:00,84.679264,-50.431240,nan
2024-06-10T00:00:00,84.676704,-50.635084,nan
2024-06-10T04:00:00,84.668208,-50.796000,nan
2024-06-10T08:00:00,84.660336,-50.920372,nan
2024-06-10T12:00:00,84.651040,-51.091884,nan
2024-06-10T16:00:00,84.643272,-51.285912,nan
2024-06-10T20:00:00,84.636944,-51.433520,nan
2024-06-11T00:00:00,84.629312,-51.585128,nan
2024-06-11T04:00:00,84.620800,-51.679816,nan
2024-06-11T08:00:00,84.614600,-51.692224,nan
2024-06-11T12:00:00,84.608344,-51.705344,nan
2024-06-11T16:00:00,84.606520,-51.700332,nan
2024-06-11T20:00:00,84.606024,-51.696360,nan
2024-06-12T00:00:00,84.604856,-51.699856,nan
2024-06-12T04:00:00,84.603904,-51.704824,nan
2024-06-12T08:00:00,84.603960,-51.704212,nan
2024-06-12T16:00:00,84.603968,-51.706728,nan
2024-06-12T20:00:00,84.604040,-51.707028,nan
2024-06-13T00:00:00,84.604072,-51.708284,nan
2024-06-13T04:00:00,84.604016,-51.709380,nan
2024-06-13T08:00:00,84.604016,-51.707160,nan
2024-06-13T12:00:00,84.603960,-51.705336,nan
2024-06-13T16:00:00,84.603536,-51.697968,nan
2024-06-13T20:00:00,84.601960,-51.666340,nan
2024-06-14T00:00:00,84.601744,-51.654040,nan
2024-06-14T04:00:00,84.601400,-51.648840,nan
2024-06-14T08:00:00,84.600872,-51.619144,nan
2024-06-14T12:00:00,84.599800,-51.571680,nan
2024-06-14T16:00:00,84.598616,-51.517928,nan
2024-06-14T20:00:00,84.598736,-51.470556,nan
2024-06-15T00:00:00,84.599368,-51.432060,nan
2024-06-15T04:00:00,84.600344,-51.407212,nan
2024-06-15T08:00:00,84.602168,-51.376052,nan
2024-06-15T12:00:00,84.603920,-51.341536,nan
2024-06-15T16:00:00,84.606344,-51.301904,nan
2024-06-15T20:00:00,84.608304,-51.269604,nan
2024-06-16T00:00:00,84.609720,-51.252792,nan
2024-06-16T04:00:00,84.610144,-51.251608,nan
2024-06-16T08:00:00,84.610416,-51.261192,nan
2024-06-16T12:00:00,84.610096,-51.288628,nan
2024-06-16T16:00:00,84.610064,-51.336476,nan
2024-06-16T20:00:00,84.608880,-51.387488,nan
2024-06-17T00:00:00,84.607624,-51.449324,nan
2024-06-17T04:00:00,84.606552,-51.500024,nan
2024-06-17T08:00:00,84.604568,-51.560448,nan
2024-06-17T12:00:00,84.601936,-51.610056,nan
2024-06-17T16:00:00,84.597320,-51.690880,nan
2024-06-17T20:00:00,84.592400,-51.796624,nan
2024-06-18T00:00:00,84.585768,-51.897092,nan
2024-06-18T04:00:00,84.578864,-52.017116,nan
2024-06-18T08:00:00,84.573504,-52.147220,nan
2024-06-18T12:00:00,84.568256,-52.271624,nan
2024-06-18T16:00:00,84.564944,-52.408408,nan
2024-06-18T20:00:00,84.562784,-52.552988,nan
2024-06-19T00:00:00,84.560264,-52.673708,nan
2024-06-19T04:00:00,84.558872,-52.773800,nan
2024-06-19T08:00:00,84.558128,-52.848932,nan
2024-06-19T12:00:00,84.557496,-52.911684,nan
2024-06-19T16:00:00,84.557520,-52.982132,nan
2024-06-19T20:00:00,84.558624,-53.058320,nan
2024-06-20T00:00:00,84.557656,-53.134704,nan
2024-06-20T04:00:00,84.556696,-53.208388,nan
2024-06-20T08:00:00,84.556056,-53.277300,nan
2024-06-20T12:00:00,84.553576,-53.340888,nan
2024-06-20T16:00:00,84.550744,-53.397376,nan
2024-06-20T20:00:00,84.550448,-53.451812,nan
2024-06-21T00:00:00,84.547792,-53.488192,nan
2024-06-21T04:00:00,84.543560,-53.532312,nan
2024-06-21T08:00:00,84.540760,-53.592836,nan
2024-06-21T12:00:00,84.535680,-53.657604,nan
2024-06-21T16:00:00,84.529784,-53.759424,nan
2024-06-21T20:00:00,84.528248,-53.902068,nan
2024-06-22T00:00:00,84.525416,-54.025320,nan
2024-06-22T04:00:00,84.519296,-54.168848,nan
2024-06-22T08:00:00,84.516224,-54.317472,nan
2024-06-22T12:00:00,84.510768,-54.425548,nan
2024-06-22T16:00:00,84.502488,-54.537808,nan
2024-06-22T20:00:00,84.497728,-54.642892,nan
2024-06-23T00:00:00,84.490816,-54.726272,nan
2024-06-23T04:00:00,84.478800,-54.809600,nan
2024-06-23T08:00:00,84.469152,-54.895220,nan
2024-06-23T12:00:00,84.457328,-54.953604,nan
2024-06-23T16:00:00,84.441112,-55.008060,nan
2024-06-23T20:00:00,84.426048,-55.062036,nan
2024-06-24T00:00:00,84.412944,-55.106344,nan
2024-06-24T04:00:00,84.403520,-55.106820,nan
2024-06-24T08:00:00,84.399872,-55.041300,nan
2024-06-24T12:00:00,84.394552,-54.904496,nan
2024-06-24T16:00:00,84.381912,-54.776432,nan
2024-06-24T20:00:00,84.374744,-54.740120,nan
2024-06-25T00:00:00,84.373232,-54.735236,nan
2024-06-25T04:00:00,84.372464,-54.734260,nan
2024-06-25T08:00:00,84.372584,-54.729436,nan
2024-06-25T12:00:00,84.371056,-54.700524,nan
2024-06-25T16:00:00,84.367816,-54.637428,nan
2024-06-25T20:00:00,84.366576,-54.607140,nan
2024-06-26T00:00:00,84.366160,-54.609692,nan
2024-06-26T04:00:00,84.363136,-54.605612,nan
2024-06-26T08:00:00,84.360792,-54.586252,nan
2024-06-26T12:00:00,84.358264,-54.543412,nan
2024-06-26T16:00:00,84.351464,-54.389356,nan
2024-06-26T20:00:00,84.341952,-54.204504,nan
2024-06-27T00:00:00,84.338272,-54.151244,nan
2024-06-27T04:00:00,84.338112,-54.148412,nan
2024-06-27T08:00:00,84.338272,-54.144564,nan
2024-06-27T12:00:00,84.338352,-54.141576,nan
2024-06-27T16:00:00,84.338456,-54.139644,nan
2024-06-27T20:00:00,84.338416,-54.138772,nan
2024-06-28T00:00:00,84.338416,-54.138380,nan
2024-06-28T04:00:00,84.338352,-54.137908,nan
2024-06-28T08:00:00,84.338376,-54.137508,nan
2024-06-28T12:00:00,84.338344,-54.137568,nan
2024-06-28T16:00:00,84.338360,-54.137568,nan
2024-06-28T20:00:00,84.338360,-54.136840,nan
2024-06-29T00:00:00,84.338400,-54.136712,nan
2024-06-29T04:00:00,84.338352,-54.136404,nan
2024-06-29T08:00:00,84.338536,-54.134840,nan
2024-06-29T12:00:00,84.338328,-54.136516,nan
2024-06-29T16:00:00,84.338272,-54.137672,nan
2024-06-29T20:00:00,84.337848,-54.145216,nan
2024-06-30T00:00:00,84.337360,-54.162284,nan
2024-06-30T04:00:00,84.336896,-54.179392,nan
2024-06-30T08:00:00,84.336608,-54.194292,nan
2024-06-30T12:00:00,84.336392,-54.209532,nan
2024-06-30T16:00:00,84.336624,-54.221260,nan
2024-06-30T20:00:00,84.336456,-54.222912,nan
2024-07-01T00:00:00,84.337360,-54.229408,nan
2024-07-01T04:00:00,84.343784,-54.253972,nan
2024-07-01T08:00:00,84.347272,-54.302752,nan
2024-07-01T12:00:00,84.346704,-54.347528,nan
2024-07-01T16:00:00,84.347304,-54.441024,nan
2024-07-01T20:00:00,84.346912,-54.644912,nan
2024-07-02T00:00:00,84.348344,-54.900752,nan
2024-07-02T04:00:00,84.351656,-55.120552,nan
2024-07-02T08:00:00,84.356584,-55.268840,nan
2024-07-02T12:00:00,84.359104,-55.345124,nan
2024-07-02T16:00:00,84.361864,-55.388272,nan
2024-07-02T20:00:00,84.365848,-55.403436,nan
2024-07-03T00:00:00,84.368744,-55.413488,nan
2024-07-03T04:00:00,84.374032,-55.437976,nan
2024-07-03T08:00:00,84.379696,-55.436212,nan
2024-07-03T12:00:00,84.382920,-55.424508,nan
2024-07-03T16:00:00,84.387024,-55.421104,nan
2024-07-03T20:00:00,84.394304,-55.374680,nan
2024-07-04T00:00:00,84.396096,-55.342828,nan
2024-07-04T04:00:00,84.401016,-55.328704,nan
2024-07-04T08:00:00,84.408760,-55.259584,nan
2024-07-04T12:00:00,84.410496,-55.203572,nan
2024-07-04T16:00:00,84.410656,-55.206100,nan
2024-07-04T20:00:00,84.414224,-55.207952,nan
2024-07-05T00:00:00,84.418296,-55.215428,nan
2024-07-05T04:00:00,84.424640,-55.256700,nan
2024-07-05T08:00:00,84.434896,-55.249624,nan
2024-07-05T12:00:00,84.437032,-55.235664,nan
2024-07-05T16:00:00,84.437048,-55.251628,nan
2024-07-05T20:00:00,84.440192,-55.273756,nan
2024-07-06T00:00:00,84.442480,-55.294084,nan
2024-07-06T04:00:00,84.442112,-55.330480,nan
2024-07-06T08:00:00,84.444320,-55.376860,nan
2024-07-06T12:00:00,84.445120,-55.385896,nan
2024-07-06T16:00:00,84.439584,-55.423724,nan
2024-07-06T20:00:00,84.439280,-55.475664,nan
2024-07-07T00:00:00,84.438096,-55.494528,nan
2024-07-07T04:00:00,84.432888,-55.525828,nan
2024-07-07T08:00:00,84.434392,-55.542404,nan
2024-07-07T12:00:00,84.435624,-55.488184,nan
2024-07-07T16:00:00,84.430848,-55.467884,nan
2024-07-07T20:00:00,84.433896,-55.452416,nan
2024-07-08T00:00:00,84.435160,-55.417120,nan
2024-07-08T04:00:00,84.432512,-55.426828,nan
2024-07-08T08:00:00,84.434688,-55.444280,nan
2024-07-08T12:00:00,84.433656,-55.441904,nan
2024-07-08T16:00:00,84.427000,-55.455736,nan
2024-07-08T20:00:00,84.421696,-55.525200,nan
2024-07-09T00:00:00,84.418128,-55.581200,nan
2024-07-09T04:00:00,84.409696,-55.607072,nan
2024-07-09T08:00:00,84.403344,-55.643720,nan
2024-07-09T12:00:00,84.399000,-55.618144,nan
2024-07-09T16:00:00,84.387928,-55.593092,nan
2024-07-09T20:00:00,84.380960,-55.588576,nan
2024-07-10T00:00:00,84.379928,-55.514864,nan
2024-07-10T04:00:00,84.376192,-55.417816,nan
2024-07-10T08:00:00,84.377440,-55.339076,nan
2024-07-10T12:00:00,84.382784,-55.211752,nan
2024-07-10T16:00:00,84.385264,-55.092048,nan
2024-07-10T20:00:00,84.389040,-54.990332,nan
2024-07-11T00:00:00,84.396576,-54.888532,nan
2024-07-11T08:00:00,84.403936,-54.745632,nan
2024-07-11T12:00:00,84.408992,-54.640088,nan
2024-07-11T16:00:00,84.411832,-54.538872,nan
2024-07-11T20:00:00,84.414696,-54.437444,nan
2024-07-12T00:00:00,84.418456,-54.338316,nan
2024-07-12T04:00:00,84.419696,-54.251616,nan
2024-07-12T08:00:00,84.420568,-54.183936,nan
2024-07-12T12:00:00,84.423032,-54.118416,nan
2024-07-12T16:00:00,84.425584,-54.063564,nan
2024-07-12T20:00:00,84.426392,-54.023204,nan
2024-07-13T00:00:00,84.429664,-54.002564,nan
2024-07-13T04:00:00,84.435520,-54.016192,nan
2024-07-13T08:00:00,84.441832,-54.054892,nan
2024-07-13T12:00:00,84.446904,-54.132484,nan
2024-07-13T16:00:00,84.453320,-54.275872,nan
2024-07-13T20:00:00,84.462344,-54.437364,nan
2024-07-14T00:00:00,84.469704,-54.579824,nan
2024-07-14T12:00:00,84.477536,-54.979260,nan
2024-07-14T16:00:00,84.474568,-55.041380,nan
2024-07-14T20:00:00,84.471712,-55.073904,nan
2024-07-15T00:00:00,84.468920,-55.088188,nan
2024-07-15T04:00:00,84.466896,-55.094412,nan
2024-07-15T08:00:00,84.463792,-55.091904,nan
2024-07-15T12:00:00,84.459112,-55.054408,nan
2024-07-15T16:00:00,84.453504,-54.996788,nan
2024-07-15T20:00:00,84.447880,-54.917920,nan
2024-07-16T00:00:00,84.441744,-54.838728,nan
2024-07-16T04:00:00,84.437800,-54.791464,nan
2024-07-16T08:00:00,84.437408,-54.748320,nan
2024-07-16T12:00:00,84.434152,-54.717820,nan
2024-07-16T16:00:00,84.431936,-54.691872,nan
2024-07-16T20:00:00,84.428328,-54.646192,nan
2024-07-17T00:00:00,84.424944,-54.600224,nan
2024-07-17T04:00:00,84.425224,-54.586116,nan
2024-07-17T08:00:00,84.425984,-54.560416,nan
2024-07-17T12:00:00,84.426424,-54.533212,nan
2024-07-17T16:00:00,84.428784,-54.488636,nan
2024-07-17T20:00:00,84.431696,-54.430896,nan
2024-07-18T00:00:00,84.434360,-54.409432,nan
2024-07-18T04:00:00,84.440064,-54.365020,nan
2024-07-18T08:00:00,84.438784,-54.257224,nan
2024-07-18T12:00:00,84.432904,-54.168888,nan
2024-07-18T16:00:00,84.430472,-54.055372,nan
2024-07-18T20:00:00,84.428736,-53.963068,nan
2024-07-19T00:00:00,84.426560,-53.896292,nan
2024-07-19T04:00:00,84.424728,-53.827056,nan
2024-07-19T08:00:00,84.425136,-53.722228,nan
2024-07-19T12:00:00,84.424080,-53.619896,nan
2024-07-19T16:00:00,84.422720,-53.512572,nan
2024-07-19T20:00:00,84.422456,-53.400936,nan
2024-07-20T00:00:00,84.424368,-53.342872,nan
2024-07-20T04:00:00,84.426464,-53.320608,nan
2024-07-20T08:00:00,84.431024,-53.284624,nan
2024-07-20T12:00:00,84.437952,-53.228548,nan
2024-07-20T16:00:00,84.443672,-53.158060,nan
2024-07-20T20:00:00,84.450960,-53.086584,nan
2024-07-21T00:00:00,84.455416,-53.050348,nan
2024-07-21T04:00:00,84.453360,-52.974680,nan
2024-07-21T08:00:00,84.451992,-52.909788,nan
2024-07-21T12:00:00,84.452664,-52.808156,nan
2024-07-21T16:00:00,84.440648,-52.627556,nan
2024-07-21T20:00:00,84.431536,-52.579212,nan
2024-07-22T00:00:00,84.431408,-52.511940,nan
2024-07-22T04:00:00,84.427488,-52.416156,nan
2024-07-22T08:00:00,84.427800,-52.397672,nan
2024-07-22T12:00:00,84.429424,-52.365428,nan
2024-07-22T16:00:00,84.430352,-52.324356,nan
2024-07-22T20:00:00,84.431760,-52.299428,nan
2024-07-23T00:00:00,84.433984,-52.292872,nan
2024-07-23T04:00:00,84.434416,-52.308436,nan
2024-07-23T08:00:00,84.434360,-52.347740,nan
2024-07-23T12:00:00,84.433328,-52.388268,nan
2024-07-23T16:00:00,84.428216,-52.446848,nan
2024-07-23T20:00:00,84.423024,-52.523140,nan
2024-07-24T00:00:00,84.418560,-52.583032,nan
2024-07-24T04:00:00,84.409648,-52.629260,nan
2024-07-24T08:00:00,84.405048,-52.668212,nan
2024-07-24T12:00:00,84.403064,-52.653248,nan
2024-07-24T16:00:00,84.397912,-52.663444,nan
2024-07-24T20:00:00,84.394552,-52.697588,nan
2024-07-25T00:00:00,84.394360,-52.754464,nan
2024-07-25T04:00:00,84.392024,-52.814908,nan
2024-07-25T08:00:00,84.391256,-52.869636,nan
2024-07-25T12:00:00,84.392552,-52.897180,nan
2024-07-25T16:00:00,84.389920,-52.908968,nan
2024-07-25T20:00:00,84.387128,-52.925864,nan
2024-07-26T00:00:00,84.390496,-52.942440,nan
2024-07-26T04:00:00,84.389696,-52.959884,nan
2024-07-26T08:00:00,84.387824,-53.002080,nan
2024-07-26T12:00:00,84.388928,-53.026780,nan
2024-07-26T16:00:00,84.385872,-53.046368,nan
2024-07-26T20:00:00,84.383504,-53.080108,nan
2024-07-27T00:00:00,84.385968,-53.105408,nan
2024-07-27T04:00:00,84.385248,-53.142088,nan
2024-07-27T08:00:00,84.382744,-53.202064,nan
2024-07-27T12:00:00,84.384696,-53.237572,nan
2024-07-27T16:00:00,84.384656,-53.261148,nan
2024-07-27T20:00:00,84.384424,-53.294980,nan
2024-07-28T00:00:00,84.386680,-53.352300,nan
2024-07-28T04:00:00,84.390296,-53.455324,nan
2024-07-28T08:00:00,84.391464,-53.558912,nan
2024-07-28T12:00:00,84.393408,-53.603256,nan
2024-07-28T16:00:00,84.390128,-53.626952,nan
2024-07-28T20:00:00,84.385184,-53.668144,nan
2024-07-29T00:00:00,84.383456,-53.684080,nan
2024-07-29T04:00:00,84.377176,-53.696556,nan
2024-07-29T08:00:00,84.368272,-53.760516,nan
2024-07-29T12:00:00,84.359400,-53.785476,nan
2024-07-29T16:00:00,84.351736,-53.798256,nan
2024-07-29T20:00:00,84.349200,-53.778840,nan
2024-07-30T00:00:00,84.344504,-53.685088,nan
2024-07-30T04:00:00,84.344448,-53.647896,nan
2024-07-30T08:00:00,84.348240,-53.601920,nan
2024-07-30T12:00:00,84.348128,-53.543356,nan
2024-07-30T16:00:00,84.347688,-53.530536,nan
2024-07-30T20:00:00,84.351088,-53.557832,nan
2024-07-31T00:00:00,84.354384,-53.543508,nan
2024-07-31T04:00:00,84.352248,-53.548600,nan
2024-07-31T08:00:00,84.352856,-53.548032,nan
2024-07-31T12:00:00,84.356352,-53.373612,nan
2024-07-31T16:00:00,84.356104,-53.187472,nan
2024-07-31T20:00:00,84.358888,-53.041968,nan
2024-08-01T00:00:00,84.366720,-52.899668,nan
2024-08-01T04:00:00,84.376688,-52.585188,nan
2024-08-01T08:00:00,84.365560,-52.446808,nan
2024-08-01T12:00:00,84.368144,-52.450884,nan
2024-08-01T16:00:00,84.375576,-52.313312,nan
2024-08-01T20:00:00,84.367256,-52.186920,nan
2024-08-02T00:00:00,84.364776,-52.294420,nan
2024-08-02T04:00:00,84.378760,-52.261324,nan
2024-08-02T08:00:00,84.373176,-52.179832,nan
2024-08-02T12:00:00,84.370632,-52.260576,nan
2024-08-02T16:00:00,84.381664,-52.217572,nan
2024-08-02T20:00:00,84.373368,-52.192892,nan
2024-08-03T00:00:00,84.373368,-52.352832,nan
2024-08-03T04:00:00,84.383088,-52.318420,nan
2024-08-03T08:00:00,84.379408,-52.236372,nan
2024-08-03T12:00:00,84.383224,-52.223380,nan
2024-08-03T16:00:00,84.382984,-51.924644,nan
2024-08-03T20:00:00,84.368232,-51.786248,nan
2024-08-04T00:00:00,84.367128,-51.808308,nan
2024-08-04T04:00:00,84.366232,-51.709192,nan
2024-08-04T08:00:00,84.357144,-51.681924,nan
2024-08-04T12:00:00,84.358832,-51.712540,nan
2024-08-04T16:00:00,84.357720,-51.578468,nan
2024-08-04T20:00:00,84.342144,-51.508108,nan
2024-08-05T00:00:00,84.333920,-51.518228,nan
2024-08-05T04:00:00,84.328824,-51.407532,nan
2024-08-05T08:00:00,84.326208,-51.331052,nan
2024-08-05T12:00:00,84.332848,-51.233192,nan
2024-08-05T16:00:00,84.334704,-51.116224,nan
2024-08-05T20:00:00,84.334720,-51.069052,nan
2024-08-06T00:00:00,84.339624,-51.038328,nan
2024-08-06T04:00:00,84.341608,-50.988148,nan
2024-08-06T08:00:00,84.339984,-50.898592,nan
2024-08-06T12:00:00,84.332272,-50.814848,nan
2024-08-06T16:00:00,84.326616,-50.743008,nan
2024-08-06T20:00:00,84.326312,-50.663788,nan
2024-08-07T00:00:00,84.329440,-50.628100,nan
2024-08-07T04:00:00,84.339048,-50.636512,nan
2024-08-07T08:00:00,84.347936,-50.486344,nan
2024-08-07T12:00:00,84.334536,-50.349224,nan
2024-08-07T16:00:00,84.318448,-50.343768,nan
2024-08-07T20:00:00,84.315552,-50.255344,nan
2024-08-08T00:00:00,84.312552,-50.089540,nan
2024-08-08T04:00:00,84.310728,-50.034064,nan
2024-08-08T08:00:00,84.314728,-49.917500,nan
2024-08-08T12:00:00,84.313320,-49.801824,nan
2024-08-08T16:00:00,84.311904,-49.744276,nan
2024-08-08T20:00:00,84.313440,-49.692832,nan
2024-08-09T00:00:00,84.313488,-49.665980,nan
2024-08-09T04:00:00,84.312496,-49.658100,nan
2024-08-09T08:00:00,84.311112,-49.636432,nan
2024-08-09T12:00:00,84.311496,-49.605604,nan
2024-08-09T16:00:00,84.311216,-49.579148,nan
2024-08-09T20:00:00,84.311712,-49.556012,nan
2024-08-10T00:00:00,84.310800,-49.550492,nan
2024-08-10T04:00:00,84.306704,-49.568524,nan
2024-08-10T08:00:00,84.303512,-49.569888,nan
2024-08-10T12:00:00,84.302312,-49.583040,nan
2024-08-10T16:00:00,84.298656,-49.639700,nan
2024-08-10T20:00:00,84.295832,-49.757056,nan
2024-08-11T00:00:00,84.299816,-49.925592,nan
2024-08-11T04:00:00,84.305648,-50.129384,nan
2024-08-11T08:00:00,84.307640,-50.311724,nan
2024-08-11T12:00:00,84.310456,-50.500136,nan
2024-08-11T16:00:00,84.313224,-50.611464,nan
2024-08-11T20:00:00,84.315072,-50.696668,nan
2024-08-12T00:00:00,84.317968,-50.776968,nan
2024-08-12T04:00:00,84.317784,-50.822676,nan
2024-08-12T08:00:00,84.312688,-50.853204,nan
2024-08-12T12:00:00,84.311840,-50.827152,nan
2024-08-12T16:00:00,84.311152,-50.741596,nan
2024-08-12T20:00:00,84.314200,-50.746584,nan
2024-08-13T00:00:00,84.320904,-50.743200,nan
2024-08-13T04:00:00,84.327888,-50.725448,nan
2024-08-13T08:00:00,84.336632,-50.736416,nan
2024-08-13T12:00:00,84.343880,-50.745360,nan
2024-08-13T16:00:00,84.349520,-50.660356,nan
2024-08-13T20:00:00,84.349400,-50.507460,nan
2024-08-14T00:00:00,84.344720,-50.403156,nan
2024-08-14T04:00:00,84.343624,-50.318444,nan
2024-08-14T08:00:00,84.345600,-50.213956,nan
2024-08-14T12:00:00,84.343456,-50.075388,nan
2024-08-14T16:00:00,84.338824,-49.967096,nan
2024-08-14T20:00:00,84.336544,-49.838528,nan
2024-08-15T00:00:00,84.333272,-49.733768,nan
2024-08-15T04:00:00,84.333272,-49.644436,nan
2024-08-15T08:00:00,84.337408,-49.522276,nan
2024-08-15T12:00:00,84.336912,-49.398292,nan
2024-08-15T16:00:00,84.336208,-49.312092,nan
2024-08-15T20:00:00,84.336584,-49.191192,nan
2024-08-16T00:00:00,84.330888,-49.074760,nan
2024-08-16T04:00:00,84.330224,-48.995560,nan
2024-08-16T08:00:00,84.334000,-48.862744,nan
2024-08-16T12:00:00,84.329992,-48.732192,nan
2024-08-16T16:00:00,84.327336,-48.663816,nan
2024-08-16T20:00:00,84.329952,-48.592168,nan
2024-08-17T00:00:00,84.332920,-48.547892,nan
2024-08-17T04:00:00,84.341784,-48.462768,nan
2024-08-17T08:00:00,84.340160,-48.232268,nan
2024-08-17T12:00:00,84.318832,-48.138556,nan
2024-08-17T16:00:00,84.319328,-48.156696,nan
2024-08-17T20:00:00,84.323880,-47.943216,nan
2024-08-18T00:00:00,84.312664,-47.913084,nan
2024-08-18T04:00:00,84.325912,-47.956700,nan
2024-08-18T08:00:00,84.340480,-47.765584,nan
2024-08-18T12:00:00,84.340408,-47.731116,nan
2024-08-18T16:00:00,84.355248,-47.784900,nan
2024-08-18T20:00:00,84.367600,-47.651684,nan
2024-08-19T00:00:00,84.375064,-47.594584,nan
2024-08-19T04:00:00,84.382704,-47.439428,nan
2024-08-19T08:00:00,84.369976,-47.262012,nan
2024-08-19T12:00:00,84.362984,-47.220488,nan
2024-08-19T16:00:00,84.359840,-47.131856,nan
2024-08-19T20:00:00,84.348232,-47.065040,nan
2024-08-20T00:00:00,84.341504,-47.058356,nan
2024-08-20T04:00:00,84.337120,-47.029648,nan
2024-08-20T08:00:00,84.331016,-46.960264,nan
2024-08-20T12:00:00,84.328656,-46.933340,nan
2024-08-20T16:00:00,84.325760,-46.910804,nan
2024-08-20T20:00:00,84.322088,-46.888380,nan
2024-08-21T00:00:00,84.324160,-46.927600,nan
2024-08-21T04:00:00,84.329728,-46.940312,nan
2024-08-21T08:00:00,84.336040,-46.902032,nan
2024-08-21T12:00:00,84.343080,-46.855016,nan
2024-08-21T16:00:00,84.349904,-46.835456,nan
2024-08-21T20:00:00,84.361848,-46.796736,nan
2024-08-22T00:00:00,84.372944,-46.431308,nan
2024-08-22T04:00:00,84.344864,-46.149944,nan
2024-08-22T08:00:00,84.334384,-46.214540,nan
2024-08-22T12:00:00,84.346504,-46.074928,nan
2024-08-22T16:00:00,84.332392,-45.945844,nan
2024-08-22T20:00:00,84.334104,-46.088892,nan
2024-08-23T00:00:00,84.351464,-45.928612,nan
2024-08-23T04:00:00,84.336192,-45.753168,nan
2024-08-23T08:00:00,84.327784,-45.867920,nan
2024-08-23T12:00:00,84.332184,-45.778560,nan
2024-08-23T16:00:00,84.317688,-45.704280,nan
2024-08-23T20:00:00,84.311416,-45.782852,nan
2024-08-24T00:00:00,84.318744,-45.720340,nan
2024-08-24T04:00:00,84.310096,-45.640916,nan
2024-08-24T08:00:00,84.307528,-45.702992,nan
2024-08-24T12:00:00,84.315456,-45.678464,nan
2024-08-24T16:00:00,84.311888,-45.644436,nan
2024-08-24T20:00:00,84.310648,-45.787600,nan
2024-08-25T00:00:00,84.323352,-45.825876,nan
2024-08-25T04:00:00,84.325448,-45.792376,nan
2024-08-25T08:00:00,84.331216,-45.876552,nan
2024-08-25T12:00:00,84.344848,-45.824280,nan
2024-08-25T16:00:00,84.343688,-45.744628,nan
2024-08-25T20:00:00,84.345648,-45.793296,nan
2024-08-26T00:00:00,84.353968,-45.704832,nan
2024-08-26T04:00:00,84.354880,-45.609080,nan
2024-08-26T08:00:00,84.356256,-45.583324,nan
2024-08-26T12:00:00,84.356368,-45.393952,nan
2024-08-26T16:00:00,84.342344,-45.268796,nan
2024-08-26T20:00:00,84.339760,-45.313464,nan
2024-08-27T00:00:00,84.345688,-45.242788,nan
2024-08-27T04:00:00,84.340768,-45.149300,nan
2024-08-27T08:00:00,84.341776,-45.197112,nan
2024-08-27T12:00:00,84.350248,-45.138556,nan
2024-08-27T16:00:00,84.348296,-44.995496,nan
2024-08-27T20:00:00,84.340512,-44.782560,nan
2024-08-28T00:00:00,84.328880,-44.601796,nan
2024-08-28T04:00:00,84.318616,-44.408164,nan
2024-08-28T08:00:00,84.309064,-44.257256,nan
2024-08-28T12:00:00,84.303440,-44.116208,nan
2024-08-28T16:00:00,84.297048,-43.997552,nan
2024-08-28T20:00:00,84.294568,-43.985972,nan
2024-08-29T00:00:00,84.295144,-43.941456,nan
2024-08-29T04:00:00,84.290664,-43.893892,nan
2024-08-29T08:00:00,84.288792,-43.905068,nan
2024-08-29T12:00:00,84.286808,-43.878296,nan
2024-08-29T16:00:00,84.281888,-43.852400,nan
2024-08-29T20:00:00,84.278448,-43.845812,nan
2024-08-30T00:00:00,84.275152,-43.802180,nan
2024-08-30T04:00:00,84.271976,-43.743104,nan
2024-08-30T08:00:00,84.271552,-43.700780,nan
2024-08-30T12:00:00,84.271608,-43.648908,nan
2024-08-30T16:00:00,84.270400,-43.623480,nan
2024-08-30T20:00:00,84.271704,-43.649204,nan
2024-08-31T00:00:00,84.277160,-43.663248,nan
2024-08-31T04:00:00,84.281128,-43.658340,nan
2024-08-31T08:00:00,84.285568,-43.677272,nan
2024-08-31T12:00:00,84.290856,-43.674628,nan
2024-08-31T16:00:00,84.288568,-43.644220,nan
2024-08-31T20:00:00,84.291384,-43.634528,nan
2024-09-01T00:00:00,84.306448,-43.314436,nan
2024-09-01T04:00:00,84.291536,-42.914280,nan
2024-09-01T08:00:00,84.281232,-42.890656,nan
2024-09-01T12:00:00,84.294456,-42.836228,nan
2024-09-01T16:00:00,84.292992,-42.708624,nan
2024-09-01T20:00:00,84.290432,-42.818908,nan
2024-09-02T00:00:00,84.303112,-42.862656,nan
2024-09-02T04:00:00,84.300160,-42.745964,nan
2024-09-02T08:00:00,84.299056,-42.758552,nan
2024-09-02T12:00:00,84.321896,-42.563328,nan
2024-09-02T16:00:00,84.323536,-42.137492,nan
2024-09-02T20:00:00,84.317936,-41.918064,nan
2024-09-03T00:00:00,84.328640,-41.854232,nan
2024-09-03T04:00:00,84.335008,-41.713576,nan
2024-09-03T08:00:00,84.338264,-41.638792,nan
2024-09-03T12:00:00,84.349680,-41.588188,nan
2024-09-03T16:00:00,84.353088,-41.457584,nan
2024-09-03T20:00:00,84.354248,-41.425040,nan
2024-09-04T00:00:00,84.360336,-41.376844,nan
2024-09-04T04:00:00,84.359056,-41.288668,nan
2024-09-04T08:00:00,84.359216,-41.264416,nan
2024-09-04T12:00:00,84.362256,-41.209628,nan
2024-09-04T16:00:00,84.359800,-41.155076,nan
2024-09-04T20:00:00,84.358976,-41.145008,nan
2024-09-05T00:00:00,84.360352,-41.091792,nan
2024-09-05T04:00:00,84.357648,-41.040056,nan
2024-09-05T08:00:00,84.358064,-41.005064,nan
2024-09-05T12:00:00,84.363136,-40.895004,nan
2024-09-05T16:00:00,84.365160,-40.776680,nan
2024-09-05T20:00:00,84.366960,-40.647372,nan
2024-09-06T00:00:00,84.365928,-40.496700,nan
2024-09-06T04:00:00,84.360528,-40.363432,nan
2024-09-06T08:00:00,84.356768,-40.261288,nan
2024-09-06T12:00:00,84.357112,-40.064200,nan
2024-09-06T16:00:00,84.352768,-39.845024,nan
2024-09-06T20:00:00,84.347592,-39.661060,nan
2024-09-07T00:00:00,84.342600,-39.454664,nan
2024-09-07T04:00:00,84.339544,-39.247324,nan
2024-09-07T08:00:00,84.336744,-39.059088,nan
2024-09-07T12:00:00,84.338840,-38.853468,nan
2024-09-07T16:00:00,84.343416,-38.625924,nan
2024-09-07T20:00:00,84.349400,-38.304788,nan
2024-09-08T00:00:00,84.352568,-37.867624,nan
2024-09-08T04:00:00,84.345904,-37.469416,nan
2024-09-08T08:00:00,84.340368,-37.194256,nan
2024-09-08T12:00:00,84.339392,-36.991476,nan
2024-09-08T16:00:00,84.338840,-36.825224,nan
2024-09-08T20:00:00,84.336688,-36.572956,nan
2024-09-09T00:00:00,84.328328,-36.180844,nan
2024-09-09T04:00:00,84.312712,-35.860996,nan
2024-09-09T08:00:00,84.307248,-35.744412,nan
2024-09-09T12:00:00,84.305312,-35.661220,nan
2024-09-09T16:00:00,84.305152,-35.657856,nan
2024-09-09T20:00:00,84.304680,-35.641072,nan
2024-09-10T00:00:00,84.302616,-35.583784,nan
2024-09-10T04:00:00,84.302672,-35.583412,nan
2024-09-10T08:00:00,84.302760,-35.581952,nan
2024-09-10T12:00:00,84.303624,-35.574320,nan
2024-09-10T16:00:00,84.303320,-35.577356,nan
2024-09-10T20:00:00,84.303192,-35.582876,nan
2024-09-11T00:00:00,84.303824,-35.576012,nan
2024-09-11T04:00:00,84.303776,-35.582364,nan
2024-09-11T08:00:00,84.305592,-35.613460,nan
2024-09-11T12:00:00,84.310072,-35.648900,nan
2024-09-11T16:00:00,84.312056,-35.689516,nan
2024-09-11T20:00:00,84.315632,-35.736620,nan
2024-09-12T00:00:00,84.319264,-35.686008,nan
2024-09-12T04:00:00,84.317320,-35.637244,nan
2024-09-12T08:00:00,84.324496,-35.650664,nan
2024-09-12T12:00:00,84.332848,-35.627660,nan
2024-09-12T16:00:00,84.335848,-35.649832,nan
2024-09-12T20:00:00,84.343640,-35.701972,nan
2024-09-13T00:00:00,84.351512,-35.712784,nan
2024-09-13T04:00:00,84.357760,-35.746832,nan
2024-09-13T08:00:00,84.371592,-35.828668,nan
2024-09-13T12:00:00,84.390112,-35.958532,nan
2024-09-13T16:00:00,84.401344,-36.121392,nan
2024-09-13T20:00:00,84.408616,-36.312436,nan
2024-09-14T00:00:00,84.414160,-36.431756,nan
2024-09-14T04:00:00,84.411760,-36.529144,nan
2024-09-14T08:00:00,84.408672,-36.615260,nan
2024-09-14T12:00:00,84.406544,-36.657548,nan
2024-09-14T16:00:00,84.402208,-36.691900,nan
2024-09-14T20:00:00,84.400792,-36.701128,nan
2024-09-15T00:00:00,84.397632,-36.666724,nan
2024-09-15T04:00:00,84.386600,-36.536240,nan
2024-09-15T12:00:00,84.374104,-36.363952,nan
2024-09-15T16:00:00,84.371744,-36.282720,nan
2024-09-15T20:00:00,84.369008,-36.240928,nan
2024-09-16T00:00:00,84.367240,-36.221380,nan
2024-09-16T04:00:00,84.364632,-36.215232,nan
2024-09-16T08:00:00,84.364192,-36.195132,nan
2024-09-16T12:00:00,84.364208,-36.153376,nan
2024-09-16T16:00:00,84.363352,-36.154304,nan
2024-09-16T20:00:00,84.363008,-36.149956,nan
2024-09-17T00:00:00,84.360144,-36.136768,nan
2024-09-17T04:00:00,84.356088,-36.123800,nan
2024-09-17T08:00:00,84.355816,-36.082656,nan
2024-09-17T12:00:00,84.360424,-36.053072,nan
2024-09-17T16:00:00,84.362640,-36.021192,nan
2024-09-17T20:00:00,84.363144,-35.981828,nan
2024-09-18T00:00:00,84.362032,-35.931148,nan
2024-09-18T04:00:00,84.357360,-35.897848,nan
2024-09-18T08:00:00,84.355760,-35.848436,nan
2024-09-18T12:00:00,84.355856,-35.789396,nan
2024-09-18T16:00:00,84.353448,-35.781964,nan
2024-09-18T20:00:00,84.351032,-35.774244,nan
2024-09-19T00:00:00,84.348280,-35.752556,nan
2024-09-19T04:00:00,84.345968,-35.752240,nan
2024-09-19T08:00:00,84.345560,-35.729700,nan
2024-09-19T12:00:00,84.344216,-35.677044,nan
2024-09-19T16:00:00,84.343304,-35.672504,nan
2024-09-19T20:00:00,84.343168,-35.671228,nan
2024-09-20T00:00:00,84.343288,-35.667916,nan
2024-09-20T04:00:00,84.342728,-35.677072,nan
2024-09-20T08:00:00,84.342392,-35.681352,nan
2024-09-20T12:00:00,84.342992,-35.667448,nan
2024-09-20T16:00:00,84.342616,-35.673264,nan
2024-09-20T20:00:00,84.342776,-35.690492,nan
2024-09-21T00:00:00,84.344224,-35.697544,nan
2024-09-21T04:00:00,84.344240,-35.709000,nan
2024-09-21T08:00:00,84.344072,-35.717708,nan
2024-09-21T12:00:00,84.345024,-35.690996,nan
2024-09-21T16:00:00,84.345496,-35.679008,nan
2024-09-21T20:00:00,84.345368,-35.686084,nan
2024-09-22T00:00:00,84.346592,-35.664072,nan
2024-09-22T04:00:00,84.348736,-35.636456,nan
2024-09-22T08:00:00,84.350168,-35.617396,nan
2024-09-22T12:00:00,84.352824,-35.581552,nan
2024-09-22T16:00:00,84.352880,-35.540400,nan
2024-09-22T20:00:00,84.351144,-35.545656,nan
2024-09-23T00:00:00,84.351392,-35.526268,nan
2024-09-23T04:00:00,84.352592,-35.508816,nan
2024-09-23T08:00:00,84.352616,-35.504996,nan
2024-09-23T12:00:00,84.353496,-35.465456,nan
2024-09-23T16:00:00,84.349528,-35.328140,nan
2024-09-23T20:00:00,84.338992,-35.051816,nan
2024-09-24T00:00:00,84.331304,-34.801500,nan
2024-09-24T04:00:00,84.331440,-34.712120,nan
2024-09-24T08:00:00,84.332120,-34.694932,nan
2024-09-24T12:00:00,84.331856,-34.698808,nan
2024-09-24T16:00:00,84.330144,-34.732708,nan
2024-09-24T20:00:00,84.328368,-34.820396,nan
2024-09-25T00:00:00,84.328104,-34.893320,nan
2024-09-25T04:00:00,84.322496,-34.924720,nan
2024-09-25T08:00:00,84.316584,-35.045536,nan
2024-09-25T12:00:00,84.312728,-35.139284,nan
2024-09-25T16:00:00,84.303536,-35.153800,nan
2024-09-25T20:00:00,84.293936,-35.175188,nan
2024-09-26T00:00:00,84.292856,-35.182484,nan
2024-09-26T04:00:00,84.288520,-35.171108,nan
2024-09-26T08:00:00,84.285648,-35.197028,nan
2024-09-26T12:00:00,84.282768,-35.265484,nan
2024-09-26T16:00:00,84.279024,-35.332052,nan
2024-09-26T20:00:00,84.274408,-35.413660,nan
2024-09-27T00:00:00,84.270672,-35.516852,nan
2024-09-27T04:00:00,84.265680,-35.595808,nan
2024-09-27T08:00:00,84.260640,-35.676488,nan
2024-09-27T12:00:00,84.257352,-35.752200,nan
2024-09-27T16:00:00,84.252992,-35.815976,nan
2024-09-27T20:00:00,84.246776,-35.878308,nan
2024-09-28T00:00:00,84.242328,-35.957872,nan
2024-09-28T04:00:00,84.237504,-36.021792,nan
2024-09-28T08:00:00,84.234072,-36.043252,nan
2024-09-28T12:00:00,84.231880,-36.093988,nan
2024-09-28T16:00:00,84.229136,-36.143368,nan
2024-09-28T20:00:00,84.223576,-36.226700,nan
2024-09-29T00:00:00,84.219056,-36.323496,nan
2024-09-29T04:00:00,84.213560,-36.421468,nan
2024-09-29T08:00:00,84.210168,-36.515212,nan
2024-09-29T12:00:00,84.208224,-36.600900,nan
2024-09-29T16:00:00,84.204848,-36.701244,nan
2024-09-29T20:00:00,84.199456,-36.841408,nan
2024-09-30T00:00:00,84.195488,-36.993996,nan
2024-09-30T04:00:00,84.191056,-37.152140,nan
2024-09-30T08:00:00,84.186560,-37.265532,nan
2024-09-30T12:00:00,84.181592,-37.401228,nan
2024-09-30T16:00:00,84.175632,-37.568972,nan
2024-09-30T20:00:00,84.167488,-37.708436,nan
2024-10-01T00:00:00,84.161320,-37.870964,nan
2024-10-01T04:00:00,84.157296,-38.026808,nan
2024-10-01T08:00:00,84.157528,-38.112572,nan
2024-10-01T12:00:00,84.157736,-38.169212,nan
2024-10-01T16:00:00,84.155448,-38.221468,nan
2024-10-01T20:00:00,84.151200,-38.248176,nan
2024-10-02T00:00:00,84.147648,-38.268732,nan
2024-10-02T04:00:00,84.143064,-38.286112,nan
2024-10-02T08:00:00,84.138384,-38.273456,nan
2024-10-02T12:00:00,84.134144,-38.251808,nan
2024-10-02T16:00:00,84.129072,-38.209128,nan
2024-10-02T20:00:00,84.124528,-38.100548,nan
2024-10-03T00:00:00,84.117568,-37.943708,nan
2024-10-03T04:00:00,84.112936,-37.826232,nan
2024-10-03T08:00:00,84.112744,-37.707028,nan
2024-10-03T12:00:00,84.114264,-37.650920,nan
2024-10-03T16:00:00,84.113184,-37.662124,nan
2024-10-03T20:00:00,84.112056,-37.677460,nan
2024-10-04T00:00:00,84.110400,-37.700416,nan
2024-10-04T04:00:00,84.109048,-37.717328,nan
2024-10-04T08:00:00,84.108776,-37.711252,nan
2024-10-04T12:00:00,84.108664,-37.685596,nan
2024-10-04T16:00:00,84.108704,-37.682860,nan
2024-10-04T20:00:00,84.108704,-37.683052,nan
2024-10-05T04:00:00,84.108320,-37.695448,nan
2024-10-05T08:00:00,84.107536,-37.707304,nan
2024-10-05T12:00:00,84.106912,-37.721796,nan
2024-10-05T16:00:00,84.106072,-37.733128,nan
2024-10-05T20:00:00,84.105608,-37.740776,nan
2024-10-06T00:00:00,84.105152,-37.753204,nan
2024-10-06T04:00:00,84.102728,-37.816976,nan
2024-10-06T08:00:00,84.101640,-37.922156,nan
2024-10-06T12:00:00,84.104688,-38.055092,nan
2024-10-06T16:00:00,84.109024,-38.230064,nan
2024-10-06T20:00:00,84.110856,-38.377148,nan
2024-10-07T00:00:00,84.114608,-38.506628,nan
2024-10-07T04:00:00,84.119184,-38.555732,nan
2024-10-07T08:00:00,84.120808,-38.546716,nan
2024-10-07T12:00:00,84.121600,-38.533364,nan
2024-10-07T16:00:00,84.121512,-38.509244,nan
2024-10-07T20:00:00,84.117760,-38.463440,nan
2024-10-08T00:00:00,84.120280,-38.403784,nan
2024-10-08T04:00:00,84.123768,-38.281416,nan
2024-10-08T08:00:00,84.120720,-38.176900,nan
2024-10-08T12:00:00,84.120720,-38.151144,nan
2024-10-08T16:00:00,84.119896,-38.120020,nan
2024-10-08T20:00:00,84.114072,-38.147560,nan
2024-10-09T00:00:00,84.113056,-38.218576,nan
2024-10-09T04:00:00,84.113016,-38.213480,nan
2024-10-09T08:00:00,84.113088,-38.182876,nan
2024-10-09T12:00:00,84.114656,-38.115388,nan
2024-10-09T16:00:00,84.113616,-37.943384,nan
2024-10-09T20:00:00,84.111960,-37.764688,nan
2024-10-10T00:00:00,84.115664,-37.713436,nan
2024-10-10T04:00:00,84.117800,-37.699156,nan
2024-10-10T08:00:00,84.117264,-37.701320,nan
2024-10-10T12:00:00,84.117328,-37.700024,nan
2024-10-10T16:00:00,84.115864,-37.709220,nan
2024-10-10T20:00:00,84.112880,-37.737172,nan
2024-10-11T00:00:00,84.111656,-37.759716,nan
2024-10-11T04:00:00,84.111144,-37.763388,nan
2024-10-11T08:00:00,84.110800,-37.761680,nan
2024-10-11T12:00:00,84.110072,-37.770568,nan
2024-10-11T16:00:00,84.108680,-37.794080,nan
2024-10-11T20:00:00,84.106176,-37.845984,nan
2024-10-12T00:00:00,84.104944,-37.931728,nan
2024-10-12T04:00:00,84.104344,-38.026836,nan
2024-10-12T08:00:00,84.102600,-38.072144,nan
2024-10-12T12:00:00,84.101600,-38.158636,nan
2024-10-12T16:00:00,84.099920,-38.272764,nan
2024-10-12T20:00:00,84.094808,-38.381100,nan
2024-10-13T00:00:00,84.088832,-38.505008,nan
2024-10-13T04:00:00,84.085960,-38.641516,nan
2024-10-13T08:00:00,84.087168,-38.759804,nan
2024-10-13T12:00:00,84.086960,-38.890884,nan
2024-10-13T16:00:00,84.088360,-39.051880,nan
2024-10-13T20:00:00,84.086872,-39.238856,nan
2024-10-14T00:00:00,84.083488,-39.453656,nan
2024-10-14T04:00:00,84.082424,-39.642084,nan
2024-10-14T08:00:00,84.084056,-39.760020,nan
2024-10-14T12:00:00,84.083528,-39.925668,nan
2024-10-14T16:00:00,84.083312,-40.071612,nan
2024-10-14T20:00:00,84.082512,-40.235644,nan
2024-10-15T00:00:00,84.085656,-40.406868,nan
2024-10-15T04:00:00,84.088920,-40.537936,nan
2024-10-15T08:00:00,84.088080,-40.604592,nan
2024-10-15T12:00:00,84.087568,-40.692700,nan
2024-10-15T16:00:00,84.085944,-40.748452,nan
2024-10-15T20:00:00,84.081672,-40.746468,nan
2024-10-16T00:00:00,84.079904,-40.773436,nan
2024-10-16T08:00:00,84.081952,-40.752804,nan
2024-10-16T12:00:00,84.081352,-40.751056,nan
2024-10-16T16:00:00,84.079560,-40.796568,nan
2024-10-16T20:00:00,84.077056,-40.806284,nan
2024-10-17T00:00:00,84.075872,-40.846216,nan
2024-10-17T04:00:00,84.077688,-40.926732,nan
2024-10-17T08:00:00,84.080928,-40.957764,nan
2024-10-17T12:00:00,84.080960,-41.020496,nan
2024-10-17T16:00:00,84.079712,-41.136120,nan
2024-10-17T20:00:00,84.078376,-41.180092,nan
2024-10-18T00:00:00,84.076616,-41.196196,nan
2024-10-18T04:00:00,84.077032,-41.268716,nan
2024-10-18T08:00:00,84.076664,-41.268756,nan
2024-10-18T12:00:00,84.073048,-41.271424,nan
2024-10-18T16:00:00,84.069784,-41.358416,nan
2024-10-19T00:00:00,84.066112,-41.302220,nan
2024-10-19T04:00:00,84.063832,-41.243644,nan
2024-10-19T08:00:00,84.061856,-41.160496,nan
2024-10-19T12:00:00,84.056880,-41.133908,nan
2024-10-19T16:00:00,84.051704,-41.209816,nan
2024-10-19T20:00:00,84.047304,-41.378696,nan
2024-10-20T00:00:00,84.048128,-41.586424,nan
2024-10-20T04:00:00,84.053536,-41.809180,nan
2024-10-20T08:00:00,84.058136,-41.956248,nan
2024-10-20T12:00:00,84.056152,-42.110272,nan
2024-10-20T16:00:00,84.059608,-42.387392,nan
2024-10-20T20:00:00,84.067768,-42.604468,nan
2024-10-21T00:00:00,84.067800,-42.669220,nan
2024-10-21T04:00:00,84.059224,-42.690672,nan
2024-10-21T08:00:00,84.051272,-42.604620,nan
2024-10-21T12:00:00,84.041616,-42.401180,nan
2024-10-21T16:00:00,84.036456,-42.191688,nan
2024-10-21T20:00:00,84.033928,-41.961292,nan
2024-10-22T00:00:00,84.035512,-41.445212,nan
2024-10-22T04:00:00,84.042880,-41.118932,nan
2024-10-22T08:00:00,84.051920,-40.638056,nan
2024-10-22T12:00:00,84.049312,-40.235880,nan
2024-10-22T16:00:00,84.043464,-39.913848,nan
2024-10-22T20:00:00,84.041440,-39.714876,nan
2024-10-23T00:00:00,84.043080,-39.560180,nan
2024-10-23T04:00:00,84.050312,-39.426836,nan
2024-10-23T08:00:00,84.055920,-39.283068,nan
2024-10-23T12:00:00,84.057696,-39.196400,nan
2024-10-23T16:00:00,84.056360,-39.164216,nan
2024-10-23T20:00:00,84.053864,-39.173968,nan
2024-10-24T00:00:00,84.053768,-39.174204,nan
2024-10-24T04:00:00,84.055376,-39.161084,nan
2024-10-24T08:00:00,84.057016,-39.150768,nan
2024-10-24T12:00:00,84.056512,-39.153228,nan
2024-10-24T16:00:00,84.054072,-39.174504,nan
2024-10-24T20:00:00,84.050976,-39.230380,nan
2024-10-25T00:00:00,84.049072,-39.332144,nan
2024-10-25T04:00:00,84.048960,-39.379124,nan
2024-10-25T08:00:00,84.049416,-39.407072,nan
2024-10-25T12:00:00,84.048352,-39.413240,nan
2024-10-25T16:00:00,84.045888,-39.401560,nan
2024-10-25T20:00:00,84.044416,-39.371620,nan
2024-10-26T00:00:00,84.045304,-39.294284,nan
2024-10-26T04:00:00,84.051920,-39.113716,nan
2024-10-26T08:00:00,84.058784,-38.911580,nan
2024-10-26T12:00:00,84.065136,-38.609284,nan
2024-10-26T16:00:00,84.069912,-38.319208,nan
2024-10-26T20:00:00,84.070536,-38.076912,nan
2024-10-27T00:00:00,84.074024,-37.852516,nan
2024-10-27T04:00:00,84.081384,-37.745944,nan
2024-10-27T08:00:00,84.089800,-37.440920,nan
2024-10-27T12:00:00,84.093944,-37.042456,nan
2024-10-27T16:00:00,84.095064,-36.732524,nan
2024-10-27T20:00:00,84.093024,-36.460424,nan
2024-10-28T00:00:00,84.092216,-36.357716,nan
2024-10-28T04:00:00,84.091720,-36.262212,nan
2024-10-28T08:00:00,84.091336,-36.198988,nan
2024-10-28T12:00:00,84.091480,-36.168172,nan
2024-10-28T16:00:00,84.091376,-36.137760,nan
2024-10-28T20:00:00,84.090656,-36.080376,nan
2024-10-29T00:00:00,84.091376,-36.051824,nan
2024-10-29T04:00:00,84.091744,-36.030040,nan
2024-10-29T08:00:00,84.093520,-35.995456,nan
2024-10-29T12:00:00,84.094848,-35.819024,nan
2024-10-29T16:00:00,84.089352,-35.498436,nan
2024-10-29T20:00:00,84.079288,-35.042372,nan
2024-10-30T00:00:00,84.070232,-34.609544,nan
2024-10-30T04:00:00,84.059536,-33.996588,nan
2024-10-30T08:00:00,84.055720,-33.420734,nan
2024-10-30T12:00:00,84.050608,-32.708724,nan
2024-10-30T16:00:00,84.040912,-31.957092,nan
2024-10-30T20:00:00,84.038336,-31.078246,nan
2024-10-31T00:00:00,84.025392,-30.002580,nan
2024-10-31T04:00:00,83.993368,-28.829064,nan
2024-10-31T08:00:00,83.935528,-27.853620,nan
2024-10-31T12:00:00,83.848248,-27.167576,nan
2024-10-31T16:00:00,83.788344,-26.718574,nan
2024-10-31T20:00:00,83.740640,-26.160070,nan
2024-11-01T00:00:00,83.692992,-25.565118,nan
2024-11-01T04:00:00,83.660160,-25.210466,nan
2024-11-01T08:00:00,83.624752,-24.838098,nan
2024-11-01T12:00:00,83.594752,-24.503034,nan
