datetime,lat,lon,elev
2024-04-29T16:00:00,84.047528,-55.821640,nan
2024-04-29T20:00:00,84.043816,-55.894624,nan
2024-04-30T00:00:00,84.048864,-55.961176,nan
2024-04-30T04:00:00,84.055024,-55.991052,nan
2024-04-30T08:00:00,84.059664,-56.004968,nan
2024-04-30T12:00:00,84.067952,-55.998992,nan
2024-04-30T16:00:00,84.069600,-55.993424,nan
2024-04-30T20:00:00,84.063424,-55.999548,nan
2024-05-01T00:00:00,84.055640,-56.036024,nan
2024-05-01T04:00:00,84.049248,-56.032588,nan
2024-05-01T08:00:00,84.042688,-56.000572,nan
2024-05-01T12:00:00,84.041584,-55.943724,nan
2024-05-01T16:00:00,84.043280,-55.872156,nan
2024-05-01T20:00:00,84.044424,-55.799268,nan
2024-05-02T00:00:00,84.043144,-55.776588,nan
2024-05-02T04:00:00,84.039952,-55.762148,nan
2024-05-02T08:00:00,84.035040,-55.743724,nan
2024-05-02T12:00:00,84.029888,-55.721368,nan
2024-05-02T16:00:00,84.025976,-55.710352,nan
2024-05-02T20:00:00,84.018880,-55.690356,nan
2024-05-03T00:00:00,84.013008,-55.678780,nan
2024-05-03T04:00:00,84.010848,-55.666036,nan
2024-05-03T08:00:00,84.010664,-55.664768,nan
2024-05-03T12:00:00,84.010656,-55.664508,nan
2024-05-03T16:00:00,84.010816,-55.662792,nan
2024-05-03T20:00:00,84.010936,-55.661908,nan
2024-05-04T00:00:00,84.010848,-55.661956,nan
2024-05-04T04:00:00,84.011024,-55.662364,nan
2024-05-04T08:00:00,84.011176,-55.661992,nan
2024-05-04T12:00:00,84.012264,-55.658368,nan
2024-05-04T16:00:00,84.015968,-55.641680,nan
2024-05-04T20:00:00,84.018352,-55.638324,nan
2024-05-05T00:00:00,84.016368,-55.637848,nan
2024-05-05T04:00:00,84.016264,-55.638712,nan
2024-05-05T08:00:00,84.017416,-55.639656,nan
2024-05-05T12:00:00,84.016440,-55.644328,nan
2024-05-05T16:00:00,84.018504,-55.644120,nan
2024-05-05T20:00:00,84.022520,-55.659052,nan
2024-05-06T00:00:00,84.019072,-55.716360,nan
2024-05-06T04:00:00,84.019800,-55.781556,nan
2024-05-06T08:00:00,84.022656,-55.826140,nan
2024-05-06T12:00:00,84.018360,-55.856716,nan
2024-05-06T16:00:00,84.014536,-55.861360,nan
2024-05-06T20:00:00,84.012760,-55.847576,nan
2024-05-07T00:00:00,84.007464,-55.816460,nan
2024-05-07T04:00:00,84.006488,-55.807024,nan
2024-05-07T08:00:00,84.007056,-55.792096,nan
2024-05-07T12:00:00,84.004504,-55.759076,nan
2024-05-07T16:00:00,84.002312,-55.733320,nan
2024-05-07T20:00:00,84.000840,-55.719992,nan
2024-05-08T00:00:00,83.994680,-55.690268,nan
2024-05-08T04:00:00,83.993096,-55.682200,nan
2024-05-08T08:00:00,83.993096,-55.681504,nan
2024-05-08T12:00:00,83.993040,-55.680724,nan
2024-05-08T16:00:00,83.993000,-55.679740,nan
2024-05-08T20:00:00,83.993056,-55.679328,nan
2024-05-09T00:00:00,83.993024,-55.678072,nan
2024-05-09T04:00:00,83.993064,-55.677928,nan
2024-05-09T08:00:00,83.993248,-55.677444,nan
2024-05-09T12:00:00,83.993168,-55.677616,nan
2024-05-09T16:00:00,83.993136,-55.677636,nan
2024-05-09T20:00:00,83.993160,-55.677948,nan
2024-05-10T00:00:00,83.993080,-55.678152,nan
2024-05-10T04:00:00,83.993120,-55.678424,nan
2024-05-10T08:00:00,83.993056,-55.678852,nan
2024-05-10T12:00:00,83.992968,-55.680008,nan
2024-05-10T16:00:00,83.992872,-55.680248,nan
2024-05-10T20:00:00,83.992832,-55.682040,nan
2024-05-11T00:00:00,83.991960,-55.692892,nan
2024-05-11T04:00:00,83.991920,-55.694056,nan
2024-05-11T08:00:00,83.991800,-55.701216,nan
2024-05-11T12:00:00,83.991272,-55.727796,nan
2024-05-11T16:00:00,83.989912,-55.738628,nan
2024-05-11T20:00:00,83.989816,-55.738992,nan
2024-05-12T00:00:00,83.989288,-55.742328,nan
2024-05-12T04:00:00,83.989016,-55.739872,nan
2024-05-12T08:00:00,83.988824,-55.735284,nan
2024-05-12T12:00:00,83.988600,-55.725096,nan
2024-05-12T16:00:00,83.987968,-55.712700,nan
2024-05-12T20:00:00,83.987992,-55.711204,nan
2024-05-13T00:00:00,83.987664,-55.710932,nan
2024-05-13T04:00:00,83.987688,-55.709292,nan
2024-05-13T08:00:00,83.987944,-55.706292,nan
2024-05-13T12:00:00,83.988352,-55.702200,nan
2024-05-13T16:00:00,83.989456,-55.675036,nan
2024-05-13T20:00:00,83.991040,-55.616208,nan
2024-05-14T00:00:00,83.992648,-55.575076,nan
2024-05-14T04:00:00,83.992872,-55.545660,nan
2024-05-14T08:00:00,83.994056,-55.480620,nan
2024-05-14T16:00:00,83.995928,-55.272796,nan
2024-05-14T20:00:00,83.995880,-55.112524,nan
2024-05-15T04:00:00,83.994760,-54.972948,nan
2024-05-15T08:00:00,83.994872,-54.972336,nan
2024-05-15T12:00:00,83.998520,-54.952008,nan
2024-05-15T16:00:00,84.002152,-54.825024,nan
2024-05-15T20:00:00,84.001888,-54.714924,nan
2024-05-16T00:00:00,83.999624,-54.633080,nan
2024-05-16T04:00:00,83.999280,-54.622984,nan
2024-05-16T08:00:00,83.999296,-54.622684,nan
2024-05-16T12:00:00,84.002352,-54.585432,nan
2024-05-16T16:00:00,84.007688,-54.498988,nan
2024-05-16T20:00:00,84.008032,-54.492064,nan
2024-05-17T00:00:00,84.006344,-54.391408,nan
2024-05-17T04:00:00,84.005000,-54.327900,nan
2024-05-17T08:00:00,84.004600,-54.319444,nan
2024-05-17T12:00:00,84.004576,-54.319108,nan
2024-05-17T16:00:00,84.004536,-54.318376,nan
2024-05-17T20:00:00,84.004440,-54.317892,nan
2024-05-18T00:00:00,84.003928,-54.301984,nan
2024-05-18T04:00:00,84.003600,-54.262472,nan
2024-05-18T08:00:00,84.003416,-54.260188,nan
2024-05-18T12:00:00,84.003456,-54.258656,nan
2024-05-18T16:00:00,84.003456,-54.257956,nan
2024-05-18T20:00:00,84.003264,-54.258036,nan
2024-05-19T00:00:00,84.000536,-54.247984,nan
2024-05-19T04:00:00,84.000432,-54.247364,nan
2024-05-19T08:00:00,84.000264,-54.247320,nan
2024-05-19T12:00:00,83.999848,-54.247828,nan
2024-05-19T16:00:00,83.999808,-54.247668,nan
2024-05-19T20:00:00,83.999792,-54.247548,nan
2024-05-20T00:00:00,83.999752,-54.247652,nan
2024-05-20T04:00:00,83.999776,-54.247928,nan
2024-05-20T08:00:00,83.999744,-54.247660,nan
2024-05-20T12:00:00,83.999744,-54.248000,nan
2024-05-20T16:00:00,83.999696,-54.247916,nan
2024-05-20T20:00:00,83.999584,-54.248308,nan
2024-05-21T00:00:00,83.997960,-54.251280,nan
2024-05-21T04:00:00,83.997448,-54.252368,nan
2024-05-21T08:00:00,83.997376,-54.252464,nan
2024-05-21T12:00:00,83.997376,-54.252368,nan
2024-05-21T16:00:00,83.997336,-54.252000,nan
2024-05-21T20:00:00,83.997376,-54.252412,nan
2024-05-22T00:00:00,83.997312,-54.251720,nan
2024-05-22T04:00:00,83.997376,-54.252068,nan
2024-05-22T08:00:00,83.997376,-54.252000,nan
2024-05-22T12:00:00,83.997376,-54.252100,nan
2024-05-22T16:00:00,83.997352,-54.252188,nan
2024-05-22T20:00:00,83.997336,-54.252580,nan
2024-05-23T00:00:00,83.997280,-54.252408,nan
2024-05-23T04:00:00,83.997296,-54.252768,nan
2024-05-23T08:00:00,83.997288,-54.252372,nan
2024-05-23T12:00:00,83.997312,-54.252596,nan
2024-05-23T16:00:00,83.997264,-54.252316,nan
2024-05-23T20:00:00,83.997224,-54.252544,nan
2024-05-24T00:00:00,83.997216,-54.252360,nan
2024-05-24T04:00:00,83.997256,-54.252352,nan
2024-05-24T08:00:00,83.997240,-54.252132,nan
2024-05-24T12:00:00,83.997280,-54.252220,nan
2024-05-24T16:00:00,83.997264,-54.251788,nan
2024-05-24T20:00:00,83.997240,-54.251808,nan
2024-05-25T00:00:00,83.997240,-54.251300,nan
2024-05-25T04:00:00,83.997312,-54.250676,nan
2024-05-25T08:00:00,83.997416,-54.248804,nan
2024-05-25T12:00:00,83.995424,-54.225220,nan
2024-05-25T16:00:00,83.991288,-54.181008,nan
2024-05-25T20:00:00,83.988544,-54.151836,nan
2024-05-26T00:00:00,83.986520,-54.129140,nan
2024-05-26T04:00:00,83.985096,-54.113612,nan
2024-05-26T08:00:00,83.985088,-54.113696,nan
2024-05-26T12:00:00,83.985072,-54.113648,nan
2024-05-26T16:00:00,83.985048,-54.113500,nan
2024-05-26T20:00:00,83.985032,-54.113508,nan
2024-05-27T00:00:00,83.985032,-54.113096,nan
2024-05-27T04:00:00,83.985752,-54.109272,nan
2024-05-27T08:00:00,83.986736,-54.105788,nan
2024-05-27T12:00:00,83.986880,-54.125552,nan
2024-05-27T16:00:00,83.984328,-54.169792,nan
2024-05-27T20:00:00,83.982376,-54.204652,nan
2024-05-28T00:00:00,83.978664,-54.235156,nan
2024-05-28T04:00:00,83.978032,-54.238000,nan
2024-05-28T08:00:00,83.977952,-54.237720,nan
2024-05-28T12:00:00,83.977896,-54.238056,nan
2024-05-28T20:00:00,83.977688,-54.238736,nan
2024-05-29T00:00:00,83.977552,-54.238608,nan
2024-05-29T04:00:00,83.977504,-54.239716,nan
2024-05-29T08:00:00,83.977232,-54.245532,nan
2024-05-29T12:00:00,83.973416,-54.301696,nan
2024-05-29T16:00:00,83.968296,-54.377484,nan
2024-05-29T20:00:00,83.965488,-54.419396,nan
2024-05-30T00:00:00,83.965400,-54.419872,nan
2024-05-30T04:00:00,83.965328,-54.420484,nan
2024-05-30T08:00:00,83.965328,-54.420144,nan
2024-05-30T12:00:00,83.965592,-54.415796,nan
2024-05-30T16:00:00,83.967712,-54.384280,nan
2024-05-30T20:00:00,83.971432,-54.316248,nan
2024-05-31T00:00:00,83.974224,-54.289964,nan
2024-05-31T04:00:00,83.973736,-54.296700,nan
2024-05-31T08:00:00,83.973688,-54.298136,nan
2024-05-31T12:00:00,83.974696,-54.293684,nan
2024-05-31T16:00:00,83.975968,-54.292708,nan
2024-05-31T20:00:00,83.972656,-54.301236,nan
2024-06-01T00:00:00,83.971584,-54.302332,nan
2024-06-01T04:00:00,83.969712,-54.309168,nan
2024-06-01T08:00:00,83.969072,-54.312720,nan
2024-06-01T12:00:00,83.967624,-54.323532,nan
2024-06-01T16:00:00,83.965704,-54.336352,nan
2024-06-01T20:00:00,83.964864,-54.338148,nan
2024-06-02T00:00:00,83.964344,-54.337792,nan
2024-06-02T04:00:00,83.964296,-54.337736,nan
2024-06-02T08:00:00,83.964216,-54.336616,nan
2024-06-02T12:00:00,83.963576,-54.324428,nan
2024-06-02T16:00:00,83.963192,-54.316308,nan
2024-06-02T20:00:00,83.962336,-54.300992,nan
2024-06-03T00:00:00,83.960936,-54.276972,nan
2024-06-03T04:00:00,83.960832,-54.273964,nan
2024-06-03T08:00:00,83.960480,-54.262344,nan
2024-06-03T12:00:00,83.960528,-54.260992,nan
2024-06-03T16:00:00,83.960560,-54.259820,nan
2024-06-03T20:00:00,83.960544,-54.259332,nan
2024-06-04T00:00:00,83.960520,-54.258856,nan
2024-06-04T04:00:00,83.960400,-54.259924,nan
2024-06-04T08:00:00,83.960328,-54.260448,nan
2024-06-04T12:00:00,83.960248,-54.261204,nan
2024-06-04T16:00:00,83.960176,-54.261508,nan
2024-06-04T20:00:00,83.960200,-54.261460,nan
2024-06-05T00:00:00,83.960248,-54.260748,nan
2024-06-05T04:00:00,83.960256,-54.260972,nan
2024-06-05T08:00:00,83.960352,-54.260200,nan
2024-06-05T12:00:00,83.960336,-54.260276,nan
2024-06-05T16:00:00,83.960312,-54.260500,nan
2024-06-05T20:00:00,83.960232,-54.261088,nan
2024-06-06T00:00:00,83.960248,-54.260876,nan
2024-06-06T04:00:00,83.960184,-54.261420,nan
2024-06-06T08:00:00,83.960224,-54.261852,nan
2024-06-06T12:00:00,83.960120,-54.263016,nan
2024-06-06T16:00:00,83.959952,-54.266732,nan
2024-06-06T20:00:00,83.959448,-54.277872,nan
2024-06-07T00:00:00,83.959224,-54.284704,nan
2024-06-07T04:00:00,83.958736,-54.294140,nan
2024-06-07T08:00:00,83.958480,-54.304528,nan
2024-06-07T12:00:00,83.957336,-54.329744,nan
2024-06-07T16:00:00,83.955872,-54.355264,nan
2024-06-07T20:00:00,83.955528,-54.363032,nan
2024-06-08T00:00:00,83.955504,-54.363416,nan
2024-06-08T04:00:00,83.955448,-54.363760,nan
2024-06-08T08:00:00,83.955504,-54.363732,nan
2024-06-08T12:00:00,83.955448,-54.363820,nan
2024-06-08T16:00:00,83.955464,-54.363616,nan
2024-06-08T20:00:00,83.955448,-54.363768,nan
2024-06-09T00:00:00,83.955448,-54.363760,nan
2024-06-09T04:00:00,83.955432,-54.364152,nan
2024-06-09T08:00:00,83.955448,-54.364580,nan
2024-06-09T12:00:00,83.955416,-54.365324,nan
2024-06-09T16:00:00,83.955432,-54.366592,nan
2024-06-09T20:00:00,83.955696,-54.373280,nan
2024-06-10T00:00:00,83.956344,-54.444700,nan
2024-06-10T04:00:00,83.954400,-54.532532,nan
2024-06-10T08:00:00,83.954400,-54.534904,nan
2024-06-10T16:00:00,83.953584,-54.607788,nan
2024-06-10T20:00:00,83.952096,-54.686084,nan
2024-06-11T00:00:00,83.951792,-54.723636,nan
2024-06-11T04:00:00,83.951560,-54.721848,nan
2024-06-11T08:00:00,83.951336,-54.718964,nan
2024-06-11T12:00:00,83.951080,-54.717080,nan
2024-06-11T16:00:00,83.950520,-54.710584,nan
2024-06-11T20:00:00,83.950520,-54.708360,nan
2024-06-12T00:00:00,83.950336,-54.708612,nan
2024-06-12T04:00:00,83.950304,-54.708704,nan
2024-06-12T08:00:00,83.950336,-54.708636,nan
2024-06-12T12:00:00,83.950336,-54.709088,nan
2024-06-12T16:00:00,83.950344,-54.709284,nan
2024-06-13T00:00:00,83.950368,-54.709584,nan
2024-06-13T04:00:00,83.950344,-54.709964,nan
2024-06-13T12:00:00,83.950336,-54.709504,nan
2024-06-13T16:00:00,83.950344,-54.709164,nan
2024-06-13T20:00:00,83.950304,-54.708476,nan
2024-06-14T00:00:00,83.950320,-54.708084,nan
2024-06-14T04:00:00,83.950200,-54.707560,nan
2024-06-14T08:00:00,83.950224,-54.704316,nan
2024-06-14T12:00:00,83.950016,-54.697644,nan
2024-06-14T16:00:00,83.949264,-54.667260,nan
2024-06-14T20:00:00,83.949464,-54.659720,nan
2024-06-15T00:00:00,83.950024,-54.640404,nan
2024-06-15T04:00:00,83.950472,-54.634472,nan
2024-06-15T08:00:00,83.952072,-54.615092,nan
2024-06-15T12:00:00,83.954152,-54.585588,nan
2024-06-15T16:00:00,83.956856,-54.552512,nan
2024-06-15T20:00:00,83.957664,-54.534108,nan
2024-06-16T00:00:00,83.957088,-54.537128,nan
2024-06-16T04:00:00,83.956688,-54.546416,nan
2024-06-16T08:00:00,83.956456,-54.566492,nan
2024-06-16T12:00:00,83.956112,-54.586376,nan
2024-06-16T16:00:00,83.957624,-54.606844,nan
2024-06-16T20:00:00,83.957184,-54.648372,nan
2024-06-17T00:00:00,83.956968,-54.676004,nan
2024-06-17T04:00:00,83.957072,-54.694292,nan
2024-06-17T08:00:00,83.957568,-54.708848,nan
2024-06-17T12:00:00,83.957392,-54.708848,nan
2024-06-17T16:00:00,83.957760,-54.713532,nan
2024-06-17T20:00:00,83.959688,-54.744980,nan
2024-06-18T00:00:00,83.961072,-54.762584,nan
2024-06-18T04:00:00,83.961992,-54.806840,nan
2024-06-18T08:00:00,83.960712,-54.911436,nan
2024-06-18T12:00:00,83.958616,-54.994212,nan
2024-06-18T16:00:00,83.959016,-55.045088,nan
2024-06-18T20:00:00,83.960296,-55.134104,nan
2024-06-19T00:00:00,83.960656,-55.211344,nan
2024-06-19T04:00:00,83.962504,-55.275300,nan
2024-06-19T08:00:00,83.966984,-55.319900,nan
2024-06-19T12:00:00,83.968688,-55.345364,nan
2024-06-19T16:00:00,83.969760,-55.374784,nan
2024-06-19T20:00:00,83.974728,-55.442988,nan
2024-06-20T00:00:00,83.976144,-55.516828,nan
2024-06-20T04:00:00,83.974808,-55.592068,nan
2024-06-20T08:00:00,83.977896,-55.633288,nan
2024-06-20T20:00:00,83.971104,-55.665036,nan
2024-06-21T00:00:00,83.968032,-55.676568,nan
2024-06-21T16:00:00,83.969448,-55.778588,nan
2024-06-21T20:00:00,83.972952,-55.868292,nan
2024-06-22T00:00:00,83.973192,-55.968684,nan
2024-06-22T04:00:00,83.971656,-56.042980,nan
2024-06-22T08:00:00,83.977072,-56.090140,nan
2024-06-22T12:00:00,83.978504,-56.111656,nan
2024-06-23T12:00:00,83.976016,-56.242036,nan
2024-06-23T16:00:00,83.966720,-56.233592,nan
2024-06-24T04:00:00,83.954880,-56.222944,nan
2024-06-24T08:00:00,83.954264,-56.199736,nan
2024-06-24T12:00:00,83.951992,-56.131208,nan
2024-06-24T16:00:00,83.944736,-56.063876,nan
2024-06-24T20:00:00,83.944384,-56.064888,nan
2024-06-25T00:00:00,83.943272,-56.067472,nan
2024-06-25T08:00:00,83.942824,-56.068676,nan
2024-06-25T12:00:00,83.942800,-56.067360,nan
2024-06-25T16:00:00,83.942600,-56.067532,nan
2024-06-25T20:00:00,83.942384,-56.065852,nan
2024-06-26T08:00:00,83.938240,-56.053628,nan
2024-06-26T12:00:00,83.937232,-56.047696,nan
2024-06-26T16:00:00,83.932864,-55.971500,nan
2024-06-26T20:00:00,83.931208,-55.912552,nan
2024-06-27T00:00:00,83.929592,-55.886944,nan
2024-06-27T04:00:00,83.929512,-55.885360,nan
2024-06-27T08:00:00,83.929720,-55.883228,nan
2024-06-27T12:00:00,83.929720,-55.881632,nan
2024-06-27T16:00:00,83.929736,-55.880880,nan
2024-06-27T20:00:00,83.929696,-55.880660,nan
2024-06-28T00:00:00,83.929696,-55.880708,nan
2024-06-28T04:00:00,83.929600,-55.880672,nan
2024-06-28T08:00:00,83.929624,-55.880832,nan
2024-06-28T20:00:00,83.929592,-55.880624,nan
2024-07-05T12:00:00,84.049272,-56.573424,nan
2024-07-05T16:00:00,84.048776,-56.577516,nan
2024-07-05T20:00:00,84.051816,-56.599460,nan
2024-07-06T00:00:00,84.053736,-56.621508,nan
2024-07-06T04:00:00,84.053544,-56.660668,nan
2024-07-06T08:00:00,84.057472,-56.726204,nan
2024-07-06T12:00:00,84.059168,-56.748720,nan
2024-07-06T16:00:00,84.053808,-56.789788,nan
2024-07-06T20:00:00,84.053992,-56.853432,nan
2024-07-07T00:00:00,84.053192,-56.886992,nan
2024-07-07T04:00:00,84.047896,-56.919512,nan
2024-07-07T08:00:00,84.049304,-56.941440,nan
2024-07-07T12:00:00,84.050696,-56.893220,nan
2024-07-07T16:00:00,84.043616,-56.880228,nan
2024-07-07T20:00:00,84.044912,-56.906744,nan
2024-07-08T00:00:00,84.048296,-56.889060,nan
2024-07-08T04:00:00,84.045040,-56.899556,nan
2024-07-08T08:00:00,84.047928,-56.916508,nan
2024-07-08T16:00:00,84.041296,-56.901756,nan
2024-07-08T20:00:00,84.036472,-56.973156,nan
2024-07-09T04:00:00,84.025712,-57.068276,nan
2024-07-09T08:00:00,84.020200,-57.111116,nan
2024-07-09T12:00:00,84.017216,-57.095416,nan
2024-07-09T16:00:00,84.006336,-57.080244,nan
2024-07-09T20:00:00,83.999472,-57.083264,nan
2024-07-10T00:00:00,83.998552,-57.040524,nan
2024-07-10T04:00:00,83.991376,-56.956756,nan
2024-07-10T08:00:00,83.989216,-56.881812,nan
2024-07-10T12:00:00,83.993656,-56.778788,nan
2024-07-10T16:00:00,83.992568,-56.692608,nan
2024-07-10T20:00:00,83.990312,-56.633336,nan
2024-07-11T00:00:00,83.996080,-56.583800,nan
2024-07-11T04:00:00,83.998040,-56.531152,nan
2024-07-11T08:00:00,83.998672,-56.485280,nan
2024-07-11T12:00:00,84.002352,-56.414752,nan
2024-07-11T16:00:00,84.000024,-56.334692,nan
2024-07-11T20:00:00,83.995088,-56.272616,nan
2024-07-12T00:00:00,83.995256,-56.216948,nan
2024-07-12T04:00:00,83.994072,-56.191544,nan
2024-07-12T08:00:00,83.993920,-56.171460,nan
2024-07-12T12:00:00,83.997352,-56.153248,nan
2024-07-12T16:00:00,83.997832,-56.143268,nan
2024-07-12T20:00:00,83.995944,-56.145384,nan
2024-07-13T00:00:00,83.998328,-56.173140,nan
2024-07-13T04:00:00,84.003408,-56.214928,nan
2024-07-13T08:00:00,84.007536,-56.264856,nan
2024-07-13T12:00:00,84.013656,-56.326048,nan
2024-07-13T16:00:00,84.017488,-56.418388,nan
2024-07-13T20:00:00,84.021040,-56.568332,nan
2024-07-14T04:00:00,84.031760,-56.824976,nan
2024-07-14T08:00:00,84.032880,-56.927172,nan
2024-07-14T12:00:00,84.035000,-57.006264,nan
2024-07-14T16:00:00,84.031536,-57.070388,nan
2024-07-15T00:00:00,84.026384,-57.144884,nan
2024-07-15T04:00:00,84.024144,-57.157744,nan
2024-07-15T12:00:00,84.017064,-57.113184,nan
2024-07-15T16:00:00,84.012272,-57.081780,nan
2024-07-15T20:00:00,84.007072,-57.049828,nan
2024-07-16T00:00:00,84.002696,-57.014304,nan
2024-07-16T04:00:00,84.000864,-56.996016,nan
2024-07-16T12:00:00,83.995848,-56.937360,nan
2024-07-16T16:00:00,83.993136,-56.919560,nan
2024-07-16T20:00:00,83.988048,-56.891208,nan
2024-07-17T00:00:00,83.980680,-56.865060,nan
2024-07-17T04:00:00,83.979808,-56.855180,nan
2024-07-17T08:00:00,83.981176,-56.835272,nan
2024-07-17T12:00:00,83.980352,-56.806872,nan
2024-07-17T16:00:00,83.981472,-56.778664,nan
2024-07-17T20:00:00,83.982232,-56.756720,nan
2024-07-18T00:00:00,83.983072,-56.743664,nan
2024-07-18T04:00:00,83.988352,-56.688668,nan
2024-07-18T08:00:00,83.988936,-56.585564,nan
2024-07-18T12:00:00,83.986200,-56.520068,nan
2024-07-18T16:00:00,83.984512,-56.448856,nan
2024-07-18T20:00:00,83.983864,-56.432892,nan
2024-07-19T00:00:00,83.977464,-56.398636,nan
2024-07-19T04:00:00,83.973192,-56.353216,nan
2024-07-19T08:00:00,83.975208,-56.313100,nan
2024-07-19T12:00:00,83.972480,-56.258380,nan
2024-07-20T12:00:00,83.982920,-56.150312,nan
2024-07-20T16:00:00,83.983904,-56.089600,nan
2024-07-20T20:00:00,83.989472,-56.031460,nan
2024-07-21T08:00:00,83.989928,-55.942820,nan
2024-07-21T12:00:00,83.987944,-55.854600,nan
2024-07-21T16:00:00,83.972456,-55.738144,nan
2024-07-21T20:00:00,83.966096,-55.709160,nan
2024-07-22T00:00:00,83.964560,-55.665616,nan
2024-07-22T04:00:00,83.959144,-55.632392,nan
2024-07-22T08:00:00,83.959776,-55.624136,nan
2024-07-22T12:00:00,83.960376,-55.611088,nan
2024-07-22T16:00:00,83.959800,-55.592760,nan
2024-07-22T20:00:00,83.959664,-55.593156,nan
2024-07-23T00:00:00,83.958048,-55.619460,nan
2024-07-23T04:00:00,83.955632,-55.658980,nan
2024-07-23T08:00:00,83.957624,-55.705808,nan
2024-07-23T12:00:00,83.958200,-55.748196,nan
2024-07-23T16:00:00,83.952816,-55.804144,nan
2024-07-23T20:00:00,83.948680,-55.878912,nan
2024-07-24T00:00:00,83.946032,-55.943432,nan
2024-07-24T04:00:00,83.938032,-55.989588,nan
2024-07-24T08:00:00,83.934696,-56.029296,nan
2024-07-24T12:00:00,83.933880,-56.025156,nan
2024-07-24T16:00:00,83.927656,-56.044852,nan
2024-07-25T00:00:00,83.924856,-56.156988,nan
2024-07-25T08:00:00,83.925176,-56.282568,nan
2024-07-25T12:00:00,83.927528,-56.318232,nan
2024-07-25T16:00:00,83.922344,-56.344240,nan
2024-07-25T20:00:00,83.916592,-56.392736,nan
2024-07-26T00:00:00,83.917856,-56.439024,nan
2024-07-26T04:00:00,83.915736,-56.461168,nan
2024-07-26T08:00:00,83.913848,-56.485220,nan
2024-07-26T12:00:00,83.916416,-56.494300,nan
2024-07-26T16:00:00,83.912040,-56.502084,nan
2024-07-26T20:00:00,83.905320,-56.546080,nan
2024-07-27T00:00:00,83.907120,-56.606728,nan
2024-07-27T04:00:00,83.907424,-56.646764,nan
2024-07-27T08:00:00,83.906336,-56.693200,nan
2024-07-27T12:00:00,83.911600,-56.741404,nan
2024-07-27T16:00:00,83.915224,-56.755728,nan
2024-07-27T20:00:00,83.912472,-56.816148,nan
2024-07-28T00:00:00,83.916584,-56.918704,nan
2024-07-28T04:00:00,83.919168,-57.007352,nan
2024-07-28T08:00:00,83.919248,-57.103196,nan
2024-07-28T12:00:00,83.922144,-57.168368,nan
2024-07-28T20:00:00,83.915680,-57.289536,nan
2024-07-29T00:00:00,83.913560,-57.342692,nan
2024-07-29T04:00:00,83.909632,-57.378532,nan
2024-07-29T08:00:00,83.901504,-57.415980,nan
2024-07-29T12:00:00,83.891456,-57.438608,nan
2024-07-29T16:00:00,83.880200,-57.480260,nan
2024-07-29T20:00:00,83.871480,-57.474680,nan
2024-07-30T00:00:00,83.863056,-57.428092,nan
2024-07-30T04:00:00,83.861448,-57.401624,nan
2024-07-30T08:00:00,83.860952,-57.367400,nan
2024-07-30T12:00:00,83.857136,-57.348212,nan
2024-07-30T16:00:00,83.858632,-57.384816,nan
2024-07-31T00:00:00,83.863968,-57.437556,nan
2024-07-31T04:00:00,83.865704,-57.460064,nan
2024-07-31T08:00:00,83.868456,-57.445004,nan
2024-07-31T12:00:00,83.864832,-57.412196,nan
2024-08-01T08:00:00,83.851008,-57.182096,nan
2024-08-01T16:00:00,83.847896,-57.235480,nan
2024-08-01T20:00:00,83.847640,-57.256128,nan
2024-08-02T00:00:00,83.842832,-57.326664,nan
2024-08-02T04:00:00,83.846120,-57.382204,nan
2024-08-02T08:00:00,83.850880,-57.372532,nan
2024-08-02T12:00:00,83.851416,-57.402792,nan
2024-08-02T20:00:00,83.851648,-57.511628,nan
2024-08-03T00:00:00,83.853024,-57.598876,nan
2024-08-03T04:00:00,83.854096,-57.618116,nan
2024-08-03T08:00:00,83.861928,-57.614300,nan
2024-08-03T16:00:00,83.844104,-57.497780,nan
2024-08-04T00:00:00,83.841928,-57.507672,nan
2024-08-04T04:00:00,83.832616,-57.529440,nan
2024-08-04T08:00:00,83.836280,-57.548668,nan
2024-08-04T12:00:00,83.829984,-57.495244,nan
2024-08-04T16:00:00,83.813040,-57.483920,nan
2024-08-04T20:00:00,83.801952,-57.454780,nan
2024-08-05T00:00:00,83.788840,-57.382368,nan
2024-08-05T04:00:00,83.777800,-57.299596,nan
2024-08-05T08:00:00,83.778904,-57.247604,nan
2024-08-05T12:00:00,83.780872,-57.189228,nan
2024-08-05T16:00:00,83.777000,-57.147312,nan
2024-08-05T20:00:00,83.776040,-57.139592,nan
2024-08-06T00:00:00,83.773136,-57.134976,nan
2024-08-06T04:00:00,83.766280,-57.085172,nan
2024-08-06T08:00:00,83.756936,-57.019352,nan
2024-08-06T12:00:00,83.748432,-56.964116,nan
2024-08-06T16:00:00,83.738320,-56.913916,nan
2024-08-06T20:00:00,83.735264,-56.901540,nan
2024-08-07T00:00:00,83.738048,-56.914720,nan
2024-08-07T04:00:00,83.739480,-56.885936,nan
2024-08-07T08:00:00,83.734192,-56.790260,nan
2024-08-07T12:00:00,83.718560,-56.723420,nan
2024-08-07T16:00:00,83.700416,-56.674696,nan
2024-08-07T20:00:00,83.691360,-56.623196,nan
2024-08-08T00:00:00,83.689336,-56.593440,nan
2024-08-08T04:00:00,83.682064,-56.539856,nan
2024-08-08T08:00:00,83.678840,-56.500488,nan
2024-08-08T12:00:00,83.678192,-56.494536,nan
2024-08-08T16:00:00,83.670208,-56.462160,nan
2024-08-08T20:00:00,83.663504,-56.437400,nan
2024-08-09T00:00:00,83.659768,-56.426360,nan
2024-08-09T04:00:00,83.654464,-56.398092,nan
2024-08-09T08:00:00,83.651336,-56.378848,nan
2024-08-09T12:00:00,83.650888,-56.368760,nan
2024-08-09T20:00:00,83.636352,-56.323104,nan
2024-08-10T08:00:00,83.621552,-56.303524,nan
2024-08-10T12:00:00,83.620368,-56.319720,nan
2024-08-10T16:00:00,83.616016,-56.368036,nan
2024-08-11T08:00:00,83.617816,-57.014324,nan
2024-08-11T12:00:00,83.621624,-57.197080,nan
2024-08-12T04:00:00,83.619760,-57.537632,nan
2024-08-12T08:00:00,83.616912,-57.567084,nan
2024-08-12T12:00:00,83.618680,-57.617744,nan
2024-08-12T16:00:00,83.624104,-57.665696,nan
2024-08-12T20:00:00,83.628944,-57.696036,nan
2024-08-13T00:00:00,83.642376,-57.741356,nan
2024-08-13T04:00:00,83.651080,-57.750192,nan
2024-08-13T08:00:00,83.650824,-57.747712,nan
2024-08-13T12:00:00,83.648936,-57.744196,nan
2024-08-13T16:00:00,83.645048,-57.720780,nan
2024-08-13T20:00:00,83.635832,-57.665472,nan
2024-08-14T00:00:00,83.628840,-57.639208,nan
2024-08-14T04:00:00,83.627728,-57.612460,nan
2024-08-14T08:00:00,83.626240,-57.572344,nan
2024-08-14T12:00:00,83.622752,-57.550184,nan
2024-08-14T16:00:00,83.619656,-57.568972,nan
2024-08-14T20:00:00,83.616000,-57.572680,nan
2024-08-15T04:00:00,83.610848,-57.556136,nan
2024-08-15T08:00:00,83.615744,-57.517756,nan
2024-08-15T12:00:00,83.610072,-57.492236,nan
2024-08-15T16:00:00,83.607280,-57.546044,nan
2024-08-15T20:00:00,83.605304,-57.535192,nan
2024-08-16T00:00:00,83.598336,-57.527928,nan
2024-08-16T04:00:00,83.599120,-57.523504,nan
2024-08-16T08:00:00,83.600984,-57.487568,nan
2024-08-16T12:00:00,83.595512,-57.490800,nan
2024-08-16T16:00:00,83.596272,-57.542420,nan
2024-08-17T00:00:00,83.619760,-57.543232,nan
2024-08-17T04:00:00,83.614776,-57.464296,nan
2024-08-17T08:00:00,83.605024,-57.462168,nan
2024-08-17T12:00:00,83.602096,-57.465840,nan
2024-08-17T16:00:00,83.599696,-57.465812,nan
2024-08-18T00:00:00,83.604040,-57.534552,nan
2024-08-18T16:00:00,83.691760,-57.297116,nan
2024-08-18T20:00:00,83.709648,-57.210036,nan
2024-08-19T12:00:00,83.679944,-57.105132,nan
2024-08-19T16:00:00,83.667112,-57.107108,nan
2024-08-19T20:00:00,83.662576,-57.150064,nan
2024-08-20T00:00:00,83.654016,-57.156984,nan
2024-08-20T04:00:00,83.635832,-57.198892,nan
2024-08-20T08:00:00,83.638672,-57.228492,nan
2024-08-20T12:00:00,83.638048,-57.205652,nan
2024-08-20T16:00:00,83.627416,-57.261592,nan
2024-08-20T20:00:00,83.632680,-57.374240,nan
2024-08-21T00:00:00,83.640944,-57.419560,nan
2024-08-21T04:00:00,83.642608,-57.495368,nan
2024-08-21T08:00:00,83.665568,-57.564488,nan
2024-08-21T12:00:00,83.688632,-57.516272,nan
2024-08-21T16:00:00,83.705464,-57.437612,nan
2024-08-21T20:00:00,83.708744,-57.280736,nan
2024-08-22T00:00:00,83.701864,-57.212420,nan
2024-08-22T04:00:00,83.688608,-57.168068,nan
2024-08-22T08:00:00,83.685336,-57.190760,nan
2024-08-22T12:00:00,83.691264,-57.168692,nan
2024-08-22T16:00:00,83.682968,-57.161896,nan
2024-08-22T20:00:00,83.682808,-57.219384,nan
2024-08-23T00:00:00,83.678000,-57.237368,nan
2024-08-23T04:00:00,83.666328,-57.256540,nan
2024-08-23T08:00:00,83.662120,-57.328780,nan
2024-08-23T12:00:00,83.668280,-57.356280,nan
2024-08-23T16:00:00,83.656224,-57.335924,nan
2024-08-23T20:00:00,83.653776,-57.425940,nan
2024-08-24T04:00:00,83.657688,-57.429732,nan
2024-08-24T08:00:00,83.661048,-57.514700,nan
2024-08-25T00:00:00,83.682008,-57.746052,nan
2024-08-25T04:00:00,83.682928,-57.754496,nan
2024-08-25T08:00:00,83.686544,-57.823412,nan
2024-08-25T12:00:00,83.700680,-57.807144,nan
2024-08-25T20:00:00,83.690664,-57.825140,nan
2024-08-26T00:00:00,83.696240,-57.824260,nan
2024-08-26T04:00:00,83.693016,-57.793780,nan
2024-08-26T12:00:00,83.687256,-57.824236,nan
2024-08-26T16:00:00,83.681672,-57.829592,nan
2024-08-27T08:00:00,83.689528,-57.956868,nan
2024-08-27T12:00:00,83.693536,-57.901724,nan
2024-08-27T16:00:00,83.685400,-57.823472,nan
2024-08-27T20:00:00,83.674112,-57.795716,nan
2024-08-28T00:00:00,83.665432,-57.713712,nan
2024-08-28T04:00:00,83.656624,-57.655728,nan
2024-08-28T08:00:00,83.653952,-57.627308,nan
2024-08-28T12:00:00,83.648408,-57.563308,nan
2024-08-28T16:00:00,83.641232,-57.558184,nan
2024-08-28T20:00:00,83.634216,-57.572340,nan
2024-08-29T00:00:00,83.623968,-57.553092,nan
2024-08-29T04:00:00,83.615784,-57.565988,nan
2024-08-29T08:00:00,83.609968,-57.535576,nan
2024-08-29T12:00:00,83.596272,-57.511448,nan
2024-08-29T16:00:00,83.583840,-57.527236,nan
2024-08-29T20:00:00,83.574736,-57.513476,nan
2024-08-30T00:00:00,83.565312,-57.497868,nan
2024-08-30T04:00:00,83.563528,-57.495720,nan
2024-08-30T08:00:00,83.565088,-57.480536,nan
2024-08-30T12:00:00,83.564632,-57.483888,nan
2024-08-30T16:00:00,83.572016,-57.542724,nan
2024-08-30T20:00:00,83.585616,-57.595360,nan
2024-08-31T00:00:00,83.595880,-57.591344,nan
2024-08-31T04:00:00,83.608304,-57.634156,nan
2024-08-31T08:00:00,83.631464,-57.641416,nan
2024-08-31T12:00:00,83.643336,-57.603344,nan
2024-08-31T16:00:00,83.656712,-57.610192,nan
2024-08-31T20:00:00,83.659960,-57.416412,nan
2024-09-01T00:00:00,83.639152,-57.303048,nan
2024-09-01T04:00:00,83.634672,-57.375576,nan
2024-09-01T08:00:00,83.650976,-57.323000,nan
2024-09-01T12:00:00,83.653232,-57.220272,nan
2024-09-01T16:00:00,83.662176,-57.288652,nan
2024-09-01T20:00:00,83.679792,-57.288168,nan
2024-09-02T00:00:00,83.681512,-57.290100,nan
2024-09-02T04:00:00,83.694184,-57.347100,nan
2024-09-02T08:00:00,83.707112,-57.230828,nan
2024-09-02T12:00:00,83.696392,-57.165144,nan
2024-09-02T16:00:00,83.689720,-57.208532,nan
2024-09-02T20:00:00,83.695288,-57.195224,nan
2024-09-03T00:00:00,83.699976,-57.133412,nan
2024-09-03T04:00:00,83.705160,-57.046948,nan
2024-09-03T08:00:00,83.721928,-56.951564,nan
2024-09-03T12:00:00,83.734536,-56.822200,nan
2024-09-03T16:00:00,83.738464,-56.783660,nan
2024-09-03T20:00:00,83.751744,-56.765380,nan
2024-09-04T00:00:00,83.757544,-56.712864,nan
2024-09-04T04:00:00,83.752296,-56.759972,nan
2024-09-04T08:00:00,83.756392,-56.788668,nan
2024-09-04T12:00:00,83.753744,-56.764352,nan
2024-09-04T16:00:00,83.740512,-56.803388,nan
2024-09-04T20:00:00,83.737112,-56.832604,nan
2024-09-05T00:00:00,83.733960,-56.824680,nan
2024-09-05T04:00:00,83.728152,-56.845024,nan
2024-09-05T08:00:00,83.731640,-56.828084,nan
2024-09-05T12:00:00,83.737360,-56.779420,nan
2024-09-05T16:00:00,83.733120,-56.752772,nan
2024-09-05T20:00:00,83.733280,-56.741736,nan
2024-09-06T00:00:00,83.730840,-56.711576,nan
2024-09-06T04:00:00,83.720384,-56.709864,nan
2024-09-06T08:00:00,83.717032,-56.686960,nan
2024-09-06T12:00:00,83.716232,-56.624132,nan
2024-09-06T16:00:00,83.705008,-56.584840,nan
2024-09-06T20:00:00,83.696624,-56.571888,nan
2024-09-07T00:00:00,83.693600,-56.544948,nan
2024-09-07T04:00:00,83.687792,-56.493212,nan
2024-09-07T08:00:00,83.692824,-56.463068,nan
2024-09-07T12:00:00,83.706176,-56.420996,nan
2024-09-07T16:00:00,83.709784,-56.364144,nan
2024-09-07T20:00:00,83.711048,-56.315348,nan
2024-09-08T00:00:00,83.714896,-56.204696,nan
2024-09-08T04:00:00,83.691528,-56.030200,nan
2024-09-08T08:00:00,83.678648,-55.941772,nan
2024-09-08T12:00:00,83.679376,-55.780164,nan
2024-09-08T16:00:00,83.669616,-55.591940,nan
2024-09-08T20:00:00,83.669920,-55.470732,nan
2024-09-09T00:00:00,83.680984,-55.312320,nan
2024-09-09T04:00:00,83.681880,-55.181056,nan
2024-09-09T08:00:00,83.682728,-55.161504,nan
2024-09-09T12:00:00,83.684984,-55.153820,nan
2024-09-09T16:00:00,83.681080,-55.166568,nan
2024-09-09T20:00:00,83.679912,-55.181828,nan
2024-09-10T00:00:00,83.684088,-55.187884,nan
2024-09-10T04:00:00,83.685208,-55.205924,nan
2024-09-10T08:00:00,83.684984,-55.224732,nan
2024-09-10T16:00:00,83.685880,-55.325144,nan
2024-09-11T00:00:00,83.691440,-55.383204,nan
2024-09-11T04:00:00,83.696312,-55.389296,nan
2024-09-11T08:00:00,83.699656,-55.405496,nan
2024-09-11T12:00:00,83.702816,-55.416672,nan
2024-09-11T16:00:00,83.701176,-55.425436,nan
2024-09-12T00:00:00,83.697232,-55.465348,nan
2024-09-12T04:00:00,83.702056,-55.464724,nan
2024-09-12T08:00:00,83.705816,-55.450924,nan
2024-09-12T12:00:00,83.709024,-55.466296,nan
2024-09-12T16:00:00,83.715048,-55.506580,nan
2024-09-12T20:00:00,83.721360,-55.532352,nan
2024-09-13T00:00:00,83.728224,-55.574664,nan
2024-09-13T04:00:00,83.738816,-55.601412,nan
2024-09-13T08:00:00,83.746136,-55.597712,nan
2024-09-13T12:00:00,83.747664,-55.634516,nan
2024-09-13T16:00:00,83.750672,-55.738420,nan
2024-09-13T20:00:00,83.755408,-55.824864,nan
2024-09-14T00:00:00,83.756992,-55.924712,nan
2024-09-14T04:00:00,83.768568,-56.033216,nan
2024-09-14T08:00:00,83.779664,-56.066000,nan
2024-09-14T12:00:00,83.776176,-56.072468,nan
2024-09-14T16:00:00,83.772912,-56.107832,nan
2024-09-14T20:00:00,83.767552,-56.042020,nan
2024-09-15T00:00:00,83.747680,-56.013236,nan
2024-09-15T04:00:00,83.746880,-56.046824,nan
2024-09-15T08:00:00,83.754888,-55.994232,nan
2024-09-15T12:00:00,83.750544,-55.967324,nan
2024-09-15T16:00:00,83.749080,-56.004644,nan
2024-09-15T20:00:00,83.750864,-55.995044,nan
2024-09-16T00:00:00,83.745448,-56.007808,nan
2024-09-16T04:00:00,83.746040,-56.043660,nan
2024-09-16T08:00:00,83.754608,-55.993748,nan
2024-09-16T12:00:00,83.751240,-55.976020,nan
2024-09-16T16:00:00,83.747048,-56.035944,nan
2024-09-16T20:00:00,83.748824,-56.053168,nan
2024-09-17T00:00:00,83.742584,-56.060108,nan
2024-09-17T04:00:00,83.736792,-56.099576,nan
2024-09-17T08:00:00,83.739096,-56.087764,nan
2024-09-17T12:00:00,83.729504,-56.062140,nan
2024-09-17T16:00:00,83.715536,-56.099020,nan
2024-09-17T20:00:00,83.712688,-56.119456,nan
2024-09-18T00:00:00,83.706656,-56.112012,nan
2024-09-18T04:00:00,83.699448,-56.145180,nan
2024-09-18T08:00:00,83.704384,-56.137540,nan
2024-09-18T12:00:00,83.703984,-56.105840,nan
2024-09-18T16:00:00,83.696200,-56.132668,nan
2024-09-18T20:00:00,83.699728,-56.150300,nan
2024-09-19T00:00:00,83.699920,-56.140036,nan
2024-09-19T04:00:00,83.694464,-56.163924,nan
2024-09-19T08:00:00,83.699856,-56.162784,nan
2024-09-19T12:00:00,83.699920,-56.150272,nan
2024-09-19T16:00:00,83.693144,-56.179168,nan
2024-09-19T20:00:00,83.696272,-56.204708,nan
2024-09-20T00:00:00,83.700112,-56.198432,nan
2024-09-20T04:00:00,83.696776,-56.224020,nan
2024-09-20T08:00:00,83.704520,-56.225936,nan
2024-09-20T12:00:00,83.713040,-56.189436,nan
2024-09-20T16:00:00,83.713080,-56.207644,nan
2024-09-20T20:00:00,83.724696,-56.207092,nan
2024-09-21T00:00:00,83.736920,-56.166672,nan
2024-09-21T04:00:00,83.739672,-56.173920,nan
2024-09-21T08:00:00,83.753192,-56.168820,nan
2024-09-21T12:00:00,83.763928,-56.136356,nan
2024-09-21T16:00:00,83.766640,-56.146664,nan
2024-09-21T20:00:00,83.769424,-56.158424,nan
2024-09-22T00:00:00,83.771192,-56.137056,nan
2024-09-22T04:00:00,83.764160,-56.128328,nan
2024-09-22T08:00:00,83.759904,-56.138464,nan
2024-09-22T12:00:00,83.758344,-56.155016,nan
2024-09-22T16:00:00,83.751632,-56.178612,nan
2024-09-22T20:00:00,83.748808,-56.196456,nan
2024-09-23T00:00:00,83.751400,-56.204532,nan
2024-09-23T04:00:00,83.745760,-56.176640,nan
2024-09-23T08:00:00,83.734768,-56.149676,nan
2024-09-23T12:00:00,83.722544,-56.087892,nan
2024-09-23T16:00:00,83.709360,-56.044936,nan
2024-09-23T20:00:00,83.704360,-56.028936,nan
2024-09-24T00:00:00,83.707552,-56.002708,nan
2024-09-24T04:00:00,83.707944,-56.003784,nan
2024-09-24T08:00:00,83.707232,-56.026064,nan
2024-09-24T12:00:00,83.709016,-56.087556,nan
2024-09-24T16:00:00,83.708032,-56.197288,nan
2024-09-24T20:00:00,83.706432,-56.328096,nan
2024-09-25T00:00:00,83.709096,-56.453424,nan
2024-09-25T04:00:00,83.709112,-56.560156,nan
2024-09-25T08:00:00,83.705568,-56.649416,nan
2024-09-25T12:00:00,83.700992,-56.736764,nan
2024-09-25T16:00:00,83.697840,-56.828668,nan
2024-09-25T20:00:00,83.694200,-56.891972,nan
2024-09-26T00:00:00,83.690632,-56.952032,nan
2024-09-26T04:00:00,83.690600,-57.004092,nan
2024-09-26T08:00:00,83.688576,-57.013816,nan
2024-09-26T12:00:00,83.682856,-57.056604,nan
2024-09-26T16:00:00,83.679944,-57.119236,nan
2024-09-26T20:00:00,83.676480,-57.180080,nan
2024-09-27T00:00:00,83.675064,-57.274572,nan
2024-09-27T04:00:00,83.675968,-57.353404,nan
2024-09-27T08:00:00,83.673504,-57.409612,nan
2024-09-27T12:00:00,83.670016,-57.477568,nan
2024-09-27T16:00:00,83.668376,-57.551788,nan
2024-09-27T20:00:00,83.665536,-57.627776,nan
2024-09-28T00:00:00,83.663416,-57.695084,nan
2024-09-28T04:00:00,83.663336,-57.766268,nan
2024-09-28T08:00:00,83.662288,-57.840388,nan
2024-09-28T12:00:00,83.660264,-57.902716,nan
2024-09-28T16:00:00,83.660920,-57.987028,nan
2024-09-28T20:00:00,83.662592,-58.088472,nan
2024-09-29T00:00:00,83.662424,-58.190308,nan
2024-09-29T04:00:00,83.665016,-58.311404,nan
2024-09-29T08:00:00,83.665056,-58.414232,nan
2024-09-29T12:00:00,83.661800,-58.503996,nan
2024-09-29T16:00:00,83.661088,-58.630160,nan
2024-09-29T20:00:00,83.665552,-58.732988,nan
2024-09-30T00:00:00,83.665552,-58.825004,nan
2024-09-30T04:00:00,83.667520,-58.955112,nan
2024-09-30T08:00:00,83.671024,-59.108788,nan
2024-09-30T12:00:00,83.669864,-59.267476,nan
2024-09-30T16:00:00,83.669000,-59.433044,nan
2024-09-30T20:00:00,83.670584,-59.610992,nan
2024-10-01T00:00:00,83.669896,-59.731028,nan
2024-10-01T04:00:00,83.667648,-59.830904,nan
2024-10-01T08:00:00,83.666408,-59.939380,nan
2024-10-01T12:00:00,83.662992,-59.989540,nan
2024-10-01T16:00:00,83.659584,-60.006552,nan
2024-10-01T20:00:00,83.658024,-60.074092,nan
2024-10-02T00:00:00,83.653712,-60.072612,nan
2024-10-02T04:00:00,83.648440,-60.032216,nan
2024-10-02T08:00:00,83.644968,-60.029036,nan
2024-10-02T12:00:00,83.639432,-59.997868,nan
2024-10-02T16:00:00,83.632768,-59.966656,nan
2024-10-02T20:00:00,83.627992,-59.973016,nan
2024-10-03T00:00:00,83.622480,-59.956880,nan
2024-10-03T04:00:00,83.616928,-59.926304,nan
2024-10-03T08:00:00,83.614928,-59.933248,nan
2024-10-03T12:00:00,83.613048,-59.936184,nan
2024-10-03T16:00:00,83.611304,-59.951692,nan
2024-10-03T20:00:00,83.612056,-60.024740,nan
2024-10-04T00:00:00,83.610592,-60.082404,nan
2024-10-04T04:00:00,83.605568,-60.091636,nan
2024-10-04T08:00:00,83.602248,-60.103188,nan
2024-10-04T12:00:00,83.598704,-60.133916,nan
2024-10-04T16:00:00,83.595224,-60.134956,nan
2024-10-04T20:00:00,83.594280,-60.173360,nan
2024-10-05T00:00:00,83.593896,-60.221844,nan
2024-10-05T04:00:00,83.590248,-60.221016,nan
2024-10-05T08:00:00,83.587120,-60.272112,nan
2024-10-05T12:00:00,83.584696,-60.347316,nan
2024-10-05T16:00:00,83.580672,-60.369932,nan
2024-10-05T20:00:00,83.578864,-60.452816,nan
2024-10-06T00:00:00,83.580392,-60.563460,nan
2024-10-06T04:00:00,83.581440,-60.631512,nan
2024-10-06T08:00:00,83.585288,-60.756464,nan
2024-10-06T12:00:00,83.593472,-60.955296,nan
2024-10-06T16:00:00,83.602088,-61.107872,nan
2024-10-06T20:00:00,83.618288,-61.267352,nan
2024-10-07T00:00:00,83.633648,-61.385456,nan
2024-10-07T04:00:00,83.636272,-61.381488,nan
2024-10-07T08:00:00,83.632984,-61.416768,nan
2024-10-07T12:00:00,83.632704,-61.477524,nan
2024-10-07T16:00:00,83.627192,-61.481988,nan
2024-10-07T20:00:00,83.624200,-61.508644,nan
2024-10-08T00:00:00,83.622328,-61.526612,nan
2024-10-08T04:00:00,83.615096,-61.521432,nan
2024-10-08T08:00:00,83.610392,-61.555064,nan
2024-10-08T12:00:00,83.608136,-61.605612,nan
2024-10-08T16:00:00,83.604768,-61.617048,nan
2024-10-08T20:00:00,83.603848,-61.632772,nan
2024-10-09T00:00:00,83.601936,-61.650400,nan
2024-10-09T04:00:00,83.596256,-61.641936,nan
2024-10-09T08:00:00,83.592408,-61.633996,nan
2024-10-09T12:00:00,83.590344,-61.643608,nan
2024-10-09T16:00:00,83.589272,-61.626424,nan
2024-10-09T20:00:00,83.590152,-61.624504,nan
2024-10-10T00:00:00,83.595488,-61.662632,nan
2024-10-10T04:00:00,83.594904,-61.668412,nan
2024-10-10T12:00:00,83.592400,-61.691712,nan
2024-10-10T16:00:00,83.593376,-61.700500,nan
2024-10-10T20:00:00,83.594824,-61.710372,nan
2024-10-11T00:00:00,83.599656,-61.748232,nan
2024-10-11T04:00:00,83.606368,-61.803668,nan
2024-10-11T08:00:00,83.614000,-61.868828,nan
2024-10-11T12:00:00,83.626008,-62.017692,nan
2024-10-11T16:00:00,83.643184,-62.215284,nan
2024-10-11T20:00:00,83.654472,-62.357960,nan
2024-10-12T00:00:00,83.660880,-62.543568,nan
2024-10-12T04:00:00,83.670456,-62.762724,nan
2024-10-12T08:00:00,83.679432,-62.941716,nan
2024-10-12T12:00:00,83.688056,-63.161564,nan
2024-10-12T16:00:00,83.697216,-63.336352,nan
2024-10-12T20:00:00,83.699640,-63.437764,nan
2024-10-13T00:00:00,83.701984,-63.596448,nan
2024-10-13T04:00:00,83.711264,-63.796808,nan
2024-10-13T08:00:00,83.715384,-63.910808,nan
2024-10-13T12:00:00,83.712032,-64.026056,nan
2024-10-13T16:00:00,83.716376,-64.183832,nan
2024-10-13T20:00:00,83.719720,-64.291504,nan
2024-10-14T00:00:00,83.718864,-64.405196,nan
2024-10-14T04:00:00,83.722848,-64.573656,nan
2024-10-14T08:00:00,83.723440,-64.708748,nan
2024-10-14T12:00:00,83.718440,-64.819968,nan
2024-10-14T16:00:00,83.719936,-65.025160,nan
2024-10-14T20:00:00,83.726048,-65.190772,nan
2024-10-15T00:00:00,83.726408,-65.307440,nan
2024-10-15T04:00:00,83.734888,-65.498900,nan
2024-10-15T08:00:00,83.748216,-65.691108,nan
2024-10-15T12:00:00,83.751800,-65.852228,nan
2024-10-15T16:00:00,83.759560,-66.086656,nan
2024-10-15T20:00:00,83.766392,-66.285240,nan
2024-10-16T00:00:00,83.766544,-66.379144,nan
2024-10-16T04:00:00,83.768992,-66.449616,nan
2024-10-16T08:00:00,83.770152,-66.520476,nan
2024-10-16T12:00:00,83.767056,-66.554276,nan
2024-10-16T16:00:00,83.766320,-66.634408,nan
2024-10-16T20:00:00,83.770096,-66.749724,nan
2024-10-17T00:00:00,83.773488,-66.869500,nan
2024-10-17T04:00:00,83.783336,-67.112712,nan
2024-10-17T08:00:00,83.795568,-67.332680,nan
2024-10-17T12:00:00,83.796368,-67.466480,nan
2024-10-17T16:00:00,83.798200,-67.660680,nan
2024-10-17T20:00:00,83.803160,-67.820032,nan
2024-10-18T00:00:00,83.799904,-67.912528,nan
2024-10-18T04:00:00,83.798048,-68.047320,nan
2024-10-18T08:00:00,83.801352,-68.154840,nan
2024-10-18T12:00:00,83.797712,-68.190176,nan
2024-10-18T16:00:00,83.795264,-68.234624,nan
2024-10-18T20:00:00,83.795720,-68.315232,nan
2024-10-19T00:00:00,83.793072,-68.319408,nan
2024-10-19T04:00:00,83.789816,-68.322016,nan
2024-10-19T08:00:00,83.790496,-68.401136,nan
2024-10-19T12:00:00,83.789512,-68.422232,nan
2024-10-19T16:00:00,83.787560,-68.445864,nan
2024-10-19T20:00:00,83.787640,-68.563824,nan
2024-10-20T00:00:00,83.784856,-68.633504,nan
2024-10-20T04:00:00,83.773776,-68.718304,nan
2024-10-20T08:00:00,83.764392,-69.019528,nan
2024-10-20T12:00:00,83.762304,-69.273320,nan
2024-10-20T16:00:00,83.753264,-69.360872,nan
2024-10-20T20:00:00,83.745088,-69.536512,nan
2024-10-21T00:00:00,83.742736,-69.593288,nan
2024-10-21T04:00:00,83.733896,-69.561464,nan
2024-10-21T08:00:00,83.731480,-69.587488,nan
2024-10-21T12:00:00,83.727560,-69.512872,nan
2024-10-21T16:00:00,83.718216,-69.393920,nan
2024-10-21T20:00:00,83.715232,-69.363600,nan
2024-10-22T00:00:00,83.712408,-69.276416,nan
2024-10-22T04:00:00,83.705760,-69.123600,nan
2024-10-22T08:00:00,83.701992,-69.062968,nan
2024-10-22T12:00:00,83.699520,-69.000088,nan
2024-10-22T16:00:00,83.693880,-68.871712,nan
2024-10-22T20:00:00,83.690024,-68.802168,nan
2024-10-23T00:00:00,83.687840,-68.764328,nan
2024-10-23T04:00:00,83.682960,-68.679336,nan
2024-10-23T08:00:00,83.679536,-68.622960,nan
2024-10-23T12:00:00,83.678408,-68.604960,nan
2024-10-23T16:00:00,83.676728,-68.568976,nan
2024-10-23T20:00:00,83.676096,-68.559200,nan
2024-10-24T00:00:00,83.675904,-68.568712,nan
2024-10-24T04:00:00,83.675752,-68.571936,nan
2024-10-24T08:00:00,83.675624,-68.604536,nan
2024-10-24T12:00:00,83.675968,-68.675608,nan
2024-10-24T20:00:00,83.675640,-68.783576,nan
2024-10-25T00:00:00,83.675808,-68.843632,nan
2024-10-25T04:00:00,83.676512,-68.871032,nan
2024-10-25T08:00:00,83.677088,-68.881832,nan
2024-10-25T12:00:00,83.676856,-68.890560,nan
2024-10-25T16:00:00,83.674224,-68.876368,nan
2024-10-25T20:00:00,83.673120,-68.857376,nan
2024-10-26T00:00:00,83.671832,-68.847152,nan
2024-10-26T04:00:00,83.670344,-68.825864,nan
2024-10-26T08:00:00,83.669384,-68.778768,nan
2024-10-26T12:00:00,83.668472,-68.754528,nan
2024-10-26T16:00:00,83.668464,-68.691528,nan
2024-10-26T20:00:00,83.668312,-68.502928,nan
2024-10-27T00:00:00,83.665896,-68.245984,nan
2024-10-27T04:00:00,83.658288,-67.978672,nan
2024-10-27T08:00:00,83.651568,-67.748712,nan
2024-10-27T12:00:00,83.648480,-67.611416,nan
2024-10-27T16:00:00,83.649264,-67.563488,nan
2024-10-27T20:00:00,83.651664,-67.512976,nan
2024-10-28T00:00:00,83.655248,-67.431112,nan
2024-10-28T08:00:00,83.659120,-67.372392,nan
2024-10-28T12:00:00,83.660328,-67.335216,nan
2024-10-28T16:00:00,83.661448,-67.327280,nan
2024-10-28T20:00:00,83.662136,-67.308192,nan
2024-10-29T00:00:00,83.660608,-67.246160,nan
2024-10-29T04:00:00,83.659472,-67.214328,nan
2024-10-29T12:00:00,83.657656,-67.079268,nan
2024-10-29T16:00:00,83.658816,-67.025000,nan
2024-10-29T20:00:00,83.659664,-66.918220,nan
2024-10-30T00:00:00,83.653512,-66.698180,nan
2024-10-30T04:00:00,83.644784,-66.322092,nan
2024-10-30T08:00:00,83.626720,-65.841468,nan
2024-10-30T12:00:00,83.604856,-65.307372,nan
2024-10-30T16:00:00,83.583432,-64.781732,nan
2024-10-30T20:00:00,83.559104,-64.316964,nan
2024-10-31T00:00:00,83.528968,-63.864048,nan
2024-10-31T04:00:00,83.502992,-63.436972,nan
2024-10-31T08:00:00,83.481696,-63.067388,nan
2024-10-31T12:00:00,83.457368,-62.709144,nan
2024-10-31T16:00:00,83.439168,-62.427228,nan
2024-10-31T20:00:00,83.430488,-62.234744,nan
2024-11-01T00:00:00,83.421080,-62.045616,nan
2024-11-01T04:00:00,83.413984,-61.904300,nan
2024-11-01T08:00:00,83.413496,-61.824336,nan
2024-11-01T12:00:00,83.410840,-61.753860,nan
2024-11-01T16:00:00,83.411312,-61.726044,nan
2024-11-01T20:00:00,83.412752,-61.722168,nan
2024-11-02T00:00:00,83.412216,-61.722464,nan
2024-11-02T04:00:00,83.410880,-61.727884,nan
2024-11-02T08:00:00,83.410104,-61.736568,nan
2024-11-02T12:00:00,83.407888,-61.739660,nan
2024-11-02T16:00:00,83.401712,-61.718336,nan
2024-11-02T20:00:00,83.400008,-61.705336,nan
2024-11-03T00:00:00,83.393600,-61.648544,nan
2024-11-03T04:00:00,83.381168,-61.545624,nan
2024-11-03T08:00:00,83.379312,-61.507456,nan
2024-11-03T12:00:00,83.379472,-61.457948,nan
2024-11-03T16:00:00,83.375744,-61.384492,nan
2024-11-04T00:00:00,83.383376,-61.353196,nan
2024-11-04T04:00:00,83.382056,-61.330640,nan
2024-11-04T08:00:00,83.384888,-61.384492,nan
2024-11-04T12:00:00,83.387304,-61.430328,nan
2024-11-04T16:00:00,83.381280,-61.424928,nan
2024-11-04T20:00:00,83.375864,-61.452536,nan
2024-11-05T00:00:00,83.371360,-61.489816,nan
2024-11-05T04:00:00,83.358048,-61.518788,nan
2024-11-05T08:00:00,83.353888,-61.530396,nan
2024-11-05T12:00:00,83.352824,-61.522508,nan
2024-11-05T16:00:00,83.346744,-61.498780,nan
