datetime,lat,lon,elev
2024-05-04T00:00:00,84.788632,-69.425016,nan
2024-05-04T04:00:00,84.788976,-69.425744,nan
2024-05-04T08:00:00,84.789032,-69.423888,nan
2024-05-04T12:00:00,84.788944,-69.413984,nan
2024-05-04T16:00:00,84.789280,-69.385816,nan
2024-05-04T20:00:00,84.790608,-69.361288,nan
2024-05-05T00:00:00,84.790888,-69.333784,nan
2024-05-05T04:00:00,84.791256,-69.331408,nan
2024-05-05T08:00:00,84.792808,-69.330736,nan
2024-05-05T12:00:00,84.794168,-69.318432,nan
2024-05-05T16:00:00,84.796512,-69.326808,nan
2024-05-05T20:00:00,84.800336,-69.347656,nan
2024-05-06T00:00:00,84.799624,-69.378624,nan
2024-05-06T04:00:00,84.798248,-69.460280,nan
2024-05-06T08:00:00,84.798872,-69.547312,nan
2024-05-06T12:00:00,84.797232,-69.596184,nan
2024-05-06T16:00:00,84.795880,-69.633624,nan
2024-05-06T20:00:00,84.794120,-69.624120,nan
2024-05-07T00:00:00,84.790408,-69.572568,nan
2024-05-07T04:00:00,84.788704,-69.527688,nan
2024-05-07T08:00:00,84.787736,-69.483920,nan
2024-05-07T12:00:00,84.784856,-69.409952,nan
2024-05-07T16:00:00,84.781328,-69.345536,nan
2024-05-07T20:00:00,84.778216,-69.292776,nan
2024-05-08T00:00:00,84.772976,-69.221480,nan
2024-05-08T04:00:00,84.769808,-69.182320,nan
2024-05-08T08:00:00,84.768712,-69.166512,nan
2024-05-08T12:00:00,84.765112,-69.111640,nan
2024-05-08T16:00:00,84.763000,-69.069160,nan
2024-05-08T20:00:00,84.762800,-69.051920,nan
2024-05-09T00:00:00,84.763248,-69.010168,nan
2024-05-09T04:00:00,84.763224,-69.005112,nan
2024-05-09T08:00:00,84.763640,-69.004032,nan
2024-05-09T12:00:00,84.763552,-69.003584,nan
2024-05-09T16:00:00,84.763552,-69.003392,nan
2024-05-09T20:00:00,84.763600,-69.004024,nan
2024-05-10T00:00:00,84.763552,-69.003872,nan
2024-05-10T04:00:00,84.763576,-69.004248,nan
2024-05-10T08:00:00,84.763608,-69.009688,nan
2024-05-10T12:00:00,84.763112,-69.010744,nan
2024-05-10T16:00:00,84.762848,-69.012816,nan
2024-05-10T20:00:00,84.762112,-69.030648,nan
2024-05-11T00:00:00,84.760840,-69.049224,nan
2024-05-11T04:00:00,84.760272,-69.062336,nan
2024-05-11T08:00:00,84.758304,-69.107168,nan
2024-05-11T12:00:00,84.755576,-69.154496,nan
2024-05-11T16:00:00,84.751688,-69.190848,nan
2024-05-11T20:00:00,84.748232,-69.239488,nan
2024-05-12T00:00:00,84.744960,-69.264184,nan
2024-05-12T04:00:00,84.744264,-69.263112,nan
2024-05-12T12:00:00,84.741336,-69.253384,nan
2024-05-12T16:00:00,84.740368,-69.230216,nan
2024-05-12T20:00:00,84.739760,-69.212992,nan
2024-05-13T00:00:00,84.738880,-69.188384,nan
2024-05-13T04:00:00,84.738856,-69.167944,nan
2024-05-13T08:00:00,84.739264,-69.154248,nan
2024-05-13T12:00:00,84.739992,-69.124032,nan
2024-05-13T16:00:00,84.741920,-69.069376,nan
2024-05-13T20:00:00,84.744856,-68.997312,nan
2024-05-14T00:00:00,84.746344,-68.906320,nan
2024-05-14T04:00:00,84.747760,-68.813752,nan
2024-05-14T08:00:00,84.750296,-68.708416,nan
2024-05-14T12:00:00,84.753008,-68.591696,nan
2024-05-14T16:00:00,84.755848,-68.424480,nan
2024-05-14T20:00:00,84.758592,-68.226264,nan
2024-05-15T00:00:00,84.760096,-68.025456,nan
2024-05-15T04:00:00,84.761128,-67.849712,nan
2024-05-15T12:00:00,84.771080,-67.512200,nan
2024-05-15T16:00:00,84.775208,-67.287968,nan
2024-05-15T20:00:00,84.776736,-67.033720,nan
2024-05-16T00:00:00,84.775896,-66.833360,nan
2024-05-16T04:00:00,84.773304,-66.695060,nan
2024-05-16T08:00:00,84.772032,-66.570564,nan
2024-05-16T12:00:00,84.774616,-66.471748,nan
2024-05-16T16:00:00,84.777912,-66.380476,nan
2024-05-16T20:00:00,84.778632,-66.258432,nan
2024-05-17T00:00:00,84.776440,-66.137176,nan
2024-05-17T04:00:00,84.771064,-66.038756,nan
2024-05-17T08:00:00,84.769288,-66.002312,nan
2024-05-17T12:00:00,84.769352,-66.000076,nan
2024-05-17T16:00:00,84.769384,-65.995368,nan
2024-05-17T20:00:00,84.769848,-65.949248,nan
2024-05-18T00:00:00,84.772232,-65.888864,nan
2024-05-18T04:00:00,84.773240,-65.831316,nan
2024-05-18T12:00:00,84.774360,-65.814720,nan
2024-05-18T16:00:00,84.774632,-65.811768,nan
2024-05-18T20:00:00,84.774624,-65.809692,nan
2024-05-19T00:00:00,84.772016,-65.759864,nan
2024-05-19T04:00:00,84.771656,-65.749740,nan
2024-05-19T08:00:00,84.770528,-65.736864,nan
2024-05-19T12:00:00,84.769880,-65.730836,nan
2024-05-19T16:00:00,84.769896,-65.730056,nan
2024-05-19T20:00:00,84.769904,-65.729736,nan
2024-05-20T00:00:00,84.769848,-65.729868,nan
2024-05-20T04:00:00,84.769832,-65.731408,nan
2024-05-20T08:00:00,84.769792,-65.730196,nan
2024-05-20T12:00:00,84.769728,-65.730528,nan
2024-05-20T16:00:00,84.769576,-65.730592,nan
2024-05-20T20:00:00,84.769352,-65.731024,nan
2024-05-21T00:00:00,84.767232,-65.727348,nan
2024-05-21T04:00:00,84.766160,-65.723456,nan
2024-05-21T08:00:00,84.766088,-65.722368,nan
2024-05-21T12:00:00,84.766064,-65.721260,nan
2024-05-21T16:00:00,84.766296,-65.720848,nan
2024-05-21T20:00:00,84.766160,-65.720236,nan
2024-05-22T00:00:00,84.766232,-65.718972,nan
2024-05-22T04:00:00,84.766232,-65.719924,nan
2024-05-22T08:00:00,84.766208,-65.719856,nan
2024-05-22T12:00:00,84.766184,-65.720344,nan
2024-05-22T16:00:00,84.766144,-65.720696,nan
2024-05-22T20:00:00,84.766080,-65.721260,nan
2024-05-23T00:00:00,84.766032,-65.721092,nan
2024-05-23T04:00:00,84.766032,-65.721724,nan
2024-05-23T08:00:00,84.766008,-65.721564,nan
2024-05-23T12:00:00,84.765968,-65.721528,nan
2024-05-23T16:00:00,84.765968,-65.720976,nan
2024-05-23T20:00:00,84.765912,-65.721244,nan
2024-05-24T00:00:00,84.765936,-65.720420,nan
2024-05-24T04:00:00,84.765968,-65.720352,nan
2024-05-24T08:00:00,84.765976,-65.719848,nan
2024-05-24T12:00:00,84.766048,-65.719680,nan
2024-05-24T16:00:00,84.766168,-65.717964,nan
2024-05-24T20:00:00,84.766160,-65.717452,nan
2024-05-25T00:00:00,84.766184,-65.714172,nan
2024-05-25T04:00:00,84.765744,-65.658380,nan
2024-05-25T08:00:00,84.765064,-65.626280,nan
2024-05-25T12:00:00,84.760936,-65.568024,nan
2024-05-25T16:00:00,84.753864,-65.471880,nan
2024-05-25T20:00:00,84.750160,-65.400888,nan
2024-05-26T04:00:00,84.747144,-65.335260,nan
2024-05-26T08:00:00,84.747168,-65.336152,nan
2024-05-26T12:00:00,84.747088,-65.335020,nan
2024-05-26T16:00:00,84.747072,-65.334792,nan
2024-05-26T20:00:00,84.747072,-65.334488,nan
2024-05-27T00:00:00,84.747528,-65.330492,nan
2024-05-27T04:00:00,84.752752,-65.291724,nan
2024-05-27T08:00:00,84.756776,-65.292716,nan
2024-05-27T12:00:00,84.755064,-65.345648,nan
2024-05-27T16:00:00,84.750104,-65.418680,nan
2024-05-27T20:00:00,84.745088,-65.476152,nan
2024-05-28T00:00:00,84.740456,-65.500220,nan
2024-05-28T04:00:00,84.739760,-65.499740,nan
2024-05-28T08:00:00,84.739656,-65.499052,nan
2024-05-28T12:00:00,84.739552,-65.498468,nan
2024-05-28T16:00:00,84.739464,-65.496864,nan
2024-05-28T20:00:00,84.739304,-65.498084,nan
2024-05-29T00:00:00,84.739176,-65.497796,nan
2024-05-29T04:00:00,84.739056,-65.498312,nan
2024-05-29T08:00:00,84.738720,-65.504340,nan
2024-05-29T12:00:00,84.734952,-65.549392,nan
2024-05-29T16:00:00,84.730496,-65.606324,nan
2024-05-29T20:00:00,84.727008,-65.651856,nan
2024-05-30T00:00:00,84.726488,-65.657592,nan
2024-05-30T04:00:00,84.725352,-65.670332,nan
2024-05-30T08:00:00,84.725216,-65.672316,nan
2024-05-30T12:00:00,84.725112,-65.673240,nan
2024-05-30T16:00:00,84.725192,-65.665756,nan
2024-05-30T20:00:00,84.726680,-65.633180,nan
2024-05-31T00:00:00,84.729816,-65.588188,nan
2024-05-31T08:00:00,84.740800,-65.537428,nan
2024-05-31T12:00:00,84.744304,-65.520988,nan
2024-05-31T16:00:00,84.744664,-65.513840,nan
2024-05-31T20:00:00,84.742744,-65.503768,nan
2024-06-01T00:00:00,84.739456,-65.500680,nan
2024-06-01T04:00:00,84.736376,-65.502336,nan
2024-06-01T08:00:00,84.733664,-65.511680,nan
2024-06-01T12:00:00,84.729808,-65.530496,nan
2024-06-01T16:00:00,84.725784,-65.551628,nan
2024-06-01T20:00:00,84.724752,-65.552636,nan
2024-06-02T00:00:00,84.723992,-65.552672,nan
2024-06-02T04:00:00,84.723648,-65.553496,nan
2024-06-02T08:00:00,84.723568,-65.551620,nan
2024-06-02T12:00:00,84.722920,-65.536768,nan
2024-06-02T16:00:00,84.722392,-65.521660,nan
2024-06-02T20:00:00,84.722144,-65.498428,nan
2024-06-03T00:00:00,84.721384,-65.462516,nan
2024-06-03T04:00:00,84.721472,-65.452676,nan
2024-06-03T08:00:00,84.721304,-65.427652,nan
2024-06-03T12:00:00,84.721344,-65.422248,nan
2024-06-03T16:00:00,84.721512,-65.417572,nan
2024-06-03T20:00:00,84.721648,-65.409148,nan
2024-06-04T00:00:00,84.721880,-65.401040,nan
2024-06-04T04:00:00,84.721832,-65.397744,nan
2024-06-04T08:00:00,84.721984,-65.395332,nan
2024-06-04T12:00:00,84.722392,-65.391580,nan
2024-06-04T16:00:00,84.724008,-65.377784,nan
2024-06-04T20:00:00,84.726032,-65.354248,nan
2024-06-05T00:00:00,84.728648,-65.322000,nan
2024-06-05T04:00:00,84.729488,-65.304124,nan
2024-06-05T08:00:00,84.729776,-65.299452,nan
2024-06-05T12:00:00,84.729808,-65.295388,nan
2024-06-05T16:00:00,84.729696,-65.295732,nan
2024-06-05T20:00:00,84.729536,-65.296692,nan
2024-06-06T00:00:00,84.729144,-65.295412,nan
2024-06-06T08:00:00,84.726816,-65.311012,nan
2024-06-06T12:00:00,84.724616,-65.329576,nan
2024-06-06T16:00:00,84.722032,-65.367340,nan
2024-06-06T20:00:00,84.720648,-65.393348,nan
2024-06-07T00:00:00,84.720232,-65.402352,nan
2024-06-07T04:00:00,84.719032,-65.421752,nan
2024-06-07T08:00:00,84.716416,-65.461768,nan
2024-06-07T12:00:00,84.713784,-65.502336,nan
2024-06-07T16:00:00,84.711920,-65.530076,nan
2024-06-07T20:00:00,84.709816,-65.570732,nan
2024-06-08T00:00:00,84.709816,-65.571388,nan
2024-06-08T04:00:00,84.709776,-65.571024,nan
2024-06-08T08:00:00,84.709856,-65.571428,nan
2024-06-08T12:00:00,84.709784,-65.570960,nan
2024-06-08T16:00:00,84.709800,-65.570932,nan
2024-06-08T20:00:00,84.709800,-65.572204,nan
2024-06-09T00:00:00,84.709864,-65.583016,nan
2024-06-09T08:00:00,84.707704,-65.798796,nan
2024-06-09T12:00:00,84.702808,-65.856072,nan
2024-06-09T16:00:00,84.696768,-65.944540,nan
2024-06-09T20:00:00,84.692808,-66.124132,nan
2024-06-10T00:00:00,84.692176,-66.350724,nan
2024-06-10T04:00:00,84.686856,-66.511932,nan
2024-06-10T08:00:00,84.678560,-66.631128,nan
2024-06-10T12:00:00,84.670304,-66.786096,nan
2024-06-10T16:00:00,84.661176,-66.942140,nan
2024-06-10T20:00:00,84.653400,-67.112288,nan
2024-06-11T00:00:00,84.644224,-67.244808,nan
2024-06-11T04:00:00,84.633376,-67.341888,nan
2024-06-11T08:00:00,84.624296,-67.412696,nan
2024-06-11T12:00:00,84.614760,-67.432608,nan
2024-06-11T16:00:00,84.604936,-67.440960,nan
2024-06-11T20:00:00,84.597880,-67.469416,nan
2024-06-12T00:00:00,84.588848,-67.500016,nan
2024-06-12T08:00:00,84.575048,-67.587680,nan
2024-06-12T12:00:00,84.568312,-67.669232,nan
2024-06-12T16:00:00,84.558528,-67.788056,nan
2024-06-12T20:00:00,84.549720,-67.879248,nan
2024-06-13T00:00:00,84.538776,-67.969336,nan
2024-06-13T04:00:00,84.529080,-68.048504,nan
2024-06-13T08:00:00,84.522576,-68.084704,nan
2024-06-13T12:00:00,84.516872,-68.116448,nan
2024-06-13T16:00:00,84.510176,-68.139632,nan
2024-06-13T20:00:00,84.504344,-68.140936,nan
2024-06-14T00:00:00,84.496088,-68.131976,nan
2024-06-14T04:00:00,84.489400,-68.108296,nan
2024-06-14T08:00:00,84.488264,-68.041616,nan
2024-06-14T12:00:00,84.488320,-67.959568,nan
2024-06-14T16:00:00,84.487952,-67.878704,nan
2024-06-14T20:00:00,84.489464,-67.796144,nan
2024-06-15T00:00:00,84.491600,-67.744608,nan
2024-06-15T04:00:00,84.493792,-67.715584,nan
2024-06-15T08:00:00,84.497016,-67.686512,nan
2024-06-15T12:00:00,84.500008,-67.658648,nan
2024-06-15T16:00:00,84.503048,-67.630888,nan
2024-06-15T20:00:00,84.506136,-67.601136,nan
2024-06-16T00:00:00,84.508480,-67.588528,nan
2024-06-16T04:00:00,84.510120,-67.591392,nan
2024-06-16T08:00:00,84.511832,-67.603544,nan
2024-06-16T12:00:00,84.512312,-67.631344,nan
2024-06-16T16:00:00,84.510576,-67.680976,nan
2024-06-16T20:00:00,84.507488,-67.745488,nan
2024-06-17T00:00:00,84.504096,-67.811520,nan
2024-06-17T04:00:00,84.499896,-67.893960,nan
2024-06-17T08:00:00,84.495608,-67.963744,nan
2024-06-17T12:00:00,84.490088,-68.042240,nan
2024-06-17T16:00:00,84.483744,-68.137840,nan
2024-06-17T20:00:00,84.478192,-68.242792,nan
2024-06-18T00:00:00,84.472120,-68.345800,nan
2024-06-18T04:00:00,84.464568,-68.452272,nan
2024-06-18T08:00:00,84.457016,-68.562304,nan
2024-06-18T12:00:00,84.448416,-68.673656,nan
2024-06-18T16:00:00,84.439896,-68.835512,nan
2024-06-18T20:00:00,84.433808,-68.984304,nan
2024-06-19T00:00:00,84.428368,-69.108968,nan
2024-06-19T08:00:00,84.421384,-69.334112,nan
2024-06-19T12:00:00,84.419520,-69.403688,nan
2024-06-19T16:00:00,84.418968,-69.485968,nan
2024-06-19T20:00:00,84.420400,-69.565288,nan
2024-06-20T00:00:00,84.420520,-69.611192,nan
2024-06-20T04:00:00,84.419336,-69.665224,nan
2024-06-20T08:00:00,84.418280,-69.730648,nan
2024-06-20T12:00:00,84.415928,-69.760440,nan
2024-06-20T16:00:00,84.412728,-69.802952,nan
2024-06-20T20:00:00,84.409640,-69.855864,nan
2024-06-21T00:00:00,84.405440,-69.880840,nan
2024-06-21T04:00:00,84.400280,-69.927832,nan
2024-06-21T08:00:00,84.395336,-69.996768,nan
2024-06-21T12:00:00,84.388376,-70.051536,nan
2024-06-21T16:00:00,84.380528,-70.157192,nan
2024-06-21T20:00:00,84.375392,-70.280736,nan
2024-06-22T00:00:00,84.368448,-70.390816,nan
2024-06-22T04:00:00,84.359904,-70.514320,nan
2024-06-22T08:00:00,84.351904,-70.694184,nan
2024-06-22T12:00:00,84.343208,-70.844904,nan
2024-06-22T16:00:00,84.333864,-70.978264,nan
2024-06-22T20:00:00,84.325736,-71.141488,nan
2024-06-23T00:00:00,84.316752,-71.257048,nan
2024-06-23T04:00:00,84.305560,-71.358416,nan
2024-06-23T08:00:00,84.294304,-71.483144,nan
2024-06-23T12:00:00,84.281120,-71.578344,nan
2024-06-23T16:00:00,84.264624,-71.662576,nan
2024-06-23T20:00:00,84.249136,-71.778424,nan
2024-06-24T00:00:00,84.233992,-71.811488,nan
2024-06-24T04:00:00,84.218448,-71.789096,nan
2024-06-24T08:00:00,84.208880,-71.760840,nan
2024-06-24T12:00:00,84.201032,-71.628928,nan
2024-06-24T16:00:00,84.193192,-71.541632,nan
2024-06-24T20:00:00,84.189616,-71.552240,nan
2024-06-25T00:00:00,84.188120,-71.541928,nan
2024-06-25T04:00:00,84.187016,-71.526784,nan
2024-06-25T08:00:00,84.187088,-71.522808,nan
2024-06-25T12:00:00,84.187416,-71.497704,nan
2024-06-25T16:00:00,84.186640,-71.451736,nan
2024-06-25T20:00:00,84.181176,-71.409848,nan
2024-06-26T00:00:00,84.174408,-71.374448,nan
2024-06-26T04:00:00,84.169984,-71.340960,nan
2024-06-26T08:00:00,84.169472,-71.327320,nan
2024-06-26T12:00:00,84.166456,-71.246504,nan
2024-06-26T16:00:00,84.163408,-71.095616,nan
2024-06-26T20:00:00,84.160008,-70.952288,nan
2024-06-27T00:00:00,84.158272,-70.892256,nan
2024-06-27T04:00:00,84.159624,-70.858600,nan
2024-06-27T08:00:00,84.160816,-70.825008,nan
2024-06-27T12:00:00,84.161400,-70.817584,nan
2024-06-27T16:00:00,84.161648,-70.810584,nan
2024-06-27T20:00:00,84.161688,-70.808232,nan
2024-06-28T04:00:00,84.161616,-70.807216,nan
2024-06-28T08:00:00,84.161648,-70.806520,nan
2024-06-28T12:00:00,84.161664,-70.806184,nan
2024-06-28T16:00:00,84.161704,-70.805384,nan
2024-06-28T20:00:00,84.161704,-70.804864,nan
2024-06-29T00:00:00,84.161728,-70.804768,nan
2024-06-29T04:00:00,84.161680,-70.804176,nan
2024-06-29T08:00:00,84.161664,-70.803488,nan
2024-06-29T12:00:00,84.161688,-70.804080,nan
2024-06-29T16:00:00,84.161632,-70.804616,nan
2024-06-29T20:00:00,84.161440,-70.810240,nan
2024-06-30T00:00:00,84.161184,-70.823344,nan
2024-06-30T04:00:00,84.160776,-70.833584,nan
2024-06-30T08:00:00,84.160328,-70.850160,nan
2024-06-30T12:00:00,84.159800,-70.883040,nan
2024-06-30T16:00:00,84.158936,-70.929928,nan
2024-06-30T20:00:00,84.158272,-70.990816,nan
2024-07-01T00:00:00,84.157832,-71.073544,nan
2024-07-01T04:00:00,84.158576,-71.158160,nan
2024-07-01T08:00:00,84.159624,-71.201896,nan
2024-07-01T12:00:00,84.161784,-71.271888,nan
2024-07-01T16:00:00,84.166344,-71.387192,nan
2024-07-01T20:00:00,84.167144,-71.499152,nan
2024-07-02T00:00:00,84.161952,-71.709432,nan
2024-07-02T04:00:00,84.159648,-71.931432,nan
2024-07-02T08:00:00,84.156912,-72.090968,nan
2024-07-02T12:00:00,84.154288,-72.211312,nan
2024-07-02T16:00:00,84.155808,-72.321960,nan
2024-07-02T20:00:00,84.160008,-72.377368,nan
2024-07-03T00:00:00,84.162312,-72.401248,nan
2024-07-03T04:00:00,84.161552,-72.449944,nan
2024-07-03T08:00:00,84.160448,-72.492760,nan
2024-07-03T12:00:00,84.158672,-72.510648,nan
2024-07-03T16:00:00,84.155424,-72.553720,nan
2024-07-03T20:00:00,84.152224,-72.592640,nan
2024-07-04T04:00:00,84.144064,-72.653712,nan
2024-07-04T08:00:00,84.140328,-72.703528,nan
2024-07-04T12:00:00,84.136584,-72.726720,nan
2024-07-04T16:00:00,84.130792,-72.798008,nan
2024-07-04T20:00:00,84.126664,-72.891344,nan
2024-07-05T00:00:00,84.122912,-72.936928,nan
2024-07-05T04:00:00,84.115792,-72.995312,nan
2024-07-05T08:00:00,84.110424,-73.052944,nan
2024-07-05T12:00:00,84.105920,-73.072272,nan
2024-07-05T16:00:00,84.100504,-73.108296,nan
2024-07-05T20:00:00,84.095560,-73.168392,nan
2024-07-06T00:00:00,84.092792,-73.176280,nan
2024-07-06T04:00:00,84.088520,-73.184952,nan
2024-07-06T08:00:00,84.085776,-73.234600,nan
2024-07-06T12:00:00,84.084480,-73.250728,nan
2024-07-06T16:00:00,84.081696,-73.303856,nan
2024-07-06T20:00:00,84.082424,-73.423488,nan
2024-07-07T00:00:00,84.084016,-73.475144,nan
2024-07-07T04:00:00,84.080872,-73.504376,nan
2024-07-07T08:00:00,84.076712,-73.549968,nan
2024-07-07T12:00:00,84.073776,-73.574784,nan
2024-07-07T16:00:00,84.068856,-73.582696,nan
2024-07-07T20:00:00,84.064672,-73.633752,nan
2024-07-08T00:00:00,84.062024,-73.641000,nan
2024-07-08T04:00:00,84.055768,-73.637552,nan
2024-07-08T08:00:00,84.051824,-73.683264,nan
2024-07-08T12:00:00,84.047744,-73.708408,nan
2024-07-08T16:00:00,84.042688,-73.729464,nan
2024-07-08T20:00:00,84.038432,-73.792936,nan
2024-07-09T00:00:00,84.035152,-73.831928,nan
2024-07-09T04:00:00,84.030544,-73.835280,nan
2024-07-09T08:00:00,84.025544,-73.879096,nan
2024-07-09T12:00:00,84.021168,-73.911160,nan
2024-07-09T16:00:00,84.013592,-73.920016,nan
2024-07-09T20:00:00,84.001680,-73.947744,nan
2024-07-10T00:00:00,83.991080,-73.931448,nan
2024-07-10T04:00:00,83.980392,-73.808752,nan
2024-07-10T08:00:00,83.974256,-73.696224,nan
2024-07-10T12:00:00,83.972904,-73.587600,nan
2024-07-10T16:00:00,83.971432,-73.470448,nan
2024-07-10T20:00:00,83.969904,-73.402248,nan
2024-07-11T00:00:00,83.969392,-73.360200,nan
2024-07-11T04:00:00,83.966608,-73.267424,nan
2024-07-11T08:00:00,83.964320,-73.185912,nan
2024-07-11T12:00:00,83.965384,-73.092712,nan
2024-07-11T16:00:00,83.965096,-72.956104,nan
2024-07-11T20:00:00,83.964664,-72.866048,nan
2024-07-12T00:00:00,83.963536,-72.811832,nan
2024-07-12T04:00:00,83.963160,-72.766680,nan
2024-07-12T08:00:00,83.963176,-72.743504,nan
2024-07-12T12:00:00,83.963768,-72.734960,nan
2024-07-12T16:00:00,83.965000,-72.692888,nan
2024-07-12T20:00:00,83.966416,-72.678536,nan
2024-07-13T00:00:00,83.968304,-72.694808,nan
2024-07-13T04:00:00,83.968192,-72.713792,nan
2024-07-13T08:00:00,83.967736,-72.774288,nan
2024-07-13T12:00:00,83.970136,-72.829824,nan
2024-07-13T16:00:00,83.971352,-72.844320,nan
2024-07-13T20:00:00,83.971200,-72.897024,nan
2024-07-14T00:00:00,83.976040,-73.037536,nan
2024-07-14T04:00:00,83.981240,-73.105232,nan
2024-07-14T08:00:00,83.980760,-73.130192,nan
2024-07-14T12:00:00,83.977312,-73.195464,nan
2024-07-14T16:00:00,83.978952,-73.229496,nan
2024-07-14T20:00:00,83.976904,-73.216448,nan
2024-07-15T00:00:00,83.973376,-73.259040,nan
2024-07-15T04:00:00,83.973416,-73.270808,nan
2024-07-15T08:00:00,83.970280,-73.252784,nan
2024-07-15T12:00:00,83.969264,-73.265328,nan
2024-07-15T16:00:00,83.967840,-73.259872,nan
2024-07-15T20:00:00,83.963400,-73.238512,nan
2024-07-16T04:00:00,83.955960,-73.215264,nan
2024-07-16T08:00:00,83.952568,-73.172024,nan
2024-07-16T12:00:00,83.950488,-73.131472,nan
2024-07-16T16:00:00,83.947912,-73.077384,nan
2024-07-16T20:00:00,83.946080,-73.016192,nan
2024-07-17T00:00:00,83.944696,-72.975016,nan
2024-07-17T04:00:00,83.944688,-72.967904,nan
2024-07-17T08:00:00,83.944672,-72.946032,nan
2024-07-17T12:00:00,83.945208,-72.922520,nan
2024-07-17T16:00:00,83.945624,-72.912648,nan
2024-07-17T20:00:00,83.946008,-72.903080,nan
2024-07-18T00:00:00,83.946904,-72.884120,nan
2024-07-18T04:00:00,83.944272,-72.809616,nan
2024-07-18T08:00:00,83.940472,-72.691512,nan
2024-07-18T12:00:00,83.940960,-72.601448,nan
2024-07-18T16:00:00,83.941240,-72.517160,nan
2024-07-18T20:00:00,83.941112,-72.432152,nan
2024-07-19T00:00:00,83.943056,-72.343184,nan
2024-07-19T04:00:00,83.944912,-72.257720,nan
2024-07-19T08:00:00,83.945640,-72.173288,nan
2024-07-19T12:00:00,83.946792,-72.088080,nan
2024-07-19T16:00:00,83.946144,-71.991576,nan
2024-07-19T20:00:00,83.946680,-71.980392,nan
2024-07-20T00:00:00,83.946976,-71.975584,nan
2024-07-20T04:00:00,83.946784,-71.978176,nan
2024-07-20T08:00:00,83.946632,-71.978240,nan
2024-07-20T12:00:00,83.946520,-71.952128,nan
2024-07-21T00:00:00,83.946616,-71.851960,nan
2024-07-21T04:00:00,83.946216,-71.777968,nan
2024-07-21T08:00:00,83.946504,-71.712256,nan
2024-07-21T12:00:00,83.941520,-71.497896,nan
2024-07-21T16:00:00,83.931472,-71.339816,nan
2024-07-21T20:00:00,83.930696,-71.277264,nan
2024-07-22T00:00:00,83.929680,-71.143032,nan
2024-07-22T04:00:00,83.929552,-71.034768,nan
2024-07-22T08:00:00,83.930744,-70.994432,nan
2024-07-22T12:00:00,83.933912,-70.936680,nan
2024-07-22T16:00:00,83.935456,-70.891552,nan
2024-07-22T20:00:00,83.936320,-70.891344,nan
2024-07-23T00:00:00,83.938160,-70.911840,nan
2024-07-23T04:00:00,83.941944,-70.966416,nan
2024-07-23T08:00:00,83.948104,-71.077248,nan
2024-07-23T12:00:00,83.952336,-71.164224,nan
2024-07-23T16:00:00,83.954816,-71.246528,nan
2024-07-23T20:00:00,83.956424,-71.358264,nan
2024-07-24T00:00:00,83.955048,-71.403656,nan
2024-07-24T04:00:00,83.953144,-71.405200,nan
2024-07-24T08:00:00,83.952440,-71.438616,nan
2024-07-24T12:00:00,83.952512,-71.463616,nan
2024-07-24T16:00:00,83.952456,-71.524424,nan
2024-07-24T20:00:00,83.956112,-71.656112,nan
2024-07-25T00:00:00,83.958520,-71.778408,nan
2024-07-25T04:00:00,83.961344,-71.884816,nan
2024-07-25T08:00:00,83.965256,-72.024336,nan
2024-07-25T12:00:00,83.966360,-72.136960,nan
2024-07-25T16:00:00,83.965552,-72.203960,nan
2024-07-25T20:00:00,83.964448,-72.290888,nan
2024-07-26T00:00:00,83.962696,-72.351600,nan
2024-07-26T04:00:00,83.959832,-72.360704,nan
2024-07-26T08:00:00,83.958952,-72.401624,nan
2024-07-26T12:00:00,83.958728,-72.447400,nan
2024-07-26T16:00:00,83.956216,-72.456176,nan
2024-07-26T20:00:00,83.955432,-72.515504,nan
2024-07-27T00:00:00,83.957248,-72.593960,nan
2024-07-27T04:00:00,83.957280,-72.649608,nan
2024-07-27T08:00:00,83.960120,-72.763208,nan
2024-07-27T12:00:00,83.967176,-72.916480,nan
2024-07-27T16:00:00,83.972560,-73.045000,nan
2024-07-27T20:00:00,83.976696,-73.198536,nan
2024-07-28T00:00:00,83.982128,-73.358832,nan
2024-07-28T04:00:00,83.983864,-73.458296,nan
2024-07-28T08:00:00,83.982800,-73.578328,nan
2024-07-28T12:00:00,83.984712,-73.715104,nan
2024-07-28T16:00:00,83.984552,-73.794528,nan
2024-07-28T20:00:00,83.982184,-73.860696,nan
2024-07-29T00:00:00,83.978912,-73.945088,nan
2024-07-29T04:00:00,83.975368,-73.981008,nan
2024-07-29T08:00:00,83.969176,-73.982304,nan
2024-07-29T12:00:00,83.960592,-73.993752,nan
2024-07-29T16:00:00,83.950088,-73.969672,nan
2024-07-29T20:00:00,83.939928,-73.905536,nan
2024-07-30T00:00:00,83.934528,-73.826896,nan
2024-07-30T04:00:00,83.933952,-73.730264,nan
2024-07-30T08:00:00,83.935056,-73.657552,nan
2024-07-30T12:00:00,83.936832,-73.628032,nan
2024-07-30T16:00:00,83.939008,-73.631160,nan
2024-07-30T20:00:00,83.940304,-73.650448,nan
2024-07-31T04:00:00,83.939280,-73.736392,nan
2024-07-31T08:00:00,83.935152,-73.761792,nan
2024-07-31T12:00:00,83.931104,-73.757728,nan
2024-07-31T16:00:00,83.928632,-73.722672,nan
2024-07-31T20:00:00,83.925688,-73.643288,nan
2024-08-01T00:00:00,83.923728,-73.577296,nan
2024-08-01T04:00:00,83.924056,-73.551416,nan
2024-08-01T08:00:00,83.926608,-73.489400,nan
2024-08-01T12:00:00,83.928248,-73.413152,nan
2024-08-01T16:00:00,83.928992,-73.391656,nan
2024-08-01T20:00:00,83.930536,-73.379232,nan
2024-08-02T00:00:00,83.930120,-73.376552,nan
2024-08-02T04:00:00,83.929264,-73.405672,nan
2024-08-02T08:00:00,83.928976,-73.427880,nan
2024-08-02T12:00:00,83.927144,-73.458376,nan
2024-08-02T16:00:00,83.926272,-73.540480,nan
2024-08-02T20:00:00,83.928040,-73.606360,nan
2024-08-03T00:00:00,83.927608,-73.626960,nan
2024-08-03T04:00:00,83.925728,-73.643296,nan
2024-08-03T08:00:00,83.923976,-73.617672,nan
2024-08-03T12:00:00,83.922024,-73.546544,nan
2024-08-03T16:00:00,83.920816,-73.506136,nan
2024-08-03T20:00:00,83.921608,-73.490016,nan
2024-08-04T00:00:00,83.921248,-73.435472,nan
2024-08-04T04:00:00,83.920712,-73.389096,nan
2024-08-04T08:00:00,83.920544,-73.328824,nan
2024-08-04T12:00:00,83.917512,-73.184456,nan
2024-08-04T16:00:00,83.912608,-73.020320,nan
2024-08-04T20:00:00,83.911600,-72.901512,nan
2024-08-05T00:00:00,83.913976,-72.769680,nan
2024-08-05T04:00:00,83.916264,-72.625192,nan
2024-08-05T08:00:00,83.920352,-72.479848,nan
2024-08-05T12:00:00,83.923792,-72.367184,nan
2024-08-05T16:00:00,83.926112,-72.274872,nan
2024-08-05T20:00:00,83.930264,-72.211808,nan
2024-08-06T00:00:00,83.934928,-72.081384,nan
2024-08-06T04:00:00,83.934576,-71.937560,nan
2024-08-06T08:00:00,83.932144,-71.838360,nan
2024-08-06T12:00:00,83.933088,-71.743344,nan
2024-08-06T16:00:00,83.936624,-71.668944,nan
2024-08-07T00:00:00,83.953392,-71.631584,nan
2024-08-07T04:00:00,83.953888,-71.535888,nan
2024-08-07T08:00:00,83.941784,-71.446552,nan
2024-08-07T12:00:00,83.936848,-71.356408,nan
2024-08-07T16:00:00,83.934128,-71.246184,nan
2024-08-07T20:00:00,83.931360,-71.147920,nan
2024-08-08T00:00:00,83.930864,-71.040568,nan
2024-08-08T04:00:00,83.930088,-70.937616,nan
2024-08-08T08:00:00,83.927960,-70.877192,nan
2024-08-08T12:00:00,83.925904,-70.822968,nan
2024-08-08T16:00:00,83.924736,-70.763816,nan
2024-08-08T20:00:00,83.922816,-70.730272,nan
2024-08-09T00:00:00,83.922048,-70.707512,nan
2024-08-09T04:00:00,83.921248,-70.658088,nan
2024-08-09T08:00:00,83.920792,-70.634344,nan
2024-08-09T12:00:00,83.920920,-70.619456,nan
2024-08-09T16:00:00,83.919776,-70.580776,nan
2024-08-09T20:00:00,83.918792,-70.570224,nan
2024-08-10T00:00:00,83.918248,-70.565464,nan
2024-08-10T04:00:00,83.916200,-70.535328,nan
2024-08-10T08:00:00,83.914704,-70.543272,nan
2024-08-10T12:00:00,83.912992,-70.583056,nan
2024-08-10T16:00:00,83.912680,-70.627024,nan
2024-08-10T20:00:00,83.917872,-70.772360,nan
2024-08-11T00:00:00,83.925232,-70.942552,nan
2024-08-11T04:00:00,83.928272,-71.102504,nan
2024-08-11T08:00:00,83.933632,-71.289400,nan
2024-08-11T12:00:00,83.938456,-71.483336,nan
2024-08-11T16:00:00,83.940528,-71.623360,nan
2024-08-11T20:00:00,83.941160,-71.776272,nan
2024-08-12T00:00:00,83.943568,-71.881712,nan
2024-08-12T04:00:00,83.943016,-71.937792,nan
2024-08-12T08:00:00,83.942360,-72.030224,nan
2024-08-12T12:00:00,83.941144,-72.156312,nan
2024-08-12T16:00:00,83.937448,-72.250944,nan
2024-08-12T20:00:00,83.931856,-72.364192,nan
2024-08-13T00:00:00,83.928512,-72.476864,nan
2024-08-13T04:00:00,83.923424,-72.525776,nan
2024-08-13T08:00:00,83.918864,-72.587424,nan
2024-08-13T12:00:00,83.914040,-72.630248,nan
2024-08-13T16:00:00,83.907248,-72.640680,nan
2024-08-13T20:00:00,83.900440,-72.652720,nan
2024-08-14T00:00:00,83.897176,-72.664688,nan
2024-08-14T04:00:00,83.893328,-72.597016,nan
2024-08-14T08:00:00,83.884856,-72.526872,nan
2024-08-14T12:00:00,83.880648,-72.494400,nan
2024-08-14T16:00:00,83.876712,-72.410672,nan
2024-08-14T20:00:00,83.870192,-72.355816,nan
2024-08-15T00:00:00,83.872456,-72.283760,nan
2024-08-15T04:00:00,83.869344,-72.157688,nan
2024-08-15T08:00:00,83.866104,-72.075696,nan
2024-08-15T12:00:00,83.868648,-71.992376,nan
2024-08-15T16:00:00,83.866984,-71.883192,nan
2024-08-15T20:00:00,83.866696,-71.825520,nan
2024-08-16T00:00:00,83.869080,-71.736872,nan
2024-08-16T04:00:00,83.868240,-71.638088,nan
2024-08-16T08:00:00,83.867688,-71.605504,nan
2024-08-16T12:00:00,83.869000,-71.582160,nan
2024-08-16T16:00:00,83.871072,-71.606328,nan
2024-08-16T20:00:00,83.872408,-71.655464,nan
2024-08-17T00:00:00,83.872024,-71.615640,nan
2024-08-17T04:00:00,83.859280,-71.401272,nan
2024-08-17T08:00:00,83.851528,-71.415232,nan
2024-08-17T16:00:00,83.859552,-71.217704,nan
2024-08-17T20:00:00,83.858176,-71.288176,nan
2024-08-18T00:00:00,83.871128,-71.311800,nan
2024-08-18T04:00:00,83.875016,-71.307232,nan
2024-08-18T08:00:00,83.879208,-71.445288,nan
2024-08-18T12:00:00,83.888152,-71.433440,nan
2024-08-18T16:00:00,83.881440,-71.380400,nan
2024-08-18T20:00:00,83.874920,-71.457992,nan
2024-08-19T00:00:00,83.876144,-71.308392,nan
2024-08-19T04:00:00,83.858400,-71.142312,nan
2024-08-19T08:00:00,83.853096,-71.170464,nan
2024-08-19T12:00:00,83.853216,-71.049648,nan
2024-08-19T16:00:00,83.844248,-70.913608,nan
2024-08-19T20:00:00,83.841192,-70.874120,nan
2024-08-20T00:00:00,83.841320,-70.767696,nan
2024-08-20T04:00:00,83.839592,-70.703328,nan
2024-08-20T08:00:00,83.839448,-70.743008,nan
2024-08-20T12:00:00,83.840008,-70.746864,nan
2024-08-20T16:00:00,83.844288,-70.835664,nan
2024-08-20T20:00:00,83.856376,-71.064336,nan
2024-08-21T00:00:00,83.876440,-71.248272,nan
2024-08-21T04:00:00,83.895592,-71.412928,nan
2024-08-21T08:00:00,83.915048,-71.677544,nan
2024-08-21T12:00:00,83.932248,-71.714744,nan
2024-08-21T16:00:00,83.917576,-71.559592,nan
2024-08-21T20:00:00,83.909880,-71.632952,nan
2024-08-22T00:00:00,83.908448,-71.332088,nan
2024-08-22T04:00:00,83.877128,-71.087864,nan
2024-08-22T08:00:00,83.873144,-71.242192,nan
2024-08-22T12:00:00,83.892832,-71.077632,nan
2024-08-22T16:00:00,83.876064,-70.916536,nan
2024-08-22T20:00:00,83.874328,-71.030632,nan
2024-08-23T00:00:00,83.886936,-70.835264,nan
2024-08-23T04:00:00,83.871712,-70.673904,nan
2024-08-23T08:00:00,83.874736,-70.749800,nan
2024-08-23T12:00:00,83.885912,-70.666368,nan
2024-08-23T16:00:00,83.877608,-70.588664,nan
2024-08-23T20:00:00,83.878960,-70.677008,nan
2024-08-24T00:00:00,83.887352,-70.673064,nan
2024-08-24T04:00:00,83.882856,-70.641760,nan
2024-08-24T08:00:00,83.885368,-70.736328,nan
2024-08-24T12:00:00,83.892128,-70.792376,nan
2024-08-24T16:00:00,83.891776,-70.829672,nan
2024-08-24T20:00:00,83.896032,-70.945280,nan
2024-08-25T00:00:00,83.905096,-71.042672,nan
2024-08-25T04:00:00,83.905480,-71.095976,nan
2024-08-25T08:00:00,83.906656,-71.177400,nan
2024-08-25T12:00:00,83.907176,-71.178400,nan
2024-08-25T16:00:00,83.898608,-71.114080,nan
2024-08-25T20:00:00,83.895712,-71.082840,nan
2024-08-26T00:00:00,83.895176,-71.068832,nan
2024-08-26T04:00:00,83.893288,-71.025152,nan
2024-08-26T08:00:00,83.892704,-71.012192,nan
2024-08-26T12:00:00,83.893112,-71.022800,nan
2024-08-26T16:00:00,83.892296,-71.037040,nan
2024-08-26T20:00:00,83.894848,-71.112688,nan
2024-08-27T00:00:00,83.897712,-71.206144,nan
2024-08-27T04:00:00,83.895176,-71.262168,nan
2024-08-27T08:00:00,83.892240,-71.300480,nan
2024-08-27T12:00:00,83.890392,-71.317800,nan
2024-08-27T16:00:00,83.887016,-71.273936,nan
2024-08-27T20:00:00,83.880368,-71.191360,nan
2024-08-28T04:00:00,83.873848,-70.991384,nan
2024-08-28T08:00:00,83.869520,-70.858256,nan
2024-08-28T12:00:00,83.867856,-70.748288,nan
2024-08-28T16:00:00,83.867520,-70.658248,nan
2024-08-28T20:00:00,83.866848,-70.572904,nan
2024-08-29T00:00:00,83.865960,-70.506872,nan
2024-08-29T04:00:00,83.866992,-70.455000,nan
2024-08-29T08:00:00,83.865632,-70.367928,nan
2024-08-29T12:00:00,83.864016,-70.280632,nan
2024-08-29T16:00:00,83.865232,-70.223896,nan
2024-08-29T20:00:00,83.867120,-70.151120,nan
2024-08-30T00:00:00,83.870488,-70.072936,nan
2024-08-30T04:00:00,83.872920,-70.001904,nan
2024-08-30T08:00:00,83.873584,-69.972992,nan
2024-08-30T12:00:00,83.876824,-70.005088,nan
2024-08-30T16:00:00,83.890200,-70.097960,nan
2024-08-30T20:00:00,83.904936,-70.181032,nan
2024-08-31T00:00:00,83.910512,-70.231784,nan
2024-08-31T04:00:00,83.914104,-70.324264,nan
2024-08-31T08:00:00,83.922320,-70.412560,nan
2024-08-31T12:00:00,83.922416,-70.419400,nan
2024-08-31T16:00:00,83.917384,-70.384944,nan
2024-08-31T20:00:00,83.903152,-70.273336,nan
2024-09-01T00:00:00,83.896952,-70.213760,nan
2024-09-01T04:00:00,83.900360,-70.228328,nan
2024-09-01T08:00:00,83.902888,-70.208448,nan
2024-09-01T12:00:00,83.899128,-70.177016,nan
2024-09-01T16:00:00,83.897920,-70.212120,nan
2024-09-01T20:00:00,83.899368,-70.255032,nan
2024-09-02T00:00:00,83.900016,-70.250016,nan
2024-09-02T04:00:00,83.900104,-70.244088,nan
2024-09-02T08:00:00,83.899128,-70.223408,nan
2024-09-02T12:00:00,83.897392,-70.175384,nan
2024-09-02T16:00:00,83.897504,-70.164848,nan
2024-09-02T20:00:00,83.899216,-70.188840,nan
2024-09-03T00:00:00,83.897840,-70.156072,nan
2024-09-03T04:00:00,83.896736,-70.119720,nan
2024-09-03T12:00:00,83.895560,-70.075952,nan
2024-09-03T16:00:00,83.894560,-70.044720,nan
2024-09-03T20:00:00,83.894184,-70.035496,nan
2024-09-04T00:00:00,83.892144,-69.972272,nan
2024-09-04T04:00:00,83.890488,-69.903816,nan
2024-09-04T08:00:00,83.890600,-69.869816,nan
2024-09-04T12:00:00,83.889344,-69.788520,nan
2024-09-04T16:00:00,83.888728,-69.705936,nan
2024-09-04T20:00:00,83.889912,-69.654296,nan
2024-09-05T00:00:00,83.891192,-69.601296,nan
2024-09-05T04:00:00,83.895296,-69.532048,nan
2024-09-05T08:00:00,83.899256,-69.481528,nan
2024-09-05T12:00:00,83.895552,-69.391024,nan
2024-09-05T16:00:00,83.893848,-69.235800,nan
2024-09-05T20:00:00,83.885736,-69.129856,nan
2024-09-06T00:00:00,83.881096,-68.998016,nan
2024-09-06T04:00:00,83.877624,-68.818648,nan
2024-09-06T08:00:00,83.876216,-68.680256,nan
2024-09-06T12:00:00,83.872256,-68.532992,nan
2024-09-06T16:00:00,83.867424,-68.368856,nan
2024-09-06T20:00:00,83.867104,-68.311872,nan
2024-09-07T00:00:00,83.867488,-68.255048,nan
2024-09-07T04:00:00,83.869576,-68.172520,nan
2024-09-07T08:00:00,83.877584,-68.140136,nan
2024-09-07T12:00:00,83.885624,-68.051296,nan
2024-09-07T16:00:00,83.887984,-67.905856,nan
2024-09-07T20:00:00,83.886688,-67.801024,nan
2024-09-08T00:00:00,83.879056,-67.411608,nan
2024-09-08T04:00:00,83.855104,-66.959624,nan
2024-09-08T08:00:00,83.841696,-66.722848,nan
2024-09-08T12:00:00,83.836968,-66.483040,nan
2024-09-08T16:00:00,83.826224,-66.174696,nan
2024-09-08T20:00:00,83.822144,-65.974176,nan
2024-09-09T00:00:00,83.820480,-65.764732,nan
2024-09-09T04:00:00,83.808528,-65.540404,nan
2024-09-09T08:00:00,83.804176,-65.456068,nan
2024-09-09T12:00:00,83.804192,-65.429308,nan
2024-09-09T16:00:00,83.802800,-65.405160,nan
2024-09-09T20:00:00,83.803280,-65.426368,nan
2024-09-10T00:00:00,83.804240,-65.464632,nan
2024-09-10T04:00:00,83.803296,-65.483512,nan
2024-09-10T08:00:00,83.803320,-65.525300,nan
2024-09-10T12:00:00,83.804504,-65.596808,nan
2024-09-10T16:00:00,83.804464,-65.638084,nan
2024-09-10T20:00:00,83.803744,-65.681992,nan
2024-09-11T00:00:00,83.802632,-65.744460,nan
2024-09-11T04:00:00,83.800728,-65.740012,nan
2024-09-11T08:00:00,83.799040,-65.722732,nan
2024-09-11T12:00:00,83.798968,-65.724348,nan
2024-09-11T16:00:00,83.798896,-65.717888,nan
2024-09-11T20:00:00,83.799160,-65.719620,nan
2024-09-12T00:00:00,83.800312,-65.740700,nan
2024-09-12T04:00:00,83.800496,-65.750044,nan
2024-09-12T08:00:00,83.800576,-65.758684,nan
2024-09-12T12:00:00,83.804088,-65.812820,nan
2024-09-12T16:00:00,83.812872,-65.884192,nan
2024-09-12T20:00:00,83.820960,-65.932428,nan
2024-09-13T00:00:00,83.826544,-65.987952,nan
2024-09-13T04:00:00,83.832304,-66.058952,nan
2024-09-13T08:00:00,83.837480,-66.098016,nan
2024-09-13T12:00:00,83.843112,-66.162752,nan
2024-09-13T16:00:00,83.852776,-66.287340,nan
2024-09-13T20:00:00,83.862296,-66.392892,nan
2024-09-14T00:00:00,83.866736,-66.481324,nan
2024-09-14T04:00:00,83.870072,-66.594764,nan
2024-09-14T08:00:00,83.872288,-66.678048,nan
2024-09-14T12:00:00,83.871296,-66.709152,nan
2024-09-14T16:00:00,83.861576,-66.707840,nan
2024-09-14T20:00:00,83.852448,-66.690512,nan
2024-09-15T00:00:00,83.849800,-66.687636,nan
2024-09-15T04:00:00,83.852448,-66.710616,nan
2024-09-15T12:00:00,83.853208,-66.700776,nan
2024-09-15T16:00:00,83.853296,-66.691008,nan
2024-09-15T20:00:00,83.852568,-66.681952,nan
2024-09-16T00:00:00,83.849912,-66.660424,nan
2024-09-16T04:00:00,83.848896,-66.656816,nan
2024-09-16T08:00:00,83.847360,-66.652220,nan
2024-09-16T12:00:00,83.842960,-66.613952,nan
2024-09-16T16:00:00,83.840264,-66.599236,nan
2024-09-16T20:00:00,83.839976,-66.600792,nan
2024-09-17T00:00:00,83.837352,-66.568520,nan
2024-09-17T04:00:00,83.835896,-66.560060,nan
2024-09-17T08:00:00,83.836448,-66.566080,nan
2024-09-17T12:00:00,83.833448,-66.529228,nan
2024-09-17T16:00:00,83.831736,-66.522904,nan
2024-09-18T00:00:00,83.830536,-66.493760,nan
2024-09-18T04:00:00,83.829792,-66.476516,nan
2024-09-18T12:00:00,83.828960,-66.463164,nan
2024-09-18T16:00:00,83.826888,-66.451240,nan
2024-09-18T20:00:00,83.828272,-66.474188,nan
2024-09-19T00:00:00,83.826976,-66.452324,nan
2024-09-19T04:00:00,83.826208,-66.447524,nan
2024-09-19T08:00:00,83.828856,-66.478836,nan
2024-09-19T12:00:00,83.828168,-66.471816,nan
2024-09-19T16:00:00,83.827560,-66.465620,nan
2024-09-20T00:00:00,83.833168,-66.516756,nan
2024-09-20T04:00:00,83.831984,-66.514372,nan
2024-09-20T08:00:00,83.835480,-66.550248,nan
2024-09-20T12:00:00,83.836544,-66.550424,nan
2024-09-20T16:00:00,83.835648,-66.540748,nan
2024-09-21T00:00:00,83.842168,-66.574836,nan
2024-09-21T04:00:00,83.843456,-66.562492,nan
2024-09-21T12:00:00,83.853016,-66.611208,nan
2024-09-21T16:00:00,83.854976,-66.578360,nan
2024-09-21T20:00:00,83.856936,-66.591028,nan
2024-09-22T00:00:00,83.856896,-66.592688,nan
2024-09-22T04:00:00,83.854280,-66.551660,nan
2024-09-22T08:00:00,83.853296,-66.561692,nan
2024-09-22T12:00:00,83.853904,-66.581948,nan
2024-09-22T16:00:00,83.853136,-66.561812,nan
2024-09-23T00:00:00,83.853704,-66.570512,nan
2024-09-23T04:00:00,83.849360,-66.489592,nan
2024-09-23T08:00:00,83.842168,-66.402588,nan
2024-09-23T12:00:00,83.835088,-66.297088,nan
2024-09-23T16:00:00,83.828920,-66.194612,nan
2024-09-23T20:00:00,83.828528,-66.161436,nan
2024-09-24T00:00:00,83.830368,-66.139220,nan
2024-09-24T04:00:00,83.830384,-66.137392,nan
2024-09-24T08:00:00,83.831848,-66.170248,nan
2024-09-24T12:00:00,83.837464,-66.275168,nan
2024-09-24T16:00:00,83.842016,-66.392664,nan
2024-09-24T20:00:00,83.842784,-66.516112,nan
2024-09-25T00:00:00,83.842920,-66.638872,nan
2024-09-25T04:00:00,83.840696,-66.733468,nan
2024-09-25T08:00:00,83.839424,-66.802512,nan
2024-09-25T12:00:00,83.838944,-66.883200,nan
2024-09-25T16:00:00,83.838432,-66.977820,nan
2024-09-25T20:00:00,83.840112,-67.081956,nan
2024-09-26T00:00:00,83.844152,-67.212152,nan
2024-09-26T04:00:00,83.842784,-67.306536,nan
2024-09-26T08:00:00,83.841584,-67.412424,nan
2024-09-26T12:00:00,83.841048,-67.506264,nan
2024-09-26T16:00:00,83.839840,-67.591672,nan
2024-09-26T20:00:00,83.838264,-67.686512,nan
2024-09-27T00:00:00,83.838952,-67.817264,nan
2024-09-27T04:00:00,83.840664,-67.960808,nan
2024-09-27T08:00:00,83.840000,-68.072400,nan
2024-09-27T12:00:00,83.839520,-68.196864,nan
2024-09-27T16:00:00,83.840720,-68.331344,nan
2024-09-27T20:00:00,83.840432,-68.431728,nan
2024-09-28T00:00:00,83.841424,-68.556776,nan
2024-09-28T04:00:00,83.845584,-68.687048,nan
2024-09-28T08:00:00,83.848448,-68.802128,nan
2024-09-28T12:00:00,83.855472,-68.963952,nan
2024-09-28T16:00:00,83.868472,-69.136096,nan
2024-09-29T00:00:00,83.885952,-69.450632,nan
2024-09-29T04:00:00,83.895576,-69.615272,nan
2024-09-29T08:00:00,83.898440,-69.750032,nan
2024-09-29T12:00:00,83.900992,-69.880128,nan
2024-09-29T16:00:00,83.904640,-70.005304,nan
2024-09-30T00:00:00,83.904824,-70.238888,nan
2024-09-30T04:00:00,83.905856,-70.374512,nan
2024-09-30T12:00:00,83.902544,-70.647752,nan
2024-09-30T16:00:00,83.900856,-70.759488,nan
2024-09-30T20:00:00,83.897864,-70.898264,nan
2024-10-01T00:00:00,83.895976,-70.993120,nan
2024-10-01T04:00:00,83.893264,-71.070760,nan
2024-10-01T08:00:00,83.888544,-71.217344,nan
2024-10-01T12:00:00,83.882912,-71.304568,nan
2024-10-01T16:00:00,83.877592,-71.345208,nan
2024-10-01T20:00:00,83.870536,-71.375864,nan
2024-10-02T00:00:00,83.862504,-71.368840,nan
2024-10-02T04:00:00,83.849928,-71.324536,nan
2024-10-02T08:00:00,83.842112,-71.342408,nan
2024-10-02T12:00:00,83.836968,-71.321720,nan
2024-10-02T16:00:00,83.828320,-71.274736,nan
2024-10-02T20:00:00,83.818496,-71.291520,nan
2024-10-03T00:00:00,83.813808,-71.277544,nan
2024-10-03T04:00:00,83.810104,-71.254608,nan
2024-10-03T08:00:00,83.804728,-71.289232,nan
2024-10-03T12:00:00,83.799160,-71.319080,nan
2024-10-03T16:00:00,83.795960,-71.342384,nan
2024-10-03T20:00:00,83.788896,-71.462664,nan
2024-10-04T00:00:00,83.782072,-71.582072,nan
2024-10-04T04:00:00,83.776536,-71.678160,nan
2024-10-04T08:00:00,83.771944,-71.832408,nan
2024-10-04T12:00:00,83.768184,-71.944544,nan
2024-10-04T16:00:00,83.765512,-72.030544,nan
2024-10-04T20:00:00,83.759800,-72.187736,nan
2024-10-05T00:00:00,83.754984,-72.354208,nan
2024-10-05T04:00:00,83.751800,-72.513152,nan
2024-10-05T08:00:00,83.748440,-72.751344,nan
2024-10-05T12:00:00,83.748304,-72.982040,nan
2024-10-05T16:00:00,83.748288,-73.189912,nan
2024-10-05T20:00:00,83.746816,-73.454920,nan
2024-10-06T00:00:00,83.744264,-73.743848,nan
2024-10-06T04:00:00,83.746064,-74.016200,nan
2024-10-06T12:00:00,83.751896,-74.569064,nan
2024-10-06T16:00:00,83.758208,-74.745928,nan
2024-10-06T20:00:00,83.763984,-74.850880,nan
2024-10-07T00:00:00,83.763496,-74.891224,nan
2024-10-07T04:00:00,83.762344,-74.917664,nan
2024-10-07T08:00:00,83.762256,-74.947096,nan
2024-10-07T12:00:00,83.760456,-74.954424,nan
2024-10-07T16:00:00,83.760408,-74.943352,nan
2024-10-07T20:00:00,83.761248,-74.942496,nan
2024-10-08T04:00:00,83.760616,-74.904936,nan
2024-10-08T08:00:00,83.760880,-74.919624,nan
2024-10-08T12:00:00,83.759256,-74.930544,nan
2024-10-08T16:00:00,83.758040,-74.923616,nan
2024-10-08T20:00:00,83.757120,-74.927088,nan
2024-10-09T00:00:00,83.755024,-74.920960,nan
2024-10-09T04:00:00,83.754192,-74.905784,nan
2024-10-09T08:00:00,83.754264,-74.901832,nan
2024-10-09T12:00:00,83.754048,-74.893008,nan
2024-10-09T20:00:00,83.753992,-74.891952,nan
2024-10-10T00:00:00,83.752960,-74.910352,nan
2024-10-10T04:00:00,83.752088,-74.929816,nan
2024-10-10T08:00:00,83.750560,-74.962504,nan
2024-10-10T12:00:00,83.747848,-75.011768,nan
2024-10-10T16:00:00,83.745952,-75.064200,nan
2024-10-10T20:00:00,83.742896,-75.142440,nan
2024-10-11T04:00:00,83.741712,-75.326176,nan
2024-10-11T08:00:00,83.741976,-75.408040,nan
2024-10-11T12:00:00,83.742416,-75.555912,nan
2024-10-11T16:00:00,83.748928,-75.790864,nan
2024-10-11T20:00:00,83.755944,-76.033760,nan
2024-10-12T00:00:00,83.757928,-76.273616,nan
2024-10-12T04:00:00,83.759736,-76.529080,nan
2024-10-12T08:00:00,83.765432,-76.780792,nan
2024-10-12T12:00:00,83.768112,-76.998664,nan
2024-10-12T16:00:00,83.773544,-77.245648,nan
2024-10-12T20:00:00,83.781592,-77.480768,nan
2024-10-13T00:00:00,83.783288,-77.679568,nan
2024-10-13T04:00:00,83.786536,-77.913776,nan
2024-10-13T08:00:00,83.791144,-78.085224,nan
2024-10-13T12:00:00,83.792136,-78.246464,nan
2024-10-13T20:00:00,83.794696,-78.605928,nan
2024-10-14T04:00:00,83.794080,-78.949224,nan
2024-10-14T08:00:00,83.796152,-79.107472,nan
2024-10-14T12:00:00,83.795632,-79.263672,nan
2024-10-14T16:00:00,83.796016,-79.453360,nan
2024-10-14T20:00:00,83.795704,-79.651376,nan
2024-10-15T00:00:00,83.794048,-79.839504,nan
2024-10-15T04:00:00,83.793192,-80.057128,nan
2024-10-15T08:00:00,83.795960,-80.290624,nan
2024-10-15T12:00:00,83.797680,-80.497800,nan
2024-10-15T16:00:00,83.795952,-80.696616,nan
2024-10-15T20:00:00,83.795536,-80.856536,nan
2024-10-16T00:00:00,83.793192,-80.969112,nan
2024-10-16T04:00:00,83.789640,-81.088504,nan
2024-10-16T08:00:00,83.788360,-81.168056,nan
2024-10-16T12:00:00,83.787672,-81.213048,nan
2024-10-16T16:00:00,83.784832,-81.328120,nan
2024-10-16T20:00:00,83.782568,-81.468408,nan
2024-10-17T04:00:00,83.772040,-81.750064,nan
2024-10-17T08:00:00,83.769328,-81.930288,nan
2024-10-17T12:00:00,83.767912,-82.098736,nan
2024-10-17T16:00:00,83.765928,-82.279424,nan
2024-10-17T20:00:00,83.762504,-82.458568,nan
2024-10-18T00:00:00,83.758288,-82.598272,nan
2024-10-18T04:00:00,83.753912,-82.758920,nan
2024-10-18T08:00:00,83.750528,-82.911776,nan
2024-10-18T12:00:00,83.748936,-83.012680,nan
2024-10-18T16:00:00,83.747936,-83.102552,nan
2024-10-18T20:00:00,83.746648,-83.186808,nan
2024-10-19T00:00:00,83.744360,-83.229112,nan
2024-10-19T04:00:00,83.739840,-83.283368,nan
2024-10-19T08:00:00,83.734456,-83.355720,nan
2024-10-19T12:00:00,83.730040,-83.401784,nan
2024-10-19T16:00:00,83.724752,-83.482352,nan
2024-10-19T20:00:00,83.717944,-83.645944,nan
2024-10-20T04:00:00,83.695456,-83.915200,nan
2024-10-20T08:00:00,83.674760,-84.122984,nan
2024-10-20T12:00:00,83.657296,-84.359816,nan
2024-10-20T16:00:00,83.638288,-84.516152,nan
2024-10-21T00:00:00,83.598568,-84.779320,nan
2024-10-21T04:00:00,83.586904,-84.838456,nan
2024-10-21T08:00:00,83.574608,-84.908392,nan
2024-10-21T12:00:00,83.560168,-84.958904,nan
2024-10-21T16:00:00,83.546816,-84.955848,nan
2024-10-21T20:00:00,83.533768,-84.959232,nan
2024-10-22T00:00:00,83.523800,-84.938512,nan
2024-10-22T04:00:00,83.514584,-84.885296,nan
2024-10-22T08:00:00,83.507328,-84.855240,nan
2024-10-22T12:00:00,83.501936,-84.811272,nan
2024-10-22T16:00:00,83.491240,-84.761568,nan
2024-10-22T20:00:00,83.482432,-84.719240,nan
2024-10-23T04:00:00,83.467504,-84.614560,nan
2024-10-23T12:00:00,83.452232,-84.635248,nan
2024-10-23T16:00:00,83.447048,-84.633976,nan
2024-10-24T00:00:00,83.441704,-84.653864,nan
2024-10-24T04:00:00,83.439144,-84.676824,nan
2024-10-24T08:00:00,83.436096,-84.743384,nan
2024-10-24T12:00:00,83.433560,-84.838792,nan
2024-10-24T16:00:00,83.431560,-84.913048,nan
2024-10-24T20:00:00,83.428528,-85.030936,nan
2024-10-25T00:00:00,83.423984,-85.168744,nan
2024-10-25T04:00:00,83.414176,-85.279872,nan
2024-10-25T08:00:00,83.403536,-85.391368,nan
2024-10-25T12:00:00,83.394192,-85.471592,nan
2024-10-25T16:00:00,83.385840,-85.509160,nan
2024-10-25T20:00:00,83.379336,-85.524424,nan
2024-10-26T00:00:00,83.375880,-85.516872,nan
2024-10-26T04:00:00,83.370464,-85.494976,nan
2024-10-26T08:00:00,83.365576,-85.471096,nan
2024-10-26T12:00:00,83.361272,-85.398080,nan
2024-10-26T16:00:00,83.354448,-85.278344,nan
2024-10-26T20:00:00,83.351104,-85.119456,nan
2024-10-27T00:00:00,83.347904,-84.942752,nan
2024-10-27T04:00:00,83.342120,-84.801432,nan
2024-10-27T08:00:00,83.339984,-84.679928,nan
2024-10-27T12:00:00,83.339016,-84.547808,nan
2024-10-27T16:00:00,83.340168,-84.394656,nan
2024-10-27T20:00:00,83.348552,-84.169808,nan
2024-10-28T00:00:00,83.359664,-83.920848,nan
2024-10-28T04:00:00,83.370328,-83.708312,nan
2024-10-28T08:00:00,83.384976,-83.465376,nan
2024-10-28T12:00:00,83.400864,-83.212136,nan
2024-10-28T16:00:00,83.415952,-82.998064,nan
2024-10-29T00:00:00,83.445976,-82.505472,nan
2024-10-29T04:00:00,83.454776,-82.319696,nan
2024-10-29T12:00:00,83.468992,-82.074368,nan
2024-10-29T16:00:00,83.473808,-81.976512,nan
2024-10-29T20:00:00,83.480152,-81.819080,nan
2024-10-30T00:00:00,83.487040,-81.548952,nan
2024-10-30T04:00:00,83.491064,-81.215432,nan
2024-10-30T08:00:00,83.495968,-80.829088,nan
2024-10-30T12:00:00,83.505240,-80.367904,nan
2024-10-30T16:00:00,83.512144,-79.909520,nan
2024-10-30T20:00:00,83.519680,-79.491080,nan
2024-10-31T00:00:00,83.532168,-79.072200,nan
2024-10-31T04:00:00,83.542128,-78.629616,nan
2024-10-31T08:00:00,83.552000,-78.179080,nan
2024-10-31T12:00:00,83.562416,-77.731608,nan
2024-10-31T16:00:00,83.569840,-77.358280,nan
2024-10-31T20:00:00,83.571368,-77.116896,nan
2024-11-01T00:00:00,83.573384,-76.888120,nan
2024-11-01T04:00:00,83.572584,-76.687544,nan
2024-11-01T08:00:00,83.572888,-76.558000,nan
2024-11-01T12:00:00,83.572856,-76.448112,nan
2024-11-01T16:00:00,83.570168,-76.385880,nan
2024-11-01T20:00:00,83.569912,-76.380264,nan
2024-11-02T00:00:00,83.569936,-76.379256,nan
2024-11-02T04:00:00,83.569128,-76.392288,nan
2024-11-02T08:00:00,83.568632,-76.411184,nan
2024-11-02T12:00:00,83.568416,-76.410896,nan
2024-11-02T16:00:00,83.567416,-76.424216,nan
2024-11-02T20:00:00,83.565608,-76.428560,nan
2024-11-03T00:00:00,83.564208,-76.412312,nan
2024-11-03T04:00:00,83.562744,-76.392664,nan
2024-11-03T08:00:00,83.562552,-76.383016,nan
2024-11-03T12:00:00,83.563104,-76.335176,nan
2024-11-03T16:00:00,83.564176,-76.293312,nan
2024-11-03T20:00:00,83.564176,-76.292648,nan
2024-11-04T00:00:00,83.564168,-76.292144,nan
2024-11-04T04:00:00,83.563696,-76.300000,nan
2024-11-04T12:00:00,83.563648,-76.404496,nan
2024-11-04T16:00:00,83.560896,-76.482328,nan
2024-11-04T20:00:00,83.555456,-76.559808,nan
2024-11-05T00:00:00,83.553792,-76.590656,nan
2024-11-05T04:00:00,83.552424,-76.644376,nan
2024-11-05T08:00:00,83.548456,-76.679432,nan
2024-11-05T12:00:00,83.548400,-76.677336,nan
2024-11-05T16:00:00,83.548328,-76.703872,nan
2024-11-05T20:00:00,83.541576,-76.818096,nan
2024-11-06T00:00:00,83.534480,-76.963976,nan
2024-11-06T04:00:00,83.522744,-77.142328,nan
2024-11-06T08:00:00,83.509200,-77.347048,nan
2024-11-06T12:00:00,83.500032,-77.525000,nan
2024-11-06T16:00:00,83.490496,-77.665264,nan
2024-11-06T20:00:00,83.480960,-77.826696,nan
2024-11-07T00:00:00,83.474032,-77.985184,nan
2024-11-07T04:00:00,83.464616,-78.117016,nan
2024-11-07T12:00:00,83.445712,-78.353376,nan
2024-11-07T16:00:00,83.438600,-78.410176,nan
2024-11-07T20:00:00,83.437304,-78.443840,nan
2024-11-08T00:00:00,83.437648,-78.465872,nan
2024-11-08T04:00:00,83.438000,-78.488192,nan
2024-11-08T08:00:00,83.437488,-78.552584,nan
2024-11-08T12:00:00,83.435768,-78.613744,nan
2024-11-08T16:00:00,83.433408,-78.643328,nan
2024-11-09T00:00:00,83.430376,-78.709208,nan
2024-11-09T04:00:00,83.428848,-78.724728,nan
2024-11-09T08:00:00,83.426232,-78.763128,nan
2024-11-09T12:00:00,83.422952,-78.806888,nan
2024-11-09T16:00:00,83.421312,-78.813616,nan
2024-11-09T20:00:00,83.421320,-78.813464,nan
2024-11-10T00:00:00,83.421536,-78.820008,nan
2024-11-10T04:00:00,83.421048,-78.840872,nan
2024-11-10T12:00:00,83.418184,-78.904096,nan
2024-11-10T16:00:00,83.418072,-78.904560,nan
2024-11-10T20:00:00,83.418064,-78.902696,nan
2024-11-11T00:00:00,83.418040,-78.902864,nan
2024-11-11T04:00:00,83.417976,-78.898472,nan
2024-11-11T08:00:00,83.418016,-78.898000,nan
2024-11-11T12:00:00,83.418088,-78.903264,nan
2024-11-11T16:00:00,83.418256,-78.908904,nan
2024-11-11T20:00:00,83.418168,-78.910240,nan
2024-11-12T00:00:00,83.417304,-78.929056,nan
2024-11-12T04:00:00,83.413168,-78.981000,nan
2024-11-12T08:00:00,83.409952,-79.029184,nan
2024-11-12T12:00:00,83.408400,-79.023192,nan
2024-11-12T16:00:00,83.407128,-78.955240,nan
2024-11-12T20:00:00,83.411720,-78.802552,nan
2024-11-13T00:00:00,83.420040,-78.557288,nan
2024-11-13T04:00:00,83.430432,-78.236360,nan
2024-11-13T12:00:00,83.446032,-77.694352,nan
2024-11-13T16:00:00,83.450976,-77.640320,nan
2024-11-13T20:00:00,83.454384,-77.641304,nan
2024-11-14T00:00:00,83.456224,-77.637600,nan
2024-11-14T04:00:00,83.454312,-77.640312,nan
2024-11-14T08:00:00,83.451088,-77.663960,nan
2024-11-14T12:00:00,83.449184,-77.665624,nan
2024-11-14T16:00:00,83.447784,-77.670568,nan
2024-11-14T20:00:00,83.447696,-77.670712,nan
2024-11-15T00:00:00,83.448288,-77.666824,nan
2024-11-15T04:00:00,83.448280,-77.670640,nan
2024-11-15T08:00:00,83.448760,-77.679424,nan
2024-11-15T12:00:00,83.449920,-77.669808,nan
2024-11-15T16:00:00,83.448624,-77.675448,nan
2024-11-15T20:00:00,83.448776,-77.688552,nan
2024-11-16T00:00:00,83.448928,-77.694848,nan
2024-11-16T04:00:00,83.448288,-77.703640,nan
2024-11-16T12:00:00,83.447696,-77.709728,nan
2024-11-16T16:00:00,83.447448,-77.709664,nan
2024-11-16T20:00:00,83.447400,-77.711288,nan
2024-11-17T00:00:00,83.447592,-77.717808,nan
2024-11-17T04:00:00,83.447424,-77.752464,nan
2024-11-17T08:00:00,83.447296,-77.867896,nan
2024-11-17T12:00:00,83.449600,-78.002056,nan
2024-11-17T16:00:00,83.451336,-78.108168,nan
2024-11-17T20:00:00,83.453048,-78.208080,nan
2024-11-18T00:00:00,83.457152,-78.268440,nan
2024-11-18T04:00:00,83.463320,-78.303424,nan
2024-11-18T08:00:00,83.470072,-78.350840,nan
2024-11-18T12:00:00,83.477048,-78.381000,nan
2024-11-18T16:00:00,83.482752,-78.420896,nan
2024-11-18T20:00:00,83.485576,-78.455224,nan
2024-11-19T00:00:00,83.486752,-78.446256,nan
2024-11-19T04:00:00,83.486352,-78.416400,nan
2024-11-19T08:00:00,83.486968,-78.403456,nan
2024-11-19T12:00:00,83.489696,-78.362296,nan
2024-11-19T16:00:00,83.493816,-78.305048,nan
2024-11-19T20:00:00,83.500584,-78.269992,nan
2024-11-20T00:00:00,83.506832,-78.194880,nan
2024-11-20T04:00:00,83.507848,-78.088256,nan
2024-11-20T08:00:00,83.506760,-77.938720,nan
2024-11-20T12:00:00,83.497168,-77.789608,nan
2024-11-20T16:00:00,83.497400,-77.725464,nan
2024-11-20T20:00:00,83.499800,-77.693032,nan
2024-11-21T00:00:00,83.503424,-77.660056,nan
2024-11-21T04:00:00,83.511000,-77.546136,nan
2024-11-21T08:00:00,83.518744,-77.486848,nan
2024-11-21T12:00:00,83.532592,-77.461872,nan
2024-11-21T16:00:00,83.544528,-77.330520,nan
2024-11-21T20:00:00,83.549184,-77.132984,nan
2024-11-22T00:00:00,83.554672,-76.967672,nan
2024-11-22T04:00:00,83.561160,-76.683192,nan
2024-11-22T08:00:00,83.561840,-76.377480,nan
2024-11-22T12:00:00,83.564752,-76.184688,nan
2024-11-22T16:00:00,83.570968,-75.912912,nan
2024-11-23T00:00:00,83.576528,-75.260736,nan
2024-11-23T04:00:00,83.571656,-74.947936,nan
2024-11-23T08:00:00,83.566880,-74.725152,nan
2024-11-23T12:00:00,83.565624,-74.564632,nan
2024-11-23T16:00:00,83.567336,-74.413248,nan
2024-11-23T20:00:00,83.570008,-74.276160,nan
2024-11-24T00:00:00,83.569456,-74.178704,nan
2024-11-24T04:00:00,83.568720,-74.132088,nan
2024-11-24T08:00:00,83.568088,-74.096872,nan
2024-11-24T12:00:00,83.567384,-74.070840,nan
2024-11-24T16:00:00,83.567168,-74.055832,nan
2024-11-24T20:00:00,83.567344,-74.045888,nan
2024-11-25T00:00:00,83.567376,-74.044312,nan
2024-11-25T04:00:00,83.567400,-74.041960,nan
2024-11-25T08:00:00,83.567896,-74.036392,nan
2024-11-25T12:00:00,83.569176,-74.020928,nan
2024-11-25T16:00:00,83.569368,-74.019344,nan
2024-11-25T20:00:00,83.570104,-74.006712,nan
2024-11-26T00:00:00,83.570832,-73.989872,nan
2024-11-26T04:00:00,83.570816,-73.983392,nan
2024-11-26T08:00:00,83.571232,-73.967544,nan
2024-11-26T12:00:00,83.572152,-73.946408,nan
2024-11-26T16:00:00,83.572472,-73.942976,nan
2024-11-26T20:00:00,83.573944,-73.932528,nan
2024-11-27T00:00:00,83.575504,-73.911280,nan
2024-11-27T08:00:00,83.575736,-73.890144,nan
2024-11-27T12:00:00,83.576768,-73.866472,nan
2024-11-27T16:00:00,83.577176,-73.858168,nan
2024-11-27T20:00:00,83.578344,-73.832648,nan
2024-11-28T00:00:00,83.579696,-73.794832,nan
2024-11-28T04:00:00,83.581072,-73.769288,nan
2024-11-28T08:00:00,83.584464,-73.707496,nan
