datetime,lat,lon,elev
2024-08-08T13:23:57,83.643204,-55.934258,nan
2024-08-08T13:23:57,83.643211,-55.934284,nan
2024-08-08T13:23:56,83.643211,-55.934307,nan
2024-08-08T13:23:56,83.643219,-55.934330,nan
2024-08-08T13:23:55,83.643227,-55.934357,nan
2024-08-08T13:23:55,83.643234,-55.934383,nan
2024-08-08T13:23:54,83.643242,-55.934410,nan
2024-08-08T13:23:54,83.643250,-55.934441,nan
2024-08-08T13:23:53,83.643257,-55.934467,nan
2024-08-08T13:23:53,83.643265,-55.934498,nan
2024-08-08T13:23:52,83.643272,-55.934525,nan
2024-08-08T13:23:52,83.643280,-55.934559,nan
2024-08-08T13:23:51,83.643288,-55.934589,nan
2024-08-08T13:23:51,83.643295,-55.934620,nan
2024-08-08T13:23:50,83.643303,-55.934654,nan
2024-08-08T13:23:50,83.643311,-55.934685,nan
2024-08-08T13:23:49,83.643318,-55.934715,nan
2024-08-08T13:23:49,83.643326,-55.934746,nan
2024-08-08T13:23:48,83.643333,-55.934780,nan
2024-08-08T13:23:48,83.643341,-55.934811,nan
2024-08-08T13:23:47,83.643349,-55.934841,nan
2024-08-08T13:23:47,83.643356,-55.934875,nan
2024-08-08T13:23:46,83.643356,-55.934910,nan
2024-08-08T13:23:46,83.643364,-55.934952,nan
2024-08-08T13:23:45,83.643372,-55.934990,nan
2024-08-08T13:23:45,83.643379,-55.935036,nan
2024-08-08T13:23:44,83.643387,-55.935074,nan
2024-08-08T13:23:44,83.643394,-55.935112,nan
2024-08-08T13:23:43,83.643402,-55.935154,nan
2024-08-08T13:23:43,83.643410,-55.935196,nan
2024-08-08T13:23:42,83.643417,-55.935238,nan
2024-08-08T13:23:42,83.643433,-55.935280,nan
2024-08-08T13:23:41,83.643440,-55.935322,nan
2024-08-08T13:23:41,83.643440,-55.935368,nan
2024-08-08T13:23:40,83.643448,-55.935410,nan
2024-08-08T13:23:40,83.643456,-55.935452,nan
2024-08-08T13:23:39,83.643463,-55.935493,nan
2024-08-08T13:23:39,83.643471,-55.935532,nan
2024-08-08T13:23:38,83.643478,-55.935566,nan
2024-08-08T13:23:38,83.643478,-55.935600,nan
2024-08-08T13:23:37,83.643486,-55.935631,nan
2024-08-08T13:23:37,83.643486,-55.935661,nan
2024-08-08T13:23:36,83.643494,-55.935696,nan
2024-08-08T13:23:36,83.643494,-55.935726,nan
2024-08-08T13:23:35,83.643501,-55.935757,nan
2024-08-08T13:23:35,83.643501,-55.935787,nan
2024-08-08T13:23:34,83.643509,-55.935822,nan
2024-08-08T13:23:34,83.643509,-55.935856,nan
2024-08-08T13:23:33,83.643509,-55.935898,nan
2024-08-08T13:23:33,83.643509,-55.935932,nan
2024-08-08T13:23:32,83.643509,-55.935970,nan
2024-08-08T13:23:32,83.643509,-55.936005,nan
2024-08-08T13:23:31,83.643509,-55.936043,nan
2024-08-08T13:23:31,83.643509,-55.936073,nan
2024-08-08T13:23:30,83.643501,-55.936104,nan
2024-08-08T13:23:30,83.643501,-55.936134,nan
2024-08-08T13:23:29,83.643494,-55.936161,nan
2024-08-08T13:23:29,83.643494,-55.936192,nan
2024-08-08T13:23:28,83.643494,-55.936222,nan
2024-08-08T13:23:28,83.643486,-55.936256,nan
2024-08-08T13:23:27,83.643478,-55.936295,nan
2024-08-08T13:23:27,83.643478,-55.936329,nan
2024-08-08T13:23:26,83.643478,-55.936371,nan
2024-08-08T13:23:26,83.643471,-55.936413,nan
2024-08-08T13:23:25,83.643471,-55.936455,nan
2024-08-08T13:23:25,83.643471,-55.936501,nan
2024-08-08T13:23:24,83.643463,-55.936550,nan
2024-08-08T13:23:24,83.643463,-55.936600,nan
2024-08-08T13:23:23,83.643463,-55.936649,nan
2024-08-08T13:23:23,83.643456,-55.936695,nan
2024-08-08T13:23:22,83.643456,-55.936745,nan
2024-08-08T13:23:22,83.643456,-55.936794,nan
2024-08-08T13:23:21,83.643456,-55.936844,nan
2024-08-08T13:23:21,83.643448,-55.936893,nan
2024-08-08T13:23:20,83.643448,-55.936947,nan
2024-08-08T13:23:20,83.643448,-55.937008,nan
2024-08-08T13:23:19,83.643440,-55.937077,nan
2024-08-08T13:23:19,83.643440,-55.937153,nan
2024-08-08T13:23:18,83.643440,-55.937229,nan
2024-08-08T13:23:18,83.643433,-55.937313,nan
2024-08-08T13:23:17,83.643433,-55.937401,nan
2024-08-08T13:23:17,83.643425,-55.937492,nan
2024-08-08T13:23:16,83.643425,-55.937584,nan
2024-08-08T13:23:16,83.643417,-55.937672,nan
2024-08-08T13:23:15,83.643410,-55.937759,nan
2024-08-08T13:23:15,83.643410,-55.937847,nan
2024-08-08T13:23:14,83.643402,-55.937939,nan
2024-08-08T13:23:14,83.643394,-55.938030,nan
2024-08-08T13:23:13,83.643387,-55.938118,nan
2024-08-08T13:23:13,83.643379,-55.938210,nan
2024-08-08T13:23:12,83.643372,-55.938309,nan
2024-08-08T13:23:12,83.643372,-55.938408,nan
2024-08-08T13:23:11,83.643364,-55.938515,nan
2024-08-08T13:23:11,83.643356,-55.938629,nan
2024-08-08T13:23:10,83.643349,-55.938747,nan
2024-08-08T13:23:10,83.643341,-55.938866,nan
2024-08-08T13:23:09,83.643341,-55.938992,nan
2024-08-08T13:23:09,83.643333,-55.939121,nan
2024-08-08T13:23:08,83.643326,-55.939262,nan
2024-08-08T13:23:08,83.643318,-55.939404,nan
2024-08-08T13:23:07,83.643311,-55.939545,nan
2024-08-08T13:23:07,83.643311,-55.939686,nan
2024-08-08T13:23:06,83.643303,-55.939827,nan
2024-08-08T13:23:06,83.643295,-55.939968,nan
2024-08-08T13:23:05,83.643288,-55.940109,nan
2024-08-08T13:23:05,83.643280,-55.940247,nan
2024-08-08T13:23:04,83.643272,-55.940388,nan
2024-08-08T13:23:04,83.643265,-55.940521,nan
2024-08-08T13:23:03,83.643250,-55.940655,nan
2024-08-08T13:23:03,83.643242,-55.940788,nan
2024-08-08T13:23:02,83.643234,-55.940922,nan
2024-08-08T13:23:02,83.643219,-55.941051,nan
2024-08-08T13:23:01,83.643211,-55.941177,nan
2024-08-08T13:23:01,83.643196,-55.941303,nan
2024-08-08T13:23:00,83.643181,-55.941429,nan
2024-08-08T13:23:00,83.643173,-55.941551,nan
2024-08-08T13:22:59,83.643158,-55.941669,nan
2024-08-08T13:22:59,83.643143,-55.941780,nan
2024-08-08T13:22:58,83.643127,-55.941891,nan
2024-08-08T13:22:58,83.643112,-55.941994,nan
2024-08-08T13:22:57,83.643097,-55.942101,nan
2024-08-08T13:22:57,83.643082,-55.942207,nan
2024-08-08T13:22:56,83.643066,-55.942310,nan
2024-08-08T13:22:56,83.643044,-55.942410,nan
2024-08-08T13:22:55,83.643028,-55.942509,nan
2024-08-08T13:22:55,83.643013,-55.942604,nan
2024-08-08T13:22:54,83.642998,-55.942703,nan
2024-08-08T13:22:54,83.642975,-55.942806,nan
2024-08-08T13:22:53,83.642960,-55.942905,nan
2024-08-08T13:22:53,83.642937,-55.943012,nan
2024-08-08T13:22:52,83.642914,-55.943127,nan
2024-08-08T13:22:52,83.642899,-55.943245,nan
2024-08-08T13:22:51,83.642876,-55.943367,nan
2024-08-08T13:22:51,83.642860,-55.943501,nan
2024-08-08T13:22:50,83.642838,-55.943634,nan
2024-08-08T13:22:50,83.642822,-55.943771,nan
2024-08-08T13:22:49,83.642799,-55.943909,nan
2024-08-08T13:22:49,83.642784,-55.944050,nan
2024-08-08T13:22:48,83.642761,-55.944195,nan
2024-08-08T13:22:48,83.642746,-55.944344,nan
2024-08-08T13:22:47,83.642731,-55.944500,nan
2024-08-08T13:22:47,83.642715,-55.944656,nan
2024-08-08T13:22:46,83.642700,-55.944817,nan
2024-08-08T13:22:46,83.642685,-55.944981,nan
2024-08-08T13:22:45,83.642670,-55.945145,nan
2024-08-08T13:22:45,83.642654,-55.945312,nan
2024-08-08T13:22:44,83.642639,-55.945480,nan
2024-08-08T13:22:44,83.642624,-55.945644,nan
2024-08-08T13:22:43,83.642609,-55.945812,nan
2024-08-08T13:22:43,83.642593,-55.945984,nan
2024-08-08T13:22:42,83.642578,-55.946156,nan
2024-08-08T13:22:42,83.642563,-55.946327,nan
2024-08-08T13:22:41,83.642548,-55.946499,nan
2024-08-08T13:22:41,83.642540,-55.946663,nan
2024-08-08T13:22:40,83.642525,-55.946831,nan
2024-08-08T13:22:40,83.642509,-55.946995,nan
2024-08-08T13:22:39,83.642494,-55.947159,nan
2024-08-08T13:22:39,83.642479,-55.947323,nan
2024-08-08T13:22:38,83.642464,-55.947483,nan
2024-08-08T13:22:38,83.642456,-55.947643,nan
2024-08-08T13:22:37,83.642441,-55.947803,nan
2024-08-08T13:22:37,83.642426,-55.947960,nan
2024-08-08T13:22:36,83.642410,-55.948116,nan
2024-08-08T13:22:36,83.642395,-55.948269,nan
2024-08-08T13:22:35,83.642387,-55.948425,nan
2024-08-08T13:22:35,83.642372,-55.948578,nan
2024-08-08T13:22:34,83.642357,-55.948730,nan
2024-08-08T13:22:34,83.642342,-55.948891,nan
2024-08-08T13:22:33,83.642334,-55.949047,nan
2024-08-08T13:22:33,83.642319,-55.949200,nan
2024-08-08T13:22:32,83.642303,-55.949356,nan
2024-08-08T13:22:32,83.642296,-55.949509,nan
2024-08-08T13:22:31,83.642288,-55.949657,nan
2024-08-08T13:22:31,83.642273,-55.949814,nan
2024-08-08T13:22:30,83.642265,-55.949966,nan
2024-08-08T13:22:30,83.642250,-55.950119,nan
2024-08-08T13:22:29,83.642242,-55.950272,nan
2024-08-08T13:22:29,83.642227,-55.950417,nan
2024-08-08T13:22:28,83.642220,-55.950562,nan
2024-08-08T13:22:28,83.642212,-55.950703,nan
2024-08-08T13:22:27,83.642197,-55.950844,nan
2024-08-08T13:22:27,83.642189,-55.950985,nan
2024-08-08T13:22:26,83.642181,-55.951126,nan
2024-08-08T13:22:26,83.642174,-55.951260,nan
2024-08-08T13:22:25,83.642166,-55.951397,nan
2024-08-08T13:22:25,83.642159,-55.951530,nan
2024-08-08T13:22:24,83.642143,-55.951664,nan
2024-08-08T13:22:24,83.642136,-55.951794,nan
2024-08-08T13:22:23,83.642128,-55.951923,nan
2024-08-08T13:22:23,83.642120,-55.952045,nan
2024-08-08T13:22:22,83.642113,-55.952171,nan
2024-08-08T13:22:22,83.642105,-55.952297,nan
2024-08-08T13:22:21,83.642097,-55.952423,nan
2024-08-08T13:22:21,83.642090,-55.952549,nan
2024-08-08T13:22:20,83.642082,-55.952675,nan
2024-08-08T13:22:20,83.642075,-55.952801,nan
2024-08-08T13:22:19,83.642067,-55.952930,nan
2024-08-08T13:22:19,83.642059,-55.953060,nan
2024-08-08T13:22:18,83.642052,-55.953197,nan
2024-08-08T13:22:18,83.642044,-55.953339,nan
2024-08-08T13:22:17,83.642044,-55.953480,nan
2024-08-08T13:22:17,83.642036,-55.953625,nan
2024-08-08T13:22:16,83.642029,-55.953773,nan
2024-08-08T13:22:16,83.642029,-55.953930,nan
2024-08-08T13:22:15,83.642029,-55.954086,nan
2024-08-08T13:22:15,83.642021,-55.954250,nan
2024-08-08T13:22:14,83.642021,-55.954414,nan
2024-08-08T13:22:14,83.642021,-55.954578,nan
2024-08-08T13:22:13,83.642021,-55.954750,nan
2024-08-08T13:22:13,83.642021,-55.954926,nan
2024-08-08T13:22:12,83.642021,-55.955101,nan
2024-08-08T13:22:12,83.642021,-55.955276,nan
2024-08-08T13:22:11,83.642021,-55.955456,nan
2024-08-08T13:22:11,83.642021,-55.955635,nan
2024-08-08T13:22:10,83.642021,-55.955814,nan
2024-08-08T13:22:10,83.642021,-55.955994,nan
2024-08-08T13:22:09,83.642021,-55.956173,nan
2024-08-08T13:22:09,83.642021,-55.956348,nan
2024-08-08T13:22:08,83.642021,-55.956524,nan
2024-08-08T13:22:08,83.642021,-55.956699,nan
2024-08-08T13:22:07,83.642021,-55.956871,nan
2024-08-08T13:22:07,83.642021,-55.957039,nan
2024-08-08T13:22:06,83.642021,-55.957207,nan
2024-08-08T13:22:06,83.642021,-55.957371,nan
2024-08-08T13:22:05,83.642021,-55.957535,nan
2024-08-08T13:22:05,83.642014,-55.957703,nan
2024-08-08T13:22:04,83.642014,-55.957870,nan
2024-08-08T13:22:04,83.642014,-55.958035,nan
2024-08-08T13:22:03,83.642014,-55.958202,nan
2024-08-08T13:22:03,83.642014,-55.958374,nan
2024-08-08T13:22:02,83.642014,-55.958549,nan
2024-08-08T13:22:02,83.642014,-55.958729,nan
2024-08-08T13:22:01,83.642014,-55.958920,nan
2024-08-08T13:22:01,83.642006,-55.959118,nan
2024-08-08T13:22:00,83.642006,-55.959316,nan
2024-08-08T13:22:00,83.642006,-55.959515,nan
2024-08-08T13:21:59,83.641998,-55.959717,nan
2024-08-08T13:21:59,83.641998,-55.959923,nan
2024-08-08T13:21:58,83.641991,-55.960133,nan
2024-08-08T13:21:58,83.641991,-55.960346,nan
2024-08-08T13:21:57,83.641983,-55.960567,nan
2024-08-08T13:21:57,83.641975,-55.960789,nan
2024-08-08T13:21:56,83.641975,-55.961014,nan
2024-08-08T13:21:56,83.641968,-55.961246,nan
2024-08-08T13:21:55,83.641960,-55.961487,nan
2024-08-08T13:21:55,83.641953,-55.961735,nan
2024-08-08T13:21:54,83.641945,-55.961983,nan
2024-08-08T13:21:54,83.641937,-55.962234,nan
2024-08-08T13:21:53,83.641930,-55.962490,nan
2024-08-08T13:21:53,83.641914,-55.962746,nan
2024-08-08T13:21:52,83.641907,-55.963009,nan
2024-08-08T13:21:52,83.641899,-55.963268,nan
2024-08-08T13:21:51,83.641884,-55.963535,nan
2024-08-08T13:21:51,83.641876,-55.963802,nan
2024-08-08T13:21:50,83.641861,-55.964069,nan
2024-08-08T13:21:50,83.641846,-55.964336,nan
2024-08-08T13:21:49,83.641838,-55.964603,nan
2024-08-08T13:21:49,83.641823,-55.964867,nan
2024-08-08T13:21:48,83.641808,-55.965134,nan
2024-08-08T13:21:48,83.641792,-55.965397,nan
2024-08-08T13:21:47,83.641785,-55.965652,nan
2024-08-08T13:21:47,83.641769,-55.965912,nan
2024-08-08T13:21:46,83.641754,-55.966171,nan
2024-08-08T13:21:46,83.641739,-55.966427,nan
2024-08-08T13:21:45,83.641724,-55.966686,nan
2024-08-08T13:21:45,83.641701,-55.966942,nan
2024-08-08T13:21:44,83.641685,-55.967194,nan
2024-08-08T13:21:44,83.641670,-55.967442,nan
2024-08-08T13:21:43,83.641647,-55.967693,nan
2024-08-08T13:21:43,83.641632,-55.967945,nan
2024-08-08T13:21:42,83.641617,-55.968201,nan
2024-08-08T13:21:42,83.641602,-55.968460,nan
2024-08-08T13:21:41,83.641579,-55.968723,nan
2024-08-08T13:21:41,83.641563,-55.968994,nan
2024-08-08T13:21:40,83.641548,-55.969269,nan
2024-08-08T13:21:40,83.641533,-55.969540,nan
2024-08-08T13:21:39,83.641518,-55.969810,nan
2024-08-08T13:21:39,83.641502,-55.970081,nan
2024-08-08T13:21:38,83.641495,-55.970348,nan
2024-08-08T13:21:38,83.641479,-55.970619,nan
2024-08-08T13:21:37,83.641464,-55.970886,nan
2024-08-08T13:21:37,83.641449,-55.971153,nan
2024-08-08T13:21:36,83.641434,-55.971424,nan
2024-08-08T13:21:36,83.641418,-55.971687,nan
2024-08-08T13:21:35,83.641403,-55.971954,nan
2024-08-08T13:21:35,83.641388,-55.972221,nan
2024-08-08T13:21:34,83.641373,-55.972485,nan
2024-08-08T13:21:34,83.641357,-55.972752,nan
2024-08-08T13:21:33,83.641342,-55.973019,nan
2024-08-08T13:21:33,83.641327,-55.973286,nan
2024-08-08T13:21:32,83.641312,-55.973560,nan
2024-08-08T13:21:32,83.641296,-55.973835,nan
2024-08-08T13:21:31,83.641281,-55.974110,nan
2024-08-08T13:21:31,83.641266,-55.974388,nan
2024-08-08T13:21:30,83.641251,-55.974667,nan
2024-08-08T13:21:30,83.641235,-55.974945,nan
2024-08-08T13:21:29,83.641228,-55.975224,nan
2024-08-08T13:21:29,83.641212,-55.975510,nan
2024-08-08T13:21:28,83.641205,-55.975796,nan
2024-08-08T13:21:28,83.641190,-55.976082,nan
2024-08-08T13:21:27,83.641182,-55.976364,nan
2024-08-08T13:21:27,83.641167,-55.976646,nan
2024-08-08T13:21:26,83.641159,-55.976929,nan
2024-08-08T13:21:26,83.641144,-55.977211,nan
2024-08-08T13:21:25,83.641136,-55.977493,nan
2024-08-08T13:21:25,83.641121,-55.977776,nan
2024-08-08T13:21:24,83.641113,-55.978058,nan
2024-08-08T13:21:24,83.641106,-55.978340,nan
2024-08-08T13:21:23,83.641090,-55.978626,nan
2024-08-08T13:21:23,83.641083,-55.978912,nan
2024-08-08T13:21:22,83.641068,-55.979202,nan
2024-08-08T13:21:22,83.641060,-55.979488,nan
2024-08-08T13:21:21,83.641045,-55.979778,nan
2024-08-08T13:21:21,83.641029,-55.980068,nan
2024-08-08T13:21:20,83.641022,-55.980358,nan
2024-08-08T13:21:20,83.641006,-55.980652,nan
2024-08-08T13:21:19,83.640991,-55.980946,nan
2024-08-08T13:21:19,83.640976,-55.981239,nan
2024-08-08T13:21:18,83.640961,-55.981537,nan
2024-08-08T13:21:18,83.640945,-55.981831,nan
2024-08-08T13:21:17,83.640930,-55.982124,nan
2024-08-08T13:21:17,83.640915,-55.982426,nan
2024-08-08T13:21:16,83.640900,-55.982723,nan
2024-08-08T13:21:16,83.640884,-55.983017,nan
2024-08-08T13:21:15,83.640869,-55.983307,nan
2024-08-08T13:21:15,83.640854,-55.983589,nan
2024-08-08T13:21:14,83.640839,-55.983868,nan
2024-08-08T13:21:14,83.640823,-55.984154,nan
2024-08-08T13:21:13,83.640808,-55.984440,nan
2024-08-08T13:21:13,83.640793,-55.984726,nan
2024-08-08T13:21:12,83.640778,-55.985012,nan
2024-08-08T13:21:12,83.640762,-55.985298,nan
2024-08-08T13:21:11,83.640747,-55.985580,nan
2024-08-08T13:21:11,83.640732,-55.985863,nan
2024-08-08T13:21:10,83.640717,-55.986141,nan
2024-08-08T13:21:10,83.640694,-55.986420,nan
2024-08-08T13:21:09,83.640678,-55.986694,nan
2024-08-08T13:21:09,83.640663,-55.986965,nan
2024-08-08T13:21:08,83.640648,-55.987240,nan
2024-08-08T13:21:08,83.640633,-55.987514,nan
2024-08-08T13:21:07,83.640617,-55.987789,nan
2024-08-08T13:21:07,83.640602,-55.988071,nan
2024-08-08T13:21:06,83.640587,-55.988361,nan
2024-08-08T13:21:06,83.640572,-55.988647,nan
2024-08-08T13:21:05,83.640556,-55.988934,nan
2024-08-08T13:21:05,83.640533,-55.989220,nan
2024-08-08T13:21:04,83.640518,-55.989510,nan
2024-08-08T13:21:04,83.640503,-55.989799,nan
2024-08-08T13:21:03,83.640488,-55.990093,nan
2024-08-08T13:21:03,83.640472,-55.990391,nan
2024-08-08T13:21:02,83.640450,-55.990685,nan
2024-08-08T13:21:02,83.640434,-55.990982,nan
2024-08-08T13:21:01,83.640419,-55.991280,nan
2024-08-08T13:21:01,83.640404,-55.991581,nan
2024-08-08T13:21:00,83.640388,-55.991886,nan
2024-08-08T13:20:59,83.640358,-55.992531,nan
2024-08-08T13:20:59,83.640343,-55.992859,nan
2024-08-08T13:20:58,83.640327,-55.993187,nan
2024-08-08T13:20:58,83.640312,-55.993515,nan
2024-08-08T13:20:57,83.640297,-55.993843,nan
2024-08-08T13:20:57,83.640282,-55.994171,nan
2024-08-08T13:20:56,83.640266,-55.994503,nan
2024-08-08T13:20:55,83.640244,-55.995178,nan
2024-08-08T13:20:55,83.640228,-55.995522,nan
2024-08-08T13:20:54,83.640221,-55.995861,nan
2024-08-08T13:20:54,83.640205,-55.996193,nan
2024-08-08T13:20:53,83.640190,-55.996529,nan
2024-08-08T13:20:53,83.640182,-55.996861,nan
2024-08-08T13:20:52,83.640167,-55.997200,nan
2024-08-08T13:20:52,83.640160,-55.997540,nan
2024-08-08T13:20:51,83.640144,-55.997875,nan
2024-08-08T13:20:51,83.640137,-55.998211,nan
2024-08-08T13:20:49,83.640099,-55.999191,nan
2024-08-08T13:20:49,83.640091,-55.999519,nan
2024-08-08T13:20:48,83.640076,-55.999844,nan
2024-08-08T13:20:48,83.640068,-56.000168,nan
2024-08-08T13:20:47,83.640053,-56.000484,nan
2024-08-08T13:20:47,83.640045,-56.000797,nan
2024-08-08T13:20:46,83.640030,-56.001110,nan
2024-08-08T13:20:46,83.640015,-56.001423,nan
2024-08-08T13:20:45,83.639999,-56.001743,nan
2024-08-08T13:20:45,83.639984,-56.002068,nan
2024-08-08T13:20:44,83.639954,-56.002712,nan
2024-08-08T13:20:43,83.639938,-56.003033,nan
2024-08-08T13:20:43,83.639915,-56.003361,nan
2024-08-08T13:20:42,83.639900,-56.003689,nan
2024-08-08T13:20:42,83.639885,-56.004028,nan
2024-08-08T13:20:41,83.639854,-56.004711,nan
2024-08-08T13:20:40,83.639832,-56.005051,nan
2024-08-08T13:20:40,83.639816,-56.005386,nan
2024-08-08T13:20:39,83.639801,-56.005722,nan
2024-08-08T13:20:38,83.639771,-56.006413,nan
2024-08-08T13:20:38,83.639748,-56.006760,nan
2024-08-08T13:20:37,83.639732,-56.007103,nan
2024-08-08T13:20:37,83.639725,-56.007450,nan
2024-08-08T13:20:36,83.639702,-56.007801,nan
2024-08-08T13:20:36,83.639687,-56.008156,nan
2024-08-08T13:20:35,83.639671,-56.008514,nan
2024-08-08T13:20:35,83.639656,-56.008877,nan
2024-08-08T13:20:34,83.639648,-56.009243,nan
2024-08-08T13:20:34,83.639633,-56.009609,nan
2024-08-08T13:20:33,83.639618,-56.009972,nan
2024-08-08T13:20:33,83.639603,-56.010334,nan
2024-08-08T13:20:32,83.639587,-56.010700,nan
2024-08-08T13:20:32,83.639572,-56.011066,nan
2024-08-08T13:20:31,83.639557,-56.011433,nan
2024-08-08T13:20:31,83.639549,-56.011803,nan
2024-08-08T13:20:30,83.639534,-56.012165,nan
2024-08-08T13:20:30,83.639519,-56.012531,nan
2024-08-08T13:20:29,83.639503,-56.012901,nan
2024-08-08T13:20:29,83.639496,-56.013279,nan
2024-08-08T13:20:28,83.639481,-56.013653,nan
2024-08-08T13:20:28,83.639473,-56.014027,nan
2024-08-08T13:20:27,83.639458,-56.014397,nan
2024-08-08T13:20:26,83.639435,-56.015133,nan
2024-08-08T13:20:26,83.639427,-56.015511,nan
2024-08-08T13:20:25,83.639404,-56.016258,nan
2024-08-08T13:20:23,83.639359,-56.017723,nan
2024-08-08T13:20:22,83.639336,-56.018456,nan
2024-08-08T13:20:18,83.639252,-56.021397,nan
2024-08-08T13:20:17,83.639229,-56.022133,nan
2024-08-08T13:20:16,83.639214,-56.022511,nan
2024-08-08T13:20:16,83.639206,-56.022892,nan
2024-08-08T13:20:15,83.639191,-56.023281,nan
2024-08-08T13:20:15,83.639183,-56.023670,nan
2024-08-08T13:20:14,83.639168,-56.024055,nan
2024-08-08T13:20:13,83.639145,-56.024837,nan
2024-08-08T13:20:13,83.639130,-56.025234,nan
2024-08-08T13:20:12,83.639122,-56.025627,nan
2024-08-08T13:20:12,83.639114,-56.026020,nan
2024-08-08T13:20:11,83.639099,-56.026409,nan
2024-08-08T13:20:11,83.639091,-56.026798,nan
2024-08-08T13:20:10,83.639076,-56.027184,nan
2024-08-08T13:20:10,83.639069,-56.027580,nan
2024-08-08T13:20:09,83.639061,-56.027977,nan
2024-08-08T13:20:09,83.639053,-56.028381,nan
2024-08-08T13:20:08,83.639038,-56.028782,nan
2024-08-08T13:20:08,83.639030,-56.029179,nan
2024-08-08T13:20:07,83.639023,-56.029572,nan
2024-08-08T13:20:06,83.639008,-56.030376,nan
2024-08-08T13:20:05,83.638992,-56.031178,nan
2024-08-08T13:20:05,83.638977,-56.031578,nan
2024-08-08T13:20:04,83.638969,-56.031979,nan
2024-08-08T13:20:04,83.638962,-56.032379,nan
2024-08-08T13:20:03,83.638947,-56.032784,nan
2024-08-08T13:20:03,83.638939,-56.033192,nan
2024-08-08T13:20:02,83.638931,-56.033592,nan
2024-08-08T13:20:02,83.638916,-56.033989,nan
2024-08-08T13:20:01,83.638908,-56.034378,nan
2024-08-08T13:20:01,83.638893,-56.034775,nan
2024-08-08T13:20:00,83.638885,-56.035175,nan
2024-08-08T13:20:00,83.638870,-56.035587,nan
2024-08-08T13:19:59,83.638863,-56.035995,nan
2024-08-08T13:19:59,83.638855,-56.036407,nan
2024-08-08T13:19:58,83.638840,-56.036819,nan
2024-08-08T13:19:58,83.638832,-56.037243,nan
2024-08-08T13:19:57,83.638817,-56.037674,nan
2024-08-08T13:19:57,83.638809,-56.038113,nan
2024-08-08T13:19:56,83.638802,-56.038555,nan
2024-08-08T13:19:56,83.638794,-56.038994,nan
2024-08-08T13:19:55,83.638786,-56.039425,nan
2024-08-08T13:19:55,83.638779,-56.039860,nan
2024-08-08T13:19:54,83.638763,-56.040302,nan
2024-08-08T13:19:54,83.638756,-56.040745,nan
2024-08-08T13:19:53,83.638748,-56.041191,nan
2024-08-08T13:19:53,83.638741,-56.041634,nan
2024-08-08T13:19:52,83.638733,-56.042072,nan
2024-08-08T13:19:52,83.638725,-56.042507,nan
2024-08-08T13:19:51,83.638710,-56.042938,nan
2024-08-08T13:19:51,83.638702,-56.043373,nan
2024-08-08T13:19:50,83.638687,-56.043812,nan
2024-08-08T13:19:50,83.638672,-56.044243,nan
2024-08-08T13:19:49,83.638657,-56.044662,nan
2024-08-08T13:19:49,83.638641,-56.045078,nan
2024-08-08T13:19:48,83.638626,-56.045490,nan
2024-08-08T13:19:48,83.638611,-56.045902,nan
2024-08-08T13:19:47,83.638596,-56.046314,nan
2024-08-08T13:19:47,83.638580,-56.046715,nan
2024-08-08T13:19:46,83.638565,-56.047108,nan
2024-08-08T13:19:46,83.638550,-56.047497,nan
2024-08-08T13:19:45,83.638527,-56.047878,nan
2024-08-08T13:19:44,83.638496,-56.048649,nan
2024-08-08T13:19:44,83.638474,-56.049026,nan
2024-08-08T13:19:43,83.638458,-56.049393,nan
2024-08-08T13:19:43,83.638443,-56.049751,nan
2024-08-08T13:19:42,83.638420,-56.050114,nan
2024-08-08T13:19:42,83.638405,-56.050476,nan
2024-08-08T13:19:41,83.638390,-56.050838,nan
2024-08-08T13:19:41,83.638367,-56.051193,nan
2024-08-08T13:19:40,83.638351,-56.051540,nan
2024-08-08T13:19:40,83.638336,-56.051891,nan
2024-08-08T13:19:39,83.638313,-56.052250,nan
2024-08-08T13:19:39,83.638298,-56.052612,nan
2024-08-08T13:19:38,83.638268,-56.053345,nan
2024-08-08T13:19:37,83.638252,-56.053703,nan
2024-08-08T13:19:37,83.638237,-56.054066,nan
2024-08-08T13:19:36,83.638222,-56.054436,nan
2024-08-08T13:19:36,83.638206,-56.054810,nan
2024-08-08T13:19:35,83.638191,-56.055183,nan
2024-08-08T13:19:35,83.638184,-56.055557,nan
2024-08-08T13:19:34,83.638168,-56.055927,nan
2024-08-08T13:19:34,83.638153,-56.056297,nan
2024-08-08T13:19:33,83.638138,-56.056679,nan
2024-08-08T13:19:33,83.638123,-56.057060,nan
2024-08-08T13:19:32,83.638115,-56.057438,nan
2024-08-08T13:19:32,83.638100,-56.057816,nan
2024-08-08T13:19:31,83.638092,-56.058189,nan
2024-08-08T13:19:31,83.638077,-56.058563,nan
2024-08-08T13:19:30,83.638062,-56.058945,nan
2024-08-08T13:19:30,83.638054,-56.059334,nan
2024-08-08T13:19:29,83.638039,-56.059719,nan
2024-08-08T13:19:29,83.638031,-56.060104,nan
2024-08-08T13:19:28,83.638016,-56.060486,nan
2024-08-08T13:19:28,83.638000,-56.060867,nan
2024-08-08T13:19:27,83.637993,-56.061249,nan
2024-08-08T13:19:27,83.637978,-56.061630,nan
2024-08-08T13:19:26,83.637970,-56.062016,nan
2024-08-08T13:19:26,83.637955,-56.062397,nan
2024-08-08T13:19:25,83.637947,-56.062775,nan
2024-08-08T13:19:25,83.637932,-56.063160,nan
2024-08-08T13:19:24,83.637924,-56.063541,nan
2024-08-08T13:19:24,83.637909,-56.063927,nan
2024-08-08T13:19:23,83.637901,-56.064312,nan
2024-08-08T13:19:23,83.637886,-56.064697,nan
2024-08-08T13:19:22,83.637878,-56.065086,nan
2024-08-08T13:19:22,83.637871,-56.065472,nan
2024-08-08T13:19:21,83.637856,-56.065857,nan
2024-08-08T13:19:21,83.637848,-56.066246,nan
2024-08-08T13:19:20,83.637825,-56.067036,nan
2024-08-08T13:19:19,83.637817,-56.067436,nan
2024-08-08T13:19:19,83.637810,-56.067837,nan
2024-08-08T13:19:18,83.637802,-56.068233,nan
2024-08-08T13:19:18,83.637794,-56.068638,nan
2024-08-08T13:19:17,83.637787,-56.069038,nan
2024-08-08T13:19:17,83.637779,-56.069439,nan
2024-08-08T13:19:16,83.637772,-56.069843,nan
2024-08-08T13:19:16,83.637756,-56.070248,nan
2024-08-08T13:19:15,83.637756,-56.070652,nan
2024-08-08T13:19:15,83.637749,-56.071060,nan
2024-08-08T13:19:14,83.637741,-56.071468,nan
2024-08-08T13:19:14,83.637733,-56.071877,nan
2024-08-08T13:19:13,83.637726,-56.072281,nan
2024-08-08T13:19:13,83.637718,-56.072689,nan
2024-08-08T13:19:12,83.637711,-56.073093,nan
2024-08-08T13:19:12,83.637703,-56.073494,nan
2024-08-08T13:19:11,83.637695,-56.073891,nan
2024-08-08T13:19:11,83.637688,-56.074287,nan
2024-08-08T13:19:10,83.637672,-56.074684,nan
2024-08-08T13:19:10,83.637665,-56.075081,nan
2024-08-08T13:19:09,83.637650,-56.075478,nan
2024-08-08T13:19:09,83.637642,-56.075871,nan
2024-08-08T13:19:08,83.637634,-56.076263,nan
2024-08-08T13:19:08,83.637619,-56.076660,nan
2024-08-08T13:19:07,83.637611,-56.077049,nan
2024-08-08T13:19:07,83.637596,-56.077435,nan
2024-08-08T13:19:06,83.637589,-56.077824,nan
2024-08-08T13:19:06,83.637573,-56.078209,nan
2024-08-08T13:19:05,83.637566,-56.078598,nan
2024-08-08T13:19:05,83.637558,-56.078983,nan
2024-08-08T13:19:04,83.637550,-56.079372,nan
2024-08-08T13:19:04,83.637535,-56.079758,nan
2024-08-08T13:19:03,83.637527,-56.080139,nan
2024-08-08T13:19:03,83.637520,-56.080524,nan
2024-08-08T13:19:02,83.637512,-56.080910,nan
2024-08-08T13:19:02,83.637497,-56.081295,nan
2024-08-08T13:19:01,83.637489,-56.081680,nan
2024-08-08T13:19:01,83.637482,-56.082066,nan
2024-08-08T13:19:00,83.637466,-56.082451,nan
2024-08-08T13:19:00,83.637459,-56.082832,nan
2024-08-08T13:18:59,83.637451,-56.083218,nan
2024-08-08T13:18:59,83.637444,-56.083599,nan
2024-08-08T13:18:58,83.637428,-56.083984,nan
2024-08-08T13:18:58,83.637421,-56.084370,nan
2024-08-08T13:18:57,83.637413,-56.084751,nan
2024-08-08T13:18:57,83.637398,-56.085133,nan
2024-08-08T13:18:56,83.637390,-56.085514,nan
2024-08-08T13:18:56,83.637383,-56.085896,nan
2024-08-08T13:18:55,83.637367,-56.086281,nan
2024-08-08T13:18:55,83.637360,-56.086666,nan
2024-08-08T13:18:54,83.637344,-56.087051,nan
2024-08-08T13:18:54,83.637337,-56.087437,nan
2024-08-08T13:18:53,83.637329,-56.087818,nan
2024-08-08T13:18:53,83.637314,-56.088203,nan
2024-08-08T13:18:52,83.637306,-56.088596,nan
2024-08-08T13:18:52,83.637291,-56.088989,nan
2024-08-08T13:18:51,83.637283,-56.089390,nan
2024-08-08T13:18:51,83.637276,-56.089790,nan
2024-08-08T13:18:50,83.637268,-56.090195,nan
2024-08-08T13:18:50,83.637253,-56.090603,nan
2024-08-08T13:18:49,83.637245,-56.091015,nan
2024-08-08T13:18:49,83.637238,-56.091427,nan
2024-08-08T13:18:48,83.637230,-56.091843,nan
2024-08-08T13:18:48,83.637222,-56.092258,nan
2024-08-08T13:18:47,83.637215,-56.092678,nan
2024-08-08T13:18:47,83.637199,-56.093102,nan
2024-08-08T13:18:46,83.637192,-56.093525,nan
2024-08-08T13:18:46,83.637184,-56.093952,nan
2024-08-08T13:18:45,83.637177,-56.094379,nan
2024-08-08T13:18:45,83.637169,-56.094807,nan
2024-08-08T13:18:44,83.637161,-56.095234,nan
2024-08-08T13:18:44,83.637146,-56.095661,nan
2024-08-08T13:18:43,83.637138,-56.096092,nan
2024-08-08T13:18:43,83.637131,-56.096527,nan
2024-08-08T13:18:42,83.637123,-56.096962,nan
2024-08-08T13:18:42,83.637108,-56.097397,nan
2024-08-08T13:18:41,83.637100,-56.097836,nan
2024-08-08T13:18:41,83.637093,-56.098270,nan
2024-08-08T13:18:40,83.637077,-56.098705,nan
2024-08-08T13:18:40,83.637070,-56.099140,nan
2024-08-08T13:18:39,83.637062,-56.099583,nan
2024-08-08T13:18:39,83.637054,-56.100025,nan
2024-08-08T13:18:38,83.637039,-56.100475,nan
2024-08-08T13:18:38,83.637032,-56.100922,nan
2024-08-08T13:18:37,83.637024,-56.101368,nan
2024-08-08T13:18:37,83.637009,-56.101818,nan
2024-08-08T13:18:36,83.637001,-56.102268,nan
2024-08-08T13:18:36,83.636993,-56.102722,nan
2024-08-08T13:18:35,83.636986,-56.103180,nan
2024-08-08T13:18:35,83.636971,-56.103638,nan
2024-08-08T13:18:34,83.636963,-56.104092,nan
2024-08-08T13:18:34,83.636955,-56.104542,nan
2024-08-08T13:18:33,83.636948,-56.104992,nan
2024-08-08T13:18:33,83.636940,-56.105446,nan
2024-08-08T13:18:32,83.636925,-56.105900,nan
2024-08-08T13:18:32,83.636917,-56.106354,nan
2024-08-08T13:18:31,83.636909,-56.106808,nan
2024-08-08T13:18:31,83.636902,-56.107262,nan
2024-08-08T13:18:30,83.636894,-56.107716,nan
2024-08-08T13:18:30,83.636887,-56.108170,nan
2024-08-08T13:18:29,83.636871,-56.108624,nan
2024-08-08T13:18:29,83.636864,-56.109085,nan
2024-08-08T13:18:28,83.636856,-56.109539,nan
2024-08-08T13:18:28,83.636848,-56.109997,nan
2024-08-08T13:18:27,83.636833,-56.110451,nan
2024-08-08T13:18:27,83.636826,-56.110905,nan
2024-08-08T13:18:26,83.636818,-56.111362,nan
2024-08-08T13:18:26,83.636803,-56.111820,nan
2024-08-08T13:18:25,83.636787,-56.112740,nan
2024-08-08T13:18:24,83.636772,-56.113194,nan
2024-08-08T13:18:24,83.636765,-56.113651,nan
2024-08-08T13:18:23,83.636749,-56.114109,nan
2024-08-08T13:18:23,83.636742,-56.114567,nan
2024-08-08T13:18:22,83.636726,-56.115028,nan
2024-08-08T13:18:22,83.636719,-56.115494,nan
2024-08-08T13:18:21,83.636703,-56.115955,nan
2024-08-08T13:18:21,83.636696,-56.116428,nan
2024-08-08T13:18:20,83.636681,-56.116898,nan
2024-08-08T13:18:20,83.636673,-56.117371,nan
2024-08-08T13:18:19,83.636665,-56.117840,nan
2024-08-08T13:18:19,83.636650,-56.118309,nan
2024-08-08T13:18:18,83.636635,-56.118774,nan
2024-08-08T13:18:18,83.636627,-56.119244,nan
2024-08-08T13:18:17,83.636612,-56.119717,nan
2024-08-08T13:18:17,83.636597,-56.120186,nan
2024-08-08T13:18:16,83.636589,-56.120659,nan
2024-08-08T13:18:16,83.636574,-56.121128,nan
2024-08-08T13:18:15,83.636559,-56.121601,nan
2024-08-08T13:18:15,83.636543,-56.122078,nan
2024-08-08T13:18:14,83.636536,-56.122559,nan
2024-08-08T13:18:14,83.636520,-56.123039,nan
2024-08-08T13:18:13,83.636505,-56.123520,nan
2024-08-08T13:18:13,83.636490,-56.123993,nan
2024-08-08T13:18:12,83.636475,-56.124462,nan
2024-08-08T13:18:12,83.636459,-56.124931,nan
2024-08-08T13:18:11,83.636444,-56.125397,nan
2024-08-08T13:18:11,83.636429,-56.125858,nan
2024-08-08T13:18:10,83.636421,-56.126324,nan
2024-08-08T13:18:10,83.636406,-56.126781,nan
2024-08-08T13:18:09,83.636391,-56.127243,nan
2024-08-08T13:18:09,83.636375,-56.127701,nan
2024-08-08T13:18:08,83.636368,-56.128159,nan
2024-08-08T13:18:08,83.636353,-56.128624,nan
2024-08-08T13:18:07,83.636337,-56.129086,nan
2024-08-08T13:18:07,83.636330,-56.129539,nan
2024-08-08T13:18:06,83.636314,-56.129993,nan
2024-08-08T13:18:06,83.636299,-56.130447,nan
2024-08-08T13:18:05,83.636292,-56.130901,nan
2024-08-08T13:18:05,83.636276,-56.131359,nan
2024-08-08T13:18:04,83.636261,-56.131817,nan
2024-08-08T13:18:04,83.636253,-56.132271,nan
2024-08-08T13:18:03,83.636238,-56.132725,nan
2024-08-08T13:18:03,83.636230,-56.133183,nan
2024-08-08T13:18:02,83.636215,-56.133640,nan
2024-08-08T13:18:02,83.636208,-56.134102,nan
2024-08-08T13:18:01,83.636192,-56.134560,nan
2024-08-08T13:18:01,83.636185,-56.135021,nan
2024-08-08T13:18:00,83.636177,-56.135479,nan
2024-08-08T13:18:00,83.636169,-56.135937,nan
2024-08-08T13:17:59,83.636154,-56.136395,nan
2024-08-08T13:17:59,83.636147,-56.136852,nan
2024-08-08T13:17:58,83.636139,-56.137314,nan
2024-08-08T13:17:58,83.636124,-56.137772,nan
2024-08-08T13:17:57,83.636116,-56.138226,nan
2024-08-08T13:17:57,83.636108,-56.138683,nan
2024-08-08T13:17:56,83.636101,-56.139141,nan
2024-08-08T13:17:56,83.636093,-56.139603,nan
2024-08-08T13:17:55,83.636086,-56.140068,nan
2024-08-08T13:17:55,83.636078,-56.140533,nan
2024-08-08T13:17:54,83.636070,-56.140995,nan
2024-08-08T13:17:54,83.636063,-56.141460,nan
2024-08-08T13:17:53,83.636055,-56.141922,nan
2024-08-08T13:17:53,83.636047,-56.142387,nan
2024-08-08T13:17:52,83.636040,-56.142849,nan
2024-08-08T13:17:52,83.636040,-56.143311,nan
2024-08-08T13:17:51,83.636032,-56.143776,nan
2024-08-08T13:17:51,83.636024,-56.144241,nan
2024-08-08T13:17:50,83.636024,-56.144711,nan
2024-08-08T13:17:50,83.636017,-56.145180,nan
2024-08-08T13:17:49,83.636017,-56.145645,nan
2024-08-08T13:17:49,83.636009,-56.146114,nan
2024-08-08T13:17:48,83.636009,-56.146580,nan
2024-08-08T13:17:48,83.636002,-56.147049,nan
2024-08-08T13:17:47,83.636002,-56.147518,nan
2024-08-08T13:17:47,83.635994,-56.147991,nan
2024-08-08T13:17:46,83.635994,-56.148464,nan
2024-08-08T13:17:46,83.635986,-56.148933,nan
2024-08-08T13:17:45,83.635986,-56.149406,nan
2024-08-08T13:17:45,83.635979,-56.149879,nan
2024-08-08T13:17:44,83.635979,-56.150356,nan
2024-08-08T13:17:44,83.635979,-56.150833,nan
2024-08-08T13:17:43,83.635971,-56.151318,nan
2024-08-08T13:17:43,83.635971,-56.151798,nan
2024-08-08T13:17:42,83.635963,-56.152279,nan
2024-08-08T13:17:42,83.635963,-56.152760,nan
2024-08-08T13:17:41,83.635956,-56.153240,nan
2024-08-08T13:17:41,83.635956,-56.153721,nan
2024-08-08T13:17:40,83.635948,-56.154205,nan
2024-08-08T13:17:40,83.635948,-56.154682,nan
2024-08-08T13:17:39,83.635941,-56.155163,nan
2024-08-08T13:17:39,83.635941,-56.155643,nan
2024-08-08T13:17:38,83.635941,-56.156124,nan
2024-08-08T13:17:38,83.635933,-56.156605,nan
2024-08-08T13:17:37,83.635933,-56.157089,nan
2024-08-08T13:17:37,83.635925,-56.157570,nan
2024-08-08T13:17:36,83.635925,-56.158047,nan
2024-08-08T13:17:36,83.635925,-56.158520,nan
2024-08-08T13:17:35,83.635918,-56.158997,nan
2024-08-08T13:17:35,83.635918,-56.159473,nan
2024-08-08T13:17:34,83.635918,-56.159958,nan
2024-08-08T13:17:34,83.635910,-56.160439,nan
2024-08-08T13:17:33,83.635910,-56.160919,nan
2024-08-08T13:17:33,83.635910,-56.161400,nan
2024-08-08T13:17:32,83.635910,-56.161877,nan
2024-08-08T13:17:32,83.635902,-56.162361,nan
2024-08-08T13:17:31,83.635902,-56.162849,nan
2024-08-08T13:17:31,83.635902,-56.163330,nan
2024-08-08T13:17:30,83.635902,-56.163811,nan
2024-08-08T13:17:30,83.635902,-56.164291,nan
2024-08-08T13:17:29,83.635902,-56.164780,nan
2024-08-08T13:17:29,83.635902,-56.165272,nan
2024-08-08T13:17:28,83.635902,-56.165768,nan
2024-08-08T13:17:28,83.635902,-56.166264,nan
2024-08-08T13:17:27,83.635902,-56.166763,nan
2024-08-08T13:17:27,83.635902,-56.167259,nan
2024-08-08T13:17:26,83.635902,-56.167763,nan
2024-08-08T13:17:26,83.635902,-56.168266,nan
2024-08-08T13:17:25,83.635910,-56.168774,nan
2024-08-08T13:17:25,83.635910,-56.169277,nan
2024-08-08T13:17:24,83.635910,-56.169781,nan
2024-08-08T13:17:24,83.635918,-56.170284,nan
2024-08-08T13:17:23,83.635918,-56.170792,nan
2024-08-08T13:17:23,83.635918,-56.171295,nan
2024-08-08T13:17:22,83.635918,-56.171799,nan
2024-08-08T13:17:22,83.635918,-56.172298,nan
2024-08-08T13:17:21,83.635918,-56.172802,nan
2024-08-08T13:17:21,83.635918,-56.173302,nan
2024-08-08T13:17:20,83.635918,-56.173809,nan
2024-08-08T13:17:20,83.635918,-56.174316,nan
2024-08-08T13:17:19,83.635918,-56.174820,nan
2024-08-08T13:17:19,83.635918,-56.175323,nan
2024-08-08T13:17:18,83.635918,-56.175831,nan
2024-08-08T13:17:18,83.635918,-56.176338,nan
2024-08-08T13:17:17,83.635910,-56.176853,nan
2024-08-08T13:17:17,83.635910,-56.177364,nan
2024-08-08T13:17:16,83.635910,-56.177876,nan
2024-08-08T13:17:16,83.635910,-56.178391,nan
2024-08-08T13:17:15,83.635910,-56.178905,nan
2024-08-08T13:17:15,83.635910,-56.179424,nan
2024-08-08T13:17:14,83.635910,-56.179947,nan
2024-08-08T13:17:14,83.635910,-56.180470,nan
2024-08-08T13:17:13,83.635910,-56.180996,nan
2024-08-08T13:17:13,83.635910,-56.181519,nan
2024-08-08T13:17:12,83.635918,-56.182037,nan
2024-08-08T13:17:12,83.635918,-56.182552,nan
2024-08-08T13:17:11,83.635918,-56.183064,nan
2024-08-08T13:17:11,83.635918,-56.183571,nan
2024-08-08T13:17:10,83.635918,-56.184078,nan
2024-08-08T13:17:10,83.635918,-56.184582,nan
2024-08-08T13:17:09,83.635918,-56.185085,nan
2024-08-08T13:17:09,83.635918,-56.185593,nan
2024-08-08T13:17:08,83.635918,-56.186100,nan
2024-08-08T13:17:08,83.635918,-56.186604,nan
2024-08-08T13:17:07,83.635918,-56.187111,nan
2024-08-08T13:17:07,83.635918,-56.187618,nan
2024-08-08T13:17:06,83.635918,-56.188129,nan
2024-08-08T13:17:06,83.635918,-56.188644,nan
2024-08-08T13:17:05,83.635918,-56.189156,nan
2024-08-08T13:17:05,83.635918,-56.189667,nan
2024-08-08T13:17:04,83.635918,-56.190174,nan
2024-08-08T13:17:04,83.635910,-56.190685,nan
2024-08-08T13:17:03,83.635910,-56.191196,nan
2024-08-08T13:17:03,83.635910,-56.191711,nan
2024-08-08T13:17:02,83.635910,-56.192226,nan
2024-08-08T13:17:02,83.635910,-56.192738,nan
2024-08-08T13:17:01,83.635910,-56.193253,nan
2024-08-08T13:17:01,83.635910,-56.193771,nan
2024-08-08T13:17:00,83.635910,-56.194294,nan
2024-08-08T13:17:00,83.635910,-56.194817,nan
2024-08-08T13:16:59,83.635910,-56.195339,nan
2024-08-08T13:16:59,83.635910,-56.195866,nan
2024-08-08T13:16:58,83.635910,-56.196388,nan
2024-08-08T13:16:58,83.635910,-56.196911,nan
2024-08-08T13:16:57,83.635910,-56.197433,nan
2024-08-08T13:16:57,83.635910,-56.197960,nan
2024-08-08T13:16:56,83.635910,-56.198475,nan
2024-08-08T13:16:56,83.635910,-56.198990,nan
2024-08-08T13:16:55,83.635910,-56.199505,nan
2024-08-08T13:16:55,83.635910,-56.200020,nan
2024-08-08T13:16:54,83.635910,-56.200539,nan
2024-08-08T13:16:54,83.635910,-56.201050,nan
2024-08-08T13:16:53,83.635910,-56.201561,nan
2024-08-08T13:16:53,83.635910,-56.202068,nan
2024-08-08T13:16:52,83.635902,-56.202576,nan
2024-08-08T13:16:52,83.635902,-56.203079,nan
2024-08-08T13:16:51,83.635902,-56.203587,nan
2024-08-08T13:16:51,83.635902,-56.204086,nan
2024-08-08T13:16:50,83.635902,-56.204578,nan
2024-08-08T13:16:50,83.635895,-56.205070,nan
2024-08-08T13:16:49,83.635895,-56.205563,nan
2024-08-08T13:16:49,83.635895,-56.206055,nan
2024-08-08T13:16:48,83.635887,-56.206539,nan
2024-08-08T13:16:48,83.635887,-56.207027,nan
2024-08-08T13:16:47,83.635887,-56.207516,nan
2024-08-08T13:16:47,83.635887,-56.208000,nan
2024-08-08T13:16:46,83.635880,-56.208492,nan
2024-08-08T13:16:46,83.635880,-56.208984,nan
2024-08-08T13:16:45,83.635880,-56.209473,nan
2024-08-08T13:16:45,83.635880,-56.209965,nan
2024-08-08T13:16:44,83.635880,-56.210453,nan
2024-08-08T13:16:44,83.635880,-56.210945,nan
2024-08-08T13:16:43,83.635880,-56.211441,nan
2024-08-08T13:16:43,83.635880,-56.211937,nan
2024-08-08T13:16:42,83.635880,-56.212429,nan
2024-08-08T13:16:42,83.635880,-56.212917,nan
2024-08-08T13:16:41,83.635880,-56.213406,nan
2024-08-08T13:16:41,83.635880,-56.213898,nan
2024-08-08T13:16:40,83.635880,-56.214386,nan
2024-08-08T13:16:40,83.635880,-56.214878,nan
2024-08-08T13:16:39,83.635880,-56.215359,nan
2024-08-08T13:16:39,83.635880,-56.215839,nan
2024-08-08T13:16:38,83.635880,-56.216320,nan
2024-08-08T13:16:38,83.635880,-56.216801,nan
2024-08-08T13:16:37,83.635880,-56.217278,nan
2024-08-08T13:16:37,83.635880,-56.217754,nan
2024-08-08T13:16:36,83.635880,-56.218224,nan
2024-08-08T13:16:36,83.635880,-56.218689,nan
2024-08-08T13:16:35,83.635880,-56.219158,nan
2024-08-08T13:16:35,83.635880,-56.219624,nan
2024-08-08T13:16:34,83.635887,-56.220089,nan
2024-08-08T13:16:34,83.635887,-56.220551,nan
2024-08-08T13:16:33,83.635887,-56.221012,nan
2024-08-08T13:16:33,83.635887,-56.221478,nan
2024-08-08T13:16:32,83.635895,-56.221943,nan
2024-08-08T13:16:32,83.635895,-56.222408,nan
2024-08-08T13:16:31,83.635895,-56.222874,nan
2024-08-08T13:16:31,83.635895,-56.223343,nan
2024-08-08T13:16:30,83.635902,-56.223808,nan
2024-08-08T13:16:30,83.635902,-56.224281,nan
2024-08-08T13:16:29,83.635902,-56.224751,nan
2024-08-08T13:16:29,83.635902,-56.225220,nan
2024-08-08T13:16:28,83.635902,-56.225685,nan
2024-08-08T13:16:28,83.635910,-56.226154,nan
2024-08-08T13:16:27,83.635910,-56.226627,nan
2024-08-08T13:16:27,83.635910,-56.227100,nan
2024-08-08T13:16:26,83.635910,-56.227577,nan
2024-08-08T13:16:26,83.635918,-56.228054,nan
2024-08-08T13:16:25,83.635918,-56.228531,nan
2024-08-08T13:16:25,83.635918,-56.229008,nan
2024-08-08T13:16:24,83.635918,-56.229488,nan
2024-08-08T13:16:24,83.635925,-56.229973,nan
2024-08-08T13:16:23,83.635925,-56.230461,nan
2024-08-08T13:16:23,83.635925,-56.230949,nan
2024-08-08T13:16:22,83.635925,-56.231438,nan
2024-08-08T13:16:22,83.635925,-56.231934,nan
2024-08-08T13:16:21,83.635933,-56.232433,nan
2024-08-08T13:16:21,83.635933,-56.232941,nan
2024-08-08T13:16:20,83.635933,-56.233444,nan
2024-08-08T13:16:20,83.635933,-56.233948,nan
2024-08-08T13:16:19,83.635933,-56.234451,nan
2024-08-08T13:16:19,83.635933,-56.234955,nan
2024-08-08T13:16:18,83.635933,-56.235462,nan
2024-08-08T13:16:18,83.635933,-56.235970,nan
2024-08-08T13:16:17,83.635933,-56.236473,nan
2024-08-08T13:16:17,83.635933,-56.236973,nan
2024-08-08T13:16:16,83.635933,-56.237476,nan
2024-08-08T13:16:16,83.635933,-56.237980,nan
2024-08-08T13:16:15,83.635933,-56.238483,nan
2024-08-08T13:16:15,83.635933,-56.238983,nan
2024-08-08T13:16:14,83.635933,-56.239483,nan
2024-08-08T13:16:14,83.635933,-56.239983,nan
2024-08-08T13:16:13,83.635925,-56.240482,nan
2024-08-08T13:16:13,83.635925,-56.240982,nan
2024-08-08T13:16:12,83.635925,-56.241486,nan
2024-08-08T13:16:12,83.635925,-56.241985,nan
2024-08-08T13:16:11,83.635925,-56.242481,nan
2024-08-08T13:16:11,83.635925,-56.242973,nan
2024-08-08T13:16:10,83.635925,-56.243469,nan
2024-08-08T13:16:10,83.635925,-56.243961,nan
2024-08-08T13:16:09,83.635925,-56.244457,nan
2024-08-08T13:16:09,83.635925,-56.244949,nan
2024-08-08T13:16:08,83.635925,-56.245438,nan
2024-08-08T13:16:08,83.635918,-56.245918,nan
2024-08-08T13:16:07,83.635918,-56.246403,nan
2024-08-08T13:16:07,83.635918,-56.246891,nan
2024-08-08T13:16:06,83.635918,-56.247379,nan
2024-08-08T13:16:06,83.635918,-56.247860,nan
2024-08-08T13:16:05,83.635918,-56.248344,nan
2024-08-08T13:16:05,83.635918,-56.248821,nan
2024-08-08T13:16:04,83.635918,-56.249306,nan
2024-08-08T13:16:04,83.635918,-56.249794,nan
2024-08-08T13:16:03,83.635918,-56.250282,nan
2024-08-08T13:16:03,83.635925,-56.250767,nan
2024-08-08T13:16:02,83.635925,-56.251255,nan
2024-08-08T13:16:02,83.635925,-56.251743,nan
2024-08-08T13:16:01,83.635925,-56.252232,nan
2024-08-08T13:16:01,83.635925,-56.252724,nan
2024-08-08T13:16:00,83.635925,-56.253212,nan
2024-08-08T13:16:00,83.635925,-56.253700,nan
2024-08-08T13:15:59,83.635925,-56.254189,nan
2024-08-08T13:15:59,83.635925,-56.254677,nan
2024-08-08T13:15:58,83.635925,-56.255169,nan
2024-08-08T13:15:58,83.635925,-56.255661,nan
2024-08-08T13:15:57,83.635925,-56.256145,nan
2024-08-08T13:15:57,83.635925,-56.256626,nan
2024-08-08T13:15:56,83.635925,-56.257111,nan
2024-08-08T13:15:56,83.635925,-56.257595,nan
2024-08-08T13:15:55,83.635925,-56.258083,nan
2024-08-08T13:15:55,83.635925,-56.258568,nan
2024-08-08T13:15:54,83.635925,-56.259052,nan
2024-08-08T13:15:54,83.635925,-56.259537,nan
2024-08-08T13:15:53,83.635925,-56.260017,nan
2024-08-08T13:15:53,83.635925,-56.260506,nan
2024-08-08T13:15:52,83.635925,-56.260990,nan
2024-08-08T13:15:52,83.635925,-56.261471,nan
2024-08-08T13:15:51,83.635918,-56.261955,nan
2024-08-08T13:15:51,83.635918,-56.262436,nan
2024-08-08T13:15:50,83.635918,-56.262920,nan
2024-08-08T13:15:50,83.635918,-56.263405,nan
2024-08-08T13:15:49,83.635918,-56.263893,nan
2024-08-08T13:15:49,83.635918,-56.264378,nan
2024-08-08T13:15:48,83.635910,-56.264858,nan
2024-08-08T13:15:48,83.635910,-56.265339,nan
2024-08-08T13:15:47,83.635910,-56.265823,nan
2024-08-08T13:15:47,83.635910,-56.266304,nan
2024-08-08T13:15:46,83.635902,-56.266785,nan
2024-08-08T13:15:46,83.635902,-56.267265,nan
2024-08-08T13:15:45,83.635902,-56.267746,nan
2024-08-08T13:15:45,83.635895,-56.268234,nan
2024-08-08T13:15:44,83.635887,-56.268734,nan
2024-08-08T13:15:44,83.635880,-56.269234,nan
2024-08-08T13:15:43,83.635872,-56.269737,nan
2024-08-08T13:15:43,83.635864,-56.270241,nan
2024-08-08T13:15:42,83.635857,-56.270748,nan
2024-08-08T13:15:42,83.635841,-56.271255,nan
2024-08-08T13:15:41,83.635834,-56.271763,nan
2024-08-08T13:15:41,83.635826,-56.272270,nan
2024-08-08T13:15:40,83.635811,-56.272778,nan
2024-08-08T13:15:40,83.635803,-56.273281,nan
2024-08-08T13:15:39,83.635788,-56.273785,nan
2024-08-08T13:15:39,83.635780,-56.274300,nan
2024-08-08T13:15:38,83.635765,-56.274811,nan
2024-08-08T13:15:38,83.635757,-56.275322,nan
2024-08-08T13:15:37,83.635742,-56.275833,nan
2024-08-08T13:15:37,83.635735,-56.276348,nan
2024-08-08T13:15:36,83.635719,-56.276863,nan
2024-08-08T13:15:36,83.635712,-56.277378,nan
2024-08-08T13:15:35,83.635704,-56.277897,nan
2024-08-08T13:15:35,83.635689,-56.278412,nan
2024-08-08T13:15:34,83.635681,-56.278927,nan
2024-08-08T13:15:34,83.635674,-56.279446,nan
2024-08-08T13:15:33,83.635666,-56.279968,nan
2024-08-08T13:15:33,83.635658,-56.280491,nan
2024-08-08T13:15:32,83.635643,-56.281013,nan
2024-08-08T13:15:32,83.635635,-56.281536,nan
2024-08-08T13:15:31,83.635628,-56.282059,nan
2024-08-08T13:15:31,83.635620,-56.282585,nan
2024-08-08T13:15:30,83.635612,-56.283108,nan
2024-08-08T13:15:30,83.635605,-56.283630,nan
2024-08-08T13:15:29,83.635597,-56.284153,nan
2024-08-08T13:15:29,83.635582,-56.284676,nan
2024-08-08T13:15:28,83.635574,-56.285194,nan
2024-08-08T13:15:28,83.635567,-56.285721,nan
2024-08-08T13:15:27,83.635567,-56.286247,nan
2024-08-08T13:15:27,83.635559,-56.286774,nan
2024-08-08T13:15:26,83.635551,-56.287296,nan
2024-08-08T13:15:26,83.635544,-56.287823,nan
2024-08-08T13:15:25,83.635536,-56.288349,nan
2024-08-08T13:15:25,83.635536,-56.288876,nan
2024-08-08T13:15:24,83.635529,-56.289398,nan
2024-08-08T13:15:24,83.635529,-56.289921,nan
2024-08-08T13:15:23,83.635521,-56.290440,nan
2024-08-08T13:15:23,83.635521,-56.290962,nan
2024-08-08T13:15:22,83.635513,-56.291489,nan
2024-08-08T13:15:22,83.635513,-56.292015,nan
2024-08-08T13:15:21,83.635506,-56.292538,nan
2024-08-08T13:15:21,83.635506,-56.293060,nan
2024-08-08T13:15:20,83.635506,-56.293583,nan
2024-08-08T13:15:20,83.635498,-56.294106,nan
2024-08-08T13:15:19,83.635498,-56.294628,nan
2024-08-08T13:15:19,83.635490,-56.295155,nan
2024-08-08T13:15:18,83.635490,-56.295673,nan
2024-08-08T13:15:18,83.635490,-56.296192,nan
2024-08-08T13:15:17,83.635483,-56.296707,nan
2024-08-08T13:15:17,83.635483,-56.297226,nan
2024-08-08T13:15:16,83.635475,-56.297741,nan
2024-08-08T13:15:16,83.635475,-56.298252,nan
2024-08-08T13:15:15,83.635468,-56.298759,nan
2024-08-08T13:15:15,83.635468,-56.299267,nan
2024-08-08T13:15:14,83.635460,-56.299774,nan
2024-08-08T13:15:14,83.635452,-56.300282,nan
2024-08-08T13:15:13,83.635445,-56.300793,nan
2024-08-08T13:15:13,83.635445,-56.301304,nan
2024-08-08T13:15:12,83.635437,-56.301819,nan
2024-08-08T13:15:12,83.635429,-56.302341,nan
2024-08-08T13:15:11,83.635422,-56.302864,nan
2024-08-08T13:15:11,83.635422,-56.303391,nan
2024-08-08T13:15:10,83.635414,-56.303921,nan
2024-08-08T13:15:10,83.635406,-56.304451,nan
2024-08-08T13:15:09,83.635399,-56.304989,nan
2024-08-08T13:15:09,83.635391,-56.305531,nan
2024-08-08T13:15:08,83.635384,-56.306080,nan
2024-08-08T13:15:08,83.635376,-56.306629,nan
2024-08-08T13:15:07,83.635368,-56.307178,nan
2024-08-08T13:15:07,83.635361,-56.307732,nan
2024-08-08T13:15:06,83.635345,-56.308285,nan
2024-08-08T13:15:06,83.635338,-56.308842,nan
2024-08-08T13:15:05,83.635330,-56.309395,nan
2024-08-08T13:15:05,83.635323,-56.309940,nan
2024-08-08T13:15:04,83.635315,-56.310490,nan
2024-08-08T13:15:04,83.635307,-56.311035,nan
2024-08-08T13:15:03,83.635292,-56.311584,nan
2024-08-08T13:15:03,83.635284,-56.312134,nan
2024-08-08T13:15:02,83.635269,-56.312683,nan
2024-08-08T13:15:02,83.635262,-56.313232,nan
2024-08-08T13:15:01,83.635246,-56.313782,nan
2024-08-08T13:15:01,83.635231,-56.314323,nan
2024-08-08T13:15:00,83.635216,-56.314861,nan
2024-08-08T13:15:00,83.635193,-56.315399,nan
2024-08-08T13:14:59,83.635178,-56.315933,nan
2024-08-08T13:14:59,83.635162,-56.316467,nan
2024-08-08T13:14:58,83.635139,-56.317001,nan
2024-08-08T13:14:58,83.635124,-56.317543,nan
2024-08-08T13:14:57,83.635101,-56.318092,nan
2024-08-08T13:14:57,83.635078,-56.318645,nan
2024-08-08T13:14:56,83.635056,-56.319202,nan
2024-08-08T13:14:56,83.635033,-56.319763,nan
2024-08-08T13:14:55,83.635010,-56.320328,nan
2024-08-08T13:14:55,83.634979,-56.320900,nan
2024-08-08T13:14:54,83.634956,-56.321472,nan
2024-08-08T13:14:54,83.634933,-56.322037,nan
2024-08-08T13:14:53,83.634911,-56.322598,nan
2024-08-08T13:14:53,83.634888,-56.323154,nan
2024-08-08T13:14:52,83.634865,-56.323715,nan
2024-08-08T13:14:52,83.634842,-56.324268,nan
2024-08-08T13:14:51,83.634819,-56.324818,nan
2024-08-08T13:14:51,83.634789,-56.325363,nan
2024-08-08T13:14:50,83.634766,-56.325909,nan
2024-08-08T13:14:50,83.634743,-56.326458,nan
2024-08-08T13:14:49,83.634712,-56.327007,nan
2024-08-08T13:14:49,83.634689,-56.327560,nan
2024-08-08T13:14:48,83.634659,-56.328110,nan
2024-08-08T13:14:48,83.634628,-56.328659,nan
2024-08-08T13:14:47,83.634605,-56.329212,nan
2024-08-08T13:14:47,83.634575,-56.329769,nan
2024-08-08T13:14:46,83.634544,-56.330334,nan
2024-08-08T13:14:46,83.634514,-56.330898,nan
2024-08-08T13:14:45,83.634483,-56.331470,nan
2024-08-08T13:14:45,83.634453,-56.332050,nan
2024-08-08T13:14:44,83.634422,-56.332634,nan
2024-08-08T13:14:44,83.634392,-56.333218,nan
2024-08-08T13:14:43,83.634361,-56.333805,nan
2024-08-08T13:14:43,83.634331,-56.334389,nan
2024-08-08T13:14:42,83.634293,-56.334972,nan
2024-08-08T13:14:42,83.634270,-56.335560,nan
2024-08-08T13:14:41,83.634239,-56.336147,nan
2024-08-08T13:14:41,83.634209,-56.336731,nan
2024-08-08T13:14:40,83.634178,-56.337311,nan
2024-08-08T13:14:40,83.634148,-56.337887,nan
2024-08-08T13:14:39,83.634125,-56.338463,nan
2024-08-08T13:14:39,83.634094,-56.339043,nan
2024-08-08T13:14:38,83.634064,-56.339626,nan
2024-08-08T13:14:38,83.634041,-56.340218,nan
2024-08-08T13:14:37,83.634010,-56.340809,nan
2024-08-08T13:14:37,83.633987,-56.341396,nan
2024-08-08T13:14:36,83.633957,-56.341988,nan
2024-08-08T13:14:36,83.633926,-56.342579,nan
2024-08-08T13:14:35,83.633904,-56.343166,nan
2024-08-08T13:14:35,83.633873,-56.343758,nan
2024-08-08T13:14:34,83.633850,-56.344345,nan
2024-08-08T13:14:34,83.633827,-56.344929,nan
2024-08-08T13:14:33,83.633797,-56.345509,nan
2024-08-08T13:14:33,83.633774,-56.346085,nan
2024-08-08T13:14:32,83.633751,-56.346668,nan
2024-08-08T13:14:32,83.633728,-56.347248,nan
2024-08-08T13:14:31,83.633705,-56.347828,nan
2024-08-08T13:14:31,83.633682,-56.348400,nan
2024-08-08T13:14:30,83.633667,-56.348976,nan
2024-08-08T13:14:30,83.633644,-56.349552,nan
2024-08-08T13:14:29,83.633621,-56.350136,nan
2024-08-08T13:14:29,83.633606,-56.350716,nan
2024-08-08T13:14:28,83.633591,-56.351295,nan
2024-08-08T13:14:28,83.633568,-56.351871,nan
2024-08-08T13:14:27,83.633553,-56.352448,nan
2024-08-08T13:14:27,83.633537,-56.353024,nan
2024-08-08T13:14:26,83.633522,-56.353603,nan
2024-08-08T13:14:26,83.633507,-56.354179,nan
2024-08-08T13:14:25,83.633492,-56.354755,nan
2024-08-08T13:14:25,83.633476,-56.355339,nan
2024-08-08T13:14:24,83.633461,-56.355923,nan
2024-08-08T13:14:24,83.633446,-56.356506,nan
2024-08-08T13:14:23,83.633430,-56.357098,nan
2024-08-08T13:14:23,83.633415,-56.357685,nan
2024-08-08T13:14:22,83.633408,-56.358269,nan
2024-08-08T13:14:22,83.633392,-56.358849,nan
2024-08-08T13:14:21,83.633377,-56.359440,nan
2024-08-08T13:14:21,83.633362,-56.360027,nan
2024-08-08T13:14:20,83.633347,-56.360619,nan
2024-08-08T13:14:20,83.633331,-56.361214,nan
2024-08-08T13:14:19,83.633316,-56.361809,nan
2024-08-08T13:14:19,83.633301,-56.362408,nan
2024-08-08T13:14:18,83.633286,-56.363010,nan
2024-08-08T13:14:18,83.633270,-56.363621,nan
2024-08-08T13:14:17,83.633255,-56.364227,nan
2024-08-08T13:14:17,83.633232,-56.364834,nan
2024-08-08T13:14:16,83.633217,-56.365440,nan
2024-08-08T13:14:16,83.633194,-56.366055,nan
2024-08-08T13:14:15,83.633171,-56.366669,nan
2024-08-08T13:14:15,83.633148,-56.367287,nan
2024-08-08T13:14:14,83.633125,-56.367901,nan
2024-08-08T13:14:14,83.633102,-56.368519,nan
2024-08-08T13:14:13,83.633080,-56.369137,nan
2024-08-08T13:14:13,83.633057,-56.369759,nan
2024-08-08T13:14:12,83.633034,-56.370384,nan
2024-08-08T13:14:12,83.633011,-56.371017,nan
2024-08-08T13:14:11,83.632988,-56.371647,nan
2024-08-08T13:14:11,83.632965,-56.372284,nan
2024-08-08T13:14:10,83.632942,-56.372921,nan
2024-08-08T13:14:10,83.632919,-56.373554,nan
2024-08-08T13:14:09,83.632896,-56.374191,nan
2024-08-08T13:14:09,83.632874,-56.374828,nan
2024-08-08T13:14:08,83.632851,-56.375465,nan
2024-08-08T13:14:08,83.632828,-56.376099,nan
2024-08-08T13:14:07,83.632805,-56.376740,nan
2024-08-08T13:14:07,83.632782,-56.377373,nan
2024-08-08T13:14:06,83.632751,-56.378006,nan
2024-08-08T13:14:06,83.632729,-56.378632,nan
2024-08-08T13:14:05,83.632706,-56.379257,nan
2024-08-08T13:14:05,83.632683,-56.379879,nan
2024-08-08T13:14:04,83.632660,-56.380501,nan
2024-08-08T13:14:04,83.632637,-56.381123,nan
2024-08-08T13:14:03,83.632614,-56.381741,nan
2024-08-08T13:14:03,83.632591,-56.382362,nan
2024-08-08T13:14:02,83.632568,-56.382980,nan
2024-08-08T13:14:02,83.632545,-56.383602,nan
2024-08-08T13:14:01,83.632523,-56.384228,nan
2024-08-08T13:14:01,83.632500,-56.384853,nan
2024-08-08T13:14:00,83.632477,-56.385490,nan
2024-08-08T13:14:00,83.632446,-56.386127,nan
2024-08-08T13:13:59,83.632423,-56.386768,nan
2024-08-08T13:13:59,83.632401,-56.387413,nan
2024-08-08T13:13:58,83.632378,-56.388062,nan
2024-08-08T13:13:58,83.632355,-56.388718,nan
2024-08-08T13:13:57,83.632324,-56.389385,nan
2024-08-08T13:13:57,83.632301,-56.390053,nan
2024-08-08T13:13:56,83.632278,-56.390720,nan
2024-08-08T13:13:56,83.632248,-56.391392,nan
2024-08-08T13:13:55,83.632225,-56.392056,nan
2024-08-08T13:13:55,83.632202,-56.392719,nan
2024-08-08T13:13:54,83.632172,-56.393372,nan
2024-08-08T13:13:54,83.632149,-56.394024,nan
2024-08-08T13:13:53,83.632126,-56.394676,nan
2024-08-08T13:13:53,83.632095,-56.395329,nan
2024-08-08T13:13:52,83.632072,-56.395985,nan
2024-08-08T13:13:52,83.632050,-56.396645,nan
2024-08-08T13:13:51,83.632019,-56.397308,nan
2024-08-08T13:13:51,83.631996,-56.397980,nan
2024-08-08T13:13:50,83.631966,-56.398651,nan
2024-08-08T13:13:50,83.631943,-56.399326,nan
2024-08-08T13:13:49,83.631912,-56.400002,nan
2024-08-08T13:13:49,83.631889,-56.400681,nan
2024-08-08T13:13:48,83.631866,-56.401363,nan
2024-08-08T13:13:48,83.631836,-56.402046,nan
2024-08-08T13:13:47,83.631813,-56.402737,nan
2024-08-08T13:13:47,83.631790,-56.403427,nan
2024-08-08T13:13:46,83.631767,-56.404121,nan
2024-08-08T13:13:46,83.631752,-56.404816,nan
2024-08-08T13:13:45,83.631729,-56.405518,nan
2024-08-08T13:13:45,83.631706,-56.406216,nan
2024-08-08T13:13:44,83.631691,-56.406918,nan
2024-08-08T13:13:44,83.631676,-56.407623,nan
2024-08-08T13:13:43,83.631660,-56.408333,nan
2024-08-08T13:13:43,83.631645,-56.409039,nan
2024-08-08T13:13:42,83.631630,-56.409744,nan
2024-08-08T13:13:42,83.631615,-56.410446,nan
2024-08-08T13:13:41,83.631599,-56.411144,nan
2024-08-08T13:13:41,83.631592,-56.411839,nan
2024-08-08T13:13:40,83.631577,-56.412525,nan
2024-08-08T13:13:40,83.631569,-56.413204,nan
2024-08-08T13:13:39,83.631554,-56.413887,nan
2024-08-08T13:13:39,83.631546,-56.414566,nan
2024-08-08T13:13:38,83.631531,-56.415245,nan
2024-08-08T13:13:38,83.631523,-56.415920,nan
2024-08-08T13:13:37,83.631516,-56.416595,nan
2024-08-08T13:13:37,83.631508,-56.417278,nan
2024-08-08T13:13:36,83.631493,-56.417965,nan
2024-08-08T13:13:36,83.631493,-56.418648,nan
2024-08-08T13:13:35,83.631485,-56.419319,nan
2024-08-08T13:13:35,83.631477,-56.419991,nan
2024-08-08T13:13:34,83.631470,-56.420662,nan
2024-08-08T13:13:34,83.631470,-56.421326,nan
2024-08-08T13:13:33,83.631462,-56.421986,nan
2024-08-08T13:13:33,83.631454,-56.422623,nan
2024-08-08T13:13:32,83.631454,-56.423256,nan
2024-08-08T13:13:32,83.631447,-56.423882,nan
2024-08-08T13:13:31,83.631439,-56.424500,nan
2024-08-08T13:13:31,83.631432,-56.425106,nan
2024-08-08T13:13:30,83.631432,-56.425697,nan
2024-08-08T13:13:30,83.631424,-56.426285,nan
2024-08-08T13:13:29,83.631409,-56.426861,nan
2024-08-08T13:13:29,83.631401,-56.427429,nan
2024-08-08T13:13:28,83.631393,-56.427982,nan
2024-08-08T13:13:28,83.631378,-56.428535,nan
2024-08-08T13:13:27,83.631363,-56.429089,nan
2024-08-08T13:13:27,83.631355,-56.429638,nan
2024-08-08T13:13:26,83.631340,-56.430187,nan
2024-08-08T13:13:26,83.631325,-56.430733,nan
2024-08-08T13:13:25,83.631310,-56.431278,nan
2024-08-08T13:13:25,83.631287,-56.431835,nan
2024-08-08T13:13:24,83.631271,-56.432392,nan
2024-08-08T13:13:24,83.631256,-56.432949,nan
2024-08-08T13:13:23,83.631241,-56.433502,nan
2024-08-08T13:13:23,83.631226,-56.434055,nan
2024-08-08T13:13:22,83.631210,-56.434616,nan
2024-08-08T13:13:22,83.631195,-56.435177,nan
2024-08-08T13:13:21,83.631180,-56.435738,nan
2024-08-08T13:13:21,83.631165,-56.436295,nan
2024-08-08T13:13:20,83.631149,-56.436852,nan
2024-08-08T13:13:20,83.631134,-56.437416,nan
2024-08-08T13:13:19,83.631119,-56.437988,nan
2024-08-08T13:13:19,83.631104,-56.438560,nan
2024-08-08T13:13:18,83.631088,-56.439133,nan
2024-08-08T13:13:18,83.631081,-56.439701,nan
2024-08-08T13:13:17,83.631065,-56.440273,nan
2024-08-08T13:13:17,83.631050,-56.440842,nan
2024-08-08T13:13:16,83.631035,-56.441410,nan
2024-08-08T13:13:16,83.631027,-56.441982,nan
2024-08-08T13:13:15,83.631012,-56.442547,nan
2024-08-08T13:13:15,83.630997,-56.443096,nan
2024-08-08T13:13:14,83.630989,-56.443642,nan
2024-08-08T13:13:14,83.630974,-56.444180,nan
2024-08-08T13:13:13,83.630959,-56.444710,nan
2024-08-08T13:13:13,83.630943,-56.445217,nan
2024-08-08T13:13:12,83.630936,-56.445717,nan
2024-08-08T13:13:12,83.630920,-56.446205,nan
2024-08-08T13:13:11,83.630905,-56.446701,nan
2024-08-08T13:13:11,83.630890,-56.447189,nan
2024-08-08T13:13:10,83.630875,-56.447674,nan
2024-08-08T13:13:10,83.630852,-56.448162,nan
2024-08-08T13:13:09,83.630836,-56.448654,nan
2024-08-08T13:13:09,83.630821,-56.449139,nan
2024-08-08T13:13:08,83.630798,-56.449615,nan
2024-08-08T13:13:08,83.630783,-56.450089,nan
2024-08-08T13:13:07,83.630760,-56.450565,nan
2024-08-08T13:13:07,83.630737,-56.451042,nan
2024-08-08T13:13:06,83.630714,-56.451511,nan
2024-08-08T13:13:06,83.630692,-56.451988,nan
2024-08-08T13:13:05,83.630669,-56.452469,nan
2024-08-08T13:13:05,83.630646,-56.452946,nan
2024-08-08T13:13:04,83.630630,-56.453423,nan
2024-08-08T13:13:04,83.630608,-56.453899,nan
2024-08-08T13:13:03,83.630585,-56.454384,nan
2024-08-08T13:13:03,83.630562,-56.454861,nan
2024-08-08T13:13:02,83.630547,-56.455334,nan
2024-08-08T13:13:02,83.630524,-56.455807,nan
2024-08-08T13:13:01,83.630501,-56.456284,nan
2024-08-08T13:13:01,83.630486,-56.456741,nan
2024-08-08T13:13:00,83.630463,-56.457199,nan
2024-08-08T13:13:00,83.630440,-56.457657,nan
2024-08-08T13:12:59,83.630417,-56.458118,nan
2024-08-08T13:12:59,83.630402,-56.458588,nan
2024-08-08T13:12:58,83.630379,-56.459053,nan
2024-08-08T13:12:58,83.630356,-56.459526,nan
2024-08-08T13:12:57,83.630333,-56.460011,nan
2024-08-08T13:12:57,83.630318,-56.460503,nan
2024-08-08T13:12:56,83.630295,-56.460991,nan
2024-08-08T13:12:56,83.630272,-56.461491,nan
2024-08-08T13:12:55,83.630249,-56.461998,nan
2024-08-08T13:12:55,83.630234,-56.462498,nan
2024-08-08T13:12:54,83.630211,-56.462997,nan
2024-08-08T13:12:54,83.630188,-56.463505,nan
2024-08-08T13:12:53,83.630165,-56.464012,nan
2024-08-08T13:12:53,83.630142,-56.464527,nan
2024-08-08T13:12:52,83.630119,-56.465038,nan
2024-08-08T13:12:52,83.630104,-56.465534,nan
2024-08-08T13:12:51,83.630081,-56.466019,nan
2024-08-08T13:12:51,83.630058,-56.466503,nan
2024-08-08T13:12:50,83.630043,-56.466972,nan
2024-08-08T13:12:50,83.630020,-56.467442,nan
2024-08-08T13:12:49,83.629997,-56.467892,nan
2024-08-08T13:12:49,83.629982,-56.468342,nan
2024-08-08T13:12:48,83.629959,-56.468800,nan
2024-08-08T13:12:48,83.629944,-56.469257,nan
2024-08-08T13:12:47,83.629921,-56.469711,nan
2024-08-08T13:12:47,83.629906,-56.470165,nan
2024-08-08T13:12:46,83.629890,-56.470615,nan
2024-08-08T13:12:46,83.629868,-56.471066,nan
2024-08-08T13:12:45,83.629852,-56.471500,nan
2024-08-08T13:12:45,83.629837,-56.471928,nan
2024-08-08T13:12:44,83.629822,-56.472347,nan
2024-08-08T13:12:44,83.629799,-56.472767,nan
2024-08-08T13:12:43,83.629784,-56.473186,nan
2024-08-08T13:12:43,83.629761,-56.473606,nan
2024-08-08T13:12:42,83.629745,-56.474014,nan
2024-08-08T13:12:42,83.629723,-56.474434,nan
2024-08-08T13:12:41,83.629700,-56.474850,nan
2024-08-08T13:12:41,83.629684,-56.475273,nan
2024-08-08T13:12:40,83.629662,-56.475689,nan
2024-08-08T13:12:40,83.629639,-56.476109,nan
2024-08-08T13:12:39,83.629623,-56.476532,nan
2024-08-08T13:12:39,83.629601,-56.476959,nan
2024-08-08T13:12:38,83.629578,-56.477383,nan
2024-08-08T13:12:38,83.629562,-56.477798,nan
2024-08-08T13:12:37,83.629539,-56.478226,nan
2024-08-08T13:12:37,83.629524,-56.478657,nan
2024-08-08T13:12:36,83.629501,-56.479080,nan
2024-08-08T13:12:36,83.629486,-56.479507,nan
2024-08-08T13:12:35,83.629463,-56.479946,nan
2024-08-08T13:12:35,83.629448,-56.480389,nan
2024-08-08T13:12:34,83.629433,-56.480827,nan
2024-08-08T13:12:34,83.629410,-56.481270,nan
2024-08-08T13:12:33,83.629395,-56.481724,nan
2024-08-08T13:12:33,83.629372,-56.482182,nan
2024-08-08T13:12:32,83.629356,-56.482635,nan
2024-08-08T13:12:32,83.629333,-56.483089,nan
2024-08-08T13:12:31,83.629318,-56.483543,nan
2024-08-08T13:12:31,83.629295,-56.484001,nan
2024-08-08T13:12:30,83.629280,-56.484463,nan
2024-08-08T13:12:30,83.629265,-56.484921,nan
2024-08-08T13:12:29,83.629250,-56.485374,nan
2024-08-08T13:12:29,83.629234,-56.485828,nan
2024-08-08T13:12:28,83.629219,-56.486286,nan
2024-08-08T13:12:28,83.629204,-56.486748,nan
2024-08-08T13:12:27,83.629189,-56.487202,nan
2024-08-08T13:12:27,83.629173,-56.487640,nan
2024-08-08T13:12:26,83.629166,-56.488071,nan
2024-08-08T13:12:26,83.629150,-56.488499,nan
2024-08-08T13:12:25,83.629135,-56.488922,nan
2024-08-08T13:12:25,83.629120,-56.489326,nan
2024-08-08T13:12:24,83.629105,-56.489716,nan
2024-08-08T13:12:24,83.629089,-56.490101,nan
2024-08-08T13:12:23,83.629074,-56.490479,nan
2024-08-08T13:12:23,83.629059,-56.490856,nan
2024-08-08T13:12:22,83.629044,-56.491219,nan
2024-08-08T13:12:22,83.629028,-56.491581,nan
2024-08-08T13:12:21,83.629005,-56.491947,nan
2024-08-08T13:12:21,83.628990,-56.492306,nan
2024-08-08T13:12:20,83.628967,-56.492661,nan
2024-08-08T13:12:20,83.628952,-56.493000,nan
2024-08-08T13:12:19,83.628929,-56.493336,nan
2024-08-08T13:12:19,83.628906,-56.493671,nan
2024-08-08T13:12:18,83.628891,-56.494019,nan
2024-08-08T13:12:18,83.628868,-56.494370,nan
2024-08-08T13:12:17,83.628845,-56.494717,nan
2024-08-08T13:12:17,83.628830,-56.495071,nan
2024-08-08T13:12:16,83.628807,-56.495434,nan
2024-08-08T13:12:16,83.628792,-56.495808,nan
2024-08-08T13:12:15,83.628769,-56.496189,nan
2024-08-08T13:12:15,83.628754,-56.496574,nan
2024-08-08T13:12:14,83.628738,-56.496967,nan
2024-08-08T13:12:14,83.628723,-56.497372,nan
2024-08-08T13:12:13,83.628716,-56.497772,nan
2024-08-08T13:12:13,83.628700,-56.498173,nan
2024-08-08T13:12:12,83.628685,-56.498569,nan
2024-08-08T13:12:12,83.628677,-56.498978,nan
2024-08-08T13:12:11,83.628670,-56.499390,nan
2024-08-08T13:12:11,83.628654,-56.499794,nan
2024-08-08T13:12:10,83.628647,-56.500191,nan
2024-08-08T13:12:10,83.628639,-56.500584,nan
2024-08-08T13:12:09,83.628632,-56.500977,nan
2024-08-08T13:12:09,83.628624,-56.501362,nan
2024-08-08T13:12:08,83.628616,-56.501747,nan
2024-08-08T13:12:08,83.628609,-56.502125,nan
2024-08-08T13:12:07,83.628601,-56.502506,nan
2024-08-08T13:12:07,83.628593,-56.502876,nan
2024-08-08T13:12:06,83.628586,-56.503235,nan
2024-08-08T13:12:06,83.628578,-56.503593,nan
2024-08-08T13:12:05,83.628563,-56.503944,nan
2024-08-08T13:12:05,83.628555,-56.504284,nan
2024-08-08T13:12:04,83.628540,-56.504623,nan
2024-08-08T13:12:04,83.628525,-56.504974,nan
2024-08-08T13:12:03,83.628510,-56.505329,nan
2024-08-08T13:12:03,83.628494,-56.505680,nan
2024-08-08T13:12:02,83.628479,-56.506031,nan
2024-08-08T13:12:02,83.628464,-56.506393,nan
2024-08-08T13:12:01,83.628448,-56.506767,nan
2024-08-08T13:12:01,83.628433,-56.507145,nan
2024-08-08T13:12:00,83.628418,-56.507523,nan
2024-08-08T13:12:00,83.628403,-56.507912,nan
2024-08-08T13:11:59,83.628387,-56.508308,nan
2024-08-08T13:11:59,83.628380,-56.508705,nan
2024-08-08T13:11:58,83.628365,-56.509102,nan
2024-08-08T13:11:58,83.628357,-56.509502,nan
2024-08-08T13:11:57,83.628342,-56.509903,nan
2024-08-08T13:11:57,83.628326,-56.510311,nan
2024-08-08T13:11:56,83.628319,-56.510715,nan
2024-08-08T13:11:56,83.628311,-56.511105,nan
2024-08-08T13:11:55,83.628296,-56.511494,nan
2024-08-08T13:11:55,83.628288,-56.511883,nan
2024-08-08T13:11:54,83.628273,-56.512268,nan
2024-08-08T13:11:54,83.628265,-56.512650,nan
2024-08-08T13:11:53,83.628250,-56.513020,nan
2024-08-08T13:11:53,83.628242,-56.513390,nan
2024-08-08T13:11:52,83.628227,-56.513756,nan
2024-08-08T13:11:52,83.628212,-56.514122,nan
2024-08-08T13:11:51,83.628197,-56.514481,nan
2024-08-08T13:11:51,83.628189,-56.514835,nan
2024-08-08T13:11:50,83.628174,-56.515186,nan
2024-08-08T13:11:50,83.628159,-56.515537,nan
2024-08-08T13:11:49,83.628143,-56.515877,nan
2024-08-08T13:11:49,83.628128,-56.516216,nan
2024-08-08T13:11:48,83.628113,-56.516560,nan
2024-08-08T13:11:48,83.628098,-56.516891,nan
2024-08-08T13:11:47,83.628075,-56.517220,nan
2024-08-08T13:11:47,83.628059,-56.517548,nan
2024-08-08T13:11:46,83.628036,-56.517879,nan
2024-08-08T13:11:46,83.628021,-56.518211,nan
2024-08-08T13:11:45,83.627998,-56.518539,nan
2024-08-08T13:11:45,83.627983,-56.518867,nan
2024-08-08T13:11:44,83.627960,-56.519199,nan
2024-08-08T13:11:44,83.627945,-56.519531,nan
2024-08-08T13:11:43,83.627922,-56.519867,nan
2024-08-08T13:11:43,83.627907,-56.520199,nan
2024-08-08T13:11:42,83.627884,-56.520535,nan
2024-08-08T13:11:42,83.627869,-56.520885,nan
2024-08-08T13:11:41,83.627853,-56.521233,nan
2024-08-08T13:11:41,83.627831,-56.521580,nan
2024-08-08T13:11:40,83.627815,-56.521923,nan
2024-08-08T13:11:40,83.627808,-56.522278,nan
2024-08-08T13:11:39,83.627792,-56.522625,nan
2024-08-08T13:11:39,83.627777,-56.522961,nan
2024-08-08T13:11:38,83.627762,-56.523300,nan
2024-08-08T13:11:38,83.627754,-56.523640,nan
2024-08-08T13:11:37,83.627739,-56.523975,nan
2024-08-08T13:11:37,83.627731,-56.524300,nan
2024-08-08T13:11:36,83.627716,-56.524620,nan
2024-08-08T13:11:36,83.627708,-56.524952,nan
2024-08-08T13:11:35,83.627693,-56.525276,nan
2024-08-08T13:11:35,83.627686,-56.525600,nan
2024-08-08T13:11:34,83.627670,-56.525932,nan
2024-08-08T13:11:34,83.627663,-56.526257,nan
2024-08-08T13:11:33,83.627647,-56.526577,nan
2024-08-08T13:11:33,83.627640,-56.526909,nan
2024-08-08T13:11:32,83.627625,-56.527237,nan
2024-08-08T13:11:32,83.627609,-56.527557,nan
2024-08-08T13:11:31,83.627602,-56.527866,nan
2024-08-08T13:11:31,83.627586,-56.528183,nan
2024-08-08T13:11:30,83.627579,-56.528500,nan
2024-08-08T13:11:30,83.627563,-56.528809,nan
2024-08-08T13:11:29,83.627556,-56.529110,nan
2024-08-08T13:11:29,83.627541,-56.529408,nan
2024-08-08T13:11:28,83.627533,-56.529713,nan
2024-08-08T13:11:28,83.627518,-56.530003,nan
2024-08-08T13:11:27,83.627510,-56.530289,nan
2024-08-08T13:11:27,83.627495,-56.530582,nan
2024-08-08T13:11:26,83.627480,-56.530880,nan
2024-08-08T13:11:26,83.627472,-56.531162,nan
2024-08-08T13:11:25,83.627457,-56.531441,nan
2024-08-08T13:11:25,83.627449,-56.531719,nan
2024-08-08T13:11:24,83.627441,-56.531998,nan
2024-08-08T13:11:24,83.627426,-56.532265,nan
2024-08-08T13:11:23,83.627419,-56.532516,nan
2024-08-08T13:11:23,83.627411,-56.532761,nan
2024-08-08T13:11:22,83.627403,-56.533016,nan
2024-08-08T13:11:22,83.627396,-56.533264,nan
2024-08-08T13:11:21,83.627380,-56.533516,nan
2024-08-08T13:11:21,83.627373,-56.533752,nan
2024-08-08T13:11:20,83.627365,-56.533993,nan
2024-08-08T13:11:20,83.627357,-56.534245,nan
2024-08-08T13:11:19,83.627350,-56.534496,nan
2024-08-08T13:11:19,83.627335,-56.534748,nan
2024-08-08T13:11:18,83.627327,-56.535007,nan
2024-08-08T13:11:18,83.627319,-56.535275,nan
2024-08-08T13:11:17,83.627304,-56.535534,nan
2024-08-08T13:11:17,83.627296,-56.535801,nan
2024-08-08T13:11:16,83.627281,-56.536076,nan
2024-08-08T13:11:16,83.627274,-56.536358,nan
2024-08-08T13:11:15,83.627258,-56.536640,nan
2024-08-08T13:11:15,83.627251,-56.536915,nan
2024-08-08T13:11:14,83.627235,-56.537186,nan
2024-08-08T13:11:14,83.627228,-56.537476,nan
2024-08-08T13:11:13,83.627213,-56.537750,nan
2024-08-08T13:11:13,83.627205,-56.538025,nan
2024-08-08T13:11:12,83.627190,-56.538319,nan
2024-08-08T13:11:12,83.627174,-56.538620,nan
2024-08-08T13:11:11,83.627167,-56.538902,nan
2024-08-08T13:11:11,83.627151,-56.539185,nan
2024-08-08T13:11:10,83.627129,-56.539486,nan
2024-08-08T13:11:10,83.627113,-56.539810,nan
2024-08-08T13:11:09,83.627098,-56.540146,nan
2024-08-08T13:11:09,83.627083,-56.540451,nan
2024-08-08T13:11:08,83.627068,-56.540718,nan
2024-08-08T13:11:08,83.627045,-56.541000,nan
2024-08-08T13:11:07,83.627022,-56.541321,nan
2024-08-08T13:11:07,83.626999,-56.541672,nan
2024-08-08T13:11:06,83.626976,-56.541958,nan
2024-08-08T13:11:06,83.626945,-56.542233,nan
2024-08-08T13:11:05,83.626923,-56.542622,nan
2024-08-08T13:11:05,83.626907,-56.542889,nan
2024-08-08T13:11:04,83.626900,-56.543465,nan
2024-08-08T13:11:04,83.626945,-56.543793,nan
2024-08-08T13:11:03,83.627037,-56.544411,nan
2024-08-08T13:11:03,83.627106,-56.545071,nan
2024-08-08T13:11:02,83.627113,-56.545429,nan
2024-08-08T13:11:02,83.627037,-56.545776,nan
2024-08-08T13:11:01,83.626923,-56.546070,nan
2024-08-08T13:11:01,83.626778,-56.546406,nan
2024-08-08T13:11:00,83.626602,-56.546810,nan
2024-08-08T13:11:00,83.626335,-56.546970,nan
2024-08-08T13:10:59,83.625992,-56.547192,nan
2024-08-08T13:10:59,83.625526,-56.547245,nan
2024-08-08T13:10:58,83.624832,-56.547096,nan
2024-08-08T13:10:58,83.623962,-56.547001,nan
