datetime,lat,lon,elev
2024-06-03T13:40:33,84.178780,-40.451923,nan
2024-06-03T13:40:33,84.178780,-40.452511,nan
2024-06-03T13:40:32,84.178764,-40.452915,nan
2024-06-03T13:40:32,84.178741,-40.453354,nan
2024-06-03T13:40:31,84.178719,-40.453800,nan
2024-06-03T13:40:31,84.178703,-40.454269,nan
2024-06-03T13:40:30,84.178680,-40.454731,nan
2024-06-03T13:40:30,84.178650,-40.455212,nan
2024-06-03T13:40:29,84.178627,-40.455708,nan
2024-06-03T13:40:29,84.178604,-40.456207,nan
2024-06-03T13:40:28,84.178581,-40.456707,nan
2024-06-03T13:40:28,84.178558,-40.457211,nan
2024-06-03T13:40:27,84.178535,-40.457710,nan
2024-06-03T13:40:27,84.178513,-40.458218,nan
2024-06-03T13:40:25,84.178436,-40.459743,nan
2024-06-03T13:40:25,84.178413,-40.460251,nan
2024-06-03T13:40:24,84.178391,-40.460754,nan
2024-06-03T13:40:24,84.178368,-40.461262,nan
2024-06-03T13:40:23,84.178345,-40.461773,nan
2024-06-03T13:40:23,84.178322,-40.462284,nan
2024-06-03T13:40:22,84.178299,-40.462795,nan
2024-06-03T13:40:22,84.178276,-40.463303,nan
2024-06-03T13:40:21,84.178230,-40.464317,nan
2024-06-03T13:40:20,84.178215,-40.464828,nan
2024-06-03T13:40:19,84.178177,-40.465847,nan
2024-06-03T13:40:19,84.178154,-40.466351,nan
2024-06-03T13:40:18,84.178139,-40.466858,nan
2024-06-03T13:40:18,84.178116,-40.467361,nan
2024-06-03T13:40:17,84.178101,-40.467869,nan
2024-06-03T13:40:17,84.178078,-40.468372,nan
2024-06-03T13:40:16,84.178062,-40.468876,nan
2024-06-03T13:40:16,84.178040,-40.469383,nan
2024-06-03T13:40:15,84.178001,-40.470402,nan
2024-06-03T13:40:14,84.177986,-40.470909,nan
2024-06-03T13:40:14,84.177963,-40.471428,nan
2024-06-03T13:40:13,84.177948,-40.471951,nan
2024-06-03T13:40:13,84.177925,-40.472473,nan
2024-06-03T13:40:12,84.177910,-40.473000,nan
2024-06-03T13:40:12,84.177895,-40.473534,nan
2024-06-03T13:40:11,84.177872,-40.474072,nan
2024-06-03T13:40:11,84.177856,-40.474621,nan
2024-06-03T13:40:10,84.177841,-40.475178,nan
2024-06-03T13:40:10,84.177826,-40.475739,nan
2024-06-03T13:40:09,84.177811,-40.476303,nan
2024-06-03T13:40:09,84.177795,-40.476871,nan
2024-06-03T13:40:08,84.177780,-40.477432,nan
2024-06-03T13:40:08,84.177773,-40.477993,nan
2024-06-03T13:40:07,84.177757,-40.478561,nan
2024-06-03T13:40:07,84.177750,-40.479141,nan
2024-06-03T13:40:06,84.177742,-40.479717,nan
2024-06-03T13:40:06,84.177734,-40.480286,nan
2024-06-03T13:40:05,84.177727,-40.480850,nan
2024-06-03T13:40:05,84.177727,-40.481403,nan
2024-06-03T13:40:04,84.177719,-40.481945,nan
2024-06-03T13:40:04,84.177719,-40.482471,nan
2024-06-03T13:40:03,84.177719,-40.482979,nan
2024-06-03T13:40:03,84.177727,-40.483467,nan
2024-06-03T13:40:02,84.177727,-40.483940,nan
2024-06-03T13:40:02,84.177727,-40.484402,nan
2024-06-03T13:40:01,84.177727,-40.484844,nan
2024-06-03T13:40:01,84.177727,-40.485287,nan
2024-06-03T13:40:00,84.177727,-40.485725,nan
2024-06-03T13:40:00,84.177727,-40.486160,nan
2024-06-03T13:39:59,84.177719,-40.486599,nan
2024-06-03T13:39:59,84.177719,-40.487034,nan
2024-06-03T13:39:58,84.177711,-40.487469,nan
2024-06-03T13:39:58,84.177711,-40.487907,nan
2024-06-03T13:39:57,84.177704,-40.488346,nan
2024-06-03T13:39:57,84.177704,-40.488789,nan
2024-06-03T13:39:56,84.177696,-40.489235,nan
2024-06-03T13:39:56,84.177689,-40.489685,nan
2024-06-03T13:39:55,84.177689,-40.490139,nan
2024-06-03T13:39:55,84.177681,-40.490593,nan
2024-06-03T13:39:54,84.177673,-40.491501,nan
2024-06-03T13:39:53,84.177673,-40.492428,nan
2024-06-03T13:39:52,84.177666,-40.492893,nan
2024-06-03T13:39:52,84.177666,-40.493362,nan
2024-06-03T13:39:51,84.177666,-40.493820,nan
2024-06-03T13:39:51,84.177666,-40.494274,nan
2024-06-03T13:39:50,84.177666,-40.494724,nan
2024-06-03T13:39:50,84.177666,-40.495174,nan
2024-06-03T13:39:49,84.177666,-40.495617,nan
2024-06-03T13:39:49,84.177666,-40.496056,nan
2024-06-03T13:39:48,84.177666,-40.496487,nan
2024-06-03T13:39:48,84.177666,-40.496906,nan
2024-06-03T13:39:47,84.177666,-40.497326,nan
2024-06-03T13:39:47,84.177666,-40.497742,nan
2024-06-03T13:39:46,84.177673,-40.498150,nan
2024-06-03T13:39:46,84.177673,-40.498558,nan
2024-06-03T13:39:45,84.177681,-40.498966,nan
2024-06-03T13:39:45,84.177689,-40.499378,nan
2024-06-03T13:39:44,84.177696,-40.499794,nan
2024-06-03T13:39:44,84.177696,-40.500214,nan
2024-06-03T13:39:43,84.177711,-40.500637,nan
2024-06-03T13:39:43,84.177719,-40.501068,nan
2024-06-03T13:39:42,84.177727,-40.501499,nan
2024-06-03T13:39:42,84.177734,-40.501930,nan
2024-06-03T13:39:41,84.177742,-40.502361,nan
2024-06-03T13:39:41,84.177750,-40.502792,nan
2024-06-03T13:39:40,84.177757,-40.503231,nan
2024-06-03T13:39:40,84.177773,-40.503666,nan
2024-06-03T13:39:39,84.177780,-40.504101,nan
2024-06-03T13:39:39,84.177788,-40.504543,nan
2024-06-03T13:39:38,84.177803,-40.504990,nan
2024-06-03T13:39:38,84.177811,-40.505440,nan
2024-06-03T13:39:37,84.177818,-40.505890,nan
2024-06-03T13:39:37,84.177834,-40.506344,nan
2024-06-03T13:39:36,84.177841,-40.506802,nan
2024-06-03T13:39:36,84.177856,-40.507259,nan
2024-06-03T13:39:35,84.177872,-40.507721,nan
2024-06-03T13:39:35,84.177879,-40.508186,nan
2024-06-03T13:39:34,84.177895,-40.508652,nan
2024-06-03T13:39:34,84.177910,-40.509113,nan
2024-06-03T13:39:33,84.177917,-40.509579,nan
2024-06-03T13:39:33,84.177933,-40.510044,nan
2024-06-03T13:39:32,84.177948,-40.510509,nan
2024-06-03T13:39:32,84.177963,-40.510971,nan
2024-06-03T13:39:31,84.177979,-40.511429,nan
2024-06-03T13:39:31,84.177986,-40.511887,nan
2024-06-03T13:39:30,84.178001,-40.512344,nan
2024-06-03T13:39:30,84.178017,-40.512798,nan
2024-06-03T13:39:29,84.178032,-40.513252,nan
2024-06-03T13:39:29,84.178047,-40.513702,nan
2024-06-03T13:39:28,84.178062,-40.514149,nan
2024-06-03T13:39:28,84.178078,-40.514591,nan
2024-06-03T13:39:27,84.178101,-40.515026,nan
2024-06-03T13:39:27,84.178116,-40.515457,nan
2024-06-03T13:39:26,84.178131,-40.515884,nan
2024-06-03T13:39:26,84.178146,-40.516300,nan
2024-06-03T13:39:25,84.178169,-40.516712,nan
2024-06-03T13:39:25,84.178185,-40.517120,nan
2024-06-03T13:39:24,84.178200,-40.517521,nan
2024-06-03T13:39:24,84.178223,-40.517918,nan
2024-06-03T13:39:23,84.178238,-40.518311,nan
2024-06-03T13:39:23,84.178261,-40.518696,nan
2024-06-03T13:39:22,84.178276,-40.519085,nan
2024-06-03T13:39:22,84.178291,-40.519470,nan
2024-06-03T13:39:21,84.178314,-40.519852,nan
2024-06-03T13:39:21,84.178329,-40.520229,nan
2024-06-03T13:39:20,84.178352,-40.520603,nan
2024-06-03T13:39:20,84.178368,-40.520969,nan
2024-06-03T13:39:19,84.178406,-40.521687,nan
2024-06-03T13:39:18,84.178413,-40.522041,nan
2024-06-03T13:39:18,84.178429,-40.522392,nan
2024-06-03T13:39:17,84.178444,-40.522739,nan
2024-06-03T13:39:17,84.178459,-40.523079,nan
2024-06-03T13:39:16,84.178467,-40.523415,nan
2024-06-03T13:39:16,84.178474,-40.523746,nan
2024-06-03T13:39:15,84.178490,-40.524078,nan
2024-06-03T13:39:15,84.178497,-40.524414,nan
2024-06-03T13:39:14,84.178505,-40.524746,nan
2024-06-03T13:39:14,84.178513,-40.525082,nan
2024-06-03T13:39:13,84.178513,-40.525410,nan
2024-06-03T13:39:13,84.178520,-40.525734,nan
2024-06-03T13:39:12,84.178520,-40.526054,nan
2024-06-03T13:39:12,84.178520,-40.526363,nan
2024-06-03T13:39:11,84.178528,-40.526669,nan
2024-06-03T13:39:11,84.178528,-40.526966,nan
2024-06-03T13:39:10,84.178520,-40.527260,nan
2024-06-03T13:39:10,84.178520,-40.527550,nan
2024-06-03T13:39:09,84.178520,-40.527828,nan
2024-06-03T13:39:09,84.178513,-40.528103,nan
2024-06-03T13:39:08,84.178505,-40.528374,nan
2024-06-03T13:39:08,84.178505,-40.528637,nan
2024-06-03T13:39:07,84.178497,-40.528896,nan
2024-06-03T13:39:07,84.178490,-40.529148,nan
2024-06-03T13:39:06,84.178482,-40.529396,nan
2024-06-03T13:39:06,84.178482,-40.529644,nan
2024-06-03T13:39:05,84.178474,-40.529884,nan
2024-06-03T13:39:05,84.178467,-40.530125,nan
2024-06-03T13:39:04,84.178459,-40.530361,nan
2024-06-03T13:39:04,84.178459,-40.530598,nan
2024-06-03T13:39:03,84.178452,-40.530827,nan
2024-06-03T13:39:03,84.178444,-40.531055,nan
2024-06-03T13:39:02,84.178436,-40.531281,nan
2024-06-03T13:39:02,84.178436,-40.531506,nan
2024-06-03T13:39:01,84.178429,-40.531731,nan
2024-06-03T13:39:01,84.178421,-40.531952,nan
2024-06-03T13:39:00,84.178421,-40.532166,nan
2024-06-03T13:39:00,84.178413,-40.532375,nan
2024-06-03T13:38:59,84.178406,-40.532585,nan
2024-06-03T13:38:59,84.178406,-40.532791,nan
2024-06-03T13:38:58,84.178398,-40.532997,nan
2024-06-03T13:38:58,84.178398,-40.533203,nan
2024-06-03T13:38:57,84.178391,-40.533409,nan
2024-06-03T13:38:57,84.178391,-40.533611,nan
2024-06-03T13:38:56,84.178383,-40.533813,nan
2024-06-03T13:38:56,84.178383,-40.534008,nan
2024-06-03T13:38:55,84.178375,-40.534203,nan
2024-06-03T13:38:55,84.178375,-40.534393,nan
2024-06-03T13:38:54,84.178368,-40.534584,nan
2024-06-03T13:38:54,84.178368,-40.534775,nan
2024-06-03T13:38:53,84.178368,-40.534962,nan
2024-06-03T13:38:53,84.178360,-40.535152,nan
2024-06-03T13:38:52,84.178360,-40.535339,nan
2024-06-03T13:38:52,84.178360,-40.535530,nan
2024-06-03T13:38:51,84.178360,-40.535721,nan
2024-06-03T13:38:51,84.178360,-40.535904,nan
2024-06-03T13:38:50,84.178360,-40.536091,nan
2024-06-03T13:38:50,84.178360,-40.536274,nan
2024-06-03T13:38:49,84.178360,-40.536453,nan
2024-06-03T13:38:49,84.178360,-40.536633,nan
2024-06-03T13:38:48,84.178360,-40.536808,nan
2024-06-03T13:38:48,84.178360,-40.536987,nan
2024-06-03T13:38:47,84.178368,-40.537163,nan
2024-06-03T13:38:47,84.178368,-40.537342,nan
2024-06-03T13:38:46,84.178368,-40.537518,nan
2024-06-03T13:38:46,84.178368,-40.537693,nan
2024-06-03T13:38:45,84.178368,-40.537868,nan
2024-06-03T13:38:45,84.178375,-40.538048,nan
2024-06-03T13:38:44,84.178375,-40.538219,nan
2024-06-03T13:38:44,84.178375,-40.538391,nan
2024-06-03T13:38:43,84.178383,-40.538559,nan
2024-06-03T13:38:43,84.178383,-40.538727,nan
2024-06-03T13:38:42,84.178391,-40.538895,nan
2024-06-03T13:38:42,84.178398,-40.539059,nan
2024-06-03T13:38:41,84.178398,-40.539219,nan
2024-06-03T13:38:41,84.178406,-40.539379,nan
2024-06-03T13:38:40,84.178413,-40.539536,nan
2024-06-03T13:38:40,84.178413,-40.539688,nan
2024-06-03T13:38:39,84.178421,-40.539837,nan
2024-06-03T13:38:39,84.178429,-40.539982,nan
2024-06-03T13:38:38,84.178429,-40.540115,nan
2024-06-03T13:38:38,84.178436,-40.540253,nan
2024-06-03T13:38:37,84.178444,-40.540390,nan
2024-06-03T13:38:37,84.178452,-40.540527,nan
2024-06-03T13:38:36,84.178452,-40.540668,nan
2024-06-03T13:38:36,84.178467,-40.540810,nan
2024-06-03T13:38:35,84.178474,-40.540958,nan
2024-06-03T13:38:35,84.178482,-40.541107,nan
2024-06-03T13:38:34,84.178490,-40.541252,nan
2024-06-03T13:38:34,84.178497,-40.541393,nan
2024-06-03T13:38:33,84.178513,-40.541523,nan
2024-06-03T13:38:33,84.178520,-40.541637,nan
2024-06-03T13:38:32,84.178528,-40.541740,nan
2024-06-03T13:38:32,84.178543,-40.541836,nan
2024-06-03T13:38:31,84.178558,-40.541927,nan
2024-06-03T13:38:31,84.178574,-40.542019,nan
2024-06-03T13:38:30,84.178581,-40.542114,nan
2024-06-03T13:38:30,84.178596,-40.542206,nan
2024-06-03T13:38:29,84.178612,-40.542301,nan
2024-06-03T13:38:29,84.178619,-40.542397,nan
2024-06-03T13:38:28,84.178635,-40.542500,nan
2024-06-03T13:38:28,84.178650,-40.542606,nan
2024-06-03T13:38:27,84.178665,-40.542717,nan
2024-06-03T13:38:27,84.178673,-40.542824,nan
2024-06-03T13:38:26,84.178688,-40.542931,nan
2024-06-03T13:38:26,84.178703,-40.543037,nan
2024-06-03T13:38:25,84.178711,-40.543144,nan
2024-06-03T13:38:25,84.178726,-40.543255,nan
2024-06-03T13:38:24,84.178734,-40.543362,nan
2024-06-03T13:38:24,84.178749,-40.543476,nan
2024-06-03T13:38:23,84.178757,-40.543598,nan
2024-06-03T13:38:23,84.178772,-40.543724,nan
2024-06-03T13:38:22,84.178780,-40.543846,nan
2024-06-03T13:38:22,84.178795,-40.543968,nan
2024-06-03T13:38:21,84.178818,-40.544193,nan
2024-06-03T13:38:20,84.178825,-40.544300,nan
2024-06-03T13:38:20,84.178841,-40.544403,nan
2024-06-03T13:38:19,84.178848,-40.544506,nan
2024-06-03T13:38:19,84.178864,-40.544601,nan
2024-06-03T13:38:18,84.178871,-40.544689,nan
2024-06-03T13:38:18,84.178886,-40.544773,nan
2024-06-03T13:38:17,84.178902,-40.544861,nan
2024-06-03T13:38:17,84.178909,-40.544949,nan
2024-06-03T13:38:16,84.178925,-40.545036,nan
2024-06-03T13:38:16,84.178940,-40.545128,nan
2024-06-03T13:38:15,84.178955,-40.545219,nan
2024-06-03T13:38:15,84.178963,-40.545303,nan
2024-06-03T13:38:14,84.178978,-40.545387,nan
2024-06-03T13:38:14,84.178993,-40.545464,nan
2024-06-03T13:38:13,84.179001,-40.545536,nan
2024-06-03T13:38:13,84.179016,-40.545605,nan
2024-06-03T13:38:12,84.179024,-40.545666,nan
2024-06-03T13:38:12,84.179039,-40.545723,nan
2024-06-03T13:38:11,84.179047,-40.545773,nan
2024-06-03T13:38:11,84.179062,-40.545822,nan
2024-06-03T13:38:10,84.179077,-40.545868,nan
2024-06-03T13:38:10,84.179092,-40.545921,nan
2024-06-03T13:38:09,84.179108,-40.545979,nan
2024-06-03T13:38:09,84.179123,-40.546036,nan
2024-06-03T13:38:08,84.179138,-40.546093,nan
2024-06-03T13:38:08,84.179161,-40.546150,nan
2024-06-03T13:38:07,84.179176,-40.546204,nan
2024-06-03T13:38:07,84.179192,-40.546257,nan
2024-06-03T13:38:06,84.179214,-40.546310,nan
2024-06-03T13:38:06,84.179230,-40.546368,nan
2024-06-03T13:38:05,84.179245,-40.546429,nan
2024-06-03T13:38:05,84.179268,-40.546490,nan
2024-06-03T13:38:04,84.179283,-40.546555,nan
2024-06-03T13:38:04,84.179306,-40.546623,nan
2024-06-03T13:38:03,84.179321,-40.546696,nan
2024-06-03T13:38:03,84.179344,-40.546764,nan
2024-06-03T13:38:02,84.179359,-40.546837,nan
2024-06-03T13:38:02,84.179382,-40.546909,nan
2024-06-03T13:38:01,84.179413,-40.547054,nan
2024-06-03T13:38:00,84.179436,-40.547127,nan
2024-06-03T13:38:00,84.179451,-40.547207,nan
2024-06-03T13:37:59,84.179466,-40.547291,nan
2024-06-03T13:37:59,84.179482,-40.547382,nan
2024-06-03T13:37:58,84.179497,-40.547478,nan
2024-06-03T13:37:58,84.179520,-40.547569,nan
2024-06-03T13:37:57,84.179535,-40.547665,nan
2024-06-03T13:37:57,84.179550,-40.547764,nan
2024-06-03T13:37:56,84.179565,-40.547863,nan
2024-06-03T13:37:56,84.179573,-40.547955,nan
2024-06-03T13:37:55,84.179588,-40.548046,nan
2024-06-03T13:37:55,84.179596,-40.548141,nan
2024-06-03T13:37:54,84.179611,-40.548241,nan
2024-06-03T13:37:54,84.179619,-40.548344,nan
2024-06-03T13:37:53,84.179626,-40.548454,nan
2024-06-03T13:37:53,84.179634,-40.548569,nan
2024-06-03T13:37:52,84.179649,-40.548687,nan
2024-06-03T13:37:52,84.179657,-40.548809,nan
2024-06-03T13:37:51,84.179665,-40.548931,nan
2024-06-03T13:37:51,84.179672,-40.549061,nan
2024-06-03T13:37:50,84.179695,-40.549316,nan
2024-06-03T13:37:49,84.179703,-40.549442,nan
2024-06-03T13:37:48,84.179726,-40.549686,nan
2024-06-03T13:37:48,84.179733,-40.549809,nan
2024-06-03T13:37:47,84.179741,-40.549931,nan
2024-06-03T13:37:47,84.179749,-40.550060,nan
2024-06-03T13:37:46,84.179764,-40.550194,nan
2024-06-03T13:37:46,84.179771,-40.550327,nan
2024-06-03T13:37:45,84.179779,-40.550461,nan
2024-06-03T13:37:45,84.179787,-40.550598,nan
2024-06-03T13:37:44,84.179787,-40.550739,nan
2024-06-03T13:37:44,84.179794,-40.550877,nan
2024-06-03T13:37:43,84.179802,-40.551014,nan
2024-06-03T13:37:43,84.179810,-40.551147,nan
2024-06-03T13:37:42,84.179817,-40.551281,nan
2024-06-03T13:37:42,84.179825,-40.551411,nan
2024-06-03T13:37:41,84.179832,-40.551537,nan
2024-06-03T13:37:41,84.179832,-40.551662,nan
2024-06-03T13:37:40,84.179840,-40.551785,nan
2024-06-03T13:37:40,84.179848,-40.551907,nan
2024-06-03T13:37:39,84.179855,-40.552029,nan
2024-06-03T13:37:39,84.179863,-40.552147,nan
2024-06-03T13:37:38,84.179871,-40.552265,nan
2024-06-03T13:37:38,84.179878,-40.552387,nan
2024-06-03T13:37:37,84.179886,-40.552509,nan
2024-06-03T13:37:37,84.179893,-40.552628,nan
2024-06-03T13:37:36,84.179901,-40.552750,nan
2024-06-03T13:37:36,84.179909,-40.552872,nan
2024-06-03T13:37:35,84.179916,-40.552998,nan
2024-06-03T13:37:34,84.179932,-40.553261,nan
2024-06-03T13:37:34,84.179939,-40.553394,nan
2024-06-03T13:37:33,84.179955,-40.553535,nan
2024-06-03T13:37:33,84.179962,-40.553673,nan
2024-06-03T13:37:32,84.179970,-40.553818,nan
2024-06-03T13:37:32,84.179977,-40.553963,nan
2024-06-03T13:37:31,84.179993,-40.554104,nan
2024-06-03T13:37:31,84.180000,-40.554241,nan
2024-06-03T13:37:30,84.180008,-40.554382,nan
2024-06-03T13:37:30,84.180016,-40.554520,nan
2024-06-03T13:37:29,84.180038,-40.554794,nan
2024-06-03T13:37:28,84.180046,-40.554928,nan
2024-06-03T13:37:28,84.180054,-40.555061,nan
2024-06-03T13:37:27,84.180069,-40.555199,nan
2024-06-03T13:37:27,84.180077,-40.555332,nan
2024-06-03T13:37:26,84.180084,-40.555466,nan
2024-06-03T13:37:26,84.180092,-40.555595,nan
2024-06-03T13:37:25,84.180099,-40.555729,nan
2024-06-03T13:37:25,84.180107,-40.555862,nan
2024-06-03T13:37:24,84.180115,-40.555988,nan
2024-06-03T13:37:24,84.180122,-40.556114,nan
2024-06-03T13:37:23,84.180130,-40.556232,nan
2024-06-03T13:37:23,84.180130,-40.556347,nan
2024-06-03T13:37:22,84.180138,-40.556454,nan
2024-06-03T13:37:22,84.180145,-40.556564,nan
2024-06-03T13:37:21,84.180145,-40.556667,nan
2024-06-03T13:37:21,84.180153,-40.556774,nan
2024-06-03T13:37:20,84.180153,-40.556885,nan
2024-06-03T13:37:20,84.180161,-40.556988,nan
2024-06-03T13:37:19,84.180168,-40.557095,nan
2024-06-03T13:37:19,84.180168,-40.557198,nan
2024-06-03T13:37:18,84.180176,-40.557293,nan
2024-06-03T13:37:18,84.180176,-40.557388,nan
2024-06-03T13:37:17,84.180183,-40.557476,nan
2024-06-03T13:37:17,84.180183,-40.557560,nan
2024-06-03T13:37:16,84.180183,-40.557640,nan
2024-06-03T13:37:16,84.180191,-40.557713,nan
2024-06-03T13:37:15,84.180191,-40.557789,nan
2024-06-03T13:37:15,84.180199,-40.557858,nan
2024-06-03T13:37:14,84.180199,-40.557930,nan
2024-06-03T13:37:14,84.180206,-40.557995,nan
2024-06-03T13:37:13,84.180206,-40.558056,nan
2024-06-03T13:37:13,84.180214,-40.558121,nan
2024-06-03T13:37:12,84.180214,-40.558189,nan
2024-06-03T13:37:12,84.180222,-40.558258,nan
2024-06-03T13:37:11,84.180222,-40.558331,nan
2024-06-03T13:37:11,84.180222,-40.558403,nan
2024-06-03T13:37:10,84.180229,-40.558479,nan
2024-06-03T13:37:10,84.180229,-40.558559,nan
2024-06-03T13:37:09,84.180229,-40.558640,nan
2024-06-03T13:37:09,84.180229,-40.558723,nan
2024-06-03T13:37:08,84.180237,-40.558807,nan
2024-06-03T13:37:08,84.180237,-40.558884,nan
2024-06-03T13:37:07,84.180237,-40.558952,nan
2024-06-03T13:37:07,84.180244,-40.559013,nan
2024-06-03T13:37:06,84.180244,-40.559071,nan
2024-06-03T13:37:06,84.180244,-40.559120,nan
2024-06-03T13:37:05,84.180244,-40.559166,nan
2024-06-03T13:37:05,84.180252,-40.559204,nan
2024-06-03T13:37:04,84.180260,-40.559238,nan
2024-06-03T13:37:04,84.180260,-40.559265,nan
2024-06-03T13:37:03,84.180260,-40.559296,nan
2024-06-03T13:37:03,84.180267,-40.559322,nan
2024-06-03T13:37:02,84.180267,-40.559353,nan
2024-06-03T13:37:02,84.180275,-40.559383,nan
2024-06-03T13:37:01,84.180275,-40.559414,nan
2024-06-03T13:37:01,84.180283,-40.559444,nan
2024-06-03T13:37:00,84.180283,-40.559475,nan
2024-06-03T13:37:00,84.180283,-40.559505,nan
2024-06-03T13:36:59,84.180290,-40.559544,nan
2024-06-03T13:36:59,84.180290,-40.559582,nan
2024-06-03T13:36:58,84.180290,-40.559624,nan
2024-06-03T13:36:58,84.180298,-40.559666,nan
2024-06-03T13:36:57,84.180298,-40.559704,nan
2024-06-03T13:36:57,84.180305,-40.559742,nan
2024-06-03T13:36:56,84.180313,-40.559780,nan
2024-06-03T13:36:56,84.180313,-40.559814,nan
2024-06-03T13:36:55,84.180321,-40.559853,nan
2024-06-03T13:36:55,84.180321,-40.559887,nan
2024-06-03T13:36:54,84.180328,-40.559921,nan
2024-06-03T13:36:54,84.180336,-40.559956,nan
2024-06-03T13:36:53,84.180344,-40.559990,nan
2024-06-03T13:36:53,84.180344,-40.560020,nan
2024-06-03T13:36:52,84.180351,-40.560051,nan
2024-06-03T13:36:52,84.180359,-40.560081,nan
2024-06-03T13:36:51,84.180367,-40.560116,nan
2024-06-03T13:36:51,84.180367,-40.560146,nan
2024-06-03T13:36:50,84.180374,-40.560184,nan
2024-06-03T13:36:50,84.180374,-40.560219,nan
2024-06-03T13:36:49,84.180382,-40.560253,nan
2024-06-03T13:36:49,84.180382,-40.560287,nan
2024-06-03T13:36:48,84.180389,-40.560326,nan
2024-06-03T13:36:48,84.180389,-40.560364,nan
2024-06-03T13:36:47,84.180397,-40.560406,nan
2024-06-03T13:36:47,84.180397,-40.560452,nan
2024-06-03T13:36:46,84.180397,-40.560501,nan
2024-06-03T13:36:46,84.180405,-40.560558,nan
2024-06-03T13:36:45,84.180405,-40.560619,nan
2024-06-03T13:36:45,84.180405,-40.560688,nan
2024-06-03T13:36:44,84.180412,-40.560760,nan
2024-06-03T13:36:44,84.180412,-40.560837,nan
2024-06-03T13:36:43,84.180420,-40.560913,nan
2024-06-03T13:36:43,84.180420,-40.560986,nan
2024-06-03T13:36:42,84.180428,-40.561062,nan
2024-06-03T13:36:42,84.180428,-40.561134,nan
2024-06-03T13:36:41,84.180435,-40.561199,nan
2024-06-03T13:36:41,84.180435,-40.561260,nan
2024-06-03T13:36:40,84.180443,-40.561314,nan
2024-06-03T13:36:40,84.180443,-40.561359,nan
2024-06-03T13:36:39,84.180443,-40.561405,nan
2024-06-03T13:36:39,84.180443,-40.561459,nan
2024-06-03T13:36:38,84.180443,-40.561508,nan
2024-06-03T13:36:38,84.180443,-40.561565,nan
2024-06-03T13:36:37,84.180450,-40.561619,nan
2024-06-03T13:36:37,84.180450,-40.561665,nan
2024-06-03T13:36:36,84.180450,-40.561703,nan
2024-06-03T13:36:36,84.180458,-40.561729,nan
2024-06-03T13:36:35,84.180458,-40.561749,nan
2024-06-03T13:36:35,84.180466,-40.561756,nan
2024-06-03T13:36:34,84.180466,-40.561756,nan
2024-06-03T13:36:34,84.180466,-40.561752,nan
2024-06-03T13:36:33,84.180473,-40.561745,nan
2024-06-03T13:36:33,84.180473,-40.561733,nan
2024-06-03T13:36:32,84.180473,-40.561726,nan
2024-06-03T13:36:32,84.180473,-40.561722,nan
2024-06-03T13:36:31,84.180473,-40.561718,nan
2024-06-03T13:36:31,84.180481,-40.561722,nan
2024-06-03T13:36:30,84.180481,-40.561726,nan
2024-06-03T13:36:30,84.180481,-40.561733,nan
2024-06-03T13:36:29,84.180489,-40.561729,nan
2024-06-03T13:36:29,84.180489,-40.561726,nan
2024-06-03T13:36:28,84.180489,-40.561714,nan
2024-06-03T13:36:28,84.180496,-40.561699,nan
2024-06-03T13:36:27,84.180496,-40.561687,nan
2024-06-03T13:36:27,84.180496,-40.561676,nan
2024-06-03T13:36:26,84.180496,-40.561665,nan
2024-06-03T13:36:26,84.180496,-40.561657,nan
2024-06-03T13:36:25,84.180496,-40.561642,nan
2024-06-03T13:36:25,84.180504,-40.561623,nan
2024-06-03T13:36:24,84.180504,-40.561592,nan
2024-06-03T13:36:24,84.180504,-40.561550,nan
2024-06-03T13:36:23,84.180504,-40.561504,nan
2024-06-03T13:36:23,84.180504,-40.561447,nan
2024-06-03T13:36:22,84.180504,-40.561394,nan
2024-06-03T13:36:22,84.180504,-40.561344,nan
2024-06-03T13:36:21,84.180504,-40.561295,nan
2024-06-03T13:36:21,84.180496,-40.561245,nan
2024-06-03T13:36:20,84.180496,-40.561195,nan
2024-06-03T13:36:20,84.180496,-40.561146,nan
2024-06-03T13:36:19,84.180496,-40.561096,nan
2024-06-03T13:36:19,84.180496,-40.561043,nan
2024-06-03T13:36:18,84.180496,-40.560986,nan
2024-06-03T13:36:18,84.180496,-40.560925,nan
2024-06-03T13:36:17,84.180496,-40.560863,nan
2024-06-03T13:36:17,84.180496,-40.560806,nan
2024-06-03T13:36:16,84.180496,-40.560753,nan
2024-06-03T13:36:16,84.180496,-40.560707,nan
2024-06-03T13:36:15,84.180496,-40.560665,nan
2024-06-03T13:36:15,84.180496,-40.560638,nan
2024-06-03T13:36:14,84.180496,-40.560616,nan
2024-06-03T13:36:14,84.180496,-40.560596,nan
2024-06-03T13:36:13,84.180496,-40.560581,nan
2024-06-03T13:36:13,84.180496,-40.560566,nan
2024-06-03T13:36:12,84.180496,-40.560555,nan
2024-06-03T13:36:12,84.180504,-40.560539,nan
2024-06-03T13:36:11,84.180504,-40.560520,nan
2024-06-03T13:36:11,84.180504,-40.560505,nan
2024-06-03T13:36:10,84.180504,-40.560490,nan
2024-06-03T13:36:10,84.180496,-40.560471,nan
2024-06-03T13:36:09,84.180496,-40.560455,nan
2024-06-03T13:36:09,84.180504,-40.560444,nan
2024-06-03T13:36:08,84.180504,-40.560429,nan
2024-06-03T13:36:08,84.180504,-40.560410,nan
2024-06-03T13:36:07,84.180504,-40.560387,nan
2024-06-03T13:36:07,84.180504,-40.560360,nan
2024-06-03T13:36:06,84.180504,-40.560337,nan
2024-06-03T13:36:06,84.180504,-40.560314,nan
2024-06-03T13:36:05,84.180504,-40.560299,nan
2024-06-03T13:36:05,84.180504,-40.560284,nan
2024-06-03T13:36:04,84.180504,-40.560280,nan
2024-06-03T13:36:04,84.180504,-40.560272,nan
2024-06-03T13:36:03,84.180504,-40.560276,nan
2024-06-03T13:36:03,84.180504,-40.560272,nan
2024-06-03T13:36:02,84.180511,-40.560265,nan
2024-06-03T13:36:01,84.180511,-40.560257,nan
2024-06-03T13:36:00,84.180519,-40.560207,nan
2024-06-03T13:35:59,84.180519,-40.560188,nan
2024-06-03T13:35:59,84.180519,-40.560169,nan
2024-06-03T13:35:58,84.180527,-40.560150,nan
2024-06-03T13:35:58,84.180527,-40.560127,nan
2024-06-03T13:35:57,84.180534,-40.560101,nan
2024-06-03T13:35:57,84.180534,-40.560066,nan
2024-06-03T13:35:56,84.180534,-40.560024,nan
2024-06-03T13:35:56,84.180542,-40.559978,nan
2024-06-03T13:35:55,84.180542,-40.559929,nan
2024-06-03T13:35:55,84.180542,-40.559875,nan
2024-06-03T13:35:54,84.180542,-40.559822,nan
2024-06-03T13:35:54,84.180542,-40.559769,nan
2024-06-03T13:35:53,84.180542,-40.559711,nan
2024-06-03T13:35:53,84.180542,-40.559650,nan
2024-06-03T13:35:52,84.180542,-40.559589,nan
2024-06-03T13:35:52,84.180550,-40.559521,nan
2024-06-03T13:35:51,84.180550,-40.559448,nan
2024-06-03T13:35:51,84.180550,-40.559380,nan
2024-06-03T13:35:50,84.180550,-40.559307,nan
2024-06-03T13:35:50,84.180550,-40.559242,nan
2024-06-03T13:35:49,84.180557,-40.559181,nan
2024-06-03T13:35:49,84.180557,-40.559128,nan
2024-06-03T13:35:48,84.180557,-40.559082,nan
2024-06-03T13:35:48,84.180557,-40.559044,nan
2024-06-03T13:35:47,84.180557,-40.559013,nan
2024-06-03T13:35:47,84.180557,-40.558987,nan
2024-06-03T13:35:46,84.180557,-40.558960,nan
2024-06-03T13:35:46,84.180557,-40.558929,nan
2024-06-03T13:35:45,84.180557,-40.558887,nan
2024-06-03T13:35:45,84.180557,-40.558842,nan
2024-06-03T13:35:44,84.180557,-40.558792,nan
2024-06-03T13:35:44,84.180557,-40.558739,nan
2024-06-03T13:35:43,84.180557,-40.558685,nan
2024-06-03T13:35:43,84.180557,-40.558628,nan
2024-06-03T13:35:42,84.180557,-40.558575,nan
2024-06-03T13:35:42,84.180557,-40.558529,nan
2024-06-03T13:35:41,84.180557,-40.558487,nan
2024-06-03T13:35:41,84.180557,-40.558445,nan
2024-06-03T13:35:40,84.180550,-40.558399,nan
2024-06-03T13:35:40,84.180550,-40.558350,nan
2024-06-03T13:35:39,84.180550,-40.558296,nan
2024-06-03T13:35:39,84.180550,-40.558239,nan
2024-06-03T13:35:38,84.180542,-40.558178,nan
2024-06-03T13:35:38,84.180542,-40.558121,nan
2024-06-03T13:35:37,84.180534,-40.558067,nan
2024-06-03T13:35:37,84.180534,-40.558018,nan
2024-06-03T13:35:36,84.180527,-40.557972,nan
2024-06-03T13:35:36,84.180527,-40.557934,nan
2024-06-03T13:35:35,84.180519,-40.557899,nan
2024-06-03T13:35:35,84.180511,-40.557858,nan
2024-06-03T13:35:34,84.180511,-40.557812,nan
2024-06-03T13:35:34,84.180504,-40.557758,nan
2024-06-03T13:35:33,84.180496,-40.557697,nan
2024-06-03T13:35:33,84.180489,-40.557629,nan
2024-06-03T13:35:32,84.180481,-40.557556,nan
2024-06-03T13:35:32,84.180473,-40.557484,nan
2024-06-03T13:35:31,84.180466,-40.557407,nan
2024-06-03T13:35:31,84.180466,-40.557335,nan
2024-06-03T13:35:30,84.180458,-40.557262,nan
2024-06-03T13:35:30,84.180450,-40.557186,nan
2024-06-03T13:35:29,84.180443,-40.557110,nan
2024-06-03T13:35:29,84.180443,-40.557022,nan
2024-06-03T13:35:28,84.180435,-40.556931,nan
2024-06-03T13:35:28,84.180428,-40.556828,nan
2024-06-03T13:35:27,84.180428,-40.556721,nan
2024-06-03T13:35:27,84.180420,-40.556614,nan
2024-06-03T13:35:26,84.180420,-40.556503,nan
2024-06-03T13:35:26,84.180412,-40.556393,nan
2024-06-03T13:35:25,84.180405,-40.556282,nan
2024-06-03T13:35:25,84.180405,-40.556171,nan
2024-06-03T13:35:24,84.180397,-40.556061,nan
2024-06-03T13:35:24,84.180389,-40.555950,nan
2024-06-03T13:35:23,84.180389,-40.555832,nan
2024-06-03T13:35:23,84.180382,-40.555714,nan
2024-06-03T13:35:22,84.180374,-40.555588,nan
2024-06-03T13:35:22,84.180374,-40.555454,nan
2024-06-03T13:35:21,84.180367,-40.555328,nan
2024-06-03T13:35:21,84.180359,-40.555206,nan
2024-06-03T13:35:20,84.180351,-40.555088,nan
2024-06-03T13:35:20,84.180344,-40.554977,nan
2024-06-03T13:35:19,84.180336,-40.554878,nan
2024-06-03T13:35:19,84.180328,-40.554779,nan
2024-06-03T13:35:18,84.180328,-40.554680,nan
2024-06-03T13:35:18,84.180321,-40.554585,nan
2024-06-03T13:35:17,84.180313,-40.554489,nan
2024-06-03T13:35:17,84.180313,-40.554394,nan
2024-06-03T13:35:16,84.180305,-40.554302,nan
2024-06-03T13:35:16,84.180298,-40.554214,nan
2024-06-03T13:35:15,84.180290,-40.554134,nan
2024-06-03T13:35:15,84.180283,-40.554062,nan
2024-06-03T13:35:14,84.180275,-40.553993,nan
2024-06-03T13:35:14,84.180267,-40.553925,nan
2024-06-03T13:35:13,84.180267,-40.553856,nan
2024-06-03T13:35:13,84.180260,-40.553783,nan
2024-06-03T13:35:12,84.180252,-40.553707,nan
2024-06-03T13:35:12,84.180244,-40.553627,nan
2024-06-03T13:35:11,84.180237,-40.553539,nan
2024-06-03T13:35:11,84.180229,-40.553452,nan
2024-06-03T13:35:10,84.180214,-40.553364,nan
2024-06-03T13:35:10,84.180206,-40.553272,nan
2024-06-03T13:35:09,84.180199,-40.553185,nan
2024-06-03T13:35:09,84.180183,-40.553104,nan
2024-06-03T13:35:08,84.180168,-40.553032,nan
2024-06-03T13:35:08,84.180161,-40.552959,nan
2024-06-03T13:35:07,84.180145,-40.552895,nan
2024-06-03T13:35:07,84.180138,-40.552830,nan
2024-06-03T13:35:06,84.180122,-40.552765,nan
2024-06-03T13:35:06,84.180115,-40.552700,nan
2024-06-03T13:35:05,84.180099,-40.552631,nan
2024-06-03T13:35:05,84.180084,-40.552567,nan
2024-06-03T13:35:04,84.180069,-40.552505,nan
2024-06-03T13:35:04,84.180054,-40.552448,nan
2024-06-03T13:35:03,84.180038,-40.552391,nan
2024-06-03T13:35:03,84.180023,-40.552334,nan
2024-06-03T13:35:02,84.180008,-40.552269,nan
2024-06-03T13:35:02,84.179993,-40.552193,nan
2024-06-03T13:35:01,84.179977,-40.552109,nan
2024-06-03T13:35:01,84.179962,-40.552013,nan
2024-06-03T13:35:00,84.179955,-40.551903,nan
2024-06-03T13:35:00,84.179939,-40.551785,nan
2024-06-03T13:34:59,84.179924,-40.551659,nan
2024-06-03T13:34:59,84.179909,-40.551521,nan
2024-06-03T13:34:58,84.179893,-40.551388,nan
2024-06-03T13:34:58,84.179878,-40.551247,nan
2024-06-03T13:34:57,84.179863,-40.551109,nan
2024-06-03T13:34:57,84.179848,-40.550980,nan
2024-06-03T13:34:56,84.179832,-40.550850,nan
2024-06-03T13:34:56,84.179817,-40.550720,nan
2024-06-03T13:34:55,84.179802,-40.550591,nan
2024-06-03T13:34:55,84.179787,-40.550457,nan
2024-06-03T13:34:54,84.179779,-40.550323,nan
2024-06-03T13:34:54,84.179764,-40.550186,nan
2024-06-03T13:34:53,84.179749,-40.550049,nan
2024-06-03T13:34:53,84.179733,-40.549908,nan
2024-06-03T13:34:52,84.179726,-40.549767,nan
2024-06-03T13:34:52,84.179710,-40.549629,nan
2024-06-03T13:34:51,84.179695,-40.549496,nan
2024-06-03T13:34:51,84.179680,-40.549362,nan
2024-06-03T13:34:50,84.179665,-40.549236,nan
2024-06-03T13:34:50,84.179649,-40.549110,nan
2024-06-03T13:34:49,84.179642,-40.548985,nan
2024-06-03T13:34:49,84.179626,-40.548855,nan
2024-06-03T13:34:48,84.179611,-40.548721,nan
2024-06-03T13:34:48,84.179604,-40.548588,nan
2024-06-03T13:34:47,84.179588,-40.548447,nan
2024-06-03T13:34:47,84.179573,-40.548309,nan
2024-06-03T13:34:46,84.179558,-40.548168,nan
2024-06-03T13:34:46,84.179550,-40.548031,nan
2024-06-03T13:34:45,84.179535,-40.547894,nan
2024-06-03T13:34:45,84.179520,-40.547764,nan
2024-06-03T13:34:44,84.179504,-40.547634,nan
2024-06-03T13:34:44,84.179489,-40.547501,nan
2024-06-03T13:34:43,84.179474,-40.547367,nan
2024-06-03T13:34:43,84.179459,-40.547234,nan
2024-06-03T13:34:42,84.179443,-40.547096,nan
2024-06-03T13:34:42,84.179428,-40.546959,nan
2024-06-03T13:34:41,84.179413,-40.546822,nan
2024-06-03T13:34:41,84.179398,-40.546692,nan
2024-06-03T13:34:40,84.179375,-40.546562,nan
2024-06-03T13:34:40,84.179359,-40.546436,nan
2024-06-03T13:34:39,84.179337,-40.546318,nan
2024-06-03T13:34:39,84.179321,-40.546204,nan
2024-06-03T13:34:38,84.179298,-40.546089,nan
2024-06-03T13:34:38,84.179276,-40.545982,nan
2024-06-03T13:34:37,84.179260,-40.545872,nan
2024-06-03T13:34:37,84.179237,-40.545761,nan
2024-06-03T13:34:36,84.179214,-40.545643,nan
2024-06-03T13:34:36,84.179192,-40.545521,nan
2024-06-03T13:34:35,84.179169,-40.545395,nan
2024-06-03T13:34:35,84.179146,-40.545265,nan
2024-06-03T13:34:34,84.179123,-40.545135,nan
2024-06-03T13:34:34,84.179092,-40.545002,nan
2024-06-03T13:34:33,84.179070,-40.544868,nan
2024-06-03T13:34:33,84.179047,-40.544731,nan
2024-06-03T13:34:32,84.179016,-40.544586,nan
2024-06-03T13:34:32,84.178993,-40.544434,nan
2024-06-03T13:34:31,84.178970,-40.544273,nan
2024-06-03T13:34:31,84.178947,-40.544098,nan
2024-06-03T13:34:30,84.178925,-40.543911,nan
2024-06-03T13:34:30,84.178902,-40.543716,nan
2024-06-03T13:34:29,84.178879,-40.543518,nan
2024-06-03T13:34:29,84.178848,-40.543316,nan
2024-06-03T13:34:28,84.178825,-40.543114,nan
2024-06-03T13:34:28,84.178802,-40.542908,nan
2024-06-03T13:34:27,84.178780,-40.542702,nan
2024-06-03T13:34:27,84.178757,-40.542492,nan
2024-06-03T13:34:26,84.178741,-40.542282,nan
2024-06-03T13:34:26,84.178719,-40.542065,nan
2024-06-03T13:34:25,84.178696,-40.541843,nan
2024-06-03T13:34:25,84.178680,-40.541618,nan
2024-06-03T13:34:24,84.178658,-40.541397,nan
2024-06-03T13:34:24,84.178642,-40.541180,nan
2024-06-03T13:34:23,84.178627,-40.540966,nan
2024-06-03T13:34:23,84.178604,-40.540752,nan
2024-06-03T13:34:22,84.178589,-40.540543,nan
2024-06-03T13:34:22,84.178566,-40.540337,nan
2024-06-03T13:34:21,84.178551,-40.540131,nan
2024-06-03T13:34:21,84.178535,-40.539928,nan
2024-06-03T13:34:20,84.178520,-40.539726,nan
2024-06-03T13:34:20,84.178505,-40.539528,nan
2024-06-03T13:34:19,84.178490,-40.539322,nan
2024-06-03T13:34:19,84.178474,-40.539120,nan
2024-06-03T13:34:18,84.178452,-40.538918,nan
2024-06-03T13:34:18,84.178436,-40.538723,nan
2024-06-03T13:34:17,84.178421,-40.538528,nan
2024-06-03T13:34:17,84.178398,-40.538338,nan
2024-06-03T13:34:16,84.178375,-40.538155,nan
2024-06-03T13:34:16,84.178360,-40.537971,nan
2024-06-03T13:34:15,84.178337,-40.537796,nan
2024-06-03T13:34:15,84.178322,-40.537621,nan
2024-06-03T13:34:14,84.178299,-40.537445,nan
2024-06-03T13:34:14,84.178276,-40.537266,nan
2024-06-03T13:34:13,84.178261,-40.537083,nan
2024-06-03T13:34:13,84.178238,-40.536896,nan
2024-06-03T13:34:12,84.178215,-40.536697,nan
2024-06-03T13:34:12,84.178192,-40.536495,nan
2024-06-03T13:34:11,84.178177,-40.536289,nan
2024-06-03T13:34:11,84.178154,-40.536083,nan
2024-06-03T13:34:10,84.178131,-40.535877,nan
2024-06-03T13:34:10,84.178108,-40.535667,nan
2024-06-03T13:34:09,84.178093,-40.535461,nan
2024-06-03T13:34:09,84.178070,-40.535255,nan
2024-06-03T13:34:08,84.178055,-40.535046,nan
2024-06-03T13:34:08,84.178040,-40.534836,nan
2024-06-03T13:34:07,84.178024,-40.534618,nan
2024-06-03T13:34:07,84.178009,-40.534393,nan
2024-06-03T13:34:06,84.177994,-40.534172,nan
2024-06-03T13:34:06,84.177979,-40.533943,nan
2024-06-03T13:34:05,84.177963,-40.533714,nan
2024-06-03T13:34:05,84.177948,-40.533489,nan
2024-06-03T13:34:04,84.177933,-40.533264,nan
2024-06-03T13:34:04,84.177917,-40.533039,nan
2024-06-03T13:34:03,84.177902,-40.532818,nan
2024-06-03T13:34:03,84.177895,-40.532597,nan
2024-06-03T13:34:02,84.177879,-40.532375,nan
2024-06-03T13:34:02,84.177872,-40.532150,nan
2024-06-03T13:34:01,84.177864,-40.531929,nan
2024-06-03T13:34:01,84.177849,-40.531708,nan
2024-06-03T13:34:00,84.177841,-40.531490,nan
2024-06-03T13:34:00,84.177834,-40.531273,nan
2024-06-03T13:33:59,84.177818,-40.531071,nan
2024-06-03T13:33:59,84.177803,-40.530872,nan
2024-06-03T13:33:58,84.177795,-40.530682,nan
2024-06-03T13:33:58,84.177780,-40.530495,nan
2024-06-03T13:33:57,84.177765,-40.530308,nan
2024-06-03T13:33:57,84.177750,-40.530125,nan
2024-06-03T13:33:56,84.177734,-40.529938,nan
2024-06-03T13:33:56,84.177727,-40.529751,nan
2024-06-03T13:33:55,84.177711,-40.529564,nan
2024-06-03T13:33:55,84.177696,-40.529373,nan
2024-06-03T13:33:54,84.177681,-40.529182,nan
2024-06-03T13:33:54,84.177666,-40.528992,nan
2024-06-03T13:33:53,84.177650,-40.528793,nan
2024-06-03T13:33:53,84.177635,-40.528599,nan
2024-06-03T13:33:52,84.177620,-40.528404,nan
2024-06-03T13:33:52,84.177605,-40.528214,nan
2024-06-03T13:33:51,84.177582,-40.528030,nan
2024-06-03T13:33:51,84.177567,-40.527847,nan
2024-06-03T13:33:50,84.177551,-40.527672,nan
2024-06-03T13:33:50,84.177528,-40.527489,nan
2024-06-03T13:33:49,84.177513,-40.527309,nan
2024-06-03T13:33:49,84.177498,-40.527130,nan
2024-06-03T13:33:48,84.177475,-40.526947,nan
2024-06-03T13:33:48,84.177460,-40.526768,nan
2024-06-03T13:33:47,84.177437,-40.526592,nan
2024-06-03T13:33:47,84.177414,-40.526421,nan
2024-06-03T13:33:46,84.177399,-40.526257,nan
2024-06-03T13:33:46,84.177376,-40.526100,nan
2024-06-03T13:33:45,84.177353,-40.525944,nan
2024-06-03T13:33:45,84.177330,-40.525791,nan
2024-06-03T13:33:44,84.177307,-40.525639,nan
2024-06-03T13:33:44,84.177284,-40.525478,nan
2024-06-03T13:33:43,84.177261,-40.525311,nan
2024-06-03T13:33:43,84.177238,-40.525143,nan
2024-06-03T13:33:42,84.177216,-40.524975,nan
2024-06-03T13:33:42,84.177193,-40.524807,nan
2024-06-03T13:33:41,84.177170,-40.524643,nan
2024-06-03T13:33:41,84.177155,-40.524479,nan
2024-06-03T13:33:40,84.177124,-40.524323,nan
2024-06-03T13:33:40,84.177101,-40.524166,nan
2024-06-03T13:33:39,84.177078,-40.524017,nan
2024-06-03T13:33:39,84.177055,-40.523872,nan
2024-06-03T13:33:38,84.177032,-40.523727,nan
2024-06-03T13:33:38,84.177010,-40.523579,nan
2024-06-03T13:33:37,84.176987,-40.523426,nan
2024-06-03T13:33:37,84.176964,-40.523273,nan
2024-06-03T13:33:36,84.176941,-40.523113,nan
2024-06-03T13:33:36,84.176918,-40.522949,nan
2024-06-03T13:33:35,84.176895,-40.522785,nan
2024-06-03T13:33:35,84.176872,-40.522621,nan
2024-06-03T13:33:34,84.176849,-40.522457,nan
2024-06-03T13:33:34,84.176826,-40.522301,nan
2024-06-03T13:33:33,84.176796,-40.522141,nan
2024-06-03T13:33:33,84.176773,-40.521984,nan
2024-06-03T13:33:32,84.176750,-40.521832,nan
2024-06-03T13:33:32,84.176727,-40.521675,nan
2024-06-03T13:33:31,84.176697,-40.521515,nan
2024-06-03T13:33:31,84.176674,-40.521351,nan
2024-06-03T13:33:30,84.176651,-40.521183,nan
2024-06-03T13:33:30,84.176620,-40.521015,nan
2024-06-03T13:33:29,84.176598,-40.520847,nan
2024-06-03T13:33:29,84.176567,-40.520683,nan
2024-06-03T13:33:28,84.176544,-40.520523,nan
2024-06-03T13:33:28,84.176514,-40.520367,nan
2024-06-03T13:33:27,84.176483,-40.520214,nan
2024-06-03T13:33:27,84.176453,-40.520065,nan
2024-06-03T13:33:26,84.176430,-40.519917,nan
2024-06-03T13:33:26,84.176399,-40.519760,nan
2024-06-03T13:33:25,84.176369,-40.519600,nan
2024-06-03T13:33:25,84.176338,-40.519432,nan
2024-06-03T13:33:24,84.176315,-40.519253,nan
2024-06-03T13:33:24,84.176285,-40.519070,nan
2024-06-03T13:33:23,84.176254,-40.518883,nan
2024-06-03T13:33:23,84.176224,-40.518692,nan
2024-06-03T13:33:22,84.176193,-40.518505,nan
2024-06-03T13:33:22,84.176163,-40.518311,nan
2024-06-03T13:33:21,84.176132,-40.518120,nan
2024-06-03T13:33:21,84.176102,-40.517925,nan
2024-06-03T13:33:20,84.176071,-40.517727,nan
2024-06-03T13:33:20,84.176041,-40.517525,nan
2024-06-03T13:33:19,84.176010,-40.517323,nan
2024-06-03T13:33:19,84.175980,-40.517120,nan
2024-06-03T13:33:18,84.175949,-40.516922,nan
2024-06-03T13:33:18,84.175919,-40.516724,nan
2024-06-03T13:33:17,84.175888,-40.516533,nan
2024-06-03T13:33:17,84.175858,-40.516350,nan
2024-06-03T13:33:16,84.175819,-40.516171,nan
2024-06-03T13:33:16,84.175789,-40.516003,nan
2024-06-03T13:33:15,84.175758,-40.515835,nan
2024-06-03T13:33:15,84.175720,-40.515663,nan
2024-06-03T13:33:14,84.175690,-40.515488,nan
2024-06-03T13:33:14,84.175652,-40.515308,nan
2024-06-03T13:33:13,84.175621,-40.515125,nan
2024-06-03T13:33:13,84.175583,-40.514935,nan
2024-06-03T13:33:12,84.175545,-40.514748,nan
2024-06-03T13:33:12,84.175507,-40.514557,nan
2024-06-03T13:33:11,84.175468,-40.514366,nan
2024-06-03T13:33:11,84.175430,-40.514175,nan
2024-06-03T13:33:10,84.175392,-40.513988,nan
2024-06-03T13:33:10,84.175354,-40.513798,nan
2024-06-03T13:33:09,84.175316,-40.513599,nan
2024-06-03T13:33:09,84.175278,-40.513405,nan
2024-06-03T13:33:08,84.175240,-40.513203,nan
2024-06-03T13:33:08,84.175201,-40.512993,nan
2024-06-03T13:33:07,84.175163,-40.512783,nan
2024-06-03T13:33:07,84.175125,-40.512569,nan
2024-06-03T13:33:06,84.175087,-40.512360,nan
2024-06-03T13:33:06,84.175049,-40.512146,nan
2024-06-03T13:33:05,84.175011,-40.511932,nan
2024-06-03T13:33:05,84.174965,-40.511715,nan
2024-06-03T13:33:04,84.174927,-40.511497,nan
2024-06-03T13:33:04,84.174889,-40.511280,nan
2024-06-03T13:33:03,84.174850,-40.511051,nan
2024-06-03T13:33:03,84.174812,-40.510822,nan
2024-06-03T13:33:02,84.174767,-40.510578,nan
2024-06-03T13:33:02,84.174728,-40.510330,nan
2024-06-03T13:33:01,84.174690,-40.510078,nan
2024-06-03T13:33:01,84.174644,-40.509819,nan
2024-06-03T13:33:00,84.174606,-40.509563,nan
2024-06-03T13:33:00,84.174568,-40.509308,nan
2024-06-03T13:32:59,84.174522,-40.509060,nan
2024-06-03T13:32:59,84.174484,-40.508812,nan
2024-06-03T13:32:58,84.174438,-40.508568,nan
2024-06-03T13:32:58,84.174400,-40.508324,nan
2024-06-03T13:32:57,84.174355,-40.508076,nan
2024-06-03T13:32:57,84.174316,-40.507824,nan
2024-06-03T13:32:56,84.174271,-40.507561,nan
2024-06-03T13:32:56,84.174232,-40.507298,nan
2024-06-03T13:32:55,84.174187,-40.507027,nan
2024-06-03T13:32:55,84.174149,-40.506756,nan
2024-06-03T13:32:54,84.174103,-40.506481,nan
2024-06-03T13:32:54,84.174057,-40.506199,nan
2024-06-03T13:32:53,84.174019,-40.505909,nan
2024-06-03T13:32:53,84.173973,-40.505615,nan
2024-06-03T13:32:52,84.173927,-40.505322,nan
2024-06-03T13:32:52,84.173889,-40.505024,nan
2024-06-03T13:32:51,84.173843,-40.504719,nan
2024-06-03T13:32:51,84.173805,-40.504410,nan
2024-06-03T13:32:50,84.173759,-40.504097,nan
2024-06-03T13:32:50,84.173721,-40.503777,nan
2024-06-03T13:32:49,84.173683,-40.503452,nan
2024-06-03T13:32:49,84.173645,-40.503128,nan
2024-06-03T13:32:48,84.173599,-40.502800,nan
2024-06-03T13:32:48,84.173561,-40.502472,nan
2024-06-03T13:32:47,84.173523,-40.502151,nan
2024-06-03T13:32:47,84.173477,-40.501839,nan
2024-06-03T13:32:46,84.173439,-40.501534,nan
2024-06-03T13:32:46,84.173401,-40.501232,nan
2024-06-03T13:32:45,84.173363,-40.500938,nan
2024-06-03T13:32:45,84.173317,-40.500648,nan
2024-06-03T13:32:44,84.173279,-40.500362,nan
2024-06-03T13:32:44,84.173241,-40.500072,nan
2024-06-03T13:32:43,84.173203,-40.499790,nan
2024-06-03T13:32:43,84.173164,-40.499504,nan
2024-06-03T13:32:42,84.173119,-40.499222,nan
2024-06-03T13:32:42,84.173080,-40.498940,nan
2024-06-03T13:32:41,84.173042,-40.498661,nan
2024-06-03T13:32:41,84.172997,-40.498394,nan
2024-06-03T13:32:40,84.172958,-40.498135,nan
2024-06-03T13:32:40,84.172920,-40.497883,nan
2024-06-03T13:32:39,84.172874,-40.497643,nan
2024-06-03T13:32:39,84.172836,-40.497402,nan
2024-06-03T13:32:38,84.172791,-40.497162,nan
2024-06-03T13:32:38,84.172752,-40.496922,nan
2024-06-03T13:32:37,84.172714,-40.496685,nan
2024-06-03T13:32:37,84.172676,-40.496445,nan
2024-06-03T13:32:36,84.172630,-40.496204,nan
2024-06-03T13:32:36,84.172592,-40.495968,nan
2024-06-03T13:32:35,84.172554,-40.495735,nan
2024-06-03T13:32:35,84.172508,-40.495502,nan
2024-06-03T13:32:34,84.172470,-40.495274,nan
2024-06-03T13:32:34,84.172424,-40.495049,nan
2024-06-03T13:32:33,84.172386,-40.494827,nan
2024-06-03T13:32:33,84.172340,-40.494614,nan
2024-06-03T13:32:32,84.172295,-40.494400,nan
2024-06-03T13:32:32,84.172256,-40.494190,nan
2024-06-03T13:32:31,84.172211,-40.493984,nan
2024-06-03T13:32:31,84.172173,-40.493778,nan
2024-06-03T13:32:30,84.172127,-40.493568,nan
2024-06-03T13:32:30,84.172089,-40.493359,nan
2024-06-03T13:32:29,84.172043,-40.493145,nan
2024-06-03T13:32:29,84.171997,-40.492935,nan
2024-06-03T13:32:28,84.171951,-40.492729,nan
2024-06-03T13:32:28,84.171906,-40.492527,nan
2024-06-03T13:32:27,84.171867,-40.492325,nan
2024-06-03T13:32:27,84.171822,-40.492130,nan
2024-06-03T13:32:26,84.171776,-40.491932,nan
2024-06-03T13:32:26,84.171730,-40.491734,nan
2024-06-03T13:32:25,84.171692,-40.491531,nan
2024-06-03T13:32:25,84.171646,-40.491325,nan
2024-06-03T13:32:24,84.171600,-40.491116,nan
2024-06-03T13:32:24,84.171555,-40.490906,nan
2024-06-03T13:32:23,84.171509,-40.490700,nan
2024-06-03T13:32:23,84.171463,-40.490494,nan
2024-06-03T13:32:22,84.171417,-40.490292,nan
2024-06-03T13:32:22,84.171371,-40.490093,nan
2024-06-03T13:32:21,84.171326,-40.489895,nan
2024-06-03T13:32:21,84.171272,-40.489697,nan
2024-06-03T13:32:20,84.171227,-40.489498,nan
2024-06-03T13:32:20,84.171181,-40.489296,nan
2024-06-03T13:32:19,84.171135,-40.489094,nan
2024-06-03T13:32:19,84.171082,-40.488884,nan
2024-06-03T13:32:18,84.171036,-40.488674,nan
2024-06-03T13:32:18,84.170982,-40.488461,nan
2024-06-03T13:32:17,84.170929,-40.488255,nan
2024-06-03T13:32:17,84.170876,-40.488049,nan
2024-06-03T13:32:16,84.170830,-40.487846,nan
2024-06-03T13:32:16,84.170776,-40.487648,nan
2024-06-03T13:32:15,84.170723,-40.487446,nan
2024-06-03T13:32:15,84.170677,-40.487247,nan
2024-06-03T13:32:14,84.170624,-40.487049,nan
2024-06-03T13:32:14,84.170570,-40.486843,nan
2024-06-03T13:32:13,84.170525,-40.486645,nan
2024-06-03T13:32:13,84.170471,-40.486443,nan
2024-06-03T13:32:12,84.170418,-40.486244,nan
2024-06-03T13:32:12,84.170364,-40.486050,nan
2024-06-03T13:32:11,84.170311,-40.485859,nan
2024-06-03T13:32:11,84.170250,-40.485668,nan
2024-06-03T13:32:10,84.170197,-40.485481,nan
2024-06-03T13:32:10,84.170143,-40.485291,nan
2024-06-03T13:32:09,84.170082,-40.485100,nan
2024-06-03T13:32:09,84.170029,-40.484901,nan
2024-06-03T13:32:08,84.169968,-40.484703,nan
2024-06-03T13:32:08,84.169914,-40.484505,nan
2024-06-03T13:32:07,84.169853,-40.484303,nan
2024-06-03T13:32:07,84.169792,-40.484104,nan
2024-06-03T13:32:06,84.169731,-40.483910,nan
2024-06-03T13:32:06,84.169670,-40.483719,nan
2024-06-03T13:32:05,84.169609,-40.483524,nan
2024-06-03T13:32:05,84.169548,-40.483334,nan
2024-06-03T13:32:04,84.169487,-40.483135,nan
2024-06-03T13:32:04,84.169426,-40.482933,nan
2024-06-03T13:32:03,84.169365,-40.482727,nan
2024-06-03T13:32:03,84.169304,-40.482517,nan
2024-06-03T13:32:02,84.169243,-40.482315,nan
2024-06-03T13:32:02,84.169182,-40.482117,nan
2024-06-03T13:32:01,84.169113,-40.481918,nan
2024-06-03T13:32:01,84.169052,-40.481731,nan
2024-06-03T13:32:00,84.168991,-40.481544,nan
2024-06-03T13:32:00,84.168922,-40.481358,nan
2024-06-03T13:31:59,84.168861,-40.481171,nan
2024-06-03T13:31:59,84.168800,-40.480984,nan
2024-06-03T13:31:58,84.168732,-40.480789,nan
2024-06-03T13:31:58,84.168671,-40.480598,nan
2024-06-03T13:31:57,84.168602,-40.480400,nan
2024-06-03T13:31:57,84.168533,-40.480206,nan
2024-06-03T13:31:56,84.168472,-40.480011,nan
2024-06-03T13:31:56,84.168404,-40.479820,nan
2024-06-03T13:31:55,84.168343,-40.479630,nan
2024-06-03T13:31:55,84.168274,-40.479439,nan
2024-06-03T13:31:54,84.168205,-40.479248,nan
2024-06-03T13:31:54,84.168144,-40.479057,nan
2024-06-03T13:31:53,84.168076,-40.478855,nan
2024-06-03T13:31:53,84.168015,-40.478649,nan
2024-06-03T13:31:52,84.167946,-40.478439,nan
2024-06-03T13:31:52,84.167877,-40.478226,nan
2024-06-03T13:31:51,84.167816,-40.478012,nan
2024-06-03T13:31:51,84.167747,-40.477806,nan
2024-06-03T13:31:50,84.167679,-40.477600,nan
2024-06-03T13:31:50,84.167610,-40.477398,nan
2024-06-03T13:31:49,84.167542,-40.477196,nan
2024-06-03T13:31:49,84.167480,-40.476997,nan
2024-06-03T13:31:48,84.167412,-40.476795,nan
2024-06-03T13:31:48,84.167351,-40.476589,nan
2024-06-03T13:31:47,84.167282,-40.476383,nan
2024-06-03T13:31:47,84.167213,-40.476170,nan
2024-06-03T13:31:46,84.167152,-40.475952,nan
2024-06-03T13:31:46,84.167084,-40.475735,nan
2024-06-03T13:31:45,84.167015,-40.475521,nan
2024-06-03T13:31:45,84.166946,-40.475311,nan
2024-06-03T13:31:44,84.166878,-40.475105,nan
2024-06-03T13:31:44,84.166809,-40.474899,nan
2024-06-03T13:31:43,84.166740,-40.474693,nan
2024-06-03T13:31:43,84.166672,-40.474487,nan
2024-06-03T13:31:42,84.166611,-40.474277,nan
2024-06-03T13:31:42,84.166542,-40.474068,nan
2024-06-03T13:31:41,84.166473,-40.473862,nan
2024-06-03T13:31:41,84.166405,-40.473656,nan
2024-06-03T13:31:40,84.166328,-40.473457,nan
2024-06-03T13:31:40,84.166260,-40.473263,nan
2024-06-03T13:31:39,84.166191,-40.473076,nan
2024-06-03T13:31:39,84.166122,-40.472885,nan
2024-06-03T13:31:38,84.166054,-40.472698,nan
2024-06-03T13:31:38,84.165977,-40.472511,nan
2024-06-03T13:31:37,84.165909,-40.472321,nan
2024-06-03T13:31:37,84.165840,-40.472134,nan
2024-06-03T13:31:36,84.165771,-40.471939,nan
2024-06-03T13:31:36,84.165703,-40.471748,nan
2024-06-03T13:31:35,84.165634,-40.471558,nan
2024-06-03T13:31:35,84.165558,-40.471371,nan
2024-06-03T13:31:34,84.165489,-40.471188,nan
2024-06-03T13:31:34,84.165413,-40.471012,nan
2024-06-03T13:31:33,84.165344,-40.470837,nan
2024-06-03T13:31:33,84.165268,-40.470661,nan
2024-06-03T13:31:32,84.165199,-40.470490,nan
2024-06-03T13:31:32,84.165123,-40.470314,nan
2024-06-03T13:31:31,84.165054,-40.470139,nan
2024-06-03T13:31:31,84.164986,-40.469963,nan
2024-06-03T13:31:30,84.164909,-40.469788,nan
2024-06-03T13:31:30,84.164841,-40.469608,nan
2024-06-03T13:31:29,84.164772,-40.469433,nan
2024-06-03T13:31:29,84.164696,-40.469254,nan
2024-06-03T13:31:28,84.164627,-40.469082,nan
2024-06-03T13:31:28,84.164551,-40.468910,nan
2024-06-03T13:31:27,84.164482,-40.468742,nan
2024-06-03T13:31:27,84.164406,-40.468582,nan
2024-06-03T13:31:26,84.164330,-40.468418,nan
2024-06-03T13:31:26,84.164261,-40.468258,nan
2024-06-03T13:31:25,84.164185,-40.468094,nan
2024-06-03T13:31:25,84.164116,-40.467918,nan
2024-06-03T13:31:24,84.164040,-40.467743,nan
2024-06-03T13:31:24,84.163971,-40.467560,nan
2024-06-03T13:31:23,84.163895,-40.467377,nan
2024-06-03T13:31:23,84.163818,-40.467194,nan
2024-06-03T13:31:22,84.163742,-40.467010,nan
2024-06-03T13:31:22,84.163673,-40.466827,nan
2024-06-03T13:31:21,84.163597,-40.466648,nan
2024-06-03T13:31:21,84.163521,-40.466465,nan
2024-06-03T13:31:20,84.163445,-40.466282,nan
2024-06-03T13:31:20,84.163368,-40.466091,nan
2024-06-03T13:31:19,84.163292,-40.465900,nan
2024-06-03T13:31:19,84.163216,-40.465702,nan
2024-06-03T13:31:18,84.163139,-40.465500,nan
2024-06-03T13:31:18,84.163071,-40.465294,nan
2024-06-03T13:31:17,84.162994,-40.465092,nan
2024-06-03T13:31:17,84.162918,-40.464890,nan
2024-06-03T13:31:16,84.162842,-40.464691,nan
2024-06-03T13:31:16,84.162766,-40.464497,nan
2024-06-03T13:31:15,84.162689,-40.464314,nan
2024-06-03T13:31:15,84.162613,-40.464127,nan
2024-06-03T13:31:14,84.162544,-40.463943,nan
2024-06-03T13:31:14,84.162468,-40.463753,nan
2024-06-03T13:31:13,84.162392,-40.463562,nan
2024-06-03T13:31:13,84.162323,-40.463364,nan
2024-06-03T13:31:12,84.162247,-40.463165,nan
2024-06-03T13:31:12,84.162170,-40.462971,nan
2024-06-03T13:31:11,84.162102,-40.462772,nan
2024-06-03T13:31:11,84.162025,-40.462582,nan
2024-06-03T13:31:10,84.161949,-40.462395,nan
2024-06-03T13:31:10,84.161880,-40.462208,nan
2024-06-03T13:31:09,84.161804,-40.462021,nan
2024-06-03T13:31:09,84.161736,-40.461830,nan
2024-06-03T13:31:08,84.161659,-40.461639,nan
2024-06-03T13:31:08,84.161591,-40.461449,nan
2024-06-03T13:31:07,84.161514,-40.461254,nan
2024-06-03T13:31:07,84.161446,-40.461060,nan
2024-06-03T13:31:06,84.161369,-40.460861,nan
2024-06-03T13:31:06,84.161301,-40.460667,nan
2024-06-03T13:31:05,84.161224,-40.460476,nan
2024-06-03T13:31:05,84.161156,-40.460285,nan
2024-06-03T13:31:04,84.161079,-40.460094,nan
2024-06-03T13:31:04,84.161003,-40.459900,nan
2024-06-03T13:31:03,84.160934,-40.459705,nan
2024-06-03T13:31:03,84.160858,-40.459507,nan
2024-06-03T13:31:02,84.160789,-40.459297,nan
2024-06-03T13:31:02,84.160713,-40.459087,nan
2024-06-03T13:31:01,84.160645,-40.458870,nan
2024-06-03T13:31:01,84.160568,-40.458645,nan
2024-06-03T13:31:00,84.160492,-40.458420,nan
2024-06-03T13:31:00,84.160416,-40.458191,nan
2024-06-03T13:30:59,84.160339,-40.457966,nan
2024-06-03T13:30:59,84.160263,-40.457741,nan
2024-06-03T13:30:58,84.160187,-40.457516,nan
2024-06-03T13:30:58,84.160118,-40.457291,nan
2024-06-03T13:30:57,84.160042,-40.457058,nan
2024-06-03T13:30:57,84.159966,-40.456821,nan
2024-06-03T13:30:56,84.159889,-40.456581,nan
2024-06-03T13:30:56,84.159813,-40.456341,nan
2024-06-03T13:30:55,84.159737,-40.456104,nan
2024-06-03T13:30:55,84.159660,-40.455868,nan
2024-06-03T13:30:54,84.159584,-40.455639,nan
2024-06-03T13:30:54,84.159508,-40.455410,nan
2024-06-03T13:30:53,84.159424,-40.455181,nan
2024-06-03T13:30:53,84.159348,-40.454952,nan
2024-06-03T13:30:52,84.159271,-40.454727,nan
2024-06-03T13:30:52,84.159203,-40.454498,nan
2024-06-03T13:30:51,84.159126,-40.454269,nan
2024-06-03T13:30:51,84.159050,-40.454041,nan
2024-06-03T13:30:50,84.158974,-40.453815,nan
2024-06-03T13:30:50,84.158890,-40.453598,nan
2024-06-03T13:30:49,84.158813,-40.453384,nan
2024-06-03T13:30:49,84.158737,-40.453182,nan
2024-06-03T13:30:48,84.158661,-40.452984,nan
2024-06-03T13:30:48,84.158585,-40.452797,nan
2024-06-03T13:30:47,84.158508,-40.452610,nan
2024-06-03T13:30:47,84.158432,-40.452423,nan
2024-06-03T13:30:46,84.158356,-40.452236,nan
2024-06-03T13:30:46,84.158279,-40.452045,nan
2024-06-03T13:30:45,84.158203,-40.451855,nan
2024-06-03T13:30:45,84.158127,-40.451660,nan
2024-06-03T13:30:44,84.158051,-40.451466,nan
2024-06-03T13:30:44,84.157974,-40.451279,nan
2024-06-03T13:30:43,84.157898,-40.451092,nan
2024-06-03T13:30:43,84.157829,-40.450905,nan
2024-06-03T13:30:42,84.157753,-40.450710,nan
2024-06-03T13:30:42,84.157677,-40.450520,nan
2024-06-03T13:30:41,84.157600,-40.450325,nan
2024-06-03T13:30:41,84.157532,-40.450127,nan
2024-06-03T13:30:40,84.157455,-40.449924,nan
2024-06-03T13:30:40,84.157379,-40.449715,nan
2024-06-03T13:30:39,84.157310,-40.449509,nan
2024-06-03T13:30:39,84.157234,-40.449299,nan
2024-06-03T13:30:38,84.157158,-40.449093,nan
2024-06-03T13:30:38,84.157082,-40.448887,nan
2024-06-03T13:30:37,84.157005,-40.448685,nan
2024-06-03T13:30:37,84.156929,-40.448490,nan
2024-06-03T13:30:36,84.156853,-40.448299,nan
2024-06-03T13:30:36,84.156776,-40.448116,nan
2024-06-03T13:30:35,84.156700,-40.447937,nan
2024-06-03T13:30:35,84.156624,-40.447762,nan
2024-06-03T13:30:34,84.156548,-40.447590,nan
2024-06-03T13:30:34,84.156479,-40.447418,nan
2024-06-03T13:30:33,84.156403,-40.447243,nan
2024-06-03T13:30:33,84.156326,-40.447063,nan
2024-06-03T13:30:32,84.156258,-40.446880,nan
2024-06-03T13:30:32,84.156181,-40.446690,nan
2024-06-03T13:30:31,84.156113,-40.446487,nan
2024-06-03T13:30:31,84.156036,-40.446285,nan
2024-06-03T13:30:30,84.155968,-40.446075,nan
2024-06-03T13:30:30,84.155891,-40.445866,nan
2024-06-03T13:30:29,84.155823,-40.445652,nan
2024-06-03T13:30:29,84.155754,-40.445438,nan
2024-06-03T13:30:28,84.155685,-40.445225,nan
2024-06-03T13:30:28,84.155617,-40.445011,nan
2024-06-03T13:30:27,84.155548,-40.444798,nan
2024-06-03T13:30:27,84.155479,-40.444584,nan
2024-06-03T13:30:26,84.155411,-40.444370,nan
2024-06-03T13:30:26,84.155342,-40.444149,nan
2024-06-03T13:30:25,84.155273,-40.443932,nan
2024-06-03T13:30:25,84.155205,-40.443710,nan
2024-06-03T13:30:24,84.155136,-40.443485,nan
2024-06-03T13:30:24,84.155067,-40.443256,nan
2024-06-03T13:30:23,84.154999,-40.443027,nan
2024-06-03T13:30:23,84.154922,-40.442791,nan
2024-06-03T13:30:22,84.154854,-40.442551,nan
2024-06-03T13:30:22,84.154785,-40.442303,nan
2024-06-03T13:30:21,84.154709,-40.442043,nan
2024-06-03T13:30:21,84.154640,-40.441780,nan
2024-06-03T13:30:20,84.154572,-40.441509,nan
2024-06-03T13:30:20,84.154503,-40.441231,nan
2024-06-03T13:30:19,84.154434,-40.440941,nan
2024-06-03T13:30:19,84.154358,-40.440643,nan
2024-06-03T13:30:18,84.154289,-40.440338,nan
2024-06-03T13:30:18,84.154221,-40.440025,nan
2024-06-03T13:30:17,84.154144,-40.439713,nan
2024-06-03T13:30:17,84.154076,-40.439396,nan
2024-06-03T13:30:16,84.153999,-40.439075,nan
2024-06-03T13:30:16,84.153931,-40.438751,nan
2024-06-03T13:30:15,84.153854,-40.438423,nan
2024-06-03T13:30:15,84.153786,-40.438084,nan
2024-06-03T13:30:14,84.153717,-40.437744,nan
2024-06-03T13:30:14,84.153641,-40.437401,nan
2024-06-03T13:30:13,84.153572,-40.437050,nan
2024-06-03T13:30:13,84.153496,-40.436695,nan
2024-06-03T13:30:12,84.153419,-40.436337,nan
2024-06-03T13:30:12,84.153343,-40.435978,nan
2024-06-03T13:30:11,84.153275,-40.435623,nan
2024-06-03T13:30:11,84.153198,-40.435265,nan
2024-06-03T13:30:10,84.153114,-40.434914,nan
2024-06-03T13:30:10,84.153038,-40.434559,nan
2024-06-03T13:30:09,84.152962,-40.434212,nan
2024-06-03T13:30:09,84.152878,-40.433865,nan
2024-06-03T13:30:08,84.152802,-40.433517,nan
2024-06-03T13:30:08,84.152725,-40.433174,nan
2024-06-03T13:30:07,84.152641,-40.432831,nan
2024-06-03T13:30:07,84.152557,-40.432495,nan
2024-06-03T13:30:06,84.152481,-40.432167,nan
2024-06-03T13:30:06,84.152397,-40.431850,nan
2024-06-03T13:30:05,84.152313,-40.431541,nan
2024-06-03T13:30:05,84.152237,-40.431248,nan
2024-06-03T13:30:04,84.152153,-40.430962,nan
2024-06-03T13:30:04,84.152077,-40.430683,nan
2024-06-03T13:30:03,84.151993,-40.430416,nan
2024-06-03T13:30:03,84.151917,-40.430153,nan
2024-06-03T13:30:02,84.151840,-40.429893,nan
2024-06-03T13:30:02,84.151764,-40.429642,nan
2024-06-03T13:30:01,84.151680,-40.429401,nan
2024-06-03T13:30:01,84.151604,-40.429176,nan
2024-06-03T13:30:00,84.151527,-40.428963,nan
2024-06-03T13:30:00,84.151459,-40.428761,nan
2024-06-03T13:29:59,84.151382,-40.428566,nan
2024-06-03T13:29:59,84.151306,-40.428379,nan
2024-06-03T13:29:58,84.151237,-40.428200,nan
2024-06-03T13:29:58,84.151161,-40.428024,nan
2024-06-03T13:29:57,84.151093,-40.427853,nan
2024-06-03T13:29:57,84.151024,-40.427689,nan
2024-06-03T13:29:56,84.150955,-40.427521,nan
2024-06-03T13:29:56,84.150887,-40.427353,nan
2024-06-03T13:29:55,84.150826,-40.427181,nan
2024-06-03T13:29:55,84.150757,-40.427006,nan
2024-06-03T13:29:54,84.150696,-40.426826,nan
2024-06-03T13:29:54,84.150635,-40.426643,nan
2024-06-03T13:29:53,84.150574,-40.426456,nan
2024-06-03T13:29:53,84.150513,-40.426266,nan
2024-06-03T13:29:52,84.150459,-40.426067,nan
2024-06-03T13:29:52,84.150406,-40.425858,nan
2024-06-03T13:29:51,84.150352,-40.425636,nan
2024-06-03T13:29:51,84.150299,-40.425400,nan
2024-06-03T13:29:50,84.150246,-40.425140,nan
2024-06-03T13:29:50,84.150192,-40.424873,nan
2024-06-03T13:29:49,84.150146,-40.424595,nan
2024-06-03T13:29:49,84.150093,-40.424316,nan
2024-06-03T13:29:48,84.150040,-40.424038,nan
2024-06-03T13:29:48,84.149986,-40.423767,nan
2024-06-03T13:29:47,84.149933,-40.423512,nan
2024-06-03T13:29:47,84.149879,-40.423267,nan
2024-06-03T13:29:46,84.149826,-40.423035,nan
2024-06-03T13:29:46,84.149765,-40.422810,nan
2024-06-03T13:29:45,84.149712,-40.422588,nan
2024-06-03T13:29:45,84.149658,-40.422371,nan
2024-06-03T13:29:44,84.149605,-40.422153,nan
2024-06-03T13:29:44,84.149544,-40.421940,nan
2024-06-03T13:29:43,84.149490,-40.421726,nan
2024-06-03T13:29:43,84.149429,-40.421516,nan
2024-06-03T13:29:42,84.149376,-40.421310,nan
2024-06-03T13:29:42,84.149315,-40.421104,nan
2024-06-03T13:29:41,84.149261,-40.420902,nan
2024-06-03T13:29:41,84.149200,-40.420704,nan
2024-06-03T13:29:40,84.149139,-40.420509,nan
2024-06-03T13:29:40,84.149086,-40.420319,nan
2024-06-03T13:29:39,84.149033,-40.420135,nan
2024-06-03T13:29:39,84.148979,-40.419956,nan
2024-06-03T13:29:38,84.148926,-40.419773,nan
2024-06-03T13:29:38,84.148872,-40.419590,nan
2024-06-03T13:29:37,84.148827,-40.419399,nan
2024-06-03T13:29:37,84.148773,-40.419193,nan
2024-06-03T13:29:36,84.148727,-40.418972,nan
2024-06-03T13:29:36,84.148682,-40.418739,nan
2024-06-03T13:29:35,84.148628,-40.418495,nan
2024-06-03T13:29:35,84.148582,-40.418236,nan
2024-06-03T13:29:34,84.148537,-40.417969,nan
2024-06-03T13:29:34,84.148491,-40.417686,nan
2024-06-03T13:29:33,84.148453,-40.417393,nan
2024-06-03T13:29:33,84.148407,-40.417091,nan
2024-06-03T13:29:32,84.148361,-40.416782,nan
2024-06-03T13:29:32,84.148315,-40.416466,nan
2024-06-03T13:29:31,84.148277,-40.416145,nan
2024-06-03T13:29:31,84.148232,-40.415833,nan
2024-06-03T13:29:30,84.148193,-40.415524,nan
2024-06-03T13:29:30,84.148148,-40.415218,nan
2024-06-03T13:29:29,84.148109,-40.414909,nan
2024-06-03T13:29:29,84.148064,-40.414604,nan
2024-06-03T13:29:28,84.148026,-40.414299,nan
2024-06-03T13:29:28,84.147980,-40.413994,nan
2024-06-03T13:29:27,84.147942,-40.413689,nan
2024-06-03T13:29:27,84.147896,-40.413391,nan
2024-06-03T13:29:26,84.147858,-40.413097,nan
2024-06-03T13:29:26,84.147812,-40.412819,nan
2024-06-03T13:29:25,84.147766,-40.412548,nan
2024-06-03T13:29:25,84.147728,-40.412289,nan
2024-06-03T13:29:24,84.147690,-40.412029,nan
2024-06-03T13:29:24,84.147652,-40.411770,nan
2024-06-03T13:29:23,84.147614,-40.411503,nan
2024-06-03T13:29:23,84.147568,-40.411236,nan
2024-06-03T13:29:22,84.147530,-40.410976,nan
2024-06-03T13:29:22,84.147491,-40.410721,nan
2024-06-03T13:29:21,84.147453,-40.410477,nan
2024-06-03T13:29:21,84.147408,-40.410240,nan
2024-06-03T13:29:20,84.147369,-40.410011,nan
2024-06-03T13:29:20,84.147324,-40.409794,nan
2024-06-03T13:29:19,84.147285,-40.409584,nan
2024-06-03T13:29:19,84.147247,-40.409386,nan
2024-06-03T13:29:18,84.147202,-40.409199,nan
2024-06-03T13:29:18,84.147163,-40.409016,nan
2024-06-03T13:29:17,84.147125,-40.408833,nan
2024-06-03T13:29:17,84.147087,-40.408649,nan
2024-06-03T13:29:16,84.147057,-40.408470,nan
2024-06-03T13:29:16,84.147018,-40.408291,nan
2024-06-03T13:29:15,84.146980,-40.408104,nan
2024-06-03T13:29:15,84.146950,-40.407913,nan
2024-06-03T13:29:14,84.146912,-40.407715,nan
2024-06-03T13:29:14,84.146873,-40.407509,nan
2024-06-03T13:29:13,84.146843,-40.407299,nan
2024-06-03T13:29:13,84.146805,-40.407097,nan
2024-06-03T13:29:12,84.146767,-40.406895,nan
2024-06-03T13:29:12,84.146736,-40.406704,nan
2024-06-03T13:29:11,84.146698,-40.406521,nan
2024-06-03T13:29:11,84.146667,-40.406338,nan
2024-06-03T13:29:10,84.146637,-40.406155,nan
2024-06-03T13:29:10,84.146606,-40.405972,nan
2024-06-03T13:29:09,84.146576,-40.405788,nan
2024-06-03T13:29:09,84.146553,-40.405605,nan
2024-06-03T13:29:08,84.146523,-40.405418,nan
2024-06-03T13:29:08,84.146500,-40.405235,nan
2024-06-03T13:29:07,84.146477,-40.405052,nan
2024-06-03T13:29:07,84.146446,-40.404869,nan
2024-06-03T13:29:06,84.146423,-40.404682,nan
2024-06-03T13:29:06,84.146393,-40.404503,nan
2024-06-03T13:29:05,84.146370,-40.404324,nan
2024-06-03T13:29:05,84.146339,-40.404148,nan
2024-06-03T13:29:04,84.146317,-40.403980,nan
2024-06-03T13:29:04,84.146286,-40.403820,nan
2024-06-03T13:29:03,84.146263,-40.403664,nan
2024-06-03T13:29:03,84.146240,-40.403507,nan
2024-06-03T13:29:02,84.146210,-40.403347,nan
2024-06-03T13:29:02,84.146187,-40.403179,nan
2024-06-03T13:29:01,84.146164,-40.403008,nan
2024-06-03T13:29:01,84.146133,-40.402824,nan
2024-06-03T13:29:00,84.146111,-40.402637,nan
2024-06-03T13:29:00,84.146080,-40.402451,nan
2024-06-03T13:28:59,84.146057,-40.402267,nan
2024-06-03T13:28:59,84.146027,-40.402088,nan
2024-06-03T13:28:58,84.145996,-40.401909,nan
2024-06-03T13:28:58,84.145966,-40.401733,nan
2024-06-03T13:28:57,84.145935,-40.401566,nan
2024-06-03T13:28:57,84.145905,-40.401405,nan
2024-06-03T13:28:56,84.145874,-40.401241,nan
2024-06-03T13:28:56,84.145844,-40.401081,nan
2024-06-03T13:28:55,84.145813,-40.400906,nan
2024-06-03T13:28:55,84.145790,-40.400715,nan
2024-06-03T13:28:54,84.145760,-40.400509,nan
2024-06-03T13:28:54,84.145729,-40.400291,nan
2024-06-03T13:28:53,84.145706,-40.400055,nan
2024-06-03T13:28:53,84.145676,-40.399799,nan
2024-06-03T13:28:52,84.145653,-40.399540,nan
2024-06-03T13:28:52,84.145622,-40.399277,nan
2024-06-03T13:28:51,84.145599,-40.399002,nan
2024-06-03T13:28:51,84.145569,-40.398727,nan
2024-06-03T13:28:50,84.145546,-40.398449,nan
2024-06-03T13:28:50,84.145515,-40.398167,nan
2024-06-03T13:28:49,84.145493,-40.397877,nan
2024-06-03T13:28:49,84.145462,-40.397587,nan
2024-06-03T13:28:48,84.145439,-40.397289,nan
2024-06-03T13:28:48,84.145416,-40.396992,nan
2024-06-03T13:28:47,84.145386,-40.396698,nan
2024-06-03T13:28:47,84.145355,-40.396416,nan
2024-06-03T13:28:46,84.145332,-40.396149,nan
2024-06-03T13:28:46,84.145302,-40.395901,nan
2024-06-03T13:28:45,84.145271,-40.395672,nan
2024-06-03T13:28:45,84.145241,-40.395466,nan
2024-06-03T13:28:44,84.145210,-40.395275,nan
2024-06-03T13:28:44,84.145180,-40.395096,nan
2024-06-03T13:28:43,84.145149,-40.394932,nan
2024-06-03T13:28:43,84.145119,-40.394772,nan
2024-06-03T13:28:42,84.145096,-40.394619,nan
2024-06-03T13:28:42,84.145065,-40.394466,nan
2024-06-03T13:28:41,84.145042,-40.394318,nan
2024-06-03T13:28:41,84.145020,-40.394176,nan
2024-06-03T13:28:40,84.144997,-40.394032,nan
2024-06-03T13:28:40,84.144974,-40.393875,nan
2024-06-03T13:28:39,84.144951,-40.393723,nan
2024-06-03T13:28:39,84.144936,-40.393555,nan
2024-06-03T13:28:38,84.144913,-40.393372,nan
2024-06-03T13:28:38,84.144890,-40.393188,nan
2024-06-03T13:28:37,84.144875,-40.393002,nan
2024-06-03T13:28:37,84.144852,-40.392799,nan
2024-06-03T13:28:36,84.144836,-40.392593,nan
2024-06-03T13:28:36,84.144814,-40.392380,nan
2024-06-03T13:28:35,84.144798,-40.392166,nan
2024-06-03T13:28:35,84.144775,-40.391953,nan
2024-06-03T13:28:34,84.144760,-40.391743,nan
2024-06-03T13:28:34,84.144745,-40.391525,nan
2024-06-03T13:28:33,84.144730,-40.391300,nan
2024-06-03T13:28:33,84.144707,-40.391075,nan
2024-06-03T13:28:32,84.144691,-40.390846,nan
2024-06-03T13:28:32,84.144676,-40.390610,nan
2024-06-03T13:28:31,84.144661,-40.390373,nan
2024-06-03T13:28:31,84.144646,-40.390137,nan
2024-06-03T13:28:30,84.144623,-40.389889,nan
2024-06-03T13:28:30,84.144608,-40.389645,nan
2024-06-03T13:28:29,84.144592,-40.389389,nan
2024-06-03T13:28:29,84.144577,-40.389130,nan
2024-06-03T13:28:28,84.144554,-40.388855,nan
2024-06-03T13:28:28,84.144539,-40.388573,nan
2024-06-03T13:28:27,84.144524,-40.388275,nan
2024-06-03T13:28:27,84.144508,-40.387985,nan
2024-06-03T13:28:26,84.144485,-40.387703,nan
2024-06-03T13:28:26,84.144470,-40.387432,nan
2024-06-03T13:28:25,84.144455,-40.387177,nan
2024-06-03T13:28:25,84.144432,-40.386940,nan
2024-06-03T13:28:24,84.144417,-40.386730,nan
2024-06-03T13:28:24,84.144402,-40.386532,nan
2024-06-03T13:28:23,84.144386,-40.386345,nan
2024-06-03T13:28:23,84.144363,-40.386166,nan
2024-06-03T13:28:22,84.144356,-40.385994,nan
2024-06-03T13:28:22,84.144341,-40.385830,nan
2024-06-03T13:28:21,84.144325,-40.385677,nan
2024-06-03T13:28:21,84.144318,-40.385540,nan
2024-06-03T13:28:20,84.144302,-40.385395,nan
2024-06-03T13:28:20,84.144295,-40.385242,nan
2024-06-03T13:28:19,84.144279,-40.385082,nan
2024-06-03T13:28:19,84.144272,-40.384937,nan
2024-06-03T13:28:18,84.144264,-40.384796,nan
2024-06-03T13:28:18,84.144249,-40.384663,nan
2024-06-03T13:28:17,84.144241,-40.384556,nan
2024-06-03T13:28:17,84.144234,-40.384468,nan
2024-06-03T13:28:16,84.144218,-40.384399,nan
2024-06-03T13:28:16,84.144203,-40.384388,nan
2024-06-03T13:28:15,84.144203,-40.384544,nan
2024-06-03T13:28:15,84.144211,-40.384945,nan
2024-06-03T13:28:14,84.144249,-40.385777,nan
2024-06-03T13:28:14,84.144310,-40.387035,nan
2024-06-03T13:28:13,84.144379,-40.388939,nan
2024-06-03T13:28:13,84.144379,-40.389851,nan
2024-06-03T13:28:12,84.144402,-40.390045,nan
2024-06-03T13:28:12,84.144386,-40.389709,nan
2024-06-03T13:28:11,84.144356,-40.390335,nan
2024-06-03T13:28:11,84.144310,-40.391834,nan
2024-06-03T13:28:07,84.143776,-40.378906,nan
2024-06-03T13:28:07,84.143700,-40.370346,nan
2024-06-03T13:28:06,84.143631,-40.361435,nan
