datetime,lat,lon,elev
2024-06-10T11:32:53,75.630844,-77.045647,nan
2024-06-10T11:32:53,75.630882,-77.045624,nan
2024-06-10T11:32:52,75.630920,-77.045609,nan
2024-06-10T11:32:52,75.630959,-77.045593,nan
2024-06-10T11:32:51,75.631004,-77.045570,nan
2024-06-10T11:32:51,75.631042,-77.045555,nan
2024-06-10T11:32:50,75.631088,-77.045540,nan
2024-06-10T11:32:50,75.631126,-77.045525,nan
2024-06-10T11:32:49,75.631165,-77.045502,nan
2024-06-10T11:32:49,75.631210,-77.045479,nan
2024-06-10T11:32:48,75.631248,-77.045456,nan
2024-06-10T11:32:48,75.631287,-77.045433,nan
2024-06-10T11:32:47,75.631332,-77.045410,nan
2024-06-10T11:32:47,75.631371,-77.045395,nan
2024-06-10T11:32:46,75.631416,-77.045380,nan
2024-06-10T11:32:46,75.631454,-77.045364,nan
2024-06-10T11:32:45,75.631500,-77.045349,nan
2024-06-10T11:32:45,75.631538,-77.045326,nan
2024-06-10T11:32:44,75.631584,-77.045311,nan
2024-06-10T11:32:44,75.631622,-77.045288,nan
2024-06-10T11:32:43,75.631668,-77.045273,nan
2024-06-10T11:32:43,75.631706,-77.045250,nan
2024-06-10T11:32:42,75.631744,-77.045227,nan
2024-06-10T11:32:42,75.631790,-77.045212,nan
2024-06-10T11:32:41,75.631828,-77.045189,nan
2024-06-10T11:32:41,75.631866,-77.045166,nan
2024-06-10T11:32:40,75.631912,-77.045143,nan
2024-06-10T11:32:40,75.631950,-77.045120,nan
2024-06-10T11:32:39,75.631996,-77.045097,nan
2024-06-10T11:32:39,75.632034,-77.045074,nan
2024-06-10T11:32:38,75.632080,-77.045052,nan
2024-06-10T11:32:38,75.632118,-77.045029,nan
2024-06-10T11:32:37,75.632164,-77.045006,nan
2024-06-10T11:32:37,75.632202,-77.044991,nan
2024-06-10T11:32:36,75.632248,-77.044968,nan
2024-06-10T11:32:36,75.632286,-77.044952,nan
2024-06-10T11:32:35,75.632324,-77.044945,nan
2024-06-10T11:32:35,75.632362,-77.044930,nan
2024-06-10T11:32:34,75.632408,-77.044914,nan
2024-06-10T11:32:34,75.632446,-77.044899,nan
2024-06-10T11:32:33,75.632484,-77.044891,nan
2024-06-10T11:32:33,75.632523,-77.044876,nan
2024-06-10T11:32:32,75.632561,-77.044861,nan
2024-06-10T11:32:32,75.632607,-77.044853,nan
2024-06-10T11:32:31,75.632645,-77.044838,nan
2024-06-10T11:32:31,75.632683,-77.044830,nan
2024-06-10T11:32:30,75.632721,-77.044823,nan
2024-06-10T11:32:30,75.632767,-77.044815,nan
2024-06-10T11:32:29,75.632805,-77.044815,nan
2024-06-10T11:32:29,75.632843,-77.044807,nan
2024-06-10T11:32:28,75.632881,-77.044815,nan
2024-06-10T11:32:28,75.632919,-77.044815,nan
2024-06-10T11:32:27,75.632965,-77.044823,nan
2024-06-10T11:32:27,75.633003,-77.044830,nan
2024-06-10T11:32:26,75.633041,-77.044838,nan
2024-06-10T11:32:26,75.633080,-77.044846,nan
2024-06-10T11:32:25,75.633118,-77.044853,nan
2024-06-10T11:32:25,75.633163,-77.044853,nan
2024-06-10T11:32:24,75.633202,-77.044861,nan
2024-06-10T11:32:24,75.633240,-77.044861,nan
2024-06-10T11:32:23,75.633278,-77.044868,nan
2024-06-10T11:32:23,75.633316,-77.044876,nan
2024-06-10T11:32:22,75.633354,-77.044884,nan
2024-06-10T11:32:22,75.633385,-77.044891,nan
2024-06-10T11:32:21,75.633423,-77.044899,nan
2024-06-10T11:32:21,75.633461,-77.044907,nan
2024-06-10T11:32:20,75.633499,-77.044914,nan
2024-06-10T11:32:20,75.633537,-77.044922,nan
2024-06-10T11:32:19,75.633575,-77.044937,nan
2024-06-10T11:32:19,75.633614,-77.044945,nan
2024-06-10T11:32:18,75.633652,-77.044952,nan
2024-06-10T11:32:18,75.633690,-77.044960,nan
2024-06-10T11:32:17,75.633728,-77.044968,nan
2024-06-10T11:32:17,75.633766,-77.044975,nan
2024-06-10T11:32:16,75.633804,-77.044983,nan
2024-06-10T11:32:16,75.633835,-77.044983,nan
2024-06-10T11:32:15,75.633873,-77.044983,nan
2024-06-10T11:32:15,75.633904,-77.044983,nan
2024-06-10T11:32:14,75.633934,-77.044975,nan
2024-06-10T11:32:14,75.633965,-77.044968,nan
2024-06-10T11:32:13,75.633995,-77.044960,nan
2024-06-10T11:32:13,75.634018,-77.044952,nan
2024-06-10T11:32:12,75.634048,-77.044945,nan
2024-06-10T11:32:12,75.634071,-77.044945,nan
2024-06-10T11:32:11,75.634102,-77.044945,nan
2024-06-10T11:32:11,75.634132,-77.044945,nan
2024-06-10T11:32:10,75.634155,-77.044945,nan
2024-06-10T11:32:10,75.634186,-77.044952,nan
2024-06-10T11:32:09,75.634216,-77.044952,nan
2024-06-10T11:32:09,75.634239,-77.044952,nan
2024-06-10T11:32:08,75.634270,-77.044960,nan
2024-06-10T11:32:08,75.634300,-77.044968,nan
2024-06-10T11:32:07,75.634331,-77.044975,nan
2024-06-10T11:32:07,75.634354,-77.044983,nan
2024-06-10T11:32:06,75.634384,-77.044998,nan
2024-06-10T11:32:06,75.634415,-77.045013,nan
2024-06-10T11:32:05,75.634445,-77.045029,nan
2024-06-10T11:32:05,75.634476,-77.045044,nan
2024-06-10T11:32:04,75.634514,-77.045067,nan
2024-06-10T11:32:04,75.634544,-77.045082,nan
2024-06-10T11:32:03,75.634575,-77.045105,nan
2024-06-10T11:32:03,75.634605,-77.045128,nan
2024-06-10T11:32:02,75.634644,-77.045151,nan
2024-06-10T11:32:02,75.634674,-77.045181,nan
2024-06-10T11:32:01,75.634705,-77.045204,nan
2024-06-10T11:32:01,75.634743,-77.045235,nan
2024-06-10T11:32:00,75.634773,-77.045265,nan
2024-06-10T11:32:00,75.634811,-77.045303,nan
2024-06-10T11:31:59,75.634842,-77.045334,nan
2024-06-10T11:31:59,75.634872,-77.045372,nan
2024-06-10T11:31:58,75.634911,-77.045410,nan
2024-06-10T11:31:58,75.634941,-77.045456,nan
2024-06-10T11:31:57,75.634972,-77.045494,nan
2024-06-10T11:31:57,75.635010,-77.045532,nan
2024-06-10T11:31:56,75.635040,-77.045570,nan
2024-06-10T11:31:56,75.635071,-77.045616,nan
2024-06-10T11:31:55,75.635109,-77.045654,nan
2024-06-10T11:31:55,75.635139,-77.045692,nan
2024-06-10T11:31:54,75.635170,-77.045731,nan
2024-06-10T11:31:54,75.635201,-77.045769,nan
2024-06-10T11:31:53,75.635239,-77.045807,nan
2024-06-10T11:31:53,75.635269,-77.045837,nan
2024-06-10T11:31:52,75.635300,-77.045876,nan
2024-06-10T11:31:52,75.635330,-77.045898,nan
2024-06-10T11:31:51,75.635361,-77.045929,nan
2024-06-10T11:31:51,75.635391,-77.045959,nan
2024-06-10T11:31:50,75.635422,-77.045982,nan
2024-06-10T11:31:50,75.635445,-77.046005,nan
2024-06-10T11:31:49,75.635475,-77.046028,nan
2024-06-10T11:31:49,75.635498,-77.046043,nan
2024-06-10T11:31:48,75.635529,-77.046059,nan
2024-06-10T11:31:48,75.635551,-77.046074,nan
2024-06-10T11:31:47,75.635574,-77.046089,nan
2024-06-10T11:31:47,75.635597,-77.046104,nan
2024-06-10T11:31:46,75.635628,-77.046120,nan
2024-06-10T11:31:46,75.635651,-77.046135,nan
2024-06-10T11:31:45,75.635674,-77.046150,nan
2024-06-10T11:31:45,75.635696,-77.046165,nan
2024-06-10T11:31:44,75.635727,-77.046181,nan
2024-06-10T11:31:44,75.635750,-77.046196,nan
2024-06-10T11:31:43,75.635780,-77.046211,nan
2024-06-10T11:31:43,75.635803,-77.046227,nan
2024-06-10T11:31:42,75.635826,-77.046234,nan
2024-06-10T11:31:42,75.635857,-77.046242,nan
2024-06-10T11:31:41,75.635880,-77.046242,nan
2024-06-10T11:31:41,75.635902,-77.046249,nan
2024-06-10T11:31:40,75.635925,-77.046242,nan
2024-06-10T11:31:40,75.635948,-77.046242,nan
2024-06-10T11:31:39,75.635971,-77.046234,nan
2024-06-10T11:31:39,75.635994,-77.046227,nan
2024-06-10T11:31:38,75.636017,-77.046211,nan
2024-06-10T11:31:38,75.636040,-77.046204,nan
2024-06-10T11:31:37,75.636063,-77.046188,nan
2024-06-10T11:31:37,75.636086,-77.046173,nan
2024-06-10T11:31:36,75.636101,-77.046165,nan
2024-06-10T11:31:36,75.636124,-77.046143,nan
2024-06-10T11:31:35,75.636147,-77.046127,nan
2024-06-10T11:31:35,75.636169,-77.046112,nan
2024-06-10T11:31:34,75.636192,-77.046089,nan
2024-06-10T11:31:34,75.636215,-77.046074,nan
2024-06-10T11:31:33,75.636230,-77.046051,nan
2024-06-10T11:31:33,75.636253,-77.046036,nan
2024-06-10T11:31:32,75.636276,-77.046013,nan
2024-06-10T11:31:32,75.636299,-77.045998,nan
2024-06-10T11:31:31,75.636314,-77.045975,nan
2024-06-10T11:31:31,75.636337,-77.045959,nan
2024-06-10T11:31:30,75.636360,-77.045937,nan
2024-06-10T11:31:30,75.636383,-77.045914,nan
2024-06-10T11:31:29,75.636406,-77.045883,nan
2024-06-10T11:31:29,75.636429,-77.045860,nan
2024-06-10T11:31:28,75.636452,-77.045830,nan
2024-06-10T11:31:28,75.636482,-77.045799,nan
2024-06-10T11:31:27,75.636505,-77.045769,nan
2024-06-10T11:31:27,75.636528,-77.045731,nan
2024-06-10T11:31:26,75.636559,-77.045700,nan
2024-06-10T11:31:26,75.636581,-77.045654,nan
2024-06-10T11:31:25,75.636612,-77.045616,nan
2024-06-10T11:31:25,75.636635,-77.045570,nan
2024-06-10T11:31:24,75.636665,-77.045525,nan
2024-06-10T11:31:24,75.636688,-77.045479,nan
2024-06-10T11:31:23,75.636719,-77.045433,nan
2024-06-10T11:31:23,75.636749,-77.045387,nan
2024-06-10T11:31:22,75.636780,-77.045341,nan
2024-06-10T11:31:22,75.636803,-77.045296,nan
2024-06-10T11:31:21,75.636833,-77.045250,nan
2024-06-10T11:31:21,75.636864,-77.045212,nan
2024-06-10T11:31:20,75.636887,-77.045166,nan
2024-06-10T11:31:20,75.636917,-77.045120,nan
2024-06-10T11:31:19,75.636948,-77.045074,nan
2024-06-10T11:31:19,75.636978,-77.045036,nan
2024-06-10T11:31:18,75.637001,-77.044991,nan
2024-06-10T11:31:18,75.637032,-77.044945,nan
2024-06-10T11:31:17,75.637062,-77.044907,nan
2024-06-10T11:31:17,75.637093,-77.044861,nan
2024-06-10T11:31:16,75.637123,-77.044823,nan
2024-06-10T11:31:16,75.637146,-77.044785,nan
2024-06-10T11:31:15,75.637177,-77.044739,nan
2024-06-10T11:31:15,75.637207,-77.044701,nan
2024-06-10T11:31:14,75.637238,-77.044662,nan
2024-06-10T11:31:14,75.637268,-77.044624,nan
2024-06-10T11:31:13,75.637299,-77.044579,nan
2024-06-10T11:31:13,75.637329,-77.044540,nan
2024-06-10T11:31:12,75.637360,-77.044495,nan
2024-06-10T11:31:12,75.637390,-77.044456,nan
2024-06-10T11:31:11,75.637421,-77.044411,nan
2024-06-10T11:31:11,75.637451,-77.044365,nan
2024-06-10T11:31:10,75.637489,-77.044319,nan
2024-06-10T11:31:10,75.637520,-77.044273,nan
2024-06-10T11:31:09,75.637550,-77.044228,nan
2024-06-10T11:31:09,75.637581,-77.044182,nan
2024-06-10T11:31:08,75.637611,-77.044136,nan
2024-06-10T11:31:08,75.637650,-77.044090,nan
2024-06-10T11:31:07,75.637680,-77.044044,nan
2024-06-10T11:31:07,75.637711,-77.043999,nan
2024-06-10T11:31:06,75.637749,-77.043953,nan
2024-06-10T11:31:06,75.637779,-77.043907,nan
2024-06-10T11:31:05,75.637817,-77.043861,nan
2024-06-10T11:31:05,75.637848,-77.043816,nan
2024-06-10T11:31:04,75.637878,-77.043770,nan
2024-06-10T11:31:04,75.637917,-77.043724,nan
2024-06-10T11:31:03,75.637947,-77.043686,nan
2024-06-10T11:31:03,75.637985,-77.043640,nan
2024-06-10T11:31:02,75.638016,-77.043602,nan
2024-06-10T11:31:02,75.638046,-77.043556,nan
2024-06-10T11:31:01,75.638084,-77.043518,nan
2024-06-10T11:31:01,75.638115,-77.043480,nan
2024-06-10T11:31:00,75.638145,-77.043442,nan
2024-06-10T11:31:00,75.638176,-77.043404,nan
2024-06-10T11:30:59,75.638206,-77.043365,nan
2024-06-10T11:30:59,75.638237,-77.043335,nan
2024-06-10T11:30:58,75.638268,-77.043297,nan
2024-06-10T11:30:58,75.638298,-77.043259,nan
2024-06-10T11:30:57,75.638329,-77.043221,nan
2024-06-10T11:30:57,75.638359,-77.043182,nan
2024-06-10T11:30:56,75.638382,-77.043144,nan
2024-06-10T11:30:56,75.638412,-77.043106,nan
2024-06-10T11:30:55,75.638435,-77.043068,nan
2024-06-10T11:30:55,75.638466,-77.043030,nan
2024-06-10T11:30:54,75.638489,-77.042999,nan
2024-06-10T11:30:54,75.638519,-77.042961,nan
2024-06-10T11:30:53,75.638542,-77.042923,nan
2024-06-10T11:30:53,75.638565,-77.042885,nan
2024-06-10T11:30:52,75.638596,-77.042847,nan
2024-06-10T11:30:52,75.638618,-77.042809,nan
2024-06-10T11:30:51,75.638641,-77.042770,nan
2024-06-10T11:30:51,75.638672,-77.042725,nan
2024-06-10T11:30:50,75.638695,-77.042686,nan
2024-06-10T11:30:50,75.638718,-77.042648,nan
2024-06-10T11:30:49,75.638748,-77.042610,nan
2024-06-10T11:30:49,75.638771,-77.042564,nan
2024-06-10T11:30:48,75.638802,-77.042526,nan
2024-06-10T11:30:48,75.638824,-77.042480,nan
2024-06-10T11:30:47,75.638855,-77.042435,nan
2024-06-10T11:30:47,75.638878,-77.042397,nan
2024-06-10T11:30:46,75.638908,-77.042351,nan
2024-06-10T11:30:46,75.638931,-77.042313,nan
2024-06-10T11:30:45,75.638962,-77.042259,nan
2024-06-10T11:30:45,75.638992,-77.042213,nan
2024-06-10T11:30:44,75.639015,-77.042168,nan
2024-06-10T11:30:44,75.639046,-77.042114,nan
2024-06-10T11:30:43,75.639076,-77.042068,nan
2024-06-10T11:30:43,75.639107,-77.042015,nan
2024-06-10T11:30:42,75.639137,-77.041962,nan
2024-06-10T11:30:42,75.639168,-77.041908,nan
2024-06-10T11:30:41,75.639198,-77.041847,nan
2024-06-10T11:30:41,75.639229,-77.041794,nan
2024-06-10T11:30:40,75.639259,-77.041740,nan
2024-06-10T11:30:40,75.639290,-77.041679,nan
2024-06-10T11:30:39,75.639320,-77.041626,nan
2024-06-10T11:30:39,75.639351,-77.041565,nan
2024-06-10T11:30:38,75.639381,-77.041512,nan
2024-06-10T11:30:38,75.639412,-77.041451,nan
2024-06-10T11:30:37,75.639442,-77.041397,nan
2024-06-10T11:30:37,75.639473,-77.041336,nan
2024-06-10T11:30:36,75.639503,-77.041275,nan
2024-06-10T11:30:36,75.639542,-77.041222,nan
2024-06-10T11:30:35,75.639572,-77.041161,nan
2024-06-10T11:30:35,75.639603,-77.041100,nan
2024-06-10T11:30:34,75.639641,-77.041039,nan
2024-06-10T11:30:34,75.639671,-77.040985,nan
2024-06-10T11:30:33,75.639709,-77.040924,nan
2024-06-10T11:30:33,75.639740,-77.040871,nan
2024-06-10T11:30:32,75.639778,-77.040810,nan
2024-06-10T11:30:32,75.639816,-77.040749,nan
2024-06-10T11:30:31,75.639847,-77.040695,nan
2024-06-10T11:30:31,75.639885,-77.040634,nan
2024-06-10T11:30:30,75.639923,-77.040573,nan
2024-06-10T11:30:30,75.639961,-77.040512,nan
2024-06-10T11:30:29,75.639992,-77.040451,nan
2024-06-10T11:30:29,75.640030,-77.040390,nan
2024-06-10T11:30:28,75.640060,-77.040321,nan
2024-06-10T11:30:28,75.640099,-77.040253,nan
2024-06-10T11:30:27,75.640129,-77.040176,nan
2024-06-10T11:30:27,75.640160,-77.040108,nan
2024-06-10T11:30:26,75.640182,-77.040024,nan
2024-06-10T11:30:26,75.640213,-77.039948,nan
2024-06-10T11:30:25,75.640244,-77.039864,nan
2024-06-10T11:30:25,75.640274,-77.039787,nan
2024-06-10T11:30:24,75.640297,-77.039711,nan
2024-06-10T11:30:24,75.640327,-77.039627,nan
2024-06-10T11:30:23,75.640358,-77.039551,nan
2024-06-10T11:30:23,75.640388,-77.039474,nan
2024-06-10T11:30:22,75.640419,-77.039398,nan
2024-06-10T11:30:22,75.640450,-77.039322,nan
2024-06-10T11:30:21,75.640472,-77.039246,nan
2024-06-10T11:30:21,75.640503,-77.039169,nan
2024-06-10T11:30:20,75.640533,-77.039101,nan
2024-06-10T11:30:20,75.640564,-77.039024,nan
2024-06-10T11:30:19,75.640594,-77.038956,nan
2024-06-10T11:30:19,75.640625,-77.038887,nan
2024-06-10T11:30:18,75.640656,-77.038818,nan
2024-06-10T11:30:18,75.640686,-77.038750,nan
2024-06-10T11:30:17,75.640717,-77.038681,nan
2024-06-10T11:30:17,75.640739,-77.038620,nan
2024-06-10T11:30:16,75.640770,-77.038551,nan
2024-06-10T11:30:16,75.640800,-77.038490,nan
2024-06-10T11:30:15,75.640831,-77.038422,nan
2024-06-10T11:30:15,75.640854,-77.038361,nan
2024-06-10T11:30:14,75.640884,-77.038300,nan
2024-06-10T11:30:14,75.640915,-77.038239,nan
2024-06-10T11:30:13,75.640945,-77.038177,nan
2024-06-10T11:30:13,75.640968,-77.038116,nan
2024-06-10T11:30:12,75.640999,-77.038063,nan
2024-06-10T11:30:12,75.641022,-77.038002,nan
2024-06-10T11:30:11,75.641052,-77.037949,nan
2024-06-10T11:30:11,75.641083,-77.037895,nan
2024-06-10T11:30:10,75.641106,-77.037842,nan
2024-06-10T11:30:10,75.641136,-77.037781,nan
2024-06-10T11:30:09,75.641159,-77.037727,nan
2024-06-10T11:30:09,75.641190,-77.037674,nan
2024-06-10T11:30:08,75.641212,-77.037621,nan
2024-06-10T11:30:08,75.641235,-77.037560,nan
2024-06-10T11:30:07,75.641266,-77.037506,nan
2024-06-10T11:30:07,75.641289,-77.037453,nan
2024-06-10T11:30:06,75.641319,-77.037392,nan
2024-06-10T11:30:06,75.641350,-77.037331,nan
2024-06-10T11:30:05,75.641373,-77.037277,nan
2024-06-10T11:30:05,75.641403,-77.037216,nan
2024-06-10T11:30:04,75.641426,-77.037163,nan
2024-06-10T11:30:04,75.641457,-77.037102,nan
2024-06-10T11:30:03,75.641479,-77.037048,nan
2024-06-10T11:30:03,75.641510,-77.036995,nan
2024-06-10T11:30:02,75.641541,-77.036934,nan
2024-06-10T11:30:02,75.641563,-77.036880,nan
2024-06-10T11:30:01,75.641594,-77.036819,nan
2024-06-10T11:30:01,75.641617,-77.036758,nan
2024-06-10T11:30:00,75.641647,-77.036697,nan
2024-06-10T11:30:00,75.641670,-77.036636,nan
2024-06-10T11:29:59,75.641701,-77.036583,nan
2024-06-10T11:29:59,75.641724,-77.036522,nan
2024-06-10T11:29:58,75.641754,-77.036461,nan
2024-06-10T11:29:58,75.641777,-77.036400,nan
2024-06-10T11:29:57,75.641800,-77.036339,nan
2024-06-10T11:29:57,75.641830,-77.036278,nan
2024-06-10T11:29:56,75.641853,-77.036217,nan
2024-06-10T11:29:56,75.641876,-77.036156,nan
2024-06-10T11:29:55,75.641907,-77.036095,nan
2024-06-10T11:29:55,75.641930,-77.036034,nan
2024-06-10T11:29:54,75.641953,-77.035973,nan
2024-06-10T11:29:54,75.641975,-77.035912,nan
2024-06-10T11:29:53,75.641998,-77.035858,nan
2024-06-10T11:29:53,75.642021,-77.035805,nan
2024-06-10T11:29:52,75.642044,-77.035744,nan
2024-06-10T11:29:52,75.642067,-77.035690,nan
2024-06-10T11:29:51,75.642082,-77.035637,nan
2024-06-10T11:29:51,75.642105,-77.035583,nan
2024-06-10T11:29:50,75.642128,-77.035530,nan
2024-06-10T11:29:50,75.642151,-77.035477,nan
2024-06-10T11:29:49,75.642174,-77.035416,nan
2024-06-10T11:29:49,75.642189,-77.035362,nan
2024-06-10T11:29:48,75.642212,-77.035301,nan
2024-06-10T11:29:48,75.642235,-77.035248,nan
2024-06-10T11:29:47,75.642250,-77.035194,nan
2024-06-10T11:29:47,75.642273,-77.035133,nan
2024-06-10T11:29:46,75.642288,-77.035080,nan
2024-06-10T11:29:46,75.642311,-77.035019,nan
2024-06-10T11:29:45,75.642334,-77.034958,nan
2024-06-10T11:29:45,75.642349,-77.034889,nan
2024-06-10T11:29:44,75.642372,-77.034828,nan
2024-06-10T11:29:44,75.642395,-77.034760,nan
2024-06-10T11:29:43,75.642418,-77.034683,nan
2024-06-10T11:29:43,75.642441,-77.034615,nan
2024-06-10T11:29:42,75.642464,-77.034538,nan
2024-06-10T11:29:42,75.642487,-77.034454,nan
2024-06-10T11:29:41,75.642509,-77.034378,nan
2024-06-10T11:29:41,75.642532,-77.034294,nan
2024-06-10T11:29:40,75.642563,-77.034210,nan
2024-06-10T11:29:40,75.642586,-77.034134,nan
2024-06-10T11:29:39,75.642609,-77.034050,nan
2024-06-10T11:29:39,75.642639,-77.033966,nan
2024-06-10T11:29:38,75.642662,-77.033890,nan
2024-06-10T11:29:38,75.642685,-77.033806,nan
2024-06-10T11:29:37,75.642700,-77.033722,nan
2024-06-10T11:29:37,75.642723,-77.033638,nan
2024-06-10T11:29:36,75.642746,-77.033562,nan
2024-06-10T11:29:36,75.642769,-77.033485,nan
2024-06-10T11:29:35,75.642792,-77.033409,nan
2024-06-10T11:29:35,75.642807,-77.033340,nan
2024-06-10T11:29:34,75.642830,-77.033264,nan
2024-06-10T11:29:34,75.642845,-77.033195,nan
2024-06-10T11:29:33,75.642868,-77.033119,nan
2024-06-10T11:29:33,75.642883,-77.033043,nan
2024-06-10T11:29:32,75.642899,-77.032974,nan
2024-06-10T11:29:32,75.642921,-77.032898,nan
2024-06-10T11:29:31,75.642937,-77.032822,nan
2024-06-10T11:29:31,75.642952,-77.032745,nan
2024-06-10T11:29:30,75.642975,-77.032677,nan
2024-06-10T11:29:30,75.642990,-77.032600,nan
2024-06-10T11:29:29,75.643005,-77.032524,nan
2024-06-10T11:29:29,75.643028,-77.032448,nan
2024-06-10T11:29:28,75.643044,-77.032372,nan
2024-06-10T11:29:28,75.643066,-77.032295,nan
2024-06-10T11:29:27,75.643082,-77.032219,nan
2024-06-10T11:29:27,75.643105,-77.032143,nan
2024-06-10T11:29:26,75.643120,-77.032066,nan
2024-06-10T11:29:26,75.643143,-77.031982,nan
2024-06-10T11:29:25,75.643158,-77.031898,nan
2024-06-10T11:29:25,75.643181,-77.031815,nan
2024-06-10T11:29:24,75.643196,-77.031731,nan
2024-06-10T11:29:24,75.643219,-77.031639,nan
2024-06-10T11:29:23,75.643234,-77.031555,nan
2024-06-10T11:29:23,75.643257,-77.031471,nan
2024-06-10T11:29:22,75.643280,-77.031387,nan
2024-06-10T11:29:22,75.643295,-77.031311,nan
2024-06-10T11:29:21,75.643318,-77.031227,nan
2024-06-10T11:29:21,75.643341,-77.031151,nan
2024-06-10T11:29:20,75.643364,-77.031075,nan
2024-06-10T11:29:20,75.643379,-77.030998,nan
2024-06-10T11:29:19,75.643402,-77.030930,nan
2024-06-10T11:29:19,75.643425,-77.030853,nan
2024-06-10T11:29:18,75.643448,-77.030785,nan
2024-06-10T11:29:18,75.643471,-77.030716,nan
2024-06-10T11:29:17,75.643494,-77.030647,nan
2024-06-10T11:29:17,75.643509,-77.030579,nan
2024-06-10T11:29:16,75.643532,-77.030518,nan
2024-06-10T11:29:16,75.643555,-77.030449,nan
2024-06-10T11:29:15,75.643578,-77.030380,nan
2024-06-10T11:29:15,75.643600,-77.030312,nan
2024-06-10T11:29:14,75.643623,-77.030235,nan
2024-06-10T11:29:14,75.643639,-77.030167,nan
2024-06-10T11:29:13,75.643661,-77.030090,nan
2024-06-10T11:29:13,75.643684,-77.030022,nan
2024-06-10T11:29:12,75.643715,-77.029945,nan
2024-06-10T11:29:12,75.643738,-77.029861,nan
2024-06-10T11:29:11,75.643761,-77.029785,nan
2024-06-10T11:29:11,75.643784,-77.029701,nan
2024-06-10T11:29:10,75.643806,-77.029633,nan
2024-06-10T11:29:10,75.643829,-77.029556,nan
2024-06-10T11:29:09,75.643852,-77.029488,nan
2024-06-10T11:29:09,75.643883,-77.029411,nan
2024-06-10T11:29:08,75.643906,-77.029343,nan
2024-06-10T11:29:08,75.643929,-77.029266,nan
2024-06-10T11:29:07,75.643944,-77.029198,nan
2024-06-10T11:29:07,75.643967,-77.029114,nan
2024-06-10T11:29:06,75.643990,-77.029037,nan
2024-06-10T11:29:06,75.644012,-77.028954,nan
2024-06-10T11:29:05,75.644028,-77.028870,nan
2024-06-10T11:29:05,75.644051,-77.028778,nan
2024-06-10T11:29:04,75.644066,-77.028679,nan
2024-06-10T11:29:04,75.644089,-77.028580,nan
2024-06-10T11:29:03,75.644112,-77.028481,nan
2024-06-10T11:29:03,75.644127,-77.028366,nan
2024-06-10T11:29:02,75.644150,-77.028259,nan
2024-06-10T11:29:02,75.644173,-77.028145,nan
2024-06-10T11:29:01,75.644196,-77.028030,nan
2024-06-10T11:29:01,75.644211,-77.027916,nan
2024-06-10T11:29:00,75.644234,-77.027802,nan
2024-06-10T11:29:00,75.644257,-77.027687,nan
2024-06-10T11:28:59,75.644279,-77.027573,nan
2024-06-10T11:28:59,75.644302,-77.027458,nan
2024-06-10T11:28:58,75.644325,-77.027344,nan
2024-06-10T11:28:58,75.644341,-77.027229,nan
2024-06-10T11:28:57,75.644363,-77.027122,nan
2024-06-10T11:28:57,75.644386,-77.027008,nan
2024-06-10T11:28:56,75.644409,-77.026894,nan
2024-06-10T11:28:56,75.644432,-77.026779,nan
2024-06-10T11:28:55,75.644455,-77.026665,nan
2024-06-10T11:28:55,75.644478,-77.026550,nan
2024-06-10T11:28:54,75.644501,-77.026443,nan
2024-06-10T11:28:54,75.644524,-77.026329,nan
2024-06-10T11:28:53,75.644547,-77.026222,nan
2024-06-10T11:28:53,75.644569,-77.026115,nan
2024-06-10T11:28:52,75.644592,-77.026001,nan
2024-06-10T11:28:52,75.644615,-77.025902,nan
2024-06-10T11:28:51,75.644638,-77.025795,nan
2024-06-10T11:28:51,75.644653,-77.025688,nan
2024-06-10T11:28:50,75.644676,-77.025589,nan
2024-06-10T11:28:50,75.644699,-77.025490,nan
2024-06-10T11:28:49,75.644722,-77.025391,nan
2024-06-10T11:28:49,75.644737,-77.025291,nan
2024-06-10T11:28:48,75.644760,-77.025192,nan
2024-06-10T11:28:48,75.644783,-77.025093,nan
2024-06-10T11:28:47,75.644798,-77.024994,nan
2024-06-10T11:28:47,75.644821,-77.024895,nan
2024-06-10T11:28:46,75.644836,-77.024796,nan
2024-06-10T11:28:46,75.644859,-77.024696,nan
2024-06-10T11:28:45,75.644875,-77.024590,nan
2024-06-10T11:28:45,75.644890,-77.024483,nan
2024-06-10T11:28:44,75.644913,-77.024376,nan
2024-06-10T11:28:44,75.644928,-77.024269,nan
2024-06-10T11:28:43,75.644951,-77.024155,nan
2024-06-10T11:28:43,75.644966,-77.024048,nan
2024-06-10T11:28:42,75.644981,-77.023926,nan
2024-06-10T11:28:42,75.645004,-77.023811,nan
2024-06-10T11:28:41,75.645020,-77.023689,nan
2024-06-10T11:28:41,75.645042,-77.023567,nan
2024-06-10T11:28:40,75.645058,-77.023453,nan
2024-06-10T11:28:40,75.645073,-77.023331,nan
2024-06-10T11:28:39,75.645096,-77.023209,nan
2024-06-10T11:28:39,75.645111,-77.023087,nan
2024-06-10T11:28:38,75.645126,-77.022964,nan
2024-06-10T11:28:38,75.645149,-77.022842,nan
2024-06-10T11:28:37,75.645164,-77.022713,nan
2024-06-10T11:28:37,75.645180,-77.022583,nan
2024-06-10T11:28:36,75.645203,-77.022461,nan
2024-06-10T11:28:36,75.645218,-77.022331,nan
2024-06-10T11:28:35,75.645241,-77.022194,nan
2024-06-10T11:28:35,75.645256,-77.022064,nan
2024-06-10T11:28:34,75.645271,-77.021927,nan
2024-06-10T11:28:34,75.645287,-77.021790,nan
2024-06-10T11:28:33,75.645309,-77.021652,nan
2024-06-10T11:28:33,75.645325,-77.021515,nan
2024-06-10T11:28:32,75.645340,-77.021378,nan
2024-06-10T11:28:32,75.645363,-77.021240,nan
2024-06-10T11:28:31,75.645378,-77.021103,nan
2024-06-10T11:28:31,75.645393,-77.020966,nan
2024-06-10T11:28:30,75.645409,-77.020828,nan
2024-06-10T11:28:30,75.645424,-77.020691,nan
2024-06-10T11:28:29,75.645439,-77.020554,nan
2024-06-10T11:28:29,75.645454,-77.020416,nan
2024-06-10T11:28:28,75.645470,-77.020279,nan
2024-06-10T11:28:28,75.645477,-77.020142,nan
2024-06-10T11:28:27,75.645493,-77.020012,nan
2024-06-10T11:28:27,75.645508,-77.019875,nan
2024-06-10T11:28:26,75.645515,-77.019737,nan
2024-06-10T11:28:26,75.645523,-77.019600,nan
2024-06-10T11:28:25,75.645538,-77.019463,nan
2024-06-10T11:28:25,75.645546,-77.019325,nan
2024-06-10T11:28:24,75.645554,-77.019188,nan
2024-06-10T11:28:24,75.645561,-77.019051,nan
2024-06-10T11:28:23,75.645569,-77.018913,nan
2024-06-10T11:28:23,75.645584,-77.018768,nan
2024-06-10T11:28:22,75.645592,-77.018631,nan
2024-06-10T11:28:22,75.645599,-77.018494,nan
2024-06-10T11:28:21,75.645607,-77.018349,nan
2024-06-10T11:28:21,75.645615,-77.018211,nan
2024-06-10T11:28:20,75.645622,-77.018074,nan
2024-06-10T11:28:20,75.645622,-77.017929,nan
2024-06-10T11:28:19,75.645630,-77.017792,nan
2024-06-10T11:28:19,75.645638,-77.017647,nan
2024-06-10T11:28:18,75.645645,-77.017509,nan
2024-06-10T11:28:18,75.645653,-77.017365,nan
2024-06-10T11:28:17,75.645653,-77.017220,nan
2024-06-10T11:28:17,75.645660,-77.017075,nan
2024-06-10T11:28:16,75.645660,-77.016922,nan
2024-06-10T11:28:16,75.645668,-77.016777,nan
2024-06-10T11:28:15,75.645676,-77.016624,nan
2024-06-10T11:28:15,75.645676,-77.016479,nan
2024-06-10T11:28:14,75.645683,-77.016327,nan
2024-06-10T11:28:14,75.645691,-77.016182,nan
2024-06-10T11:28:13,75.645691,-77.016029,nan
2024-06-10T11:28:13,75.645699,-77.015877,nan
2024-06-10T11:28:12,75.645706,-77.015724,nan
2024-06-10T11:28:12,75.645714,-77.015572,nan
2024-06-10T11:28:11,75.645714,-77.015427,nan
2024-06-10T11:28:11,75.645721,-77.015274,nan
2024-06-10T11:28:10,75.645729,-77.015121,nan
2024-06-10T11:28:10,75.645737,-77.014969,nan
2024-06-10T11:28:09,75.645744,-77.014816,nan
2024-06-10T11:28:09,75.645752,-77.014656,nan
2024-06-10T11:28:08,75.645760,-77.014503,nan
2024-06-10T11:28:08,75.645760,-77.014343,nan
2024-06-10T11:28:07,75.645767,-77.014183,nan
2024-06-10T11:28:07,75.645775,-77.014023,nan
2024-06-10T11:28:06,75.645782,-77.013863,nan
2024-06-10T11:28:06,75.645790,-77.013702,nan
2024-06-10T11:28:05,75.645798,-77.013535,nan
2024-06-10T11:28:05,75.645798,-77.013374,nan
2024-06-10T11:28:04,75.645805,-77.013206,nan
2024-06-10T11:28:04,75.645813,-77.013039,nan
2024-06-10T11:28:03,75.645821,-77.012878,nan
2024-06-10T11:28:03,75.645828,-77.012711,nan
2024-06-10T11:28:02,75.645836,-77.012543,nan
2024-06-10T11:28:02,75.645844,-77.012375,nan
2024-06-10T11:28:01,75.645851,-77.012207,nan
2024-06-10T11:28:01,75.645859,-77.012039,nan
2024-06-10T11:28:00,75.645866,-77.011871,nan
2024-06-10T11:28:00,75.645874,-77.011703,nan
2024-06-10T11:27:59,75.645882,-77.011536,nan
2024-06-10T11:27:59,75.645889,-77.011368,nan
2024-06-10T11:27:58,75.645905,-77.011200,nan
2024-06-10T11:27:58,75.645912,-77.011032,nan
2024-06-10T11:27:57,75.645920,-77.010857,nan
2024-06-10T11:27:57,75.645927,-77.010689,nan
2024-06-10T11:27:56,75.645943,-77.010521,nan
2024-06-10T11:27:56,75.645950,-77.010353,nan
2024-06-10T11:27:55,75.645966,-77.010185,nan
2024-06-10T11:27:55,75.645973,-77.010017,nan
2024-06-10T11:27:54,75.645988,-77.009850,nan
2024-06-10T11:27:54,75.645996,-77.009682,nan
2024-06-10T11:27:53,75.646011,-77.009514,nan
2024-06-10T11:27:53,75.646027,-77.009346,nan
2024-06-10T11:27:52,75.646034,-77.009178,nan
2024-06-10T11:27:52,75.646049,-77.009010,nan
2024-06-10T11:27:51,75.646065,-77.008842,nan
2024-06-10T11:27:51,75.646080,-77.008675,nan
2024-06-10T11:27:50,75.646095,-77.008507,nan
2024-06-10T11:27:50,75.646111,-77.008339,nan
2024-06-10T11:27:49,75.646126,-77.008171,nan
2024-06-10T11:27:49,75.646141,-77.008003,nan
2024-06-10T11:27:48,75.646156,-77.007835,nan
2024-06-10T11:27:48,75.646179,-77.007668,nan
2024-06-10T11:27:47,75.646194,-77.007492,nan
2024-06-10T11:27:47,75.646217,-77.007324,nan
2024-06-10T11:27:46,75.646233,-77.007149,nan
2024-06-10T11:27:46,75.646255,-77.006973,nan
2024-06-10T11:27:45,75.646271,-77.006798,nan
2024-06-10T11:27:45,75.646294,-77.006630,nan
2024-06-10T11:27:44,75.646317,-77.006454,nan
2024-06-10T11:27:44,75.646339,-77.006287,nan
2024-06-10T11:27:43,75.646362,-77.006119,nan
2024-06-10T11:27:43,75.646378,-77.005943,nan
2024-06-10T11:27:42,75.646400,-77.005775,nan
2024-06-10T11:27:42,75.646423,-77.005600,nan
2024-06-10T11:27:41,75.646446,-77.005432,nan
2024-06-10T11:27:41,75.646469,-77.005257,nan
2024-06-10T11:27:40,75.646492,-77.005081,nan
2024-06-10T11:27:40,75.646515,-77.004913,nan
2024-06-10T11:27:39,75.646538,-77.004738,nan
2024-06-10T11:27:39,75.646561,-77.004562,nan
2024-06-10T11:27:38,75.646584,-77.004387,nan
2024-06-10T11:27:38,75.646606,-77.004219,nan
2024-06-10T11:27:37,75.646637,-77.004044,nan
2024-06-10T11:27:37,75.646660,-77.003883,nan
2024-06-10T11:27:36,75.646683,-77.003716,nan
2024-06-10T11:27:36,75.646706,-77.003548,nan
2024-06-10T11:27:35,75.646729,-77.003387,nan
2024-06-10T11:27:35,75.646751,-77.003220,nan
2024-06-10T11:27:34,75.646774,-77.003059,nan
2024-06-10T11:27:34,75.646797,-77.002899,nan
2024-06-10T11:27:33,75.646828,-77.002731,nan
2024-06-10T11:27:33,75.646851,-77.002571,nan
2024-06-10T11:27:32,75.646873,-77.002403,nan
2024-06-10T11:27:32,75.646896,-77.002235,nan
2024-06-10T11:27:31,75.646919,-77.002075,nan
2024-06-10T11:27:31,75.646942,-77.001907,nan
2024-06-10T11:27:30,75.646965,-77.001732,nan
2024-06-10T11:27:30,75.646996,-77.001564,nan
2024-06-10T11:27:29,75.647018,-77.001396,nan
2024-06-10T11:27:29,75.647041,-77.001221,nan
2024-06-10T11:27:28,75.647064,-77.001053,nan
2024-06-10T11:27:28,75.647087,-77.000877,nan
2024-06-10T11:27:27,75.647110,-77.000702,nan
2024-06-10T11:27:27,75.647133,-77.000526,nan
2024-06-10T11:27:26,75.647156,-77.000359,nan
2024-06-10T11:27:26,75.647179,-77.000183,nan
2024-06-10T11:27:25,75.647202,-77.000008,nan
2024-06-10T11:27:25,75.647224,-76.999840,nan
2024-06-10T11:27:24,75.647247,-76.999664,nan
2024-06-10T11:27:24,75.647270,-76.999489,nan
2024-06-10T11:27:23,75.647301,-76.999321,nan
2024-06-10T11:27:23,75.647324,-76.999153,nan
2024-06-10T11:27:22,75.647346,-76.998985,nan
2024-06-10T11:27:22,75.647369,-76.998817,nan
2024-06-10T11:27:21,75.647392,-76.998650,nan
2024-06-10T11:27:21,75.647423,-76.998489,nan
2024-06-10T11:27:20,75.647446,-76.998322,nan
2024-06-10T11:27:20,75.647469,-76.998161,nan
2024-06-10T11:27:19,75.647491,-76.997993,nan
2024-06-10T11:27:19,75.647522,-76.997833,nan
2024-06-10T11:27:18,75.647545,-76.997665,nan
2024-06-10T11:27:18,75.647568,-76.997490,nan
2024-06-10T11:27:17,75.647598,-76.997322,nan
2024-06-10T11:27:17,75.647621,-76.997139,nan
2024-06-10T11:27:16,75.647644,-76.996964,nan
2024-06-10T11:27:16,75.647675,-76.996780,nan
2024-06-10T11:27:15,75.647697,-76.996597,nan
2024-06-10T11:27:15,75.647728,-76.996407,nan
2024-06-10T11:27:14,75.647751,-76.996216,nan
2024-06-10T11:27:14,75.647781,-76.996017,nan
2024-06-10T11:27:13,75.647804,-76.995819,nan
2024-06-10T11:27:13,75.647835,-76.995621,nan
2024-06-10T11:27:12,75.647858,-76.995415,nan
2024-06-10T11:27:12,75.647881,-76.995209,nan
2024-06-10T11:27:11,75.647911,-76.995003,nan
2024-06-10T11:27:11,75.647934,-76.994797,nan
2024-06-10T11:27:10,75.647957,-76.994598,nan
2024-06-10T11:27:10,75.647980,-76.994392,nan
2024-06-10T11:27:09,75.648010,-76.994194,nan
2024-06-10T11:27:09,75.648033,-76.993996,nan
2024-06-10T11:27:08,75.648056,-76.993797,nan
2024-06-10T11:27:08,75.648079,-76.993599,nan
2024-06-10T11:27:07,75.648102,-76.993401,nan
2024-06-10T11:27:07,75.648125,-76.993195,nan
2024-06-10T11:27:06,75.648148,-76.992996,nan
2024-06-10T11:27:06,75.648170,-76.992790,nan
2024-06-10T11:27:05,75.648193,-76.992592,nan
2024-06-10T11:27:05,75.648224,-76.992393,nan
2024-06-10T11:27:04,75.648247,-76.992188,nan
2024-06-10T11:27:04,75.648270,-76.991982,nan
2024-06-10T11:27:03,75.648293,-76.991776,nan
2024-06-10T11:27:03,75.648323,-76.991570,nan
2024-06-10T11:27:02,75.648346,-76.991364,nan
2024-06-10T11:27:02,75.648376,-76.991158,nan
2024-06-10T11:27:01,75.648399,-76.990952,nan
2024-06-10T11:27:01,75.648430,-76.990746,nan
2024-06-10T11:27:00,75.648453,-76.990532,nan
2024-06-10T11:27:00,75.648483,-76.990326,nan
2024-06-10T11:26:59,75.648506,-76.990112,nan
2024-06-10T11:26:59,75.648537,-76.989906,nan
2024-06-10T11:26:58,75.648560,-76.989693,nan
2024-06-10T11:26:58,75.648590,-76.989479,nan
2024-06-10T11:26:57,75.648613,-76.989265,nan
2024-06-10T11:26:57,75.648643,-76.989044,nan
2024-06-10T11:26:56,75.648666,-76.988823,nan
2024-06-10T11:26:56,75.648697,-76.988602,nan
2024-06-10T11:26:55,75.648720,-76.988380,nan
2024-06-10T11:26:55,75.648750,-76.988152,nan
2024-06-10T11:26:54,75.648773,-76.987915,nan
2024-06-10T11:26:54,75.648796,-76.987686,nan
2024-06-10T11:26:53,75.648827,-76.987450,nan
2024-06-10T11:26:53,75.648849,-76.987213,nan
2024-06-10T11:26:52,75.648872,-76.986977,nan
2024-06-10T11:26:52,75.648903,-76.986732,nan
2024-06-10T11:26:51,75.648926,-76.986496,nan
2024-06-10T11:26:51,75.648956,-76.986252,nan
2024-06-10T11:26:50,75.648979,-76.986008,nan
2024-06-10T11:26:50,75.649010,-76.985764,nan
2024-06-10T11:26:49,75.649033,-76.985519,nan
2024-06-10T11:26:49,75.649063,-76.985283,nan
2024-06-10T11:26:48,75.649094,-76.985039,nan
2024-06-10T11:26:48,75.649117,-76.984795,nan
2024-06-10T11:26:47,75.649147,-76.984550,nan
2024-06-10T11:26:47,75.649178,-76.984314,nan
2024-06-10T11:26:46,75.649200,-76.984070,nan
2024-06-10T11:26:46,75.649231,-76.983833,nan
2024-06-10T11:26:45,75.649261,-76.983597,nan
2024-06-10T11:26:45,75.649284,-76.983360,nan
2024-06-10T11:26:44,75.649315,-76.983124,nan
2024-06-10T11:26:44,75.649345,-76.982887,nan
2024-06-10T11:26:43,75.649368,-76.982651,nan
2024-06-10T11:26:43,75.649399,-76.982414,nan
2024-06-10T11:26:42,75.649422,-76.982178,nan
2024-06-10T11:26:42,75.649452,-76.981941,nan
2024-06-10T11:26:41,75.649483,-76.981705,nan
2024-06-10T11:26:41,75.649513,-76.981468,nan
2024-06-10T11:26:40,75.649536,-76.981224,nan
2024-06-10T11:26:40,75.649567,-76.980988,nan
2024-06-10T11:26:39,75.649597,-76.980751,nan
2024-06-10T11:26:39,75.649628,-76.980515,nan
2024-06-10T11:26:38,75.649658,-76.980278,nan
2024-06-10T11:26:38,75.649689,-76.980042,nan
2024-06-10T11:26:37,75.649719,-76.979805,nan
2024-06-10T11:26:37,75.649750,-76.979576,nan
2024-06-10T11:26:36,75.649780,-76.979340,nan
2024-06-10T11:26:36,75.649811,-76.979103,nan
2024-06-10T11:26:35,75.649841,-76.978874,nan
2024-06-10T11:26:35,75.649879,-76.978645,nan
2024-06-10T11:26:34,75.649910,-76.978409,nan
2024-06-10T11:26:34,75.649940,-76.978180,nan
2024-06-10T11:26:33,75.649971,-76.977943,nan
2024-06-10T11:26:33,75.650002,-76.977715,nan
2024-06-10T11:26:32,75.650032,-76.977486,nan
2024-06-10T11:26:32,75.650063,-76.977257,nan
2024-06-10T11:26:31,75.650101,-76.977028,nan
2024-06-10T11:26:31,75.650131,-76.976799,nan
2024-06-10T11:26:30,75.650162,-76.976578,nan
2024-06-10T11:26:30,75.650192,-76.976349,nan
2024-06-10T11:26:29,75.650223,-76.976128,nan
2024-06-10T11:26:29,75.650253,-76.975906,nan
2024-06-10T11:26:28,75.650291,-76.975685,nan
2024-06-10T11:26:28,75.650322,-76.975464,nan
2024-06-10T11:26:27,75.650352,-76.975250,nan
2024-06-10T11:26:27,75.650391,-76.975029,nan
2024-06-10T11:26:26,75.650421,-76.974815,nan
2024-06-10T11:26:26,75.650452,-76.974602,nan
2024-06-10T11:26:25,75.650490,-76.974388,nan
2024-06-10T11:26:25,75.650520,-76.974174,nan
2024-06-10T11:26:24,75.650558,-76.973961,nan
2024-06-10T11:26:24,75.650589,-76.973747,nan
2024-06-10T11:26:23,75.650627,-76.973526,nan
2024-06-10T11:26:23,75.650658,-76.973312,nan
2024-06-10T11:26:22,75.650696,-76.973099,nan
2024-06-10T11:26:22,75.650726,-76.972885,nan
2024-06-10T11:26:21,75.650764,-76.972672,nan
2024-06-10T11:26:21,75.650795,-76.972450,nan
2024-06-10T11:26:20,75.650833,-76.972237,nan
2024-06-10T11:26:20,75.650864,-76.972015,nan
2024-06-10T11:26:19,75.650902,-76.971786,nan
2024-06-10T11:26:19,75.650932,-76.971565,nan
2024-06-10T11:26:18,75.650970,-76.971336,nan
2024-06-10T11:26:18,75.651009,-76.971100,nan
2024-06-10T11:26:17,75.651047,-76.970871,nan
2024-06-10T11:26:17,75.651077,-76.970634,nan
2024-06-10T11:26:16,75.651115,-76.970398,nan
2024-06-10T11:26:16,75.651154,-76.970161,nan
2024-06-10T11:26:15,75.651192,-76.969925,nan
2024-06-10T11:26:15,75.651230,-76.969688,nan
2024-06-10T11:26:14,75.651260,-76.969452,nan
2024-06-10T11:26:14,75.651299,-76.969208,nan
2024-06-10T11:26:13,75.651337,-76.968971,nan
2024-06-10T11:26:13,75.651375,-76.968727,nan
2024-06-10T11:26:12,75.651413,-76.968483,nan
2024-06-10T11:26:12,75.651451,-76.968231,nan
2024-06-10T11:26:11,75.651489,-76.967979,nan
2024-06-10T11:26:11,75.651527,-76.967728,nan
2024-06-10T11:26:10,75.651558,-76.967468,nan
2024-06-10T11:26:10,75.651596,-76.967209,nan
2024-06-10T11:26:09,75.651634,-76.966942,nan
2024-06-10T11:26:09,75.651672,-76.966682,nan
2024-06-10T11:26:08,75.651711,-76.966408,nan
2024-06-10T11:26:08,75.651749,-76.966141,nan
2024-06-10T11:26:07,75.651787,-76.965874,nan
2024-06-10T11:26:07,75.651825,-76.965599,nan
2024-06-10T11:26:06,75.651863,-76.965324,nan
2024-06-10T11:26:06,75.651901,-76.965050,nan
2024-06-10T11:26:05,75.651939,-76.964767,nan
2024-06-10T11:26:05,75.651978,-76.964485,nan
2024-06-10T11:26:04,75.652016,-76.964203,nan
2024-06-10T11:26:04,75.652054,-76.963921,nan
2024-06-10T11:26:03,75.652092,-76.963631,nan
2024-06-10T11:26:03,75.652130,-76.963348,nan
2024-06-10T11:26:02,75.652168,-76.963058,nan
2024-06-10T11:26:02,75.652206,-76.962769,nan
2024-06-10T11:26:01,75.652245,-76.962471,nan
2024-06-10T11:26:01,75.652275,-76.962173,nan
2024-06-10T11:26:00,75.652313,-76.961884,nan
2024-06-10T11:26:00,75.652351,-76.961578,nan
2024-06-10T11:25:59,75.652390,-76.961281,nan
2024-06-10T11:25:59,75.652428,-76.960976,nan
2024-06-10T11:25:58,75.652458,-76.960678,nan
2024-06-10T11:25:58,75.652496,-76.960373,nan
2024-06-10T11:25:57,75.652534,-76.960068,nan
2024-06-10T11:25:57,75.652573,-76.959763,nan
2024-06-10T11:25:56,75.652611,-76.959457,nan
2024-06-10T11:25:56,75.652649,-76.959152,nan
2024-06-10T11:25:55,75.652687,-76.958847,nan
2024-06-10T11:25:55,75.652725,-76.958542,nan
2024-06-10T11:25:54,75.652771,-76.958229,nan
2024-06-10T11:25:54,75.652809,-76.957916,nan
2024-06-10T11:25:53,75.652847,-76.957603,nan
2024-06-10T11:25:53,75.652885,-76.957283,nan
2024-06-10T11:25:52,75.652931,-76.956963,nan
2024-06-10T11:25:52,75.652969,-76.956642,nan
2024-06-10T11:25:51,75.653015,-76.956306,nan
2024-06-10T11:25:51,75.653061,-76.955971,nan
2024-06-10T11:25:50,75.653107,-76.955627,nan
2024-06-10T11:25:50,75.653145,-76.955276,nan
2024-06-10T11:25:49,75.653191,-76.954926,nan
2024-06-10T11:25:49,75.653236,-76.954567,nan
2024-06-10T11:25:48,75.653290,-76.954201,nan
2024-06-10T11:25:48,75.653336,-76.953835,nan
2024-06-10T11:25:47,75.653381,-76.953468,nan
2024-06-10T11:25:47,75.653427,-76.953094,nan
2024-06-10T11:25:46,75.653473,-76.952713,nan
2024-06-10T11:25:45,75.653572,-76.951950,nan
2024-06-10T11:25:45,75.653625,-76.951561,nan
2024-06-10T11:25:44,75.653671,-76.951164,nan
2024-06-10T11:25:44,75.653725,-76.950768,nan
2024-06-10T11:25:43,75.653778,-76.950363,nan
2024-06-10T11:25:43,75.653831,-76.949959,nan
2024-06-10T11:25:42,75.653885,-76.949554,nan
2024-06-10T11:25:42,75.653938,-76.949142,nan
2024-06-10T11:25:41,75.653999,-76.948730,nan
2024-06-10T11:25:41,75.654053,-76.948318,nan
2024-06-10T11:25:40,75.654114,-76.947906,nan
2024-06-10T11:25:40,75.654175,-76.947487,nan
2024-06-10T11:25:39,75.654228,-76.947067,nan
2024-06-10T11:25:39,75.654289,-76.946655,nan
2024-06-10T11:25:38,75.654350,-76.946236,nan
2024-06-10T11:25:38,75.654411,-76.945824,nan
2024-06-10T11:25:37,75.654472,-76.945404,nan
2024-06-10T11:25:37,75.654526,-76.944984,nan
2024-06-10T11:25:36,75.654587,-76.944565,nan
2024-06-10T11:25:36,75.654648,-76.944138,nan
2024-06-10T11:25:35,75.654701,-76.943718,nan
2024-06-10T11:25:35,75.654762,-76.943291,nan
2024-06-10T11:25:34,75.654823,-76.942863,nan
2024-06-10T11:25:34,75.654877,-76.942436,nan
2024-06-10T11:25:33,75.654938,-76.942009,nan
2024-06-10T11:25:33,75.654999,-76.941582,nan
2024-06-10T11:25:32,75.655052,-76.941147,nan
2024-06-10T11:25:32,75.655113,-76.940720,nan
2024-06-10T11:25:31,75.655174,-76.940292,nan
2024-06-10T11:25:31,75.655235,-76.939857,nan
2024-06-10T11:25:30,75.655296,-76.939438,nan
2024-06-10T11:25:30,75.655357,-76.939011,nan
2024-06-10T11:25:29,75.655418,-76.938591,nan
2024-06-10T11:25:29,75.655479,-76.938171,nan
2024-06-10T11:25:28,75.655540,-76.937752,nan
2024-06-10T11:25:28,75.655602,-76.937332,nan
2024-06-10T11:25:27,75.655663,-76.936913,nan
2024-06-10T11:25:27,75.655731,-76.936493,nan
2024-06-10T11:25:26,75.655792,-76.936081,nan
2024-06-10T11:25:26,75.655853,-76.935661,nan
2024-06-10T11:25:25,75.655922,-76.935242,nan
2024-06-10T11:25:25,75.655983,-76.934822,nan
2024-06-10T11:25:24,75.656044,-76.934402,nan
2024-06-10T11:25:24,75.656105,-76.933983,nan
2024-06-10T11:25:23,75.656174,-76.933563,nan
2024-06-10T11:25:22,75.656296,-76.932724,nan
2024-06-10T11:25:22,75.656357,-76.932304,nan
2024-06-10T11:25:21,75.656418,-76.931885,nan
2024-06-10T11:25:21,75.656479,-76.931465,nan
2024-06-10T11:25:20,75.656548,-76.931046,nan
2024-06-10T11:25:20,75.656609,-76.930626,nan
2024-06-10T11:25:19,75.656670,-76.930206,nan
2024-06-10T11:25:19,75.656731,-76.929787,nan
2024-06-10T11:25:18,75.656792,-76.929375,nan
2024-06-10T11:25:17,75.656921,-76.928551,nan
2024-06-10T11:25:17,75.656990,-76.928139,nan
2024-06-10T11:25:16,75.657051,-76.927734,nan
2024-06-10T11:25:16,75.657112,-76.927322,nan
2024-06-10T11:25:15,75.657181,-76.926918,nan
2024-06-10T11:25:15,75.657242,-76.926514,nan
2024-06-10T11:25:14,75.657310,-76.926102,nan
2024-06-10T11:25:14,75.657372,-76.925697,nan
2024-06-10T11:25:13,75.657440,-76.925285,nan
2024-06-10T11:25:13,75.657501,-76.924873,nan
2024-06-10T11:25:12,75.657562,-76.924469,nan
2024-06-10T11:25:12,75.657631,-76.924057,nan
2024-06-10T11:25:11,75.657692,-76.923653,nan
2024-06-10T11:25:11,75.657761,-76.923241,nan
2024-06-10T11:25:10,75.657822,-76.922836,nan
2024-06-10T11:25:10,75.657883,-76.922432,nan
2024-06-10T11:25:09,75.657951,-76.922020,nan
2024-06-10T11:25:09,75.658012,-76.921616,nan
2024-06-10T11:25:08,75.658081,-76.921211,nan
2024-06-10T11:25:08,75.658150,-76.920807,nan
2024-06-10T11:25:07,75.658279,-76.920006,nan
2024-06-10T11:25:06,75.658348,-76.919609,nan
2024-06-10T11:25:06,75.658417,-76.919212,nan
2024-06-10T11:25:05,75.658485,-76.918808,nan
2024-06-10T11:25:05,75.658554,-76.918411,nan
2024-06-10T11:25:04,75.658623,-76.918007,nan
2024-06-10T11:25:04,75.658691,-76.917610,nan
2024-06-10T11:25:03,75.658760,-76.917206,nan
2024-06-10T11:25:03,75.658821,-76.916809,nan
2024-06-10T11:25:02,75.658890,-76.916405,nan
2024-06-10T11:25:02,75.658958,-76.916000,nan
2024-06-10T11:25:01,75.659027,-76.915596,nan
2024-06-10T11:25:01,75.659088,-76.915192,nan
2024-06-10T11:25:00,75.659157,-76.914787,nan
2024-06-10T11:25:00,75.659225,-76.914383,nan
2024-06-10T11:24:59,75.659286,-76.913971,nan
2024-06-10T11:24:59,75.659355,-76.913567,nan
2024-06-10T11:24:58,75.659424,-76.913155,nan
2024-06-10T11:24:58,75.659485,-76.912743,nan
2024-06-10T11:24:57,75.659554,-76.912338,nan
2024-06-10T11:24:57,75.659615,-76.911926,nan
2024-06-10T11:24:56,75.659683,-76.911522,nan
2024-06-10T11:24:56,75.659744,-76.911110,nan
2024-06-10T11:24:55,75.659813,-76.910698,nan
2024-06-10T11:24:55,75.659874,-76.910294,nan
2024-06-10T11:24:54,75.659943,-76.909882,nan
2024-06-10T11:24:54,75.660004,-76.909470,nan
2024-06-10T11:24:53,75.660065,-76.909058,nan
2024-06-10T11:24:53,75.660133,-76.908638,nan
2024-06-10T11:24:52,75.660194,-76.908226,nan
2024-06-10T11:24:52,75.660263,-76.907814,nan
2024-06-10T11:24:51,75.660324,-76.907402,nan
2024-06-10T11:24:50,75.660454,-76.906570,nan
2024-06-10T11:24:50,75.660515,-76.906158,nan
2024-06-10T11:24:49,75.660576,-76.905739,nan
2024-06-10T11:24:49,75.660637,-76.905327,nan
2024-06-10T11:24:48,75.660706,-76.904907,nan
2024-06-10T11:24:48,75.660767,-76.904495,nan
2024-06-10T11:24:47,75.660828,-76.904076,nan
2024-06-10T11:24:47,75.660896,-76.903664,nan
2024-06-10T11:24:46,75.660957,-76.903244,nan
2024-06-10T11:24:46,75.661018,-76.902824,nan
2024-06-10T11:24:45,75.661087,-76.902412,nan
2024-06-10T11:24:44,75.661209,-76.901581,nan
2024-06-10T11:24:44,75.661278,-76.901169,nan
2024-06-10T11:24:43,75.661339,-76.900749,nan
2024-06-10T11:24:43,75.661407,-76.900337,nan
2024-06-10T11:24:42,75.661469,-76.899925,nan
2024-06-10T11:24:42,75.661530,-76.899513,nan
2024-06-10T11:24:41,75.661598,-76.899101,nan
2024-06-10T11:24:41,75.661659,-76.898682,nan
2024-06-10T11:24:40,75.661797,-76.897858,nan
2024-06-10T11:24:39,75.661858,-76.897438,nan
2024-06-10T11:24:39,75.661919,-76.897026,nan
2024-06-10T11:24:38,75.661987,-76.896606,nan
2024-06-10T11:24:38,75.662048,-76.896194,nan
2024-06-10T11:24:37,75.662117,-76.895775,nan
2024-06-10T11:24:37,75.662178,-76.895363,nan
2024-06-10T11:24:36,75.662239,-76.894943,nan
2024-06-10T11:24:36,75.662308,-76.894531,nan
2024-06-10T11:24:35,75.662369,-76.894112,nan
2024-06-10T11:24:35,75.662437,-76.893700,nan
2024-06-10T11:24:34,75.662498,-76.893280,nan
2024-06-10T11:24:34,75.662567,-76.892860,nan
2024-06-10T11:24:33,75.662628,-76.892448,nan
2024-06-10T11:24:33,75.662697,-76.892029,nan
2024-06-10T11:24:32,75.662758,-76.891609,nan
2024-06-10T11:24:32,75.662827,-76.891190,nan
2024-06-10T11:24:31,75.662895,-76.890770,nan
2024-06-10T11:24:31,75.662964,-76.890350,nan
2024-06-10T11:24:30,75.663033,-76.889931,nan
2024-06-10T11:24:30,75.663094,-76.889511,nan
2024-06-10T11:24:29,75.663162,-76.889091,nan
2024-06-10T11:24:29,75.663239,-76.888672,nan
2024-06-10T11:24:28,75.663307,-76.888252,nan
2024-06-10T11:24:28,75.663376,-76.887840,nan
2024-06-10T11:24:27,75.663445,-76.887421,nan
2024-06-10T11:24:26,75.663589,-76.886597,nan
2024-06-10T11:24:26,75.663658,-76.886185,nan
2024-06-10T11:24:25,75.663727,-76.885773,nan
2024-06-10T11:24:25,75.663803,-76.885361,nan
2024-06-10T11:24:24,75.663872,-76.884949,nan
2024-06-10T11:24:24,75.663940,-76.884537,nan
2024-06-10T11:24:23,75.664009,-76.884117,nan
2024-06-10T11:24:23,75.664085,-76.883698,nan
2024-06-10T11:24:22,75.664223,-76.882866,nan
2024-06-10T11:24:21,75.664291,-76.882446,nan
2024-06-10T11:24:21,75.664360,-76.882027,nan
2024-06-10T11:24:20,75.664436,-76.881607,nan
2024-06-10T11:24:20,75.664505,-76.881187,nan
2024-06-10T11:24:19,75.664574,-76.880768,nan
2024-06-10T11:24:19,75.664642,-76.880341,nan
2024-06-10T11:24:17,75.664917,-76.878647,nan
2024-06-10T11:24:16,75.664986,-76.878227,nan
2024-06-10T11:24:15,75.665123,-76.877380,nan
2024-06-10T11:24:15,75.665192,-76.876961,nan
2024-06-10T11:24:14,75.665260,-76.876534,nan
2024-06-10T11:24:14,75.665321,-76.876106,nan
2024-06-10T11:24:13,75.665390,-76.875679,nan
2024-06-10T11:24:13,75.665459,-76.875252,nan
2024-06-10T11:24:12,75.665520,-76.874817,nan
2024-06-10T11:24:12,75.665588,-76.874390,nan
2024-06-10T11:24:11,75.665649,-76.873955,nan
2024-06-10T11:24:11,75.665718,-76.873520,nan
2024-06-10T11:24:10,75.665779,-76.873085,nan
2024-06-10T11:24:10,75.665840,-76.872650,nan
2024-06-10T11:24:09,75.665909,-76.872215,nan
2024-06-10T11:24:09,75.665970,-76.871780,nan
2024-06-10T11:24:08,75.666031,-76.871346,nan
2024-06-10T11:24:08,75.666100,-76.870911,nan
2024-06-10T11:24:07,75.666161,-76.870476,nan
2024-06-10T11:24:07,75.666222,-76.870041,nan
2024-06-10T11:24:06,75.666283,-76.869606,nan
2024-06-10T11:24:06,75.666351,-76.869171,nan
2024-06-10T11:24:05,75.666473,-76.868294,nan
2024-06-10T11:24:04,75.666534,-76.867859,nan
2024-06-10T11:24:04,75.666603,-76.867424,nan
2024-06-10T11:24:03,75.666664,-76.866989,nan
2024-06-10T11:24:03,75.666733,-76.866554,nan
2024-06-10T11:24:02,75.666801,-76.866119,nan
2024-06-10T11:24:01,75.666931,-76.865257,nan
2024-06-10T11:24:01,75.667000,-76.864822,nan
2024-06-10T11:24:00,75.667068,-76.864395,nan
2024-06-10T11:24:00,75.667137,-76.863968,nan
2024-06-10T11:23:59,75.667206,-76.863533,nan
2024-06-10T11:23:59,75.667274,-76.863106,nan
2024-06-10T11:23:58,75.667343,-76.862679,nan
2024-06-10T11:23:58,75.667419,-76.862251,nan
2024-06-10T11:23:57,75.667488,-76.861816,nan
2024-06-10T11:23:57,75.667564,-76.861389,nan
2024-06-10T11:23:56,75.667633,-76.860962,nan
2024-06-10T11:23:55,75.667786,-76.860100,nan
2024-06-10T11:23:55,75.667854,-76.859665,nan
2024-06-10T11:23:54,75.668007,-76.858803,nan
2024-06-10T11:23:53,75.668083,-76.858376,nan
2024-06-10T11:23:52,75.668228,-76.857513,nan
2024-06-10T11:23:52,75.668297,-76.857086,nan
2024-06-10T11:23:51,75.668442,-76.856224,nan
2024-06-10T11:23:50,75.668518,-76.855797,nan
2024-06-10T11:23:50,75.668587,-76.855362,nan
2024-06-10T11:23:49,75.668732,-76.854500,nan
2024-06-10T11:23:48,75.668800,-76.854073,nan
2024-06-10T11:23:48,75.668869,-76.853638,nan
2024-06-10T11:23:47,75.669006,-76.852776,nan
2024-06-10T11:23:46,75.669075,-76.852341,nan
2024-06-10T11:23:46,75.669144,-76.851906,nan
2024-06-10T11:23:45,75.669212,-76.851471,nan
2024-06-10T11:23:45,75.669281,-76.851036,nan
2024-06-10T11:23:44,75.669350,-76.850601,nan
2024-06-10T11:23:44,75.669418,-76.850166,nan
2024-06-10T11:23:43,75.669487,-76.849731,nan
2024-06-10T11:23:43,75.669548,-76.849297,nan
2024-06-10T11:23:42,75.669685,-76.848419,nan
2024-06-10T11:23:41,75.669754,-76.847977,nan
2024-06-10T11:23:41,75.669823,-76.847542,nan
2024-06-10T11:23:40,75.669884,-76.847099,nan
2024-06-10T11:23:40,75.669952,-76.846657,nan
2024-06-10T11:23:39,75.670090,-76.845779,nan
2024-06-10T11:23:38,75.670151,-76.845345,nan
2024-06-10T11:23:38,75.670219,-76.844910,nan
2024-06-10T11:23:37,75.670288,-76.844467,nan
2024-06-10T11:23:36,75.670425,-76.843590,nan
2024-06-10T11:23:36,75.670494,-76.843155,nan
2024-06-10T11:23:35,75.670563,-76.842712,nan
2024-06-10T11:23:35,75.670631,-76.842278,nan
2024-06-10T11:23:34,75.670769,-76.841393,nan
2024-06-10T11:23:33,75.670837,-76.840950,nan
2024-06-10T11:23:33,75.670906,-76.840508,nan
2024-06-10T11:23:32,75.670975,-76.840065,nan
2024-06-10T11:23:32,75.671043,-76.839615,nan
2024-06-10T11:23:31,75.671104,-76.839165,nan
2024-06-10T11:23:30,75.671242,-76.838257,nan
2024-06-10T11:23:30,75.671310,-76.837807,nan
2024-06-10T11:23:29,75.671371,-76.837349,nan
2024-06-10T11:23:29,75.671440,-76.836891,nan
2024-06-10T11:23:28,75.671509,-76.836433,nan
2024-06-10T11:23:27,75.671700,-76.835060,nan
2024-06-10T11:23:26,75.671768,-76.834602,nan
2024-06-10T11:23:26,75.671829,-76.834145,nan
2024-06-10T11:23:25,75.671898,-76.833687,nan
2024-06-10T11:23:25,75.671967,-76.833229,nan
2024-06-10T11:23:24,75.672089,-76.832314,nan
2024-06-10T11:23:23,75.672218,-76.831406,nan
2024-06-10T11:23:22,75.672279,-76.830956,nan
2024-06-10T11:23:22,75.672348,-76.830505,nan
2024-06-10T11:23:21,75.672409,-76.830055,nan
2024-06-10T11:23:21,75.672470,-76.829605,nan
2024-06-10T11:23:20,75.672531,-76.829155,nan
2024-06-10T11:23:20,75.672592,-76.828705,nan
2024-06-10T11:23:19,75.672653,-76.828255,nan
2024-06-10T11:23:19,75.672714,-76.827812,nan
2024-06-10T11:23:18,75.672775,-76.827362,nan
2024-06-10T11:23:18,75.672836,-76.826912,nan
2024-06-10T11:23:17,75.672897,-76.826462,nan
2024-06-10T11:23:16,75.673019,-76.825577,nan
2024-06-10T11:23:16,75.673080,-76.825127,nan
2024-06-10T11:23:15,75.673134,-76.824684,nan
2024-06-10T11:23:15,75.673195,-76.824249,nan
2024-06-10T11:23:14,75.673256,-76.823807,nan
2024-06-10T11:23:14,75.673317,-76.823372,nan
2024-06-10T11:23:13,75.673431,-76.822502,nan
2024-06-10T11:23:12,75.673492,-76.822075,nan
2024-06-10T11:23:12,75.673553,-76.821648,nan
2024-06-10T11:23:11,75.673615,-76.821220,nan
2024-06-10T11:23:10,75.673737,-76.820389,nan
2024-06-10T11:23:10,75.673798,-76.819969,nan
2024-06-10T11:23:09,75.673859,-76.819557,nan
2024-06-10T11:23:09,75.673920,-76.819138,nan
2024-06-10T11:23:08,75.673981,-76.818726,nan
2024-06-10T11:23:08,75.674049,-76.818321,nan
2024-06-10T11:23:07,75.674110,-76.817909,nan
2024-06-10T11:23:07,75.674171,-76.817505,nan
2024-06-10T11:23:06,75.674232,-76.817101,nan
2024-06-10T11:23:06,75.674301,-76.816696,nan
2024-06-10T11:23:05,75.674362,-76.816292,nan
2024-06-10T11:23:05,75.674431,-76.815895,nan
2024-06-10T11:23:04,75.674561,-76.815094,nan
2024-06-10T11:23:03,75.674629,-76.814690,nan
2024-06-10T11:23:03,75.674698,-76.814293,nan
2024-06-10T11:23:02,75.674759,-76.813896,nan
2024-06-10T11:23:02,75.674828,-76.813499,nan
2024-06-10T11:23:01,75.674957,-76.812706,nan
2024-06-10T11:23:00,75.675026,-76.812309,nan
2024-06-10T11:23:00,75.675095,-76.811913,nan
2024-06-10T11:22:59,75.675163,-76.811516,nan
2024-06-10T11:22:59,75.675224,-76.811111,nan
2024-06-10T11:22:58,75.675293,-76.810715,nan
2024-06-10T11:22:58,75.675362,-76.810310,nan
2024-06-10T11:22:57,75.675430,-76.809914,nan
2024-06-10T11:22:56,75.675568,-76.809105,nan
2024-06-10T11:22:56,75.675636,-76.808701,nan
2024-06-10T11:22:55,75.675705,-76.808296,nan
2024-06-10T11:22:55,75.675774,-76.807899,nan
2024-06-10T11:22:54,75.675842,-76.807495,nan
2024-06-10T11:22:54,75.675911,-76.807098,nan
2024-06-10T11:22:53,75.675980,-76.806702,nan
2024-06-10T11:22:53,75.676048,-76.806305,nan
2024-06-10T11:22:52,75.676193,-76.805519,nan
2024-06-10T11:22:51,75.676262,-76.805130,nan
2024-06-10T11:22:51,75.676331,-76.804741,nan
2024-06-10T11:22:50,75.676399,-76.804352,nan
2024-06-10T11:22:50,75.676476,-76.803955,nan
2024-06-10T11:22:49,75.676544,-76.803566,nan
2024-06-10T11:22:49,75.676613,-76.803177,nan
2024-06-10T11:22:48,75.676750,-76.802399,nan
2024-06-10T11:22:47,75.676819,-76.802010,nan
2024-06-10T11:22:47,75.676888,-76.801620,nan
2024-06-10T11:22:46,75.676956,-76.801231,nan
2024-06-10T11:22:46,75.677025,-76.800850,nan
2024-06-10T11:22:45,75.677094,-76.800461,nan
2024-06-10T11:22:44,75.677231,-76.799690,nan
2024-06-10T11:22:44,75.677299,-76.799301,nan
2024-06-10T11:22:43,75.677368,-76.798912,nan
2024-06-10T11:22:43,75.677437,-76.798523,nan
2024-06-10T11:22:42,75.677513,-76.798134,nan
2024-06-10T11:22:42,75.677582,-76.797745,nan
2024-06-10T11:22:41,75.677650,-76.797356,nan
2024-06-10T11:22:41,75.677719,-76.796967,nan
2024-06-10T11:22:40,75.677795,-76.796577,nan
2024-06-10T11:22:40,75.677864,-76.796181,nan
2024-06-10T11:22:39,75.677933,-76.795792,nan
2024-06-10T11:22:39,75.678009,-76.795403,nan
2024-06-10T11:22:38,75.678085,-76.795006,nan
2024-06-10T11:22:38,75.678154,-76.794617,nan
2024-06-10T11:22:37,75.678230,-76.794220,nan
2024-06-10T11:22:37,75.678299,-76.793831,nan
2024-06-10T11:22:36,75.678375,-76.793442,nan
2024-06-10T11:22:36,75.678452,-76.793045,nan
2024-06-10T11:22:35,75.678520,-76.792656,nan
2024-06-10T11:22:35,75.678596,-76.792267,nan
2024-06-10T11:22:34,75.678673,-76.791878,nan
2024-06-10T11:22:34,75.678749,-76.791481,nan
2024-06-10T11:22:33,75.678818,-76.791092,nan
2024-06-10T11:22:33,75.678894,-76.790703,nan
2024-06-10T11:22:32,75.678970,-76.790314,nan
2024-06-10T11:22:32,75.679047,-76.789917,nan
2024-06-10T11:22:31,75.679115,-76.789528,nan
2024-06-10T11:22:31,75.679192,-76.789139,nan
2024-06-10T11:22:30,75.679268,-76.788750,nan
2024-06-10T11:22:30,75.679344,-76.788361,nan
2024-06-10T11:22:29,75.679420,-76.787971,nan
2024-06-10T11:22:29,75.679497,-76.787582,nan
2024-06-10T11:22:28,75.679565,-76.787201,nan
2024-06-10T11:22:28,75.679642,-76.786812,nan
2024-06-10T11:22:27,75.679710,-76.786430,nan
2024-06-10T11:22:27,75.679787,-76.786049,nan
2024-06-10T11:22:26,75.679855,-76.785660,nan
2024-06-10T11:22:26,75.679932,-76.785278,nan
2024-06-10T11:22:24,75.680206,-76.783745,nan
2024-06-10T11:22:23,75.680275,-76.783363,nan
2024-06-10T11:22:22,75.680405,-76.782600,nan
2024-06-10T11:22:22,75.680473,-76.782219,nan
2024-06-10T11:22:21,75.680534,-76.781845,nan
2024-06-10T11:22:21,75.680603,-76.781464,nan
2024-06-10T11:22:20,75.680664,-76.781090,nan
2024-06-10T11:22:20,75.680733,-76.780716,nan
2024-06-10T11:22:19,75.680794,-76.780342,nan
2024-06-10T11:22:19,75.680855,-76.779968,nan
2024-06-10T11:22:18,75.680916,-76.779594,nan
2024-06-10T11:22:18,75.680984,-76.779221,nan
2024-06-10T11:22:17,75.681046,-76.778847,nan
2024-06-10T11:22:17,75.681107,-76.778473,nan
2024-06-10T11:22:16,75.681168,-76.778107,nan
2024-06-10T11:22:16,75.681229,-76.777733,nan
2024-06-10T11:22:15,75.681290,-76.777359,nan
2024-06-10T11:22:15,75.681351,-76.776993,nan
2024-06-10T11:22:14,75.681412,-76.776619,nan
2024-06-10T11:22:14,75.681480,-76.776253,nan
2024-06-10T11:22:13,75.681541,-76.775879,nan
2024-06-10T11:22:13,75.681602,-76.775513,nan
2024-06-10T11:22:12,75.681664,-76.775139,nan
2024-06-10T11:22:12,75.681732,-76.774765,nan
2024-06-10T11:22:11,75.681793,-76.774391,nan
2024-06-10T11:22:11,75.681854,-76.774017,nan
2024-06-10T11:22:10,75.681915,-76.773651,nan
2024-06-10T11:22:10,75.681984,-76.773277,nan
2024-06-10T11:22:09,75.682045,-76.772903,nan
2024-06-10T11:22:09,75.682106,-76.772537,nan
2024-06-10T11:22:08,75.682175,-76.772171,nan
2024-06-10T11:22:08,75.682236,-76.771805,nan
2024-06-10T11:22:07,75.682304,-76.771439,nan
2024-06-10T11:22:07,75.682365,-76.771072,nan
2024-06-10T11:22:06,75.682434,-76.770706,nan
2024-06-10T11:22:06,75.682503,-76.770340,nan
2024-06-10T11:22:05,75.682564,-76.769966,nan
2024-06-10T11:22:05,75.682625,-76.769592,nan
2024-06-10T11:22:04,75.682693,-76.769218,nan
2024-06-10T11:22:04,75.682755,-76.768852,nan
2024-06-10T11:22:03,75.682808,-76.768478,nan
2024-06-10T11:22:03,75.682869,-76.768120,nan
2024-06-10T11:22:02,75.682930,-76.767754,nan
2024-06-10T11:22:02,75.682983,-76.767395,nan
2024-06-10T11:22:01,75.683044,-76.767036,nan
2024-06-10T11:22:01,75.683098,-76.766685,nan
2024-06-10T11:22:00,75.683159,-76.766335,nan
2024-06-10T11:22:00,75.683212,-76.765984,nan
2024-06-10T11:21:59,75.683266,-76.765640,nan
2024-06-10T11:21:59,75.683319,-76.765297,nan
2024-06-10T11:21:58,75.683372,-76.764961,nan
2024-06-10T11:21:58,75.683426,-76.764618,nan
2024-06-10T11:21:57,75.683479,-76.764290,nan
2024-06-10T11:21:57,75.683533,-76.763962,nan
2024-06-10T11:21:56,75.683578,-76.763634,nan
2024-06-10T11:21:56,75.683632,-76.763306,nan
2024-06-10T11:21:55,75.683685,-76.762985,nan
2024-06-10T11:21:55,75.683731,-76.762665,nan
2024-06-10T11:21:54,75.683784,-76.762352,nan
2024-06-10T11:21:54,75.683830,-76.762032,nan
2024-06-10T11:21:53,75.683884,-76.761719,nan
2024-06-10T11:21:53,75.683937,-76.761406,nan
2024-06-10T11:21:52,75.683990,-76.761093,nan
2024-06-10T11:21:52,75.684044,-76.760780,nan
2024-06-10T11:21:51,75.684097,-76.760475,nan
2024-06-10T11:21:51,75.684158,-76.760170,nan
2024-06-10T11:21:50,75.684212,-76.759857,nan
2024-06-10T11:21:50,75.684273,-76.759552,nan
2024-06-10T11:21:49,75.684326,-76.759247,nan
2024-06-10T11:21:49,75.684387,-76.758942,nan
2024-06-10T11:21:48,75.684448,-76.758636,nan
2024-06-10T11:21:48,75.684509,-76.758324,nan
2024-06-10T11:21:47,75.684570,-76.758003,nan
2024-06-10T11:21:47,75.684631,-76.757690,nan
2024-06-10T11:21:46,75.684692,-76.757370,nan
2024-06-10T11:21:46,75.684753,-76.757042,nan
2024-06-10T11:21:45,75.684814,-76.756714,nan
2024-06-10T11:21:45,75.684875,-76.756386,nan
2024-06-10T11:21:44,75.684937,-76.756042,nan
2024-06-10T11:21:44,75.684998,-76.755707,nan
2024-06-10T11:21:43,75.685059,-76.755356,nan
2024-06-10T11:21:43,75.685120,-76.755005,nan
2024-06-10T11:21:42,75.685181,-76.754654,nan
2024-06-10T11:21:42,75.685234,-76.754288,nan
2024-06-10T11:21:41,75.685287,-76.753929,nan
2024-06-10T11:21:41,75.685341,-76.753555,nan
2024-06-10T11:21:40,75.685394,-76.753189,nan
2024-06-10T11:21:40,75.685440,-76.752815,nan
2024-06-10T11:21:39,75.685532,-76.752083,nan
2024-06-10T11:21:38,75.685577,-76.751717,nan
2024-06-10T11:21:38,75.685616,-76.751358,nan
2024-06-10T11:21:37,75.685661,-76.751007,nan
2024-06-10T11:21:37,75.685699,-76.750664,nan
2024-06-10T11:21:36,75.685738,-76.750336,nan
2024-06-10T11:21:36,75.685776,-76.750008,nan
2024-06-10T11:21:35,75.685814,-76.749687,nan
2024-06-10T11:21:35,75.685852,-76.749374,nan
2024-06-10T11:21:34,75.685890,-76.749062,nan
2024-06-10T11:21:34,75.685928,-76.748756,nan
2024-06-10T11:21:33,75.685966,-76.748451,nan
2024-06-10T11:21:33,75.686005,-76.748154,nan
2024-06-10T11:21:32,75.686043,-76.747849,nan
2024-06-10T11:21:32,75.686081,-76.747551,nan
2024-06-10T11:21:31,75.686119,-76.747253,nan
2024-06-10T11:21:31,75.686157,-76.746956,nan
2024-06-10T11:21:30,75.686195,-76.746651,nan
2024-06-10T11:21:30,75.686234,-76.746338,nan
2024-06-10T11:21:29,75.686279,-76.746025,nan
2024-06-10T11:21:29,75.686317,-76.745705,nan
2024-06-10T11:21:28,75.686363,-76.745377,nan
2024-06-10T11:21:28,75.686401,-76.745049,nan
2024-06-10T11:21:27,75.686440,-76.744713,nan
2024-06-10T11:21:27,75.686485,-76.744377,nan
2024-06-10T11:21:26,75.686523,-76.744041,nan
2024-06-10T11:21:26,75.686562,-76.743713,nan
2024-06-10T11:21:25,75.686607,-76.743378,nan
2024-06-10T11:21:25,75.686646,-76.743050,nan
2024-06-10T11:21:24,75.686684,-76.742722,nan
2024-06-10T11:21:24,75.686729,-76.742393,nan
2024-06-10T11:21:23,75.686768,-76.742081,nan
2024-06-10T11:21:23,75.686813,-76.741776,nan
2024-06-10T11:21:22,75.686859,-76.741470,nan
2024-06-10T11:21:22,75.686905,-76.741173,nan
2024-06-10T11:21:21,75.686951,-76.740875,nan
2024-06-10T11:21:21,75.686996,-76.740585,nan
2024-06-10T11:21:20,75.687050,-76.740303,nan
2024-06-10T11:21:20,75.687103,-76.740013,nan
2024-06-10T11:21:19,75.687149,-76.739723,nan
2024-06-10T11:21:19,75.687202,-76.739433,nan
2024-06-10T11:21:18,75.687256,-76.739143,nan
2024-06-10T11:21:18,75.687309,-76.738853,nan
2024-06-10T11:21:17,75.687355,-76.738556,nan
2024-06-10T11:21:17,75.687408,-76.738258,nan
2024-06-10T11:21:16,75.687462,-76.737968,nan
2024-06-10T11:21:16,75.687515,-76.737671,nan
2024-06-10T11:21:15,75.687561,-76.737366,nan
2024-06-10T11:21:15,75.687614,-76.737061,nan
2024-06-10T11:21:14,75.687660,-76.736755,nan
2024-06-10T11:21:14,75.687706,-76.736450,nan
2024-06-10T11:21:13,75.687752,-76.736137,nan
2024-06-10T11:21:13,75.687798,-76.735825,nan
2024-06-10T11:21:12,75.687843,-76.735512,nan
2024-06-10T11:21:12,75.687889,-76.735207,nan
2024-06-10T11:21:11,75.687935,-76.734901,nan
2024-06-10T11:21:11,75.687973,-76.734596,nan
2024-06-10T11:21:10,75.688019,-76.734291,nan
2024-06-10T11:21:10,75.688057,-76.733986,nan
2024-06-10T11:21:09,75.688103,-76.733681,nan
2024-06-10T11:21:09,75.688141,-76.733376,nan
2024-06-10T11:21:08,75.688187,-76.733070,nan
2024-06-10T11:21:08,75.688225,-76.732773,nan
2024-06-10T11:21:07,75.688271,-76.732468,nan
2024-06-10T11:21:07,75.688309,-76.732162,nan
2024-06-10T11:21:06,75.688347,-76.731865,nan
2024-06-10T11:21:06,75.688385,-76.731567,nan
2024-06-10T11:21:05,75.688423,-76.731262,nan
2024-06-10T11:21:05,75.688461,-76.730972,nan
2024-06-10T11:21:04,75.688499,-76.730675,nan
2024-06-10T11:21:04,75.688538,-76.730377,nan
2024-06-10T11:21:03,75.688568,-76.730087,nan
2024-06-10T11:21:03,75.688606,-76.729790,nan
2024-06-10T11:21:02,75.688637,-76.729500,nan
2024-06-10T11:21:02,75.688675,-76.729210,nan
2024-06-10T11:21:01,75.688713,-76.728928,nan
2024-06-10T11:21:01,75.688744,-76.728638,nan
2024-06-10T11:21:00,75.688782,-76.728355,nan
2024-06-10T11:21:00,75.688820,-76.728065,nan
2024-06-10T11:20:59,75.688850,-76.727776,nan
2024-06-10T11:20:59,75.688889,-76.727486,nan
2024-06-10T11:20:58,75.688927,-76.727196,nan
2024-06-10T11:20:58,75.688965,-76.726898,nan
2024-06-10T11:20:57,75.689003,-76.726608,nan
2024-06-10T11:20:57,75.689034,-76.726311,nan
2024-06-10T11:20:56,75.689072,-76.726021,nan
2024-06-10T11:20:56,75.689110,-76.725716,nan
2024-06-10T11:20:55,75.689148,-76.725426,nan
2024-06-10T11:20:55,75.689178,-76.725143,nan
2024-06-10T11:20:54,75.689209,-76.724869,nan
2024-06-10T11:20:54,75.689247,-76.724609,nan
2024-06-10T11:20:53,75.689278,-76.724342,nan
2024-06-10T11:20:53,75.689301,-76.724075,nan
2024-06-10T11:20:52,75.689331,-76.723854,nan
2024-06-10T11:20:52,75.689362,-76.723671,nan
2024-06-10T11:20:51,75.689384,-76.723480,nan
2024-06-10T11:20:51,75.689400,-76.723320,nan
2024-06-10T11:20:50,75.689407,-76.723244,nan
2024-06-10T11:20:50,75.689377,-76.723434,nan
2024-06-10T11:20:49,75.689278,-76.723808,nan
2024-06-10T11:20:49,75.689163,-76.724495,nan
2024-06-10T11:20:48,75.688957,-76.725868,nan
2024-06-10T11:20:48,75.688782,-76.727272,nan
2024-06-10T11:20:47,75.688690,-76.728142,nan
2024-06-10T11:20:47,75.688705,-76.728203,nan
2024-06-10T11:20:46,75.688744,-76.728119,nan
2024-06-10T11:20:46,75.688789,-76.727676,nan
2024-06-10T11:20:44,75.689659,-76.721191,nan
2024-06-10T11:20:44,75.690155,-76.717300,nan
2024-06-10T11:20:43,75.690643,-76.713341,nan
