datetime,lat,lon,elev
2024-06-07T16:06:36,84.524223,-60.050556,nan
2024-06-07T16:06:36,84.524246,-60.050301,nan
2024-06-07T16:06:35,84.524277,-60.050053,nan
2024-06-07T16:06:35,84.524300,-60.049786,nan
2024-06-07T16:06:34,84.524361,-60.049240,nan
2024-06-07T16:06:33,84.524384,-60.048962,nan
2024-06-07T16:06:33,84.524414,-60.048676,nan
2024-06-07T16:06:32,84.524445,-60.048374,nan
2024-06-07T16:06:32,84.524467,-60.048061,nan
2024-06-07T16:06:31,84.524498,-60.047752,nan
2024-06-07T16:06:31,84.524521,-60.047436,nan
2024-06-07T16:06:30,84.524551,-60.047119,nan
2024-06-07T16:06:30,84.524582,-60.046799,nan
2024-06-07T16:06:29,84.524605,-60.046482,nan
2024-06-07T16:06:29,84.524635,-60.046162,nan
2024-06-07T16:06:28,84.524666,-60.045837,nan
2024-06-07T16:06:28,84.524696,-60.045509,nan
2024-06-07T16:06:27,84.524727,-60.045181,nan
2024-06-07T16:06:27,84.524750,-60.044861,nan
2024-06-07T16:06:26,84.524780,-60.044537,nan
2024-06-07T16:06:26,84.524811,-60.044209,nan
2024-06-07T16:06:25,84.524841,-60.043884,nan
2024-06-07T16:06:25,84.524872,-60.043560,nan
2024-06-07T16:06:24,84.524902,-60.043236,nan
2024-06-07T16:06:24,84.524933,-60.042908,nan
2024-06-07T16:06:23,84.524963,-60.042583,nan
2024-06-07T16:06:23,84.524994,-60.042263,nan
2024-06-07T16:06:22,84.525024,-60.041943,nan
2024-06-07T16:06:22,84.525055,-60.041618,nan
2024-06-07T16:06:21,84.525116,-60.040977,nan
2024-06-07T16:06:20,84.525146,-60.040657,nan
2024-06-07T16:06:20,84.525169,-60.040333,nan
2024-06-07T16:06:19,84.525200,-60.040005,nan
2024-06-07T16:06:19,84.525230,-60.039677,nan
2024-06-07T16:06:18,84.525261,-60.039349,nan
2024-06-07T16:06:18,84.525291,-60.039021,nan
2024-06-07T16:06:17,84.525314,-60.038689,nan
2024-06-07T16:06:17,84.525345,-60.038361,nan
2024-06-07T16:06:16,84.525375,-60.038036,nan
2024-06-07T16:06:16,84.525406,-60.037716,nan
2024-06-07T16:06:15,84.525436,-60.037395,nan
2024-06-07T16:06:15,84.525467,-60.037075,nan
2024-06-07T16:06:14,84.525497,-60.036758,nan
2024-06-07T16:06:14,84.525528,-60.036442,nan
2024-06-07T16:06:13,84.525558,-60.036125,nan
2024-06-07T16:06:13,84.525589,-60.035812,nan
2024-06-07T16:06:12,84.525620,-60.035503,nan
2024-06-07T16:06:12,84.525658,-60.035206,nan
2024-06-07T16:06:11,84.525688,-60.034904,nan
2024-06-07T16:06:11,84.525719,-60.034603,nan
2024-06-07T16:06:10,84.525749,-60.034302,nan
2024-06-07T16:06:10,84.525780,-60.034004,nan
2024-06-07T16:06:09,84.525810,-60.033703,nan
2024-06-07T16:06:09,84.525841,-60.033390,nan
2024-06-07T16:06:08,84.525871,-60.033077,nan
2024-06-07T16:06:08,84.525909,-60.032764,nan
2024-06-07T16:06:07,84.525940,-60.032452,nan
2024-06-07T16:06:07,84.525970,-60.032139,nan
2024-06-07T16:06:06,84.526009,-60.031826,nan
2024-06-07T16:06:06,84.526039,-60.031517,nan
2024-06-07T16:06:05,84.526077,-60.031208,nan
2024-06-07T16:06:05,84.526108,-60.030895,nan
2024-06-07T16:06:04,84.526138,-60.030586,nan
2024-06-07T16:06:04,84.526176,-60.030281,nan
2024-06-07T16:06:03,84.526207,-60.029984,nan
2024-06-07T16:06:03,84.526237,-60.029686,nan
2024-06-07T16:06:02,84.526268,-60.029392,nan
2024-06-07T16:06:02,84.526306,-60.029099,nan
2024-06-07T16:06:01,84.526337,-60.028809,nan
2024-06-07T16:06:01,84.526367,-60.028522,nan
2024-06-07T16:06:00,84.526405,-60.028240,nan
2024-06-07T16:06:00,84.526436,-60.027962,nan
2024-06-07T16:05:59,84.526474,-60.027683,nan
2024-06-07T16:05:59,84.526505,-60.027401,nan
2024-06-07T16:05:58,84.526535,-60.027103,nan
2024-06-07T16:05:58,84.526573,-60.026791,nan
2024-06-07T16:05:57,84.526604,-60.026466,nan
2024-06-07T16:05:57,84.526634,-60.026115,nan
2024-06-07T16:05:56,84.526695,-60.025352,nan
2024-06-07T16:05:55,84.526726,-60.024960,nan
2024-06-07T16:05:55,84.526756,-60.024555,nan
2024-06-07T16:05:54,84.526787,-60.024143,nan
2024-06-07T16:05:54,84.526810,-60.023727,nan
2024-06-07T16:05:53,84.526840,-60.023308,nan
2024-06-07T16:05:53,84.526871,-60.022881,nan
2024-06-07T16:05:52,84.526901,-60.022449,nan
2024-06-07T16:05:52,84.526932,-60.022022,nan
2024-06-07T16:05:51,84.526962,-60.021591,nan
2024-06-07T16:05:51,84.526993,-60.021156,nan
2024-06-07T16:05:50,84.527023,-60.020721,nan
2024-06-07T16:05:50,84.527061,-60.020283,nan
2024-06-07T16:05:49,84.527092,-60.019852,nan
2024-06-07T16:05:49,84.527122,-60.019409,nan
2024-06-07T16:05:48,84.527153,-60.018974,nan
2024-06-07T16:05:48,84.527191,-60.018543,nan
2024-06-07T16:05:47,84.527222,-60.018116,nan
2024-06-07T16:05:47,84.527252,-60.017681,nan
2024-06-07T16:05:46,84.527283,-60.017250,nan
2024-06-07T16:05:46,84.527313,-60.016823,nan
2024-06-07T16:05:45,84.527344,-60.016396,nan
2024-06-07T16:05:45,84.527367,-60.015965,nan
2024-06-07T16:05:44,84.527397,-60.015537,nan
2024-06-07T16:05:44,84.527428,-60.015110,nan
2024-06-07T16:05:43,84.527451,-60.014687,nan
2024-06-07T16:05:43,84.527481,-60.014259,nan
2024-06-07T16:05:42,84.527512,-60.013840,nan
2024-06-07T16:05:42,84.527534,-60.013432,nan
2024-06-07T16:05:41,84.527565,-60.013020,nan
2024-06-07T16:05:41,84.527588,-60.012608,nan
2024-06-07T16:05:40,84.527618,-60.012196,nan
2024-06-07T16:05:40,84.527641,-60.011787,nan
2024-06-07T16:05:39,84.527672,-60.011368,nan
2024-06-07T16:05:39,84.527695,-60.010952,nan
2024-06-07T16:05:38,84.527718,-60.010540,nan
2024-06-07T16:05:38,84.527748,-60.010136,nan
2024-06-07T16:05:37,84.527771,-60.009727,nan
2024-06-07T16:05:37,84.527794,-60.009327,nan
2024-06-07T16:05:36,84.527817,-60.008930,nan
2024-06-07T16:05:36,84.527840,-60.008537,nan
2024-06-07T16:05:35,84.527870,-60.008148,nan
2024-06-07T16:05:35,84.527893,-60.007759,nan
2024-06-07T16:05:34,84.527916,-60.007381,nan
2024-06-07T16:05:34,84.527939,-60.007004,nan
2024-06-07T16:05:33,84.527962,-60.006630,nan
2024-06-07T16:05:33,84.527992,-60.006264,nan
2024-06-07T16:05:32,84.528015,-60.005905,nan
2024-06-07T16:05:32,84.528038,-60.005547,nan
2024-06-07T16:05:31,84.528061,-60.005196,nan
2024-06-07T16:05:31,84.528091,-60.004845,nan
2024-06-07T16:05:30,84.528114,-60.004490,nan
2024-06-07T16:05:30,84.528137,-60.004124,nan
2024-06-07T16:05:29,84.528168,-60.003750,nan
2024-06-07T16:05:29,84.528191,-60.003376,nan
2024-06-07T16:05:28,84.528214,-60.003002,nan
2024-06-07T16:05:28,84.528236,-60.002617,nan
2024-06-07T16:05:27,84.528267,-60.002228,nan
2024-06-07T16:05:27,84.528290,-60.001842,nan
2024-06-07T16:05:26,84.528320,-60.001453,nan
2024-06-07T16:05:26,84.528343,-60.001053,nan
2024-06-07T16:05:25,84.528374,-60.000645,nan
2024-06-07T16:05:25,84.528397,-60.000237,nan
2024-06-07T16:05:24,84.528419,-59.999821,nan
2024-06-07T16:05:24,84.528450,-59.999397,nan
2024-06-07T16:05:23,84.528473,-59.998974,nan
2024-06-07T16:05:23,84.528503,-59.998558,nan
2024-06-07T16:05:22,84.528526,-59.998135,nan
2024-06-07T16:05:22,84.528557,-59.997711,nan
2024-06-07T16:05:21,84.528580,-59.997288,nan
2024-06-07T16:05:21,84.528603,-59.996861,nan
2024-06-07T16:05:20,84.528625,-59.996426,nan
2024-06-07T16:05:20,84.528656,-59.995983,nan
2024-06-07T16:05:19,84.528679,-59.995544,nan
2024-06-07T16:05:19,84.528702,-59.995102,nan
2024-06-07T16:05:18,84.528732,-59.994656,nan
2024-06-07T16:05:18,84.528755,-59.994209,nan
2024-06-07T16:05:17,84.528778,-59.993771,nan
2024-06-07T16:05:17,84.528801,-59.993340,nan
2024-06-07T16:05:16,84.528824,-59.992908,nan
2024-06-07T16:05:16,84.528847,-59.992489,nan
2024-06-07T16:05:15,84.528870,-59.992073,nan
2024-06-07T16:05:15,84.528893,-59.991661,nan
2024-06-07T16:05:14,84.528923,-59.991253,nan
2024-06-07T16:05:14,84.528946,-59.990852,nan
2024-06-07T16:05:13,84.528969,-59.990456,nan
2024-06-07T16:05:13,84.528992,-59.990059,nan
2024-06-07T16:05:12,84.529015,-59.989662,nan
2024-06-07T16:05:12,84.529037,-59.989273,nan
2024-06-07T16:05:11,84.529060,-59.988880,nan
2024-06-07T16:05:11,84.529083,-59.988487,nan
2024-06-07T16:05:10,84.529106,-59.988091,nan
2024-06-07T16:05:10,84.529129,-59.987698,nan
2024-06-07T16:05:09,84.529152,-59.987301,nan
2024-06-07T16:05:09,84.529175,-59.986904,nan
2024-06-07T16:05:08,84.529198,-59.986511,nan
2024-06-07T16:05:08,84.529221,-59.986118,nan
2024-06-07T16:05:07,84.529243,-59.985718,nan
2024-06-07T16:05:07,84.529274,-59.985306,nan
2024-06-07T16:05:06,84.529297,-59.984894,nan
2024-06-07T16:05:06,84.529327,-59.984474,nan
2024-06-07T16:05:05,84.529350,-59.984051,nan
2024-06-07T16:05:05,84.529373,-59.983631,nan
2024-06-07T16:05:04,84.529396,-59.983215,nan
2024-06-07T16:05:04,84.529427,-59.982796,nan
2024-06-07T16:05:03,84.529449,-59.982380,nan
2024-06-07T16:05:03,84.529472,-59.981972,nan
2024-06-07T16:05:02,84.529495,-59.981556,nan
2024-06-07T16:05:02,84.529526,-59.981136,nan
2024-06-07T16:05:01,84.529549,-59.980717,nan
2024-06-07T16:05:01,84.529572,-59.980297,nan
2024-06-07T16:05:00,84.529594,-59.979866,nan
2024-06-07T16:05:00,84.529617,-59.979435,nan
2024-06-07T16:04:59,84.529640,-59.979008,nan
2024-06-07T16:04:59,84.529671,-59.978577,nan
2024-06-07T16:04:58,84.529694,-59.978146,nan
2024-06-07T16:04:58,84.529716,-59.977722,nan
2024-06-07T16:04:57,84.529739,-59.977299,nan
2024-06-07T16:04:57,84.529762,-59.976871,nan
2024-06-07T16:04:56,84.529785,-59.976437,nan
2024-06-07T16:04:56,84.529808,-59.976009,nan
2024-06-07T16:04:55,84.529831,-59.975578,nan
2024-06-07T16:04:55,84.529854,-59.975143,nan
2024-06-07T16:04:54,84.529877,-59.974709,nan
2024-06-07T16:04:54,84.529900,-59.974281,nan
2024-06-07T16:04:53,84.529922,-59.973850,nan
2024-06-07T16:04:53,84.529945,-59.973419,nan
2024-06-07T16:04:52,84.529968,-59.972992,nan
2024-06-07T16:04:52,84.529991,-59.972565,nan
2024-06-07T16:04:51,84.530014,-59.972134,nan
2024-06-07T16:04:51,84.530037,-59.971699,nan
2024-06-07T16:04:50,84.530060,-59.971264,nan
2024-06-07T16:04:50,84.530083,-59.970825,nan
2024-06-07T16:04:49,84.530106,-59.970387,nan
2024-06-07T16:04:49,84.530128,-59.969952,nan
2024-06-07T16:04:48,84.530151,-59.969517,nan
2024-06-07T16:04:48,84.530174,-59.969074,nan
2024-06-07T16:04:47,84.530197,-59.968636,nan
2024-06-07T16:04:47,84.530220,-59.968197,nan
2024-06-07T16:04:46,84.530243,-59.967758,nan
2024-06-07T16:04:46,84.530266,-59.967312,nan
2024-06-07T16:04:45,84.530296,-59.966866,nan
2024-06-07T16:04:45,84.530312,-59.966419,nan
2024-06-07T16:04:44,84.530334,-59.965965,nan
2024-06-07T16:04:44,84.530357,-59.965511,nan
2024-06-07T16:04:43,84.530380,-59.965057,nan
2024-06-07T16:04:43,84.530411,-59.964600,nan
2024-06-07T16:04:42,84.530434,-59.964142,nan
2024-06-07T16:04:42,84.530457,-59.963680,nan
2024-06-07T16:04:41,84.530479,-59.963226,nan
2024-06-07T16:04:41,84.530502,-59.962769,nan
2024-06-07T16:04:40,84.530525,-59.962311,nan
2024-06-07T16:04:40,84.530548,-59.961849,nan
2024-06-07T16:04:39,84.530563,-59.961388,nan
2024-06-07T16:04:39,84.530594,-59.960918,nan
2024-06-07T16:04:38,84.530617,-59.960445,nan
2024-06-07T16:04:38,84.530640,-59.959976,nan
2024-06-07T16:04:37,84.530663,-59.959499,nan
2024-06-07T16:04:37,84.530685,-59.959019,nan
2024-06-07T16:04:36,84.530708,-59.958546,nan
2024-06-07T16:04:36,84.530731,-59.958076,nan
2024-06-07T16:04:35,84.530754,-59.957607,nan
2024-06-07T16:04:35,84.530769,-59.957138,nan
2024-06-07T16:04:34,84.530792,-59.956676,nan
2024-06-07T16:04:34,84.530815,-59.956207,nan
2024-06-07T16:04:33,84.530838,-59.955742,nan
2024-06-07T16:04:33,84.530853,-59.955280,nan
2024-06-07T16:04:32,84.530876,-59.954823,nan
2024-06-07T16:04:32,84.530891,-59.954361,nan
2024-06-07T16:04:31,84.530914,-59.953903,nan
2024-06-07T16:04:31,84.530937,-59.953453,nan
2024-06-07T16:04:30,84.530952,-59.952991,nan
2024-06-07T16:04:30,84.530975,-59.952526,nan
2024-06-07T16:04:29,84.530998,-59.952068,nan
2024-06-07T16:04:29,84.531013,-59.951607,nan
2024-06-07T16:04:28,84.531036,-59.951145,nan
2024-06-07T16:04:28,84.531059,-59.950687,nan
2024-06-07T16:04:27,84.531075,-59.950233,nan
2024-06-07T16:04:27,84.531097,-59.949772,nan
2024-06-07T16:04:26,84.531113,-59.949318,nan
2024-06-07T16:04:26,84.531136,-59.948860,nan
2024-06-07T16:04:25,84.531158,-59.948391,nan
2024-06-07T16:04:25,84.531174,-59.947926,nan
2024-06-07T16:04:24,84.531197,-59.947472,nan
2024-06-07T16:04:24,84.531212,-59.947006,nan
2024-06-07T16:04:23,84.531235,-59.946545,nan
2024-06-07T16:04:23,84.531250,-59.946083,nan
2024-06-07T16:04:22,84.531265,-59.945629,nan
2024-06-07T16:04:22,84.531288,-59.945168,nan
2024-06-07T16:04:21,84.531303,-59.944714,nan
2024-06-07T16:04:21,84.531326,-59.944263,nan
2024-06-07T16:04:20,84.531342,-59.943810,nan
2024-06-07T16:04:20,84.531364,-59.943352,nan
2024-06-07T16:04:19,84.531380,-59.942898,nan
2024-06-07T16:04:19,84.531395,-59.942448,nan
2024-06-07T16:04:18,84.531410,-59.941990,nan
2024-06-07T16:04:18,84.531433,-59.941536,nan
2024-06-07T16:04:17,84.531448,-59.941086,nan
2024-06-07T16:04:17,84.531464,-59.940632,nan
2024-06-07T16:04:16,84.531487,-59.940174,nan
2024-06-07T16:04:16,84.531502,-59.939728,nan
2024-06-07T16:04:15,84.531517,-59.939281,nan
2024-06-07T16:04:15,84.531540,-59.938831,nan
2024-06-07T16:04:14,84.531555,-59.938385,nan
2024-06-07T16:04:14,84.531570,-59.937939,nan
2024-06-07T16:04:13,84.531586,-59.937492,nan
2024-06-07T16:04:13,84.531609,-59.937046,nan
2024-06-07T16:04:12,84.531624,-59.936607,nan
2024-06-07T16:04:12,84.531639,-59.936161,nan
2024-06-07T16:04:11,84.531662,-59.935719,nan
2024-06-07T16:04:11,84.531677,-59.935272,nan
2024-06-07T16:04:10,84.531693,-59.934834,nan
2024-06-07T16:04:10,84.531715,-59.934387,nan
2024-06-07T16:04:09,84.531731,-59.933941,nan
2024-06-07T16:04:09,84.531746,-59.933495,nan
2024-06-07T16:04:08,84.531769,-59.933041,nan
2024-06-07T16:04:08,84.531784,-59.932587,nan
2024-06-07T16:04:07,84.531799,-59.932133,nan
2024-06-07T16:04:07,84.531815,-59.931671,nan
2024-06-07T16:04:06,84.531830,-59.931206,nan
2024-06-07T16:04:06,84.531853,-59.930733,nan
2024-06-07T16:04:05,84.531868,-59.930260,nan
2024-06-07T16:04:05,84.531883,-59.929775,nan
2024-06-07T16:04:04,84.531898,-59.929295,nan
2024-06-07T16:04:04,84.531914,-59.928810,nan
2024-06-07T16:04:03,84.531937,-59.928314,nan
2024-06-07T16:04:03,84.531952,-59.927814,nan
2024-06-07T16:04:02,84.531967,-59.927322,nan
2024-06-07T16:04:02,84.531982,-59.926823,nan
2024-06-07T16:04:01,84.531998,-59.926315,nan
2024-06-07T16:04:01,84.532021,-59.925819,nan
2024-06-07T16:04:00,84.532036,-59.925316,nan
2024-06-07T16:04:00,84.532051,-59.924809,nan
2024-06-07T16:03:59,84.532066,-59.924301,nan
2024-06-07T16:03:59,84.532082,-59.923798,nan
2024-06-07T16:03:58,84.532097,-59.923283,nan
2024-06-07T16:03:58,84.532112,-59.922768,nan
2024-06-07T16:03:57,84.532127,-59.922256,nan
2024-06-07T16:03:57,84.532143,-59.921745,nan
2024-06-07T16:03:56,84.532158,-59.921234,nan
2024-06-07T16:03:55,84.532188,-59.920216,nan
2024-06-07T16:03:55,84.532204,-59.919704,nan
2024-06-07T16:03:54,84.532219,-59.919201,nan
2024-06-07T16:03:54,84.532234,-59.918694,nan
2024-06-07T16:03:53,84.532249,-59.918182,nan
2024-06-07T16:03:53,84.532257,-59.917667,nan
2024-06-07T16:03:52,84.532272,-59.917156,nan
2024-06-07T16:03:52,84.532288,-59.916634,nan
2024-06-07T16:03:51,84.532295,-59.916111,nan
2024-06-07T16:03:51,84.532310,-59.915588,nan
2024-06-07T16:03:50,84.532318,-59.915058,nan
2024-06-07T16:03:50,84.532333,-59.914524,nan
2024-06-07T16:03:49,84.532341,-59.913990,nan
2024-06-07T16:03:49,84.532349,-59.913464,nan
2024-06-07T16:03:48,84.532364,-59.912937,nan
2024-06-07T16:03:48,84.532372,-59.912422,nan
2024-06-07T16:03:47,84.532387,-59.911915,nan
2024-06-07T16:03:46,84.532410,-59.910919,nan
2024-06-07T16:03:46,84.532417,-59.910435,nan
2024-06-07T16:03:45,84.532433,-59.909946,nan
2024-06-07T16:03:45,84.532440,-59.909466,nan
2024-06-07T16:03:44,84.532455,-59.908989,nan
2024-06-07T16:03:44,84.532471,-59.908504,nan
2024-06-07T16:03:43,84.532486,-59.908016,nan
2024-06-07T16:03:43,84.532501,-59.907536,nan
2024-06-07T16:03:42,84.532516,-59.907059,nan
2024-06-07T16:03:42,84.532539,-59.906582,nan
2024-06-07T16:03:41,84.532555,-59.906116,nan
2024-06-07T16:03:41,84.532570,-59.905651,nan
2024-06-07T16:03:40,84.532585,-59.905186,nan
2024-06-07T16:03:40,84.532608,-59.904724,nan
2024-06-07T16:03:39,84.532623,-59.904266,nan
2024-06-07T16:03:39,84.532639,-59.903809,nan
2024-06-07T16:03:38,84.532654,-59.903355,nan
2024-06-07T16:03:38,84.532669,-59.902905,nan
2024-06-07T16:03:37,84.532684,-59.902454,nan
2024-06-07T16:03:37,84.532707,-59.902008,nan
2024-06-07T16:03:36,84.532722,-59.901573,nan
2024-06-07T16:03:36,84.532745,-59.901142,nan
2024-06-07T16:03:35,84.532761,-59.900707,nan
2024-06-07T16:03:35,84.532784,-59.900284,nan
2024-06-07T16:03:34,84.532799,-59.899864,nan
2024-06-07T16:03:34,84.532822,-59.899445,nan
2024-06-07T16:03:33,84.532845,-59.899029,nan
2024-06-07T16:03:33,84.532860,-59.898617,nan
2024-06-07T16:03:32,84.532883,-59.898205,nan
2024-06-07T16:03:32,84.532906,-59.897797,nan
2024-06-07T16:03:31,84.532921,-59.897396,nan
2024-06-07T16:03:31,84.532944,-59.896988,nan
2024-06-07T16:03:30,84.532959,-59.896584,nan
2024-06-07T16:03:30,84.532982,-59.896183,nan
2024-06-07T16:03:29,84.533005,-59.895782,nan
2024-06-07T16:03:29,84.533020,-59.895382,nan
2024-06-07T16:03:28,84.533043,-59.894985,nan
2024-06-07T16:03:28,84.533058,-59.894588,nan
2024-06-07T16:03:27,84.533081,-59.894192,nan
2024-06-07T16:03:27,84.533104,-59.893803,nan
2024-06-07T16:03:26,84.533119,-59.893414,nan
2024-06-07T16:03:26,84.533142,-59.893021,nan
2024-06-07T16:03:25,84.533157,-59.892632,nan
2024-06-07T16:03:25,84.533180,-59.892242,nan
2024-06-07T16:03:24,84.533195,-59.891853,nan
2024-06-07T16:03:24,84.533218,-59.891468,nan
2024-06-07T16:03:23,84.533234,-59.891087,nan
2024-06-07T16:03:23,84.533257,-59.890701,nan
2024-06-07T16:03:22,84.533272,-59.890320,nan
2024-06-07T16:03:22,84.533287,-59.889946,nan
2024-06-07T16:03:21,84.533310,-59.889568,nan
2024-06-07T16:03:21,84.533325,-59.889194,nan
2024-06-07T16:03:20,84.533348,-59.888824,nan
2024-06-07T16:03:20,84.533363,-59.888451,nan
2024-06-07T16:03:19,84.533386,-59.888073,nan
2024-06-07T16:03:19,84.533401,-59.887699,nan
2024-06-07T16:03:18,84.533417,-59.887321,nan
2024-06-07T16:03:18,84.533440,-59.886944,nan
2024-06-07T16:03:17,84.533455,-59.886570,nan
2024-06-07T16:03:17,84.533478,-59.886185,nan
2024-06-07T16:03:16,84.533501,-59.885803,nan
2024-06-07T16:03:16,84.533516,-59.885422,nan
2024-06-07T16:03:15,84.533539,-59.885033,nan
2024-06-07T16:03:15,84.533554,-59.884644,nan
2024-06-07T16:03:14,84.533577,-59.884254,nan
2024-06-07T16:03:13,84.533615,-59.883469,nan
2024-06-07T16:03:13,84.533630,-59.883080,nan
2024-06-07T16:03:12,84.533653,-59.882690,nan
2024-06-07T16:03:12,84.533669,-59.882298,nan
2024-06-07T16:03:11,84.533691,-59.881912,nan
2024-06-07T16:03:11,84.533707,-59.881527,nan
2024-06-07T16:03:10,84.533722,-59.881145,nan
2024-06-07T16:03:10,84.533745,-59.880768,nan
2024-06-07T16:03:09,84.533760,-59.880386,nan
2024-06-07T16:03:09,84.533775,-59.880009,nan
2024-06-07T16:03:08,84.533798,-59.879639,nan
2024-06-07T16:03:08,84.533813,-59.879272,nan
2024-06-07T16:03:07,84.533829,-59.878906,nan
2024-06-07T16:03:07,84.533844,-59.878548,nan
2024-06-07T16:03:06,84.533859,-59.878189,nan
2024-06-07T16:03:06,84.533882,-59.877834,nan
2024-06-07T16:03:05,84.533897,-59.877480,nan
2024-06-07T16:03:05,84.533913,-59.877129,nan
2024-06-07T16:03:04,84.533928,-59.876770,nan
2024-06-07T16:03:04,84.533943,-59.876415,nan
2024-06-07T16:03:03,84.533958,-59.876064,nan
2024-06-07T16:03:03,84.533974,-59.875710,nan
2024-06-07T16:03:02,84.533997,-59.875355,nan
2024-06-07T16:03:02,84.534012,-59.875008,nan
2024-06-07T16:03:01,84.534027,-59.874653,nan
2024-06-07T16:03:01,84.534042,-59.874298,nan
2024-06-07T16:03:00,84.534058,-59.873947,nan
2024-06-07T16:03:00,84.534081,-59.873592,nan
2024-06-07T16:02:59,84.534096,-59.873234,nan
2024-06-07T16:02:59,84.534111,-59.872883,nan
2024-06-07T16:02:58,84.534126,-59.872524,nan
2024-06-07T16:02:58,84.534142,-59.872166,nan
2024-06-07T16:02:57,84.534164,-59.871811,nan
2024-06-07T16:02:57,84.534180,-59.871449,nan
2024-06-07T16:02:56,84.534195,-59.871082,nan
2024-06-07T16:02:56,84.534210,-59.870724,nan
2024-06-07T16:02:55,84.534225,-59.870354,nan
2024-06-07T16:02:55,84.534248,-59.869984,nan
2024-06-07T16:02:54,84.534264,-59.869621,nan
2024-06-07T16:02:54,84.534279,-59.869251,nan
2024-06-07T16:02:53,84.534302,-59.868877,nan
2024-06-07T16:02:53,84.534317,-59.868507,nan
2024-06-07T16:02:52,84.534332,-59.868134,nan
2024-06-07T16:02:52,84.534355,-59.867756,nan
2024-06-07T16:02:51,84.534370,-59.867378,nan
2024-06-07T16:02:51,84.534386,-59.867001,nan
2024-06-07T16:02:50,84.534401,-59.866619,nan
2024-06-07T16:02:50,84.534416,-59.866249,nan
2024-06-07T16:02:49,84.534431,-59.865875,nan
2024-06-07T16:02:49,84.534447,-59.865501,nan
2024-06-07T16:02:48,84.534462,-59.865135,nan
2024-06-07T16:02:48,84.534477,-59.864765,nan
2024-06-07T16:02:47,84.534492,-59.864399,nan
2024-06-07T16:02:47,84.534508,-59.864037,nan
2024-06-07T16:02:46,84.534523,-59.863670,nan
2024-06-07T16:02:46,84.534538,-59.863308,nan
2024-06-07T16:02:45,84.534569,-59.862583,nan
2024-06-07T16:02:44,84.534584,-59.862225,nan
2024-06-07T16:02:44,84.534599,-59.861870,nan
2024-06-07T16:02:43,84.534607,-59.861507,nan
2024-06-07T16:02:43,84.534622,-59.861149,nan
2024-06-07T16:02:42,84.534637,-59.860802,nan
2024-06-07T16:02:42,84.534653,-59.860447,nan
2024-06-07T16:02:41,84.534668,-59.860096,nan
2024-06-07T16:02:41,84.534676,-59.859753,nan
2024-06-07T16:02:40,84.534691,-59.859406,nan
2024-06-07T16:02:40,84.534706,-59.859062,nan
2024-06-07T16:02:39,84.534721,-59.858727,nan
2024-06-07T16:02:39,84.534729,-59.858383,nan
2024-06-07T16:02:38,84.534744,-59.858044,nan
2024-06-07T16:02:38,84.534760,-59.857712,nan
2024-06-07T16:02:37,84.534775,-59.857372,nan
2024-06-07T16:02:37,84.534790,-59.857033,nan
2024-06-07T16:02:36,84.534798,-59.856697,nan
2024-06-07T16:02:36,84.534813,-59.856358,nan
2024-06-07T16:02:35,84.534828,-59.856022,nan
2024-06-07T16:02:35,84.534843,-59.855690,nan
2024-06-07T16:02:34,84.534851,-59.855354,nan
2024-06-07T16:02:34,84.534866,-59.855019,nan
2024-06-07T16:02:33,84.534882,-59.854691,nan
2024-06-07T16:02:33,84.534889,-59.854359,nan
2024-06-07T16:02:32,84.534904,-59.854027,nan
2024-06-07T16:02:32,84.534920,-59.853699,nan
2024-06-07T16:02:31,84.534935,-59.853371,nan
2024-06-07T16:02:31,84.534950,-59.853039,nan
2024-06-07T16:02:30,84.534958,-59.852711,nan
2024-06-07T16:02:30,84.534973,-59.852386,nan
2024-06-07T16:02:29,84.534988,-59.852058,nan
2024-06-07T16:02:29,84.535004,-59.851742,nan
2024-06-07T16:02:28,84.535011,-59.851425,nan
2024-06-07T16:02:28,84.535027,-59.851112,nan
2024-06-07T16:02:27,84.535042,-59.850811,nan
2024-06-07T16:02:27,84.535049,-59.850510,nan
2024-06-07T16:02:26,84.535065,-59.850208,nan
2024-06-07T16:02:26,84.535080,-59.849918,nan
2024-06-07T16:02:25,84.535088,-59.849636,nan
2024-06-07T16:02:25,84.535103,-59.849354,nan
2024-06-07T16:02:24,84.535118,-59.849087,nan
2024-06-07T16:02:24,84.535126,-59.848816,nan
2024-06-07T16:02:23,84.535141,-59.848553,nan
2024-06-07T16:02:23,84.535156,-59.848301,nan
2024-06-07T16:02:22,84.535164,-59.848045,nan
2024-06-07T16:02:22,84.535179,-59.847797,nan
2024-06-07T16:02:21,84.535187,-59.847557,nan
2024-06-07T16:02:21,84.535194,-59.847321,nan
2024-06-07T16:02:20,84.535210,-59.847088,nan
2024-06-07T16:02:20,84.535217,-59.846855,nan
2024-06-07T16:02:19,84.535233,-59.846619,nan
2024-06-07T16:02:19,84.535240,-59.846382,nan
2024-06-07T16:02:18,84.535248,-59.846146,nan
2024-06-07T16:02:18,84.535263,-59.845901,nan
2024-06-07T16:02:17,84.535271,-59.845661,nan
2024-06-07T16:02:17,84.535286,-59.845432,nan
2024-06-07T16:02:16,84.535294,-59.845196,nan
2024-06-07T16:02:15,84.535324,-59.844742,nan
2024-06-07T16:02:15,84.535339,-59.844513,nan
2024-06-07T16:02:14,84.535347,-59.844288,nan
2024-06-07T16:02:14,84.535362,-59.844070,nan
2024-06-07T16:02:13,84.535378,-59.843845,nan
2024-06-07T16:02:13,84.535393,-59.843628,nan
2024-06-07T16:02:12,84.535408,-59.843410,nan
2024-06-07T16:02:12,84.535423,-59.843189,nan
2024-06-07T16:02:11,84.535439,-59.842972,nan
2024-06-07T16:02:11,84.535454,-59.842754,nan
2024-06-07T16:02:10,84.535469,-59.842537,nan
2024-06-07T16:02:10,84.535484,-59.842323,nan
2024-06-07T16:02:09,84.535500,-59.842106,nan
2024-06-07T16:02:08,84.535530,-59.841675,nan
2024-06-07T16:02:08,84.535545,-59.841450,nan
2024-06-07T16:02:07,84.535561,-59.841225,nan
2024-06-07T16:02:07,84.535568,-59.841003,nan
2024-06-07T16:02:06,84.535583,-59.840771,nan
2024-06-07T16:02:06,84.535599,-59.840538,nan
2024-06-07T16:02:05,84.535606,-59.840309,nan
2024-06-07T16:02:05,84.535622,-59.840073,nan
2024-06-07T16:02:04,84.535637,-59.839836,nan
2024-06-07T16:02:04,84.535652,-59.839603,nan
2024-06-07T16:02:03,84.535660,-59.839363,nan
2024-06-07T16:02:03,84.535675,-59.839130,nan
2024-06-07T16:02:02,84.535690,-59.838894,nan
2024-06-07T16:02:02,84.535706,-59.838657,nan
2024-06-07T16:02:01,84.535721,-59.838425,nan
2024-06-07T16:02:01,84.535736,-59.838192,nan
2024-06-07T16:02:00,84.535751,-59.837959,nan
2024-06-07T16:02:00,84.535767,-59.837730,nan
2024-06-07T16:01:59,84.535774,-59.837505,nan
2024-06-07T16:01:59,84.535789,-59.837276,nan
2024-06-07T16:01:58,84.535805,-59.837059,nan
2024-06-07T16:01:58,84.535812,-59.836842,nan
2024-06-07T16:01:57,84.535828,-59.836624,nan
2024-06-07T16:01:57,84.535843,-59.836414,nan
2024-06-07T16:01:56,84.535858,-59.836205,nan
2024-06-07T16:01:56,84.535866,-59.835995,nan
2024-06-07T16:01:55,84.535881,-59.835789,nan
2024-06-07T16:01:55,84.535896,-59.835579,nan
2024-06-07T16:01:54,84.535904,-59.835365,nan
2024-06-07T16:01:54,84.535919,-59.835159,nan
2024-06-07T16:01:53,84.535927,-59.834949,nan
2024-06-07T16:01:53,84.535942,-59.834743,nan
2024-06-07T16:01:52,84.535957,-59.834545,nan
2024-06-07T16:01:52,84.535973,-59.834351,nan
2024-06-07T16:01:51,84.535980,-59.834160,nan
2024-06-07T16:01:51,84.535995,-59.833973,nan
2024-06-07T16:01:50,84.536011,-59.833794,nan
2024-06-07T16:01:50,84.536018,-59.833614,nan
2024-06-07T16:01:49,84.536034,-59.833435,nan
2024-06-07T16:01:49,84.536049,-59.833260,nan
2024-06-07T16:01:48,84.536057,-59.833076,nan
2024-06-07T16:01:48,84.536072,-59.832901,nan
2024-06-07T16:01:47,84.536079,-59.832714,nan
2024-06-07T16:01:47,84.536087,-59.832523,nan
2024-06-07T16:01:46,84.536095,-59.832344,nan
2024-06-07T16:01:46,84.536102,-59.832153,nan
2024-06-07T16:01:45,84.536118,-59.831970,nan
2024-06-07T16:01:45,84.536118,-59.831791,nan
2024-06-07T16:01:44,84.536125,-59.831619,nan
2024-06-07T16:01:44,84.536133,-59.831448,nan
2024-06-07T16:01:43,84.536140,-59.831287,nan
2024-06-07T16:01:43,84.536148,-59.831127,nan
2024-06-07T16:01:42,84.536156,-59.830975,nan
2024-06-07T16:01:42,84.536163,-59.830822,nan
2024-06-07T16:01:41,84.536171,-59.830669,nan
2024-06-07T16:01:41,84.536171,-59.830528,nan
2024-06-07T16:01:40,84.536179,-59.830379,nan
2024-06-07T16:01:40,84.536186,-59.830235,nan
2024-06-07T16:01:39,84.536194,-59.830097,nan
2024-06-07T16:01:39,84.536201,-59.829952,nan
2024-06-07T16:01:38,84.536209,-59.829811,nan
2024-06-07T16:01:38,84.536217,-59.829674,nan
2024-06-07T16:01:37,84.536224,-59.829533,nan
2024-06-07T16:01:37,84.536240,-59.829391,nan
2024-06-07T16:01:36,84.536247,-59.829258,nan
2024-06-07T16:01:36,84.536255,-59.829121,nan
2024-06-07T16:01:35,84.536270,-59.828991,nan
2024-06-07T16:01:35,84.536278,-59.828869,nan
2024-06-07T16:01:34,84.536285,-59.828739,nan
2024-06-07T16:01:34,84.536301,-59.828617,nan
2024-06-07T16:01:33,84.536308,-59.828499,nan
2024-06-07T16:01:33,84.536316,-59.828373,nan
2024-06-07T16:01:32,84.536324,-59.828251,nan
2024-06-07T16:01:32,84.536339,-59.828133,nan
2024-06-07T16:01:31,84.536346,-59.828007,nan
2024-06-07T16:01:31,84.536354,-59.827885,nan
2024-06-07T16:01:30,84.536362,-59.827763,nan
2024-06-07T16:01:30,84.536377,-59.827644,nan
2024-06-07T16:01:29,84.536385,-59.827530,nan
2024-06-07T16:01:29,84.536392,-59.827415,nan
2024-06-07T16:01:28,84.536400,-59.827301,nan
2024-06-07T16:01:28,84.536415,-59.827194,nan
2024-06-07T16:01:27,84.536423,-59.827080,nan
2024-06-07T16:01:27,84.536430,-59.826965,nan
2024-06-07T16:01:26,84.536446,-59.826855,nan
2024-06-07T16:01:26,84.536453,-59.826736,nan
2024-06-07T16:01:25,84.536461,-59.826614,nan
2024-06-07T16:01:25,84.536469,-59.826500,nan
2024-06-07T16:01:24,84.536476,-59.826378,nan
2024-06-07T16:01:24,84.536491,-59.826256,nan
2024-06-07T16:01:23,84.536499,-59.826138,nan
2024-06-07T16:01:23,84.536507,-59.826015,nan
2024-06-07T16:01:22,84.536514,-59.825901,nan
2024-06-07T16:01:22,84.536530,-59.825790,nan
2024-06-07T16:01:21,84.536537,-59.825676,nan
2024-06-07T16:01:21,84.536545,-59.825577,nan
2024-06-07T16:01:20,84.536552,-59.825478,nan
2024-06-07T16:01:20,84.536560,-59.825375,nan
2024-06-07T16:01:19,84.536568,-59.825279,nan
2024-06-07T16:01:19,84.536583,-59.825180,nan
2024-06-07T16:01:18,84.536591,-59.825081,nan
2024-06-07T16:01:18,84.536598,-59.824993,nan
2024-06-07T16:01:17,84.536606,-59.824905,nan
2024-06-07T16:01:17,84.536613,-59.824821,nan
2024-06-07T16:01:16,84.536621,-59.824741,nan
2024-06-07T16:01:16,84.536629,-59.824657,nan
2024-06-07T16:01:15,84.536636,-59.824577,nan
2024-06-07T16:01:15,84.536652,-59.824497,nan
2024-06-07T16:01:14,84.536659,-59.824417,nan
2024-06-07T16:01:14,84.536667,-59.824341,nan
2024-06-07T16:01:13,84.536674,-59.824265,nan
2024-06-07T16:01:13,84.536690,-59.824188,nan
2024-06-07T16:01:12,84.536697,-59.824120,nan
2024-06-07T16:01:12,84.536705,-59.824047,nan
2024-06-07T16:01:11,84.536713,-59.823971,nan
2024-06-07T16:01:11,84.536728,-59.823906,nan
2024-06-07T16:01:10,84.536736,-59.823833,nan
2024-06-07T16:01:10,84.536743,-59.823765,nan
2024-06-07T16:01:09,84.536751,-59.823696,nan
2024-06-07T16:01:09,84.536758,-59.823624,nan
2024-06-07T16:01:08,84.536774,-59.823551,nan
2024-06-07T16:01:08,84.536781,-59.823486,nan
2024-06-07T16:01:07,84.536789,-59.823414,nan
2024-06-07T16:01:07,84.536797,-59.823345,nan
2024-06-07T16:01:06,84.536812,-59.823277,nan
2024-06-07T16:01:06,84.536819,-59.823208,nan
2024-06-07T16:01:05,84.536827,-59.823143,nan
2024-06-07T16:01:05,84.536835,-59.823074,nan
2024-06-07T16:01:04,84.536842,-59.823009,nan
2024-06-07T16:01:04,84.536858,-59.822952,nan
2024-06-07T16:01:03,84.536865,-59.822891,nan
2024-06-07T16:01:03,84.536865,-59.822838,nan
2024-06-07T16:01:02,84.536873,-59.822784,nan
2024-06-07T16:01:02,84.536880,-59.822739,nan
2024-06-07T16:01:01,84.536888,-59.822697,nan
2024-06-07T16:01:01,84.536896,-59.822651,nan
2024-06-07T16:01:00,84.536903,-59.822609,nan
2024-06-07T16:01:00,84.536903,-59.822578,nan
2024-06-07T16:00:59,84.536911,-59.822540,nan
2024-06-07T16:00:59,84.536919,-59.822506,nan
2024-06-07T16:00:58,84.536919,-59.822475,nan
2024-06-07T16:00:58,84.536926,-59.822437,nan
2024-06-07T16:00:57,84.536934,-59.822407,nan
2024-06-07T16:00:57,84.536942,-59.822376,nan
2024-06-07T16:00:56,84.536942,-59.822338,nan
2024-06-07T16:00:56,84.536949,-59.822315,nan
2024-06-07T16:00:55,84.536957,-59.822285,nan
2024-06-07T16:00:55,84.536964,-59.822250,nan
2024-06-07T16:00:54,84.536964,-59.822227,nan
2024-06-07T16:00:54,84.536972,-59.822197,nan
2024-06-07T16:00:53,84.536980,-59.822163,nan
2024-06-07T16:00:53,84.536987,-59.822128,nan
2024-06-07T16:00:52,84.536995,-59.822094,nan
2024-06-07T16:00:52,84.537003,-59.822063,nan
2024-06-07T16:00:51,84.537003,-59.822029,nan
2024-06-07T16:00:51,84.537010,-59.821983,nan
2024-06-07T16:00:50,84.537018,-59.821941,nan
2024-06-07T16:00:50,84.537025,-59.821896,nan
2024-06-07T16:00:49,84.537033,-59.821850,nan
2024-06-07T16:00:49,84.537041,-59.821808,nan
2024-06-07T16:00:48,84.537048,-59.821766,nan
2024-06-07T16:00:48,84.537056,-59.821720,nan
2024-06-07T16:00:47,84.537064,-59.821678,nan
2024-06-07T16:00:47,84.537071,-59.821632,nan
2024-06-07T16:00:46,84.537079,-59.821590,nan
2024-06-07T16:00:46,84.537086,-59.821548,nan
2024-06-07T16:00:45,84.537086,-59.821507,nan
2024-06-07T16:00:45,84.537094,-59.821468,nan
2024-06-07T16:00:44,84.537102,-59.821438,nan
2024-06-07T16:00:44,84.537109,-59.821404,nan
2024-06-07T16:00:43,84.537117,-59.821377,nan
2024-06-07T16:00:43,84.537125,-59.821354,nan
2024-06-07T16:00:42,84.537125,-59.821327,nan
2024-06-07T16:00:42,84.537132,-59.821304,nan
2024-06-07T16:00:41,84.537140,-59.821285,nan
2024-06-07T16:00:41,84.537148,-59.821266,nan
2024-06-07T16:00:40,84.537148,-59.821259,nan
2024-06-07T16:00:40,84.537155,-59.821243,nan
2024-06-07T16:00:39,84.537155,-59.821232,nan
2024-06-07T16:00:39,84.537163,-59.821220,nan
2024-06-07T16:00:38,84.537170,-59.821213,nan
2024-06-07T16:00:38,84.537170,-59.821201,nan
2024-06-07T16:00:37,84.537178,-59.821190,nan
2024-06-07T16:00:37,84.537178,-59.821171,nan
2024-06-07T16:00:36,84.537186,-59.821159,nan
2024-06-07T16:00:36,84.537186,-59.821144,nan
2024-06-07T16:00:35,84.537186,-59.821129,nan
2024-06-07T16:00:35,84.537193,-59.821114,nan
2024-06-07T16:00:34,84.537193,-59.821091,nan
2024-06-07T16:00:34,84.537193,-59.821079,nan
2024-06-07T16:00:33,84.537193,-59.821056,nan
2024-06-07T16:00:33,84.537193,-59.821037,nan
2024-06-07T16:00:32,84.537193,-59.821026,nan
2024-06-07T16:00:32,84.537193,-59.821007,nan
2024-06-07T16:00:31,84.537193,-59.820995,nan
2024-06-07T16:00:31,84.537193,-59.820984,nan
2024-06-07T16:00:30,84.537193,-59.820969,nan
2024-06-07T16:00:30,84.537193,-59.820969,nan
2024-06-07T16:00:29,84.537193,-59.820961,nan
2024-06-07T16:00:29,84.537193,-59.820965,nan
2024-06-07T16:00:28,84.537193,-59.820972,nan
2024-06-07T16:00:28,84.537193,-59.820980,nan
2024-06-07T16:00:27,84.537193,-59.820988,nan
2024-06-07T16:00:27,84.537193,-59.820999,nan
2024-06-07T16:00:26,84.537193,-59.821007,nan
2024-06-07T16:00:26,84.537193,-59.821014,nan
2024-06-07T16:00:25,84.537193,-59.821018,nan
2024-06-07T16:00:25,84.537201,-59.821026,nan
2024-06-07T16:00:24,84.537201,-59.821041,nan
2024-06-07T16:00:24,84.537201,-59.821053,nan
2024-06-07T16:00:23,84.537201,-59.821072,nan
2024-06-07T16:00:23,84.537201,-59.821095,nan
2024-06-07T16:00:22,84.537209,-59.821117,nan
2024-06-07T16:00:22,84.537209,-59.821144,nan
2024-06-07T16:00:21,84.537209,-59.821171,nan
2024-06-07T16:00:21,84.537209,-59.821194,nan
2024-06-07T16:00:20,84.537209,-59.821228,nan
2024-06-07T16:00:20,84.537216,-59.821259,nan
2024-06-07T16:00:19,84.537216,-59.821297,nan
2024-06-07T16:00:19,84.537216,-59.821331,nan
2024-06-07T16:00:18,84.537216,-59.821365,nan
2024-06-07T16:00:18,84.537216,-59.821411,nan
2024-06-07T16:00:17,84.537216,-59.821453,nan
2024-06-07T16:00:17,84.537224,-59.821491,nan
2024-06-07T16:00:16,84.537224,-59.821533,nan
2024-06-07T16:00:16,84.537224,-59.821568,nan
2024-06-07T16:00:15,84.537224,-59.821598,nan
2024-06-07T16:00:15,84.537224,-59.821640,nan
2024-06-07T16:00:14,84.537224,-59.821671,nan
2024-06-07T16:00:14,84.537231,-59.821705,nan
2024-06-07T16:00:13,84.537231,-59.821735,nan
2024-06-07T16:00:13,84.537231,-59.821770,nan
2024-06-07T16:00:12,84.537231,-59.821815,nan
2024-06-07T16:00:12,84.537231,-59.821857,nan
2024-06-07T16:00:11,84.537239,-59.821899,nan
2024-06-07T16:00:11,84.537239,-59.821949,nan
2024-06-07T16:00:10,84.537239,-59.821995,nan
2024-06-07T16:00:10,84.537239,-59.822041,nan
2024-06-07T16:00:09,84.537239,-59.822098,nan
2024-06-07T16:00:09,84.537239,-59.822147,nan
2024-06-07T16:00:08,84.537239,-59.822205,nan
2024-06-07T16:00:08,84.537239,-59.822266,nan
2024-06-07T16:00:07,84.537239,-59.822327,nan
2024-06-07T16:00:07,84.537239,-59.822388,nan
2024-06-07T16:00:06,84.537239,-59.822449,nan
2024-06-07T16:00:06,84.537239,-59.822502,nan
2024-06-07T16:00:05,84.537239,-59.822567,nan
2024-06-07T16:00:05,84.537239,-59.822624,nan
2024-06-07T16:00:04,84.537239,-59.822681,nan
2024-06-07T16:00:04,84.537239,-59.822739,nan
2024-06-07T16:00:03,84.537239,-59.822788,nan
2024-06-07T16:00:03,84.537239,-59.822845,nan
2024-06-07T16:00:02,84.537239,-59.822906,nan
2024-06-07T16:00:02,84.537247,-59.822960,nan
2024-06-07T16:00:01,84.537247,-59.823013,nan
2024-06-07T16:00:01,84.537247,-59.823067,nan
2024-06-07T16:00:00,84.537247,-59.823120,nan
2024-06-07T16:00:00,84.537247,-59.823177,nan
2024-06-07T15:59:59,84.537247,-59.823231,nan
2024-06-07T15:59:59,84.537247,-59.823288,nan
2024-06-07T15:59:58,84.537247,-59.823345,nan
2024-06-07T15:59:58,84.537247,-59.823399,nan
2024-06-07T15:59:57,84.537247,-59.823456,nan
2024-06-07T15:59:57,84.537247,-59.823509,nan
2024-06-07T15:59:56,84.537247,-59.823563,nan
2024-06-07T15:59:56,84.537247,-59.823616,nan
2024-06-07T15:59:55,84.537247,-59.823666,nan
2024-06-07T15:59:55,84.537247,-59.823723,nan
2024-06-07T15:59:54,84.537239,-59.823772,nan
2024-06-07T15:59:54,84.537239,-59.823822,nan
2024-06-07T15:59:53,84.537239,-59.823879,nan
2024-06-07T15:59:53,84.537239,-59.823929,nan
2024-06-07T15:59:52,84.537231,-59.823978,nan
2024-06-07T15:59:52,84.537231,-59.824032,nan
2024-06-07T15:59:51,84.537231,-59.824085,nan
2024-06-07T15:59:51,84.537231,-59.824142,nan
2024-06-07T15:59:50,84.537224,-59.824200,nan
2024-06-07T15:59:50,84.537224,-59.824257,nan
2024-06-07T15:59:49,84.537216,-59.824314,nan
2024-06-07T15:59:49,84.537216,-59.824375,nan
2024-06-07T15:59:48,84.537209,-59.824436,nan
2024-06-07T15:59:48,84.537209,-59.824505,nan
2024-06-07T15:59:47,84.537201,-59.824570,nan
2024-06-07T15:59:47,84.537201,-59.824638,nan
2024-06-07T15:59:46,84.537193,-59.824707,nan
2024-06-07T15:59:46,84.537193,-59.824772,nan
2024-06-07T15:59:45,84.537186,-59.824848,nan
2024-06-07T15:59:45,84.537186,-59.824917,nan
2024-06-07T15:59:44,84.537178,-59.824989,nan
2024-06-07T15:59:44,84.537178,-59.825066,nan
2024-06-07T15:59:43,84.537170,-59.825142,nan
2024-06-07T15:59:43,84.537170,-59.825222,nan
2024-06-07T15:59:42,84.537163,-59.825306,nan
2024-06-07T15:59:42,84.537163,-59.825386,nan
2024-06-07T15:59:41,84.537155,-59.825478,nan
2024-06-07T15:59:41,84.537148,-59.825558,nan
2024-06-07T15:59:40,84.537148,-59.825642,nan
2024-06-07T15:59:40,84.537140,-59.825733,nan
2024-06-07T15:59:39,84.537140,-59.825825,nan
2024-06-07T15:59:39,84.537132,-59.825920,nan
2024-06-07T15:59:38,84.537132,-59.826019,nan
2024-06-07T15:59:38,84.537125,-59.826118,nan
2024-06-07T15:59:37,84.537125,-59.826221,nan
2024-06-07T15:59:37,84.537117,-59.826321,nan
2024-06-07T15:59:36,84.537117,-59.826420,nan
2024-06-07T15:59:36,84.537109,-59.826527,nan
2024-06-07T15:59:35,84.537102,-59.826626,nan
2024-06-07T15:59:35,84.537102,-59.826729,nan
2024-06-07T15:59:34,84.537094,-59.826836,nan
2024-06-07T15:59:34,84.537086,-59.826939,nan
2024-06-07T15:59:33,84.537086,-59.827053,nan
2024-06-07T15:59:33,84.537079,-59.827164,nan
2024-06-07T15:59:32,84.537079,-59.827278,nan
2024-06-07T15:59:32,84.537071,-59.827389,nan
2024-06-07T15:59:31,84.537064,-59.827503,nan
2024-06-07T15:59:31,84.537064,-59.827618,nan
2024-06-07T15:59:30,84.537056,-59.827728,nan
2024-06-07T15:59:30,84.537056,-59.827843,nan
2024-06-07T15:59:29,84.537048,-59.827957,nan
2024-06-07T15:59:29,84.537041,-59.828064,nan
2024-06-07T15:59:28,84.537041,-59.828175,nan
2024-06-07T15:59:28,84.537033,-59.828278,nan
2024-06-07T15:59:27,84.537025,-59.828377,nan
2024-06-07T15:59:27,84.537025,-59.828484,nan
2024-06-07T15:59:26,84.537018,-59.828583,nan
2024-06-07T15:59:26,84.537018,-59.828686,nan
2024-06-07T15:59:25,84.537010,-59.828796,nan
2024-06-07T15:59:25,84.537003,-59.828899,nan
2024-06-07T15:59:24,84.537003,-59.829014,nan
2024-06-07T15:59:24,84.536995,-59.829128,nan
2024-06-07T15:59:23,84.536987,-59.829239,nan
2024-06-07T15:59:23,84.536987,-59.829357,nan
2024-06-07T15:59:22,84.536980,-59.829479,nan
2024-06-07T15:59:22,84.536980,-59.829601,nan
2024-06-07T15:59:21,84.536980,-59.829727,nan
2024-06-07T15:59:21,84.536972,-59.829849,nan
2024-06-07T15:59:20,84.536972,-59.829975,nan
2024-06-07T15:59:20,84.536964,-59.830097,nan
2024-06-07T15:59:19,84.536964,-59.830215,nan
2024-06-07T15:59:19,84.536964,-59.830345,nan
2024-06-07T15:59:18,84.536964,-59.830475,nan
2024-06-07T15:59:18,84.536957,-59.830601,nan
2024-06-07T15:59:17,84.536957,-59.830734,nan
2024-06-07T15:59:17,84.536957,-59.830868,nan
2024-06-07T15:59:16,84.536949,-59.831001,nan
2024-06-07T15:59:16,84.536949,-59.831146,nan
2024-06-07T15:59:15,84.536949,-59.831291,nan
2024-06-07T15:59:15,84.536942,-59.831451,nan
2024-06-07T15:59:14,84.536942,-59.831608,nan
2024-06-07T15:59:14,84.536942,-59.831764,nan
2024-06-07T15:59:13,84.536942,-59.831924,nan
2024-06-07T15:59:13,84.536949,-59.832081,nan
2024-06-07T15:59:12,84.536949,-59.832245,nan
2024-06-07T15:59:12,84.536949,-59.832405,nan
2024-06-07T15:59:11,84.536949,-59.832561,nan
2024-06-07T15:59:11,84.536949,-59.832726,nan
2024-06-07T15:59:10,84.536949,-59.832886,nan
2024-06-07T15:59:10,84.536949,-59.833050,nan
2024-06-07T15:59:09,84.536949,-59.833218,nan
2024-06-07T15:59:09,84.536949,-59.833382,nan
2024-06-07T15:59:08,84.536949,-59.833553,nan
2024-06-07T15:59:08,84.536949,-59.833721,nan
2024-06-07T15:59:07,84.536957,-59.833904,nan
2024-06-07T15:59:07,84.536949,-59.834080,nan
2024-06-07T15:59:06,84.536949,-59.834263,nan
2024-06-07T15:59:06,84.536949,-59.834454,nan
2024-06-07T15:59:05,84.536949,-59.834641,nan
2024-06-07T15:59:05,84.536957,-59.834831,nan
2024-06-07T15:59:04,84.536949,-59.835022,nan
2024-06-07T15:59:04,84.536957,-59.835213,nan
2024-06-07T15:59:03,84.536957,-59.835407,nan
2024-06-07T15:59:03,84.536957,-59.835598,nan
2024-06-07T15:59:02,84.536957,-59.835793,nan
2024-06-07T15:59:02,84.536957,-59.835983,nan
2024-06-07T15:59:01,84.536957,-59.836182,nan
2024-06-07T15:59:01,84.536957,-59.836380,nan
2024-06-07T15:59:00,84.536957,-59.836575,nan
2024-06-07T15:59:00,84.536957,-59.836773,nan
2024-06-07T15:58:59,84.536949,-59.836971,nan
2024-06-07T15:58:59,84.536949,-59.837173,nan
2024-06-07T15:58:58,84.536949,-59.837383,nan
2024-06-07T15:58:58,84.536949,-59.837585,nan
2024-06-07T15:58:57,84.536942,-59.837799,nan
2024-06-07T15:58:57,84.536942,-59.838013,nan
2024-06-07T15:58:56,84.536942,-59.838226,nan
2024-06-07T15:58:56,84.536934,-59.838448,nan
2024-06-07T15:58:55,84.536934,-59.838669,nan
2024-06-07T15:58:55,84.536926,-59.838902,nan
2024-06-07T15:58:54,84.536926,-59.839142,nan
2024-06-07T15:58:54,84.536926,-59.839378,nan
2024-06-07T15:58:53,84.536919,-59.839630,nan
2024-06-07T15:58:53,84.536919,-59.839882,nan
2024-06-07T15:58:52,84.536911,-59.840141,nan
2024-06-07T15:58:52,84.536911,-59.840397,nan
2024-06-07T15:58:51,84.536911,-59.840652,nan
2024-06-07T15:58:51,84.536903,-59.840916,nan
2024-06-07T15:58:50,84.536903,-59.841171,nan
2024-06-07T15:58:50,84.536903,-59.841431,nan
2024-06-07T15:58:49,84.536896,-59.841686,nan
2024-06-07T15:58:49,84.536896,-59.841946,nan
2024-06-07T15:58:48,84.536888,-59.842205,nan
2024-06-07T15:58:48,84.536888,-59.842461,nan
2024-06-07T15:58:47,84.536880,-59.842720,nan
2024-06-07T15:58:47,84.536880,-59.842972,nan
2024-06-07T15:58:46,84.536873,-59.843224,nan
2024-06-07T15:58:46,84.536865,-59.843479,nan
2024-06-07T15:58:45,84.536865,-59.843731,nan
2024-06-07T15:58:45,84.536858,-59.843987,nan
2024-06-07T15:58:44,84.536850,-59.844238,nan
2024-06-07T15:58:44,84.536850,-59.844490,nan
2024-06-07T15:58:43,84.536842,-59.844746,nan
2024-06-07T15:58:43,84.536835,-59.844997,nan
2024-06-07T15:58:42,84.536827,-59.845249,nan
2024-06-07T15:58:42,84.536819,-59.845497,nan
2024-06-07T15:58:41,84.536812,-59.845745,nan
2024-06-07T15:58:41,84.536804,-59.845993,nan
2024-06-07T15:58:40,84.536797,-59.846230,nan
2024-06-07T15:58:40,84.536789,-59.846478,nan
2024-06-07T15:58:39,84.536774,-59.846718,nan
2024-06-07T15:58:39,84.536766,-59.846958,nan
2024-06-07T15:58:38,84.536758,-59.847198,nan
2024-06-07T15:58:38,84.536751,-59.847439,nan
2024-06-07T15:58:37,84.536736,-59.847687,nan
2024-06-07T15:58:37,84.536728,-59.847923,nan
2024-06-07T15:58:36,84.536720,-59.848167,nan
2024-06-07T15:58:36,84.536713,-59.848412,nan
2024-06-07T15:58:35,84.536705,-59.848652,nan
2024-06-07T15:58:35,84.536697,-59.848900,nan
2024-06-07T15:58:34,84.536690,-59.849140,nan
2024-06-07T15:58:34,84.536674,-59.849392,nan
2024-06-07T15:58:33,84.536667,-59.849636,nan
2024-06-07T15:58:33,84.536659,-59.849884,nan
2024-06-07T15:58:32,84.536652,-59.850136,nan
2024-06-07T15:58:32,84.536644,-59.850384,nan
2024-06-07T15:58:31,84.536636,-59.850632,nan
2024-06-07T15:58:31,84.536629,-59.850876,nan
2024-06-07T15:58:30,84.536621,-59.851124,nan
2024-06-07T15:58:30,84.536613,-59.851372,nan
2024-06-07T15:58:29,84.536606,-59.851620,nan
2024-06-07T15:58:29,84.536591,-59.851864,nan
2024-06-07T15:58:28,84.536583,-59.852104,nan
2024-06-07T15:58:28,84.536575,-59.852352,nan
2024-06-07T15:58:27,84.536568,-59.852596,nan
2024-06-07T15:58:27,84.536552,-59.852848,nan
2024-06-07T15:58:26,84.536545,-59.853100,nan
2024-06-07T15:58:26,84.536530,-59.853352,nan
2024-06-07T15:58:25,84.536522,-59.853607,nan
2024-06-07T15:58:25,84.536514,-59.853855,nan
2024-06-07T15:58:24,84.536499,-59.854107,nan
2024-06-07T15:58:24,84.536491,-59.854362,nan
2024-06-07T15:58:23,84.536476,-59.854618,nan
2024-06-07T15:58:23,84.536469,-59.854877,nan
2024-06-07T15:58:22,84.536453,-59.855125,nan
2024-06-07T15:58:22,84.536446,-59.855389,nan
2024-06-07T15:58:21,84.536430,-59.855640,nan
2024-06-07T15:58:21,84.536415,-59.855896,nan
2024-06-07T15:58:20,84.536407,-59.856152,nan
2024-06-07T15:58:20,84.536392,-59.856407,nan
2024-06-07T15:58:19,84.536377,-59.856670,nan
2024-06-07T15:58:19,84.536362,-59.856926,nan
2024-06-07T15:58:18,84.536346,-59.857185,nan
2024-06-07T15:58:18,84.536339,-59.857445,nan
2024-06-07T15:58:17,84.536324,-59.857700,nan
2024-06-07T15:58:17,84.536301,-59.857964,nan
2024-06-07T15:58:16,84.536285,-59.858231,nan
2024-06-07T15:58:16,84.536270,-59.858498,nan
2024-06-07T15:58:15,84.536255,-59.858780,nan
2024-06-07T15:58:15,84.536240,-59.859051,nan
2024-06-07T15:58:14,84.536224,-59.859329,nan
2024-06-07T15:58:14,84.536201,-59.859604,nan
2024-06-07T15:58:13,84.536186,-59.859879,nan
2024-06-07T15:58:13,84.536171,-59.860149,nan
2024-06-07T15:58:12,84.536156,-59.860420,nan
2024-06-07T15:58:12,84.536133,-59.860699,nan
2024-06-07T15:58:11,84.536118,-59.860966,nan
2024-06-07T15:58:11,84.536095,-59.861240,nan
2024-06-07T15:58:10,84.536079,-59.861511,nan
2024-06-07T15:58:10,84.536057,-59.861790,nan
2024-06-07T15:58:09,84.536041,-59.862064,nan
2024-06-07T15:58:09,84.536018,-59.862343,nan
2024-06-07T15:58:08,84.535995,-59.862625,nan
2024-06-07T15:58:08,84.535980,-59.862904,nan
2024-06-07T15:58:07,84.535957,-59.863186,nan
2024-06-07T15:58:07,84.535942,-59.863464,nan
2024-06-07T15:58:06,84.535919,-59.863747,nan
2024-06-07T15:58:06,84.535904,-59.864029,nan
2024-06-07T15:58:05,84.535881,-59.864307,nan
2024-06-07T15:58:05,84.535858,-59.864594,nan
2024-06-07T15:58:04,84.535843,-59.864868,nan
2024-06-07T15:58:04,84.535820,-59.865150,nan
2024-06-07T15:58:03,84.535805,-59.865425,nan
2024-06-07T15:58:03,84.535782,-59.865700,nan
2024-06-07T15:58:02,84.535767,-59.865982,nan
2024-06-07T15:58:02,84.535744,-59.866261,nan
2024-06-07T15:58:01,84.535728,-59.866547,nan
2024-06-07T15:58:01,84.535706,-59.866829,nan
2024-06-07T15:58:00,84.535690,-59.867111,nan
2024-06-07T15:58:00,84.535675,-59.867405,nan
2024-06-07T15:57:59,84.535660,-59.867691,nan
2024-06-07T15:57:59,84.535637,-59.867985,nan
2024-06-07T15:57:58,84.535622,-59.868279,nan
2024-06-07T15:57:58,84.535606,-59.868572,nan
2024-06-07T15:57:57,84.535591,-59.868877,nan
2024-06-07T15:57:57,84.535568,-59.869179,nan
2024-06-07T15:57:56,84.535553,-59.869488,nan
2024-06-07T15:57:56,84.535538,-59.869797,nan
2024-06-07T15:57:55,84.535522,-59.870110,nan
2024-06-07T15:57:55,84.535500,-59.870426,nan
2024-06-07T15:57:54,84.535484,-59.870739,nan
2024-06-07T15:57:54,84.535469,-59.871059,nan
2024-06-07T15:57:53,84.535446,-59.871372,nan
2024-06-07T15:57:53,84.535431,-59.871693,nan
2024-06-07T15:57:52,84.535416,-59.872013,nan
2024-06-07T15:57:52,84.535393,-59.872337,nan
2024-06-07T15:57:51,84.535378,-59.872665,nan
2024-06-07T15:57:51,84.535362,-59.872990,nan
2024-06-07T15:57:50,84.535339,-59.873318,nan
2024-06-07T15:57:50,84.535324,-59.873650,nan
2024-06-07T15:57:49,84.535309,-59.873974,nan
2024-06-07T15:57:49,84.535286,-59.874310,nan
2024-06-07T15:57:48,84.535271,-59.874645,nan
2024-06-07T15:57:48,84.535248,-59.874989,nan
2024-06-07T15:57:47,84.535225,-59.875340,nan
2024-06-07T15:57:47,84.535210,-59.875687,nan
2024-06-07T15:57:46,84.535187,-59.876045,nan
2024-06-07T15:57:46,84.535164,-59.876408,nan
2024-06-07T15:57:45,84.535141,-59.876766,nan
2024-06-07T15:57:45,84.535118,-59.877132,nan
2024-06-07T15:57:44,84.535095,-59.877499,nan
2024-06-07T15:57:44,84.535080,-59.877865,nan
2024-06-07T15:57:43,84.535057,-59.878227,nan
2024-06-07T15:57:43,84.535034,-59.878590,nan
2024-06-07T15:57:42,84.535011,-59.878952,nan
2024-06-07T15:57:42,84.534988,-59.879311,nan
2024-06-07T15:57:41,84.534966,-59.879673,nan
2024-06-07T15:57:41,84.534943,-59.880032,nan
2024-06-07T15:57:40,84.534920,-59.880394,nan
2024-06-07T15:57:40,84.534897,-59.880753,nan
2024-06-07T15:57:39,84.534866,-59.881115,nan
2024-06-07T15:57:39,84.534843,-59.881474,nan
2024-06-07T15:57:38,84.534821,-59.881832,nan
2024-06-07T15:57:38,84.534798,-59.882198,nan
2024-06-07T15:57:37,84.534775,-59.882557,nan
2024-06-07T15:57:37,84.534744,-59.882919,nan
2024-06-07T15:57:36,84.534721,-59.883278,nan
2024-06-07T15:57:36,84.534698,-59.883636,nan
2024-06-07T15:57:35,84.534668,-59.883995,nan
2024-06-07T15:57:35,84.534645,-59.884350,nan
2024-06-07T15:57:34,84.534622,-59.884708,nan
2024-06-07T15:57:34,84.534599,-59.885059,nan
2024-06-07T15:57:33,84.534569,-59.885414,nan
2024-06-07T15:57:33,84.534546,-59.885765,nan
2024-06-07T15:57:32,84.534523,-59.886116,nan
2024-06-07T15:57:32,84.534492,-59.886471,nan
2024-06-07T15:57:31,84.534470,-59.886814,nan
2024-06-07T15:57:31,84.534447,-59.887173,nan
2024-06-07T15:57:30,84.534416,-59.887520,nan
2024-06-07T15:57:30,84.534393,-59.887878,nan
2024-06-07T15:57:29,84.534363,-59.888229,nan
2024-06-07T15:57:29,84.534340,-59.888580,nan
2024-06-07T15:57:28,84.534309,-59.888931,nan
2024-06-07T15:57:28,84.534286,-59.889275,nan
2024-06-07T15:57:27,84.534264,-59.889622,nan
2024-06-07T15:57:27,84.534233,-59.889961,nan
2024-06-07T15:57:26,84.534210,-59.890301,nan
2024-06-07T15:57:26,84.534180,-59.890633,nan
2024-06-07T15:57:25,84.534157,-59.890968,nan
2024-06-07T15:57:25,84.534126,-59.891296,nan
2024-06-07T15:57:24,84.534103,-59.891621,nan
2024-06-07T15:57:24,84.534073,-59.891949,nan
2024-06-07T15:57:23,84.534050,-59.892265,nan
2024-06-07T15:57:23,84.534019,-59.892586,nan
2024-06-07T15:57:22,84.533997,-59.892902,nan
2024-06-07T15:57:22,84.533974,-59.893211,nan
2024-06-07T15:57:21,84.533943,-59.893517,nan
2024-06-07T15:57:21,84.533920,-59.893810,nan
2024-06-07T15:57:20,84.533897,-59.894112,nan
2024-06-07T15:57:20,84.533875,-59.894402,nan
2024-06-07T15:57:19,84.533844,-59.894695,nan
2024-06-07T15:57:19,84.533821,-59.894985,nan
2024-06-07T15:57:18,84.533798,-59.895271,nan
2024-06-07T15:57:18,84.533775,-59.895561,nan
2024-06-07T15:57:17,84.533760,-59.895840,nan
2024-06-07T15:57:17,84.533737,-59.896126,nan
2024-06-07T15:57:16,84.533714,-59.896400,nan
2024-06-07T15:57:16,84.533691,-59.896679,nan
2024-06-07T15:57:15,84.533669,-59.896957,nan
2024-06-07T15:57:15,84.533646,-59.897240,nan
2024-06-07T15:57:14,84.533623,-59.897518,nan
2024-06-07T15:57:14,84.533600,-59.897797,nan
2024-06-07T15:57:13,84.533577,-59.898083,nan
2024-06-07T15:57:13,84.533562,-59.898357,nan
2024-06-07T15:57:12,84.533539,-59.898643,nan
2024-06-07T15:57:12,84.533516,-59.898918,nan
2024-06-07T15:57:11,84.533493,-59.899200,nan
2024-06-07T15:57:11,84.533470,-59.899479,nan
2024-06-07T15:57:10,84.533447,-59.899757,nan
2024-06-07T15:57:10,84.533424,-59.900040,nan
2024-06-07T15:57:09,84.533409,-59.900314,nan
2024-06-07T15:57:09,84.533386,-59.900593,nan
2024-06-07T15:57:08,84.533363,-59.900864,nan
2024-06-07T15:57:08,84.533340,-59.901134,nan
2024-06-07T15:57:07,84.533318,-59.901402,nan
2024-06-07T15:57:07,84.533295,-59.901665,nan
2024-06-07T15:57:06,84.533272,-59.901928,nan
2024-06-07T15:57:06,84.533241,-59.902184,nan
2024-06-07T15:57:05,84.533218,-59.902439,nan
2024-06-07T15:57:05,84.533195,-59.902687,nan
2024-06-07T15:57:04,84.533173,-59.902931,nan
2024-06-07T15:57:04,84.533150,-59.903187,nan
2024-06-07T15:57:03,84.533119,-59.903439,nan
2024-06-07T15:57:03,84.533096,-59.903694,nan
2024-06-07T15:57:02,84.533073,-59.903946,nan
2024-06-07T15:57:02,84.533051,-59.904205,nan
2024-06-07T15:57:01,84.533020,-59.904461,nan
2024-06-07T15:57:01,84.532997,-59.904716,nan
2024-06-07T15:57:00,84.532974,-59.904980,nan
2024-06-07T15:57:00,84.532951,-59.905235,nan
2024-06-07T15:56:59,84.532921,-59.905502,nan
2024-06-07T15:56:59,84.532898,-59.905762,nan
2024-06-07T15:56:58,84.532875,-59.906033,nan
2024-06-07T15:56:58,84.532852,-59.906300,nan
2024-06-07T15:56:57,84.532829,-59.906567,nan
2024-06-07T15:56:57,84.532806,-59.906841,nan
2024-06-07T15:56:56,84.532784,-59.907112,nan
2024-06-07T15:56:56,84.532761,-59.907398,nan
2024-06-07T15:56:55,84.532738,-59.907681,nan
2024-06-07T15:56:55,84.532715,-59.907974,nan
2024-06-07T15:56:54,84.532692,-59.908260,nan
2024-06-07T15:56:54,84.532669,-59.908558,nan
2024-06-07T15:56:53,84.532646,-59.908855,nan
2024-06-07T15:56:53,84.532623,-59.909149,nan
2024-06-07T15:56:52,84.532600,-59.909447,nan
2024-06-07T15:56:52,84.532578,-59.909737,nan
2024-06-07T15:56:51,84.532555,-59.910027,nan
2024-06-07T15:56:51,84.532532,-59.910313,nan
2024-06-07T15:56:50,84.532501,-59.910606,nan
2024-06-07T15:56:50,84.532478,-59.910900,nan
2024-06-07T15:56:49,84.532455,-59.911201,nan
2024-06-07T15:56:49,84.532433,-59.911503,nan
2024-06-07T15:56:48,84.532410,-59.911804,nan
2024-06-07T15:56:48,84.532387,-59.912117,nan
2024-06-07T15:56:47,84.532364,-59.912426,nan
2024-06-07T15:56:47,84.532341,-59.912743,nan
2024-06-07T15:56:46,84.532310,-59.913055,nan
2024-06-07T15:56:46,84.532288,-59.913376,nan
2024-06-07T15:56:45,84.532265,-59.913692,nan
2024-06-07T15:56:45,84.532242,-59.914013,nan
2024-06-07T15:56:44,84.532211,-59.914333,nan
2024-06-07T15:56:44,84.532188,-59.914658,nan
2024-06-07T15:56:43,84.532166,-59.914986,nan
2024-06-07T15:56:43,84.532135,-59.915314,nan
2024-06-07T15:56:42,84.532112,-59.915649,nan
2024-06-07T15:56:42,84.532082,-59.915985,nan
2024-06-07T15:56:41,84.532051,-59.916325,nan
2024-06-07T15:56:41,84.532028,-59.916668,nan
2024-06-07T15:56:40,84.531998,-59.917015,nan
2024-06-07T15:56:40,84.531967,-59.917366,nan
2024-06-07T15:56:39,84.531937,-59.917717,nan
2024-06-07T15:56:39,84.531914,-59.918072,nan
2024-06-07T15:56:38,84.531883,-59.918430,nan
2024-06-07T15:56:38,84.531853,-59.918797,nan
2024-06-07T15:56:37,84.531822,-59.919159,nan
2024-06-07T15:56:37,84.531792,-59.919529,nan
2024-06-07T15:56:36,84.531761,-59.919907,nan
2024-06-07T15:56:36,84.531731,-59.920277,nan
2024-06-07T15:56:35,84.531700,-59.920662,nan
2024-06-07T15:56:35,84.531670,-59.921040,nan
2024-06-07T15:56:34,84.531639,-59.921425,nan
2024-06-07T15:56:34,84.531609,-59.921806,nan
2024-06-07T15:56:33,84.531570,-59.922192,nan
2024-06-07T15:56:33,84.531540,-59.922569,nan
2024-06-07T15:56:32,84.531509,-59.922943,nan
2024-06-07T15:56:32,84.531479,-59.923317,nan
2024-06-07T15:56:31,84.531448,-59.923691,nan
2024-06-07T15:56:31,84.531410,-59.924068,nan
2024-06-07T15:56:30,84.531380,-59.924435,nan
2024-06-07T15:56:30,84.531357,-59.924809,nan
2024-06-07T15:56:29,84.531326,-59.925175,nan
2024-06-07T15:56:29,84.531296,-59.925549,nan
2024-06-07T15:56:28,84.531265,-59.925915,nan
2024-06-07T15:56:28,84.531242,-59.926285,nan
2024-06-07T15:56:27,84.531212,-59.926662,nan
2024-06-07T15:56:27,84.531181,-59.927032,nan
2024-06-07T15:56:26,84.531158,-59.927406,nan
2024-06-07T15:56:26,84.531128,-59.927780,nan
2024-06-07T15:56:25,84.531105,-59.928158,nan
2024-06-07T15:56:25,84.531075,-59.928528,nan
2024-06-07T15:56:24,84.531044,-59.928905,nan
2024-06-07T15:56:24,84.531013,-59.929272,nan
2024-06-07T15:56:23,84.530991,-59.929646,nan
2024-06-07T15:56:23,84.530960,-59.930012,nan
2024-06-07T15:56:22,84.530930,-59.930386,nan
2024-06-07T15:56:22,84.530899,-59.930752,nan
2024-06-07T15:56:21,84.530869,-59.931118,nan
2024-06-07T15:56:21,84.530838,-59.931484,nan
2024-06-07T15:56:20,84.530807,-59.931850,nan
2024-06-07T15:56:20,84.530785,-59.932224,nan
2024-06-07T15:56:19,84.530754,-59.932594,nan
2024-06-07T15:56:19,84.530724,-59.932980,nan
2024-06-07T15:56:18,84.530693,-59.933361,nan
2024-06-07T15:56:18,84.530663,-59.933754,nan
2024-06-07T15:56:17,84.530632,-59.934143,nan
2024-06-07T15:56:17,84.530609,-59.934544,nan
2024-06-07T15:56:16,84.530579,-59.934940,nan
2024-06-07T15:56:16,84.530548,-59.935352,nan
2024-06-07T15:56:15,84.530525,-59.935760,nan
2024-06-07T15:56:15,84.530495,-59.936180,nan
2024-06-07T15:56:14,84.530472,-59.936604,nan
2024-06-07T15:56:14,84.530441,-59.937023,nan
2024-06-07T15:56:13,84.530411,-59.937447,nan
2024-06-07T15:56:13,84.530388,-59.937862,nan
2024-06-07T15:56:12,84.530357,-59.938290,nan
2024-06-07T15:56:12,84.530334,-59.938709,nan
2024-06-07T15:56:11,84.530304,-59.939137,nan
2024-06-07T15:56:11,84.530281,-59.939556,nan
2024-06-07T15:56:10,84.530251,-59.939976,nan
2024-06-07T15:56:10,84.530228,-59.940395,nan
2024-06-07T15:56:09,84.530197,-59.940807,nan
2024-06-07T15:56:09,84.530174,-59.941227,nan
2024-06-07T15:56:08,84.530144,-59.941643,nan
2024-06-07T15:56:08,84.530121,-59.942066,nan
2024-06-07T15:56:07,84.530090,-59.942490,nan
2024-06-07T15:56:07,84.530067,-59.942913,nan
2024-06-07T15:56:06,84.530045,-59.943333,nan
2024-06-07T15:56:06,84.530022,-59.943733,nan
2024-06-07T15:56:05,84.529991,-59.944130,nan
2024-06-07T15:56:05,84.529968,-59.944504,nan
2024-06-07T15:56:04,84.529945,-59.944870,nan
2024-06-07T15:56:04,84.529922,-59.945213,nan
2024-06-07T15:56:03,84.529892,-59.945549,nan
2024-06-07T15:56:03,84.529869,-59.945873,nan
2024-06-07T15:56:02,84.529846,-59.946186,nan
2024-06-07T15:56:02,84.529823,-59.946499,nan
2024-06-07T15:56:01,84.529800,-59.946804,nan
2024-06-07T15:56:01,84.529778,-59.947113,nan
2024-06-07T15:56:00,84.529755,-59.947418,nan
2024-06-07T15:56:00,84.529732,-59.947727,nan
2024-06-07T15:55:59,84.529709,-59.948021,nan
2024-06-07T15:55:59,84.529694,-59.948322,nan
2024-06-07T15:55:58,84.529671,-59.948608,nan
2024-06-07T15:55:58,84.529655,-59.948895,nan
2024-06-07T15:55:57,84.529633,-59.949181,nan
2024-06-07T15:55:57,84.529610,-59.949459,nan
2024-06-07T15:55:56,84.529587,-59.949734,nan
2024-06-07T15:55:56,84.529572,-59.950005,nan
2024-06-07T15:55:55,84.529549,-59.950283,nan
2024-06-07T15:55:55,84.529526,-59.950546,nan
2024-06-07T15:55:54,84.529495,-59.950813,nan
2024-06-07T15:55:54,84.529472,-59.951069,nan
2024-06-07T15:55:53,84.529442,-59.951324,nan
2024-06-07T15:55:53,84.529419,-59.951572,nan
2024-06-07T15:55:52,84.529388,-59.951824,nan
2024-06-07T15:55:52,84.529358,-59.952065,nan
2024-06-07T15:55:51,84.529335,-59.952309,nan
2024-06-07T15:55:51,84.529305,-59.952545,nan
2024-06-07T15:55:50,84.529274,-59.952785,nan
2024-06-07T15:55:50,84.529243,-59.953022,nan
2024-06-07T15:55:49,84.529221,-59.953262,nan
2024-06-07T15:55:49,84.529190,-59.953495,nan
2024-06-07T15:55:48,84.529167,-59.953732,nan
2024-06-07T15:55:48,84.529137,-59.953972,nan
2024-06-07T15:55:47,84.529114,-59.954205,nan
2024-06-07T15:55:47,84.529099,-59.954430,nan
2024-06-07T15:55:46,84.529076,-59.954659,nan
2024-06-07T15:55:46,84.529053,-59.954876,nan
2024-06-07T15:55:45,84.529037,-59.955090,nan
2024-06-07T15:55:45,84.529022,-59.955303,nan
2024-06-07T15:55:44,84.528999,-59.955505,nan
2024-06-07T15:55:44,84.528992,-59.955711,nan
2024-06-07T15:55:43,84.528976,-59.955902,nan
2024-06-07T15:55:43,84.528961,-59.956097,nan
2024-06-07T15:55:42,84.528946,-59.956284,nan
2024-06-07T15:55:42,84.528938,-59.956474,nan
2024-06-07T15:55:41,84.528923,-59.956654,nan
2024-06-07T15:55:41,84.528915,-59.956833,nan
2024-06-07T15:55:40,84.528908,-59.957005,nan
2024-06-07T15:55:40,84.528893,-59.957188,nan
2024-06-07T15:55:39,84.528885,-59.957359,nan
2024-06-07T15:55:39,84.528877,-59.957539,nan
2024-06-07T15:55:38,84.528862,-59.957706,nan
2024-06-07T15:55:38,84.528854,-59.957882,nan
2024-06-07T15:55:37,84.528839,-59.958046,nan
2024-06-07T15:55:37,84.528831,-59.958214,nan
2024-06-07T15:55:36,84.528824,-59.958370,nan
2024-06-07T15:55:36,84.528809,-59.958538,nan
2024-06-07T15:55:35,84.528801,-59.958698,nan
2024-06-07T15:55:35,84.528786,-59.958855,nan
2024-06-07T15:55:34,84.528778,-59.959007,nan
2024-06-07T15:55:34,84.528770,-59.959148,nan
2024-06-07T15:55:33,84.528763,-59.959290,nan
2024-06-07T15:55:33,84.528755,-59.959415,nan
2024-06-07T15:55:32,84.528740,-59.959538,nan
2024-06-07T15:55:32,84.528732,-59.959637,nan
2024-06-07T15:55:31,84.528725,-59.959736,nan
2024-06-07T15:55:31,84.528717,-59.959812,nan
2024-06-07T15:55:30,84.528709,-59.959888,nan
2024-06-07T15:55:30,84.528702,-59.959946,nan
2024-06-07T15:55:29,84.528687,-59.960007,nan
2024-06-07T15:55:29,84.528679,-59.960056,nan
2024-06-07T15:55:28,84.528671,-59.960110,nan
2024-06-07T15:55:28,84.528664,-59.960159,nan
2024-06-07T15:55:27,84.528656,-59.960213,nan
2024-06-07T15:55:27,84.528648,-59.960258,nan
2024-06-07T15:55:26,84.528641,-59.960304,nan
2024-06-07T15:55:26,84.528641,-59.960346,nan
2024-06-07T15:55:25,84.528633,-59.960388,nan
2024-06-07T15:55:25,84.528625,-59.960423,nan
2024-06-07T15:55:24,84.528625,-59.960457,nan
2024-06-07T15:55:24,84.528618,-59.960487,nan
2024-06-07T15:55:23,84.528618,-59.960518,nan
2024-06-07T15:55:23,84.528610,-59.960548,nan
2024-06-07T15:55:22,84.528610,-59.960579,nan
2024-06-07T15:55:22,84.528603,-59.960621,nan
2024-06-07T15:55:21,84.528603,-59.960655,nan
2024-06-07T15:55:21,84.528595,-59.960709,nan
2024-06-07T15:55:20,84.528587,-59.960747,nan
2024-06-07T15:55:20,84.528587,-59.960793,nan
2024-06-07T15:55:19,84.528580,-59.960827,nan
2024-06-07T15:55:19,84.528572,-59.960869,nan
2024-06-07T15:55:18,84.528564,-59.960888,nan
2024-06-07T15:55:18,84.528557,-59.960915,nan
2024-06-07T15:55:17,84.528549,-59.960926,nan
2024-06-07T15:55:17,84.528542,-59.960949,nan
2024-06-07T15:55:16,84.528534,-59.960968,nan
2024-06-07T15:55:16,84.528534,-59.960991,nan
2024-06-07T15:55:15,84.528526,-59.961018,nan
2024-06-07T15:55:15,84.528519,-59.961048,nan
2024-06-07T15:55:14,84.528519,-59.961082,nan
2024-06-07T15:55:14,84.528511,-59.961124,nan
2024-06-07T15:55:13,84.528511,-59.961166,nan
2024-06-07T15:55:13,84.528503,-59.961220,nan
2024-06-07T15:55:12,84.528503,-59.961292,nan
2024-06-07T15:55:12,84.528503,-59.961384,nan
2024-06-07T15:55:11,84.528496,-59.961487,nan
2024-06-07T15:55:11,84.528496,-59.961597,nan
2024-06-07T15:55:10,84.528496,-59.961720,nan
2024-06-07T15:55:10,84.528496,-59.961842,nan
2024-06-07T15:55:09,84.528488,-59.961975,nan
2024-06-07T15:55:09,84.528488,-59.962120,nan
2024-06-07T15:55:08,84.528488,-59.962265,nan
2024-06-07T15:55:08,84.528488,-59.962399,nan
2024-06-07T15:55:07,84.528488,-59.962528,nan
2024-06-07T15:55:07,84.528488,-59.962627,nan
2024-06-07T15:55:06,84.528488,-59.962719,nan
2024-06-07T15:55:06,84.528488,-59.962791,nan
2024-06-07T15:55:05,84.528488,-59.962841,nan
2024-06-07T15:55:05,84.528488,-59.962875,nan
2024-06-07T15:55:04,84.528481,-59.962898,nan
2024-06-07T15:55:04,84.528481,-59.962917,nan
2024-06-07T15:55:03,84.528481,-59.962929,nan
2024-06-07T15:55:03,84.528473,-59.962925,nan
2024-06-07T15:55:02,84.528465,-59.962898,nan
2024-06-07T15:55:02,84.528458,-59.962856,nan
2024-06-07T15:55:01,84.528450,-59.962795,nan
2024-06-07T15:55:01,84.528442,-59.962723,nan
2024-06-07T15:55:00,84.528427,-59.962639,nan
2024-06-07T15:55:00,84.528412,-59.962551,nan
2024-06-07T15:54:59,84.528404,-59.962448,nan
2024-06-07T15:54:59,84.528389,-59.962353,nan
2024-06-07T15:54:58,84.528374,-59.962242,nan
2024-06-07T15:54:58,84.528358,-59.962139,nan
2024-06-07T15:54:57,84.528336,-59.962029,nan
2024-06-07T15:54:57,84.528320,-59.961937,nan
2024-06-07T15:54:56,84.528305,-59.961842,nan
2024-06-07T15:54:56,84.528290,-59.961758,nan
2024-06-07T15:54:55,84.528267,-59.961666,nan
2024-06-07T15:54:55,84.528252,-59.961590,nan
2024-06-07T15:54:54,84.528229,-59.961510,nan
2024-06-07T15:54:54,84.528214,-59.961441,nan
2024-06-07T15:54:53,84.528191,-59.961372,nan
2024-06-07T15:54:53,84.528175,-59.961323,nan
2024-06-07T15:54:52,84.528160,-59.961269,nan
2024-06-07T15:54:52,84.528137,-59.961235,nan
2024-06-07T15:54:51,84.528130,-59.961201,nan
2024-06-07T15:54:51,84.528114,-59.961178,nan
2024-06-07T15:54:50,84.528099,-59.961147,nan
2024-06-07T15:54:50,84.528084,-59.961128,nan
2024-06-07T15:54:49,84.528076,-59.961102,nan
2024-06-07T15:54:49,84.528061,-59.961086,nan
2024-06-07T15:54:48,84.528053,-59.961056,nan
2024-06-07T15:54:48,84.528038,-59.961033,nan
2024-06-07T15:54:47,84.528030,-59.961014,nan
2024-06-07T15:54:47,84.528015,-59.960999,nan
2024-06-07T15:54:46,84.528008,-59.960987,nan
2024-06-07T15:54:46,84.527992,-59.960995,nan
2024-06-07T15:54:45,84.527985,-59.961002,nan
2024-06-07T15:54:45,84.527977,-59.961010,nan
2024-06-07T15:54:44,84.527969,-59.961018,nan
2024-06-07T15:54:44,84.527962,-59.961025,nan
2024-06-07T15:54:43,84.527954,-59.961040,nan
2024-06-07T15:54:43,84.527946,-59.961048,nan
2024-06-07T15:54:42,84.527939,-59.961067,nan
2024-06-07T15:54:42,84.527939,-59.961082,nan
2024-06-07T15:54:41,84.527931,-59.961109,nan
2024-06-07T15:54:41,84.527931,-59.961124,nan
2024-06-07T15:54:40,84.527931,-59.961143,nan
2024-06-07T15:54:40,84.527931,-59.961163,nan
2024-06-07T15:54:39,84.527931,-59.961193,nan
2024-06-07T15:54:39,84.527939,-59.961216,nan
2024-06-07T15:54:38,84.527939,-59.961254,nan
2024-06-07T15:54:38,84.527946,-59.961285,nan
2024-06-07T15:54:37,84.527954,-59.961315,nan
2024-06-07T15:54:37,84.527962,-59.961334,nan
2024-06-07T15:54:36,84.527969,-59.961346,nan
2024-06-07T15:54:36,84.527977,-59.961346,nan
2024-06-07T15:54:35,84.527985,-59.961342,nan
2024-06-07T15:54:35,84.528000,-59.961327,nan
2024-06-07T15:54:34,84.528008,-59.961296,nan
2024-06-07T15:54:34,84.528015,-59.961262,nan
2024-06-07T15:54:33,84.528023,-59.961208,nan
2024-06-07T15:54:33,84.528030,-59.961159,nan
2024-06-07T15:54:32,84.528038,-59.961086,nan
2024-06-07T15:54:32,84.528046,-59.961006,nan
2024-06-07T15:54:31,84.528053,-59.960915,nan
2024-06-07T15:54:31,84.528061,-59.960815,nan
2024-06-07T15:54:30,84.528069,-59.960709,nan
2024-06-07T15:54:30,84.528069,-59.960598,nan
2024-06-07T15:54:29,84.528076,-59.960480,nan
2024-06-07T15:54:29,84.528076,-59.960346,nan
2024-06-07T15:54:28,84.528076,-59.960217,nan
2024-06-07T15:54:28,84.528084,-59.960072,nan
2024-06-07T15:54:27,84.528084,-59.959930,nan
2024-06-07T15:54:27,84.528084,-59.959774,nan
2024-06-07T15:54:26,84.528076,-59.959633,nan
2024-06-07T15:54:26,84.528076,-59.959484,nan
2024-06-07T15:54:25,84.528076,-59.959343,nan
2024-06-07T15:54:25,84.528076,-59.959206,nan
2024-06-07T15:54:24,84.528069,-59.959068,nan
2024-06-07T15:54:24,84.528069,-59.958927,nan
2024-06-07T15:54:23,84.528061,-59.958790,nan
2024-06-07T15:54:23,84.528061,-59.958660,nan
2024-06-07T15:54:22,84.528053,-59.958515,nan
2024-06-07T15:54:22,84.528053,-59.958382,nan
2024-06-07T15:54:21,84.528046,-59.958244,nan
2024-06-07T15:54:21,84.528046,-59.958107,nan
2024-06-07T15:54:20,84.528038,-59.957966,nan
2024-06-07T15:54:20,84.528030,-59.957832,nan
2024-06-07T15:54:19,84.528023,-59.957706,nan
2024-06-07T15:54:19,84.528023,-59.957573,nan
2024-06-07T15:54:18,84.528015,-59.957443,nan
2024-06-07T15:54:18,84.528008,-59.957317,nan
2024-06-07T15:54:17,84.528000,-59.957188,nan
2024-06-07T15:54:17,84.527992,-59.957054,nan
2024-06-07T15:54:16,84.527985,-59.956940,nan
2024-06-07T15:54:16,84.527977,-59.956833,nan
2024-06-07T15:54:15,84.527969,-59.956715,nan
2024-06-07T15:54:15,84.527962,-59.956608,nan
2024-06-07T15:54:14,84.527954,-59.956501,nan
2024-06-07T15:54:14,84.527946,-59.956390,nan
2024-06-07T15:54:13,84.527939,-59.956272,nan
2024-06-07T15:54:13,84.527931,-59.956173,nan
2024-06-07T15:54:12,84.527924,-59.956062,nan
2024-06-07T15:54:12,84.527916,-59.955948,nan
2024-06-07T15:54:11,84.527908,-59.955837,nan
2024-06-07T15:54:11,84.527908,-59.955723,nan
2024-06-07T15:54:10,84.527901,-59.955605,nan
2024-06-07T15:54:10,84.527893,-59.955486,nan
2024-06-07T15:54:09,84.527885,-59.955364,nan
2024-06-07T15:54:09,84.527878,-59.955235,nan
2024-06-07T15:54:08,84.527878,-59.955097,nan
2024-06-07T15:54:08,84.527870,-59.954952,nan
2024-06-07T15:54:07,84.527870,-59.954796,nan
2024-06-07T15:54:07,84.527863,-59.954639,nan
2024-06-07T15:54:06,84.527855,-59.954475,nan
2024-06-07T15:54:06,84.527847,-59.954319,nan
2024-06-07T15:54:05,84.527840,-59.954163,nan
2024-06-07T15:54:05,84.527824,-59.954018,nan
2024-06-07T15:54:04,84.527817,-59.953869,nan
2024-06-07T15:54:04,84.527802,-59.953693,nan
2024-06-07T15:54:03,84.527786,-59.953533,nan
2024-06-07T15:54:03,84.527771,-59.953297,nan
2024-06-07T15:54:02,84.527756,-59.953098,nan
2024-06-07T15:54:02,84.527718,-59.952782,nan
2024-06-07T15:54:01,84.527687,-59.952484,nan
2024-06-07T15:54:01,84.527649,-59.952061,nan
2024-06-07T15:54:00,84.527573,-59.951332,nan
2024-06-07T15:54:00,84.527428,-59.949783,nan
2024-06-07T15:53:59,84.527161,-59.946915,nan
2024-06-07T15:53:59,84.526878,-59.943684,nan
2024-06-07T15:53:58,84.526527,-59.940220,nan
2024-06-07T15:53:54,84.527672,-59.951660,nan
2024-06-07T15:53:54,84.528328,-59.958580,nan
2024-06-07T15:53:53,84.528976,-59.965755,nan
