datetime,lat,lon,elev
2024-08-15T15:38:10,83.143250,-54.716125,nan
2024-08-15T15:38:09,83.143250,-54.716190,nan
2024-08-15T15:38:09,83.143250,-54.716259,nan
2024-08-15T15:38:08,83.143250,-54.716335,nan
2024-08-15T15:38:08,83.143257,-54.716412,nan
2024-08-15T15:38:07,83.143257,-54.716488,nan
2024-08-15T15:38:07,83.143265,-54.716560,nan
2024-08-15T15:38:06,83.143265,-54.716629,nan
2024-08-15T15:38:06,83.143265,-54.716690,nan
2024-08-15T15:38:05,83.143265,-54.716751,nan
2024-08-15T15:38:05,83.143272,-54.716808,nan
2024-08-15T15:38:04,83.143272,-54.716858,nan
2024-08-15T15:38:04,83.143280,-54.716904,nan
2024-08-15T15:38:03,83.143288,-54.716953,nan
2024-08-15T15:38:03,83.143295,-54.717003,nan
2024-08-15T15:38:02,83.143303,-54.717056,nan
2024-08-15T15:38:02,83.143311,-54.717113,nan
2024-08-15T15:38:01,83.143326,-54.717171,nan
2024-08-15T15:38:01,83.143333,-54.717232,nan
2024-08-15T15:38:00,83.143349,-54.717293,nan
2024-08-15T15:37:59,83.143372,-54.717411,nan
2024-08-15T15:37:59,83.143387,-54.717472,nan
2024-08-15T15:37:58,83.143410,-54.717529,nan
2024-08-15T15:37:58,83.143425,-54.717579,nan
2024-08-15T15:37:57,83.143448,-54.717632,nan
2024-08-15T15:37:57,83.143471,-54.717686,nan
2024-08-15T15:37:56,83.143486,-54.717743,nan
2024-08-15T15:37:56,83.143509,-54.717800,nan
2024-08-15T15:37:55,83.143532,-54.717857,nan
2024-08-15T15:37:55,83.143555,-54.717911,nan
2024-08-15T15:37:54,83.143578,-54.717960,nan
2024-08-15T15:37:54,83.143600,-54.718018,nan
2024-08-15T15:37:53,83.143623,-54.718082,nan
2024-08-15T15:37:53,83.143646,-54.718151,nan
2024-08-15T15:37:52,83.143669,-54.718224,nan
2024-08-15T15:37:52,83.143692,-54.718296,nan
2024-08-15T15:37:51,83.143707,-54.718369,nan
2024-08-15T15:37:51,83.143730,-54.718437,nan
2024-08-15T15:37:50,83.143745,-54.718502,nan
2024-08-15T15:37:50,83.143768,-54.718563,nan
2024-08-15T15:37:48,83.143814,-54.718731,nan
2024-08-15T15:37:48,83.143829,-54.718792,nan
2024-08-15T15:37:47,83.143845,-54.718861,nan
2024-08-15T15:37:47,83.143860,-54.718937,nan
2024-08-15T15:37:46,83.143875,-54.719021,nan
2024-08-15T15:37:46,83.143890,-54.719105,nan
2024-08-15T15:37:45,83.143906,-54.719196,nan
2024-08-15T15:37:45,83.143913,-54.719288,nan
2024-08-15T15:37:44,83.143929,-54.719372,nan
2024-08-15T15:37:44,83.143944,-54.719460,nan
2024-08-15T15:37:43,83.143959,-54.719543,nan
2024-08-15T15:37:43,83.143967,-54.719627,nan
2024-08-15T15:37:42,83.143982,-54.719719,nan
2024-08-15T15:37:42,83.143997,-54.719810,nan
2024-08-15T15:37:41,83.144012,-54.719902,nan
2024-08-15T15:37:41,83.144020,-54.720001,nan
2024-08-15T15:37:40,83.144035,-54.720100,nan
2024-08-15T15:37:40,83.144051,-54.720192,nan
2024-08-15T15:37:39,83.144058,-54.720284,nan
2024-08-15T15:37:39,83.144073,-54.720375,nan
2024-08-15T15:37:38,83.144081,-54.720467,nan
2024-08-15T15:37:38,83.144096,-54.720558,nan
2024-08-15T15:37:37,83.144112,-54.720654,nan
2024-08-15T15:37:37,83.144127,-54.720753,nan
2024-08-15T15:37:36,83.144135,-54.720860,nan
2024-08-15T15:37:36,83.144150,-54.720963,nan
2024-08-15T15:37:35,83.144165,-54.721066,nan
2024-08-15T15:37:35,83.144173,-54.721165,nan
2024-08-15T15:37:34,83.144188,-54.721260,nan
2024-08-15T15:37:34,83.144203,-54.721352,nan
2024-08-15T15:37:33,83.144218,-54.721447,nan
2024-08-15T15:37:33,83.144234,-54.721546,nan
2024-08-15T15:37:32,83.144241,-54.721645,nan
2024-08-15T15:37:32,83.144257,-54.721748,nan
2024-08-15T15:37:31,83.144272,-54.721851,nan
2024-08-15T15:37:31,83.144287,-54.721958,nan
2024-08-15T15:37:30,83.144302,-54.722069,nan
2024-08-15T15:37:30,83.144318,-54.722172,nan
2024-08-15T15:37:29,83.144325,-54.722279,nan
2024-08-15T15:37:29,83.144341,-54.722382,nan
2024-08-15T15:37:28,83.144356,-54.722488,nan
2024-08-15T15:37:28,83.144371,-54.722595,nan
2024-08-15T15:37:27,83.144386,-54.722706,nan
2024-08-15T15:37:27,83.144402,-54.722820,nan
2024-08-15T15:37:26,83.144417,-54.722939,nan
2024-08-15T15:37:26,83.144424,-54.723061,nan
2024-08-15T15:37:25,83.144440,-54.723183,nan
2024-08-15T15:37:25,83.144455,-54.723301,nan
2024-08-15T15:37:24,83.144470,-54.723415,nan
2024-08-15T15:37:24,83.144478,-54.723534,nan
2024-08-15T15:37:23,83.144493,-54.723652,nan
2024-08-15T15:37:23,83.144508,-54.723770,nan
2024-08-15T15:37:22,83.144524,-54.723900,nan
2024-08-15T15:37:22,83.144539,-54.724026,nan
2024-08-15T15:37:21,83.144547,-54.724152,nan
2024-08-15T15:37:21,83.144562,-54.724274,nan
2024-08-15T15:37:20,83.144577,-54.724388,nan
2024-08-15T15:37:20,83.144585,-54.724506,nan
2024-08-15T15:37:19,83.144600,-54.724621,nan
2024-08-15T15:37:19,83.144615,-54.724735,nan
2024-08-15T15:37:18,83.144630,-54.724854,nan
2024-08-15T15:37:18,83.144646,-54.724976,nan
2024-08-15T15:37:17,83.144653,-54.725098,nan
2024-08-15T15:37:17,83.144669,-54.725220,nan
2024-08-15T15:37:16,83.144684,-54.725338,nan
2024-08-15T15:37:16,83.144691,-54.725456,nan
2024-08-15T15:37:15,83.144707,-54.725571,nan
2024-08-15T15:37:15,83.144722,-54.725689,nan
2024-08-15T15:37:14,83.144737,-54.725811,nan
2024-08-15T15:37:14,83.144745,-54.725937,nan
2024-08-15T15:37:13,83.144760,-54.726063,nan
2024-08-15T15:37:13,83.144775,-54.726189,nan
2024-08-15T15:37:12,83.144791,-54.726315,nan
2024-08-15T15:37:12,83.144798,-54.726433,nan
2024-08-15T15:37:11,83.144814,-54.726547,nan
2024-08-15T15:37:11,83.144829,-54.726662,nan
2024-08-15T15:37:10,83.144844,-54.726776,nan
2024-08-15T15:37:10,83.144859,-54.726891,nan
2024-08-15T15:37:09,83.144875,-54.727005,nan
2024-08-15T15:37:09,83.144890,-54.727123,nan
2024-08-15T15:37:08,83.144905,-54.727245,nan
2024-08-15T15:37:08,83.144920,-54.727364,nan
2024-08-15T15:37:07,83.144936,-54.727486,nan
2024-08-15T15:37:07,83.144951,-54.727604,nan
2024-08-15T15:37:06,83.144966,-54.727722,nan
2024-08-15T15:37:06,83.144981,-54.727844,nan
2024-08-15T15:37:05,83.144997,-54.727966,nan
2024-08-15T15:37:05,83.145012,-54.728092,nan
2024-08-15T15:37:04,83.145027,-54.728218,nan
2024-08-15T15:37:04,83.145042,-54.728344,nan
2024-08-15T15:37:03,83.145058,-54.728470,nan
2024-08-15T15:37:03,83.145073,-54.728596,nan
2024-08-15T15:37:02,83.145088,-54.728718,nan
2024-08-15T15:37:02,83.145103,-54.728832,nan
2024-08-15T15:37:01,83.145119,-54.728939,nan
2024-08-15T15:37:01,83.145134,-54.729046,nan
2024-08-15T15:37:00,83.145149,-54.729145,nan
2024-08-15T15:37:00,83.145164,-54.729248,nan
2024-08-15T15:36:59,83.145180,-54.729351,nan
2024-08-15T15:36:59,83.145195,-54.729454,nan
2024-08-15T15:36:58,83.145210,-54.729561,nan
2024-08-15T15:36:58,83.145218,-54.729660,nan
2024-08-15T15:36:57,83.145233,-54.729759,nan
2024-08-15T15:36:57,83.145248,-54.729855,nan
2024-08-15T15:36:56,83.145256,-54.729946,nan
2024-08-15T15:36:56,83.145271,-54.730038,nan
2024-08-15T15:36:55,83.145287,-54.730133,nan
2024-08-15T15:36:55,83.145294,-54.730228,nan
2024-08-15T15:36:54,83.145309,-54.730331,nan
2024-08-15T15:36:54,83.145317,-54.730438,nan
2024-08-15T15:36:53,83.145332,-54.730541,nan
2024-08-15T15:36:53,83.145340,-54.730640,nan
2024-08-15T15:36:52,83.145348,-54.730740,nan
2024-08-15T15:36:52,83.145355,-54.730839,nan
2024-08-15T15:36:51,83.145370,-54.730938,nan
2024-08-15T15:36:51,83.145378,-54.731045,nan
2024-08-15T15:36:50,83.145386,-54.731159,nan
2024-08-15T15:36:50,83.145401,-54.731281,nan
2024-08-15T15:36:49,83.145409,-54.731403,nan
2024-08-15T15:36:49,83.145416,-54.731533,nan
2024-08-15T15:36:48,83.145424,-54.731659,nan
2024-08-15T15:36:48,83.145432,-54.731789,nan
2024-08-15T15:36:47,83.145439,-54.731922,nan
2024-08-15T15:36:47,83.145447,-54.732052,nan
2024-08-15T15:36:46,83.145454,-54.732189,nan
2024-08-15T15:36:46,83.145470,-54.732327,nan
2024-08-15T15:36:45,83.145477,-54.732471,nan
2024-08-15T15:36:45,83.145485,-54.732616,nan
2024-08-15T15:36:44,83.145493,-54.732758,nan
2024-08-15T15:36:44,83.145493,-54.732899,nan
2024-08-15T15:36:43,83.145500,-54.733036,nan
2024-08-15T15:36:43,83.145508,-54.733170,nan
2024-08-15T15:36:42,83.145515,-54.733303,nan
2024-08-15T15:36:42,83.145523,-54.733437,nan
2024-08-15T15:36:41,83.145531,-54.733574,nan
2024-08-15T15:36:41,83.145531,-54.733719,nan
2024-08-15T15:36:40,83.145538,-54.733864,nan
2024-08-15T15:36:40,83.145546,-54.734009,nan
2024-08-15T15:36:39,83.145546,-54.734150,nan
2024-08-15T15:36:39,83.145554,-54.734291,nan
2024-08-15T15:36:38,83.145554,-54.734432,nan
2024-08-15T15:36:38,83.145561,-54.734570,nan
2024-08-15T15:36:37,83.145561,-54.734711,nan
2024-08-15T15:36:37,83.145569,-54.734856,nan
2024-08-15T15:36:36,83.145569,-54.735004,nan
2024-08-15T15:36:36,83.145576,-54.735157,nan
2024-08-15T15:36:35,83.145576,-54.735306,nan
2024-08-15T15:36:35,83.145576,-54.735458,nan
2024-08-15T15:36:34,83.145584,-54.735607,nan
2024-08-15T15:36:34,83.145584,-54.735752,nan
2024-08-15T15:36:33,83.145584,-54.735897,nan
2024-08-15T15:36:33,83.145592,-54.736046,nan
2024-08-15T15:36:32,83.145592,-54.736191,nan
2024-08-15T15:36:32,83.145592,-54.736340,nan
2024-08-15T15:36:31,83.145592,-54.736496,nan
2024-08-15T15:36:31,83.145592,-54.736649,nan
2024-08-15T15:36:30,83.145592,-54.736801,nan
2024-08-15T15:36:30,83.145599,-54.736954,nan
2024-08-15T15:36:29,83.145599,-54.737099,nan
2024-08-15T15:36:29,83.145599,-54.737244,nan
2024-08-15T15:36:28,83.145599,-54.737385,nan
2024-08-15T15:36:28,83.145607,-54.737530,nan
2024-08-15T15:36:27,83.145615,-54.737831,nan
2024-08-15T15:36:26,83.145615,-54.738140,nan
2024-08-15T15:36:25,83.145615,-54.738289,nan
2024-08-15T15:36:25,83.145622,-54.738434,nan
2024-08-15T15:36:24,83.145622,-54.738575,nan
2024-08-15T15:36:24,83.145622,-54.738712,nan
2024-08-15T15:36:23,83.145630,-54.738857,nan
2024-08-15T15:36:23,83.145630,-54.738998,nan
2024-08-15T15:36:22,83.145638,-54.739136,nan
2024-08-15T15:36:22,83.145638,-54.739265,nan
2024-08-15T15:36:21,83.145645,-54.739395,nan
2024-08-15T15:36:21,83.145645,-54.739517,nan
2024-08-15T15:36:20,83.145653,-54.739639,nan
2024-08-15T15:36:20,83.145653,-54.739758,nan
2024-08-15T15:36:19,83.145660,-54.739876,nan
2024-08-15T15:36:19,83.145668,-54.740002,nan
2024-08-15T15:36:18,83.145668,-54.740124,nan
2024-08-15T15:36:18,83.145676,-54.740246,nan
2024-08-15T15:36:17,83.145676,-54.740356,nan
2024-08-15T15:36:17,83.145676,-54.740467,nan
2024-08-15T15:36:16,83.145676,-54.740574,nan
2024-08-15T15:36:16,83.145676,-54.740669,nan
2024-08-15T15:36:15,83.145683,-54.740765,nan
2024-08-15T15:36:15,83.145683,-54.740864,nan
2024-08-15T15:36:14,83.145683,-54.740963,nan
2024-08-15T15:36:14,83.145691,-54.741062,nan
2024-08-15T15:36:13,83.145691,-54.741161,nan
2024-08-15T15:36:13,83.145691,-54.741257,nan
2024-08-15T15:36:12,83.145699,-54.741348,nan
2024-08-15T15:36:12,83.145699,-54.741436,nan
2024-08-15T15:36:11,83.145706,-54.741600,nan
2024-08-15T15:36:10,83.145714,-54.741680,nan
2024-08-15T15:36:10,83.145714,-54.741764,nan
2024-08-15T15:36:09,83.145714,-54.741848,nan
2024-08-15T15:36:09,83.145721,-54.741928,nan
2024-08-15T15:36:08,83.145721,-54.742004,nan
2024-08-15T15:36:08,83.145729,-54.742073,nan
2024-08-15T15:36:07,83.145729,-54.742142,nan
2024-08-15T15:36:07,83.145737,-54.742210,nan
2024-08-15T15:36:06,83.145737,-54.742287,nan
2024-08-15T15:36:06,83.145744,-54.742359,nan
2024-08-15T15:36:05,83.145744,-54.742439,nan
2024-08-15T15:36:05,83.145752,-54.742516,nan
2024-08-15T15:36:04,83.145752,-54.742592,nan
2024-08-15T15:36:04,83.145760,-54.742664,nan
2024-08-15T15:36:03,83.145760,-54.742737,nan
2024-08-15T15:36:03,83.145767,-54.742805,nan
2024-08-15T15:36:02,83.145767,-54.742882,nan
2024-08-15T15:36:02,83.145767,-54.742962,nan
2024-08-15T15:36:01,83.145775,-54.743046,nan
2024-08-15T15:36:01,83.145775,-54.743130,nan
2024-08-15T15:36:00,83.145775,-54.743210,nan
2024-08-15T15:36:00,83.145782,-54.743282,nan
2024-08-15T15:35:59,83.145782,-54.743355,nan
2024-08-15T15:35:59,83.145782,-54.743420,nan
2024-08-15T15:35:58,83.145782,-54.743481,nan
2024-08-15T15:35:58,83.145782,-54.743546,nan
2024-08-15T15:35:57,83.145782,-54.743607,nan
2024-08-15T15:35:57,83.145782,-54.743664,nan
2024-08-15T15:35:56,83.145782,-54.743717,nan
2024-08-15T15:35:56,83.145782,-54.743771,nan
2024-08-15T15:35:55,83.145782,-54.743820,nan
2024-08-15T15:35:55,83.145782,-54.743870,nan
2024-08-15T15:35:54,83.145782,-54.743916,nan
2024-08-15T15:35:54,83.145782,-54.743965,nan
2024-08-15T15:35:53,83.145782,-54.744019,nan
2024-08-15T15:35:53,83.145782,-54.744080,nan
2024-08-15T15:35:52,83.145782,-54.744141,nan
2024-08-15T15:35:52,83.145782,-54.744205,nan
2024-08-15T15:35:51,83.145782,-54.744267,nan
2024-08-15T15:35:51,83.145782,-54.744328,nan
2024-08-15T15:35:50,83.145782,-54.744389,nan
2024-08-15T15:35:50,83.145782,-54.744450,nan
2024-08-15T15:35:49,83.145782,-54.744514,nan
2024-08-15T15:35:49,83.145782,-54.744587,nan
2024-08-15T15:35:48,83.145782,-54.744667,nan
2024-08-15T15:35:48,83.145790,-54.744747,nan
2024-08-15T15:35:47,83.145790,-54.744827,nan
2024-08-15T15:35:47,83.145790,-54.744907,nan
2024-08-15T15:35:46,83.145798,-54.744991,nan
2024-08-15T15:35:46,83.145798,-54.745071,nan
2024-08-15T15:35:45,83.145805,-54.745155,nan
2024-08-15T15:35:45,83.145805,-54.745247,nan
2024-08-15T15:35:44,83.145813,-54.745338,nan
2024-08-15T15:35:44,83.145821,-54.745438,nan
2024-08-15T15:35:43,83.145821,-54.745537,nan
2024-08-15T15:35:43,83.145828,-54.745632,nan
2024-08-15T15:35:42,83.145836,-54.745724,nan
2024-08-15T15:35:42,83.145836,-54.745811,nan
2024-08-15T15:35:41,83.145844,-54.745903,nan
2024-08-15T15:35:41,83.145844,-54.745995,nan
2024-08-15T15:35:40,83.145851,-54.746090,nan
2024-08-15T15:35:40,83.145859,-54.746185,nan
2024-08-15T15:35:39,83.145859,-54.746281,nan
2024-08-15T15:35:39,83.145859,-54.746376,nan
2024-08-15T15:35:38,83.145866,-54.746460,nan
2024-08-15T15:35:38,83.145866,-54.746540,nan
2024-08-15T15:35:37,83.145866,-54.746613,nan
2024-08-15T15:35:37,83.145866,-54.746685,nan
2024-08-15T15:35:36,83.145866,-54.746761,nan
2024-08-15T15:35:36,83.145866,-54.746841,nan
2024-08-15T15:35:35,83.145866,-54.746922,nan
2024-08-15T15:35:35,83.145866,-54.747002,nan
2024-08-15T15:35:34,83.145866,-54.747070,nan
2024-08-15T15:35:34,83.145866,-54.747131,nan
2024-08-15T15:35:33,83.145866,-54.747185,nan
2024-08-15T15:35:33,83.145866,-54.747234,nan
2024-08-15T15:35:32,83.145866,-54.747284,nan
2024-08-15T15:35:32,83.145866,-54.747337,nan
2024-08-15T15:35:31,83.145866,-54.747398,nan
2024-08-15T15:35:31,83.145859,-54.747456,nan
2024-08-15T15:35:30,83.145859,-54.747509,nan
2024-08-15T15:35:30,83.145859,-54.747562,nan
2024-08-15T15:35:29,83.145851,-54.747608,nan
2024-08-15T15:35:29,83.145851,-54.747654,nan
2024-08-15T15:35:28,83.145844,-54.747700,nan
2024-08-15T15:35:28,83.145844,-54.747749,nan
2024-08-15T15:35:27,83.145844,-54.747799,nan
2024-08-15T15:35:27,83.145836,-54.747849,nan
2024-08-15T15:35:26,83.145836,-54.747894,nan
2024-08-15T15:35:26,83.145828,-54.747936,nan
2024-08-15T15:35:25,83.145828,-54.747971,nan
2024-08-15T15:35:25,83.145821,-54.748005,nan
2024-08-15T15:35:24,83.145821,-54.748043,nan
2024-08-15T15:35:24,83.145821,-54.748085,nan
2024-08-15T15:35:23,83.145813,-54.748127,nan
2024-08-15T15:35:23,83.145813,-54.748173,nan
2024-08-15T15:35:22,83.145805,-54.748215,nan
2024-08-15T15:35:22,83.145798,-54.748257,nan
2024-08-15T15:35:21,83.145798,-54.748295,nan
2024-08-15T15:35:21,83.145790,-54.748337,nan
2024-08-15T15:35:20,83.145790,-54.748379,nan
2024-08-15T15:35:20,83.145790,-54.748432,nan
2024-08-15T15:35:19,83.145782,-54.748482,nan
2024-08-15T15:35:19,83.145782,-54.748535,nan
2024-08-15T15:35:18,83.145775,-54.748585,nan
2024-08-15T15:35:18,83.145775,-54.748631,nan
2024-08-15T15:35:17,83.145767,-54.748672,nan
2024-08-15T15:35:17,83.145767,-54.748711,nan
2024-08-15T15:35:16,83.145767,-54.748753,nan
2024-08-15T15:35:16,83.145767,-54.748802,nan
2024-08-15T15:35:15,83.145760,-54.748852,nan
2024-08-15T15:35:15,83.145760,-54.748901,nan
2024-08-15T15:35:14,83.145752,-54.748947,nan
2024-08-15T15:35:14,83.145752,-54.748993,nan
2024-08-15T15:35:13,83.145744,-54.749039,nan
2024-08-15T15:35:13,83.145744,-54.749088,nan
2024-08-15T15:35:12,83.145737,-54.749142,nan
2024-08-15T15:35:12,83.145737,-54.749195,nan
2024-08-15T15:35:11,83.145729,-54.749249,nan
2024-08-15T15:35:11,83.145729,-54.749298,nan
2024-08-15T15:35:10,83.145721,-54.749348,nan
2024-08-15T15:35:10,83.145721,-54.749393,nan
2024-08-15T15:35:09,83.145714,-54.749443,nan
2024-08-15T15:35:09,83.145714,-54.749496,nan
2024-08-15T15:35:08,83.145714,-54.749554,nan
2024-08-15T15:35:08,83.145714,-54.749615,nan
2024-08-15T15:35:07,83.145706,-54.749676,nan
2024-08-15T15:35:07,83.145706,-54.749733,nan
2024-08-15T15:35:06,83.145706,-54.749790,nan
2024-08-15T15:35:06,83.145699,-54.749844,nan
2024-08-15T15:35:05,83.145699,-54.749897,nan
2024-08-15T15:35:05,83.145699,-54.749958,nan
2024-08-15T15:35:04,83.145699,-54.750023,nan
2024-08-15T15:35:04,83.145691,-54.750088,nan
2024-08-15T15:35:03,83.145691,-54.750153,nan
2024-08-15T15:35:03,83.145691,-54.750214,nan
2024-08-15T15:35:02,83.145683,-54.750275,nan
2024-08-15T15:35:02,83.145683,-54.750328,nan
2024-08-15T15:35:01,83.145676,-54.750385,nan
2024-08-15T15:35:01,83.145676,-54.750443,nan
2024-08-15T15:35:00,83.145676,-54.750507,nan
2024-08-15T15:35:00,83.145668,-54.750576,nan
2024-08-15T15:34:59,83.145668,-54.750641,nan
2024-08-15T15:34:59,83.145660,-54.750702,nan
2024-08-15T15:34:58,83.145653,-54.750763,nan
2024-08-15T15:34:58,83.145653,-54.750820,nan
2024-08-15T15:34:57,83.145653,-54.750881,nan
2024-08-15T15:34:57,83.145645,-54.750946,nan
2024-08-15T15:34:56,83.145645,-54.751015,nan
2024-08-15T15:34:56,83.145638,-54.751091,nan
2024-08-15T15:34:55,83.145638,-54.751163,nan
2024-08-15T15:34:55,83.145638,-54.751236,nan
2024-08-15T15:34:54,83.145630,-54.751305,nan
2024-08-15T15:34:54,83.145630,-54.751369,nan
2024-08-15T15:34:53,83.145630,-54.751431,nan
2024-08-15T15:34:53,83.145630,-54.751495,nan
2024-08-15T15:34:52,83.145622,-54.751564,nan
2024-08-15T15:34:52,83.145622,-54.751637,nan
2024-08-15T15:34:51,83.145622,-54.751701,nan
2024-08-15T15:34:51,83.145622,-54.751766,nan
2024-08-15T15:34:50,83.145622,-54.751827,nan
2024-08-15T15:34:50,83.145622,-54.751884,nan
2024-08-15T15:34:49,83.145622,-54.751949,nan
2024-08-15T15:34:49,83.145622,-54.752018,nan
2024-08-15T15:34:48,83.145622,-54.752090,nan
2024-08-15T15:34:48,83.145622,-54.752159,nan
2024-08-15T15:34:47,83.145622,-54.752224,nan
2024-08-15T15:34:47,83.145622,-54.752285,nan
2024-08-15T15:34:46,83.145622,-54.752342,nan
2024-08-15T15:34:45,83.145615,-54.752460,nan
2024-08-15T15:34:45,83.145615,-54.752522,nan
2024-08-15T15:34:44,83.145615,-54.752579,nan
2024-08-15T15:34:44,83.145615,-54.752632,nan
2024-08-15T15:34:43,83.145615,-54.752689,nan
2024-08-15T15:34:43,83.145607,-54.752747,nan
2024-08-15T15:34:42,83.145607,-54.752796,nan
2024-08-15T15:34:42,83.145607,-54.752850,nan
2024-08-15T15:34:41,83.145599,-54.752911,nan
2024-08-15T15:34:41,83.145599,-54.752972,nan
2024-08-15T15:34:40,83.145592,-54.753040,nan
2024-08-15T15:34:40,83.145584,-54.753113,nan
2024-08-15T15:34:39,83.145584,-54.753181,nan
2024-08-15T15:34:39,83.145576,-54.753246,nan
2024-08-15T15:34:38,83.145576,-54.753307,nan
2024-08-15T15:34:38,83.145576,-54.753368,nan
2024-08-15T15:34:37,83.145569,-54.753429,nan
2024-08-15T15:34:37,83.145569,-54.753490,nan
2024-08-15T15:34:36,83.145569,-54.753548,nan
2024-08-15T15:34:36,83.145561,-54.753601,nan
2024-08-15T15:34:35,83.145561,-54.753651,nan
2024-08-15T15:34:35,83.145561,-54.753700,nan
2024-08-15T15:34:34,83.145561,-54.753757,nan
2024-08-15T15:34:34,83.145554,-54.753815,nan
2024-08-15T15:34:33,83.145554,-54.753872,nan
2024-08-15T15:34:33,83.145554,-54.753929,nan
2024-08-15T15:34:32,83.145554,-54.753990,nan
2024-08-15T15:34:32,83.145554,-54.754047,nan
2024-08-15T15:34:31,83.145554,-54.754097,nan
2024-08-15T15:34:31,83.145546,-54.754150,nan
2024-08-15T15:34:30,83.145546,-54.754208,nan
2024-08-15T15:34:30,83.145546,-54.754261,nan
2024-08-15T15:34:29,83.145546,-54.754311,nan
2024-08-15T15:34:29,83.145546,-54.754353,nan
2024-08-15T15:34:28,83.145538,-54.754391,nan
2024-08-15T15:34:28,83.145538,-54.754425,nan
2024-08-15T15:34:27,83.145538,-54.754452,nan
2024-08-15T15:34:27,83.145546,-54.754482,nan
2024-08-15T15:34:26,83.145546,-54.754520,nan
2024-08-15T15:34:26,83.145546,-54.754562,nan
2024-08-15T15:34:25,83.145546,-54.754604,nan
2024-08-15T15:34:25,83.145546,-54.754646,nan
2024-08-15T15:34:24,83.145546,-54.754688,nan
2024-08-15T15:34:24,83.145546,-54.754730,nan
2024-08-15T15:34:23,83.145546,-54.754776,nan
2024-08-15T15:34:23,83.145546,-54.754826,nan
2024-08-15T15:34:22,83.145546,-54.754879,nan
2024-08-15T15:34:22,83.145546,-54.754929,nan
2024-08-15T15:34:21,83.145546,-54.754974,nan
2024-08-15T15:34:21,83.145546,-54.755024,nan
2024-08-15T15:34:20,83.145546,-54.755077,nan
2024-08-15T15:34:20,83.145546,-54.755131,nan
2024-08-15T15:34:19,83.145538,-54.755184,nan
2024-08-15T15:34:19,83.145538,-54.755245,nan
2024-08-15T15:34:18,83.145546,-54.755306,nan
2024-08-15T15:34:18,83.145546,-54.755363,nan
2024-08-15T15:34:17,83.145546,-54.755421,nan
2024-08-15T15:34:17,83.145546,-54.755470,nan
2024-08-15T15:34:16,83.145546,-54.755516,nan
2024-08-15T15:34:16,83.145546,-54.755566,nan
2024-08-15T15:34:15,83.145546,-54.755619,nan
2024-08-15T15:34:15,83.145546,-54.755676,nan
2024-08-15T15:34:14,83.145546,-54.755730,nan
2024-08-15T15:34:14,83.145554,-54.755791,nan
2024-08-15T15:34:13,83.145554,-54.755844,nan
2024-08-15T15:34:13,83.145554,-54.755894,nan
2024-08-15T15:34:12,83.145554,-54.755943,nan
2024-08-15T15:34:12,83.145554,-54.755989,nan
2024-08-15T15:34:11,83.145554,-54.756039,nan
2024-08-15T15:34:11,83.145554,-54.756084,nan
2024-08-15T15:34:10,83.145554,-54.756126,nan
2024-08-15T15:34:10,83.145561,-54.756172,nan
2024-08-15T15:34:09,83.145561,-54.756218,nan
2024-08-15T15:34:09,83.145561,-54.756256,nan
2024-08-15T15:34:08,83.145561,-54.756298,nan
2024-08-15T15:34:08,83.145561,-54.756344,nan
2024-08-15T15:34:07,83.145561,-54.756393,nan
2024-08-15T15:34:07,83.145569,-54.756451,nan
2024-08-15T15:34:06,83.145561,-54.756508,nan
2024-08-15T15:34:06,83.145561,-54.756561,nan
2024-08-15T15:34:05,83.145561,-54.756615,nan
2024-08-15T15:34:05,83.145561,-54.756668,nan
2024-08-15T15:34:04,83.145561,-54.756721,nan
2024-08-15T15:34:04,83.145561,-54.756783,nan
2024-08-15T15:34:03,83.145554,-54.756844,nan
2024-08-15T15:34:03,83.145554,-54.756901,nan
2024-08-15T15:34:02,83.145546,-54.756954,nan
2024-08-15T15:34:02,83.145538,-54.757004,nan
2024-08-15T15:34:01,83.145538,-54.757061,nan
2024-08-15T15:34:01,83.145531,-54.757118,nan
2024-08-15T15:34:00,83.145523,-54.757179,nan
2024-08-15T15:34:00,83.145515,-54.757240,nan
2024-08-15T15:33:59,83.145508,-54.757301,nan
2024-08-15T15:33:59,83.145500,-54.757359,nan
2024-08-15T15:33:58,83.145493,-54.757412,nan
2024-08-15T15:33:58,83.145485,-54.757473,nan
2024-08-15T15:33:57,83.145485,-54.757538,nan
2024-08-15T15:33:57,83.145477,-54.757607,nan
2024-08-15T15:33:56,83.145470,-54.757683,nan
2024-08-15T15:33:56,83.145462,-54.757755,nan
2024-08-15T15:33:55,83.145454,-54.757828,nan
2024-08-15T15:33:55,83.145447,-54.757904,nan
2024-08-15T15:33:54,83.145447,-54.757988,nan
2024-08-15T15:33:54,83.145439,-54.758072,nan
2024-08-15T15:33:53,83.145432,-54.758160,nan
2024-08-15T15:33:53,83.145424,-54.758247,nan
2024-08-15T15:33:52,83.145416,-54.758331,nan
2024-08-15T15:33:52,83.145409,-54.758415,nan
2024-08-15T15:33:51,83.145401,-54.758499,nan
2024-08-15T15:33:51,83.145393,-54.758587,nan
2024-08-15T15:33:50,83.145386,-54.758675,nan
2024-08-15T15:33:50,83.145378,-54.758762,nan
2024-08-15T15:33:49,83.145370,-54.758846,nan
2024-08-15T15:33:49,83.145355,-54.758926,nan
2024-08-15T15:33:48,83.145348,-54.759003,nan
2024-08-15T15:33:48,83.145340,-54.759075,nan
2024-08-15T15:33:47,83.145332,-54.759151,nan
2024-08-15T15:33:47,83.145325,-54.759228,nan
2024-08-15T15:33:46,83.145309,-54.759308,nan
2024-08-15T15:33:46,83.145302,-54.759377,nan
2024-08-15T15:33:45,83.145287,-54.759438,nan
2024-08-15T15:33:45,83.145279,-54.759491,nan
2024-08-15T15:33:44,83.145264,-54.759537,nan
2024-08-15T15:33:44,83.145256,-54.759575,nan
2024-08-15T15:33:43,83.145241,-54.759605,nan
2024-08-15T15:33:43,83.145226,-54.759628,nan
2024-08-15T15:33:42,83.145210,-54.759640,nan
2024-08-15T15:33:42,83.145195,-54.759644,nan
2024-08-15T15:33:41,83.145180,-54.759644,nan
2024-08-15T15:33:41,83.145157,-54.759651,nan
2024-08-15T15:33:40,83.145142,-54.759666,nan
2024-08-15T15:33:40,83.145126,-54.759686,nan
2024-08-15T15:33:39,83.145111,-54.759708,nan
2024-08-15T15:33:39,83.145096,-54.759727,nan
2024-08-15T15:33:38,83.145081,-54.759754,nan
2024-08-15T15:33:38,83.145058,-54.759785,nan
2024-08-15T15:33:37,83.145042,-54.759819,nan
2024-08-15T15:33:37,83.145027,-54.759861,nan
2024-08-15T15:33:36,83.145012,-54.759903,nan
2024-08-15T15:33:35,83.144974,-54.759991,nan
2024-08-15T15:33:35,83.144958,-54.760040,nan
2024-08-15T15:33:34,83.144943,-54.760090,nan
2024-08-15T15:33:34,83.144920,-54.760139,nan
2024-08-15T15:33:33,83.144905,-54.760185,nan
2024-08-15T15:33:33,83.144890,-54.760227,nan
2024-08-15T15:33:32,83.144875,-54.760265,nan
2024-08-15T15:33:32,83.144859,-54.760303,nan
2024-08-15T15:33:31,83.144844,-54.760342,nan
2024-08-15T15:33:31,83.144829,-54.760387,nan
2024-08-15T15:33:30,83.144814,-54.760433,nan
2024-08-15T15:33:30,83.144791,-54.760483,nan
2024-08-15T15:33:29,83.144775,-54.760525,nan
2024-08-15T15:33:29,83.144760,-54.760574,nan
2024-08-15T15:33:28,83.144737,-54.760620,nan
2024-08-15T15:33:28,83.144722,-54.760674,nan
2024-08-15T15:33:27,83.144707,-54.760723,nan
2024-08-15T15:33:27,83.144684,-54.760769,nan
2024-08-15T15:33:26,83.144669,-54.760811,nan
2024-08-15T15:33:26,83.144646,-54.760845,nan
2024-08-15T15:33:25,83.144630,-54.760880,nan
2024-08-15T15:33:25,83.144608,-54.760910,nan
2024-08-15T15:33:24,83.144592,-54.760944,nan
2024-08-15T15:33:24,83.144569,-54.760983,nan
2024-08-15T15:33:23,83.144554,-54.761013,nan
2024-08-15T15:33:23,83.144531,-54.761044,nan
2024-08-15T15:33:22,83.144516,-54.761074,nan
2024-08-15T15:33:22,83.144501,-54.761105,nan
2024-08-15T15:33:21,83.144485,-54.761143,nan
2024-08-15T15:33:21,83.144463,-54.761177,nan
2024-08-15T15:33:20,83.144447,-54.761211,nan
2024-08-15T15:33:20,83.144432,-54.761242,nan
2024-08-15T15:33:19,83.144417,-54.761269,nan
2024-08-15T15:33:19,83.144402,-54.761295,nan
2024-08-15T15:33:18,83.144386,-54.761322,nan
2024-08-15T15:33:18,83.144363,-54.761353,nan
2024-08-15T15:33:17,83.144348,-54.761383,nan
2024-08-15T15:33:17,83.144333,-54.761410,nan
2024-08-15T15:33:16,83.144318,-54.761429,nan
2024-08-15T15:33:16,83.144295,-54.761448,nan
2024-08-15T15:33:15,83.144279,-54.761467,nan
2024-08-15T15:33:15,83.144264,-54.761490,nan
2024-08-15T15:33:14,83.144249,-54.761513,nan
2024-08-15T15:33:14,83.144226,-54.761528,nan
2024-08-15T15:33:13,83.144211,-54.761539,nan
2024-08-15T15:33:13,83.144196,-54.761543,nan
2024-08-15T15:33:12,83.144173,-54.761551,nan
2024-08-15T15:33:12,83.144157,-54.761559,nan
2024-08-15T15:33:11,83.144142,-54.761566,nan
2024-08-15T15:33:11,83.144119,-54.761566,nan
2024-08-15T15:33:10,83.144104,-54.761566,nan
2024-08-15T15:33:10,83.144081,-54.761562,nan
2024-08-15T15:33:09,83.144058,-54.761559,nan
2024-08-15T15:33:09,83.144043,-54.761555,nan
2024-08-15T15:33:08,83.144020,-54.761555,nan
2024-08-15T15:33:08,83.143997,-54.761555,nan
2024-08-15T15:33:07,83.143974,-54.761551,nan
2024-08-15T15:33:07,83.143951,-54.761551,nan
2024-08-15T15:33:06,83.143929,-54.761555,nan
2024-08-15T15:33:06,83.143906,-54.761562,nan
2024-08-15T15:33:05,83.143883,-54.761574,nan
2024-08-15T15:33:05,83.143860,-54.761589,nan
2024-08-15T15:33:04,83.143837,-54.761597,nan
2024-08-15T15:33:04,83.143814,-54.761604,nan
2024-08-15T15:33:03,83.143791,-54.761616,nan
2024-08-15T15:33:03,83.143768,-54.761631,nan
2024-08-15T15:33:02,83.143745,-54.761650,nan
2024-08-15T15:33:01,83.143700,-54.761696,nan
2024-08-15T15:33:01,83.143669,-54.761715,nan
2024-08-15T15:33:00,83.143646,-54.761738,nan
2024-08-15T15:33:00,83.143623,-54.761757,nan
2024-08-15T15:32:59,83.143593,-54.761780,nan
2024-08-15T15:32:59,83.143570,-54.761803,nan
2024-08-15T15:32:58,83.143539,-54.761826,nan
2024-08-15T15:32:58,83.143517,-54.761845,nan
2024-08-15T15:32:57,83.143486,-54.761864,nan
2024-08-15T15:32:57,83.143463,-54.761879,nan
2024-08-15T15:32:56,83.143433,-54.761890,nan
2024-08-15T15:32:56,83.143410,-54.761913,nan
2024-08-15T15:32:55,83.143379,-54.761940,nan
2024-08-15T15:32:55,83.143356,-54.761974,nan
2024-08-15T15:32:54,83.143326,-54.762009,nan
2024-08-15T15:32:54,83.143295,-54.762043,nan
2024-08-15T15:32:53,83.143272,-54.762077,nan
2024-08-15T15:32:53,83.143242,-54.762115,nan
2024-08-15T15:32:52,83.143219,-54.762161,nan
2024-08-15T15:32:52,83.143188,-54.762203,nan
2024-08-15T15:32:51,83.143127,-54.762291,nan
2024-08-15T15:32:50,83.143105,-54.762329,nan
2024-08-15T15:32:50,83.143074,-54.762367,nan
2024-08-15T15:32:49,83.143044,-54.762409,nan
2024-08-15T15:32:49,83.143021,-54.762451,nan
2024-08-15T15:32:48,83.142990,-54.762497,nan
2024-08-15T15:32:48,83.142960,-54.762543,nan
2024-08-15T15:32:47,83.142929,-54.762589,nan
2024-08-15T15:32:47,83.142906,-54.762634,nan
2024-08-15T15:32:46,83.142876,-54.762688,nan
2024-08-15T15:32:46,83.142853,-54.762741,nan
2024-08-15T15:32:45,83.142822,-54.762798,nan
2024-08-15T15:32:45,83.142799,-54.762856,nan
2024-08-15T15:32:44,83.142769,-54.762917,nan
2024-08-15T15:32:44,83.142746,-54.762974,nan
2024-08-15T15:32:43,83.142715,-54.763039,nan
2024-08-15T15:32:43,83.142693,-54.763103,nan
2024-08-15T15:32:42,83.142662,-54.763176,nan
2024-08-15T15:32:42,83.142639,-54.763248,nan
2024-08-15T15:32:41,83.142609,-54.763313,nan
2024-08-15T15:32:41,83.142578,-54.763378,nan
2024-08-15T15:32:40,83.142555,-54.763443,nan
2024-08-15T15:32:40,83.142525,-54.763508,nan
2024-08-15T15:32:39,83.142502,-54.763577,nan
2024-08-15T15:32:39,83.142471,-54.763641,nan
2024-08-15T15:32:38,83.142448,-54.763702,nan
2024-08-15T15:32:38,83.142418,-54.763763,nan
2024-08-15T15:32:37,83.142387,-54.763817,nan
2024-08-15T15:32:37,83.142365,-54.763870,nan
2024-08-15T15:32:36,83.142334,-54.763927,nan
2024-08-15T15:32:36,83.142311,-54.763977,nan
2024-08-15T15:32:35,83.142281,-54.764023,nan
2024-08-15T15:32:35,83.142258,-54.764061,nan
2024-08-15T15:32:34,83.142227,-54.764095,nan
2024-08-15T15:32:34,83.142197,-54.764126,nan
2024-08-15T15:32:33,83.142174,-54.764160,nan
2024-08-15T15:32:33,83.142143,-54.764187,nan
2024-08-15T15:32:32,83.142113,-54.764214,nan
2024-08-15T15:32:32,83.142082,-54.764236,nan
2024-08-15T15:32:31,83.142052,-54.764259,nan
2024-08-15T15:32:31,83.142029,-54.764282,nan
2024-08-15T15:32:30,83.141998,-54.764305,nan
2024-08-15T15:32:30,83.141968,-54.764328,nan
2024-08-15T15:32:29,83.141937,-54.764347,nan
2024-08-15T15:32:29,83.141914,-54.764366,nan
2024-08-15T15:32:28,83.141884,-54.764385,nan
2024-08-15T15:32:28,83.141853,-54.764412,nan
2024-08-15T15:32:27,83.141823,-54.764435,nan
2024-08-15T15:32:27,83.141792,-54.764458,nan
2024-08-15T15:32:26,83.141762,-54.764481,nan
2024-08-15T15:32:26,83.141731,-54.764500,nan
2024-08-15T15:32:25,83.141701,-54.764523,nan
2024-08-15T15:32:25,83.141670,-54.764545,nan
2024-08-15T15:32:24,83.141640,-54.764572,nan
2024-08-15T15:32:24,83.141609,-54.764591,nan
2024-08-15T15:32:23,83.141579,-54.764614,nan
2024-08-15T15:32:23,83.141548,-54.764633,nan
2024-08-15T15:32:22,83.141510,-54.764656,nan
2024-08-15T15:32:22,83.141479,-54.764679,nan
2024-08-15T15:32:21,83.141449,-54.764702,nan
2024-08-15T15:32:21,83.141411,-54.764717,nan
2024-08-15T15:32:20,83.141380,-54.764732,nan
2024-08-15T15:32:20,83.141350,-54.764751,nan
2024-08-15T15:32:19,83.141312,-54.764767,nan
2024-08-15T15:32:19,83.141281,-54.764786,nan
2024-08-15T15:32:18,83.141243,-54.764805,nan
2024-08-15T15:32:18,83.141212,-54.764824,nan
2024-08-15T15:32:17,83.141174,-54.764839,nan
2024-08-15T15:32:17,83.141144,-54.764854,nan
2024-08-15T15:32:16,83.141113,-54.764874,nan
2024-08-15T15:32:16,83.141075,-54.764896,nan
2024-08-15T15:32:15,83.141045,-54.764919,nan
2024-08-15T15:32:15,83.141006,-54.764942,nan
2024-08-15T15:32:14,83.140976,-54.764965,nan
2024-08-15T15:32:14,83.140938,-54.764984,nan
2024-08-15T15:32:13,83.140907,-54.765003,nan
2024-08-15T15:32:13,83.140869,-54.765030,nan
2024-08-15T15:32:12,83.140839,-54.765053,nan
2024-08-15T15:32:12,83.140800,-54.765076,nan
2024-08-15T15:32:11,83.140770,-54.765099,nan
2024-08-15T15:32:11,83.140732,-54.765118,nan
2024-08-15T15:32:10,83.140701,-54.765137,nan
2024-08-15T15:32:10,83.140663,-54.765160,nan
2024-08-15T15:32:09,83.140633,-54.765186,nan
2024-08-15T15:32:09,83.140594,-54.765209,nan
2024-08-15T15:32:08,83.140564,-54.765232,nan
2024-08-15T15:32:08,83.140526,-54.765255,nan
2024-08-15T15:32:07,83.140495,-54.765278,nan
2024-08-15T15:32:07,83.140457,-54.765301,nan
2024-08-15T15:32:06,83.140427,-54.765327,nan
2024-08-15T15:32:06,83.140388,-54.765354,nan
2024-08-15T15:32:05,83.140350,-54.765373,nan
2024-08-15T15:32:05,83.140320,-54.765396,nan
2024-08-15T15:32:04,83.140282,-54.765415,nan
2024-08-15T15:32:04,83.140251,-54.765434,nan
2024-08-15T15:32:03,83.140213,-54.765453,nan
2024-08-15T15:32:03,83.140175,-54.765469,nan
2024-08-15T15:32:02,83.140144,-54.765484,nan
2024-08-15T15:32:02,83.140106,-54.765495,nan
2024-08-15T15:32:01,83.140076,-54.765507,nan
2024-08-15T15:32:01,83.140038,-54.765518,nan
2024-08-15T15:32:00,83.139999,-54.765533,nan
2024-08-15T15:32:00,83.139961,-54.765541,nan
2024-08-15T15:31:59,83.139893,-54.765553,nan
2024-08-15T15:31:58,83.139862,-54.765560,nan
2024-08-15T15:31:58,83.139824,-54.765564,nan
2024-08-15T15:31:57,83.139786,-54.765568,nan
2024-08-15T15:31:57,83.139755,-54.765568,nan
2024-08-15T15:31:56,83.139717,-54.765560,nan
2024-08-15T15:31:56,83.139679,-54.765553,nan
2024-08-15T15:31:55,83.139648,-54.765549,nan
2024-08-15T15:31:55,83.139610,-54.765537,nan
2024-08-15T15:31:54,83.139572,-54.765530,nan
2024-08-15T15:31:54,83.139542,-54.765514,nan
2024-08-15T15:31:53,83.139503,-54.765491,nan
2024-08-15T15:31:53,83.139465,-54.765469,nan
2024-08-15T15:31:52,83.139435,-54.765446,nan
2024-08-15T15:31:52,83.139397,-54.765419,nan
2024-08-15T15:31:51,83.139366,-54.765392,nan
2024-08-15T15:31:51,83.139328,-54.765366,nan
2024-08-15T15:31:50,83.139290,-54.765335,nan
2024-08-15T15:31:50,83.139259,-54.765305,nan
2024-08-15T15:31:49,83.139221,-54.765274,nan
2024-08-15T15:31:49,83.139191,-54.765244,nan
2024-08-15T15:31:48,83.139153,-54.765209,nan
2024-08-15T15:31:48,83.139114,-54.765175,nan
2024-08-15T15:31:47,83.139084,-54.765133,nan
2024-08-15T15:31:47,83.139046,-54.765091,nan
2024-08-15T15:31:46,83.139008,-54.765045,nan
2024-08-15T15:31:46,83.138977,-54.765003,nan
2024-08-15T15:31:45,83.138901,-54.764915,nan
2024-08-15T15:31:44,83.138870,-54.764870,nan
2024-08-15T15:31:44,83.138832,-54.764824,nan
2024-08-15T15:31:43,83.138802,-54.764786,nan
2024-08-15T15:31:43,83.138763,-54.764748,nan
2024-08-15T15:31:42,83.138725,-54.764713,nan
2024-08-15T15:31:42,83.138695,-54.764683,nan
2024-08-15T15:31:41,83.138657,-54.764645,nan
2024-08-15T15:31:41,83.138626,-54.764606,nan
2024-08-15T15:31:40,83.138588,-54.764576,nan
2024-08-15T15:31:40,83.138557,-54.764545,nan
2024-08-15T15:31:39,83.138519,-54.764515,nan
2024-08-15T15:31:39,83.138489,-54.764484,nan
2024-08-15T15:31:38,83.138451,-54.764454,nan
2024-08-15T15:31:38,83.138420,-54.764420,nan
2024-08-15T15:31:37,83.138382,-54.764385,nan
2024-08-15T15:31:37,83.138351,-54.764355,nan
2024-08-15T15:31:36,83.138313,-54.764324,nan
2024-08-15T15:31:36,83.138283,-54.764290,nan
2024-08-15T15:31:35,83.138245,-54.764248,nan
2024-08-15T15:31:35,83.138206,-54.764202,nan
2024-08-15T15:31:34,83.138176,-54.764153,nan
2024-08-15T15:31:34,83.138138,-54.764107,nan
2024-08-15T15:31:33,83.138107,-54.764061,nan
2024-08-15T15:31:33,83.138069,-54.764011,nan
2024-08-15T15:31:32,83.138031,-54.763962,nan
2024-08-15T15:31:32,83.138000,-54.763912,nan
2024-08-15T15:31:31,83.137962,-54.763855,nan
2024-08-15T15:31:31,83.137924,-54.763798,nan
2024-08-15T15:31:30,83.137894,-54.763741,nan
2024-08-15T15:31:30,83.137856,-54.763687,nan
2024-08-15T15:31:29,83.137817,-54.763626,nan
2024-08-15T15:31:29,83.137779,-54.763565,nan
2024-08-15T15:31:28,83.137749,-54.763500,nan
2024-08-15T15:31:27,83.137672,-54.763367,nan
2024-08-15T15:31:27,83.137634,-54.763302,nan
2024-08-15T15:31:26,83.137589,-54.763226,nan
2024-08-15T15:31:26,83.137550,-54.763145,nan
2024-08-15T15:31:25,83.137512,-54.763058,nan
2024-08-15T15:31:24,83.137436,-54.762863,nan
2024-08-15T15:31:24,83.137390,-54.762764,nan
2024-08-15T15:31:23,83.137352,-54.762665,nan
2024-08-15T15:31:23,83.137306,-54.762554,nan
2024-08-15T15:31:22,83.137268,-54.762436,nan
2024-08-15T15:31:22,83.137222,-54.762318,nan
2024-08-15T15:31:21,83.137177,-54.762196,nan
2024-08-15T15:31:21,83.137138,-54.762077,nan
2024-08-15T15:31:20,83.137093,-54.761955,nan
2024-08-15T15:31:20,83.137047,-54.761829,nan
2024-08-15T15:31:19,83.137001,-54.761703,nan
2024-08-15T15:31:19,83.136955,-54.761581,nan
2024-08-15T15:31:18,83.136902,-54.761467,nan
2024-08-15T15:31:18,83.136856,-54.761360,nan
2024-08-15T15:31:17,83.136810,-54.761253,nan
2024-08-15T15:31:17,83.136765,-54.761150,nan
2024-08-15T15:31:16,83.136711,-54.761051,nan
2024-08-15T15:31:16,83.136665,-54.760956,nan
2024-08-15T15:31:15,83.136620,-54.760868,nan
2024-08-15T15:31:15,83.136574,-54.760788,nan
2024-08-15T15:31:14,83.136520,-54.760712,nan
2024-08-15T15:31:14,83.136475,-54.760632,nan
2024-08-15T15:31:13,83.136429,-54.760555,nan
2024-08-15T15:31:13,83.136375,-54.760479,nan
2024-08-15T15:31:12,83.136330,-54.760406,nan
2024-08-15T15:31:12,83.136276,-54.760334,nan
2024-08-15T15:31:11,83.136230,-54.760258,nan
2024-08-15T15:31:11,83.136177,-54.760170,nan
2024-08-15T15:31:10,83.136131,-54.760071,nan
2024-08-15T15:31:10,83.136078,-54.759960,nan
2024-08-15T15:31:09,83.136024,-54.759846,nan
2024-08-15T15:31:09,83.135971,-54.759727,nan
2024-08-15T15:31:08,83.135918,-54.759609,nan
2024-08-15T15:31:08,83.135864,-54.759491,nan
2024-08-15T15:31:07,83.135803,-54.759373,nan
2024-08-15T15:31:07,83.135750,-54.759254,nan
2024-08-15T15:31:06,83.135696,-54.759148,nan
2024-08-15T15:31:06,83.135635,-54.759045,nan
2024-08-15T15:31:05,83.135574,-54.758949,nan
2024-08-15T15:31:05,83.135513,-54.758862,nan
2024-08-15T15:31:04,83.135460,-54.758778,nan
2024-08-15T15:31:04,83.135399,-54.758701,nan
2024-08-15T15:31:03,83.135338,-54.758633,nan
2024-08-15T15:31:03,83.135277,-54.758572,nan
2024-08-15T15:31:02,83.135216,-54.758514,nan
2024-08-15T15:31:02,83.135155,-54.758457,nan
2024-08-15T15:31:01,83.135094,-54.758408,nan
2024-08-15T15:31:01,83.135025,-54.758358,nan
2024-08-15T15:31:00,83.134964,-54.758312,nan
2024-08-15T15:31:00,83.134903,-54.758270,nan
2024-08-15T15:30:59,83.134834,-54.758224,nan
2024-08-15T15:30:59,83.134773,-54.758179,nan
2024-08-15T15:30:58,83.134705,-54.758125,nan
2024-08-15T15:30:58,83.134644,-54.758072,nan
2024-08-15T15:30:57,83.134575,-54.758015,nan
2024-08-15T15:30:57,83.134506,-54.757957,nan
2024-08-15T15:30:56,83.134445,-54.757896,nan
2024-08-15T15:30:56,83.134377,-54.757832,nan
2024-08-15T15:30:55,83.134308,-54.757763,nan
2024-08-15T15:30:55,83.134239,-54.757694,nan
2024-08-15T15:30:54,83.134178,-54.757622,nan
2024-08-15T15:30:54,83.134109,-54.757549,nan
2024-08-15T15:30:53,83.134048,-54.757477,nan
2024-08-15T15:30:53,83.133980,-54.757393,nan
2024-08-15T15:30:52,83.133911,-54.757309,nan
2024-08-15T15:30:52,83.133850,-54.757217,nan
2024-08-15T15:30:51,83.133781,-54.757126,nan
2024-08-15T15:30:51,83.133713,-54.757038,nan
2024-08-15T15:30:50,83.133652,-54.756954,nan
2024-08-15T15:30:50,83.133583,-54.756866,nan
2024-08-15T15:30:49,83.133514,-54.756779,nan
2024-08-15T15:30:49,83.133446,-54.756691,nan
2024-08-15T15:30:48,83.133377,-54.756603,nan
2024-08-15T15:30:48,83.133316,-54.756516,nan
2024-08-15T15:30:47,83.133247,-54.756424,nan
2024-08-15T15:30:47,83.133179,-54.756329,nan
2024-08-15T15:30:46,83.133110,-54.756229,nan
2024-08-15T15:30:46,83.133049,-54.756126,nan
2024-08-15T15:30:45,83.132980,-54.756023,nan
2024-08-15T15:30:45,83.132912,-54.755928,nan
2024-08-15T15:30:44,83.132851,-54.755833,nan
2024-08-15T15:30:44,83.132782,-54.755730,nan
2024-08-15T15:30:43,83.132713,-54.755627,nan
2024-08-15T15:30:43,83.132645,-54.755520,nan
2024-08-15T15:30:42,83.132576,-54.755417,nan
2024-08-15T15:30:42,83.132507,-54.755314,nan
2024-08-15T15:30:41,83.132446,-54.755203,nan
2024-08-15T15:30:41,83.132378,-54.755085,nan
2024-08-15T15:30:40,83.132301,-54.754959,nan
2024-08-15T15:30:40,83.132233,-54.754829,nan
2024-08-15T15:30:39,83.132164,-54.754700,nan
2024-08-15T15:30:39,83.132095,-54.754570,nan
2024-08-15T15:30:38,83.132027,-54.754440,nan
2024-08-15T15:30:38,83.131958,-54.754314,nan
2024-08-15T15:30:37,83.131889,-54.754189,nan
2024-08-15T15:30:37,83.131813,-54.754066,nan
2024-08-15T15:30:36,83.131744,-54.753952,nan
2024-08-15T15:30:36,83.131676,-54.753845,nan
2024-08-15T15:30:35,83.131599,-54.753742,nan
2024-08-15T15:30:35,83.131531,-54.753647,nan
2024-08-15T15:30:34,83.131462,-54.753548,nan
2024-08-15T15:30:34,83.131386,-54.753456,nan
2024-08-15T15:30:33,83.131310,-54.753372,nan
2024-08-15T15:30:33,83.131241,-54.753288,nan
2024-08-15T15:30:32,83.131165,-54.753212,nan
2024-08-15T15:30:32,83.131088,-54.753136,nan
2024-08-15T15:30:31,83.131012,-54.753056,nan
2024-08-15T15:30:31,83.130936,-54.752972,nan
2024-08-15T15:30:30,83.130859,-54.752892,nan
2024-08-15T15:30:30,83.130775,-54.752811,nan
2024-08-15T15:30:29,83.130699,-54.752735,nan
2024-08-15T15:30:29,83.130623,-54.752659,nan
2024-08-15T15:30:28,83.130547,-54.752583,nan
2024-08-15T15:30:28,83.130463,-54.752510,nan
2024-08-15T15:30:27,83.130386,-54.752441,nan
2024-08-15T15:30:27,83.130310,-54.752377,nan
2024-08-15T15:30:26,83.130234,-54.752319,nan
2024-08-15T15:30:26,83.130157,-54.752266,nan
2024-08-15T15:30:25,83.130074,-54.752216,nan
2024-08-15T15:30:25,83.129997,-54.752163,nan
2024-08-15T15:30:24,83.129921,-54.752113,nan
2024-08-15T15:30:24,83.129837,-54.752064,nan
2024-08-15T15:30:23,83.129761,-54.752014,nan
2024-08-15T15:30:23,83.129684,-54.751965,nan
2024-08-15T15:30:22,83.129601,-54.751911,nan
2024-08-15T15:30:22,83.129524,-54.751854,nan
2024-08-15T15:30:21,83.129440,-54.751801,nan
2024-08-15T15:30:21,83.129364,-54.751747,nan
2024-08-15T15:30:20,83.129288,-54.751694,nan
2024-08-15T15:30:20,83.129204,-54.751644,nan
2024-08-15T15:30:19,83.129120,-54.751591,nan
2024-08-15T15:30:19,83.129044,-54.751541,nan
2024-08-15T15:30:18,83.128960,-54.751492,nan
2024-08-15T15:30:18,83.128883,-54.751442,nan
2024-08-15T15:30:17,83.128807,-54.751396,nan
2024-08-15T15:30:17,83.128723,-54.751347,nan
2024-08-15T15:30:16,83.128639,-54.751293,nan
2024-08-15T15:30:16,83.128563,-54.751236,nan
2024-08-15T15:30:15,83.128487,-54.751171,nan
2024-08-15T15:30:15,83.128403,-54.751110,nan
2024-08-15T15:30:14,83.128326,-54.751045,nan
2024-08-15T15:30:14,83.128250,-54.750977,nan
2024-08-15T15:30:13,83.128166,-54.750904,nan
2024-08-15T15:30:13,83.128090,-54.750828,nan
2024-08-15T15:30:12,83.128006,-54.750748,nan
2024-08-15T15:30:12,83.127930,-54.750664,nan
2024-08-15T15:30:11,83.127853,-54.750580,nan
2024-08-15T15:30:11,83.127769,-54.750496,nan
2024-08-15T15:30:10,83.127693,-54.750404,nan
2024-08-15T15:30:10,83.127609,-54.750305,nan
2024-08-15T15:30:09,83.127525,-54.750206,nan
2024-08-15T15:30:09,83.127449,-54.750103,nan
2024-08-15T15:30:08,83.127373,-54.750008,nan
2024-08-15T15:30:08,83.127289,-54.749916,nan
2024-08-15T15:30:07,83.127205,-54.749832,nan
2024-08-15T15:30:07,83.127129,-54.749744,nan
2024-08-15T15:30:06,83.127045,-54.749660,nan
2024-08-15T15:30:06,83.126961,-54.749577,nan
2024-08-15T15:30:05,83.126884,-54.749500,nan
2024-08-15T15:30:05,83.126801,-54.749428,nan
2024-08-15T15:30:04,83.126717,-54.749352,nan
2024-08-15T15:30:04,83.126633,-54.749279,nan
2024-08-15T15:30:03,83.126549,-54.749203,nan
2024-08-15T15:30:03,83.126472,-54.749126,nan
2024-08-15T15:30:02,83.126389,-54.749050,nan
2024-08-15T15:30:02,83.126305,-54.748970,nan
2024-08-15T15:30:01,83.126221,-54.748894,nan
2024-08-15T15:30:01,83.126144,-54.748806,nan
2024-08-15T15:30:00,83.126060,-54.748714,nan
2024-08-15T15:30:00,83.125977,-54.748623,nan
2024-08-15T15:29:59,83.125893,-54.748531,nan
2024-08-15T15:29:58,83.125732,-54.748360,nan
2024-08-15T15:29:58,83.125648,-54.748280,nan
2024-08-15T15:29:57,83.125565,-54.748199,nan
2024-08-15T15:29:57,83.125481,-54.748123,nan
2024-08-15T15:29:56,83.125397,-54.748047,nan
2024-08-15T15:29:56,83.125313,-54.747971,nan
2024-08-15T15:29:55,83.125229,-54.747898,nan
2024-08-15T15:29:55,83.125137,-54.747822,nan
2024-08-15T15:29:54,83.125053,-54.747746,nan
2024-08-15T15:29:54,83.124969,-54.747662,nan
2024-08-15T15:29:53,83.124886,-54.747578,nan
2024-08-15T15:29:53,83.124802,-54.747490,nan
2024-08-15T15:29:52,83.124718,-54.747398,nan
2024-08-15T15:29:52,83.124634,-54.747307,nan
2024-08-15T15:29:51,83.124542,-54.747211,nan
2024-08-15T15:29:51,83.124458,-54.747108,nan
2024-08-15T15:29:50,83.124374,-54.747009,nan
2024-08-15T15:29:50,83.124290,-54.746906,nan
2024-08-15T15:29:49,83.124207,-54.746807,nan
2024-08-15T15:29:49,83.124130,-54.746712,nan
2024-08-15T15:29:48,83.124039,-54.746609,nan
2024-08-15T15:29:48,83.123955,-54.746502,nan
2024-08-15T15:29:47,83.123871,-54.746391,nan
2024-08-15T15:29:47,83.123787,-54.746277,nan
2024-08-15T15:29:46,83.123703,-54.746166,nan
2024-08-15T15:29:46,83.123619,-54.746059,nan
2024-08-15T15:29:45,83.123535,-54.745953,nan
2024-08-15T15:29:45,83.123444,-54.745846,nan
2024-08-15T15:29:44,83.123360,-54.745731,nan
2024-08-15T15:29:44,83.123276,-54.745625,nan
2024-08-15T15:29:43,83.123192,-54.745518,nan
2024-08-15T15:29:43,83.123108,-54.745415,nan
2024-08-15T15:29:42,83.123016,-54.745312,nan
2024-08-15T15:29:42,83.122932,-54.745205,nan
2024-08-15T15:29:41,83.122849,-54.745098,nan
2024-08-15T15:29:41,83.122757,-54.744995,nan
2024-08-15T15:29:40,83.122673,-54.744904,nan
2024-08-15T15:29:40,83.122581,-54.744808,nan
2024-08-15T15:29:39,83.122498,-54.744717,nan
2024-08-15T15:29:39,83.122406,-54.744621,nan
2024-08-15T15:29:38,83.122314,-54.744526,nan
2024-08-15T15:29:38,83.122223,-54.744431,nan
2024-08-15T15:29:37,83.122139,-54.744339,nan
2024-08-15T15:29:37,83.122047,-54.744255,nan
2024-08-15T15:29:36,83.121956,-54.744175,nan
2024-08-15T15:29:36,83.121864,-54.744095,nan
2024-08-15T15:29:35,83.121773,-54.744019,nan
2024-08-15T15:29:35,83.121681,-54.743942,nan
2024-08-15T15:29:34,83.121597,-54.743870,nan
2024-08-15T15:29:34,83.121506,-54.743801,nan
2024-08-15T15:29:33,83.121414,-54.743732,nan
2024-08-15T15:29:33,83.121323,-54.743660,nan
2024-08-15T15:29:32,83.121231,-54.743584,nan
2024-08-15T15:29:32,83.121140,-54.743504,nan
2024-08-15T15:29:31,83.121048,-54.743423,nan
2024-08-15T15:29:31,83.120956,-54.743343,nan
2024-08-15T15:29:30,83.120872,-54.743263,nan
2024-08-15T15:29:30,83.120773,-54.743179,nan
2024-08-15T15:29:29,83.120682,-54.743088,nan
2024-08-15T15:29:29,83.120590,-54.743004,nan
2024-08-15T15:29:28,83.120499,-54.742916,nan
2024-08-15T15:29:28,83.120407,-54.742840,nan
2024-08-15T15:29:27,83.120316,-54.742764,nan
2024-08-15T15:29:27,83.120224,-54.742687,nan
2024-08-15T15:29:26,83.120132,-54.742607,nan
2024-08-15T15:29:26,83.120041,-54.742531,nan
2024-08-15T15:29:25,83.119949,-54.742451,nan
2024-08-15T15:29:25,83.119858,-54.742371,nan
2024-08-15T15:29:24,83.119766,-54.742294,nan
2024-08-15T15:29:24,83.119675,-54.742214,nan
2024-08-15T15:29:23,83.119583,-54.742130,nan
2024-08-15T15:29:23,83.119492,-54.742046,nan
2024-08-15T15:29:22,83.119400,-54.741959,nan
2024-08-15T15:29:22,83.119308,-54.741875,nan
2024-08-15T15:29:21,83.119217,-54.741787,nan
2024-08-15T15:29:21,83.119125,-54.741692,nan
2024-08-15T15:29:20,83.119034,-54.741596,nan
2024-08-15T15:29:20,83.118942,-54.741493,nan
2024-08-15T15:29:19,83.118851,-54.741394,nan
2024-08-15T15:29:19,83.118759,-54.741291,nan
2024-08-15T15:29:18,83.118668,-54.741188,nan
2024-08-15T15:29:18,83.118568,-54.741077,nan
2024-08-15T15:29:17,83.118477,-54.740959,nan
2024-08-15T15:29:17,83.118385,-54.740845,nan
2024-08-15T15:29:16,83.118294,-54.740730,nan
2024-08-15T15:29:16,83.118202,-54.740616,nan
2024-08-15T15:29:15,83.118111,-54.740501,nan
2024-08-15T15:29:15,83.118011,-54.740383,nan
2024-08-15T15:29:14,83.117920,-54.740265,nan
2024-08-15T15:29:13,83.117645,-54.739906,nan
2024-08-15T15:29:12,83.117554,-54.739788,nan
2024-08-15T15:29:12,83.117462,-54.739670,nan
2024-08-15T15:29:11,83.117371,-54.739548,nan
2024-08-15T15:29:11,83.117271,-54.739426,nan
2024-08-15T15:29:10,83.117180,-54.739304,nan
2024-08-15T15:29:10,83.117088,-54.739185,nan
2024-08-15T15:29:09,83.116997,-54.739067,nan
2024-08-15T15:29:09,83.116905,-54.738945,nan
2024-08-15T15:29:08,83.116814,-54.738823,nan
2024-08-15T15:29:08,83.116722,-54.738701,nan
2024-08-15T15:29:07,83.116631,-54.738583,nan
2024-08-15T15:29:07,83.116531,-54.738468,nan
2024-08-15T15:29:06,83.116440,-54.738358,nan
2024-08-15T15:29:06,83.116348,-54.738243,nan
2024-08-15T15:29:05,83.116257,-54.738125,nan
2024-08-15T15:29:05,83.116165,-54.738007,nan
2024-08-15T15:29:04,83.116074,-54.737885,nan
2024-08-15T15:29:04,83.115982,-54.737762,nan
2024-08-15T15:29:03,83.115891,-54.737640,nan
2024-08-15T15:29:03,83.115791,-54.737514,nan
2024-08-15T15:29:02,83.115700,-54.737389,nan
2024-08-15T15:29:02,83.115608,-54.737263,nan
2024-08-15T15:29:01,83.115517,-54.737141,nan
2024-08-15T15:29:01,83.115425,-54.737015,nan
2024-08-15T15:29:00,83.115334,-54.736893,nan
2024-08-15T15:29:00,83.115234,-54.736763,nan
2024-08-15T15:28:59,83.115051,-54.736504,nan
2024-08-15T15:28:58,83.114861,-54.736244,nan
2024-08-15T15:28:57,83.114769,-54.736107,nan
2024-08-15T15:28:57,83.114670,-54.735966,nan
2024-08-15T15:28:56,83.114578,-54.735825,nan
2024-08-15T15:28:56,83.114487,-54.735683,nan
2024-08-15T15:28:55,83.114388,-54.735546,nan
2024-08-15T15:28:55,83.114296,-54.735401,nan
2024-08-15T15:28:54,83.114197,-54.735256,nan
2024-08-15T15:28:54,83.114098,-54.735104,nan
2024-08-15T15:28:53,83.114006,-54.734951,nan
2024-08-15T15:28:53,83.113907,-54.734795,nan
2024-08-15T15:28:52,83.113815,-54.734642,nan
2024-08-15T15:28:52,83.113716,-54.734486,nan
2024-08-15T15:28:51,83.113617,-54.734325,nan
2024-08-15T15:28:51,83.113525,-54.734158,nan
2024-08-15T15:28:50,83.113426,-54.733990,nan
2024-08-15T15:28:50,83.113335,-54.733818,nan
2024-08-15T15:28:49,83.113235,-54.733650,nan
2024-08-15T15:28:49,83.113144,-54.733482,nan
2024-08-15T15:28:48,83.113045,-54.733318,nan
2024-08-15T15:28:48,83.112953,-54.733154,nan
2024-08-15T15:28:47,83.112862,-54.732990,nan
2024-08-15T15:28:47,83.112762,-54.732826,nan
2024-08-15T15:28:46,83.112671,-54.732670,nan
2024-08-15T15:28:46,83.112579,-54.732513,nan
2024-08-15T15:28:45,83.112488,-54.732353,nan
2024-08-15T15:28:45,83.112396,-54.732201,nan
2024-08-15T15:28:44,83.112297,-54.732040,nan
2024-08-15T15:28:44,83.112206,-54.731892,nan
2024-08-15T15:28:43,83.112114,-54.731747,nan
2024-08-15T15:28:43,83.112022,-54.731606,nan
2024-08-15T15:28:42,83.111923,-54.731464,nan
2024-08-15T15:28:42,83.111832,-54.731323,nan
2024-08-15T15:28:41,83.111740,-54.731182,nan
2024-08-15T15:28:41,83.111649,-54.731049,nan
2024-08-15T15:28:40,83.111549,-54.730919,nan
2024-08-15T15:28:40,83.111458,-54.730793,nan
2024-08-15T15:28:39,83.111366,-54.730667,nan
2024-08-15T15:28:39,83.111275,-54.730545,nan
2024-08-15T15:28:38,83.111183,-54.730423,nan
2024-08-15T15:28:38,83.111092,-54.730309,nan
2024-08-15T15:28:37,83.111000,-54.730194,nan
2024-08-15T15:28:37,83.110909,-54.730083,nan
2024-08-15T15:28:36,83.110817,-54.729969,nan
2024-08-15T15:28:36,83.110725,-54.729851,nan
2024-08-15T15:28:35,83.110634,-54.729733,nan
2024-08-15T15:28:35,83.110542,-54.729610,nan
2024-08-15T15:28:34,83.110458,-54.729488,nan
2024-08-15T15:28:34,83.110367,-54.729366,nan
2024-08-15T15:28:33,83.110275,-54.729237,nan
2024-08-15T15:28:33,83.110191,-54.729107,nan
2024-08-15T15:28:32,83.110107,-54.728973,nan
2024-08-15T15:28:32,83.110016,-54.728840,nan
2024-08-15T15:28:31,83.109932,-54.728710,nan
2024-08-15T15:28:31,83.109848,-54.728580,nan
2024-08-15T15:28:30,83.109756,-54.728447,nan
2024-08-15T15:28:30,83.109673,-54.728310,nan
2024-08-15T15:28:29,83.109589,-54.728176,nan
2024-08-15T15:28:29,83.109505,-54.728046,nan
2024-08-15T15:28:28,83.109421,-54.727917,nan
2024-08-15T15:28:28,83.109329,-54.727783,nan
2024-08-15T15:28:27,83.109245,-54.727646,nan
2024-08-15T15:28:27,83.109161,-54.727509,nan
2024-08-15T15:28:26,83.109077,-54.727371,nan
2024-08-15T15:28:26,83.108994,-54.727238,nan
2024-08-15T15:28:25,83.108910,-54.727112,nan
2024-08-15T15:28:25,83.108826,-54.726986,nan
2024-08-15T15:28:24,83.108742,-54.726864,nan
2024-08-15T15:28:24,83.108658,-54.726746,nan
2024-08-15T15:28:22,83.108398,-54.726402,nan
2024-08-15T15:28:22,83.108315,-54.726288,nan
2024-08-15T15:28:21,83.108231,-54.726181,nan
2024-08-15T15:28:21,83.108147,-54.726074,nan
2024-08-15T15:28:20,83.108063,-54.725979,nan
2024-08-15T15:28:20,83.107979,-54.725887,nan
2024-08-15T15:28:19,83.107895,-54.725792,nan
2024-08-15T15:28:19,83.107811,-54.725697,nan
2024-08-15T15:28:18,83.107735,-54.725594,nan
2024-08-15T15:28:18,83.107651,-54.725491,nan
2024-08-15T15:28:17,83.107567,-54.725388,nan
2024-08-15T15:28:17,83.107483,-54.725285,nan
2024-08-15T15:28:16,83.107399,-54.725178,nan
2024-08-15T15:28:16,83.107323,-54.725071,nan
2024-08-15T15:28:15,83.107239,-54.724960,nan
2024-08-15T15:28:15,83.107155,-54.724846,nan
2024-08-15T15:28:14,83.107071,-54.724731,nan
2024-08-15T15:28:14,83.106995,-54.724617,nan
2024-08-15T15:28:13,83.106911,-54.724499,nan
2024-08-15T15:28:13,83.106827,-54.724373,nan
2024-08-15T15:28:12,83.106750,-54.724243,nan
2024-08-15T15:28:12,83.106667,-54.724113,nan
2024-08-15T15:28:11,83.106583,-54.723984,nan
2024-08-15T15:28:11,83.106506,-54.723846,nan
2024-08-15T15:28:10,83.106422,-54.723709,nan
2024-08-15T15:28:10,83.106339,-54.723572,nan
2024-08-15T15:28:09,83.106262,-54.723434,nan
2024-08-15T15:28:09,83.106178,-54.723297,nan
2024-08-15T15:28:08,83.106094,-54.723167,nan
2024-08-15T15:28:08,83.106018,-54.723034,nan
2024-08-15T15:28:07,83.105934,-54.722900,nan
2024-08-15T15:28:07,83.105850,-54.722763,nan
2024-08-15T15:28:06,83.105766,-54.722630,nan
2024-08-15T15:28:06,83.105690,-54.722496,nan
2024-08-15T15:28:05,83.105606,-54.722366,nan
2024-08-15T15:28:05,83.105522,-54.722229,nan
2024-08-15T15:28:04,83.105446,-54.722095,nan
2024-08-15T15:28:04,83.105362,-54.721958,nan
2024-08-15T15:28:03,83.105278,-54.721825,nan
2024-08-15T15:28:03,83.105202,-54.721687,nan
2024-08-15T15:28:02,83.105118,-54.721550,nan
2024-08-15T15:28:02,83.105042,-54.721405,nan
2024-08-15T15:28:01,83.104958,-54.721260,nan
2024-08-15T15:28:01,83.104881,-54.721111,nan
2024-08-15T15:28:00,83.104797,-54.720963,nan
2024-08-15T15:28:00,83.104721,-54.720818,nan
2024-08-15T15:27:59,83.104637,-54.720673,nan
2024-08-15T15:27:59,83.104561,-54.720528,nan
2024-08-15T15:27:58,83.104477,-54.720383,nan
2024-08-15T15:27:58,83.104401,-54.720242,nan
2024-08-15T15:27:57,83.104317,-54.720108,nan
2024-08-15T15:27:57,83.104240,-54.719975,nan
2024-08-15T15:27:56,83.104156,-54.719837,nan
2024-08-15T15:27:56,83.104073,-54.719704,nan
2024-08-15T15:27:55,83.103989,-54.719570,nan
2024-08-15T15:27:55,83.103912,-54.719440,nan
2024-08-15T15:27:54,83.103828,-54.719311,nan
2024-08-15T15:27:54,83.103752,-54.719185,nan
2024-08-15T15:27:53,83.103668,-54.719055,nan
2024-08-15T15:27:53,83.103584,-54.718925,nan
2024-08-15T15:27:52,83.103508,-54.718796,nan
2024-08-15T15:27:52,83.103432,-54.718662,nan
2024-08-15T15:27:51,83.103355,-54.718533,nan
2024-08-15T15:27:51,83.103271,-54.718399,nan
2024-08-15T15:27:50,83.103195,-54.718266,nan
2024-08-15T15:27:50,83.103119,-54.718132,nan
2024-08-15T15:27:49,83.103043,-54.717999,nan
2024-08-15T15:27:49,83.102966,-54.717865,nan
2024-08-15T15:27:48,83.102882,-54.717735,nan
2024-08-15T15:27:48,83.102806,-54.717606,nan
2024-08-15T15:27:47,83.102730,-54.717476,nan
2024-08-15T15:27:47,83.102654,-54.717342,nan
2024-08-15T15:27:46,83.102577,-54.717209,nan
2024-08-15T15:27:46,83.102501,-54.717079,nan
2024-08-15T15:27:45,83.102425,-54.716957,nan
2024-08-15T15:27:45,83.102348,-54.716835,nan
2024-08-15T15:27:44,83.102272,-54.716709,nan
2024-08-15T15:27:44,83.102203,-54.716579,nan
2024-08-15T15:27:43,83.102127,-54.716446,nan
2024-08-15T15:27:43,83.102051,-54.716309,nan
2024-08-15T15:27:42,83.101982,-54.716164,nan
2024-08-15T15:27:42,83.101913,-54.716022,nan
2024-08-15T15:27:41,83.101837,-54.715870,nan
2024-08-15T15:27:41,83.101768,-54.715717,nan
2024-08-15T15:27:40,83.101700,-54.715561,nan
2024-08-15T15:27:40,83.101624,-54.715405,nan
2024-08-15T15:27:39,83.101555,-54.715248,nan
2024-08-15T15:27:39,83.101486,-54.715092,nan
2024-08-15T15:27:38,83.101418,-54.714931,nan
2024-08-15T15:27:38,83.101349,-54.714767,nan
2024-08-15T15:27:37,83.101280,-54.714607,nan
2024-08-15T15:27:37,83.101212,-54.714447,nan
2024-08-15T15:27:36,83.101143,-54.714291,nan
2024-08-15T15:27:36,83.101074,-54.714130,nan
2024-08-15T15:27:35,83.101006,-54.713974,nan
2024-08-15T15:27:35,83.100937,-54.713818,nan
2024-08-15T15:27:34,83.100868,-54.713657,nan
2024-08-15T15:27:34,83.100800,-54.713509,nan
2024-08-15T15:27:33,83.100731,-54.713360,nan
2024-08-15T15:27:33,83.100662,-54.713211,nan
2024-08-15T15:27:32,83.100594,-54.713062,nan
2024-08-15T15:27:32,83.100525,-54.712914,nan
2024-08-15T15:27:31,83.100464,-54.712769,nan
2024-08-15T15:27:31,83.100395,-54.712627,nan
2024-08-15T15:27:30,83.100327,-54.712486,nan
2024-08-15T15:27:30,83.100258,-54.712345,nan
2024-08-15T15:27:29,83.100197,-54.712200,nan
2024-08-15T15:27:29,83.100128,-54.712051,nan
2024-08-15T15:27:28,83.100060,-54.711903,nan
2024-08-15T15:27:28,83.099998,-54.711754,nan
2024-08-15T15:27:27,83.099930,-54.711601,nan
2024-08-15T15:27:27,83.099861,-54.711445,nan
2024-08-15T15:27:26,83.099800,-54.711285,nan
2024-08-15T15:27:26,83.099731,-54.711121,nan
2024-08-15T15:27:25,83.099670,-54.710957,nan
2024-08-15T15:27:25,83.099602,-54.710800,nan
2024-08-15T15:27:24,83.099541,-54.710644,nan
2024-08-15T15:27:24,83.099472,-54.710487,nan
2024-08-15T15:27:23,83.099403,-54.710335,nan
2024-08-15T15:27:23,83.099342,-54.710182,nan
2024-08-15T15:27:22,83.099274,-54.710030,nan
2024-08-15T15:27:22,83.099205,-54.709885,nan
2024-08-15T15:27:21,83.099136,-54.709736,nan
2024-08-15T15:27:21,83.099068,-54.709591,nan
2024-08-15T15:27:20,83.098999,-54.709438,nan
2024-08-15T15:27:20,83.098923,-54.709293,nan
2024-08-15T15:27:19,83.098854,-54.709145,nan
2024-08-15T15:27:19,83.098785,-54.708996,nan
2024-08-15T15:27:18,83.098709,-54.708851,nan
2024-08-15T15:27:18,83.098640,-54.708698,nan
2024-08-15T15:27:17,83.098572,-54.708538,nan
2024-08-15T15:27:17,83.098495,-54.708366,nan
2024-08-15T15:27:16,83.098427,-54.708191,nan
2024-08-15T15:27:16,83.098351,-54.708012,nan
2024-08-15T15:27:15,83.098282,-54.707832,nan
2024-08-15T15:27:15,83.098206,-54.707645,nan
2024-08-15T15:27:14,83.098129,-54.707451,nan
2024-08-15T15:27:14,83.098061,-54.707253,nan
2024-08-15T15:27:13,83.097984,-54.707050,nan
2024-08-15T15:27:13,83.097908,-54.706844,nan
2024-08-15T15:27:12,83.097839,-54.706638,nan
2024-08-15T15:27:12,83.097763,-54.706432,nan
2024-08-15T15:27:11,83.097694,-54.706223,nan
2024-08-15T15:27:11,83.097618,-54.706020,nan
2024-08-15T15:27:10,83.097549,-54.705822,nan
2024-08-15T15:27:10,83.097473,-54.705631,nan
2024-08-15T15:27:09,83.097397,-54.705441,nan
2024-08-15T15:27:09,83.097328,-54.705254,nan
2024-08-15T15:27:08,83.097252,-54.705070,nan
2024-08-15T15:27:08,83.097176,-54.704891,nan
2024-08-15T15:27:07,83.097099,-54.704716,nan
2024-08-15T15:27:07,83.097023,-54.704536,nan
2024-08-15T15:27:06,83.096947,-54.704365,nan
2024-08-15T15:27:06,83.096870,-54.704189,nan
2024-08-15T15:27:05,83.096794,-54.704021,nan
2024-08-15T15:27:05,83.096718,-54.703857,nan
2024-08-15T15:27:04,83.096642,-54.703701,nan
2024-08-15T15:27:04,83.096565,-54.703545,nan
2024-08-15T15:27:03,83.096489,-54.703392,nan
2024-08-15T15:27:03,83.096413,-54.703239,nan
2024-08-15T15:27:02,83.096336,-54.703091,nan
2024-08-15T15:27:02,83.096260,-54.702938,nan
2024-08-15T15:27:01,83.096184,-54.702782,nan
2024-08-15T15:27:01,83.096107,-54.702621,nan
2024-08-15T15:27:00,83.096039,-54.702461,nan
2024-08-15T15:27:00,83.095970,-54.702293,nan
2024-08-15T15:26:59,83.095894,-54.702122,nan
2024-08-15T15:26:59,83.095825,-54.701942,nan
2024-08-15T15:26:58,83.095749,-54.701759,nan
2024-08-15T15:26:58,83.095680,-54.701565,nan
2024-08-15T15:26:57,83.095612,-54.701370,nan
2024-08-15T15:26:57,83.095535,-54.701172,nan
2024-08-15T15:26:56,83.095467,-54.700966,nan
2024-08-15T15:26:56,83.095390,-54.700756,nan
2024-08-15T15:26:55,83.095322,-54.700550,nan
2024-08-15T15:26:55,83.095245,-54.700344,nan
2024-08-15T15:26:54,83.095177,-54.700138,nan
2024-08-15T15:26:54,83.095100,-54.699940,nan
2024-08-15T15:26:53,83.095032,-54.699738,nan
2024-08-15T15:26:53,83.094955,-54.699539,nan
2024-08-15T15:26:52,83.094887,-54.699345,nan
2024-08-15T15:26:52,83.094818,-54.699154,nan
2024-08-15T15:26:51,83.094749,-54.698959,nan
2024-08-15T15:26:51,83.094681,-54.698761,nan
2024-08-15T15:26:50,83.094612,-54.698559,nan
2024-08-15T15:26:50,83.094543,-54.698357,nan
2024-08-15T15:26:49,83.094475,-54.698158,nan
2024-08-15T15:26:49,83.094398,-54.697964,nan
2024-08-15T15:26:48,83.094330,-54.697762,nan
2024-08-15T15:26:48,83.094261,-54.697548,nan
2024-08-15T15:26:47,83.094193,-54.697327,nan
2024-08-15T15:26:47,83.094116,-54.697098,nan
2024-08-15T15:26:46,83.094048,-54.696869,nan
2024-08-15T15:26:46,83.093971,-54.696636,nan
2024-08-15T15:26:45,83.093903,-54.696404,nan
2024-08-15T15:26:45,83.093826,-54.696167,nan
2024-08-15T15:26:44,83.093750,-54.695927,nan
2024-08-15T15:26:44,83.093681,-54.695690,nan
2024-08-15T15:26:43,83.093605,-54.695457,nan
2024-08-15T15:26:43,83.093529,-54.695232,nan
2024-08-15T15:26:42,83.093452,-54.695011,nan
2024-08-15T15:26:42,83.093369,-54.694798,nan
2024-08-15T15:26:41,83.093292,-54.694592,nan
2024-08-15T15:26:41,83.093216,-54.694393,nan
2024-08-15T15:26:40,83.093140,-54.694202,nan
2024-08-15T15:26:40,83.093063,-54.694019,nan
2024-08-15T15:26:39,83.092987,-54.693844,nan
2024-08-15T15:26:39,83.092911,-54.693668,nan
2024-08-15T15:26:38,83.092834,-54.693497,nan
2024-08-15T15:26:38,83.092751,-54.693340,nan
2024-08-15T15:26:37,83.092674,-54.693192,nan
2024-08-15T15:26:37,83.092598,-54.693050,nan
2024-08-15T15:26:36,83.092514,-54.692921,nan
2024-08-15T15:26:36,83.092438,-54.692799,nan
2024-08-15T15:26:35,83.092354,-54.692684,nan
2024-08-15T15:26:35,83.092270,-54.692577,nan
2024-08-15T15:26:34,83.092186,-54.692467,nan
2024-08-15T15:26:34,83.092110,-54.692364,nan
2024-08-15T15:26:33,83.092033,-54.692253,nan
2024-08-15T15:26:33,83.091949,-54.692150,nan
2024-08-15T15:26:32,83.091873,-54.692039,nan
2024-08-15T15:26:32,83.091797,-54.691933,nan
2024-08-15T15:26:31,83.091721,-54.691822,nan
2024-08-15T15:26:31,83.091644,-54.691708,nan
2024-08-15T15:26:30,83.091568,-54.691589,nan
2024-08-15T15:26:30,83.091492,-54.691463,nan
2024-08-15T15:26:29,83.091415,-54.691338,nan
2024-08-15T15:26:29,83.091339,-54.691208,nan
2024-08-15T15:26:28,83.091263,-54.691082,nan
2024-08-15T15:26:28,83.091187,-54.690956,nan
2024-08-15T15:26:27,83.091110,-54.690826,nan
2024-08-15T15:26:27,83.091042,-54.690697,nan
2024-08-15T15:26:26,83.090965,-54.690563,nan
2024-08-15T15:26:26,83.090889,-54.690426,nan
2024-08-15T15:26:25,83.090820,-54.690292,nan
2024-08-15T15:26:25,83.090744,-54.690151,nan
2024-08-15T15:26:24,83.090675,-54.690014,nan
2024-08-15T15:26:24,83.090599,-54.689877,nan
2024-08-15T15:26:23,83.090530,-54.689732,nan
2024-08-15T15:26:23,83.090454,-54.689587,nan
2024-08-15T15:26:22,83.090378,-54.689438,nan
2024-08-15T15:26:22,83.090309,-54.689289,nan
2024-08-15T15:26:21,83.090233,-54.689137,nan
2024-08-15T15:26:21,83.090157,-54.688980,nan
2024-08-15T15:26:20,83.090088,-54.688824,nan
2024-08-15T15:26:20,83.090019,-54.688667,nan
2024-08-15T15:26:19,83.089951,-54.688519,nan
2024-08-15T15:26:19,83.089882,-54.688358,nan
2024-08-15T15:26:18,83.089813,-54.688194,nan
2024-08-15T15:26:18,83.089745,-54.688026,nan
2024-08-15T15:26:17,83.089676,-54.687855,nan
2024-08-15T15:26:17,83.089615,-54.687679,nan
2024-08-15T15:26:16,83.089546,-54.687508,nan
2024-08-15T15:26:16,83.089478,-54.687332,nan
2024-08-15T15:26:15,83.089417,-54.687153,nan
2024-08-15T15:26:15,83.089348,-54.686974,nan
2024-08-15T15:26:14,83.089287,-54.686802,nan
2024-08-15T15:26:14,83.089226,-54.686638,nan
2024-08-15T15:26:13,83.089157,-54.686481,nan
2024-08-15T15:26:13,83.089096,-54.686325,nan
2024-08-15T15:26:12,83.089035,-54.686165,nan
2024-08-15T15:26:12,83.088974,-54.686008,nan
2024-08-15T15:26:11,83.088913,-54.685852,nan
2024-08-15T15:26:11,83.088852,-54.685699,nan
2024-08-15T15:26:10,83.088791,-54.685551,nan
2024-08-15T15:26:10,83.088737,-54.685402,nan
2024-08-15T15:26:09,83.088676,-54.685253,nan
2024-08-15T15:26:09,83.088615,-54.685101,nan
2024-08-15T15:26:08,83.088562,-54.684952,nan
2024-08-15T15:26:08,83.088501,-54.684799,nan
2024-08-15T15:26:07,83.088440,-54.684647,nan
2024-08-15T15:26:07,83.088379,-54.684494,nan
2024-08-15T15:26:06,83.088326,-54.684338,nan
2024-08-15T15:26:06,83.088264,-54.684181,nan
2024-08-15T15:26:05,83.088203,-54.684025,nan
2024-08-15T15:26:05,83.088142,-54.683861,nan
2024-08-15T15:26:04,83.088081,-54.683704,nan
2024-08-15T15:26:04,83.088020,-54.683552,nan
2024-08-15T15:26:03,83.087967,-54.683411,nan
2024-08-15T15:26:03,83.087906,-54.683270,nan
2024-08-15T15:26:02,83.087852,-54.683140,nan
2024-08-15T15:26:02,83.087791,-54.683018,nan
2024-08-15T15:26:01,83.087738,-54.682907,nan
2024-08-15T15:26:01,83.087677,-54.682793,nan
2024-08-15T15:26:00,83.087624,-54.682690,nan
2024-08-15T15:26:00,83.087563,-54.682590,nan
2024-08-15T15:25:59,83.087509,-54.682491,nan
2024-08-15T15:25:59,83.087456,-54.682411,nan
2024-08-15T15:25:58,83.087395,-54.682331,nan
2024-08-15T15:25:58,83.087341,-54.682255,nan
2024-08-15T15:25:57,83.087288,-54.682178,nan
2024-08-15T15:25:57,83.087234,-54.682110,nan
2024-08-15T15:25:56,83.087173,-54.682041,nan
2024-08-15T15:25:56,83.087120,-54.681973,nan
2024-08-15T15:25:55,83.087067,-54.681904,nan
2024-08-15T15:25:55,83.087013,-54.681839,nan
2024-08-15T15:25:54,83.086960,-54.681774,nan
2024-08-15T15:25:54,83.086906,-54.681713,nan
2024-08-15T15:25:53,83.086861,-54.681652,nan
2024-08-15T15:25:53,83.086807,-54.681595,nan
2024-08-15T15:25:52,83.086761,-54.681538,nan
2024-08-15T15:25:52,83.086716,-54.681492,nan
2024-08-15T15:25:51,83.086670,-54.681454,nan
2024-08-15T15:25:51,83.086624,-54.681412,nan
2024-08-15T15:25:50,83.086578,-54.681355,nan
2024-08-15T15:25:50,83.086533,-54.681309,nan
2024-08-15T15:25:49,83.086487,-54.681255,nan
2024-08-15T15:25:49,83.086441,-54.681194,nan
2024-08-15T15:25:48,83.086395,-54.681133,nan
2024-08-15T15:25:48,83.086357,-54.681068,nan
2024-08-15T15:25:47,83.086311,-54.681015,nan
2024-08-15T15:25:47,83.086266,-54.680969,nan
2024-08-15T15:25:46,83.086220,-54.680923,nan
2024-08-15T15:25:46,83.086174,-54.680862,nan
2024-08-15T15:25:45,83.086128,-54.680809,nan
2024-08-15T15:25:45,83.086082,-54.680759,nan
2024-08-15T15:25:44,83.086029,-54.680702,nan
2024-08-15T15:25:44,83.085983,-54.680622,nan
2024-08-15T15:25:43,83.085938,-54.680542,nan
2024-08-15T15:25:43,83.085899,-54.680470,nan
2024-08-15T15:25:42,83.085854,-54.680405,nan
2024-08-15T15:25:42,83.085808,-54.680344,nan
2024-08-15T15:25:41,83.085762,-54.680244,nan
2024-08-15T15:25:41,83.085716,-54.680119,nan
2024-08-15T15:25:40,83.085678,-54.680000,nan
2024-08-15T15:25:40,83.085640,-54.679893,nan
2024-08-15T15:25:39,83.085594,-54.679859,nan
2024-08-15T15:25:39,83.085541,-54.679852,nan
2024-08-15T15:25:38,83.085487,-54.679733,nan
2024-08-15T15:25:38,83.085442,-54.679623,nan
2024-08-15T15:25:37,83.085396,-54.679962,nan
2024-08-15T15:25:37,83.085312,-54.681194,nan
2024-08-15T15:25:36,83.085220,-54.683525,nan
2024-08-15T15:25:36,83.085175,-54.686123,nan
2024-08-15T15:25:35,83.085144,-54.689037,nan
2024-08-15T15:25:35,83.085114,-54.689110,nan
2024-08-15T15:25:34,83.085083,-54.688869,nan
2024-08-15T15:25:34,83.085068,-54.688667,nan
2024-08-15T15:25:33,83.085030,-54.688000,nan
2024-08-15T15:25:33,83.085014,-54.686783,nan
2024-08-15T15:25:31,83.084999,-54.676098,nan
2024-08-15T15:25:31,83.085052,-54.668797,nan
2024-08-15T15:25:30,83.085114,-54.661182,nan
