datetime,lat,lon,elev
2024-06-11T14:49:47,84.020470,-29.792753,nan
2024-06-11T14:49:47,84.020477,-29.792753,nan
2024-06-11T14:49:46,84.020493,-29.792753,nan
2024-06-11T14:49:46,84.020500,-29.792751,nan
2024-06-11T14:49:45,84.020531,-29.792715,nan
2024-06-11T14:49:44,84.020546,-29.792685,nan
2024-06-11T14:49:44,84.020561,-29.792648,nan
2024-06-11T14:49:43,84.020569,-29.792601,nan
2024-06-11T14:49:43,84.020584,-29.792545,nan
2024-06-11T14:49:42,84.020599,-29.792479,nan
2024-06-11T14:49:42,84.020607,-29.792406,nan
2024-06-11T14:49:41,84.020622,-29.792328,nan
2024-06-11T14:49:41,84.020630,-29.792250,nan
2024-06-11T14:49:40,84.020638,-29.792179,nan
2024-06-11T14:49:40,84.020645,-29.792114,nan
2024-06-11T14:49:39,84.020653,-29.792051,nan
2024-06-11T14:49:39,84.020660,-29.791988,nan
2024-06-11T14:49:38,84.020668,-29.791920,nan
2024-06-11T14:49:38,84.020676,-29.791853,nan
2024-06-11T14:49:37,84.020683,-29.791784,nan
2024-06-11T14:49:37,84.020691,-29.791718,nan
2024-06-11T14:49:36,84.020699,-29.791651,nan
2024-06-11T14:49:36,84.020706,-29.791582,nan
2024-06-11T14:49:34,84.020729,-29.791370,nan
2024-06-11T14:49:34,84.020737,-29.791298,nan
2024-06-11T14:49:33,84.020744,-29.791227,nan
2024-06-11T14:49:33,84.020752,-29.791157,nan
2024-06-11T14:49:32,84.020760,-29.791084,nan
2024-06-11T14:49:32,84.020767,-29.791014,nan
2024-06-11T14:49:31,84.020775,-29.790941,nan
2024-06-11T14:49:31,84.020782,-29.790869,nan
2024-06-11T14:49:30,84.020790,-29.790792,nan
2024-06-11T14:49:30,84.020798,-29.790718,nan
2024-06-11T14:49:29,84.020798,-29.790646,nan
2024-06-11T14:49:29,84.020805,-29.790569,nan
2024-06-11T14:49:28,84.020813,-29.790495,nan
2024-06-11T14:49:28,84.020821,-29.790419,nan
2024-06-11T14:49:27,84.020821,-29.790340,nan
2024-06-11T14:49:27,84.020828,-29.790262,nan
2024-06-11T14:49:26,84.020836,-29.790186,nan
2024-06-11T14:49:26,84.020836,-29.790108,nan
2024-06-11T14:49:25,84.020844,-29.790031,nan
2024-06-11T14:49:25,84.020851,-29.789953,nan
2024-06-11T14:49:24,84.020859,-29.789877,nan
2024-06-11T14:49:24,84.020859,-29.789799,nan
2024-06-11T14:49:23,84.020866,-29.789722,nan
2024-06-11T14:49:23,84.020874,-29.789644,nan
2024-06-11T14:49:22,84.020882,-29.789564,nan
2024-06-11T14:49:22,84.020889,-29.789486,nan
2024-06-11T14:49:21,84.020889,-29.789406,nan
2024-06-11T14:49:21,84.020897,-29.789328,nan
2024-06-11T14:49:20,84.020905,-29.789248,nan
2024-06-11T14:49:20,84.020912,-29.789171,nan
2024-06-11T14:49:19,84.020920,-29.789095,nan
2024-06-11T14:49:19,84.020920,-29.789021,nan
2024-06-11T14:49:18,84.020927,-29.788946,nan
2024-06-11T14:49:18,84.020935,-29.788876,nan
2024-06-11T14:49:17,84.020943,-29.788803,nan
2024-06-11T14:49:17,84.020943,-29.788729,nan
2024-06-11T14:49:16,84.020950,-29.788654,nan
2024-06-11T14:49:16,84.020958,-29.788582,nan
2024-06-11T14:49:15,84.020966,-29.788507,nan
2024-06-11T14:49:15,84.020973,-29.788433,nan
2024-06-11T14:49:14,84.020973,-29.788359,nan
2024-06-11T14:49:14,84.020981,-29.788284,nan
2024-06-11T14:49:13,84.020988,-29.788212,nan
2024-06-11T14:49:13,84.020996,-29.788137,nan
2024-06-11T14:49:12,84.021004,-29.788063,nan
2024-06-11T14:49:12,84.021004,-29.787991,nan
2024-06-11T14:49:11,84.021011,-29.787914,nan
2024-06-11T14:49:11,84.021019,-29.787840,nan
2024-06-11T14:49:10,84.021027,-29.787764,nan
2024-06-11T14:49:10,84.021027,-29.787687,nan
2024-06-11T14:49:09,84.021034,-29.787613,nan
2024-06-11T14:49:09,84.021042,-29.787537,nan
2024-06-11T14:49:08,84.021049,-29.787458,nan
2024-06-11T14:49:08,84.021057,-29.787384,nan
2024-06-11T14:49:07,84.021057,-29.787310,nan
2024-06-11T14:49:07,84.021065,-29.787231,nan
2024-06-11T14:49:06,84.021072,-29.787157,nan
2024-06-11T14:49:06,84.021080,-29.787081,nan
2024-06-11T14:49:05,84.021088,-29.787004,nan
2024-06-11T14:49:05,84.021095,-29.786926,nan
2024-06-11T14:49:04,84.021103,-29.786852,nan
2024-06-11T14:49:04,84.021111,-29.786774,nan
2024-06-11T14:49:03,84.021111,-29.786699,nan
2024-06-11T14:49:03,84.021118,-29.786623,nan
2024-06-11T14:49:02,84.021126,-29.786547,nan
2024-06-11T14:49:02,84.021133,-29.786472,nan
2024-06-11T14:49:01,84.021133,-29.786394,nan
2024-06-11T14:49:01,84.021141,-29.786322,nan
2024-06-11T14:49:00,84.021149,-29.786247,nan
2024-06-11T14:49:00,84.021156,-29.786175,nan
2024-06-11T14:48:59,84.021156,-29.786100,nan
2024-06-11T14:48:59,84.021164,-29.786022,nan
2024-06-11T14:48:58,84.021172,-29.785944,nan
2024-06-11T14:48:58,84.021172,-29.785864,nan
2024-06-11T14:48:57,84.021179,-29.785780,nan
2024-06-11T14:48:57,84.021179,-29.785698,nan
2024-06-11T14:48:56,84.021187,-29.785616,nan
2024-06-11T14:48:56,84.021194,-29.785536,nan
2024-06-11T14:48:55,84.021202,-29.785456,nan
2024-06-11T14:48:55,84.021202,-29.785376,nan
2024-06-11T14:48:54,84.021210,-29.785297,nan
2024-06-11T14:48:54,84.021217,-29.785221,nan
2024-06-11T14:48:53,84.021217,-29.785143,nan
2024-06-11T14:48:53,84.021225,-29.785067,nan
2024-06-11T14:48:52,84.021233,-29.784988,nan
2024-06-11T14:48:52,84.021233,-29.784906,nan
2024-06-11T14:48:51,84.021240,-29.784822,nan
2024-06-11T14:48:51,84.021248,-29.784737,nan
2024-06-11T14:48:50,84.021255,-29.784653,nan
2024-06-11T14:48:50,84.021255,-29.784565,nan
2024-06-11T14:48:49,84.021263,-29.784475,nan
2024-06-11T14:48:49,84.021271,-29.784386,nan
2024-06-11T14:48:48,84.021278,-29.784292,nan
2024-06-11T14:48:48,84.021286,-29.784199,nan
2024-06-11T14:48:47,84.021286,-29.784109,nan
2024-06-11T14:48:47,84.021294,-29.784018,nan
2024-06-11T14:48:46,84.021301,-29.783930,nan
2024-06-11T14:48:46,84.021309,-29.783838,nan
2024-06-11T14:48:45,84.021317,-29.783747,nan
2024-06-11T14:48:45,84.021324,-29.783653,nan
2024-06-11T14:48:44,84.021332,-29.783556,nan
2024-06-11T14:48:44,84.021332,-29.783461,nan
2024-06-11T14:48:43,84.021339,-29.783363,nan
2024-06-11T14:48:43,84.021347,-29.783266,nan
2024-06-11T14:48:42,84.021355,-29.783171,nan
2024-06-11T14:48:42,84.021362,-29.783073,nan
2024-06-11T14:48:41,84.021370,-29.782978,nan
2024-06-11T14:48:41,84.021378,-29.782883,nan
2024-06-11T14:48:40,84.021385,-29.782787,nan
2024-06-11T14:48:40,84.021393,-29.782696,nan
2024-06-11T14:48:39,84.021400,-29.782604,nan
2024-06-11T14:48:39,84.021408,-29.782516,nan
2024-06-11T14:48:38,84.021416,-29.782431,nan
2024-06-11T14:48:38,84.021423,-29.782347,nan
2024-06-11T14:48:37,84.021431,-29.782265,nan
2024-06-11T14:48:37,84.021439,-29.782183,nan
2024-06-11T14:48:36,84.021446,-29.782099,nan
2024-06-11T14:48:36,84.021461,-29.782015,nan
2024-06-11T14:48:35,84.021461,-29.781935,nan
2024-06-11T14:48:35,84.021477,-29.781855,nan
2024-06-11T14:48:34,84.021484,-29.781778,nan
2024-06-11T14:48:34,84.021484,-29.781704,nan
2024-06-11T14:48:33,84.021500,-29.781626,nan
2024-06-11T14:48:33,84.021500,-29.781546,nan
2024-06-11T14:48:32,84.021507,-29.781466,nan
2024-06-11T14:48:32,84.021515,-29.781380,nan
2024-06-11T14:48:31,84.021538,-29.781204,nan
2024-06-11T14:48:30,84.021545,-29.781116,nan
2024-06-11T14:48:30,84.021553,-29.781027,nan
2024-06-11T14:48:29,84.021561,-29.780935,nan
2024-06-11T14:48:29,84.021568,-29.780846,nan
2024-06-11T14:48:28,84.021584,-29.780758,nan
2024-06-11T14:48:28,84.021591,-29.780668,nan
2024-06-11T14:48:27,84.021599,-29.780581,nan
2024-06-11T14:48:27,84.021606,-29.780497,nan
2024-06-11T14:48:26,84.021622,-29.780413,nan
2024-06-11T14:48:26,84.021629,-29.780331,nan
2024-06-11T14:48:25,84.021637,-29.780251,nan
2024-06-11T14:48:25,84.021645,-29.780170,nan
2024-06-11T14:48:24,84.021652,-29.780090,nan
2024-06-11T14:48:24,84.021667,-29.780006,nan
2024-06-11T14:48:23,84.021675,-29.779922,nan
2024-06-11T14:48:23,84.021690,-29.779840,nan
2024-06-11T14:48:22,84.021698,-29.779755,nan
2024-06-11T14:48:22,84.021706,-29.779665,nan
2024-06-11T14:48:21,84.021721,-29.779575,nan
2024-06-11T14:48:21,84.021729,-29.779484,nan
2024-06-11T14:48:20,84.021744,-29.779388,nan
2024-06-11T14:48:20,84.021751,-29.779291,nan
2024-06-11T14:48:19,84.021767,-29.779196,nan
2024-06-11T14:48:19,84.021774,-29.779099,nan
2024-06-11T14:48:18,84.021790,-29.778999,nan
2024-06-11T14:48:18,84.021797,-29.778898,nan
2024-06-11T14:48:17,84.021805,-29.778797,nan
2024-06-11T14:48:17,84.021820,-29.778692,nan
2024-06-11T14:48:16,84.021828,-29.778585,nan
2024-06-11T14:48:16,84.021843,-29.778479,nan
2024-06-11T14:48:15,84.021858,-29.778372,nan
2024-06-11T14:48:15,84.021866,-29.778263,nan
2024-06-11T14:48:14,84.021881,-29.778154,nan
2024-06-11T14:48:14,84.021889,-29.778048,nan
2024-06-11T14:48:13,84.021904,-29.777939,nan
2024-06-11T14:48:13,84.021919,-29.777830,nan
2024-06-11T14:48:12,84.021927,-29.777718,nan
2024-06-11T14:48:12,84.021942,-29.777603,nan
2024-06-11T14:48:11,84.021957,-29.777487,nan
2024-06-11T14:48:11,84.021965,-29.777369,nan
2024-06-11T14:48:10,84.021980,-29.777246,nan
2024-06-11T14:48:10,84.021988,-29.777121,nan
2024-06-11T14:48:09,84.022003,-29.776993,nan
2024-06-11T14:48:09,84.022018,-29.776863,nan
2024-06-11T14:48:08,84.022026,-29.776733,nan
2024-06-11T14:48:08,84.022041,-29.776600,nan
2024-06-11T14:48:07,84.022049,-29.776464,nan
2024-06-11T14:48:07,84.022064,-29.776329,nan
2024-06-11T14:48:06,84.022079,-29.776196,nan
2024-06-11T14:48:06,84.022087,-29.776064,nan
2024-06-11T14:48:05,84.022102,-29.775934,nan
2024-06-11T14:48:05,84.022110,-29.775808,nan
2024-06-11T14:48:04,84.022125,-29.775686,nan
2024-06-11T14:48:04,84.022133,-29.775562,nan
2024-06-11T14:48:03,84.022148,-29.775436,nan
2024-06-11T14:48:03,84.022156,-29.775311,nan
2024-06-11T14:48:02,84.022171,-29.775183,nan
2024-06-11T14:48:02,84.022186,-29.775049,nan
2024-06-11T14:48:01,84.022194,-29.774912,nan
2024-06-11T14:48:01,84.022209,-29.774773,nan
2024-06-11T14:48:00,84.022224,-29.774632,nan
2024-06-11T14:48:00,84.022232,-29.774490,nan
2024-06-11T14:47:59,84.022247,-29.774351,nan
2024-06-11T14:47:59,84.022263,-29.774212,nan
2024-06-11T14:47:58,84.022270,-29.774073,nan
2024-06-11T14:47:58,84.022285,-29.773935,nan
2024-06-11T14:47:57,84.022301,-29.773796,nan
2024-06-11T14:47:57,84.022308,-29.773659,nan
2024-06-11T14:47:56,84.022324,-29.773518,nan
2024-06-11T14:47:56,84.022339,-29.773375,nan
2024-06-11T14:47:55,84.022346,-29.773230,nan
2024-06-11T14:47:55,84.022362,-29.773083,nan
2024-06-11T14:47:54,84.022377,-29.772932,nan
2024-06-11T14:47:54,84.022392,-29.772783,nan
2024-06-11T14:47:53,84.022408,-29.772633,nan
2024-06-11T14:47:53,84.022423,-29.772482,nan
2024-06-11T14:47:52,84.022430,-29.772329,nan
2024-06-11T14:47:52,84.022446,-29.772179,nan
2024-06-11T14:47:51,84.022461,-29.772026,nan
2024-06-11T14:47:51,84.022476,-29.771877,nan
2024-06-11T14:47:50,84.022491,-29.771730,nan
2024-06-11T14:47:50,84.022507,-29.771584,nan
2024-06-11T14:47:49,84.022530,-29.771437,nan
2024-06-11T14:47:49,84.022537,-29.771294,nan
2024-06-11T14:47:48,84.022552,-29.771152,nan
2024-06-11T14:47:48,84.022568,-29.771009,nan
2024-06-11T14:47:47,84.022591,-29.770870,nan
2024-06-11T14:47:47,84.022598,-29.770731,nan
2024-06-11T14:47:46,84.022614,-29.770596,nan
2024-06-11T14:47:46,84.022636,-29.770462,nan
2024-06-11T14:47:45,84.022652,-29.770330,nan
2024-06-11T14:47:45,84.022659,-29.770203,nan
2024-06-11T14:47:44,84.022675,-29.770073,nan
2024-06-11T14:47:44,84.022690,-29.769945,nan
2024-06-11T14:47:43,84.022705,-29.769819,nan
2024-06-11T14:47:43,84.022720,-29.769695,nan
2024-06-11T14:47:42,84.022736,-29.769573,nan
2024-06-11T14:47:42,84.022751,-29.769449,nan
2024-06-11T14:47:41,84.022766,-29.769327,nan
2024-06-11T14:47:41,84.022781,-29.769201,nan
2024-06-11T14:47:40,84.022797,-29.769075,nan
2024-06-11T14:47:40,84.022804,-29.768948,nan
2024-06-11T14:47:39,84.022820,-29.768818,nan
2024-06-11T14:47:39,84.022835,-29.768684,nan
2024-06-11T14:47:38,84.022842,-29.768547,nan
2024-06-11T14:47:38,84.022858,-29.768410,nan
2024-06-11T14:47:37,84.022873,-29.768267,nan
2024-06-11T14:47:37,84.022881,-29.768126,nan
2024-06-11T14:47:36,84.022896,-29.767986,nan
2024-06-11T14:47:36,84.022911,-29.767845,nan
2024-06-11T14:47:35,84.022926,-29.767710,nan
2024-06-11T14:47:35,84.022934,-29.767570,nan
2024-06-11T14:47:34,84.022949,-29.767431,nan
2024-06-11T14:47:34,84.022964,-29.767294,nan
2024-06-11T14:47:33,84.022980,-29.767153,nan
2024-06-11T14:47:33,84.022987,-29.767010,nan
2024-06-11T14:47:32,84.023003,-29.766870,nan
2024-06-11T14:47:32,84.023018,-29.766729,nan
2024-06-11T14:47:31,84.023026,-29.766594,nan
2024-06-11T14:47:31,84.023041,-29.766462,nan
2024-06-11T14:47:30,84.023056,-29.766331,nan
2024-06-11T14:47:30,84.023064,-29.766199,nan
2024-06-11T14:47:29,84.023079,-29.766068,nan
2024-06-11T14:47:29,84.023094,-29.765936,nan
2024-06-11T14:47:28,84.023109,-29.765802,nan
2024-06-11T14:47:28,84.023117,-29.765671,nan
2024-06-11T14:47:27,84.023132,-29.765535,nan
2024-06-11T14:47:27,84.023148,-29.765396,nan
2024-06-11T14:47:26,84.023163,-29.765251,nan
2024-06-11T14:47:26,84.023170,-29.765100,nan
2024-06-11T14:47:25,84.023186,-29.764948,nan
2024-06-11T14:47:25,84.023201,-29.764795,nan
2024-06-11T14:47:24,84.023216,-29.764645,nan
2024-06-11T14:47:24,84.023232,-29.764494,nan
2024-06-11T14:47:23,84.023239,-29.764343,nan
2024-06-11T14:47:23,84.023254,-29.764191,nan
2024-06-11T14:47:22,84.023270,-29.764038,nan
2024-06-11T14:47:22,84.023285,-29.763884,nan
2024-06-11T14:47:21,84.023300,-29.763733,nan
2024-06-11T14:47:21,84.023315,-29.763578,nan
2024-06-11T14:47:20,84.023331,-29.763424,nan
2024-06-11T14:47:20,84.023338,-29.763268,nan
2024-06-11T14:47:19,84.023354,-29.763111,nan
2024-06-11T14:47:19,84.023369,-29.762957,nan
2024-06-11T14:47:18,84.023384,-29.762800,nan
2024-06-11T14:47:18,84.023399,-29.762642,nan
2024-06-11T14:47:17,84.023407,-29.762484,nan
2024-06-11T14:47:17,84.023422,-29.762323,nan
2024-06-11T14:47:16,84.023438,-29.762165,nan
2024-06-11T14:47:16,84.023453,-29.762007,nan
2024-06-11T14:47:15,84.023468,-29.761848,nan
2024-06-11T14:47:15,84.023483,-29.761688,nan
2024-06-11T14:47:14,84.023514,-29.761364,nan
2024-06-11T14:47:13,84.023529,-29.761196,nan
2024-06-11T14:47:13,84.023544,-29.761026,nan
2024-06-11T14:47:12,84.023560,-29.760855,nan
2024-06-11T14:47:12,84.023575,-29.760679,nan
2024-06-11T14:47:11,84.023590,-29.760502,nan
2024-06-11T14:47:11,84.023605,-29.760323,nan
2024-06-11T14:47:10,84.023628,-29.760143,nan
2024-06-11T14:47:10,84.023643,-29.759968,nan
2024-06-11T14:47:09,84.023659,-29.759790,nan
2024-06-11T14:47:09,84.023674,-29.759615,nan
2024-06-11T14:47:08,84.023697,-29.759439,nan
2024-06-11T14:47:08,84.023712,-29.759266,nan
2024-06-11T14:47:07,84.023727,-29.759094,nan
2024-06-11T14:47:07,84.023750,-29.758923,nan
2024-06-11T14:47:06,84.023766,-29.758751,nan
2024-06-11T14:47:06,84.023781,-29.758581,nan
2024-06-11T14:47:05,84.023796,-29.758413,nan
2024-06-11T14:47:05,84.023819,-29.758247,nan
2024-06-11T14:47:04,84.023834,-29.758085,nan
2024-06-11T14:47:04,84.023849,-29.757925,nan
2024-06-11T14:47:03,84.023872,-29.757765,nan
2024-06-11T14:47:03,84.023888,-29.757603,nan
2024-06-11T14:47:02,84.023903,-29.757444,nan
2024-06-11T14:47:02,84.023926,-29.757282,nan
2024-06-11T14:47:01,84.023941,-29.757118,nan
2024-06-11T14:47:01,84.023964,-29.756954,nan
2024-06-11T14:47:00,84.024002,-29.756620,nan
2024-06-11T14:46:59,84.024017,-29.756453,nan
2024-06-11T14:46:59,84.024040,-29.756283,nan
2024-06-11T14:46:58,84.024055,-29.756109,nan
2024-06-11T14:46:58,84.024078,-29.755934,nan
2024-06-11T14:46:57,84.024101,-29.755758,nan
2024-06-11T14:46:57,84.024117,-29.755583,nan
2024-06-11T14:46:56,84.024139,-29.755404,nan
2024-06-11T14:46:56,84.024162,-29.755226,nan
2024-06-11T14:46:55,84.024178,-29.755049,nan
2024-06-11T14:46:55,84.024200,-29.754868,nan
2024-06-11T14:46:54,84.024216,-29.754686,nan
2024-06-11T14:46:54,84.024239,-29.754503,nan
2024-06-11T14:46:53,84.024261,-29.754316,nan
2024-06-11T14:46:53,84.024277,-29.754129,nan
2024-06-11T14:46:52,84.024300,-29.753941,nan
2024-06-11T14:46:52,84.024315,-29.753754,nan
2024-06-11T14:46:51,84.024338,-29.753569,nan
2024-06-11T14:46:51,84.024353,-29.753386,nan
2024-06-11T14:46:50,84.024376,-29.753204,nan
2024-06-11T14:46:50,84.024399,-29.753025,nan
2024-06-11T14:46:49,84.024414,-29.752848,nan
2024-06-11T14:46:49,84.024437,-29.752670,nan
2024-06-11T14:46:48,84.024452,-29.752493,nan
2024-06-11T14:46:48,84.024475,-29.752316,nan
2024-06-11T14:46:47,84.024498,-29.752134,nan
2024-06-11T14:46:46,84.024544,-29.751776,nan
2024-06-11T14:46:46,84.024559,-29.751595,nan
2024-06-11T14:46:45,84.024582,-29.751415,nan
2024-06-11T14:46:45,84.024605,-29.751240,nan
2024-06-11T14:46:44,84.024628,-29.751066,nan
2024-06-11T14:46:44,84.024651,-29.750893,nan
2024-06-11T14:46:43,84.024673,-29.750723,nan
2024-06-11T14:46:43,84.024696,-29.750553,nan
2024-06-11T14:46:42,84.024719,-29.750385,nan
2024-06-11T14:46:42,84.024742,-29.750217,nan
2024-06-11T14:46:41,84.024765,-29.750050,nan
2024-06-11T14:46:41,84.024788,-29.749882,nan
2024-06-11T14:46:40,84.024818,-29.749718,nan
2024-06-11T14:46:40,84.024841,-29.749554,nan
2024-06-11T14:46:39,84.024864,-29.749392,nan
2024-06-11T14:46:39,84.024887,-29.749228,nan
2024-06-11T14:46:38,84.024910,-29.749065,nan
2024-06-11T14:46:38,84.024933,-29.748903,nan
2024-06-11T14:46:37,84.024956,-29.748743,nan
2024-06-11T14:46:37,84.024979,-29.748583,nan
2024-06-11T14:46:36,84.025002,-29.748421,nan
2024-06-11T14:46:36,84.025024,-29.748260,nan
2024-06-11T14:46:35,84.025047,-29.748102,nan
2024-06-11T14:46:35,84.025070,-29.747948,nan
2024-06-11T14:46:34,84.025093,-29.747789,nan
2024-06-11T14:46:34,84.025116,-29.747635,nan
2024-06-11T14:46:33,84.025139,-29.747482,nan
2024-06-11T14:46:33,84.025162,-29.747334,nan
2024-06-11T14:46:32,84.025185,-29.747187,nan
2024-06-11T14:46:32,84.025208,-29.747044,nan
2024-06-11T14:46:31,84.025230,-29.746901,nan
2024-06-11T14:46:31,84.025246,-29.746761,nan
2024-06-11T14:46:30,84.025269,-29.746620,nan
2024-06-11T14:46:30,84.025291,-29.746483,nan
2024-06-11T14:46:29,84.025307,-29.746346,nan
2024-06-11T14:46:29,84.025330,-29.746212,nan
2024-06-11T14:46:28,84.025352,-29.746080,nan
2024-06-11T14:46:28,84.025368,-29.745949,nan
2024-06-11T14:46:27,84.025391,-29.745819,nan
2024-06-11T14:46:27,84.025406,-29.745691,nan
2024-06-11T14:46:26,84.025429,-29.745560,nan
2024-06-11T14:46:26,84.025444,-29.745432,nan
2024-06-11T14:46:25,84.025459,-29.745302,nan
2024-06-11T14:46:25,84.025482,-29.745173,nan
2024-06-11T14:46:24,84.025497,-29.745045,nan
2024-06-11T14:46:24,84.025520,-29.744917,nan
2024-06-11T14:46:23,84.025536,-29.744787,nan
2024-06-11T14:46:23,84.025551,-29.744659,nan
2024-06-11T14:46:22,84.025566,-29.744530,nan
2024-06-11T14:46:22,84.025581,-29.744396,nan
2024-06-11T14:46:21,84.025604,-29.744261,nan
2024-06-11T14:46:21,84.025620,-29.744120,nan
2024-06-11T14:46:20,84.025635,-29.743975,nan
2024-06-11T14:46:20,84.025650,-29.743822,nan
2024-06-11T14:46:19,84.025665,-29.743664,nan
2024-06-11T14:46:19,84.025681,-29.743498,nan
2024-06-11T14:46:18,84.025696,-29.743324,nan
2024-06-11T14:46:18,84.025703,-29.743147,nan
2024-06-11T14:46:17,84.025719,-29.742962,nan
2024-06-11T14:46:17,84.025734,-29.742771,nan
2024-06-11T14:46:16,84.025749,-29.742577,nan
2024-06-11T14:46:16,84.025764,-29.742378,nan
2024-06-11T14:46:15,84.025772,-29.742186,nan
2024-06-11T14:46:15,84.025787,-29.741995,nan
2024-06-11T14:46:14,84.025810,-29.741617,nan
2024-06-11T14:46:13,84.025826,-29.741428,nan
2024-06-11T14:46:13,84.025841,-29.741243,nan
2024-06-11T14:46:12,84.025848,-29.741060,nan
2024-06-11T14:46:12,84.025856,-29.740875,nan
2024-06-11T14:46:11,84.025871,-29.740692,nan
2024-06-11T14:46:11,84.025879,-29.740509,nan
2024-06-11T14:46:10,84.025894,-29.740326,nan
2024-06-11T14:46:10,84.025902,-29.740143,nan
2024-06-11T14:46:09,84.025917,-29.739962,nan
2024-06-11T14:46:09,84.025925,-29.739779,nan
2024-06-11T14:46:08,84.025940,-29.739597,nan
2024-06-11T14:46:08,84.025948,-29.739412,nan
2024-06-11T14:46:07,84.025963,-29.739231,nan
2024-06-11T14:46:07,84.025970,-29.739052,nan
2024-06-11T14:46:06,84.025986,-29.738873,nan
2024-06-11T14:46:06,84.025993,-29.738693,nan
2024-06-11T14:46:05,84.026009,-29.738518,nan
2024-06-11T14:46:05,84.026016,-29.738342,nan
2024-06-11T14:46:04,84.026031,-29.738167,nan
2024-06-11T14:46:04,84.026047,-29.737995,nan
2024-06-11T14:46:03,84.026054,-29.737822,nan
2024-06-11T14:46:03,84.026070,-29.737650,nan
2024-06-11T14:46:02,84.026085,-29.737476,nan
2024-06-11T14:46:02,84.026100,-29.737303,nan
2024-06-11T14:46:01,84.026115,-29.737129,nan
2024-06-11T14:46:01,84.026131,-29.736956,nan
2024-06-11T14:46:00,84.026146,-29.736782,nan
2024-06-11T14:46:00,84.026161,-29.736609,nan
2024-06-11T14:45:59,84.026176,-29.736435,nan
2024-06-11T14:45:59,84.026192,-29.736256,nan
2024-06-11T14:45:58,84.026207,-29.736078,nan
2024-06-11T14:45:58,84.026222,-29.735903,nan
2024-06-11T14:45:57,84.026253,-29.735550,nan
2024-06-11T14:45:56,84.026283,-29.735197,nan
2024-06-11T14:45:55,84.026299,-29.735020,nan
2024-06-11T14:45:55,84.026314,-29.734840,nan
2024-06-11T14:45:54,84.026329,-29.734661,nan
2024-06-11T14:45:54,84.026344,-29.734484,nan
2024-06-11T14:45:53,84.026360,-29.734304,nan
2024-06-11T14:45:53,84.026382,-29.734125,nan
2024-06-11T14:45:52,84.026398,-29.733944,nan
2024-06-11T14:45:52,84.026413,-29.733765,nan
2024-06-11T14:45:51,84.026428,-29.733582,nan
2024-06-11T14:45:51,84.026443,-29.733398,nan
2024-06-11T14:45:50,84.026482,-29.733036,nan
2024-06-11T14:45:49,84.026497,-29.732857,nan
2024-06-11T14:45:49,84.026520,-29.732677,nan
2024-06-11T14:45:48,84.026535,-29.732496,nan
2024-06-11T14:45:48,84.026550,-29.732317,nan
2024-06-11T14:45:47,84.026573,-29.732138,nan
2024-06-11T14:45:47,84.026588,-29.731955,nan
2024-06-11T14:45:46,84.026611,-29.731770,nan
2024-06-11T14:45:46,84.026627,-29.731585,nan
2024-06-11T14:45:45,84.026649,-29.731400,nan
2024-06-11T14:45:45,84.026665,-29.731213,nan
2024-06-11T14:45:44,84.026688,-29.731026,nan
2024-06-11T14:45:44,84.026711,-29.730837,nan
2024-06-11T14:45:43,84.026733,-29.730654,nan
2024-06-11T14:45:43,84.026749,-29.730469,nan
2024-06-11T14:45:42,84.026772,-29.730288,nan
2024-06-11T14:45:42,84.026794,-29.730106,nan
2024-06-11T14:45:41,84.026817,-29.729927,nan
2024-06-11T14:45:41,84.026840,-29.729753,nan
2024-06-11T14:45:40,84.026863,-29.729584,nan
2024-06-11T14:45:40,84.026878,-29.729418,nan
2024-06-11T14:45:39,84.026901,-29.729254,nan
2024-06-11T14:45:39,84.026924,-29.729095,nan
2024-06-11T14:45:38,84.026947,-29.728935,nan
2024-06-11T14:45:38,84.026970,-29.728773,nan
2024-06-11T14:45:37,84.026993,-29.728609,nan
2024-06-11T14:45:37,84.027016,-29.728445,nan
2024-06-11T14:45:36,84.027039,-29.728279,nan
2024-06-11T14:45:36,84.027054,-29.728111,nan
2024-06-11T14:45:35,84.027077,-29.727943,nan
2024-06-11T14:45:35,84.027100,-29.727774,nan
2024-06-11T14:45:34,84.027122,-29.727600,nan
2024-06-11T14:45:34,84.027145,-29.727428,nan
2024-06-11T14:45:33,84.027168,-29.727257,nan
2024-06-11T14:45:33,84.027184,-29.727083,nan
2024-06-11T14:45:32,84.027206,-29.726913,nan
2024-06-11T14:45:32,84.027229,-29.726744,nan
2024-06-11T14:45:31,84.027252,-29.726576,nan
2024-06-11T14:45:31,84.027275,-29.726410,nan
2024-06-11T14:45:30,84.027290,-29.726246,nan
2024-06-11T14:45:30,84.027313,-29.726082,nan
2024-06-11T14:45:29,84.027336,-29.725920,nan
2024-06-11T14:45:29,84.027359,-29.725760,nan
2024-06-11T14:45:28,84.027374,-29.725599,nan
2024-06-11T14:45:28,84.027397,-29.725439,nan
2024-06-11T14:45:27,84.027420,-29.725277,nan
2024-06-11T14:45:27,84.027443,-29.725117,nan
2024-06-11T14:45:26,84.027458,-29.724953,nan
2024-06-11T14:45:26,84.027481,-29.724789,nan
2024-06-11T14:45:25,84.027504,-29.724619,nan
2024-06-11T14:45:25,84.027527,-29.724451,nan
2024-06-11T14:45:24,84.027542,-29.724283,nan
2024-06-11T14:45:24,84.027565,-29.724115,nan
2024-06-11T14:45:23,84.027588,-29.723948,nan
2024-06-11T14:45:23,84.027611,-29.723780,nan
2024-06-11T14:45:22,84.027626,-29.723612,nan
2024-06-11T14:45:22,84.027649,-29.723440,nan
2024-06-11T14:45:21,84.027672,-29.723274,nan
2024-06-11T14:45:21,84.027695,-29.723104,nan
2024-06-11T14:45:20,84.027718,-29.722937,nan
2024-06-11T14:45:20,84.027740,-29.722769,nan
2024-06-11T14:45:19,84.027756,-29.722603,nan
2024-06-11T14:45:19,84.027779,-29.722435,nan
2024-06-11T14:45:18,84.027802,-29.722267,nan
2024-06-11T14:45:18,84.027824,-29.722099,nan
2024-06-11T14:45:17,84.027847,-29.721931,nan
2024-06-11T14:45:17,84.027863,-29.721766,nan
2024-06-11T14:45:16,84.027885,-29.721598,nan
2024-06-11T14:45:16,84.027908,-29.721432,nan
2024-06-11T14:45:15,84.027931,-29.721264,nan
2024-06-11T14:45:15,84.027954,-29.721094,nan
2024-06-11T14:45:14,84.027977,-29.720930,nan
2024-06-11T14:45:14,84.027992,-29.720764,nan
2024-06-11T14:45:13,84.028015,-29.720602,nan
2024-06-11T14:45:13,84.028038,-29.720440,nan
2024-06-11T14:45:12,84.028061,-29.720280,nan
2024-06-11T14:45:12,84.028084,-29.720121,nan
2024-06-11T14:45:11,84.028099,-29.719967,nan
2024-06-11T14:45:11,84.028122,-29.719810,nan
2024-06-11T14:45:10,84.028137,-29.719658,nan
2024-06-11T14:45:10,84.028160,-29.719503,nan
2024-06-11T14:45:09,84.028175,-29.719347,nan
2024-06-11T14:45:09,84.028198,-29.719191,nan
2024-06-11T14:45:08,84.028214,-29.719036,nan
2024-06-11T14:45:07,84.028252,-29.718723,nan
2024-06-11T14:45:07,84.028267,-29.718569,nan
2024-06-11T14:45:06,84.028290,-29.718416,nan
2024-06-11T14:45:06,84.028305,-29.718262,nan
2024-06-11T14:45:05,84.028320,-29.718107,nan
2024-06-11T14:45:05,84.028336,-29.717951,nan
2024-06-11T14:45:04,84.028358,-29.717793,nan
2024-06-11T14:45:04,84.028374,-29.717634,nan
2024-06-11T14:45:03,84.028397,-29.717480,nan
2024-06-11T14:45:03,84.028412,-29.717323,nan
2024-06-11T14:45:02,84.028427,-29.717175,nan
2024-06-11T14:45:02,84.028442,-29.717028,nan
2024-06-11T14:45:01,84.028465,-29.716879,nan
2024-06-11T14:45:01,84.028481,-29.716730,nan
2024-06-11T14:45:00,84.028496,-29.716585,nan
2024-06-11T14:45:00,84.028519,-29.716442,nan
2024-06-11T14:44:59,84.028534,-29.716299,nan
2024-06-11T14:44:59,84.028549,-29.716162,nan
2024-06-11T14:44:58,84.028564,-29.716024,nan
2024-06-11T14:44:58,84.028580,-29.715891,nan
2024-06-11T14:44:57,84.028595,-29.715761,nan
2024-06-11T14:44:57,84.028610,-29.715631,nan
2024-06-11T14:44:56,84.028633,-29.715502,nan
2024-06-11T14:44:56,84.028648,-29.715372,nan
2024-06-11T14:44:55,84.028671,-29.715244,nan
2024-06-11T14:44:55,84.028687,-29.715113,nan
2024-06-11T14:44:54,84.028709,-29.714981,nan
2024-06-11T14:44:54,84.028732,-29.714851,nan
2024-06-11T14:44:53,84.028748,-29.714725,nan
2024-06-11T14:44:53,84.028770,-29.714603,nan
2024-06-11T14:44:52,84.028786,-29.714483,nan
2024-06-11T14:44:52,84.028809,-29.714363,nan
2024-06-11T14:44:51,84.028831,-29.714249,nan
2024-06-11T14:44:51,84.028847,-29.714146,nan
2024-06-11T14:44:50,84.028870,-29.714062,nan
2024-06-11T14:44:50,84.028893,-29.713991,nan
2024-06-11T14:44:49,84.028915,-29.713921,nan
2024-06-11T14:44:49,84.028946,-29.713846,nan
2024-06-11T14:44:48,84.028969,-29.713764,nan
2024-06-11T14:44:48,84.028992,-29.713676,nan
2024-06-11T14:44:47,84.029022,-29.713587,nan
2024-06-11T14:44:47,84.029045,-29.713491,nan
2024-06-11T14:44:46,84.029076,-29.713396,nan
2024-06-11T14:44:46,84.029099,-29.713297,nan
2024-06-11T14:44:45,84.029129,-29.713194,nan
2024-06-11T14:44:45,84.029152,-29.713083,nan
2024-06-11T14:44:44,84.029182,-29.712973,nan
2024-06-11T14:44:44,84.029205,-29.712858,nan
2024-06-11T14:44:43,84.029236,-29.712742,nan
2024-06-11T14:44:43,84.029266,-29.712624,nan
2024-06-11T14:44:42,84.029289,-29.712505,nan
2024-06-11T14:44:42,84.029320,-29.712389,nan
2024-06-11T14:44:41,84.029343,-29.712269,nan
2024-06-11T14:44:41,84.029373,-29.712149,nan
2024-06-11T14:44:40,84.029404,-29.712025,nan
2024-06-11T14:44:40,84.029427,-29.711897,nan
2024-06-11T14:44:39,84.029449,-29.711767,nan
2024-06-11T14:44:39,84.029480,-29.711637,nan
2024-06-11T14:44:38,84.029503,-29.711506,nan
2024-06-11T14:44:38,84.029526,-29.711370,nan
2024-06-11T14:44:37,84.029556,-29.711233,nan
2024-06-11T14:44:37,84.029579,-29.711098,nan
2024-06-11T14:44:36,84.029610,-29.710955,nan
2024-06-11T14:44:35,84.029655,-29.710669,nan
2024-06-11T14:44:35,84.029678,-29.710524,nan
2024-06-11T14:44:34,84.029701,-29.710377,nan
2024-06-11T14:44:34,84.029732,-29.710224,nan
2024-06-11T14:44:33,84.029755,-29.710072,nan
2024-06-11T14:44:33,84.029778,-29.709917,nan
2024-06-11T14:44:32,84.029800,-29.709759,nan
2024-06-11T14:44:32,84.029823,-29.709595,nan
2024-06-11T14:44:31,84.029846,-29.709431,nan
2024-06-11T14:44:31,84.029877,-29.709261,nan
2024-06-11T14:44:30,84.029900,-29.709087,nan
2024-06-11T14:44:29,84.029945,-29.708735,nan
2024-06-11T14:44:29,84.029968,-29.708551,nan
2024-06-11T14:44:28,84.029991,-29.708364,nan
2024-06-11T14:44:28,84.030014,-29.708176,nan
2024-06-11T14:44:27,84.030037,-29.707985,nan
2024-06-11T14:44:27,84.030060,-29.707792,nan
2024-06-11T14:44:26,84.030090,-29.707598,nan
2024-06-11T14:44:26,84.030113,-29.707403,nan
2024-06-11T14:44:25,84.030136,-29.707207,nan
2024-06-11T14:44:25,84.030159,-29.707008,nan
2024-06-11T14:44:24,84.030182,-29.706808,nan
2024-06-11T14:44:24,84.030205,-29.706608,nan
2024-06-11T14:44:23,84.030228,-29.706408,nan
2024-06-11T14:44:23,84.030251,-29.706207,nan
2024-06-11T14:44:22,84.030273,-29.706009,nan
2024-06-11T14:44:22,84.030296,-29.705812,nan
2024-06-11T14:44:21,84.030319,-29.705622,nan
2024-06-11T14:44:21,84.030342,-29.705429,nan
2024-06-11T14:44:20,84.030373,-29.705236,nan
2024-06-11T14:44:20,84.030396,-29.705048,nan
2024-06-11T14:44:19,84.030418,-29.704861,nan
2024-06-11T14:44:19,84.030441,-29.704676,nan
2024-06-11T14:44:18,84.030464,-29.704491,nan
2024-06-11T14:44:18,84.030495,-29.704306,nan
2024-06-11T14:44:17,84.030518,-29.704119,nan
2024-06-11T14:44:17,84.030540,-29.703938,nan
2024-06-11T14:44:16,84.030563,-29.703754,nan
2024-06-11T14:44:16,84.030594,-29.703569,nan
2024-06-11T14:44:15,84.030617,-29.703386,nan
2024-06-11T14:44:15,84.030640,-29.703203,nan
2024-06-11T14:44:14,84.030670,-29.703022,nan
2024-06-11T14:44:14,84.030693,-29.702839,nan
2024-06-11T14:44:13,84.030724,-29.702658,nan
2024-06-11T14:44:13,84.030746,-29.702475,nan
2024-06-11T14:44:12,84.030769,-29.702290,nan
2024-06-11T14:44:12,84.030792,-29.702105,nan
2024-06-11T14:44:11,84.030823,-29.701920,nan
2024-06-11T14:44:11,84.030846,-29.701736,nan
2024-06-11T14:44:10,84.030869,-29.701553,nan
2024-06-11T14:44:10,84.030899,-29.701372,nan
2024-06-11T14:44:09,84.030922,-29.701193,nan
2024-06-11T14:44:09,84.030945,-29.701014,nan
2024-06-11T14:44:08,84.030975,-29.700836,nan
2024-06-11T14:44:08,84.030998,-29.700663,nan
2024-06-11T14:44:07,84.031021,-29.700487,nan
2024-06-11T14:44:07,84.031044,-29.700312,nan
2024-06-11T14:44:06,84.031075,-29.700138,nan
2024-06-11T14:44:06,84.031097,-29.699966,nan
2024-06-11T14:44:05,84.031120,-29.699793,nan
2024-06-11T14:44:05,84.031151,-29.699623,nan
2024-06-11T14:44:04,84.031174,-29.699455,nan
2024-06-11T14:44:04,84.031197,-29.699286,nan
2024-06-11T14:44:03,84.031219,-29.699116,nan
2024-06-11T14:44:03,84.031250,-29.698948,nan
2024-06-11T14:44:02,84.031273,-29.698778,nan
2024-06-11T14:44:02,84.031296,-29.698608,nan
2024-06-11T14:44:01,84.031319,-29.698439,nan
2024-06-11T14:44:01,84.031342,-29.698269,nan
2024-06-11T14:44:00,84.031372,-29.698097,nan
2024-06-11T14:44:00,84.031395,-29.697927,nan
2024-06-11T14:43:59,84.031418,-29.697760,nan
2024-06-11T14:43:59,84.031441,-29.697586,nan
2024-06-11T14:43:58,84.031464,-29.697412,nan
2024-06-11T14:43:58,84.031487,-29.697241,nan
2024-06-11T14:43:57,84.031509,-29.697065,nan
2024-06-11T14:43:57,84.031532,-29.696890,nan
2024-06-11T14:43:56,84.031563,-29.696711,nan
2024-06-11T14:43:56,84.031586,-29.696531,nan
2024-06-11T14:43:55,84.031609,-29.696352,nan
2024-06-11T14:43:55,84.031631,-29.696175,nan
2024-06-11T14:43:54,84.031654,-29.695993,nan
2024-06-11T14:43:54,84.031677,-29.695814,nan
2024-06-11T14:43:53,84.031708,-29.695635,nan
2024-06-11T14:43:53,84.031731,-29.695457,nan
2024-06-11T14:43:52,84.031754,-29.695278,nan
2024-06-11T14:43:52,84.031776,-29.695101,nan
2024-06-11T14:43:51,84.031799,-29.694923,nan
2024-06-11T14:43:51,84.031822,-29.694744,nan
2024-06-11T14:43:50,84.031853,-29.694567,nan
2024-06-11T14:43:49,84.031898,-29.694210,nan
2024-06-11T14:43:49,84.031921,-29.694033,nan
2024-06-11T14:43:48,84.031944,-29.693851,nan
2024-06-11T14:43:48,84.031975,-29.693672,nan
2024-06-11T14:43:47,84.031998,-29.693495,nan
2024-06-11T14:43:47,84.032021,-29.693316,nan
2024-06-11T14:43:46,84.032051,-29.693134,nan
2024-06-11T14:43:46,84.032074,-29.692955,nan
2024-06-11T14:43:45,84.032097,-29.692774,nan
2024-06-11T14:43:45,84.032127,-29.692591,nan
2024-06-11T14:43:44,84.032150,-29.692406,nan
2024-06-11T14:43:44,84.032173,-29.692223,nan
2024-06-11T14:43:43,84.032204,-29.692038,nan
2024-06-11T14:43:43,84.032227,-29.691853,nan
2024-06-11T14:43:42,84.032257,-29.691671,nan
2024-06-11T14:43:42,84.032280,-29.691488,nan
2024-06-11T14:43:41,84.032303,-29.691305,nan
2024-06-11T14:43:41,84.032333,-29.691122,nan
2024-06-11T14:43:40,84.032356,-29.690943,nan
2024-06-11T14:43:40,84.032379,-29.690763,nan
2024-06-11T14:43:39,84.032410,-29.690586,nan
2024-06-11T14:43:39,84.032433,-29.690414,nan
2024-06-11T14:43:38,84.032455,-29.690248,nan
2024-06-11T14:43:38,84.032486,-29.690088,nan
2024-06-11T14:43:37,84.032509,-29.689934,nan
2024-06-11T14:43:37,84.032532,-29.689783,nan
2024-06-11T14:43:36,84.032555,-29.689640,nan
2024-06-11T14:43:36,84.032578,-29.689503,nan
2024-06-11T14:43:35,84.032600,-29.689371,nan
2024-06-11T14:43:35,84.032623,-29.689251,nan
2024-06-11T14:43:34,84.032646,-29.689133,nan
2024-06-11T14:43:34,84.032669,-29.689018,nan
2024-06-11T14:43:33,84.032684,-29.688904,nan
2024-06-11T14:43:33,84.032707,-29.688791,nan
2024-06-11T14:43:32,84.032722,-29.688686,nan
2024-06-11T14:43:32,84.032745,-29.688591,nan
2024-06-11T14:43:31,84.032761,-29.688503,nan
2024-06-11T14:43:31,84.032776,-29.688421,nan
2024-06-11T14:43:30,84.032799,-29.688339,nan
2024-06-11T14:43:30,84.032814,-29.688259,nan
2024-06-11T14:43:29,84.032829,-29.688181,nan
2024-06-11T14:43:29,84.032852,-29.688099,nan
2024-06-11T14:43:28,84.032867,-29.688019,nan
2024-06-11T14:43:28,84.032883,-29.687927,nan
2024-06-11T14:43:27,84.032906,-29.687834,nan
2024-06-11T14:43:27,84.032921,-29.687737,nan
2024-06-11T14:43:26,84.032936,-29.687635,nan
2024-06-11T14:43:26,84.032951,-29.687536,nan
2024-06-11T14:43:25,84.032974,-29.687435,nan
2024-06-11T14:43:25,84.032990,-29.687332,nan
2024-06-11T14:43:24,84.033005,-29.687229,nan
2024-06-11T14:43:24,84.033020,-29.687130,nan
2024-06-11T14:43:23,84.033035,-29.687031,nan
2024-06-11T14:43:23,84.033058,-29.686930,nan
2024-06-11T14:43:22,84.033073,-29.686832,nan
2024-06-11T14:43:22,84.033089,-29.686737,nan
2024-06-11T14:43:21,84.033104,-29.686644,nan
2024-06-11T14:43:21,84.033119,-29.686552,nan
2024-06-11T14:43:20,84.033134,-29.686460,nan
2024-06-11T14:43:20,84.033150,-29.686373,nan
2024-06-11T14:43:19,84.033173,-29.686283,nan
2024-06-11T14:43:19,84.033188,-29.686195,nan
2024-06-11T14:43:18,84.033203,-29.686111,nan
2024-06-11T14:43:18,84.033218,-29.686029,nan
2024-06-11T14:43:17,84.033234,-29.685949,nan
2024-06-11T14:43:17,84.033257,-29.685869,nan
2024-06-11T14:43:16,84.033272,-29.685789,nan
2024-06-11T14:43:16,84.033287,-29.685713,nan
2024-06-11T14:43:15,84.033302,-29.685637,nan
2024-06-11T14:43:15,84.033318,-29.685562,nan
2024-06-11T14:43:14,84.033340,-29.685486,nan
2024-06-11T14:43:14,84.033356,-29.685410,nan
2024-06-11T14:43:13,84.033371,-29.685335,nan
2024-06-11T14:43:13,84.033386,-29.685263,nan
2024-06-11T14:43:12,84.033401,-29.685192,nan
2024-06-11T14:43:12,84.033417,-29.685125,nan
2024-06-11T14:43:11,84.033432,-29.685061,nan
2024-06-11T14:43:11,84.033447,-29.684994,nan
2024-06-11T14:43:10,84.033455,-29.684929,nan
2024-06-11T14:43:10,84.033470,-29.684864,nan
2024-06-11T14:43:09,84.033485,-29.684799,nan
2024-06-11T14:43:09,84.033501,-29.684736,nan
2024-06-11T14:43:08,84.033516,-29.684677,nan
2024-06-11T14:43:08,84.033531,-29.684620,nan
2024-06-11T14:43:07,84.033546,-29.684565,nan
2024-06-11T14:43:07,84.033562,-29.684509,nan
2024-06-11T14:43:06,84.033577,-29.684454,nan
2024-06-11T14:43:06,84.033592,-29.684401,nan
2024-06-11T14:43:05,84.033607,-29.684351,nan
2024-06-11T14:43:05,84.033623,-29.684301,nan
2024-06-11T14:43:04,84.033638,-29.684254,nan
2024-06-11T14:43:04,84.033653,-29.684204,nan
2024-06-11T14:43:03,84.033669,-29.684156,nan
2024-06-11T14:43:03,84.033691,-29.684109,nan
2024-06-11T14:43:02,84.033707,-29.684061,nan
2024-06-11T14:43:02,84.033722,-29.684013,nan
2024-06-11T14:43:01,84.033745,-29.683966,nan
2024-06-11T14:43:01,84.033760,-29.683910,nan
2024-06-11T14:43:00,84.033783,-29.683855,nan
2024-06-11T14:43:00,84.033806,-29.683796,nan
2024-06-11T14:42:59,84.033821,-29.683731,nan
2024-06-11T14:42:59,84.033844,-29.683664,nan
2024-06-11T14:42:58,84.033867,-29.683592,nan
2024-06-11T14:42:58,84.033882,-29.683514,nan
2024-06-11T14:42:57,84.033905,-29.683430,nan
2024-06-11T14:42:57,84.033928,-29.683344,nan
2024-06-11T14:42:56,84.033943,-29.683250,nan
2024-06-11T14:42:56,84.033966,-29.683153,nan
2024-06-11T14:42:55,84.033989,-29.683050,nan
2024-06-11T14:42:55,84.034012,-29.682947,nan
2024-06-11T14:42:54,84.034035,-29.682840,nan
2024-06-11T14:42:54,84.034058,-29.682735,nan
2024-06-11T14:42:53,84.034081,-29.682625,nan
2024-06-11T14:42:53,84.034103,-29.682516,nan
2024-06-11T14:42:52,84.034126,-29.682409,nan
2024-06-11T14:42:52,84.034142,-29.682304,nan
2024-06-11T14:42:51,84.034164,-29.682201,nan
2024-06-11T14:42:51,84.034187,-29.682098,nan
2024-06-11T14:42:50,84.034210,-29.681997,nan
2024-06-11T14:42:50,84.034225,-29.681896,nan
2024-06-11T14:42:49,84.034248,-29.681799,nan
2024-06-11T14:42:49,84.034271,-29.681698,nan
2024-06-11T14:42:48,84.034286,-29.681601,nan
2024-06-11T14:42:48,84.034309,-29.681503,nan
2024-06-11T14:42:47,84.034332,-29.681410,nan
2024-06-11T14:42:47,84.034355,-29.681313,nan
2024-06-11T14:42:46,84.034378,-29.681211,nan
2024-06-11T14:42:46,84.034393,-29.681112,nan
2024-06-11T14:42:45,84.034416,-29.681013,nan
2024-06-11T14:42:45,84.034439,-29.680910,nan
2024-06-11T14:42:44,84.034462,-29.680809,nan
2024-06-11T14:42:44,84.034485,-29.680702,nan
2024-06-11T14:42:43,84.034508,-29.680592,nan
2024-06-11T14:42:43,84.034531,-29.680481,nan
2024-06-11T14:42:42,84.034554,-29.680368,nan
2024-06-11T14:42:42,84.034576,-29.680252,nan
2024-06-11T14:42:41,84.034599,-29.680134,nan
2024-06-11T14:42:41,84.034630,-29.680010,nan
2024-06-11T14:42:40,84.034653,-29.679882,nan
2024-06-11T14:42:40,84.034676,-29.679750,nan
2024-06-11T14:42:39,84.034698,-29.679617,nan
2024-06-11T14:42:39,84.034721,-29.679480,nan
2024-06-11T14:42:38,84.034752,-29.679340,nan
2024-06-11T14:42:38,84.034775,-29.679199,nan
2024-06-11T14:42:37,84.034798,-29.679058,nan
2024-06-11T14:42:37,84.034821,-29.678921,nan
2024-06-11T14:42:36,84.034851,-29.678787,nan
2024-06-11T14:42:36,84.034874,-29.678654,nan
2024-06-11T14:42:35,84.034897,-29.678524,nan
2024-06-11T14:42:35,84.034920,-29.678396,nan
2024-06-11T14:42:34,84.034943,-29.678272,nan
2024-06-11T14:42:34,84.034966,-29.678150,nan
2024-06-11T14:42:33,84.034988,-29.678034,nan
2024-06-11T14:42:33,84.035019,-29.677919,nan
2024-06-11T14:42:32,84.035042,-29.677807,nan
2024-06-11T14:42:32,84.035065,-29.677691,nan
2024-06-11T14:42:31,84.035088,-29.677574,nan
2024-06-11T14:42:31,84.035110,-29.677458,nan
2024-06-11T14:42:30,84.035133,-29.677338,nan
2024-06-11T14:42:30,84.035156,-29.677217,nan
2024-06-11T14:42:29,84.035187,-29.677094,nan
2024-06-11T14:42:29,84.035210,-29.676970,nan
2024-06-11T14:42:28,84.035233,-29.676842,nan
2024-06-11T14:42:28,84.035255,-29.676708,nan
2024-06-11T14:42:27,84.035278,-29.676575,nan
2024-06-11T14:42:27,84.035309,-29.676437,nan
2024-06-11T14:42:26,84.035332,-29.676304,nan
2024-06-11T14:42:26,84.035355,-29.676168,nan
2024-06-11T14:42:25,84.035378,-29.676035,nan
2024-06-11T14:42:25,84.035400,-29.675900,nan
2024-06-11T14:42:24,84.035423,-29.675768,nan
2024-06-11T14:42:24,84.035454,-29.675636,nan
2024-06-11T14:42:23,84.035469,-29.675512,nan
2024-06-11T14:42:23,84.035492,-29.675390,nan
2024-06-11T14:42:22,84.035515,-29.675270,nan
2024-06-11T14:42:22,84.035538,-29.675156,nan
2024-06-11T14:42:21,84.035553,-29.675039,nan
2024-06-11T14:42:21,84.035576,-29.674925,nan
2024-06-11T14:42:20,84.035599,-29.674810,nan
2024-06-11T14:42:20,84.035614,-29.674700,nan
2024-06-11T14:42:19,84.035637,-29.674587,nan
2024-06-11T14:42:19,84.035660,-29.674477,nan
2024-06-11T14:42:18,84.035675,-29.674364,nan
2024-06-11T14:42:18,84.035698,-29.674253,nan
2024-06-11T14:42:17,84.035721,-29.674145,nan
2024-06-11T14:42:17,84.035744,-29.674034,nan
2024-06-11T14:42:16,84.035759,-29.673927,nan
2024-06-11T14:42:16,84.035782,-29.673817,nan
2024-06-11T14:42:15,84.035805,-29.673704,nan
2024-06-11T14:42:15,84.035820,-29.673594,nan
2024-06-11T14:42:14,84.035843,-29.673485,nan
2024-06-11T14:42:14,84.035866,-29.673370,nan
2024-06-11T14:42:13,84.035881,-29.673256,nan
2024-06-11T14:42:13,84.035904,-29.673141,nan
2024-06-11T14:42:12,84.035919,-29.673025,nan
2024-06-11T14:42:12,84.035942,-29.672911,nan
2024-06-11T14:42:11,84.035965,-29.672794,nan
2024-06-11T14:42:11,84.035980,-29.672678,nan
2024-06-11T14:42:10,84.036003,-29.672562,nan
2024-06-11T14:42:10,84.036026,-29.672443,nan
2024-06-11T14:42:09,84.036049,-29.672323,nan
2024-06-11T14:42:09,84.036072,-29.672203,nan
2024-06-11T14:42:08,84.036095,-29.672081,nan
2024-06-11T14:42:08,84.036110,-29.671963,nan
2024-06-11T14:42:07,84.036133,-29.671843,nan
2024-06-11T14:42:07,84.036156,-29.671724,nan
2024-06-11T14:42:06,84.036179,-29.671606,nan
2024-06-11T14:42:06,84.036201,-29.671492,nan
2024-06-11T14:42:05,84.036224,-29.671377,nan
2024-06-11T14:42:05,84.036247,-29.671263,nan
2024-06-11T14:42:04,84.036263,-29.671148,nan
2024-06-11T14:42:04,84.036285,-29.671032,nan
2024-06-11T14:42:03,84.036308,-29.670918,nan
2024-06-11T14:42:03,84.036331,-29.670803,nan
2024-06-11T14:42:02,84.036354,-29.670687,nan
2024-06-11T14:42:02,84.036377,-29.670572,nan
2024-06-11T14:42:01,84.036400,-29.670456,nan
2024-06-11T14:42:01,84.036423,-29.670338,nan
2024-06-11T14:42:00,84.036446,-29.670219,nan
2024-06-11T14:42:00,84.036461,-29.670101,nan
2024-06-11T14:41:59,84.036484,-29.669987,nan
2024-06-11T14:41:59,84.036507,-29.669874,nan
2024-06-11T14:41:58,84.036530,-29.669762,nan
2024-06-11T14:41:58,84.036552,-29.669655,nan
2024-06-11T14:41:57,84.036575,-29.669548,nan
2024-06-11T14:41:57,84.036598,-29.669447,nan
2024-06-11T14:41:56,84.036613,-29.669348,nan
2024-06-11T14:41:56,84.036636,-29.669247,nan
2024-06-11T14:41:55,84.036659,-29.669147,nan
2024-06-11T14:41:55,84.036682,-29.669048,nan
2024-06-11T14:41:54,84.036705,-29.668953,nan
2024-06-11T14:41:54,84.036728,-29.668859,nan
2024-06-11T14:41:53,84.036751,-29.668766,nan
2024-06-11T14:41:53,84.036766,-29.668673,nan
2024-06-11T14:41:52,84.036789,-29.668583,nan
2024-06-11T14:41:52,84.036804,-29.668493,nan
2024-06-11T14:41:51,84.036827,-29.668406,nan
2024-06-11T14:41:51,84.036842,-29.668316,nan
2024-06-11T14:41:50,84.036865,-29.668222,nan
2024-06-11T14:41:50,84.036880,-29.668131,nan
2024-06-11T14:41:49,84.036896,-29.668037,nan
2024-06-11T14:41:49,84.036911,-29.667940,nan
2024-06-11T14:41:48,84.036926,-29.667843,nan
2024-06-11T14:41:48,84.036949,-29.667744,nan
2024-06-11T14:41:47,84.036964,-29.667645,nan
2024-06-11T14:41:47,84.036980,-29.667542,nan
2024-06-11T14:41:46,84.036995,-29.667435,nan
2024-06-11T14:41:46,84.037010,-29.667328,nan
2024-06-11T14:41:45,84.037025,-29.667217,nan
2024-06-11T14:41:45,84.037041,-29.667107,nan
2024-06-11T14:41:44,84.037048,-29.666990,nan
2024-06-11T14:41:44,84.037064,-29.666874,nan
2024-06-11T14:41:43,84.037079,-29.666759,nan
2024-06-11T14:41:43,84.037086,-29.666641,nan
2024-06-11T14:41:42,84.037102,-29.666527,nan
2024-06-11T14:41:42,84.037117,-29.666412,nan
2024-06-11T14:41:41,84.037125,-29.666298,nan
2024-06-11T14:41:41,84.037140,-29.666180,nan
2024-06-11T14:41:40,84.037148,-29.666061,nan
2024-06-11T14:41:40,84.037163,-29.665949,nan
2024-06-11T14:41:39,84.037170,-29.665834,nan
2024-06-11T14:41:39,84.037186,-29.665718,nan
2024-06-11T14:41:38,84.037193,-29.665604,nan
2024-06-11T14:41:38,84.037209,-29.665487,nan
2024-06-11T14:41:37,84.037216,-29.665373,nan
2024-06-11T14:41:37,84.037231,-29.665257,nan
2024-06-11T14:41:36,84.037239,-29.665140,nan
2024-06-11T14:41:36,84.037254,-29.665026,nan
2024-06-11T14:41:35,84.037262,-29.664907,nan
2024-06-11T14:41:35,84.037270,-29.664783,nan
2024-06-11T14:41:34,84.037285,-29.664660,nan
2024-06-11T14:41:34,84.037292,-29.664536,nan
2024-06-11T14:41:33,84.037300,-29.664410,nan
2024-06-11T14:41:33,84.037315,-29.664280,nan
2024-06-11T14:41:32,84.037323,-29.664146,nan
2024-06-11T14:41:32,84.037338,-29.664015,nan
2024-06-11T14:41:31,84.037346,-29.663879,nan
2024-06-11T14:41:31,84.037354,-29.663746,nan
2024-06-11T14:41:30,84.037369,-29.663610,nan
2024-06-11T14:41:30,84.037384,-29.663471,nan
2024-06-11T14:41:29,84.037392,-29.663330,nan
2024-06-11T14:41:29,84.037407,-29.663191,nan
2024-06-11T14:41:28,84.037415,-29.663046,nan
2024-06-11T14:41:28,84.037430,-29.662899,nan
2024-06-11T14:41:27,84.037445,-29.662750,nan
2024-06-11T14:41:27,84.037453,-29.662601,nan
2024-06-11T14:41:26,84.037468,-29.662453,nan
2024-06-11T14:41:26,84.037483,-29.662304,nan
2024-06-11T14:41:25,84.037498,-29.662157,nan
2024-06-11T14:41:25,84.037514,-29.662016,nan
2024-06-11T14:41:24,84.037529,-29.661875,nan
2024-06-11T14:41:24,84.037544,-29.661737,nan
2024-06-11T14:41:23,84.037560,-29.661600,nan
2024-06-11T14:41:23,84.037575,-29.661470,nan
2024-06-11T14:41:22,84.037590,-29.661345,nan
2024-06-11T14:41:22,84.037605,-29.661221,nan
2024-06-11T14:41:21,84.037621,-29.661102,nan
2024-06-11T14:41:21,84.037636,-29.660984,nan
2024-06-11T14:41:20,84.037651,-29.660875,nan
2024-06-11T14:41:20,84.037666,-29.660769,nan
2024-06-11T14:41:19,84.037682,-29.660664,nan
2024-06-11T14:41:19,84.037697,-29.660561,nan
2024-06-11T14:41:18,84.037712,-29.660460,nan
2024-06-11T14:41:18,84.037727,-29.660358,nan
2024-06-11T14:41:17,84.037743,-29.660261,nan
2024-06-11T14:41:17,84.037758,-29.660164,nan
2024-06-11T14:41:16,84.037773,-29.660074,nan
2024-06-11T14:41:16,84.037788,-29.659986,nan
2024-06-11T14:41:15,84.037804,-29.659903,nan
2024-06-11T14:41:15,84.037819,-29.659822,nan
2024-06-11T14:41:14,84.037827,-29.659746,nan
2024-06-11T14:41:14,84.037842,-29.659672,nan
2024-06-11T14:41:13,84.037857,-29.659597,nan
2024-06-11T14:41:13,84.037865,-29.659525,nan
2024-06-11T14:41:12,84.037880,-29.659452,nan
2024-06-11T14:41:12,84.037888,-29.659386,nan
2024-06-11T14:41:11,84.037895,-29.659317,nan
2024-06-11T14:41:11,84.037910,-29.659250,nan
2024-06-11T14:41:10,84.037918,-29.659185,nan
2024-06-11T14:41:10,84.037926,-29.659119,nan
2024-06-11T14:41:09,84.037933,-29.659054,nan
2024-06-11T14:41:09,84.037941,-29.658991,nan
2024-06-11T14:41:08,84.037949,-29.658932,nan
2024-06-11T14:41:08,84.037956,-29.658873,nan
2024-06-11T14:41:07,84.037956,-29.658819,nan
2024-06-11T14:41:07,84.037964,-29.658770,nan
2024-06-11T14:41:06,84.037971,-29.658722,nan
2024-06-11T14:41:06,84.037979,-29.658672,nan
2024-06-11T14:41:05,84.037979,-29.658627,nan
2024-06-11T14:41:05,84.037987,-29.658579,nan
2024-06-11T14:41:04,84.037994,-29.658484,nan
2024-06-11T14:41:03,84.037994,-29.658436,nan
2024-06-11T14:41:03,84.038002,-29.658386,nan
2024-06-11T14:41:02,84.038002,-29.658337,nan
2024-06-11T14:41:02,84.038010,-29.658285,nan
2024-06-11T14:41:01,84.038010,-29.658234,nan
2024-06-11T14:41:01,84.038010,-29.658180,nan
2024-06-11T14:41:00,84.038017,-29.658129,nan
2024-06-11T14:41:00,84.038017,-29.658075,nan
2024-06-11T14:40:59,84.038017,-29.658024,nan
2024-06-11T14:40:59,84.038025,-29.657970,nan
2024-06-11T14:40:58,84.038025,-29.657921,nan
2024-06-11T14:40:58,84.038033,-29.657867,nan
2024-06-11T14:40:57,84.038033,-29.657816,nan
2024-06-11T14:40:57,84.038033,-29.657763,nan
2024-06-11T14:40:56,84.038040,-29.657707,nan
2024-06-11T14:40:56,84.038040,-29.657650,nan
2024-06-11T14:40:55,84.038048,-29.657591,nan
2024-06-11T14:40:55,84.038055,-29.657532,nan
2024-06-11T14:40:54,84.038055,-29.657473,nan
2024-06-11T14:40:54,84.038063,-29.657413,nan
2024-06-11T14:40:53,84.038071,-29.657356,nan
2024-06-11T14:40:53,84.038071,-29.657301,nan
2024-06-11T14:40:52,84.038078,-29.657246,nan
2024-06-11T14:40:52,84.038086,-29.657188,nan
2024-06-11T14:40:51,84.038086,-29.657129,nan
2024-06-11T14:40:51,84.038094,-29.657070,nan
2024-06-11T14:40:50,84.038094,-29.657007,nan
2024-06-11T14:40:50,84.038101,-29.656942,nan
2024-06-11T14:40:49,84.038101,-29.656876,nan
2024-06-11T14:40:49,84.038109,-29.656807,nan
2024-06-11T14:40:48,84.038109,-29.656733,nan
2024-06-11T14:40:48,84.038109,-29.656656,nan
2024-06-11T14:40:47,84.038116,-29.656576,nan
2024-06-11T14:40:47,84.038116,-29.656500,nan
2024-06-11T14:40:46,84.038116,-29.656424,nan
2024-06-11T14:40:46,84.038116,-29.656349,nan
2024-06-11T14:40:45,84.038116,-29.656279,nan
2024-06-11T14:40:45,84.038124,-29.656212,nan
2024-06-11T14:40:44,84.038124,-29.656149,nan
2024-06-11T14:40:44,84.038132,-29.656086,nan
2024-06-11T14:40:43,84.038132,-29.656027,nan
2024-06-11T14:40:43,84.038132,-29.655970,nan
2024-06-11T14:40:42,84.038139,-29.655916,nan
2024-06-11T14:40:42,84.038139,-29.655869,nan
2024-06-11T14:40:41,84.038147,-29.655821,nan
2024-06-11T14:40:41,84.038147,-29.655773,nan
2024-06-11T14:40:40,84.038155,-29.655727,nan
2024-06-11T14:40:40,84.038162,-29.655685,nan
2024-06-11T14:40:39,84.038162,-29.655643,nan
2024-06-11T14:40:39,84.038170,-29.655602,nan
2024-06-11T14:40:38,84.038177,-29.655560,nan
2024-06-11T14:40:38,84.038177,-29.655519,nan
2024-06-11T14:40:37,84.038185,-29.655479,nan
2024-06-11T14:40:37,84.038193,-29.655441,nan
2024-06-11T14:40:36,84.038193,-29.655407,nan
2024-06-11T14:40:36,84.038200,-29.655376,nan
2024-06-11T14:40:35,84.038208,-29.655348,nan
2024-06-11T14:40:35,84.038216,-29.655321,nan
2024-06-11T14:40:34,84.038223,-29.655300,nan
2024-06-11T14:40:34,84.038231,-29.655281,nan
2024-06-11T14:40:33,84.038239,-29.655260,nan
2024-06-11T14:40:33,84.038246,-29.655245,nan
2024-06-11T14:40:32,84.038254,-29.655226,nan
2024-06-11T14:40:32,84.038261,-29.655207,nan
2024-06-11T14:40:31,84.038261,-29.655188,nan
2024-06-11T14:40:31,84.038269,-29.655167,nan
2024-06-11T14:40:30,84.038277,-29.655146,nan
2024-06-11T14:40:30,84.038284,-29.655123,nan
2024-06-11T14:40:29,84.038292,-29.655094,nan
2024-06-11T14:40:29,84.038300,-29.655067,nan
2024-06-11T14:40:28,84.038307,-29.655037,nan
2024-06-11T14:40:28,84.038307,-29.655006,nan
2024-06-11T14:40:27,84.038322,-29.654972,nan
2024-06-11T14:40:27,84.038322,-29.654940,nan
2024-06-11T14:40:26,84.038330,-29.654905,nan
2024-06-11T14:40:26,84.038338,-29.654869,nan
2024-06-11T14:40:25,84.038345,-29.654833,nan
2024-06-11T14:40:25,84.038353,-29.654797,nan
2024-06-11T14:40:24,84.038361,-29.654764,nan
2024-06-11T14:40:24,84.038368,-29.654737,nan
2024-06-11T14:40:23,84.038376,-29.654715,nan
2024-06-11T14:40:23,84.038383,-29.654690,nan
2024-06-11T14:40:22,84.038383,-29.654665,nan
2024-06-11T14:40:22,84.038391,-29.654642,nan
2024-06-11T14:40:21,84.038399,-29.654623,nan
2024-06-11T14:40:21,84.038406,-29.654602,nan
2024-06-11T14:40:20,84.038406,-29.654585,nan
2024-06-11T14:40:20,84.038414,-29.654568,nan
2024-06-11T14:40:19,84.038422,-29.654551,nan
2024-06-11T14:40:19,84.038422,-29.654535,nan
2024-06-11T14:40:18,84.038429,-29.654522,nan
2024-06-11T14:40:18,84.038437,-29.654510,nan
2024-06-11T14:40:17,84.038437,-29.654503,nan
2024-06-11T14:40:17,84.038445,-29.654493,nan
2024-06-11T14:40:16,84.038445,-29.654490,nan
2024-06-11T14:40:16,84.038452,-29.654488,nan
2024-06-11T14:40:15,84.038460,-29.654488,nan
2024-06-11T14:40:15,84.038467,-29.654491,nan
2024-06-11T14:40:14,84.038475,-29.654497,nan
2024-06-11T14:40:14,84.038483,-29.654509,nan
2024-06-11T14:40:13,84.038490,-29.654522,nan
2024-06-11T14:40:13,84.038498,-29.654537,nan
2024-06-11T14:40:12,84.038506,-29.654560,nan
2024-06-11T14:40:12,84.038513,-29.654587,nan
2024-06-11T14:40:11,84.038521,-29.654619,nan
2024-06-11T14:40:11,84.038528,-29.654657,nan
2024-06-11T14:40:10,84.038536,-29.654696,nan
2024-06-11T14:40:10,84.038544,-29.654736,nan
2024-06-11T14:40:09,84.038551,-29.654774,nan
2024-06-11T14:40:09,84.038559,-29.654812,nan
2024-06-11T14:40:08,84.038567,-29.654848,nan
2024-06-11T14:40:08,84.038567,-29.654884,nan
2024-06-11T14:40:07,84.038574,-29.654919,nan
2024-06-11T14:40:07,84.038582,-29.654957,nan
2024-06-11T14:40:06,84.038589,-29.654991,nan
2024-06-11T14:40:06,84.038589,-29.655029,nan
2024-06-11T14:40:05,84.038597,-29.655067,nan
2024-06-11T14:40:05,84.038605,-29.655107,nan
2024-06-11T14:40:04,84.038612,-29.655148,nan
2024-06-11T14:40:04,84.038620,-29.655193,nan
2024-06-11T14:40:03,84.038628,-29.655239,nan
2024-06-11T14:40:03,84.038628,-29.655289,nan
2024-06-11T14:40:02,84.038635,-29.655344,nan
2024-06-11T14:40:02,84.038651,-29.655399,nan
2024-06-11T14:40:01,84.038658,-29.655458,nan
2024-06-11T14:40:01,84.038666,-29.655519,nan
2024-06-11T14:40:00,84.038673,-29.655581,nan
2024-06-11T14:40:00,84.038681,-29.655643,nan
2024-06-11T14:39:59,84.038696,-29.655704,nan
2024-06-11T14:39:59,84.038704,-29.655767,nan
2024-06-11T14:39:58,84.038712,-29.655832,nan
2024-06-11T14:39:58,84.038727,-29.655897,nan
2024-06-11T14:39:57,84.038734,-29.655966,nan
2024-06-11T14:39:57,84.038750,-29.656036,nan
2024-06-11T14:39:56,84.038757,-29.656113,nan
2024-06-11T14:39:56,84.038773,-29.656191,nan
2024-06-11T14:39:55,84.038780,-29.656273,nan
2024-06-11T14:39:55,84.038788,-29.656357,nan
2024-06-11T14:39:54,84.038795,-29.656441,nan
2024-06-11T14:39:54,84.038811,-29.656528,nan
2024-06-11T14:39:53,84.038818,-29.656620,nan
2024-06-11T14:39:53,84.038826,-29.656715,nan
2024-06-11T14:39:52,84.038834,-29.656813,nan
2024-06-11T14:39:52,84.038841,-29.656908,nan
2024-06-11T14:39:51,84.038849,-29.657003,nan
2024-06-11T14:39:51,84.038857,-29.657099,nan
2024-06-11T14:39:50,84.038864,-29.657192,nan
2024-06-11T14:39:50,84.038872,-29.657282,nan
2024-06-11T14:39:49,84.038879,-29.657368,nan
2024-06-11T14:39:49,84.038887,-29.657450,nan
2024-06-11T14:39:48,84.038895,-29.657530,nan
2024-06-11T14:39:48,84.038895,-29.657610,nan
2024-06-11T14:39:47,84.038902,-29.657688,nan
2024-06-11T14:39:47,84.038910,-29.657768,nan
2024-06-11T14:39:46,84.038918,-29.657846,nan
2024-06-11T14:39:46,84.038925,-29.657925,nan
2024-06-11T14:39:45,84.038933,-29.658001,nan
2024-06-11T14:39:45,84.038940,-29.658077,nan
2024-06-11T14:39:44,84.038948,-29.658157,nan
2024-06-11T14:39:44,84.038956,-29.658237,nan
2024-06-11T14:39:43,84.038956,-29.658319,nan
2024-06-11T14:39:43,84.038963,-29.658405,nan
2024-06-11T14:39:42,84.038971,-29.658489,nan
2024-06-11T14:39:42,84.038979,-29.658577,nan
2024-06-11T14:39:41,84.038986,-29.658667,nan
2024-06-11T14:39:41,84.038986,-29.658764,nan
2024-06-11T14:39:40,84.038994,-29.658867,nan
2024-06-11T14:39:40,84.039001,-29.658974,nan
2024-06-11T14:39:39,84.039009,-29.659084,nan
2024-06-11T14:39:39,84.039009,-29.659199,nan
2024-06-11T14:39:38,84.039017,-29.659315,nan
2024-06-11T14:39:38,84.039024,-29.659435,nan
2024-06-11T14:39:37,84.039024,-29.659555,nan
2024-06-11T14:39:37,84.039032,-29.659678,nan
2024-06-11T14:39:36,84.039032,-29.659800,nan
2024-06-11T14:39:36,84.039040,-29.659922,nan
2024-06-11T14:39:35,84.039040,-29.660042,nan
2024-06-11T14:39:35,84.039047,-29.660158,nan
2024-06-11T14:39:34,84.039047,-29.660275,nan
2024-06-11T14:39:34,84.039055,-29.660385,nan
2024-06-11T14:39:33,84.039062,-29.660494,nan
2024-06-11T14:39:33,84.039070,-29.660597,nan
2024-06-11T14:39:32,84.039078,-29.660692,nan
2024-06-11T14:39:32,84.039078,-29.660782,nan
2024-06-11T14:39:31,84.039085,-29.660864,nan
2024-06-11T14:39:31,84.039093,-29.660940,nan
2024-06-11T14:39:30,84.039101,-29.661011,nan
2024-06-11T14:39:30,84.039108,-29.661077,nan
2024-06-11T14:39:29,84.039108,-29.661142,nan
2024-06-11T14:39:29,84.039116,-29.661207,nan
2024-06-11T14:39:28,84.039124,-29.661276,nan
2024-06-11T14:39:28,84.039131,-29.661343,nan
2024-06-11T14:39:27,84.039139,-29.661411,nan
2024-06-11T14:39:27,84.039146,-29.661484,nan
2024-06-11T14:39:26,84.039154,-29.661558,nan
2024-06-11T14:39:26,84.039169,-29.661633,nan
2024-06-11T14:39:25,84.039177,-29.661709,nan
2024-06-11T14:39:25,84.039185,-29.661783,nan
2024-06-11T14:39:24,84.039192,-29.661860,nan
2024-06-11T14:39:24,84.039207,-29.661934,nan
2024-06-11T14:39:23,84.039215,-29.662003,nan
2024-06-11T14:39:23,84.039223,-29.662069,nan
2024-06-11T14:39:22,84.039238,-29.662136,nan
2024-06-11T14:39:22,84.039246,-29.662201,nan
2024-06-11T14:39:21,84.039253,-29.662262,nan
2024-06-11T14:39:21,84.039261,-29.662319,nan
2024-06-11T14:39:20,84.039276,-29.662371,nan
2024-06-11T14:39:20,84.039284,-29.662413,nan
2024-06-11T14:39:19,84.039291,-29.662449,nan
2024-06-11T14:39:19,84.039307,-29.662477,nan
2024-06-11T14:39:18,84.039314,-29.662502,nan
2024-06-11T14:39:18,84.039330,-29.662521,nan
2024-06-11T14:39:17,84.039337,-29.662531,nan
2024-06-11T14:39:17,84.039352,-29.662533,nan
2024-06-11T14:39:16,84.039368,-29.662531,nan
2024-06-11T14:39:16,84.039375,-29.662523,nan
2024-06-11T14:39:15,84.039391,-29.662514,nan
2024-06-11T14:39:15,84.039398,-29.662498,nan
2024-06-11T14:39:14,84.039413,-29.662479,nan
2024-06-11T14:39:14,84.039429,-29.662457,nan
2024-06-11T14:39:13,84.039436,-29.662432,nan
2024-06-11T14:39:13,84.039452,-29.662403,nan
2024-06-11T14:39:12,84.039459,-29.662373,nan
2024-06-11T14:39:12,84.039467,-29.662344,nan
2024-06-11T14:39:11,84.039474,-29.662313,nan
2024-06-11T14:39:11,84.039482,-29.662287,nan
2024-06-11T14:39:10,84.039490,-29.662256,nan
2024-06-11T14:39:10,84.039497,-29.662228,nan
2024-06-11T14:39:09,84.039497,-29.662199,nan
2024-06-11T14:39:09,84.039505,-29.662170,nan
2024-06-11T14:39:08,84.039505,-29.662138,nan
2024-06-11T14:39:08,84.039513,-29.662104,nan
2024-06-11T14:39:07,84.039513,-29.662064,nan
2024-06-11T14:39:07,84.039513,-29.662018,nan
2024-06-11T14:39:06,84.039520,-29.661963,nan
2024-06-11T14:39:06,84.039520,-29.661900,nan
2024-06-11T14:39:05,84.039520,-29.661825,nan
2024-06-11T14:39:05,84.039520,-29.661741,nan
2024-06-11T14:39:04,84.039528,-29.661650,nan
2024-06-11T14:39:04,84.039528,-29.661551,nan
2024-06-11T14:39:03,84.039528,-29.661448,nan
2024-06-11T14:39:03,84.039528,-29.661343,nan
2024-06-11T14:39:02,84.039528,-29.661236,nan
2024-06-11T14:39:02,84.039528,-29.661129,nan
2024-06-11T14:39:01,84.039528,-29.661024,nan
2024-06-11T14:39:01,84.039528,-29.660919,nan
2024-06-11T14:39:00,84.039528,-29.660814,nan
2024-06-11T14:39:00,84.039528,-29.660715,nan
2024-06-11T14:38:59,84.039536,-29.660620,nan
2024-06-11T14:38:59,84.039536,-29.660526,nan
2024-06-11T14:38:58,84.039536,-29.660435,nan
2024-06-11T14:38:58,84.039536,-29.660337,nan
2024-06-11T14:38:57,84.039543,-29.660240,nan
2024-06-11T14:38:57,84.039543,-29.660137,nan
2024-06-11T14:38:56,84.039543,-29.660030,nan
2024-06-11T14:38:56,84.039551,-29.659918,nan
2024-06-11T14:38:55,84.039551,-29.659800,nan
2024-06-11T14:38:55,84.039551,-29.659676,nan
2024-06-11T14:38:54,84.039551,-29.659548,nan
2024-06-11T14:38:54,84.039558,-29.659414,nan
2024-06-11T14:38:53,84.039558,-29.659279,nan
2024-06-11T14:38:53,84.039558,-29.659142,nan
2024-06-11T14:38:52,84.039558,-29.659004,nan
2024-06-11T14:38:52,84.039566,-29.658871,nan
2024-06-11T14:38:51,84.039566,-29.658739,nan
2024-06-11T14:38:51,84.039566,-29.658611,nan
2024-06-11T14:38:50,84.039566,-29.658487,nan
2024-06-11T14:38:50,84.039566,-29.658365,nan
2024-06-11T14:38:49,84.039566,-29.658243,nan
2024-06-11T14:38:49,84.039574,-29.658125,nan
2024-06-11T14:38:48,84.039574,-29.658005,nan
2024-06-11T14:38:48,84.039574,-29.657890,nan
2024-06-11T14:38:47,84.039574,-29.657776,nan
2024-06-11T14:38:47,84.039574,-29.657661,nan
2024-06-11T14:38:46,84.039574,-29.657547,nan
2024-06-11T14:38:46,84.039574,-29.657433,nan
2024-06-11T14:38:45,84.039574,-29.657316,nan
2024-06-11T14:38:45,84.039574,-29.657204,nan
2024-06-11T14:38:44,84.039574,-29.657089,nan
2024-06-11T14:38:44,84.039574,-29.656973,nan
2024-06-11T14:38:43,84.039574,-29.656853,nan
2024-06-11T14:38:43,84.039574,-29.656733,nan
2024-06-11T14:38:42,84.039574,-29.656612,nan
2024-06-11T14:38:42,84.039574,-29.656492,nan
2024-06-11T14:38:41,84.039574,-29.656370,nan
2024-06-11T14:38:41,84.039581,-29.656242,nan
2024-06-11T14:38:40,84.039581,-29.656111,nan
2024-06-11T14:38:40,84.039581,-29.655977,nan
2024-06-11T14:38:39,84.039589,-29.655840,nan
2024-06-11T14:38:39,84.039589,-29.655701,nan
2024-06-11T14:38:38,84.039597,-29.655561,nan
2024-06-11T14:38:38,84.039604,-29.655418,nan
2024-06-11T14:38:37,84.039604,-29.655272,nan
2024-06-11T14:38:37,84.039612,-29.655121,nan
2024-06-11T14:38:36,84.039619,-29.654961,nan
2024-06-11T14:38:36,84.039619,-29.654793,nan
2024-06-11T14:38:35,84.039627,-29.654617,nan
2024-06-11T14:38:35,84.039627,-29.654434,nan
2024-06-11T14:38:34,84.039635,-29.654245,nan
2024-06-11T14:38:34,84.039642,-29.654055,nan
2024-06-11T14:38:33,84.039642,-29.653860,nan
2024-06-11T14:38:33,84.039650,-29.653667,nan
2024-06-11T14:38:32,84.039650,-29.653479,nan
2024-06-11T14:38:32,84.039658,-29.653292,nan
2024-06-11T14:38:31,84.039658,-29.653107,nan
2024-06-11T14:38:31,84.039665,-29.652925,nan
2024-06-11T14:38:30,84.039665,-29.652742,nan
2024-06-11T14:38:30,84.039673,-29.652563,nan
2024-06-11T14:38:29,84.039673,-29.652388,nan
2024-06-11T14:38:29,84.039680,-29.652218,nan
2024-06-11T14:38:28,84.039688,-29.652052,nan
2024-06-11T14:38:28,84.039688,-29.651890,nan
2024-06-11T14:38:27,84.039696,-29.651731,nan
2024-06-11T14:38:27,84.039696,-29.651583,nan
2024-06-11T14:38:26,84.039703,-29.651445,nan
2024-06-11T14:38:26,84.039711,-29.651314,nan
2024-06-11T14:38:25,84.039711,-29.651190,nan
2024-06-11T14:38:25,84.039719,-29.651070,nan
2024-06-11T14:38:24,84.039719,-29.650955,nan
2024-06-11T14:38:24,84.039726,-29.650846,nan
2024-06-11T14:38:23,84.039726,-29.650745,nan
2024-06-11T14:38:23,84.039734,-29.650648,nan
2024-06-11T14:38:22,84.039734,-29.650557,nan
2024-06-11T14:38:22,84.039742,-29.650467,nan
2024-06-11T14:38:21,84.039742,-29.650385,nan
2024-06-11T14:38:21,84.039742,-29.650309,nan
2024-06-11T14:38:20,84.039749,-29.650242,nan
2024-06-11T14:38:20,84.039757,-29.650187,nan
2024-06-11T14:38:19,84.039757,-29.650133,nan
2024-06-11T14:38:19,84.039764,-29.650085,nan
2024-06-11T14:38:18,84.039780,-29.650034,nan
2024-06-11T14:38:18,84.039787,-29.649984,nan
2024-06-11T14:38:17,84.039795,-29.649937,nan
2024-06-11T14:38:17,84.039810,-29.649878,nan
2024-06-11T14:38:16,84.039818,-29.649811,nan
2024-06-11T14:38:16,84.039825,-29.649736,nan
2024-06-11T14:38:15,84.039841,-29.649652,nan
2024-06-11T14:38:15,84.039848,-29.649565,nan
2024-06-11T14:38:14,84.039864,-29.649475,nan
2024-06-11T14:38:14,84.039871,-29.649387,nan
2024-06-11T14:38:13,84.039886,-29.649294,nan
2024-06-11T14:38:13,84.039894,-29.649197,nan
2024-06-11T14:38:12,84.039909,-29.649099,nan
2024-06-11T14:38:12,84.039917,-29.648996,nan
2024-06-11T14:38:11,84.039925,-29.648884,nan
2024-06-11T14:38:11,84.039940,-29.648762,nan
2024-06-11T14:38:10,84.039948,-29.648632,nan
2024-06-11T14:38:10,84.039955,-29.648485,nan
2024-06-11T14:38:09,84.039970,-29.648335,nan
2024-06-11T14:38:09,84.039978,-29.648182,nan
2024-06-11T14:38:08,84.039986,-29.648022,nan
2024-06-11T14:38:08,84.039993,-29.647860,nan
2024-06-11T14:38:07,84.040001,-29.647703,nan
2024-06-11T14:38:07,84.040009,-29.647552,nan
2024-06-11T14:38:06,84.040016,-29.647404,nan
2024-06-11T14:38:06,84.040024,-29.647261,nan
2024-06-11T14:38:05,84.040031,-29.647120,nan
2024-06-11T14:38:05,84.040031,-29.646978,nan
2024-06-11T14:38:04,84.040039,-29.646839,nan
2024-06-11T14:38:04,84.040039,-29.646709,nan
2024-06-11T14:38:03,84.040039,-29.646582,nan
2024-06-11T14:38:03,84.040047,-29.646458,nan
2024-06-11T14:38:02,84.040047,-29.646330,nan
2024-06-11T14:38:02,84.040047,-29.646200,nan
2024-06-11T14:38:01,84.040047,-29.646080,nan
2024-06-11T14:38:01,84.040047,-29.645962,nan
2024-06-11T14:38:00,84.040047,-29.645853,nan
2024-06-11T14:38:00,84.040047,-29.645752,nan
2024-06-11T14:37:59,84.040054,-29.645662,nan
2024-06-11T14:37:59,84.040054,-29.645584,nan
2024-06-11T14:37:58,84.040054,-29.645514,nan
2024-06-11T14:37:58,84.040062,-29.645451,nan
2024-06-11T14:37:57,84.040070,-29.645390,nan
2024-06-11T14:37:57,84.040070,-29.645327,nan
2024-06-11T14:37:56,84.040077,-29.645266,nan
2024-06-11T14:37:56,84.040077,-29.645205,nan
2024-06-11T14:37:55,84.040085,-29.645142,nan
2024-06-11T14:37:55,84.040092,-29.645075,nan
2024-06-11T14:37:54,84.040100,-29.645006,nan
2024-06-11T14:37:54,84.040100,-29.644930,nan
2024-06-11T14:37:53,84.040108,-29.644854,nan
2024-06-11T14:37:53,84.040115,-29.644773,nan
2024-06-11T14:37:52,84.040115,-29.644684,nan
2024-06-11T14:37:52,84.040123,-29.644587,nan
2024-06-11T14:37:51,84.040123,-29.644485,nan
2024-06-11T14:37:51,84.040131,-29.644388,nan
2024-06-11T14:37:50,84.040131,-29.644293,nan
2024-06-11T14:37:50,84.040138,-29.644203,nan
2024-06-11T14:37:49,84.040138,-29.644121,nan
2024-06-11T14:37:49,84.040146,-29.644049,nan
2024-06-11T14:37:48,84.040146,-29.643982,nan
2024-06-11T14:37:48,84.040154,-29.643919,nan
2024-06-11T14:37:47,84.040161,-29.643862,nan
2024-06-11T14:37:47,84.040161,-29.643810,nan
2024-06-11T14:37:46,84.040169,-29.643759,nan
2024-06-11T14:37:46,84.040169,-29.643703,nan
2024-06-11T14:37:45,84.040169,-29.643644,nan
2024-06-11T14:37:45,84.040169,-29.643583,nan
2024-06-11T14:37:44,84.040169,-29.643518,nan
2024-06-11T14:37:44,84.040169,-29.643456,nan
2024-06-11T14:37:43,84.040169,-29.643396,nan
2024-06-11T14:37:43,84.040161,-29.643345,nan
2024-06-11T14:37:42,84.040161,-29.643303,nan
2024-06-11T14:37:42,84.040161,-29.643269,nan
2024-06-11T14:37:41,84.040154,-29.643242,nan
2024-06-11T14:37:41,84.040154,-29.643227,nan
2024-06-11T14:37:40,84.040154,-29.643225,nan
2024-06-11T14:37:40,84.040154,-29.643230,nan
2024-06-11T14:37:39,84.040146,-29.643244,nan
2024-06-11T14:37:39,84.040146,-29.643253,nan
2024-06-11T14:37:38,84.040154,-29.643265,nan
2024-06-11T14:37:38,84.040154,-29.643267,nan
2024-06-11T14:37:37,84.040154,-29.643257,nan
2024-06-11T14:37:37,84.040161,-29.643240,nan
2024-06-11T14:37:36,84.040169,-29.643209,nan
2024-06-11T14:37:36,84.040169,-29.643167,nan
2024-06-11T14:37:35,84.040176,-29.643112,nan
2024-06-11T14:37:35,84.040184,-29.643038,nan
2024-06-11T14:37:34,84.040192,-29.642952,nan
2024-06-11T14:37:34,84.040199,-29.642853,nan
2024-06-11T14:37:33,84.040207,-29.642746,nan
2024-06-11T14:37:33,84.040215,-29.642632,nan
2024-06-11T14:37:32,84.040222,-29.642515,nan
2024-06-11T14:37:32,84.040230,-29.642395,nan
2024-06-11T14:37:31,84.040230,-29.642277,nan
2024-06-11T14:37:31,84.040237,-29.642157,nan
2024-06-11T14:37:30,84.040237,-29.642033,nan
2024-06-11T14:37:30,84.040245,-29.641912,nan
2024-06-11T14:37:29,84.040245,-29.641788,nan
2024-06-11T14:37:29,84.040245,-29.641676,nan
2024-06-11T14:37:28,84.040253,-29.641562,nan
2024-06-11T14:37:28,84.040253,-29.641453,nan
2024-06-11T14:37:27,84.040253,-29.641336,nan
2024-06-11T14:37:27,84.040253,-29.641218,nan
2024-06-11T14:37:26,84.040253,-29.641102,nan
2024-06-11T14:37:26,84.040260,-29.640985,nan
2024-06-11T14:37:25,84.040260,-29.640869,nan
2024-06-11T14:37:25,84.040260,-29.640753,nan
2024-06-11T14:37:24,84.040268,-29.640629,nan
2024-06-11T14:37:24,84.040268,-29.640507,nan
2024-06-11T14:37:23,84.040276,-29.640379,nan
2024-06-11T14:37:23,84.040283,-29.640259,nan
2024-06-11T14:37:22,84.040283,-29.640142,nan
2024-06-11T14:37:22,84.040291,-29.640039,nan
2024-06-11T14:37:21,84.040298,-29.639931,nan
2024-06-11T14:37:21,84.040306,-29.639828,nan
2024-06-11T14:37:20,84.040314,-29.639732,nan
2024-06-11T14:37:20,84.040314,-29.639635,nan
2024-06-11T14:37:19,84.040321,-29.639534,nan
2024-06-11T14:37:19,84.040337,-29.639414,nan
2024-06-11T14:37:18,84.040344,-29.639307,nan
2024-06-11T14:37:18,84.040359,-29.639194,nan
2024-06-11T14:37:17,84.040375,-29.639076,nan
2024-06-11T14:37:17,84.040382,-29.638948,nan
2024-06-11T14:37:16,84.040405,-29.638813,nan
2024-06-11T14:37:16,84.040421,-29.638672,nan
2024-06-11T14:37:15,84.040428,-29.638510,nan
2024-06-11T14:37:15,84.040443,-29.638342,nan
2024-06-11T14:37:14,84.040459,-29.638123,nan
2024-06-11T14:37:14,84.040466,-29.637850,nan
2024-06-11T14:37:13,84.040474,-29.637518,nan
2024-06-11T14:37:13,84.040474,-29.637072,nan
2024-06-11T14:37:12,84.040459,-29.636337,nan
2024-06-11T14:37:12,84.040459,-29.635609,nan
2024-06-11T14:37:11,84.040451,-29.634623,nan
2024-06-11T14:37:11,84.040443,-29.633297,nan
2024-06-11T14:37:10,84.040413,-29.631556,nan
2024-06-11T14:37:10,84.040352,-29.629343,nan
2024-06-11T14:37:09,84.040321,-29.626942,nan
2024-06-11T14:37:09,84.040253,-29.624168,nan
2024-06-11T14:37:04,84.040642,-29.641220,nan
2024-06-11T14:37:04,84.040855,-29.650116,nan
2024-06-11T14:37:03,84.041054,-29.659281,nan
