datetime,lat,lon,elev
2024-06-13T14:39:13,84.583626,-33.978851,nan
2024-06-13T14:39:12,84.583626,-33.978851,nan
2024-06-13T14:39:11,84.583626,-33.978851,nan
2024-06-13T14:39:11,84.583626,-33.978848,nan
2024-06-13T14:39:10,84.583626,-33.978848,nan
2024-06-13T14:39:10,84.583626,-33.978844,nan
2024-06-13T14:39:09,84.583626,-33.978840,nan
2024-06-13T14:39:08,84.583626,-33.978832,nan
2024-06-13T14:39:08,84.583626,-33.978828,nan
2024-06-13T14:39:07,84.583618,-33.978821,nan
2024-06-13T14:39:06,84.583618,-33.978783,nan
2024-06-13T14:39:06,84.583618,-33.978748,nan
2024-06-13T14:39:05,84.583618,-33.978745,nan
2024-06-13T14:39:05,84.583626,-33.978748,nan
2024-06-13T14:39:04,84.583633,-33.978737,nan
2024-06-13T14:39:04,84.583664,-33.978806,nan
2024-06-13T14:39:03,84.583679,-33.978928,nan
2024-06-13T14:39:03,84.583694,-33.979057,nan
2024-06-13T14:39:02,84.583717,-33.979187,nan
2024-06-13T14:39:02,84.583733,-33.979328,nan
2024-06-13T14:39:01,84.583748,-33.979473,nan
2024-06-13T14:39:01,84.583763,-33.979626,nan
2024-06-13T14:39:00,84.583778,-33.979778,nan
2024-06-13T14:39:00,84.583794,-33.979935,nan
2024-06-13T14:38:59,84.583817,-33.980087,nan
2024-06-13T14:38:59,84.583832,-33.980236,nan
2024-06-13T14:38:58,84.583847,-33.980392,nan
2024-06-13T14:38:58,84.583862,-33.980545,nan
2024-06-13T14:38:57,84.583885,-33.980701,nan
2024-06-13T14:38:57,84.583900,-33.980869,nan
2024-06-13T14:38:56,84.583916,-33.981037,nan
2024-06-13T14:38:56,84.583931,-33.981216,nan
2024-06-13T14:38:55,84.583946,-33.981396,nan
2024-06-13T14:38:55,84.583961,-33.981575,nan
2024-06-13T14:38:54,84.583977,-33.981758,nan
2024-06-13T14:38:54,84.583992,-33.981941,nan
2024-06-13T14:38:53,84.584007,-33.982117,nan
2024-06-13T14:38:53,84.584023,-33.982288,nan
2024-06-13T14:38:52,84.584038,-33.982456,nan
2024-06-13T14:38:52,84.584061,-33.982624,nan
2024-06-13T14:38:51,84.584076,-33.982796,nan
2024-06-13T14:38:51,84.584091,-33.982967,nan
2024-06-13T14:38:50,84.584106,-33.983139,nan
2024-06-13T14:38:50,84.584122,-33.983307,nan
2024-06-13T14:38:49,84.584137,-33.983467,nan
2024-06-13T14:38:49,84.584152,-33.983631,nan
2024-06-13T14:38:48,84.584167,-33.983799,nan
2024-06-13T14:38:48,84.584183,-33.983971,nan
2024-06-13T14:38:47,84.584198,-33.984146,nan
2024-06-13T14:38:47,84.584213,-33.984325,nan
2024-06-13T14:38:46,84.584229,-33.984509,nan
2024-06-13T14:38:46,84.584236,-33.984695,nan
2024-06-13T14:38:45,84.584251,-33.984879,nan
2024-06-13T14:38:45,84.584267,-33.985073,nan
2024-06-13T14:38:44,84.584274,-33.985271,nan
2024-06-13T14:38:44,84.584290,-33.985470,nan
2024-06-13T14:38:43,84.584305,-33.985668,nan
2024-06-13T14:38:43,84.584312,-33.985867,nan
2024-06-13T14:38:42,84.584320,-33.986069,nan
2024-06-13T14:38:42,84.584328,-33.986271,nan
2024-06-13T14:38:41,84.584335,-33.986485,nan
2024-06-13T14:38:41,84.584343,-33.986706,nan
2024-06-13T14:38:40,84.584351,-33.986931,nan
2024-06-13T14:38:40,84.584358,-33.987160,nan
2024-06-13T14:38:39,84.584366,-33.987396,nan
2024-06-13T14:38:39,84.584373,-33.987644,nan
2024-06-13T14:38:38,84.584381,-33.987896,nan
2024-06-13T14:38:38,84.584389,-33.988155,nan
2024-06-13T14:38:37,84.584389,-33.988419,nan
2024-06-13T14:38:37,84.584396,-33.988686,nan
2024-06-13T14:38:36,84.584404,-33.988956,nan
2024-06-13T14:38:36,84.584412,-33.989223,nan
2024-06-13T14:38:35,84.584412,-33.989494,nan
2024-06-13T14:38:35,84.584419,-33.989761,nan
2024-06-13T14:38:34,84.584427,-33.990028,nan
2024-06-13T14:38:34,84.584435,-33.990292,nan
2024-06-13T14:38:33,84.584442,-33.990555,nan
2024-06-13T14:38:33,84.584442,-33.990814,nan
2024-06-13T14:38:32,84.584450,-33.991074,nan
2024-06-13T14:38:32,84.584457,-33.991333,nan
2024-06-13T14:38:31,84.584465,-33.991592,nan
2024-06-13T14:38:31,84.584473,-33.991856,nan
2024-06-13T14:38:30,84.584480,-33.992119,nan
2024-06-13T14:38:30,84.584480,-33.992378,nan
2024-06-13T14:38:29,84.584488,-33.992641,nan
2024-06-13T14:38:29,84.584496,-33.992908,nan
2024-06-13T14:38:28,84.584503,-33.993172,nan
2024-06-13T14:38:28,84.584511,-33.993439,nan
2024-06-13T14:38:27,84.584518,-33.993706,nan
2024-06-13T14:38:27,84.584518,-33.993973,nan
2024-06-13T14:38:26,84.584526,-33.994244,nan
2024-06-13T14:38:26,84.584534,-33.994514,nan
2024-06-13T14:38:25,84.584541,-33.994781,nan
2024-06-13T14:38:25,84.584541,-33.995049,nan
2024-06-13T14:38:24,84.584549,-33.995316,nan
2024-06-13T14:38:24,84.584557,-33.995590,nan
2024-06-13T14:38:23,84.584564,-33.995861,nan
2024-06-13T14:38:23,84.584564,-33.996136,nan
2024-06-13T14:38:22,84.584572,-33.996407,nan
2024-06-13T14:38:22,84.584579,-33.996677,nan
2024-06-13T14:38:21,84.584579,-33.996948,nan
2024-06-13T14:38:21,84.584587,-33.997219,nan
2024-06-13T14:38:20,84.584595,-33.997490,nan
2024-06-13T14:38:20,84.584602,-33.997761,nan
2024-06-13T14:38:19,84.584602,-33.998028,nan
2024-06-13T14:38:19,84.584610,-33.998299,nan
2024-06-13T14:38:18,84.584618,-33.998573,nan
2024-06-13T14:38:18,84.584625,-33.998848,nan
2024-06-13T14:38:17,84.584625,-33.999123,nan
2024-06-13T14:38:17,84.584633,-33.999397,nan
2024-06-13T14:38:16,84.584641,-33.999672,nan
2024-06-13T14:38:16,84.584641,-33.999950,nan
2024-06-13T14:38:15,84.584648,-34.000229,nan
2024-06-13T14:38:15,84.584656,-34.000507,nan
2024-06-13T14:38:14,84.584663,-34.000790,nan
2024-06-13T14:38:14,84.584663,-34.001068,nan
2024-06-13T14:38:13,84.584671,-34.001343,nan
2024-06-13T14:38:13,84.584671,-34.001621,nan
2024-06-13T14:38:12,84.584679,-34.001900,nan
2024-06-13T14:38:12,84.584679,-34.002186,nan
2024-06-13T14:38:11,84.584686,-34.002464,nan
2024-06-13T14:38:11,84.584686,-34.002750,nan
2024-06-13T14:38:10,84.584694,-34.003033,nan
2024-06-13T14:38:10,84.584694,-34.003311,nan
2024-06-13T14:38:09,84.584702,-34.003590,nan
2024-06-13T14:38:09,84.584709,-34.003868,nan
2024-06-13T14:38:08,84.584709,-34.004143,nan
2024-06-13T14:38:08,84.584717,-34.004417,nan
2024-06-13T14:38:07,84.584717,-34.004688,nan
2024-06-13T14:38:07,84.584724,-34.004951,nan
2024-06-13T14:38:06,84.584724,-34.005215,nan
2024-06-13T14:38:06,84.584724,-34.005478,nan
2024-06-13T14:38:05,84.584732,-34.005741,nan
2024-06-13T14:38:05,84.584740,-34.006001,nan
2024-06-13T14:38:04,84.584747,-34.006252,nan
2024-06-13T14:38:04,84.584747,-34.006508,nan
2024-06-13T14:38:03,84.584755,-34.006760,nan
2024-06-13T14:38:03,84.584763,-34.007019,nan
2024-06-13T14:38:02,84.584770,-34.007282,nan
2024-06-13T14:38:02,84.584785,-34.007553,nan
2024-06-13T14:38:01,84.584793,-34.007820,nan
2024-06-13T14:38:01,84.584808,-34.008091,nan
2024-06-13T14:38:00,84.584816,-34.008354,nan
2024-06-13T14:38:00,84.584831,-34.008610,nan
2024-06-13T14:37:59,84.584839,-34.008862,nan
2024-06-13T14:37:59,84.584854,-34.009109,nan
2024-06-13T14:37:58,84.584869,-34.009350,nan
2024-06-13T14:37:58,84.584885,-34.009586,nan
2024-06-13T14:37:57,84.584900,-34.009819,nan
2024-06-13T14:37:57,84.584915,-34.010044,nan
2024-06-13T14:37:56,84.584930,-34.010269,nan
2024-06-13T14:37:56,84.584953,-34.010490,nan
2024-06-13T14:37:55,84.584969,-34.010708,nan
2024-06-13T14:37:55,84.584984,-34.010921,nan
2024-06-13T14:37:54,84.585007,-34.011127,nan
2024-06-13T14:37:54,84.585022,-34.011326,nan
2024-06-13T14:37:53,84.585037,-34.011520,nan
2024-06-13T14:37:53,84.585060,-34.011707,nan
2024-06-13T14:37:52,84.585075,-34.011894,nan
2024-06-13T14:37:52,84.585091,-34.012074,nan
2024-06-13T14:37:51,84.585106,-34.012253,nan
2024-06-13T14:37:51,84.585121,-34.012421,nan
2024-06-13T14:37:50,84.585136,-34.012592,nan
2024-06-13T14:37:50,84.585144,-34.012756,nan
2024-06-13T14:37:49,84.585159,-34.012917,nan
2024-06-13T14:37:49,84.585175,-34.013069,nan
2024-06-13T14:37:48,84.585182,-34.013206,nan
2024-06-13T14:37:48,84.585197,-34.013332,nan
2024-06-13T14:37:47,84.585205,-34.013443,nan
2024-06-13T14:37:47,84.585220,-34.013546,nan
2024-06-13T14:37:46,84.585236,-34.013641,nan
2024-06-13T14:37:46,84.585243,-34.013737,nan
2024-06-13T14:37:45,84.585258,-34.013824,nan
2024-06-13T14:37:45,84.585266,-34.013920,nan
2024-06-13T14:37:44,84.585281,-34.014008,nan
2024-06-13T14:37:44,84.585289,-34.014095,nan
2024-06-13T14:37:43,84.585304,-34.014183,nan
2024-06-13T14:37:43,84.585320,-34.014271,nan
2024-06-13T14:37:42,84.585327,-34.014362,nan
2024-06-13T14:37:42,84.585342,-34.014454,nan
2024-06-13T14:37:41,84.585358,-34.014545,nan
2024-06-13T14:37:41,84.585373,-34.014637,nan
2024-06-13T14:37:40,84.585381,-34.014732,nan
2024-06-13T14:37:40,84.585396,-34.014828,nan
2024-06-13T14:37:39,84.585411,-34.014927,nan
2024-06-13T14:37:39,84.585426,-34.015026,nan
2024-06-13T14:37:38,84.585434,-34.015133,nan
2024-06-13T14:37:38,84.585449,-34.015244,nan
2024-06-13T14:37:37,84.585464,-34.015358,nan
2024-06-13T14:37:37,84.585480,-34.015480,nan
2024-06-13T14:37:36,84.585503,-34.015606,nan
2024-06-13T14:37:36,84.585518,-34.015736,nan
2024-06-13T14:37:35,84.585533,-34.015865,nan
2024-06-13T14:37:35,84.585556,-34.015999,nan
2024-06-13T14:37:34,84.585579,-34.016132,nan
2024-06-13T14:37:34,84.585602,-34.016270,nan
2024-06-13T14:37:33,84.585625,-34.016403,nan
2024-06-13T14:37:33,84.585648,-34.016537,nan
2024-06-13T14:37:32,84.585678,-34.016666,nan
2024-06-13T14:37:32,84.585701,-34.016781,nan
2024-06-13T14:37:31,84.585732,-34.016888,nan
2024-06-13T14:37:31,84.585754,-34.016987,nan
2024-06-13T14:37:30,84.585777,-34.017078,nan
2024-06-13T14:37:30,84.585800,-34.017162,nan
2024-06-13T14:37:29,84.585823,-34.017246,nan
2024-06-13T14:37:29,84.585846,-34.017326,nan
2024-06-13T14:37:28,84.585869,-34.017403,nan
2024-06-13T14:37:28,84.585884,-34.017483,nan
2024-06-13T14:37:27,84.585907,-34.017570,nan
2024-06-13T14:37:27,84.585922,-34.017673,nan
2024-06-13T14:37:26,84.585945,-34.017788,nan
2024-06-13T14:37:26,84.585960,-34.017914,nan
2024-06-13T14:37:25,84.585983,-34.018055,nan
2024-06-13T14:37:25,84.586006,-34.018200,nan
2024-06-13T14:37:24,84.586021,-34.018353,nan
2024-06-13T14:37:24,84.586044,-34.018497,nan
2024-06-13T14:37:23,84.586060,-34.018639,nan
2024-06-13T14:37:23,84.586075,-34.018776,nan
2024-06-13T14:37:22,84.586098,-34.018913,nan
2024-06-13T14:37:22,84.586113,-34.019051,nan
2024-06-13T14:37:21,84.586128,-34.019180,nan
2024-06-13T14:37:21,84.586143,-34.019314,nan
2024-06-13T14:37:20,84.586166,-34.019444,nan
2024-06-13T14:37:20,84.586182,-34.019569,nan
2024-06-13T14:37:19,84.586197,-34.019691,nan
2024-06-13T14:37:19,84.586212,-34.019814,nan
2024-06-13T14:37:18,84.586227,-34.019936,nan
2024-06-13T14:37:18,84.586243,-34.020054,nan
2024-06-13T14:37:17,84.586266,-34.020172,nan
2024-06-13T14:37:17,84.586281,-34.020294,nan
2024-06-13T14:37:16,84.586296,-34.020412,nan
2024-06-13T14:37:16,84.586311,-34.020531,nan
2024-06-13T14:37:15,84.586327,-34.020649,nan
2024-06-13T14:37:15,84.586342,-34.020767,nan
2024-06-13T14:37:14,84.586365,-34.020893,nan
2024-06-13T14:37:14,84.586380,-34.021027,nan
2024-06-13T14:37:13,84.586395,-34.021164,nan
2024-06-13T14:37:13,84.586411,-34.021305,nan
2024-06-13T14:37:12,84.586433,-34.021450,nan
2024-06-13T14:37:12,84.586449,-34.021599,nan
2024-06-13T14:37:11,84.586472,-34.021744,nan
2024-06-13T14:37:11,84.586487,-34.021896,nan
2024-06-13T14:37:10,84.586510,-34.022049,nan
2024-06-13T14:37:10,84.586525,-34.022202,nan
2024-06-13T14:37:09,84.586548,-34.022350,nan
2024-06-13T14:37:09,84.586571,-34.022503,nan
2024-06-13T14:37:08,84.586594,-34.022659,nan
2024-06-13T14:37:08,84.586617,-34.022812,nan
2024-06-13T14:37:07,84.586632,-34.022961,nan
2024-06-13T14:37:07,84.586655,-34.023109,nan
2024-06-13T14:37:06,84.586678,-34.023258,nan
2024-06-13T14:37:06,84.586693,-34.023418,nan
2024-06-13T14:37:05,84.586716,-34.023582,nan
2024-06-13T14:37:05,84.586739,-34.023754,nan
2024-06-13T14:37:04,84.586761,-34.023930,nan
2024-06-13T14:37:04,84.586777,-34.024113,nan
2024-06-13T14:37:03,84.586800,-34.024300,nan
2024-06-13T14:37:03,84.586823,-34.024490,nan
2024-06-13T14:37:02,84.586845,-34.024685,nan
2024-06-13T14:37:02,84.586861,-34.024887,nan
2024-06-13T14:37:01,84.586884,-34.025089,nan
2024-06-13T14:37:01,84.586906,-34.025291,nan
2024-06-13T14:37:00,84.586929,-34.025494,nan
2024-06-13T14:37:00,84.586952,-34.025688,nan
2024-06-13T14:36:59,84.586975,-34.025887,nan
2024-06-13T14:36:59,84.586998,-34.026077,nan
2024-06-13T14:36:58,84.587021,-34.026264,nan
2024-06-13T14:36:58,84.587044,-34.026443,nan
2024-06-13T14:36:57,84.587067,-34.026619,nan
2024-06-13T14:36:57,84.587090,-34.026791,nan
2024-06-13T14:36:56,84.587112,-34.026958,nan
2024-06-13T14:36:56,84.587143,-34.027122,nan
2024-06-13T14:36:55,84.587166,-34.027287,nan
2024-06-13T14:36:55,84.587189,-34.027447,nan
2024-06-13T14:36:54,84.587219,-34.027599,nan
2024-06-13T14:36:54,84.587242,-34.027756,nan
2024-06-13T14:36:53,84.587273,-34.027916,nan
2024-06-13T14:36:53,84.587296,-34.028076,nan
2024-06-13T14:36:52,84.587318,-34.028244,nan
2024-06-13T14:36:52,84.587349,-34.028412,nan
2024-06-13T14:36:51,84.587372,-34.028587,nan
2024-06-13T14:36:51,84.587402,-34.028767,nan
2024-06-13T14:36:50,84.587425,-34.028950,nan
2024-06-13T14:36:50,84.587448,-34.029133,nan
2024-06-13T14:36:49,84.587471,-34.029324,nan
2024-06-13T14:36:49,84.587494,-34.029522,nan
2024-06-13T14:36:48,84.587517,-34.029720,nan
2024-06-13T14:36:48,84.587540,-34.029915,nan
2024-06-13T14:36:47,84.587563,-34.030109,nan
2024-06-13T14:36:47,84.587585,-34.030304,nan
2024-06-13T14:36:46,84.587608,-34.030499,nan
2024-06-13T14:36:46,84.587631,-34.030689,nan
2024-06-13T14:36:45,84.587646,-34.030884,nan
2024-06-13T14:36:45,84.587669,-34.031075,nan
2024-06-13T14:36:44,84.587692,-34.031269,nan
2024-06-13T14:36:44,84.587715,-34.031464,nan
2024-06-13T14:36:43,84.587738,-34.031662,nan
2024-06-13T14:36:43,84.587769,-34.031864,nan
2024-06-13T14:36:42,84.587791,-34.032066,nan
2024-06-13T14:36:42,84.587814,-34.032276,nan
2024-06-13T14:36:41,84.587837,-34.032494,nan
2024-06-13T14:36:41,84.587860,-34.032715,nan
2024-06-13T14:36:40,84.587883,-34.032940,nan
2024-06-13T14:36:40,84.587914,-34.033165,nan
2024-06-13T14:36:39,84.587936,-34.033394,nan
2024-06-13T14:36:39,84.587959,-34.033619,nan
2024-06-13T14:36:38,84.587982,-34.033852,nan
2024-06-13T14:36:38,84.588005,-34.034084,nan
2024-06-13T14:36:37,84.588028,-34.034317,nan
2024-06-13T14:36:37,84.588058,-34.034550,nan
2024-06-13T14:36:36,84.588081,-34.034782,nan
2024-06-13T14:36:36,84.588104,-34.035023,nan
2024-06-13T14:36:35,84.588127,-34.035255,nan
2024-06-13T14:36:35,84.588158,-34.035492,nan
2024-06-13T14:36:34,84.588181,-34.035728,nan
2024-06-13T14:36:34,84.588203,-34.035961,nan
2024-06-13T14:36:33,84.588226,-34.036194,nan
2024-06-13T14:36:33,84.588257,-34.036430,nan
2024-06-13T14:36:32,84.588280,-34.036663,nan
2024-06-13T14:36:32,84.588303,-34.036900,nan
2024-06-13T14:36:31,84.588333,-34.037132,nan
2024-06-13T14:36:31,84.588356,-34.037361,nan
2024-06-13T14:36:30,84.588387,-34.037582,nan
2024-06-13T14:36:30,84.588409,-34.037804,nan
2024-06-13T14:36:29,84.588432,-34.038025,nan
2024-06-13T14:36:29,84.588463,-34.038242,nan
2024-06-13T14:36:28,84.588486,-34.038464,nan
2024-06-13T14:36:28,84.588516,-34.038681,nan
2024-06-13T14:36:27,84.588547,-34.038902,nan
2024-06-13T14:36:27,84.588570,-34.039120,nan
2024-06-13T14:36:26,84.588600,-34.039341,nan
2024-06-13T14:36:26,84.588631,-34.039558,nan
2024-06-13T14:36:25,84.588661,-34.039776,nan
2024-06-13T14:36:25,84.588692,-34.039986,nan
2024-06-13T14:36:24,84.588722,-34.040199,nan
2024-06-13T14:36:24,84.588753,-34.040413,nan
2024-06-13T14:36:23,84.588776,-34.040627,nan
2024-06-13T14:36:23,84.588806,-34.040836,nan
2024-06-13T14:36:22,84.588837,-34.041046,nan
2024-06-13T14:36:21,84.588898,-34.041458,nan
2024-06-13T14:36:21,84.588928,-34.041668,nan
2024-06-13T14:36:20,84.588959,-34.041878,nan
2024-06-13T14:36:20,84.588989,-34.042080,nan
2024-06-13T14:36:19,84.589012,-34.042282,nan
2024-06-13T14:36:19,84.589043,-34.042480,nan
2024-06-13T14:36:18,84.589073,-34.042671,nan
2024-06-13T14:36:18,84.589096,-34.042858,nan
2024-06-13T14:36:17,84.589127,-34.043041,nan
2024-06-13T14:36:17,84.589157,-34.043221,nan
2024-06-13T14:36:16,84.589180,-34.043392,nan
2024-06-13T14:36:16,84.589211,-34.043568,nan
2024-06-13T14:36:15,84.589241,-34.043739,nan
2024-06-13T14:36:15,84.589264,-34.043915,nan
2024-06-13T14:36:14,84.589294,-34.044086,nan
2024-06-13T14:36:14,84.589325,-34.044262,nan
2024-06-13T14:36:13,84.589355,-34.044437,nan
2024-06-13T14:36:13,84.589386,-34.044613,nan
2024-06-13T14:36:12,84.589409,-34.044792,nan
2024-06-13T14:36:12,84.589439,-34.044975,nan
2024-06-13T14:36:11,84.589470,-34.045158,nan
2024-06-13T14:36:11,84.589500,-34.045345,nan
2024-06-13T14:36:10,84.589531,-34.045540,nan
2024-06-13T14:36:10,84.589561,-34.045734,nan
2024-06-13T14:36:09,84.589592,-34.045933,nan
2024-06-13T14:36:09,84.589622,-34.046127,nan
2024-06-13T14:36:08,84.589653,-34.046326,nan
2024-06-13T14:36:08,84.589684,-34.046528,nan
2024-06-13T14:36:07,84.589706,-34.046726,nan
2024-06-13T14:36:07,84.589737,-34.046928,nan
2024-06-13T14:36:06,84.589767,-34.047127,nan
2024-06-13T14:36:06,84.589798,-34.047321,nan
2024-06-13T14:36:05,84.589828,-34.047523,nan
2024-06-13T14:36:05,84.589859,-34.047726,nan
2024-06-13T14:36:04,84.589890,-34.047932,nan
2024-06-13T14:36:04,84.589912,-34.048138,nan
2024-06-13T14:36:03,84.589943,-34.048344,nan
2024-06-13T14:36:03,84.589973,-34.048553,nan
2024-06-13T14:36:02,84.590004,-34.048767,nan
2024-06-13T14:36:02,84.590034,-34.048977,nan
2024-06-13T14:36:01,84.590065,-34.049187,nan
2024-06-13T14:36:01,84.590088,-34.049393,nan
2024-06-13T14:36:00,84.590118,-34.049603,nan
2024-06-13T14:36:00,84.590149,-34.049816,nan
2024-06-13T14:35:59,84.590179,-34.050026,nan
2024-06-13T14:35:59,84.590202,-34.050240,nan
2024-06-13T14:35:58,84.590233,-34.050457,nan
2024-06-13T14:35:58,84.590263,-34.050678,nan
2024-06-13T14:35:57,84.590286,-34.050896,nan
2024-06-13T14:35:57,84.590317,-34.051109,nan
2024-06-13T14:35:56,84.590340,-34.051327,nan
2024-06-13T14:35:56,84.590370,-34.051548,nan
2024-06-13T14:35:55,84.590401,-34.051765,nan
2024-06-13T14:35:55,84.590424,-34.051983,nan
2024-06-13T14:35:54,84.590454,-34.052200,nan
2024-06-13T14:35:54,84.590485,-34.052414,nan
2024-06-13T14:35:53,84.590508,-34.052631,nan
2024-06-13T14:35:53,84.590538,-34.052845,nan
2024-06-13T14:35:52,84.590569,-34.053062,nan
2024-06-13T14:35:52,84.590599,-34.053280,nan
2024-06-13T14:35:51,84.590622,-34.053501,nan
2024-06-13T14:35:51,84.590652,-34.053726,nan
2024-06-13T14:35:50,84.590683,-34.053951,nan
2024-06-13T14:35:50,84.590706,-34.054180,nan
2024-06-13T14:35:49,84.590736,-34.054409,nan
2024-06-13T14:35:49,84.590759,-34.054642,nan
2024-06-13T14:35:48,84.590790,-34.054874,nan
2024-06-13T14:35:48,84.590820,-34.055103,nan
2024-06-13T14:35:47,84.590843,-34.055340,nan
2024-06-13T14:35:47,84.590874,-34.055576,nan
2024-06-13T14:35:46,84.590904,-34.055817,nan
2024-06-13T14:35:46,84.590935,-34.056049,nan
2024-06-13T14:35:45,84.590965,-34.056282,nan
2024-06-13T14:35:45,84.590996,-34.056515,nan
2024-06-13T14:35:44,84.591026,-34.056751,nan
2024-06-13T14:35:44,84.591057,-34.056984,nan
2024-06-13T14:35:43,84.591087,-34.057213,nan
2024-06-13T14:35:43,84.591125,-34.057442,nan
2024-06-13T14:35:42,84.591156,-34.057659,nan
2024-06-13T14:35:42,84.591187,-34.057877,nan
2024-06-13T14:35:41,84.591225,-34.058086,nan
2024-06-13T14:35:41,84.591255,-34.058289,nan
2024-06-13T14:35:40,84.591286,-34.058479,nan
2024-06-13T14:35:40,84.591316,-34.058662,nan
2024-06-13T14:35:39,84.591354,-34.058842,nan
2024-06-13T14:35:39,84.591385,-34.059017,nan
2024-06-13T14:35:38,84.591415,-34.059193,nan
2024-06-13T14:35:38,84.591446,-34.059364,nan
2024-06-13T14:35:37,84.591476,-34.059540,nan
2024-06-13T14:35:37,84.591515,-34.059715,nan
2024-06-13T14:35:36,84.591545,-34.059891,nan
2024-06-13T14:35:36,84.591576,-34.060074,nan
2024-06-13T14:35:35,84.591606,-34.060253,nan
2024-06-13T14:35:35,84.591637,-34.060432,nan
2024-06-13T14:35:34,84.591698,-34.060799,nan
2024-06-13T14:35:33,84.591728,-34.060978,nan
2024-06-13T14:35:33,84.591759,-34.061165,nan
2024-06-13T14:35:32,84.591789,-34.061348,nan
2024-06-13T14:35:32,84.591820,-34.061543,nan
2024-06-13T14:35:31,84.591850,-34.061737,nan
2024-06-13T14:35:31,84.591873,-34.061935,nan
2024-06-13T14:35:30,84.591904,-34.062134,nan
2024-06-13T14:35:30,84.591934,-34.062328,nan
2024-06-13T14:35:29,84.591965,-34.062527,nan
2024-06-13T14:35:29,84.591995,-34.062725,nan
2024-06-13T14:35:28,84.592026,-34.062923,nan
2024-06-13T14:35:28,84.592049,-34.063118,nan
2024-06-13T14:35:27,84.592079,-34.063313,nan
2024-06-13T14:35:27,84.592110,-34.063507,nan
2024-06-13T14:35:26,84.592140,-34.063702,nan
2024-06-13T14:35:26,84.592163,-34.063896,nan
2024-06-13T14:35:25,84.592194,-34.064095,nan
2024-06-13T14:35:25,84.592224,-34.064297,nan
2024-06-13T14:35:24,84.592255,-34.064499,nan
2024-06-13T14:35:24,84.592285,-34.064705,nan
2024-06-13T14:35:23,84.592316,-34.064911,nan
2024-06-13T14:35:23,84.592339,-34.065113,nan
2024-06-13T14:35:22,84.592369,-34.065311,nan
2024-06-13T14:35:22,84.592400,-34.065510,nan
2024-06-13T14:35:21,84.592422,-34.065708,nan
2024-06-13T14:35:21,84.592453,-34.065907,nan
2024-06-13T14:35:20,84.592484,-34.066097,nan
2024-06-13T14:35:20,84.592506,-34.066296,nan
2024-06-13T14:35:19,84.592537,-34.066490,nan
2024-06-13T14:35:19,84.592567,-34.066685,nan
2024-06-13T14:35:18,84.592590,-34.066872,nan
2024-06-13T14:35:18,84.592621,-34.067055,nan
2024-06-13T14:35:17,84.592644,-34.067226,nan
2024-06-13T14:35:17,84.592674,-34.067390,nan
2024-06-13T14:35:16,84.592705,-34.067543,nan
2024-06-13T14:35:16,84.592728,-34.067684,nan
2024-06-13T14:35:15,84.592758,-34.067818,nan
2024-06-13T14:35:14,84.592812,-34.068066,nan
2024-06-13T14:35:14,84.592834,-34.068188,nan
2024-06-13T14:35:13,84.592865,-34.068306,nan
2024-06-13T14:35:13,84.592888,-34.068428,nan
2024-06-13T14:35:12,84.592911,-34.068554,nan
2024-06-13T14:35:12,84.592941,-34.068687,nan
2024-06-13T14:35:11,84.592964,-34.068821,nan
2024-06-13T14:35:11,84.592987,-34.068962,nan
2024-06-13T14:35:10,84.593018,-34.069111,nan
2024-06-13T14:35:10,84.593040,-34.069260,nan
2024-06-13T14:35:09,84.593063,-34.069416,nan
2024-06-13T14:35:09,84.593094,-34.069584,nan
2024-06-13T14:35:08,84.593117,-34.069759,nan
2024-06-13T14:35:08,84.593147,-34.069946,nan
2024-06-13T14:35:07,84.593170,-34.070133,nan
2024-06-13T14:35:07,84.593201,-34.070332,nan
2024-06-13T14:35:06,84.593231,-34.070541,nan
2024-06-13T14:35:06,84.593254,-34.070759,nan
2024-06-13T14:35:05,84.593285,-34.070992,nan
2024-06-13T14:35:05,84.593315,-34.071236,nan
2024-06-13T14:35:04,84.593338,-34.071484,nan
2024-06-13T14:35:04,84.593369,-34.071735,nan
2024-06-13T14:35:03,84.593391,-34.071995,nan
2024-06-13T14:35:03,84.593422,-34.072247,nan
2024-06-13T14:35:02,84.593445,-34.072502,nan
2024-06-13T14:35:02,84.593475,-34.072758,nan
2024-06-13T14:35:01,84.593498,-34.073013,nan
2024-06-13T14:35:01,84.593529,-34.073269,nan
2024-06-13T14:35:00,84.593552,-34.073524,nan
2024-06-13T14:35:00,84.593575,-34.073776,nan
2024-06-13T14:34:59,84.593597,-34.074024,nan
2024-06-13T14:34:59,84.593620,-34.074272,nan
2024-06-13T14:34:58,84.593643,-34.074520,nan
2024-06-13T14:34:58,84.593674,-34.074764,nan
2024-06-13T14:34:57,84.593697,-34.075005,nan
2024-06-13T14:34:57,84.593719,-34.075245,nan
2024-06-13T14:34:56,84.593742,-34.075481,nan
2024-06-13T14:34:56,84.593765,-34.075722,nan
2024-06-13T14:34:55,84.593788,-34.075958,nan
2024-06-13T14:34:55,84.593811,-34.076195,nan
2024-06-13T14:34:54,84.593834,-34.076435,nan
2024-06-13T14:34:54,84.593857,-34.076679,nan
2024-06-13T14:34:53,84.593880,-34.076927,nan
2024-06-13T14:34:53,84.593903,-34.077171,nan
2024-06-13T14:34:52,84.593918,-34.077419,nan
2024-06-13T14:34:52,84.593941,-34.077663,nan
2024-06-13T14:34:51,84.593964,-34.077908,nan
2024-06-13T14:34:51,84.593987,-34.078152,nan
2024-06-13T14:34:50,84.594002,-34.078396,nan
2024-06-13T14:34:50,84.594025,-34.078640,nan
2024-06-13T14:34:49,84.594040,-34.078888,nan
2024-06-13T14:34:49,84.594063,-34.079140,nan
2024-06-13T14:34:48,84.594078,-34.079388,nan
2024-06-13T14:34:48,84.594093,-34.079636,nan
2024-06-13T14:34:47,84.594116,-34.079876,nan
2024-06-13T14:34:47,84.594131,-34.080116,nan
2024-06-13T14:34:46,84.594154,-34.080353,nan
2024-06-13T14:34:46,84.594170,-34.080589,nan
2024-06-13T14:34:45,84.594193,-34.080818,nan
2024-06-13T14:34:45,84.594208,-34.081043,nan
2024-06-13T14:34:44,84.594223,-34.081264,nan
2024-06-13T14:34:44,84.594246,-34.081486,nan
2024-06-13T14:34:43,84.594261,-34.081707,nan
2024-06-13T14:34:43,84.594276,-34.081921,nan
2024-06-13T14:34:42,84.594299,-34.082130,nan
2024-06-13T14:34:42,84.594315,-34.082340,nan
2024-06-13T14:34:41,84.594330,-34.082542,nan
2024-06-13T14:34:40,84.594368,-34.082954,nan
2024-06-13T14:34:40,84.594383,-34.083157,nan
2024-06-13T14:34:39,84.594406,-34.083363,nan
2024-06-13T14:34:39,84.594421,-34.083569,nan
2024-06-13T14:34:38,84.594437,-34.083775,nan
2024-06-13T14:34:38,84.594460,-34.083984,nan
2024-06-13T14:34:37,84.594475,-34.084187,nan
2024-06-13T14:34:37,84.594498,-34.084396,nan
2024-06-13T14:34:36,84.594513,-34.084606,nan
2024-06-13T14:34:35,84.594566,-34.085247,nan
2024-06-13T14:34:34,84.594582,-34.085464,nan
2024-06-13T14:34:34,84.594597,-34.085686,nan
2024-06-13T14:34:33,84.594612,-34.085911,nan
2024-06-13T14:34:33,84.594627,-34.086140,nan
2024-06-13T14:34:32,84.594650,-34.086365,nan
2024-06-13T14:34:32,84.594666,-34.086594,nan
2024-06-13T14:34:31,84.594681,-34.086823,nan
2024-06-13T14:34:31,84.594696,-34.087051,nan
2024-06-13T14:34:30,84.594711,-34.087288,nan
2024-06-13T14:34:29,84.594749,-34.087757,nan
2024-06-13T14:34:28,84.594803,-34.088463,nan
2024-06-13T14:34:27,84.594818,-34.088692,nan
2024-06-13T14:34:27,84.594833,-34.088921,nan
2024-06-13T14:34:26,84.594872,-34.089378,nan
2024-06-13T14:34:25,84.594887,-34.089611,nan
2024-06-13T14:34:20,84.595055,-34.091888,nan
2024-06-13T14:34:20,84.595070,-34.092106,nan
2024-06-13T14:34:19,84.595093,-34.092323,nan
2024-06-13T14:34:19,84.595108,-34.092537,nan
2024-06-13T14:34:18,84.595131,-34.092751,nan
2024-06-13T14:34:18,84.595146,-34.092957,nan
2024-06-13T14:34:17,84.595169,-34.093166,nan
2024-06-13T14:34:17,84.595192,-34.093372,nan
2024-06-13T14:34:16,84.595207,-34.093575,nan
2024-06-13T14:34:16,84.595230,-34.093773,nan
2024-06-13T14:34:15,84.595253,-34.093967,nan
2024-06-13T14:34:15,84.595276,-34.094158,nan
2024-06-13T14:34:14,84.595299,-34.094345,nan
2024-06-13T14:34:14,84.595314,-34.094524,nan
2024-06-13T14:34:13,84.595337,-34.094700,nan
2024-06-13T14:34:13,84.595360,-34.094868,nan
2024-06-13T14:34:12,84.595383,-34.095032,nan
2024-06-13T14:34:12,84.595398,-34.095192,nan
2024-06-13T14:34:11,84.595421,-34.095348,nan
2024-06-13T14:34:11,84.595444,-34.095509,nan
2024-06-13T14:34:10,84.595459,-34.095665,nan
2024-06-13T14:34:10,84.595482,-34.095821,nan
2024-06-13T14:34:09,84.595497,-34.095978,nan
2024-06-13T14:34:09,84.595520,-34.096138,nan
2024-06-13T14:34:08,84.595535,-34.096294,nan
2024-06-13T14:34:07,84.595573,-34.096603,nan
2024-06-13T14:34:07,84.595596,-34.096756,nan
2024-06-13T14:34:06,84.595612,-34.096909,nan
2024-06-13T14:34:06,84.595634,-34.097054,nan
2024-06-13T14:34:05,84.595650,-34.097198,nan
2024-06-13T14:34:05,84.595665,-34.097343,nan
2024-06-13T14:34:04,84.595688,-34.097488,nan
2024-06-13T14:34:04,84.595703,-34.097630,nan
2024-06-13T14:34:03,84.595718,-34.097775,nan
2024-06-13T14:34:03,84.595741,-34.097916,nan
2024-06-13T14:34:02,84.595757,-34.098057,nan
2024-06-13T14:34:02,84.595772,-34.098190,nan
2024-06-13T14:34:01,84.595795,-34.098320,nan
2024-06-13T14:34:01,84.595810,-34.098446,nan
2024-06-13T14:34:00,84.595825,-34.098568,nan
2024-06-13T14:34:00,84.595848,-34.098686,nan
2024-06-13T14:33:59,84.595863,-34.098801,nan
2024-06-13T14:33:59,84.595886,-34.098911,nan
2024-06-13T14:33:58,84.595901,-34.099022,nan
2024-06-13T14:33:58,84.595924,-34.099129,nan
2024-06-13T14:33:57,84.595940,-34.099232,nan
2024-06-13T14:33:57,84.595963,-34.099335,nan
2024-06-13T14:33:56,84.595985,-34.099438,nan
2024-06-13T14:33:56,84.596001,-34.099537,nan
2024-06-13T14:33:55,84.596024,-34.099636,nan
2024-06-13T14:33:55,84.596046,-34.099739,nan
2024-06-13T14:33:54,84.596062,-34.099846,nan
2024-06-13T14:33:54,84.596085,-34.099960,nan
2024-06-13T14:33:53,84.596107,-34.100075,nan
2024-06-13T14:33:53,84.596123,-34.100189,nan
2024-06-13T14:33:52,84.596146,-34.100304,nan
2024-06-13T14:33:52,84.596161,-34.100422,nan
2024-06-13T14:33:51,84.596184,-34.100540,nan
2024-06-13T14:33:51,84.596207,-34.100655,nan
2024-06-13T14:33:50,84.596222,-34.100773,nan
2024-06-13T14:33:50,84.596245,-34.100891,nan
2024-06-13T14:33:49,84.596268,-34.101006,nan
2024-06-13T14:33:49,84.596283,-34.101124,nan
2024-06-13T14:33:48,84.596306,-34.101246,nan
2024-06-13T14:33:48,84.596329,-34.101368,nan
2024-06-13T14:33:47,84.596352,-34.101494,nan
2024-06-13T14:33:47,84.596375,-34.101620,nan
2024-06-13T14:33:46,84.596397,-34.101749,nan
2024-06-13T14:33:46,84.596413,-34.101875,nan
2024-06-13T14:33:45,84.596436,-34.102001,nan
2024-06-13T14:33:45,84.596458,-34.102131,nan
2024-06-13T14:33:44,84.596481,-34.102261,nan
2024-06-13T14:33:44,84.596504,-34.102390,nan
2024-06-13T14:33:43,84.596519,-34.102524,nan
2024-06-13T14:33:43,84.596542,-34.102657,nan
2024-06-13T14:33:42,84.596565,-34.102795,nan
2024-06-13T14:33:42,84.596588,-34.102928,nan
2024-06-13T14:33:41,84.596611,-34.103069,nan
2024-06-13T14:33:41,84.596626,-34.103207,nan
2024-06-13T14:33:40,84.596649,-34.103352,nan
2024-06-13T14:33:40,84.596672,-34.103493,nan
2024-06-13T14:33:39,84.596687,-34.103634,nan
2024-06-13T14:33:39,84.596710,-34.103775,nan
2024-06-13T14:33:38,84.596733,-34.103916,nan
2024-06-13T14:33:38,84.596756,-34.104057,nan
2024-06-13T14:33:37,84.596771,-34.104202,nan
2024-06-13T14:33:37,84.596794,-34.104347,nan
2024-06-13T14:33:36,84.596817,-34.104488,nan
2024-06-13T14:33:36,84.596832,-34.104633,nan
2024-06-13T14:33:35,84.596855,-34.104782,nan
2024-06-13T14:33:35,84.596878,-34.104931,nan
2024-06-13T14:33:34,84.596901,-34.105072,nan
2024-06-13T14:33:34,84.596924,-34.105221,nan
2024-06-13T14:33:33,84.596947,-34.105366,nan
2024-06-13T14:33:33,84.596970,-34.105511,nan
2024-06-13T14:33:32,84.596992,-34.105652,nan
2024-06-13T14:33:32,84.597015,-34.105793,nan
2024-06-13T14:33:31,84.597038,-34.105927,nan
2024-06-13T14:33:31,84.597061,-34.106060,nan
2024-06-13T14:33:30,84.597084,-34.106186,nan
2024-06-13T14:33:30,84.597107,-34.106312,nan
2024-06-13T14:33:29,84.597137,-34.106430,nan
2024-06-13T14:33:29,84.597160,-34.106552,nan
2024-06-13T14:33:28,84.597183,-34.106670,nan
2024-06-13T14:33:28,84.597206,-34.106789,nan
2024-06-13T14:33:27,84.597229,-34.106903,nan
2024-06-13T14:33:27,84.597252,-34.107021,nan
2024-06-13T14:33:26,84.597275,-34.107136,nan
2024-06-13T14:33:26,84.597305,-34.107258,nan
2024-06-13T14:33:25,84.597328,-34.107376,nan
2024-06-13T14:33:25,84.597351,-34.107494,nan
2024-06-13T14:33:24,84.597374,-34.107616,nan
2024-06-13T14:33:24,84.597397,-34.107735,nan
2024-06-13T14:33:23,84.597427,-34.107849,nan
2024-06-13T14:33:23,84.597450,-34.107964,nan
2024-06-13T14:33:22,84.597473,-34.108074,nan
2024-06-13T14:33:22,84.597504,-34.108181,nan
2024-06-13T14:33:21,84.597527,-34.108288,nan
2024-06-13T14:33:21,84.597549,-34.108391,nan
2024-06-13T14:33:20,84.597580,-34.108494,nan
2024-06-13T14:33:20,84.597603,-34.108604,nan
2024-06-13T14:33:19,84.597626,-34.108715,nan
2024-06-13T14:33:19,84.597649,-34.108822,nan
2024-06-13T14:33:18,84.597679,-34.108936,nan
2024-06-13T14:33:18,84.597702,-34.109051,nan
2024-06-13T14:33:17,84.597725,-34.109161,nan
2024-06-13T14:33:17,84.597748,-34.109272,nan
2024-06-13T14:33:16,84.597771,-34.109386,nan
2024-06-13T14:33:16,84.597794,-34.109505,nan
2024-06-13T14:33:15,84.597816,-34.109619,nan
2024-06-13T14:33:15,84.597839,-34.109741,nan
2024-06-13T14:33:14,84.597862,-34.109867,nan
2024-06-13T14:33:14,84.597885,-34.109993,nan
2024-06-13T14:33:13,84.597908,-34.110123,nan
2024-06-13T14:33:13,84.597931,-34.110252,nan
2024-06-13T14:33:12,84.597954,-34.110386,nan
2024-06-13T14:33:12,84.597977,-34.110523,nan
2024-06-13T14:33:11,84.598000,-34.110661,nan
2024-06-13T14:33:11,84.598022,-34.110806,nan
2024-06-13T14:33:10,84.598045,-34.110950,nan
2024-06-13T14:33:10,84.598068,-34.111103,nan
2024-06-13T14:33:09,84.598091,-34.111259,nan
2024-06-13T14:33:09,84.598106,-34.111416,nan
2024-06-13T14:33:08,84.598129,-34.111580,nan
2024-06-13T14:33:08,84.598152,-34.111740,nan
2024-06-13T14:33:07,84.598175,-34.111908,nan
2024-06-13T14:33:07,84.598198,-34.112076,nan
2024-06-13T14:33:06,84.598213,-34.112244,nan
2024-06-13T14:33:06,84.598236,-34.112415,nan
2024-06-13T14:33:05,84.598259,-34.112587,nan
2024-06-13T14:33:05,84.598274,-34.112762,nan
2024-06-13T14:33:04,84.598297,-34.112938,nan
2024-06-13T14:33:04,84.598320,-34.113113,nan
2024-06-13T14:33:03,84.598335,-34.113293,nan
2024-06-13T14:33:03,84.598358,-34.113472,nan
2024-06-13T14:33:02,84.598373,-34.113647,nan
2024-06-13T14:33:02,84.598396,-34.113831,nan
2024-06-13T14:33:01,84.598412,-34.114010,nan
2024-06-13T14:33:01,84.598427,-34.114185,nan
2024-06-13T14:33:00,84.598450,-34.114361,nan
2024-06-13T14:33:00,84.598465,-34.114532,nan
2024-06-13T14:32:59,84.598480,-34.114704,nan
2024-06-13T14:32:59,84.598503,-34.114883,nan
2024-06-13T14:32:58,84.598518,-34.115063,nan
2024-06-13T14:32:58,84.598534,-34.115238,nan
2024-06-13T14:32:57,84.598549,-34.115417,nan
2024-06-13T14:32:57,84.598572,-34.115597,nan
2024-06-13T14:32:56,84.598587,-34.115772,nan
2024-06-13T14:32:56,84.598602,-34.115952,nan
2024-06-13T14:32:55,84.598618,-34.116135,nan
2024-06-13T14:32:55,84.598633,-34.116318,nan
2024-06-13T14:32:54,84.598648,-34.116505,nan
2024-06-13T14:32:54,84.598663,-34.116692,nan
2024-06-13T14:32:53,84.598679,-34.116875,nan
2024-06-13T14:32:53,84.598694,-34.117065,nan
2024-06-13T14:32:52,84.598709,-34.117252,nan
2024-06-13T14:32:52,84.598724,-34.117443,nan
2024-06-13T14:32:51,84.598740,-34.117634,nan
2024-06-13T14:32:51,84.598747,-34.117825,nan
2024-06-13T14:32:50,84.598763,-34.118015,nan
2024-06-13T14:32:50,84.598778,-34.118202,nan
2024-06-13T14:32:49,84.598793,-34.118389,nan
2024-06-13T14:32:49,84.598808,-34.118576,nan
2024-06-13T14:32:48,84.598816,-34.118759,nan
2024-06-13T14:32:48,84.598831,-34.118938,nan
2024-06-13T14:32:47,84.598846,-34.119118,nan
2024-06-13T14:32:47,84.598862,-34.119297,nan
2024-06-13T14:32:46,84.598869,-34.119473,nan
2024-06-13T14:32:46,84.598885,-34.119640,nan
2024-06-13T14:32:45,84.598900,-34.119808,nan
2024-06-13T14:32:45,84.598915,-34.119972,nan
2024-06-13T14:32:44,84.598923,-34.120129,nan
2024-06-13T14:32:44,84.598938,-34.120281,nan
2024-06-13T14:32:43,84.598953,-34.120430,nan
2024-06-13T14:32:43,84.598969,-34.120567,nan
2024-06-13T14:32:42,84.598976,-34.120708,nan
2024-06-13T14:32:42,84.598991,-34.120846,nan
2024-06-13T14:32:41,84.599007,-34.120975,nan
2024-06-13T14:32:41,84.599022,-34.121113,nan
2024-06-13T14:32:40,84.599037,-34.121243,nan
2024-06-13T14:32:40,84.599052,-34.121372,nan
2024-06-13T14:32:39,84.599068,-34.121506,nan
2024-06-13T14:32:39,84.599083,-34.121643,nan
2024-06-13T14:32:38,84.599098,-34.121777,nan
2024-06-13T14:32:38,84.599106,-34.121914,nan
2024-06-13T14:32:37,84.599121,-34.122047,nan
2024-06-13T14:32:37,84.599136,-34.122185,nan
2024-06-13T14:32:36,84.599152,-34.122318,nan
2024-06-13T14:32:36,84.599167,-34.122444,nan
2024-06-13T14:32:35,84.599182,-34.122574,nan
2024-06-13T14:32:35,84.599190,-34.122704,nan
2024-06-13T14:32:34,84.599205,-34.122822,nan
2024-06-13T14:32:34,84.599220,-34.122940,nan
2024-06-13T14:32:33,84.599236,-34.123058,nan
2024-06-13T14:32:33,84.599243,-34.123165,nan
2024-06-13T14:32:32,84.599258,-34.123272,nan
2024-06-13T14:32:32,84.599266,-34.123379,nan
2024-06-13T14:32:31,84.599281,-34.123478,nan
2024-06-13T14:32:31,84.599297,-34.123577,nan
2024-06-13T14:32:30,84.599304,-34.123680,nan
2024-06-13T14:32:30,84.599319,-34.123775,nan
2024-06-13T14:32:29,84.599335,-34.123867,nan
2024-06-13T14:32:29,84.599342,-34.123955,nan
2024-06-13T14:32:28,84.599358,-34.124035,nan
2024-06-13T14:32:28,84.599373,-34.124111,nan
2024-06-13T14:32:27,84.599388,-34.124184,nan
2024-06-13T14:32:27,84.599396,-34.124252,nan
2024-06-13T14:32:26,84.599411,-34.124325,nan
2024-06-13T14:32:26,84.599426,-34.124390,nan
2024-06-13T14:32:25,84.599442,-34.124454,nan
2024-06-13T14:32:25,84.599457,-34.124516,nan
2024-06-13T14:32:24,84.599472,-34.124577,nan
2024-06-13T14:32:24,84.599487,-34.124630,nan
2024-06-13T14:32:23,84.599503,-34.124687,nan
2024-06-13T14:32:23,84.599518,-34.124741,nan
2024-06-13T14:32:22,84.599533,-34.124786,nan
2024-06-13T14:32:22,84.599548,-34.124836,nan
2024-06-13T14:32:21,84.599564,-34.124886,nan
2024-06-13T14:32:21,84.599586,-34.124928,nan
2024-06-13T14:32:20,84.599602,-34.124973,nan
2024-06-13T14:32:20,84.599617,-34.125015,nan
2024-06-13T14:32:19,84.599632,-34.125061,nan
2024-06-13T14:32:19,84.599655,-34.125107,nan
2024-06-13T14:32:18,84.599670,-34.125156,nan
2024-06-13T14:32:18,84.599686,-34.125206,nan
2024-06-13T14:32:17,84.599709,-34.125259,nan
2024-06-13T14:32:17,84.599724,-34.125313,nan
2024-06-13T14:32:16,84.599739,-34.125362,nan
2024-06-13T14:32:16,84.599754,-34.125416,nan
2024-06-13T14:32:15,84.599777,-34.125462,nan
2024-06-13T14:32:15,84.599792,-34.125507,nan
2024-06-13T14:32:14,84.599808,-34.125557,nan
2024-06-13T14:32:14,84.599831,-34.125607,nan
2024-06-13T14:32:13,84.599846,-34.125664,nan
2024-06-13T14:32:13,84.599861,-34.125721,nan
2024-06-13T14:32:12,84.599876,-34.125778,nan
2024-06-13T14:32:12,84.599899,-34.125843,nan
2024-06-13T14:32:11,84.599915,-34.125908,nan
2024-06-13T14:32:11,84.599930,-34.125977,nan
2024-06-13T14:32:10,84.599945,-34.126045,nan
2024-06-13T14:32:10,84.599968,-34.126118,nan
2024-06-13T14:32:09,84.599983,-34.126186,nan
2024-06-13T14:32:09,84.599998,-34.126255,nan
2024-06-13T14:32:08,84.600014,-34.126320,nan
2024-06-13T14:32:08,84.600037,-34.126385,nan
2024-06-13T14:32:07,84.600052,-34.126446,nan
2024-06-13T14:32:07,84.600067,-34.126503,nan
2024-06-13T14:32:06,84.600082,-34.126560,nan
2024-06-13T14:32:06,84.600105,-34.126621,nan
2024-06-13T14:32:05,84.600121,-34.126686,nan
2024-06-13T14:32:05,84.600136,-34.126755,nan
2024-06-13T14:32:04,84.600151,-34.126823,nan
2024-06-13T14:32:04,84.600166,-34.126888,nan
2024-06-13T14:32:03,84.600189,-34.126953,nan
2024-06-13T14:32:03,84.600204,-34.127026,nan
2024-06-13T14:32:02,84.600220,-34.127090,nan
2024-06-13T14:32:02,84.600235,-34.127155,nan
2024-06-13T14:32:01,84.600250,-34.127216,nan
2024-06-13T14:32:01,84.600266,-34.127274,nan
2024-06-13T14:32:00,84.600281,-34.127335,nan
2024-06-13T14:32:00,84.600296,-34.127396,nan
2024-06-13T14:31:59,84.600311,-34.127457,nan
2024-06-13T14:31:59,84.600327,-34.127514,nan
2024-06-13T14:31:58,84.600342,-34.127579,nan
2024-06-13T14:31:58,84.600357,-34.127640,nan
2024-06-13T14:31:57,84.600372,-34.127701,nan
2024-06-13T14:31:57,84.600395,-34.127766,nan
2024-06-13T14:31:56,84.600410,-34.127831,nan
2024-06-13T14:31:56,84.600426,-34.127892,nan
2024-06-13T14:31:55,84.600441,-34.127956,nan
2024-06-13T14:31:55,84.600456,-34.128021,nan
2024-06-13T14:31:54,84.600471,-34.128090,nan
2024-06-13T14:31:54,84.600487,-34.128159,nan
2024-06-13T14:31:53,84.600502,-34.128227,nan
2024-06-13T14:31:53,84.600517,-34.128296,nan
2024-06-13T14:31:52,84.600533,-34.128365,nan
2024-06-13T14:31:52,84.600548,-34.128429,nan
2024-06-13T14:31:51,84.600563,-34.128498,nan
2024-06-13T14:31:51,84.600578,-34.128567,nan
2024-06-13T14:31:50,84.600594,-34.128639,nan
2024-06-13T14:31:50,84.600609,-34.128712,nan
2024-06-13T14:31:49,84.600616,-34.128784,nan
2024-06-13T14:31:49,84.600632,-34.128849,nan
2024-06-13T14:31:48,84.600647,-34.128918,nan
2024-06-13T14:31:48,84.600662,-34.128983,nan
2024-06-13T14:31:47,84.600677,-34.129055,nan
2024-06-13T14:31:47,84.600693,-34.129124,nan
2024-06-13T14:31:46,84.600708,-34.129200,nan
2024-06-13T14:31:46,84.600723,-34.129276,nan
2024-06-13T14:31:45,84.600739,-34.129353,nan
2024-06-13T14:31:45,84.600754,-34.129433,nan
2024-06-13T14:31:44,84.600769,-34.129513,nan
2024-06-13T14:31:44,84.600784,-34.129593,nan
2024-06-13T14:31:43,84.600800,-34.129673,nan
2024-06-13T14:31:43,84.600815,-34.129757,nan
2024-06-13T14:31:42,84.600830,-34.129841,nan
2024-06-13T14:31:42,84.600845,-34.129925,nan
2024-06-13T14:31:41,84.600861,-34.130013,nan
2024-06-13T14:31:41,84.600876,-34.130100,nan
2024-06-13T14:31:40,84.600891,-34.130196,nan
2024-06-13T14:31:40,84.600906,-34.130295,nan
2024-06-13T14:31:39,84.600922,-34.130394,nan
2024-06-13T14:31:39,84.600937,-34.130501,nan
2024-06-13T14:31:38,84.600952,-34.130604,nan
2024-06-13T14:31:38,84.600967,-34.130707,nan
2024-06-13T14:31:37,84.600975,-34.130814,nan
2024-06-13T14:31:37,84.600990,-34.130920,nan
2024-06-13T14:31:36,84.601006,-34.131027,nan
2024-06-13T14:31:36,84.601021,-34.131142,nan
2024-06-13T14:31:35,84.601028,-34.131256,nan
2024-06-13T14:31:35,84.601044,-34.131374,nan
2024-06-13T14:31:34,84.601051,-34.131493,nan
2024-06-13T14:31:34,84.601067,-34.131611,nan
2024-06-13T14:31:33,84.601074,-34.131725,nan
2024-06-13T14:31:33,84.601089,-34.131847,nan
2024-06-13T14:31:32,84.601105,-34.131966,nan
2024-06-13T14:31:32,84.601112,-34.132080,nan
2024-06-13T14:31:31,84.601120,-34.132198,nan
2024-06-13T14:31:31,84.601135,-34.132317,nan
2024-06-13T14:31:30,84.601143,-34.132439,nan
2024-06-13T14:31:30,84.601151,-34.132568,nan
2024-06-13T14:31:29,84.601166,-34.132698,nan
2024-06-13T14:31:29,84.601173,-34.132832,nan
2024-06-13T14:31:28,84.601181,-34.132961,nan
2024-06-13T14:31:28,84.601189,-34.133099,nan
2024-06-13T14:31:27,84.601204,-34.133236,nan
2024-06-13T14:31:27,84.601212,-34.133373,nan
2024-06-13T14:31:26,84.601219,-34.133511,nan
2024-06-13T14:31:26,84.601227,-34.133656,nan
2024-06-13T14:31:25,84.601234,-34.133797,nan
2024-06-13T14:31:25,84.601242,-34.133938,nan
2024-06-13T14:31:24,84.601250,-34.134079,nan
2024-06-13T14:31:24,84.601257,-34.134220,nan
2024-06-13T14:31:23,84.601265,-34.134365,nan
2024-06-13T14:31:23,84.601273,-34.134514,nan
2024-06-13T14:31:22,84.601280,-34.134663,nan
2024-06-13T14:31:22,84.601288,-34.134811,nan
2024-06-13T14:31:21,84.601295,-34.134953,nan
2024-06-13T14:31:21,84.601303,-34.135094,nan
2024-06-13T14:31:20,84.601311,-34.135239,nan
2024-06-13T14:31:20,84.601318,-34.135384,nan
2024-06-13T14:31:19,84.601326,-34.135525,nan
2024-06-13T14:31:19,84.601334,-34.135670,nan
2024-06-13T14:31:18,84.601341,-34.135811,nan
2024-06-13T14:31:18,84.601349,-34.135952,nan
2024-06-13T14:31:17,84.601357,-34.136093,nan
2024-06-13T14:31:17,84.601364,-34.136234,nan
2024-06-13T14:31:16,84.601372,-34.136375,nan
2024-06-13T14:31:16,84.601379,-34.136517,nan
2024-06-13T14:31:15,84.601387,-34.136654,nan
2024-06-13T14:31:15,84.601395,-34.136791,nan
2024-06-13T14:31:14,84.601410,-34.136929,nan
2024-06-13T14:31:14,84.601418,-34.137066,nan
2024-06-13T14:31:13,84.601425,-34.137203,nan
2024-06-13T14:31:13,84.601433,-34.137341,nan
2024-06-13T14:31:12,84.601440,-34.137478,nan
2024-06-13T14:31:12,84.601456,-34.137611,nan
2024-06-13T14:31:11,84.601463,-34.137741,nan
2024-06-13T14:31:11,84.601471,-34.137875,nan
2024-06-13T14:31:10,84.601479,-34.138000,nan
2024-06-13T14:31:10,84.601494,-34.138130,nan
2024-06-13T14:31:09,84.601501,-34.138256,nan
2024-06-13T14:31:09,84.601509,-34.138378,nan
2024-06-13T14:31:08,84.601517,-34.138508,nan
2024-06-13T14:31:08,84.601532,-34.138638,nan
2024-06-13T14:31:07,84.601540,-34.138767,nan
2024-06-13T14:31:07,84.601547,-34.138897,nan
2024-06-13T14:31:06,84.601555,-34.139023,nan
2024-06-13T14:31:06,84.601562,-34.139141,nan
2024-06-13T14:31:05,84.601570,-34.139256,nan
2024-06-13T14:31:05,84.601578,-34.139370,nan
2024-06-13T14:31:04,84.601585,-34.139477,nan
2024-06-13T14:31:04,84.601601,-34.139591,nan
2024-06-13T14:31:03,84.601608,-34.139698,nan
2024-06-13T14:31:03,84.601616,-34.139805,nan
2024-06-13T14:31:02,84.601624,-34.139908,nan
2024-06-13T14:31:02,84.601631,-34.140015,nan
2024-06-13T14:31:01,84.601646,-34.140114,nan
2024-06-13T14:31:01,84.601654,-34.140217,nan
2024-06-13T14:31:00,84.601662,-34.140316,nan
2024-06-13T14:31:00,84.601669,-34.140419,nan
2024-06-13T14:30:59,84.601685,-34.140518,nan
2024-06-13T14:30:59,84.601692,-34.140621,nan
2024-06-13T14:30:58,84.601700,-34.140724,nan
2024-06-13T14:30:58,84.601707,-34.140823,nan
2024-06-13T14:30:57,84.601723,-34.140926,nan
2024-06-13T14:30:57,84.601730,-34.141029,nan
2024-06-13T14:30:56,84.601738,-34.141136,nan
2024-06-13T14:30:56,84.601753,-34.141239,nan
2024-06-13T14:30:55,84.601761,-34.141342,nan
2024-06-13T14:30:55,84.601768,-34.141445,nan
2024-06-13T14:30:54,84.601784,-34.141544,nan
2024-06-13T14:30:54,84.601791,-34.141644,nan
2024-06-13T14:30:53,84.601799,-34.141743,nan
2024-06-13T14:30:53,84.601814,-34.141842,nan
2024-06-13T14:30:52,84.601822,-34.141937,nan
2024-06-13T14:30:52,84.601837,-34.142029,nan
2024-06-13T14:30:51,84.601845,-34.142124,nan
2024-06-13T14:30:51,84.601852,-34.142216,nan
2024-06-13T14:30:50,84.601868,-34.142307,nan
2024-06-13T14:30:50,84.601875,-34.142395,nan
2024-06-13T14:30:49,84.601891,-34.142483,nan
2024-06-13T14:30:49,84.601898,-34.142570,nan
2024-06-13T14:30:48,84.601913,-34.142662,nan
2024-06-13T14:30:48,84.601921,-34.142750,nan
2024-06-13T14:30:47,84.601936,-34.142845,nan
2024-06-13T14:30:47,84.601944,-34.142937,nan
2024-06-13T14:30:46,84.601959,-34.143028,nan
2024-06-13T14:30:46,84.601974,-34.143120,nan
2024-06-13T14:30:45,84.601982,-34.143208,nan
2024-06-13T14:30:45,84.601997,-34.143295,nan
2024-06-13T14:30:44,84.602005,-34.143387,nan
2024-06-13T14:30:44,84.602020,-34.143475,nan
2024-06-13T14:30:43,84.602028,-34.143562,nan
2024-06-13T14:30:43,84.602043,-34.143654,nan
2024-06-13T14:30:42,84.602051,-34.143745,nan
2024-06-13T14:30:42,84.602066,-34.143837,nan
2024-06-13T14:30:41,84.602074,-34.143925,nan
2024-06-13T14:30:41,84.602089,-34.144016,nan
2024-06-13T14:30:40,84.602097,-34.144112,nan
2024-06-13T14:30:40,84.602104,-34.144203,nan
2024-06-13T14:30:39,84.602119,-34.144295,nan
2024-06-13T14:30:39,84.602127,-34.144390,nan
2024-06-13T14:30:38,84.602142,-34.144482,nan
2024-06-13T14:30:38,84.602150,-34.144581,nan
2024-06-13T14:30:37,84.602165,-34.144680,nan
2024-06-13T14:30:37,84.602173,-34.144775,nan
2024-06-13T14:30:36,84.602180,-34.144875,nan
2024-06-13T14:30:36,84.602196,-34.144974,nan
2024-06-13T14:30:35,84.602203,-34.145069,nan
2024-06-13T14:30:35,84.602211,-34.145172,nan
2024-06-13T14:30:34,84.602226,-34.145271,nan
2024-06-13T14:30:34,84.602234,-34.145374,nan
2024-06-13T14:30:33,84.602242,-34.145473,nan
2024-06-13T14:30:33,84.602257,-34.145573,nan
2024-06-13T14:30:32,84.602264,-34.145679,nan
2024-06-13T14:30:32,84.602272,-34.145782,nan
2024-06-13T14:30:31,84.602280,-34.145885,nan
2024-06-13T14:30:31,84.602287,-34.145992,nan
2024-06-13T14:30:30,84.602303,-34.146099,nan
2024-06-13T14:30:30,84.602310,-34.146206,nan
2024-06-13T14:30:29,84.602318,-34.146317,nan
2024-06-13T14:30:29,84.602325,-34.146423,nan
2024-06-13T14:30:28,84.602333,-34.146534,nan
2024-06-13T14:30:28,84.602348,-34.146641,nan
2024-06-13T14:30:27,84.602356,-34.146748,nan
2024-06-13T14:30:27,84.602364,-34.146851,nan
2024-06-13T14:30:26,84.602371,-34.146957,nan
2024-06-13T14:30:26,84.602379,-34.147064,nan
2024-06-13T14:30:25,84.602386,-34.147175,nan
2024-06-13T14:30:25,84.602394,-34.147282,nan
2024-06-13T14:30:24,84.602402,-34.147388,nan
2024-06-13T14:30:24,84.602402,-34.147495,nan
2024-06-13T14:30:23,84.602409,-34.147602,nan
2024-06-13T14:30:23,84.602417,-34.147713,nan
2024-06-13T14:30:22,84.602425,-34.147823,nan
2024-06-13T14:30:22,84.602432,-34.147934,nan
2024-06-13T14:30:21,84.602432,-34.148048,nan
2024-06-13T14:30:21,84.602440,-34.148163,nan
2024-06-13T14:30:20,84.602448,-34.148285,nan
2024-06-13T14:30:20,84.602455,-34.148403,nan
2024-06-13T14:30:19,84.602463,-34.148525,nan
2024-06-13T14:30:19,84.602463,-34.148651,nan
2024-06-13T14:30:18,84.602470,-34.148773,nan
2024-06-13T14:30:18,84.602478,-34.148895,nan
2024-06-13T14:30:17,84.602486,-34.149017,nan
2024-06-13T14:30:17,84.602486,-34.149139,nan
2024-06-13T14:30:16,84.602493,-34.149261,nan
2024-06-13T14:30:16,84.602501,-34.149391,nan
2024-06-13T14:30:15,84.602501,-34.149517,nan
2024-06-13T14:30:15,84.602509,-34.149647,nan
2024-06-13T14:30:14,84.602516,-34.149776,nan
2024-06-13T14:30:14,84.602516,-34.149906,nan
2024-06-13T14:30:13,84.602524,-34.150040,nan
2024-06-13T14:30:13,84.602524,-34.150173,nan
2024-06-13T14:30:12,84.602531,-34.150311,nan
2024-06-13T14:30:12,84.602531,-34.150448,nan
2024-06-13T14:30:11,84.602539,-34.150585,nan
2024-06-13T14:30:11,84.602539,-34.150723,nan
2024-06-13T14:30:10,84.602547,-34.150864,nan
2024-06-13T14:30:10,84.602547,-34.151005,nan
2024-06-13T14:30:09,84.602547,-34.151146,nan
2024-06-13T14:30:09,84.602554,-34.151287,nan
2024-06-13T14:30:08,84.602554,-34.151428,nan
2024-06-13T14:30:08,84.602562,-34.151573,nan
2024-06-13T14:30:07,84.602562,-34.151714,nan
2024-06-13T14:30:07,84.602562,-34.151855,nan
2024-06-13T14:30:06,84.602570,-34.151997,nan
2024-06-13T14:30:06,84.602570,-34.152138,nan
2024-06-13T14:30:05,84.602577,-34.152279,nan
2024-06-13T14:30:05,84.602577,-34.152416,nan
2024-06-13T14:30:04,84.602585,-34.152557,nan
2024-06-13T14:30:04,84.602585,-34.152691,nan
2024-06-13T14:30:03,84.602592,-34.152817,nan
2024-06-13T14:30:03,84.602592,-34.152943,nan
2024-06-13T14:30:02,84.602600,-34.153057,nan
2024-06-13T14:30:02,84.602608,-34.153175,nan
2024-06-13T14:30:01,84.602608,-34.153290,nan
2024-06-13T14:30:01,84.602615,-34.153400,nan
2024-06-13T14:30:00,84.602615,-34.153519,nan
2024-06-13T14:30:00,84.602623,-34.153629,nan
2024-06-13T14:29:59,84.602631,-34.153740,nan
2024-06-13T14:29:59,84.602631,-34.153851,nan
2024-06-13T14:29:58,84.602638,-34.153957,nan
2024-06-13T14:29:58,84.602646,-34.154060,nan
2024-06-13T14:29:57,84.602646,-34.154163,nan
2024-06-13T14:29:57,84.602654,-34.154266,nan
2024-06-13T14:29:56,84.602661,-34.154362,nan
2024-06-13T14:29:56,84.602669,-34.154465,nan
2024-06-13T14:29:55,84.602669,-34.154560,nan
2024-06-13T14:29:55,84.602676,-34.154659,nan
2024-06-13T14:29:54,84.602684,-34.154755,nan
2024-06-13T14:29:54,84.602684,-34.154846,nan
2024-06-13T14:29:53,84.602692,-34.154942,nan
2024-06-13T14:29:53,84.602699,-34.155033,nan
2024-06-13T14:29:52,84.602707,-34.155121,nan
2024-06-13T14:29:52,84.602715,-34.155205,nan
2024-06-13T14:29:51,84.602715,-34.155285,nan
2024-06-13T14:29:51,84.602722,-34.155357,nan
2024-06-13T14:29:50,84.602730,-34.155434,nan
2024-06-13T14:29:50,84.602737,-34.155502,nan
2024-06-13T14:29:49,84.602745,-34.155567,nan
2024-06-13T14:29:49,84.602745,-34.155632,nan
2024-06-13T14:29:48,84.602753,-34.155697,nan
2024-06-13T14:29:48,84.602760,-34.155766,nan
2024-06-13T14:29:47,84.602760,-34.155830,nan
2024-06-13T14:29:47,84.602768,-34.155895,nan
2024-06-13T14:29:46,84.602776,-34.155972,nan
2024-06-13T14:29:46,84.602776,-34.156048,nan
2024-06-13T14:29:45,84.602783,-34.156124,nan
2024-06-13T14:29:45,84.602783,-34.156208,nan
2024-06-13T14:29:44,84.602791,-34.156288,nan
2024-06-13T14:29:44,84.602791,-34.156380,nan
2024-06-13T14:29:43,84.602798,-34.156471,nan
2024-06-13T14:29:43,84.602798,-34.156567,nan
2024-06-13T14:29:42,84.602806,-34.156666,nan
2024-06-13T14:29:42,84.602814,-34.156757,nan
2024-06-13T14:29:41,84.602814,-34.156857,nan
2024-06-13T14:29:41,84.602821,-34.156956,nan
2024-06-13T14:29:40,84.602821,-34.157055,nan
2024-06-13T14:29:40,84.602829,-34.157162,nan
2024-06-13T14:29:39,84.602837,-34.157269,nan
2024-06-13T14:29:39,84.602837,-34.157379,nan
2024-06-13T14:29:38,84.602844,-34.157494,nan
2024-06-13T14:29:38,84.602844,-34.157608,nan
2024-06-13T14:29:37,84.602852,-34.157730,nan
2024-06-13T14:29:37,84.602859,-34.157856,nan
2024-06-13T14:29:36,84.602859,-34.157986,nan
2024-06-13T14:29:36,84.602867,-34.158119,nan
2024-06-13T14:29:35,84.602875,-34.158249,nan
2024-06-13T14:29:35,84.602875,-34.158386,nan
2024-06-13T14:29:34,84.602882,-34.158524,nan
2024-06-13T14:29:34,84.602890,-34.158661,nan
2024-06-13T14:29:33,84.602890,-34.158806,nan
2024-06-13T14:29:33,84.602898,-34.158951,nan
2024-06-13T14:29:32,84.602905,-34.159100,nan
2024-06-13T14:29:32,84.602913,-34.159248,nan
2024-06-13T14:29:31,84.602913,-34.159397,nan
2024-06-13T14:29:31,84.602921,-34.159550,nan
2024-06-13T14:29:30,84.602928,-34.159702,nan
2024-06-13T14:29:30,84.602936,-34.159851,nan
2024-06-13T14:29:29,84.602943,-34.160004,nan
2024-06-13T14:29:29,84.602943,-34.160152,nan
2024-06-13T14:29:28,84.602959,-34.160297,nan
2024-06-13T14:29:28,84.602959,-34.160442,nan
2024-06-13T14:29:27,84.602966,-34.160583,nan
2024-06-13T14:29:27,84.602974,-34.160721,nan
2024-06-13T14:29:26,84.602982,-34.160854,nan
2024-06-13T14:29:26,84.602989,-34.160980,nan
2024-06-13T14:29:25,84.603004,-34.161110,nan
2024-06-13T14:29:25,84.603004,-34.161228,nan
2024-06-13T14:29:24,84.603020,-34.161346,nan
2024-06-13T14:29:24,84.603020,-34.161465,nan
2024-06-13T14:29:23,84.603027,-34.161579,nan
2024-06-13T14:29:23,84.603035,-34.161690,nan
2024-06-13T14:29:22,84.603043,-34.161800,nan
2024-06-13T14:29:22,84.603050,-34.161907,nan
2024-06-13T14:29:21,84.603058,-34.162010,nan
2024-06-13T14:29:21,84.603065,-34.162113,nan
2024-06-13T14:29:20,84.603065,-34.162209,nan
2024-06-13T14:29:20,84.603073,-34.162308,nan
2024-06-13T14:29:19,84.603081,-34.162399,nan
2024-06-13T14:29:19,84.603081,-34.162495,nan
2024-06-13T14:29:18,84.603088,-34.162590,nan
2024-06-13T14:29:18,84.603088,-34.162689,nan
2024-06-13T14:29:17,84.603096,-34.162792,nan
2024-06-13T14:29:17,84.603104,-34.162899,nan
2024-06-13T14:29:16,84.603104,-34.163010,nan
2024-06-13T14:29:16,84.603111,-34.163124,nan
2024-06-13T14:29:15,84.603111,-34.163242,nan
2024-06-13T14:29:15,84.603111,-34.163368,nan
2024-06-13T14:29:14,84.603119,-34.163502,nan
2024-06-13T14:29:14,84.603119,-34.163635,nan
2024-06-13T14:29:13,84.603127,-34.163784,nan
2024-06-13T14:29:13,84.603127,-34.163940,nan
2024-06-13T14:29:12,84.603134,-34.164104,nan
2024-06-13T14:29:12,84.603134,-34.164280,nan
2024-06-13T14:29:11,84.603142,-34.164459,nan
2024-06-13T14:29:11,84.603142,-34.164650,nan
2024-06-13T14:29:10,84.603149,-34.164848,nan
2024-06-13T14:29:10,84.603149,-34.165054,nan
2024-06-13T14:29:09,84.603157,-34.165268,nan
2024-06-13T14:29:09,84.603165,-34.165493,nan
2024-06-13T14:29:08,84.603165,-34.165733,nan
2024-06-13T14:29:08,84.603172,-34.165985,nan
2024-06-13T14:29:07,84.603172,-34.166248,nan
2024-06-13T14:29:07,84.603180,-34.166519,nan
2024-06-13T14:29:06,84.603180,-34.166798,nan
2024-06-13T14:29:06,84.603188,-34.167084,nan
2024-06-13T14:29:05,84.603188,-34.167377,nan
2024-06-13T14:29:05,84.603195,-34.167679,nan
2024-06-13T14:29:04,84.603203,-34.167984,nan
2024-06-13T14:29:04,84.603203,-34.168293,nan
2024-06-13T14:29:03,84.603210,-34.168602,nan
2024-06-13T14:29:03,84.603218,-34.168915,nan
2024-06-13T14:29:02,84.603226,-34.169228,nan
2024-06-13T14:29:02,84.603233,-34.169548,nan
2024-06-13T14:29:01,84.603241,-34.169872,nan
2024-06-13T14:29:01,84.603249,-34.170197,nan
2024-06-13T14:29:00,84.603264,-34.170525,nan
2024-06-13T14:29:00,84.603271,-34.170856,nan
2024-06-13T14:28:59,84.603279,-34.171188,nan
2024-06-13T14:28:59,84.603294,-34.171524,nan
2024-06-13T14:28:58,84.603302,-34.171860,nan
2024-06-13T14:28:58,84.603317,-34.172195,nan
2024-06-13T14:28:57,84.603333,-34.172527,nan
2024-06-13T14:28:57,84.603340,-34.172859,nan
2024-06-13T14:28:56,84.603355,-34.173187,nan
2024-06-13T14:28:56,84.603371,-34.173512,nan
2024-06-13T14:28:55,84.603386,-34.173840,nan
2024-06-13T14:28:55,84.603401,-34.174164,nan
2024-06-13T14:28:54,84.603416,-34.174488,nan
2024-06-13T14:28:54,84.603432,-34.174812,nan
2024-06-13T14:28:53,84.603447,-34.175133,nan
2024-06-13T14:28:53,84.603462,-34.175453,nan
2024-06-13T14:28:52,84.603477,-34.175774,nan
2024-06-13T14:28:52,84.603493,-34.176098,nan
2024-06-13T14:28:51,84.603508,-34.176418,nan
2024-06-13T14:28:51,84.603523,-34.176739,nan
2024-06-13T14:28:50,84.603539,-34.177059,nan
2024-06-13T14:28:50,84.603561,-34.177376,nan
2024-06-13T14:28:49,84.603577,-34.177692,nan
2024-06-13T14:28:49,84.603592,-34.178013,nan
2024-06-13T14:28:48,84.603607,-34.178326,nan
2024-06-13T14:28:48,84.603622,-34.178642,nan
2024-06-13T14:28:47,84.603645,-34.178959,nan
2024-06-13T14:28:47,84.603661,-34.179276,nan
2024-06-13T14:28:46,84.603676,-34.179592,nan
2024-06-13T14:28:46,84.603699,-34.179909,nan
2024-06-13T14:28:45,84.603722,-34.180225,nan
2024-06-13T14:28:45,84.603737,-34.180538,nan
2024-06-13T14:28:44,84.603760,-34.180855,nan
2024-06-13T14:28:44,84.603775,-34.181168,nan
2024-06-13T14:28:43,84.603798,-34.181480,nan
2024-06-13T14:28:43,84.603821,-34.181793,nan
2024-06-13T14:28:42,84.603836,-34.182114,nan
2024-06-13T14:28:42,84.603851,-34.182438,nan
2024-06-13T14:28:41,84.603874,-34.182774,nan
2024-06-13T14:28:41,84.603889,-34.183109,nan
2024-06-13T14:28:40,84.603905,-34.183453,nan
2024-06-13T14:28:40,84.603928,-34.183800,nan
2024-06-13T14:28:39,84.603943,-34.184151,nan
2024-06-13T14:28:39,84.603958,-34.184502,nan
2024-06-13T14:28:38,84.603973,-34.184860,nan
2024-06-13T14:28:38,84.603989,-34.185226,nan
2024-06-13T14:28:37,84.604004,-34.185593,nan
2024-06-13T14:28:37,84.604019,-34.185966,nan
2024-06-13T14:28:36,84.604034,-34.186340,nan
2024-06-13T14:28:36,84.604050,-34.186714,nan
2024-06-13T14:28:35,84.604073,-34.187092,nan
2024-06-13T14:28:35,84.604088,-34.187466,nan
2024-06-13T14:28:34,84.604103,-34.187840,nan
2024-06-13T14:28:34,84.604126,-34.188210,nan
2024-06-13T14:28:33,84.604141,-34.188580,nan
2024-06-13T14:28:33,84.604164,-34.188950,nan
2024-06-13T14:28:32,84.604179,-34.189312,nan
2024-06-13T14:28:32,84.604195,-34.189678,nan
2024-06-13T14:28:31,84.604218,-34.190041,nan
2024-06-13T14:28:31,84.604233,-34.190403,nan
2024-06-13T14:28:30,84.604256,-34.190765,nan
2024-06-13T14:28:30,84.604271,-34.191132,nan
2024-06-13T14:28:29,84.604286,-34.191498,nan
2024-06-13T14:28:29,84.604301,-34.191860,nan
2024-06-13T14:28:28,84.604317,-34.192223,nan
2024-06-13T14:28:28,84.604340,-34.192585,nan
2024-06-13T14:28:27,84.604355,-34.192944,nan
2024-06-13T14:28:27,84.604370,-34.193295,nan
2024-06-13T14:28:26,84.604385,-34.193645,nan
2024-06-13T14:28:26,84.604401,-34.194004,nan
2024-06-13T14:28:25,84.604416,-34.194363,nan
2024-06-13T14:28:25,84.604431,-34.194729,nan
2024-06-13T14:28:24,84.604446,-34.195099,nan
2024-06-13T14:28:24,84.604469,-34.195477,nan
2024-06-13T14:28:23,84.604485,-34.195858,nan
2024-06-13T14:28:23,84.604500,-34.196239,nan
2024-06-13T14:28:22,84.604523,-34.196625,nan
2024-06-13T14:28:22,84.604546,-34.197018,nan
2024-06-13T14:28:21,84.604561,-34.197411,nan
2024-06-13T14:28:21,84.604584,-34.197811,nan
2024-06-13T14:28:20,84.604599,-34.198212,nan
2024-06-13T14:28:20,84.604614,-34.198616,nan
2024-06-13T14:28:19,84.604637,-34.199024,nan
2024-06-13T14:28:19,84.604652,-34.199429,nan
2024-06-13T14:28:18,84.604668,-34.199837,nan
2024-06-13T14:28:18,84.604691,-34.200249,nan
2024-06-13T14:28:17,84.604706,-34.200661,nan
2024-06-13T14:28:16,84.604744,-34.201496,nan
2024-06-13T14:28:14,84.604805,-34.203201,nan
2024-06-13T14:28:13,84.604836,-34.204052,nan
2024-06-13T14:28:13,84.604851,-34.204472,nan
2024-06-13T14:28:12,84.604866,-34.204891,nan
2024-06-13T14:28:12,84.604881,-34.205307,nan
2024-06-13T14:28:11,84.604897,-34.205723,nan
2024-06-13T14:28:11,84.604912,-34.206131,nan
2024-06-13T14:28:10,84.604927,-34.206535,nan
2024-06-13T14:28:10,84.604942,-34.206940,nan
2024-06-13T14:28:09,84.604980,-34.207745,nan
2024-06-13T14:28:08,84.605011,-34.208523,nan
2024-06-13T14:28:07,84.605034,-34.208900,nan
2024-06-13T14:28:07,84.605049,-34.209270,nan
2024-06-13T14:28:06,84.605072,-34.209625,nan
2024-06-13T14:28:06,84.605095,-34.209965,nan
2024-06-13T14:28:05,84.605118,-34.210293,nan
2024-06-13T14:28:05,84.605141,-34.210625,nan
2024-06-13T14:28:04,84.605156,-34.210945,nan
2024-06-13T14:28:04,84.605179,-34.211269,nan
2024-06-13T14:28:03,84.605202,-34.211586,nan
2024-06-13T14:28:03,84.605225,-34.211899,nan
2024-06-13T14:28:02,84.605240,-34.212208,nan
2024-06-13T14:28:02,84.605263,-34.212513,nan
2024-06-13T14:28:01,84.605286,-34.212814,nan
2024-06-13T14:28:01,84.605309,-34.213108,nan
2024-06-13T14:28:00,84.605324,-34.213406,nan
2024-06-13T14:28:00,84.605347,-34.213699,nan
2024-06-13T14:27:59,84.605370,-34.213997,nan
2024-06-13T14:27:59,84.605392,-34.214298,nan
2024-06-13T14:27:58,84.605415,-34.214600,nan
2024-06-13T14:27:58,84.605431,-34.214912,nan
2024-06-13T14:27:57,84.605453,-34.215221,nan
2024-06-13T14:27:57,84.605476,-34.215530,nan
2024-06-13T14:27:56,84.605492,-34.215847,nan
2024-06-13T14:27:56,84.605515,-34.216164,nan
2024-06-13T14:27:55,84.605537,-34.216488,nan
2024-06-13T14:27:55,84.605553,-34.216816,nan
2024-06-13T14:27:54,84.605568,-34.217148,nan
2024-06-13T14:27:54,84.605591,-34.217480,nan
2024-06-13T14:27:53,84.605606,-34.217815,nan
2024-06-13T14:27:53,84.605629,-34.218147,nan
2024-06-13T14:27:52,84.605644,-34.218487,nan
2024-06-13T14:27:52,84.605667,-34.218822,nan
2024-06-13T14:27:51,84.605682,-34.219166,nan
2024-06-13T14:27:51,84.605705,-34.219505,nan
2024-06-13T14:27:50,84.605728,-34.219849,nan
2024-06-13T14:27:50,84.605743,-34.220196,nan
2024-06-13T14:27:49,84.605766,-34.220535,nan
2024-06-13T14:27:49,84.605789,-34.220879,nan
2024-06-13T14:27:48,84.605804,-34.221210,nan
2024-06-13T14:27:48,84.605827,-34.221539,nan
2024-06-13T14:27:47,84.605843,-34.221863,nan
2024-06-13T14:27:47,84.605858,-34.222179,nan
2024-06-13T14:27:46,84.605881,-34.222492,nan
2024-06-13T14:27:46,84.605896,-34.222801,nan
2024-06-13T14:27:45,84.605911,-34.223110,nan
2024-06-13T14:27:45,84.605927,-34.223415,nan
2024-06-13T14:27:44,84.605942,-34.223717,nan
2024-06-13T14:27:44,84.605949,-34.224014,nan
2024-06-13T14:27:43,84.605965,-34.224308,nan
2024-06-13T14:27:43,84.605980,-34.224598,nan
2024-06-13T14:27:42,84.605988,-34.224888,nan
2024-06-13T14:27:42,84.606003,-34.225174,nan
2024-06-13T14:27:41,84.606010,-34.225464,nan
2024-06-13T14:27:41,84.606026,-34.225754,nan
2024-06-13T14:27:40,84.606033,-34.226044,nan
2024-06-13T14:27:40,84.606041,-34.226345,nan
2024-06-13T14:27:39,84.606049,-34.226658,nan
2024-06-13T14:27:39,84.606056,-34.226974,nan
2024-06-13T14:27:38,84.606064,-34.227306,nan
2024-06-13T14:27:38,84.606071,-34.227642,nan
2024-06-13T14:27:37,84.606079,-34.227978,nan
2024-06-13T14:27:37,84.606087,-34.228310,nan
2024-06-13T14:27:36,84.606094,-34.228634,nan
2024-06-13T14:27:36,84.606110,-34.228958,nan
2024-06-13T14:27:35,84.606117,-34.229267,nan
2024-06-13T14:27:35,84.606125,-34.229572,nan
2024-06-13T14:27:34,84.606140,-34.229862,nan
2024-06-13T14:27:34,84.606148,-34.230148,nan
2024-06-13T14:27:33,84.606155,-34.230427,nan
2024-06-13T14:27:33,84.606171,-34.230705,nan
2024-06-13T14:27:32,84.606178,-34.230984,nan
2024-06-13T14:27:32,84.606186,-34.231274,nan
2024-06-13T14:27:31,84.606201,-34.231567,nan
2024-06-13T14:27:31,84.606209,-34.231861,nan
2024-06-13T14:27:30,84.606216,-34.232162,nan
2024-06-13T14:27:30,84.606232,-34.232464,nan
2024-06-13T14:27:29,84.606239,-34.232765,nan
2024-06-13T14:27:29,84.606247,-34.233074,nan
2024-06-13T14:27:28,84.606262,-34.233383,nan
2024-06-13T14:27:28,84.606270,-34.233688,nan
2024-06-13T14:27:27,84.606285,-34.233994,nan
2024-06-13T14:27:27,84.606293,-34.234291,nan
2024-06-13T14:27:26,84.606308,-34.234589,nan
2024-06-13T14:27:26,84.606323,-34.234879,nan
2024-06-13T14:27:25,84.606331,-34.235165,nan
2024-06-13T14:27:25,84.606346,-34.235447,nan
2024-06-13T14:27:24,84.606361,-34.235718,nan
2024-06-13T14:27:24,84.606377,-34.235996,nan
2024-06-13T14:27:23,84.606392,-34.236267,nan
2024-06-13T14:27:23,84.606407,-34.236542,nan
2024-06-13T14:27:22,84.606422,-34.236809,nan
2024-06-13T14:27:22,84.606438,-34.237083,nan
2024-06-13T14:27:21,84.606453,-34.237350,nan
2024-06-13T14:27:21,84.606468,-34.237625,nan
2024-06-13T14:27:20,84.606476,-34.237900,nan
2024-06-13T14:27:20,84.606491,-34.238182,nan
2024-06-13T14:27:19,84.606499,-34.238464,nan
2024-06-13T14:27:19,84.606514,-34.238758,nan
2024-06-13T14:27:18,84.606522,-34.239056,nan
2024-06-13T14:27:18,84.606529,-34.239361,nan
2024-06-13T14:27:17,84.606537,-34.239666,nan
2024-06-13T14:27:17,84.606544,-34.239979,nan
2024-06-13T14:27:16,84.606560,-34.240284,nan
2024-06-13T14:27:16,84.606567,-34.240593,nan
2024-06-13T14:27:15,84.606575,-34.240898,nan
2024-06-13T14:27:15,84.606583,-34.241199,nan
2024-06-13T14:27:14,84.606590,-34.241493,nan
2024-06-13T14:27:14,84.606598,-34.241779,nan
2024-06-13T14:27:13,84.606606,-34.242065,nan
2024-06-13T14:27:13,84.606621,-34.242348,nan
2024-06-13T14:27:12,84.606621,-34.242622,nan
2024-06-13T14:27:12,84.606628,-34.242901,nan
2024-06-13T14:27:11,84.606636,-34.243179,nan
2024-06-13T14:27:11,84.606644,-34.243458,nan
2024-06-13T14:27:10,84.606651,-34.243732,nan
2024-06-13T14:27:10,84.606651,-34.244011,nan
2024-06-13T14:27:09,84.606659,-34.244289,nan
2024-06-13T14:27:09,84.606667,-34.244572,nan
2024-06-13T14:27:08,84.606667,-34.244843,nan
2024-06-13T14:27:08,84.606674,-34.245125,nan
2024-06-13T14:27:07,84.606674,-34.245392,nan
2024-06-13T14:27:07,84.606682,-34.245667,nan
2024-06-13T14:27:06,84.606689,-34.245945,nan
2024-06-13T14:27:06,84.606689,-34.246220,nan
2024-06-13T14:27:05,84.606697,-34.246487,nan
2024-06-13T14:27:05,84.606705,-34.246750,nan
2024-06-13T14:27:04,84.606712,-34.247002,nan
2024-06-13T14:27:04,84.606712,-34.247242,nan
2024-06-13T14:27:03,84.606728,-34.247482,nan
2024-06-13T14:27:03,84.606735,-34.247719,nan
2024-06-13T14:27:02,84.606743,-34.247948,nan
2024-06-13T14:27:02,84.606750,-34.248169,nan
2024-06-13T14:27:01,84.606758,-34.248379,nan
2024-06-13T14:27:01,84.606773,-34.248581,nan
2024-06-13T14:27:00,84.606781,-34.248775,nan
2024-06-13T14:27:00,84.606796,-34.248970,nan
2024-06-13T14:26:59,84.606804,-34.249161,nan
2024-06-13T14:26:59,84.606819,-34.249348,nan
2024-06-13T14:26:58,84.606834,-34.249535,nan
2024-06-13T14:26:58,84.606850,-34.249714,nan
2024-06-13T14:26:57,84.606865,-34.249893,nan
2024-06-13T14:26:57,84.606880,-34.250065,nan
2024-06-13T14:26:56,84.606903,-34.250244,nan
2024-06-13T14:26:56,84.606918,-34.250423,nan
2024-06-13T14:26:55,84.606934,-34.250610,nan
2024-06-13T14:26:55,84.606956,-34.250797,nan
2024-06-13T14:26:54,84.606972,-34.250996,nan
2024-06-13T14:26:54,84.606987,-34.251190,nan
2024-06-13T14:26:53,84.607002,-34.251389,nan
2024-06-13T14:26:53,84.607018,-34.251583,nan
2024-06-13T14:26:52,84.607040,-34.251781,nan
2024-06-13T14:26:52,84.607056,-34.251980,nan
2024-06-13T14:26:51,84.607071,-34.252178,nan
2024-06-13T14:26:51,84.607094,-34.252380,nan
2024-06-13T14:26:50,84.607109,-34.252571,nan
2024-06-13T14:26:50,84.607124,-34.252762,nan
2024-06-13T14:26:49,84.607140,-34.252937,nan
2024-06-13T14:26:49,84.607155,-34.253105,nan
2024-06-13T14:26:48,84.607178,-34.253265,nan
2024-06-13T14:26:48,84.607193,-34.253422,nan
2024-06-13T14:26:47,84.607208,-34.253571,nan
2024-06-13T14:26:47,84.607224,-34.253719,nan
2024-06-13T14:26:46,84.607239,-34.253872,nan
2024-06-13T14:26:46,84.607254,-34.254025,nan
2024-06-13T14:26:45,84.607269,-34.254154,nan
2024-06-13T14:26:45,84.607285,-34.254295,nan
2024-06-13T14:26:44,84.607300,-34.254414,nan
2024-06-13T14:26:44,84.607315,-34.254543,nan
2024-06-13T14:26:43,84.607330,-34.254650,nan
2024-06-13T14:26:43,84.607346,-34.254776,nan
2024-06-13T14:26:42,84.607361,-34.254887,nan
2024-06-13T14:26:42,84.607376,-34.255016,nan
2024-06-13T14:26:41,84.607384,-34.255131,nan
2024-06-13T14:26:41,84.607399,-34.255257,nan
2024-06-13T14:26:40,84.607414,-34.255383,nan
2024-06-13T14:26:40,84.607430,-34.255512,nan
2024-06-13T14:26:39,84.607437,-34.255653,nan
2024-06-13T14:26:39,84.607452,-34.255783,nan
2024-06-13T14:26:38,84.607468,-34.255939,nan
2024-06-13T14:26:38,84.607483,-34.256062,nan
2024-06-13T14:26:37,84.607498,-34.256222,nan
2024-06-13T14:26:37,84.607506,-34.256367,nan
2024-06-13T14:26:36,84.607521,-34.256508,nan
2024-06-13T14:26:36,84.607536,-34.256615,nan
2024-06-13T14:26:35,84.607544,-34.256805,nan
2024-06-13T14:26:35,84.607559,-34.256947,nan
2024-06-13T14:26:34,84.607574,-34.257118,nan
2024-06-13T14:26:34,84.607590,-34.257305,nan
2024-06-13T14:26:33,84.607597,-34.257401,nan
2024-06-13T14:26:33,84.607628,-34.257698,nan
2024-06-13T14:26:32,84.607689,-34.258743,nan
2024-06-13T14:26:32,84.607788,-34.260227,nan
2024-06-13T14:26:31,84.607918,-34.261803,nan
2024-06-13T14:26:31,84.608009,-34.262894,nan
2024-06-13T14:26:30,84.608017,-34.263203,nan
2024-06-13T14:26:30,84.608025,-34.262974,nan
2024-06-13T14:26:29,84.608002,-34.262424,nan
2024-06-13T14:26:29,84.607941,-34.261520,nan
2024-06-13T14:26:28,84.607841,-34.260048,nan
2024-06-13T14:26:28,84.607681,-34.257885,nan
2024-06-13T14:26:27,84.607437,-34.254810,nan
2024-06-13T14:26:27,84.607033,-34.249695,nan
2024-06-13T14:26:26,84.606537,-34.243256,nan
