datetime,lat,lon,elev
2024-08-15T15:45:10,82.555794,-57.852409,nan
2024-08-15T15:45:10,82.555809,-57.852360,nan
2024-08-15T15:45:09,82.555817,-57.852287,nan
2024-08-15T15:45:09,82.555824,-57.852200,nan
2024-08-15T15:45:08,82.555832,-57.852097,nan
2024-08-15T15:45:08,82.555847,-57.851982,nan
2024-08-15T15:45:07,82.555855,-57.851856,nan
2024-08-15T15:45:07,82.555870,-57.851719,nan
2024-08-15T15:45:06,82.555885,-57.851578,nan
2024-08-15T15:45:06,82.555893,-57.851433,nan
2024-08-15T15:45:05,82.555908,-57.851288,nan
2024-08-15T15:45:05,82.555923,-57.851147,nan
2024-08-15T15:45:04,82.555939,-57.851006,nan
2024-08-15T15:45:04,82.555954,-57.850864,nan
2024-08-15T15:45:03,82.555969,-57.850731,nan
2024-08-15T15:45:03,82.555984,-57.850597,nan
2024-08-15T15:45:02,82.556000,-57.850464,nan
2024-08-15T15:45:02,82.556015,-57.850330,nan
2024-08-15T15:45:01,82.556030,-57.850204,nan
2024-08-15T15:45:01,82.556046,-57.850075,nan
2024-08-15T15:45:00,82.556053,-57.849945,nan
2024-08-15T15:45:00,82.556068,-57.849819,nan
2024-08-15T15:44:59,82.556084,-57.849689,nan
2024-08-15T15:44:59,82.556099,-57.849560,nan
2024-08-15T15:44:58,82.556107,-57.849426,nan
2024-08-15T15:44:58,82.556122,-57.849297,nan
2024-08-15T15:44:57,82.556137,-57.849163,nan
2024-08-15T15:44:57,82.556145,-57.849026,nan
2024-08-15T15:44:56,82.556160,-57.848885,nan
2024-08-15T15:44:56,82.556175,-57.848736,nan
2024-08-15T15:44:55,82.556183,-57.848591,nan
2024-08-15T15:44:55,82.556198,-57.848434,nan
2024-08-15T15:44:54,82.556213,-57.848278,nan
2024-08-15T15:44:54,82.556221,-57.848122,nan
2024-08-15T15:44:53,82.556236,-57.847961,nan
2024-08-15T15:44:52,82.556259,-57.847637,nan
2024-08-15T15:44:52,82.556267,-57.847473,nan
2024-08-15T15:44:51,82.556282,-57.847309,nan
2024-08-15T15:44:51,82.556290,-57.847149,nan
2024-08-15T15:44:50,82.556305,-57.846981,nan
2024-08-15T15:44:50,82.556313,-57.846821,nan
2024-08-15T15:44:49,82.556320,-57.846661,nan
2024-08-15T15:44:49,82.556335,-57.846500,nan
2024-08-15T15:44:48,82.556343,-57.846348,nan
2024-08-15T15:44:48,82.556351,-57.846191,nan
2024-08-15T15:44:47,82.556358,-57.846043,nan
2024-08-15T15:44:47,82.556374,-57.845894,nan
2024-08-15T15:44:46,82.556381,-57.845749,nan
2024-08-15T15:44:46,82.556389,-57.845608,nan
2024-08-15T15:44:45,82.556396,-57.845470,nan
2024-08-15T15:44:45,82.556412,-57.845337,nan
2024-08-15T15:44:44,82.556419,-57.845196,nan
2024-08-15T15:44:44,82.556435,-57.845058,nan
2024-08-15T15:44:43,82.556442,-57.844917,nan
2024-08-15T15:44:43,82.556458,-57.844776,nan
2024-08-15T15:44:42,82.556465,-57.844631,nan
2024-08-15T15:44:42,82.556480,-57.844486,nan
2024-08-15T15:44:41,82.556496,-57.844341,nan
2024-08-15T15:44:41,82.556503,-57.844193,nan
2024-08-15T15:44:40,82.556519,-57.844044,nan
2024-08-15T15:44:40,82.556534,-57.843891,nan
2024-08-15T15:44:39,82.556549,-57.843739,nan
2024-08-15T15:44:39,82.556564,-57.843582,nan
2024-08-15T15:44:38,82.556580,-57.843430,nan
2024-08-15T15:44:38,82.556587,-57.843269,nan
2024-08-15T15:44:37,82.556602,-57.843117,nan
2024-08-15T15:44:37,82.556618,-57.842957,nan
2024-08-15T15:44:36,82.556633,-57.842800,nan
2024-08-15T15:44:36,82.556648,-57.842648,nan
2024-08-15T15:44:35,82.556656,-57.842491,nan
2024-08-15T15:44:35,82.556671,-57.842339,nan
2024-08-15T15:44:34,82.556686,-57.842182,nan
2024-08-15T15:44:34,82.556694,-57.842033,nan
2024-08-15T15:44:33,82.556709,-57.841881,nan
2024-08-15T15:44:33,82.556717,-57.841728,nan
2024-08-15T15:44:32,82.556725,-57.841579,nan
2024-08-15T15:44:32,82.556740,-57.841431,nan
2024-08-15T15:44:31,82.556747,-57.841282,nan
2024-08-15T15:44:31,82.556755,-57.841133,nan
2024-08-15T15:44:30,82.556763,-57.840988,nan
2024-08-15T15:44:30,82.556778,-57.840843,nan
2024-08-15T15:44:29,82.556786,-57.840702,nan
2024-08-15T15:44:29,82.556793,-57.840557,nan
2024-08-15T15:44:28,82.556801,-57.840412,nan
2024-08-15T15:44:28,82.556808,-57.840275,nan
2024-08-15T15:44:27,82.556816,-57.840134,nan
2024-08-15T15:44:27,82.556824,-57.839993,nan
2024-08-15T15:44:26,82.556824,-57.839848,nan
2024-08-15T15:44:26,82.556831,-57.839703,nan
2024-08-15T15:44:25,82.556831,-57.839554,nan
2024-08-15T15:44:25,82.556831,-57.839405,nan
2024-08-15T15:44:24,82.556839,-57.839256,nan
2024-08-15T15:44:24,82.556839,-57.839104,nan
2024-08-15T15:44:23,82.556839,-57.838947,nan
2024-08-15T15:44:23,82.556831,-57.838795,nan
2024-08-15T15:44:22,82.556831,-57.838642,nan
2024-08-15T15:44:22,82.556831,-57.838490,nan
2024-08-15T15:44:21,82.556824,-57.838333,nan
2024-08-15T15:44:21,82.556824,-57.838184,nan
2024-08-15T15:44:20,82.556816,-57.838036,nan
2024-08-15T15:44:19,82.556808,-57.837746,nan
2024-08-15T15:44:19,82.556801,-57.837605,nan
2024-08-15T15:44:18,82.556801,-57.837460,nan
2024-08-15T15:44:18,82.556793,-57.837315,nan
2024-08-15T15:44:17,82.556793,-57.837173,nan
2024-08-15T15:44:17,82.556786,-57.837036,nan
2024-08-15T15:44:16,82.556786,-57.836899,nan
2024-08-15T15:44:16,82.556778,-57.836758,nan
2024-08-15T15:44:15,82.556770,-57.836617,nan
2024-08-15T15:44:15,82.556770,-57.836475,nan
2024-08-15T15:44:14,82.556770,-57.836334,nan
2024-08-15T15:44:14,82.556763,-57.836197,nan
2024-08-15T15:44:13,82.556763,-57.836056,nan
2024-08-15T15:44:13,82.556763,-57.835918,nan
2024-08-15T15:44:12,82.556763,-57.835785,nan
2024-08-15T15:44:12,82.556763,-57.835651,nan
2024-08-15T15:44:11,82.556763,-57.835522,nan
2024-08-15T15:44:11,82.556763,-57.835392,nan
2024-08-15T15:44:10,82.556763,-57.835258,nan
2024-08-15T15:44:10,82.556763,-57.835125,nan
2024-08-15T15:44:09,82.556763,-57.834995,nan
2024-08-15T15:44:09,82.556763,-57.834862,nan
2024-08-15T15:44:08,82.556770,-57.834724,nan
2024-08-15T15:44:08,82.556770,-57.834591,nan
2024-08-15T15:44:07,82.556770,-57.834454,nan
2024-08-15T15:44:07,82.556778,-57.834316,nan
2024-08-15T15:44:06,82.556778,-57.834179,nan
2024-08-15T15:44:06,82.556786,-57.834042,nan
2024-08-15T15:44:05,82.556786,-57.833897,nan
2024-08-15T15:44:05,82.556786,-57.833755,nan
2024-08-15T15:44:04,82.556793,-57.833611,nan
2024-08-15T15:44:04,82.556793,-57.833466,nan
2024-08-15T15:44:03,82.556793,-57.833317,nan
2024-08-15T15:44:03,82.556793,-57.833172,nan
2024-08-15T15:44:02,82.556793,-57.833023,nan
2024-08-15T15:44:02,82.556793,-57.832878,nan
2024-08-15T15:44:01,82.556793,-57.832741,nan
2024-08-15T15:44:01,82.556786,-57.832603,nan
2024-08-15T15:44:00,82.556786,-57.832474,nan
2024-08-15T15:44:00,82.556786,-57.832352,nan
2024-08-15T15:43:59,82.556786,-57.832230,nan
2024-08-15T15:43:59,82.556793,-57.832111,nan
2024-08-15T15:43:58,82.556793,-57.831997,nan
2024-08-15T15:43:58,82.556793,-57.831879,nan
2024-08-15T15:43:57,82.556801,-57.831764,nan
2024-08-15T15:43:57,82.556801,-57.831642,nan
2024-08-15T15:43:56,82.556808,-57.831520,nan
2024-08-15T15:43:56,82.556816,-57.831398,nan
2024-08-15T15:43:55,82.556824,-57.831272,nan
2024-08-15T15:43:55,82.556831,-57.831150,nan
2024-08-15T15:43:54,82.556831,-57.831028,nan
2024-08-15T15:43:54,82.556847,-57.830906,nan
2024-08-15T15:43:53,82.556854,-57.830784,nan
2024-08-15T15:43:53,82.556862,-57.830666,nan
2024-08-15T15:43:52,82.556870,-57.830547,nan
2024-08-15T15:43:52,82.556877,-57.830437,nan
2024-08-15T15:43:51,82.556892,-57.830322,nan
2024-08-15T15:43:51,82.556900,-57.830208,nan
2024-08-15T15:43:50,82.556915,-57.830090,nan
2024-08-15T15:43:50,82.556931,-57.829971,nan
2024-08-15T15:43:49,82.556946,-57.829849,nan
2024-08-15T15:43:49,82.556953,-57.829727,nan
2024-08-15T15:43:48,82.556969,-57.829601,nan
2024-08-15T15:43:48,82.556984,-57.829472,nan
2024-08-15T15:43:47,82.556999,-57.829342,nan
2024-08-15T15:43:47,82.557014,-57.829212,nan
2024-08-15T15:43:46,82.557030,-57.829086,nan
2024-08-15T15:43:46,82.557045,-57.828953,nan
2024-08-15T15:43:45,82.557060,-57.828823,nan
2024-08-15T15:43:45,82.557068,-57.828693,nan
2024-08-15T15:43:44,82.557083,-57.828564,nan
2024-08-15T15:43:44,82.557098,-57.828434,nan
2024-08-15T15:43:43,82.557114,-57.828304,nan
2024-08-15T15:43:43,82.557129,-57.828175,nan
2024-08-15T15:43:42,82.557144,-57.828049,nan
2024-08-15T15:43:42,82.557152,-57.827919,nan
2024-08-15T15:43:41,82.557167,-57.827793,nan
2024-08-15T15:43:41,82.557182,-57.827667,nan
2024-08-15T15:43:40,82.557198,-57.827541,nan
2024-08-15T15:43:40,82.557205,-57.827415,nan
2024-08-15T15:43:39,82.557220,-57.827290,nan
2024-08-15T15:43:39,82.557236,-57.827168,nan
2024-08-15T15:43:38,82.557251,-57.827042,nan
2024-08-15T15:43:38,82.557259,-57.826916,nan
2024-08-15T15:43:37,82.557274,-57.826797,nan
2024-08-15T15:43:37,82.557281,-57.826683,nan
2024-08-15T15:43:36,82.557297,-57.826576,nan
2024-08-15T15:43:36,82.557304,-57.826477,nan
2024-08-15T15:43:35,82.557312,-57.826382,nan
2024-08-15T15:43:35,82.557327,-57.826290,nan
2024-08-15T15:43:34,82.557335,-57.826206,nan
2024-08-15T15:43:34,82.557343,-57.826122,nan
2024-08-15T15:43:33,82.557350,-57.826046,nan
2024-08-15T15:43:33,82.557358,-57.825970,nan
2024-08-15T15:43:32,82.557373,-57.825897,nan
2024-08-15T15:43:32,82.557381,-57.825832,nan
2024-08-15T15:43:31,82.557388,-57.825764,nan
2024-08-15T15:43:31,82.557396,-57.825699,nan
2024-08-15T15:43:30,82.557404,-57.825630,nan
2024-08-15T15:43:30,82.557411,-57.825562,nan
2024-08-15T15:43:29,82.557419,-57.825493,nan
2024-08-15T15:43:29,82.557426,-57.825424,nan
2024-08-15T15:43:28,82.557434,-57.825352,nan
2024-08-15T15:43:28,82.557434,-57.825279,nan
2024-08-15T15:43:27,82.557442,-57.825211,nan
2024-08-15T15:43:27,82.557449,-57.825142,nan
2024-08-15T15:43:26,82.557449,-57.825077,nan
2024-08-15T15:43:26,82.557457,-57.825012,nan
2024-08-15T15:43:25,82.557465,-57.824951,nan
2024-08-15T15:43:25,82.557465,-57.824898,nan
2024-08-15T15:43:24,82.557472,-57.824848,nan
2024-08-15T15:43:24,82.557480,-57.824799,nan
2024-08-15T15:43:23,82.557480,-57.824753,nan
2024-08-15T15:43:23,82.557487,-57.824715,nan
2024-08-15T15:43:22,82.557487,-57.824677,nan
2024-08-15T15:43:22,82.557495,-57.824642,nan
2024-08-15T15:43:21,82.557495,-57.824612,nan
2024-08-15T15:43:21,82.557503,-57.824581,nan
2024-08-15T15:43:20,82.557503,-57.824554,nan
2024-08-15T15:43:20,82.557510,-57.824532,nan
2024-08-15T15:43:19,82.557510,-57.824512,nan
2024-08-15T15:43:19,82.557518,-57.824490,nan
2024-08-15T15:43:18,82.557526,-57.824471,nan
2024-08-15T15:43:18,82.557526,-57.824444,nan
2024-08-15T15:43:17,82.557533,-57.824413,nan
2024-08-15T15:43:17,82.557533,-57.824383,nan
2024-08-15T15:43:16,82.557541,-57.824352,nan
2024-08-15T15:43:16,82.557549,-57.824314,nan
2024-08-15T15:43:15,82.557549,-57.824280,nan
2024-08-15T15:43:15,82.557556,-57.824242,nan
2024-08-15T15:43:14,82.557556,-57.824203,nan
2024-08-15T15:43:14,82.557564,-57.824158,nan
2024-08-15T15:43:13,82.557564,-57.824112,nan
2024-08-15T15:43:13,82.557571,-57.824062,nan
2024-08-15T15:43:12,82.557571,-57.824013,nan
2024-08-15T15:43:12,82.557571,-57.823963,nan
2024-08-15T15:43:11,82.557579,-57.823910,nan
2024-08-15T15:43:11,82.557579,-57.823849,nan
2024-08-15T15:43:10,82.557579,-57.823788,nan
2024-08-15T15:43:10,82.557579,-57.823719,nan
2024-08-15T15:43:09,82.557587,-57.823654,nan
2024-08-15T15:43:09,82.557587,-57.823586,nan
2024-08-15T15:43:08,82.557587,-57.823509,nan
2024-08-15T15:43:08,82.557587,-57.823441,nan
2024-08-15T15:43:07,82.557594,-57.823368,nan
2024-08-15T15:43:07,82.557594,-57.823299,nan
2024-08-15T15:43:06,82.557594,-57.823231,nan
2024-08-15T15:43:06,82.557594,-57.823162,nan
2024-08-15T15:43:05,82.557602,-57.823093,nan
2024-08-15T15:43:05,82.557602,-57.823025,nan
2024-08-15T15:43:04,82.557602,-57.822960,nan
2024-08-15T15:43:04,82.557610,-57.822895,nan
2024-08-15T15:43:03,82.557610,-57.822830,nan
2024-08-15T15:43:03,82.557610,-57.822765,nan
2024-08-15T15:43:02,82.557617,-57.822704,nan
2024-08-15T15:43:02,82.557617,-57.822643,nan
2024-08-15T15:43:01,82.557617,-57.822582,nan
2024-08-15T15:43:01,82.557617,-57.822517,nan
2024-08-15T15:43:00,82.557625,-57.822456,nan
2024-08-15T15:43:00,82.557625,-57.822392,nan
2024-08-15T15:42:59,82.557625,-57.822334,nan
2024-08-15T15:42:59,82.557625,-57.822277,nan
2024-08-15T15:42:58,82.557632,-57.822220,nan
2024-08-15T15:42:58,82.557632,-57.822163,nan
2024-08-15T15:42:57,82.557632,-57.822102,nan
2024-08-15T15:42:57,82.557632,-57.822044,nan
2024-08-15T15:42:56,82.557632,-57.821987,nan
2024-08-15T15:42:56,82.557640,-57.821934,nan
2024-08-15T15:42:55,82.557640,-57.821884,nan
2024-08-15T15:42:55,82.557640,-57.821842,nan
2024-08-15T15:42:54,82.557648,-57.821796,nan
2024-08-15T15:42:54,82.557648,-57.821754,nan
2024-08-15T15:42:53,82.557648,-57.821712,nan
2024-08-15T15:42:53,82.557655,-57.821674,nan
2024-08-15T15:42:52,82.557655,-57.821632,nan
2024-08-15T15:42:52,82.557663,-57.821590,nan
2024-08-15T15:42:51,82.557671,-57.821552,nan
2024-08-15T15:42:51,82.557671,-57.821510,nan
2024-08-15T15:42:50,82.557678,-57.821472,nan
2024-08-15T15:42:50,82.557686,-57.821430,nan
2024-08-15T15:42:49,82.557693,-57.821396,nan
2024-08-15T15:42:49,82.557701,-57.821354,nan
2024-08-15T15:42:48,82.557709,-57.821312,nan
2024-08-15T15:42:48,82.557716,-57.821270,nan
2024-08-15T15:42:47,82.557732,-57.821220,nan
2024-08-15T15:42:47,82.557739,-57.821175,nan
2024-08-15T15:42:46,82.557755,-57.821129,nan
2024-08-15T15:42:46,82.557762,-57.821075,nan
2024-08-15T15:42:45,82.557777,-57.821030,nan
2024-08-15T15:42:45,82.557785,-57.820980,nan
2024-08-15T15:42:44,82.557800,-57.820930,nan
2024-08-15T15:42:44,82.557816,-57.820881,nan
2024-08-15T15:42:43,82.557823,-57.820831,nan
2024-08-15T15:42:43,82.557838,-57.820782,nan
2024-08-15T15:42:42,82.557854,-57.820728,nan
2024-08-15T15:42:42,82.557861,-57.820675,nan
2024-08-15T15:42:41,82.557877,-57.820618,nan
2024-08-15T15:42:41,82.557884,-57.820557,nan
2024-08-15T15:42:40,82.557892,-57.820499,nan
2024-08-15T15:42:40,82.557907,-57.820435,nan
2024-08-15T15:42:39,82.557915,-57.820374,nan
2024-08-15T15:42:39,82.557922,-57.820309,nan
2024-08-15T15:42:38,82.557930,-57.820244,nan
2024-08-15T15:42:38,82.557938,-57.820179,nan
2024-08-15T15:42:37,82.557945,-57.820114,nan
2024-08-15T15:42:37,82.557945,-57.820045,nan
2024-08-15T15:42:36,82.557953,-57.819981,nan
2024-08-15T15:42:36,82.557961,-57.819912,nan
2024-08-15T15:42:35,82.557961,-57.819847,nan
2024-08-15T15:42:35,82.557961,-57.819782,nan
2024-08-15T15:42:34,82.557968,-57.819717,nan
2024-08-15T15:42:34,82.557968,-57.819649,nan
2024-08-15T15:42:33,82.557968,-57.819584,nan
2024-08-15T15:42:33,82.557968,-57.819519,nan
2024-08-15T15:42:32,82.557976,-57.819450,nan
2024-08-15T15:42:32,82.557976,-57.819386,nan
2024-08-15T15:42:31,82.557976,-57.819321,nan
2024-08-15T15:42:31,82.557976,-57.819252,nan
2024-08-15T15:42:30,82.557976,-57.819187,nan
2024-08-15T15:42:30,82.557976,-57.819118,nan
2024-08-15T15:42:29,82.557976,-57.819054,nan
2024-08-15T15:42:29,82.557983,-57.818981,nan
2024-08-15T15:42:28,82.557983,-57.818913,nan
2024-08-15T15:42:28,82.557983,-57.818836,nan
2024-08-15T15:42:27,82.557983,-57.818764,nan
2024-08-15T15:42:27,82.557991,-57.818691,nan
2024-08-15T15:42:26,82.557991,-57.818619,nan
2024-08-15T15:42:26,82.557991,-57.818546,nan
2024-08-15T15:42:25,82.557999,-57.818478,nan
2024-08-15T15:42:25,82.557999,-57.818405,nan
2024-08-15T15:42:24,82.557999,-57.818336,nan
2024-08-15T15:42:24,82.558006,-57.818260,nan
2024-08-15T15:42:23,82.558006,-57.818192,nan
2024-08-15T15:42:23,82.558014,-57.818119,nan
2024-08-15T15:42:22,82.558022,-57.818047,nan
2024-08-15T15:42:22,82.558029,-57.817970,nan
2024-08-15T15:42:21,82.558029,-57.817902,nan
2024-08-15T15:42:21,82.558037,-57.817829,nan
2024-08-15T15:42:20,82.558044,-57.817760,nan
2024-08-15T15:42:20,82.558052,-57.817696,nan
2024-08-15T15:42:19,82.558060,-57.817631,nan
2024-08-15T15:42:19,82.558060,-57.817570,nan
2024-08-15T15:42:18,82.558067,-57.817509,nan
2024-08-15T15:42:18,82.558075,-57.817451,nan
2024-08-15T15:42:17,82.558083,-57.817398,nan
2024-08-15T15:42:17,82.558090,-57.817352,nan
2024-08-15T15:42:16,82.558090,-57.817307,nan
2024-08-15T15:42:16,82.558098,-57.817268,nan
2024-08-15T15:42:15,82.558105,-57.817234,nan
2024-08-15T15:42:15,82.558113,-57.817200,nan
2024-08-15T15:42:14,82.558113,-57.817165,nan
2024-08-15T15:42:14,82.558121,-57.817135,nan
2024-08-15T15:42:13,82.558128,-57.817104,nan
2024-08-15T15:42:13,82.558128,-57.817074,nan
2024-08-15T15:42:12,82.558136,-57.817047,nan
2024-08-15T15:42:12,82.558144,-57.817017,nan
2024-08-15T15:42:11,82.558151,-57.816994,nan
2024-08-15T15:42:11,82.558151,-57.816967,nan
2024-08-15T15:42:10,82.558159,-57.816940,nan
2024-08-15T15:42:10,82.558167,-57.816917,nan
2024-08-15T15:42:09,82.558174,-57.816895,nan
2024-08-15T15:42:09,82.558182,-57.816875,nan
2024-08-15T15:42:08,82.558189,-57.816856,nan
2024-08-15T15:42:08,82.558197,-57.816837,nan
2024-08-15T15:42:07,82.558205,-57.816822,nan
2024-08-15T15:42:07,82.558212,-57.816811,nan
2024-08-15T15:42:06,82.558212,-57.816795,nan
2024-08-15T15:42:06,82.558220,-57.816788,nan
2024-08-15T15:42:05,82.558228,-57.816776,nan
2024-08-15T15:42:05,82.558235,-57.816772,nan
2024-08-15T15:42:04,82.558243,-57.816769,nan
2024-08-15T15:42:04,82.558250,-57.816769,nan
2024-08-15T15:42:03,82.558258,-57.816772,nan
2024-08-15T15:42:03,82.558266,-57.816776,nan
2024-08-15T15:42:02,82.558273,-57.816784,nan
2024-08-15T15:42:02,82.558281,-57.816792,nan
2024-08-15T15:42:01,82.558289,-57.816795,nan
2024-08-15T15:42:01,82.558296,-57.816807,nan
2024-08-15T15:42:00,82.558304,-57.816811,nan
2024-08-15T15:42:00,82.558311,-57.816818,nan
2024-08-15T15:41:59,82.558319,-57.816826,nan
2024-08-15T15:41:59,82.558327,-57.816833,nan
2024-08-15T15:41:58,82.558334,-57.816841,nan
2024-08-15T15:41:58,82.558342,-57.816849,nan
2024-08-15T15:41:57,82.558350,-57.816853,nan
2024-08-15T15:41:57,82.558357,-57.816864,nan
2024-08-15T15:41:56,82.558365,-57.816872,nan
2024-08-15T15:41:56,82.558372,-57.816879,nan
2024-08-15T15:41:55,82.558380,-57.816891,nan
2024-08-15T15:41:55,82.558388,-57.816902,nan
2024-08-15T15:41:54,82.558395,-57.816917,nan
2024-08-15T15:41:54,82.558403,-57.816940,nan
2024-08-15T15:41:53,82.558411,-57.816963,nan
2024-08-15T15:41:53,82.558418,-57.816990,nan
2024-08-15T15:41:52,82.558426,-57.817020,nan
2024-08-15T15:41:52,82.558434,-57.817051,nan
2024-08-15T15:41:51,82.558434,-57.817085,nan
2024-08-15T15:41:51,82.558441,-57.817123,nan
2024-08-15T15:41:50,82.558441,-57.817162,nan
2024-08-15T15:41:50,82.558441,-57.817211,nan
2024-08-15T15:41:49,82.558449,-57.817261,nan
2024-08-15T15:41:49,82.558449,-57.817314,nan
2024-08-15T15:41:48,82.558449,-57.817364,nan
2024-08-15T15:41:48,82.558441,-57.817417,nan
2024-08-15T15:41:47,82.558441,-57.817471,nan
2024-08-15T15:41:47,82.558441,-57.817524,nan
2024-08-15T15:41:46,82.558434,-57.817581,nan
2024-08-15T15:41:46,82.558434,-57.817638,nan
2024-08-15T15:41:45,82.558434,-57.817696,nan
2024-08-15T15:41:45,82.558426,-57.817753,nan
2024-08-15T15:41:44,82.558418,-57.817810,nan
2024-08-15T15:41:44,82.558411,-57.817867,nan
2024-08-15T15:41:43,82.558403,-57.817932,nan
2024-08-15T15:41:43,82.558395,-57.817997,nan
2024-08-15T15:41:42,82.558388,-57.818073,nan
2024-08-15T15:41:42,82.558372,-57.818146,nan
2024-08-15T15:41:41,82.558365,-57.818222,nan
2024-08-15T15:41:41,82.558350,-57.818302,nan
2024-08-15T15:41:40,82.558342,-57.818386,nan
2024-08-15T15:41:40,82.558327,-57.818474,nan
2024-08-15T15:41:39,82.558319,-57.818565,nan
2024-08-15T15:41:39,82.558304,-57.818653,nan
2024-08-15T15:41:38,82.558296,-57.818741,nan
2024-08-15T15:41:38,82.558289,-57.818829,nan
2024-08-15T15:41:37,82.558273,-57.818916,nan
2024-08-15T15:41:37,82.558266,-57.819004,nan
2024-08-15T15:41:36,82.558250,-57.819092,nan
2024-08-15T15:41:36,82.558243,-57.819183,nan
2024-08-15T15:41:35,82.558228,-57.819271,nan
2024-08-15T15:41:35,82.558220,-57.819351,nan
2024-08-15T15:41:34,82.558205,-57.819424,nan
2024-08-15T15:41:34,82.558197,-57.819496,nan
2024-08-15T15:41:33,82.558182,-57.819565,nan
2024-08-15T15:41:33,82.558174,-57.819633,nan
2024-08-15T15:41:32,82.558159,-57.819710,nan
2024-08-15T15:41:32,82.558151,-57.819790,nan
2024-08-15T15:41:31,82.558144,-57.819862,nan
2024-08-15T15:41:31,82.558128,-57.819935,nan
2024-08-15T15:41:30,82.558121,-57.820011,nan
2024-08-15T15:41:30,82.558105,-57.820091,nan
2024-08-15T15:41:29,82.558098,-57.820175,nan
2024-08-15T15:41:29,82.558083,-57.820255,nan
2024-08-15T15:41:28,82.558075,-57.820332,nan
2024-08-15T15:41:28,82.558060,-57.820400,nan
2024-08-15T15:41:27,82.558044,-57.820465,nan
2024-08-15T15:41:27,82.558037,-57.820522,nan
2024-08-15T15:41:26,82.558022,-57.820576,nan
2024-08-15T15:41:26,82.558014,-57.820629,nan
2024-08-15T15:41:25,82.557999,-57.820679,nan
2024-08-15T15:41:25,82.557983,-57.820732,nan
2024-08-15T15:41:24,82.557976,-57.820786,nan
2024-08-15T15:41:24,82.557961,-57.820835,nan
2024-08-15T15:41:23,82.557945,-57.820885,nan
2024-08-15T15:41:23,82.557938,-57.820938,nan
2024-08-15T15:41:22,82.557922,-57.820988,nan
2024-08-15T15:41:22,82.557907,-57.821041,nan
2024-08-15T15:41:21,82.557892,-57.821091,nan
2024-08-15T15:41:21,82.557884,-57.821140,nan
2024-08-15T15:41:20,82.557869,-57.821190,nan
2024-08-15T15:41:20,82.557854,-57.821239,nan
2024-08-15T15:41:19,82.557838,-57.821285,nan
2024-08-15T15:41:19,82.557823,-57.821339,nan
2024-08-15T15:41:18,82.557808,-57.821388,nan
2024-08-15T15:41:17,82.557777,-57.821499,nan
2024-08-15T15:41:17,82.557762,-57.821548,nan
2024-08-15T15:41:16,82.557747,-57.821598,nan
2024-08-15T15:41:16,82.557732,-57.821651,nan
2024-08-15T15:41:15,82.557716,-57.821697,nan
2024-08-15T15:41:15,82.557701,-57.821747,nan
2024-08-15T15:41:14,82.557686,-57.821793,nan
2024-08-15T15:41:14,82.557671,-57.821838,nan
2024-08-15T15:41:13,82.557648,-57.821888,nan
2024-08-15T15:41:13,82.557632,-57.821934,nan
2024-08-15T15:41:12,82.557610,-57.821976,nan
2024-08-15T15:41:12,82.557587,-57.822014,nan
2024-08-15T15:41:11,82.557564,-57.822048,nan
2024-08-15T15:41:11,82.557541,-57.822083,nan
2024-08-15T15:41:10,82.557510,-57.822109,nan
2024-08-15T15:41:10,82.557480,-57.822128,nan
2024-08-15T15:41:09,82.557449,-57.822140,nan
2024-08-15T15:41:09,82.557419,-57.822147,nan
2024-08-15T15:41:08,82.557388,-57.822147,nan
2024-08-15T15:41:08,82.557358,-57.822147,nan
2024-08-15T15:41:07,82.557327,-57.822147,nan
2024-08-15T15:41:07,82.557297,-57.822144,nan
2024-08-15T15:41:06,82.557266,-57.822144,nan
2024-08-15T15:41:06,82.557243,-57.822140,nan
2024-08-15T15:41:05,82.557213,-57.822132,nan
2024-08-15T15:41:05,82.557190,-57.822124,nan
2024-08-15T15:41:04,82.557167,-57.822117,nan
2024-08-15T15:41:04,82.557144,-57.822109,nan
2024-08-15T15:41:03,82.557121,-57.822102,nan
2024-08-15T15:41:03,82.557098,-57.822090,nan
2024-08-15T15:41:02,82.557068,-57.822086,nan
2024-08-15T15:41:02,82.557045,-57.822083,nan
2024-08-15T15:41:01,82.557022,-57.822083,nan
2024-08-15T15:41:01,82.556999,-57.822079,nan
2024-08-15T15:41:00,82.556976,-57.822083,nan
2024-08-15T15:41:00,82.556953,-57.822090,nan
2024-08-15T15:40:59,82.556931,-57.822098,nan
2024-08-15T15:40:59,82.556908,-57.822109,nan
2024-08-15T15:40:58,82.556885,-57.822121,nan
2024-08-15T15:40:58,82.556870,-57.822136,nan
2024-08-15T15:40:57,82.556847,-57.822151,nan
2024-08-15T15:40:57,82.556824,-57.822163,nan
2024-08-15T15:40:56,82.556808,-57.822178,nan
2024-08-15T15:40:56,82.556786,-57.822189,nan
2024-08-15T15:40:55,82.556770,-57.822197,nan
2024-08-15T15:40:55,82.556755,-57.822205,nan
2024-08-15T15:40:54,82.556740,-57.822208,nan
2024-08-15T15:40:54,82.556717,-57.822212,nan
2024-08-15T15:40:53,82.556702,-57.822212,nan
2024-08-15T15:40:53,82.556686,-57.822212,nan
2024-08-15T15:40:52,82.556671,-57.822212,nan
2024-08-15T15:40:52,82.556656,-57.822208,nan
2024-08-15T15:40:51,82.556641,-57.822208,nan
2024-08-15T15:40:51,82.556625,-57.822212,nan
2024-08-15T15:40:50,82.556618,-57.822212,nan
2024-08-15T15:40:50,82.556602,-57.822216,nan
2024-08-15T15:40:49,82.556587,-57.822216,nan
2024-08-15T15:40:49,82.556572,-57.822216,nan
2024-08-15T15:40:48,82.556564,-57.822216,nan
2024-08-15T15:40:47,82.556534,-57.822216,nan
2024-08-15T15:40:47,82.556526,-57.822212,nan
2024-08-15T15:40:46,82.556511,-57.822208,nan
2024-08-15T15:40:46,82.556503,-57.822205,nan
2024-08-15T15:40:45,82.556488,-57.822201,nan
2024-08-15T15:40:45,82.556473,-57.822193,nan
2024-08-15T15:40:44,82.556465,-57.822186,nan
2024-08-15T15:40:44,82.556450,-57.822182,nan
2024-08-15T15:40:43,82.556435,-57.822178,nan
2024-08-15T15:40:43,82.556419,-57.822170,nan
2024-08-15T15:40:42,82.556412,-57.822166,nan
2024-08-15T15:40:42,82.556396,-57.822163,nan
2024-08-15T15:40:41,82.556389,-57.822166,nan
2024-08-15T15:40:41,82.556374,-57.822170,nan
2024-08-15T15:40:40,82.556366,-57.822174,nan
2024-08-15T15:40:40,82.556351,-57.822182,nan
2024-08-15T15:40:39,82.556343,-57.822189,nan
2024-08-15T15:40:39,82.556328,-57.822197,nan
2024-08-15T15:40:38,82.556320,-57.822208,nan
2024-08-15T15:40:38,82.556305,-57.822216,nan
2024-08-15T15:40:37,82.556297,-57.822227,nan
2024-08-15T15:40:37,82.556282,-57.822235,nan
2024-08-15T15:40:36,82.556274,-57.822254,nan
2024-08-15T15:40:36,82.556267,-57.822273,nan
2024-08-15T15:40:35,82.556252,-57.822292,nan
2024-08-15T15:40:35,82.556244,-57.822315,nan
2024-08-15T15:40:34,82.556229,-57.822338,nan
2024-08-15T15:40:34,82.556221,-57.822365,nan
2024-08-15T15:40:33,82.556206,-57.822388,nan
2024-08-15T15:40:33,82.556198,-57.822414,nan
2024-08-15T15:40:32,82.556183,-57.822441,nan
2024-08-15T15:40:32,82.556168,-57.822468,nan
2024-08-15T15:40:31,82.556160,-57.822495,nan
2024-08-15T15:40:31,82.556145,-57.822521,nan
2024-08-15T15:40:30,82.556129,-57.822544,nan
2024-08-15T15:40:30,82.556114,-57.822571,nan
2024-08-15T15:40:29,82.556107,-57.822594,nan
2024-08-15T15:40:29,82.556091,-57.822617,nan
2024-08-15T15:40:28,82.556076,-57.822639,nan
2024-08-15T15:40:28,82.556061,-57.822659,nan
2024-08-15T15:40:27,82.556046,-57.822678,nan
2024-08-15T15:40:27,82.556030,-57.822697,nan
2024-08-15T15:40:26,82.556015,-57.822716,nan
2024-08-15T15:40:26,82.555992,-57.822735,nan
2024-08-15T15:40:25,82.555977,-57.822758,nan
2024-08-15T15:40:25,82.555954,-57.822781,nan
2024-08-15T15:40:24,82.555939,-57.822807,nan
2024-08-15T15:40:24,82.555916,-57.822838,nan
2024-08-15T15:40:23,82.555893,-57.822865,nan
2024-08-15T15:40:23,82.555878,-57.822895,nan
2024-08-15T15:40:22,82.555855,-57.822929,nan
2024-08-15T15:40:22,82.555832,-57.822964,nan
2024-08-15T15:40:21,82.555809,-57.822994,nan
2024-08-15T15:40:21,82.555786,-57.823032,nan
2024-08-15T15:40:20,82.555763,-57.823071,nan
2024-08-15T15:40:20,82.555740,-57.823112,nan
2024-08-15T15:40:19,82.555710,-57.823154,nan
2024-08-15T15:40:19,82.555687,-57.823204,nan
2024-08-15T15:40:18,82.555656,-57.823254,nan
2024-08-15T15:40:18,82.555626,-57.823311,nan
2024-08-15T15:40:17,82.555595,-57.823364,nan
2024-08-15T15:40:17,82.555573,-57.823421,nan
2024-08-15T15:40:16,82.555534,-57.823479,nan
2024-08-15T15:40:16,82.555504,-57.823532,nan
2024-08-15T15:40:15,82.555473,-57.823582,nan
2024-08-15T15:40:15,82.555443,-57.823631,nan
2024-08-15T15:40:14,82.555412,-57.823673,nan
2024-08-15T15:40:14,82.555382,-57.823711,nan
2024-08-15T15:40:13,82.555344,-57.823746,nan
2024-08-15T15:40:13,82.555313,-57.823780,nan
2024-08-15T15:40:12,82.555283,-57.823807,nan
2024-08-15T15:40:12,82.555252,-57.823837,nan
2024-08-15T15:40:11,82.555214,-57.823860,nan
2024-08-15T15:40:11,82.555183,-57.823879,nan
2024-08-15T15:40:10,82.555153,-57.823898,nan
2024-08-15T15:40:10,82.555122,-57.823914,nan
2024-08-15T15:40:09,82.555084,-57.823925,nan
2024-08-15T15:40:09,82.555054,-57.823940,nan
2024-08-15T15:40:08,82.555023,-57.823952,nan
2024-08-15T15:40:08,82.554993,-57.823959,nan
2024-08-15T15:40:07,82.554962,-57.823963,nan
2024-08-15T15:40:07,82.554932,-57.823971,nan
2024-08-15T15:40:06,82.554901,-57.823975,nan
2024-08-15T15:40:06,82.554871,-57.823978,nan
2024-08-15T15:40:05,82.554848,-57.823986,nan
2024-08-15T15:40:05,82.554817,-57.823994,nan
2024-08-15T15:40:04,82.554787,-57.824001,nan
2024-08-15T15:40:04,82.554756,-57.824013,nan
2024-08-15T15:40:03,82.554733,-57.824028,nan
2024-08-15T15:40:03,82.554703,-57.824039,nan
2024-08-15T15:40:02,82.554672,-57.824055,nan
2024-08-15T15:40:02,82.554649,-57.824066,nan
2024-08-15T15:40:01,82.554619,-57.824078,nan
2024-08-15T15:40:01,82.554588,-57.824085,nan
2024-08-15T15:40:00,82.554565,-57.824097,nan
2024-08-15T15:40:00,82.554535,-57.824108,nan
2024-08-15T15:39:59,82.554504,-57.824120,nan
2024-08-15T15:39:59,82.554474,-57.824135,nan
2024-08-15T15:39:58,82.554443,-57.824146,nan
2024-08-15T15:39:58,82.554420,-57.824158,nan
2024-08-15T15:39:57,82.554390,-57.824165,nan
2024-08-15T15:39:57,82.554359,-57.824177,nan
2024-08-15T15:39:56,82.554337,-57.824188,nan
2024-08-15T15:39:56,82.554306,-57.824200,nan
2024-08-15T15:39:55,82.554276,-57.824211,nan
2024-08-15T15:39:55,82.554253,-57.824226,nan
2024-08-15T15:39:54,82.554222,-57.824242,nan
2024-08-15T15:39:54,82.554192,-57.824257,nan
2024-08-15T15:39:53,82.554169,-57.824276,nan
2024-08-15T15:39:53,82.554138,-57.824299,nan
2024-08-15T15:39:52,82.554108,-57.824322,nan
2024-08-15T15:39:52,82.554085,-57.824348,nan
2024-08-15T15:39:51,82.554054,-57.824375,nan
2024-08-15T15:39:51,82.554031,-57.824406,nan
2024-08-15T15:39:50,82.554001,-57.824436,nan
2024-08-15T15:39:50,82.553970,-57.824471,nan
2024-08-15T15:39:49,82.553947,-57.824501,nan
2024-08-15T15:39:49,82.553917,-57.824535,nan
2024-08-15T15:39:48,82.553894,-57.824570,nan
2024-08-15T15:39:47,82.553841,-57.824638,nan
2024-08-15T15:39:47,82.553810,-57.824677,nan
2024-08-15T15:39:46,82.553780,-57.824718,nan
2024-08-15T15:39:46,82.553757,-57.824757,nan
2024-08-15T15:39:45,82.553726,-57.824799,nan
2024-08-15T15:39:45,82.553703,-57.824837,nan
2024-08-15T15:39:44,82.553650,-57.824924,nan
2024-08-15T15:39:43,82.553619,-57.824966,nan
2024-08-15T15:39:43,82.553596,-57.825008,nan
2024-08-15T15:39:42,82.553566,-57.825050,nan
2024-08-15T15:39:42,82.553543,-57.825092,nan
2024-08-15T15:39:41,82.553513,-57.825130,nan
2024-08-15T15:39:41,82.553490,-57.825172,nan
2024-08-15T15:39:40,82.553467,-57.825218,nan
2024-08-15T15:39:40,82.553436,-57.825264,nan
2024-08-15T15:39:39,82.553413,-57.825310,nan
2024-08-15T15:39:39,82.553383,-57.825359,nan
2024-08-15T15:39:38,82.553360,-57.825409,nan
2024-08-15T15:39:38,82.553329,-57.825455,nan
2024-08-15T15:39:37,82.553307,-57.825500,nan
2024-08-15T15:39:37,82.553276,-57.825546,nan
2024-08-15T15:39:36,82.553253,-57.825588,nan
2024-08-15T15:39:36,82.553223,-57.825634,nan
2024-08-15T15:39:35,82.553200,-57.825680,nan
2024-08-15T15:39:35,82.553169,-57.825726,nan
2024-08-15T15:39:34,82.553146,-57.825775,nan
2024-08-15T15:39:34,82.553116,-57.825821,nan
2024-08-15T15:39:33,82.553093,-57.825867,nan
2024-08-15T15:39:33,82.553062,-57.825916,nan
2024-08-15T15:39:32,82.553040,-57.825958,nan
2024-08-15T15:39:32,82.553009,-57.826000,nan
2024-08-15T15:39:31,82.552979,-57.826042,nan
2024-08-15T15:39:31,82.552956,-57.826084,nan
2024-08-15T15:39:30,82.552925,-57.826122,nan
2024-08-15T15:39:30,82.552902,-57.826164,nan
2024-08-15T15:39:29,82.552872,-57.826202,nan
2024-08-15T15:39:29,82.552849,-57.826241,nan
2024-08-15T15:39:28,82.552818,-57.826279,nan
2024-08-15T15:39:28,82.552795,-57.826313,nan
2024-08-15T15:39:27,82.552773,-57.826347,nan
2024-08-15T15:39:27,82.552742,-57.826378,nan
2024-08-15T15:39:26,82.552719,-57.826405,nan
2024-08-15T15:39:26,82.552689,-57.826427,nan
2024-08-15T15:39:25,82.552666,-57.826450,nan
2024-08-15T15:39:25,82.552635,-57.826466,nan
2024-08-15T15:39:24,82.552612,-57.826481,nan
2024-08-15T15:39:24,82.552582,-57.826492,nan
2024-08-15T15:39:23,82.552559,-57.826500,nan
2024-08-15T15:39:23,82.552528,-57.826508,nan
2024-08-15T15:39:22,82.552498,-57.826515,nan
2024-08-15T15:39:22,82.552475,-57.826519,nan
2024-08-15T15:39:21,82.552444,-57.826519,nan
2024-08-15T15:39:21,82.552414,-57.826515,nan
2024-08-15T15:39:20,82.552383,-57.826515,nan
2024-08-15T15:39:20,82.552361,-57.826511,nan
2024-08-15T15:39:19,82.552330,-57.826508,nan
2024-08-15T15:39:19,82.552299,-57.826500,nan
2024-08-15T15:39:18,82.552277,-57.826492,nan
2024-08-15T15:39:18,82.552246,-57.826481,nan
2024-08-15T15:39:17,82.552216,-57.826469,nan
2024-08-15T15:39:17,82.552185,-57.826454,nan
2024-08-15T15:39:16,82.552155,-57.826443,nan
2024-08-15T15:39:16,82.552124,-57.826431,nan
2024-08-15T15:39:15,82.552094,-57.826416,nan
2024-08-15T15:39:15,82.552063,-57.826405,nan
2024-08-15T15:39:14,82.552032,-57.826393,nan
2024-08-15T15:39:14,82.552010,-57.826382,nan
2024-08-15T15:39:13,82.551971,-57.826370,nan
2024-08-15T15:39:13,82.551941,-57.826359,nan
2024-08-15T15:39:12,82.551910,-57.826344,nan
2024-08-15T15:39:12,82.551880,-57.826328,nan
2024-08-15T15:39:11,82.551849,-57.826313,nan
2024-08-15T15:39:11,82.551819,-57.826294,nan
2024-08-15T15:39:10,82.551788,-57.826275,nan
2024-08-15T15:39:10,82.551758,-57.826256,nan
2024-08-15T15:39:09,82.551720,-57.826241,nan
2024-08-15T15:39:09,82.551689,-57.826221,nan
2024-08-15T15:39:08,82.551659,-57.826202,nan
2024-08-15T15:39:08,82.551628,-57.826183,nan
2024-08-15T15:39:07,82.551598,-57.826160,nan
2024-08-15T15:39:07,82.551559,-57.826141,nan
2024-08-15T15:39:06,82.551529,-57.826115,nan
2024-08-15T15:39:06,82.551498,-57.826088,nan
2024-08-15T15:39:05,82.551468,-57.826061,nan
2024-08-15T15:39:05,82.551430,-57.826031,nan
2024-08-15T15:39:04,82.551399,-57.826000,nan
2024-08-15T15:39:04,82.551369,-57.825966,nan
2024-08-15T15:39:03,82.551338,-57.825928,nan
2024-08-15T15:39:03,82.551308,-57.825886,nan
2024-08-15T15:39:02,82.551270,-57.825840,nan
2024-08-15T15:39:02,82.551239,-57.825790,nan
2024-08-15T15:39:01,82.551208,-57.825745,nan
2024-08-15T15:39:01,82.551178,-57.825691,nan
2024-08-15T15:39:00,82.551147,-57.825634,nan
2024-08-15T15:39:00,82.551117,-57.825573,nan
2024-08-15T15:38:59,82.551079,-57.825512,nan
2024-08-15T15:38:59,82.551048,-57.825443,nan
2024-08-15T15:38:58,82.551018,-57.825367,nan
2024-08-15T15:38:58,82.550980,-57.825294,nan
2024-08-15T15:38:57,82.550949,-57.825214,nan
2024-08-15T15:38:57,82.550919,-57.825134,nan
2024-08-15T15:38:56,82.550880,-57.825054,nan
2024-08-15T15:38:56,82.550850,-57.824966,nan
2024-08-15T15:38:55,82.550812,-57.824879,nan
2024-08-15T15:38:55,82.550781,-57.824791,nan
2024-08-15T15:38:54,82.550751,-57.824699,nan
2024-08-15T15:38:54,82.550713,-57.824612,nan
2024-08-15T15:38:53,82.550682,-57.824524,nan
2024-08-15T15:38:53,82.550652,-57.824440,nan
2024-08-15T15:38:52,82.550621,-57.824356,nan
2024-08-15T15:38:52,82.550583,-57.824276,nan
2024-08-15T15:38:51,82.550552,-57.824200,nan
2024-08-15T15:38:51,82.550522,-57.824127,nan
2024-08-15T15:38:50,82.550491,-57.824055,nan
2024-08-15T15:38:50,82.550461,-57.823978,nan
2024-08-15T15:38:49,82.550423,-57.823902,nan
2024-08-15T15:38:49,82.550392,-57.823822,nan
2024-08-15T15:38:48,82.550362,-57.823738,nan
2024-08-15T15:38:48,82.550331,-57.823654,nan
2024-08-15T15:38:47,82.550293,-57.823566,nan
2024-08-15T15:38:47,82.550262,-57.823475,nan
2024-08-15T15:38:46,82.550232,-57.823387,nan
2024-08-15T15:38:46,82.550201,-57.823299,nan
2024-08-15T15:38:45,82.550163,-57.823212,nan
2024-08-15T15:38:45,82.550133,-57.823132,nan
2024-08-15T15:38:44,82.550102,-57.823051,nan
2024-08-15T15:38:44,82.550072,-57.822975,nan
2024-08-15T15:38:43,82.550041,-57.822910,nan
2024-08-15T15:38:43,82.550011,-57.822845,nan
2024-08-15T15:38:42,82.549980,-57.822784,nan
2024-08-15T15:38:42,82.549950,-57.822723,nan
2024-08-15T15:38:41,82.549919,-57.822666,nan
2024-08-15T15:38:41,82.549889,-57.822609,nan
2024-08-15T15:38:40,82.549850,-57.822556,nan
2024-08-15T15:38:40,82.549820,-57.822502,nan
2024-08-15T15:38:39,82.549789,-57.822456,nan
2024-08-15T15:38:39,82.549759,-57.822407,nan
2024-08-15T15:38:38,82.549728,-57.822369,nan
2024-08-15T15:38:38,82.549698,-57.822330,nan
2024-08-15T15:38:37,82.549667,-57.822300,nan
2024-08-15T15:38:37,82.549629,-57.822273,nan
2024-08-15T15:38:36,82.549599,-57.822250,nan
2024-08-15T15:38:36,82.549568,-57.822227,nan
2024-08-15T15:38:35,82.549538,-57.822205,nan
2024-08-15T15:38:35,82.549500,-57.822182,nan
2024-08-15T15:38:34,82.549469,-57.822163,nan
2024-08-15T15:38:34,82.549438,-57.822140,nan
2024-08-15T15:38:33,82.549400,-57.822117,nan
2024-08-15T15:38:33,82.549370,-57.822090,nan
2024-08-15T15:38:32,82.549339,-57.822063,nan
2024-08-15T15:38:32,82.549309,-57.822033,nan
2024-08-15T15:38:31,82.549271,-57.822002,nan
2024-08-15T15:38:31,82.549240,-57.821972,nan
2024-08-15T15:38:30,82.549210,-57.821938,nan
2024-08-15T15:38:30,82.549171,-57.821899,nan
2024-08-15T15:38:29,82.549141,-57.821861,nan
2024-08-15T15:38:29,82.549103,-57.821823,nan
2024-08-15T15:38:28,82.549072,-57.821785,nan
2024-08-15T15:38:28,82.549034,-57.821747,nan
2024-08-15T15:38:27,82.549004,-57.821705,nan
2024-08-15T15:38:27,82.548965,-57.821671,nan
2024-08-15T15:38:26,82.548927,-57.821632,nan
2024-08-15T15:38:26,82.548897,-57.821594,nan
2024-08-15T15:38:25,82.548859,-57.821560,nan
2024-08-15T15:38:25,82.548820,-57.821522,nan
2024-08-15T15:38:24,82.548782,-57.821484,nan
2024-08-15T15:38:24,82.548752,-57.821442,nan
2024-08-15T15:38:23,82.548714,-57.821400,nan
2024-08-15T15:38:23,82.548676,-57.821358,nan
2024-08-15T15:38:22,82.548637,-57.821312,nan
2024-08-15T15:38:22,82.548599,-57.821266,nan
2024-08-15T15:38:21,82.548561,-57.821217,nan
2024-08-15T15:38:21,82.548523,-57.821167,nan
2024-08-15T15:38:20,82.548485,-57.821110,nan
2024-08-15T15:38:20,82.548454,-57.821049,nan
2024-08-15T15:38:19,82.548416,-57.820980,nan
2024-08-15T15:38:19,82.548378,-57.820900,nan
2024-08-15T15:38:18,82.548332,-57.820812,nan
2024-08-15T15:38:18,82.548294,-57.820717,nan
2024-08-15T15:38:17,82.548256,-57.820606,nan
2024-08-15T15:38:17,82.548210,-57.820496,nan
2024-08-15T15:38:16,82.548172,-57.820374,nan
2024-08-15T15:38:16,82.548126,-57.820255,nan
2024-08-15T15:38:15,82.548080,-57.820129,nan
2024-08-15T15:38:15,82.548042,-57.820004,nan
2024-08-15T15:38:14,82.547997,-57.819870,nan
2024-08-15T15:38:14,82.547951,-57.819733,nan
2024-08-15T15:38:13,82.547913,-57.819592,nan
2024-08-15T15:38:13,82.547867,-57.819450,nan
2024-08-15T15:38:12,82.547821,-57.819305,nan
2024-08-15T15:38:12,82.547775,-57.819164,nan
2024-08-15T15:38:11,82.547722,-57.819023,nan
2024-08-15T15:38:11,82.547676,-57.818886,nan
2024-08-15T15:38:10,82.547630,-57.818745,nan
2024-08-15T15:38:10,82.547577,-57.818611,nan
2024-08-15T15:38:09,82.547523,-57.818481,nan
2024-08-15T15:38:09,82.547478,-57.818352,nan
2024-08-15T15:38:08,82.547424,-57.818230,nan
2024-08-15T15:38:08,82.547371,-57.818115,nan
2024-08-15T15:38:07,82.547318,-57.818001,nan
2024-08-15T15:38:07,82.547264,-57.817890,nan
2024-08-15T15:38:06,82.547211,-57.817780,nan
2024-08-15T15:38:06,82.547157,-57.817677,nan
2024-08-15T15:38:05,82.547104,-57.817577,nan
2024-08-15T15:38:05,82.547050,-57.817474,nan
2024-08-15T15:38:04,82.546997,-57.817379,nan
2024-08-15T15:38:04,82.546944,-57.817284,nan
2024-08-15T15:38:03,82.546883,-57.817196,nan
2024-08-15T15:38:03,82.546829,-57.817104,nan
2024-08-15T15:38:02,82.546776,-57.817020,nan
2024-08-15T15:38:02,82.546722,-57.816936,nan
2024-08-15T15:38:01,82.546661,-57.816856,nan
2024-08-15T15:38:01,82.546608,-57.816776,nan
2024-08-15T15:38:00,82.546555,-57.816696,nan
2024-08-15T15:38:00,82.546501,-57.816616,nan
2024-08-15T15:37:59,82.546440,-57.816536,nan
2024-08-15T15:37:59,82.546387,-57.816456,nan
2024-08-15T15:37:58,82.546333,-57.816380,nan
2024-08-15T15:37:58,82.546280,-57.816303,nan
2024-08-15T15:37:57,82.546227,-57.816231,nan
2024-08-15T15:37:57,82.546173,-57.816154,nan
2024-08-15T15:37:56,82.546120,-57.816086,nan
2024-08-15T15:37:56,82.546066,-57.816013,nan
2024-08-15T15:37:55,82.546013,-57.815941,nan
2024-08-15T15:37:55,82.545959,-57.815872,nan
2024-08-15T15:37:54,82.545906,-57.815800,nan
2024-08-15T15:37:54,82.545845,-57.815731,nan
2024-08-15T15:37:53,82.545792,-57.815659,nan
2024-08-15T15:37:53,82.545738,-57.815586,nan
2024-08-15T15:37:52,82.545677,-57.815514,nan
2024-08-15T15:37:52,82.545624,-57.815445,nan
2024-08-15T15:37:51,82.545563,-57.815372,nan
2024-08-15T15:37:51,82.545502,-57.815308,nan
2024-08-15T15:37:50,82.545441,-57.815239,nan
2024-08-15T15:37:50,82.545387,-57.815174,nan
2024-08-15T15:37:49,82.545326,-57.815113,nan
2024-08-15T15:37:49,82.545258,-57.815056,nan
2024-08-15T15:37:48,82.545197,-57.815002,nan
2024-08-15T15:37:48,82.545135,-57.814953,nan
2024-08-15T15:37:47,82.545074,-57.814907,nan
2024-08-15T15:37:47,82.545013,-57.814865,nan
2024-08-15T15:37:46,82.544952,-57.814823,nan
2024-08-15T15:37:46,82.544884,-57.814785,nan
2024-08-15T15:37:45,82.544823,-57.814751,nan
2024-08-15T15:37:45,82.544762,-57.814716,nan
2024-08-15T15:37:44,82.544701,-57.814686,nan
2024-08-15T15:37:44,82.544640,-57.814655,nan
2024-08-15T15:37:43,82.544579,-57.814629,nan
2024-08-15T15:37:43,82.544518,-57.814602,nan
2024-08-15T15:37:42,82.544456,-57.814575,nan
2024-08-15T15:37:42,82.544395,-57.814552,nan
2024-08-15T15:37:41,82.544327,-57.814526,nan
2024-08-15T15:37:41,82.544266,-57.814499,nan
2024-08-15T15:37:40,82.544205,-57.814472,nan
2024-08-15T15:37:40,82.544144,-57.814449,nan
2024-08-15T15:37:39,82.544083,-57.814419,nan
2024-08-15T15:37:39,82.544014,-57.814392,nan
2024-08-15T15:37:38,82.543953,-57.814365,nan
2024-08-15T15:37:38,82.543892,-57.814335,nan
2024-08-15T15:37:37,82.543831,-57.814301,nan
2024-08-15T15:37:37,82.543762,-57.814266,nan
2024-08-15T15:37:36,82.543701,-57.814228,nan
2024-08-15T15:37:36,82.543640,-57.814182,nan
2024-08-15T15:37:35,82.543571,-57.814137,nan
2024-08-15T15:37:35,82.543510,-57.814091,nan
2024-08-15T15:37:34,82.543442,-57.814037,nan
2024-08-15T15:37:34,82.543381,-57.813988,nan
2024-08-15T15:37:33,82.543312,-57.813931,nan
2024-08-15T15:37:33,82.543243,-57.813873,nan
2024-08-15T15:37:32,82.543175,-57.813820,nan
2024-08-15T15:37:32,82.543114,-57.813763,nan
2024-08-15T15:37:31,82.543037,-57.813702,nan
2024-08-15T15:37:31,82.542969,-57.813648,nan
2024-08-15T15:37:30,82.542900,-57.813591,nan
2024-08-15T15:37:30,82.542831,-57.813530,nan
2024-08-15T15:37:29,82.542763,-57.813473,nan
2024-08-15T15:37:29,82.542686,-57.813408,nan
2024-08-15T15:37:28,82.542618,-57.813343,nan
2024-08-15T15:37:28,82.542549,-57.813274,nan
2024-08-15T15:37:27,82.542473,-57.813210,nan
2024-08-15T15:37:27,82.542404,-57.813145,nan
2024-08-15T15:37:26,82.542328,-57.813080,nan
2024-08-15T15:37:26,82.542259,-57.813019,nan
2024-08-15T15:37:25,82.542183,-57.812954,nan
2024-08-15T15:37:25,82.542114,-57.812893,nan
2024-08-15T15:37:24,82.542038,-57.812832,nan
2024-08-15T15:37:24,82.541969,-57.812767,nan
2024-08-15T15:37:23,82.541901,-57.812698,nan
2024-08-15T15:37:23,82.541824,-57.812626,nan
2024-08-15T15:37:22,82.541756,-57.812546,nan
2024-08-15T15:37:22,82.541687,-57.812466,nan
2024-08-15T15:37:21,82.541611,-57.812386,nan
2024-08-15T15:37:21,82.541542,-57.812309,nan
2024-08-15T15:37:20,82.541466,-57.812229,nan
2024-08-15T15:37:20,82.541397,-57.812153,nan
2024-08-15T15:37:19,82.541321,-57.812077,nan
2024-08-15T15:37:19,82.541245,-57.812000,nan
2024-08-15T15:37:18,82.541176,-57.811924,nan
2024-08-15T15:37:18,82.541100,-57.811844,nan
2024-08-15T15:37:17,82.541023,-57.811764,nan
2024-08-15T15:37:17,82.540947,-57.811672,nan
2024-08-15T15:37:16,82.540871,-57.811581,nan
2024-08-15T15:37:16,82.540794,-57.811481,nan
2024-08-15T15:37:15,82.540726,-57.811378,nan
2024-08-15T15:37:15,82.540649,-57.811272,nan
2024-08-15T15:37:14,82.540573,-57.811161,nan
2024-08-15T15:37:14,82.540497,-57.811050,nan
2024-08-15T15:37:13,82.540428,-57.810936,nan
2024-08-15T15:37:13,82.540352,-57.810818,nan
2024-08-15T15:37:12,82.540276,-57.810696,nan
2024-08-15T15:37:12,82.540199,-57.810574,nan
2024-08-15T15:37:11,82.540131,-57.810448,nan
2024-08-15T15:37:11,82.540054,-57.810326,nan
2024-08-15T15:37:10,82.539978,-57.810200,nan
2024-08-15T15:37:10,82.539902,-57.810070,nan
2024-08-15T15:37:09,82.539825,-57.809940,nan
2024-08-15T15:37:09,82.539749,-57.809811,nan
2024-08-15T15:37:08,82.539673,-57.809677,nan
2024-08-15T15:37:08,82.539597,-57.809540,nan
2024-08-15T15:37:07,82.539520,-57.809399,nan
2024-08-15T15:37:07,82.539444,-57.809254,nan
2024-08-15T15:37:06,82.539368,-57.809113,nan
2024-08-15T15:37:06,82.539291,-57.808964,nan
2024-08-15T15:37:05,82.539207,-57.808819,nan
2024-08-15T15:37:05,82.539131,-57.808666,nan
2024-08-15T15:37:04,82.539047,-57.808514,nan
2024-08-15T15:37:04,82.538971,-57.808357,nan
2024-08-15T15:37:03,82.538887,-57.808205,nan
2024-08-15T15:37:03,82.538811,-57.808048,nan
2024-08-15T15:37:02,82.538727,-57.807892,nan
2024-08-15T15:37:02,82.538643,-57.807735,nan
2024-08-15T15:37:01,82.538567,-57.807587,nan
2024-08-15T15:37:01,82.538483,-57.807434,nan
2024-08-15T15:37:00,82.538399,-57.807281,nan
2024-08-15T15:37:00,82.538315,-57.807133,nan
2024-08-15T15:36:59,82.538231,-57.806984,nan
2024-08-15T15:36:59,82.538155,-57.806835,nan
2024-08-15T15:36:58,82.538071,-57.806694,nan
2024-08-15T15:36:58,82.537987,-57.806549,nan
2024-08-15T15:36:57,82.537903,-57.806412,nan
2024-08-15T15:36:57,82.537827,-57.806274,nan
2024-08-15T15:36:56,82.537743,-57.806137,nan
2024-08-15T15:36:56,82.537659,-57.806007,nan
2024-08-15T15:36:55,82.537582,-57.805878,nan
2024-08-15T15:36:55,82.537498,-57.805752,nan
2024-08-15T15:36:54,82.537422,-57.805630,nan
2024-08-15T15:36:54,82.537346,-57.805511,nan
2024-08-15T15:36:53,82.537262,-57.805397,nan
2024-08-15T15:36:53,82.537186,-57.805286,nan
2024-08-15T15:36:52,82.537102,-57.805180,nan
2024-08-15T15:36:52,82.537025,-57.805073,nan
2024-08-15T15:36:51,82.536942,-57.804966,nan
2024-08-15T15:36:51,82.536865,-57.804859,nan
2024-08-15T15:36:50,82.536781,-57.804756,nan
2024-08-15T15:36:50,82.536697,-57.804649,nan
2024-08-15T15:36:49,82.536621,-57.804543,nan
2024-08-15T15:36:49,82.536537,-57.804440,nan
2024-08-15T15:36:48,82.536453,-57.804333,nan
2024-08-15T15:36:48,82.536369,-57.804226,nan
2024-08-15T15:36:47,82.536285,-57.804119,nan
2024-08-15T15:36:47,82.536201,-57.804016,nan
2024-08-15T15:36:46,82.536118,-57.803909,nan
2024-08-15T15:36:46,82.536034,-57.803802,nan
2024-08-15T15:36:45,82.535942,-57.803696,nan
2024-08-15T15:36:45,82.535858,-57.803585,nan
2024-08-15T15:36:44,82.535767,-57.803474,nan
2024-08-15T15:36:44,82.535683,-57.803360,nan
2024-08-15T15:36:43,82.535591,-57.803242,nan
2024-08-15T15:36:43,82.535500,-57.803123,nan
2024-08-15T15:36:42,82.535408,-57.803005,nan
2024-08-15T15:36:42,82.535316,-57.802883,nan
2024-08-15T15:36:41,82.535225,-57.802761,nan
2024-08-15T15:36:41,82.535133,-57.802635,nan
2024-08-15T15:36:40,82.535042,-57.802509,nan
2024-08-15T15:36:40,82.534950,-57.802380,nan
2024-08-15T15:36:39,82.534851,-57.802246,nan
2024-08-15T15:36:39,82.534760,-57.802105,nan
2024-08-15T15:36:38,82.534668,-57.801960,nan
2024-08-15T15:36:38,82.534576,-57.801811,nan
2024-08-15T15:36:37,82.534485,-57.801655,nan
2024-08-15T15:36:37,82.534393,-57.801495,nan
2024-08-15T15:36:36,82.534302,-57.801331,nan
2024-08-15T15:36:36,82.534210,-57.801163,nan
2024-08-15T15:36:35,82.534119,-57.800995,nan
2024-08-15T15:36:35,82.534027,-57.800823,nan
2024-08-15T15:36:34,82.533936,-57.800652,nan
2024-08-15T15:36:34,82.533844,-57.800480,nan
2024-08-15T15:36:33,82.533760,-57.800304,nan
2024-08-15T15:36:33,82.533669,-57.800129,nan
2024-08-15T15:36:32,82.533577,-57.799950,nan
2024-08-15T15:36:32,82.533485,-57.799763,nan
2024-08-15T15:36:31,82.533394,-57.799576,nan
2024-08-15T15:36:31,82.533302,-57.799389,nan
2024-08-15T15:36:30,82.533211,-57.799191,nan
2024-08-15T15:36:30,82.533112,-57.798988,nan
2024-08-15T15:36:29,82.533020,-57.798786,nan
2024-08-15T15:36:29,82.532928,-57.798580,nan
2024-08-15T15:36:28,82.532829,-57.798374,nan
2024-08-15T15:36:28,82.532738,-57.798164,nan
2024-08-15T15:36:27,82.532639,-57.797951,nan
2024-08-15T15:36:27,82.532547,-57.797733,nan
2024-08-15T15:36:26,82.532448,-57.797520,nan
2024-08-15T15:36:26,82.532349,-57.797302,nan
2024-08-15T15:36:25,82.532242,-57.797089,nan
2024-08-15T15:36:25,82.532143,-57.796867,nan
2024-08-15T15:36:24,82.532036,-57.796646,nan
2024-08-15T15:36:24,82.531937,-57.796417,nan
2024-08-15T15:36:23,82.531830,-57.796188,nan
2024-08-15T15:36:22,82.531624,-57.795723,nan
2024-08-15T15:36:22,82.531517,-57.795486,nan
2024-08-15T15:36:21,82.531418,-57.795250,nan
2024-08-15T15:36:21,82.531311,-57.795013,nan
2024-08-15T15:36:20,82.531212,-57.794777,nan
2024-08-15T15:36:20,82.531105,-57.794540,nan
2024-08-15T15:36:19,82.531006,-57.794304,nan
2024-08-15T15:36:19,82.530907,-57.794067,nan
2024-08-15T15:36:18,82.530701,-57.793602,nan
2024-08-15T15:36:17,82.530602,-57.793373,nan
2024-08-15T15:36:17,82.530502,-57.793148,nan
2024-08-15T15:36:16,82.530403,-57.792931,nan
2024-08-15T15:36:16,82.530304,-57.792713,nan
2024-08-15T15:36:15,82.530205,-57.792496,nan
2024-08-15T15:36:15,82.530106,-57.792290,nan
2024-08-15T15:36:14,82.530006,-57.792076,nan
2024-08-15T15:36:14,82.529907,-57.791878,nan
2024-08-15T15:36:13,82.529800,-57.791676,nan
2024-08-15T15:36:13,82.529701,-57.791477,nan
2024-08-15T15:36:12,82.529610,-57.791283,nan
2024-08-15T15:36:12,82.529503,-57.791088,nan
2024-08-15T15:36:11,82.529404,-57.790901,nan
2024-08-15T15:36:11,82.529305,-57.790710,nan
2024-08-15T15:36:10,82.529205,-57.790524,nan
2024-08-15T15:36:10,82.529106,-57.790333,nan
2024-08-15T15:36:09,82.529007,-57.790146,nan
2024-08-15T15:36:09,82.528908,-57.789955,nan
2024-08-15T15:36:08,82.528809,-57.789772,nan
2024-08-15T15:36:08,82.528709,-57.789593,nan
2024-08-15T15:36:07,82.528610,-57.789413,nan
2024-08-15T15:36:07,82.528511,-57.789238,nan
2024-08-15T15:36:06,82.528412,-57.789066,nan
2024-08-15T15:36:06,82.528313,-57.788898,nan
2024-08-15T15:36:05,82.528214,-57.788734,nan
2024-08-15T15:36:05,82.528114,-57.788570,nan
2024-08-15T15:36:04,82.528015,-57.788406,nan
2024-08-15T15:36:04,82.527916,-57.788239,nan
2024-08-15T15:36:03,82.527809,-57.788074,nan
2024-08-15T15:36:03,82.527710,-57.787903,nan
2024-08-15T15:36:02,82.527611,-57.787727,nan
2024-08-15T15:36:02,82.527512,-57.787552,nan
2024-08-15T15:36:01,82.527405,-57.787369,nan
2024-08-15T15:36:01,82.527306,-57.787182,nan
2024-08-15T15:36:00,82.527206,-57.786987,nan
2024-08-15T15:36:00,82.527107,-57.786800,nan
2024-08-15T15:35:59,82.527008,-57.786606,nan
2024-08-15T15:35:59,82.526901,-57.786411,nan
2024-08-15T15:35:58,82.526810,-57.786213,nan
2024-08-15T15:35:58,82.526703,-57.786015,nan
2024-08-15T15:35:57,82.526604,-57.785812,nan
2024-08-15T15:35:57,82.526505,-57.785610,nan
2024-08-15T15:35:56,82.526405,-57.785408,nan
2024-08-15T15:35:56,82.526314,-57.785210,nan
2024-08-15T15:35:55,82.526215,-57.785011,nan
2024-08-15T15:35:55,82.526115,-57.784824,nan
2024-08-15T15:35:54,82.526016,-57.784641,nan
2024-08-15T15:35:54,82.525925,-57.784466,nan
2024-08-15T15:35:53,82.525826,-57.784294,nan
2024-08-15T15:35:53,82.525726,-57.784126,nan
2024-08-15T15:35:52,82.525635,-57.783958,nan
2024-08-15T15:35:52,82.525536,-57.783794,nan
2024-08-15T15:35:51,82.525436,-57.783634,nan
2024-08-15T15:35:51,82.525345,-57.783478,nan
2024-08-15T15:35:50,82.525246,-57.783325,nan
2024-08-15T15:35:50,82.525146,-57.783176,nan
2024-08-15T15:35:49,82.525055,-57.783028,nan
2024-08-15T15:35:49,82.524956,-57.782879,nan
2024-08-15T15:35:48,82.524857,-57.782726,nan
2024-08-15T15:35:48,82.524765,-57.782578,nan
2024-08-15T15:35:47,82.524666,-57.782425,nan
2024-08-15T15:35:47,82.524567,-57.782272,nan
2024-08-15T15:35:46,82.524475,-57.782124,nan
2024-08-15T15:35:46,82.524376,-57.781975,nan
2024-08-15T15:35:45,82.524277,-57.781826,nan
2024-08-15T15:35:45,82.524178,-57.781677,nan
2024-08-15T15:35:44,82.524086,-57.781528,nan
2024-08-15T15:35:44,82.523987,-57.781376,nan
2024-08-15T15:35:43,82.523888,-57.781223,nan
2024-08-15T15:35:43,82.523788,-57.781067,nan
2024-08-15T15:35:42,82.523689,-57.780907,nan
2024-08-15T15:35:42,82.523590,-57.780743,nan
2024-08-15T15:35:41,82.523491,-57.780567,nan
2024-08-15T15:35:41,82.523392,-57.780392,nan
2024-08-15T15:35:40,82.523293,-57.780212,nan
2024-08-15T15:35:40,82.523186,-57.780033,nan
2024-08-15T15:35:39,82.523087,-57.779854,nan
2024-08-15T15:35:39,82.522987,-57.779671,nan
2024-08-15T15:35:38,82.522888,-57.779488,nan
2024-08-15T15:35:38,82.522789,-57.779305,nan
2024-08-15T15:35:37,82.522682,-57.779121,nan
2024-08-15T15:35:37,82.522583,-57.778934,nan
2024-08-15T15:35:36,82.522484,-57.778751,nan
2024-08-15T15:35:36,82.522385,-57.778564,nan
2024-08-15T15:35:35,82.522285,-57.778381,nan
2024-08-15T15:35:35,82.522186,-57.778198,nan
2024-08-15T15:35:34,82.522087,-57.778015,nan
2024-08-15T15:35:34,82.521980,-57.777832,nan
2024-08-15T15:35:33,82.521881,-57.777649,nan
2024-08-15T15:35:33,82.521782,-57.777470,nan
2024-08-15T15:35:32,82.521683,-57.777290,nan
2024-08-15T15:35:32,82.521584,-57.777107,nan
2024-08-15T15:35:31,82.521484,-57.776932,nan
2024-08-15T15:35:31,82.521385,-57.776752,nan
2024-08-15T15:35:30,82.521286,-57.776577,nan
2024-08-15T15:35:30,82.521187,-57.776402,nan
2024-08-15T15:35:29,82.521088,-57.776230,nan
2024-08-15T15:35:29,82.520988,-57.776054,nan
2024-08-15T15:35:28,82.520889,-57.775875,nan
2024-08-15T15:35:28,82.520790,-57.775696,nan
2024-08-15T15:35:27,82.520691,-57.775513,nan
2024-08-15T15:35:27,82.520592,-57.775326,nan
2024-08-15T15:35:26,82.520493,-57.775139,nan
2024-08-15T15:35:26,82.520393,-57.774944,nan
2024-08-15T15:35:25,82.520294,-57.774742,nan
2024-08-15T15:35:25,82.520187,-57.774544,nan
2024-08-15T15:35:24,82.520088,-57.774338,nan
2024-08-15T15:35:24,82.519989,-57.774128,nan
2024-08-15T15:35:23,82.519890,-57.773914,nan
2024-08-15T15:35:23,82.519791,-57.773697,nan
2024-08-15T15:35:22,82.519691,-57.773476,nan
2024-08-15T15:35:22,82.519592,-57.773251,nan
2024-08-15T15:35:21,82.519493,-57.773026,nan
2024-08-15T15:35:21,82.519394,-57.772797,nan
2024-08-15T15:35:20,82.519295,-57.772572,nan
2024-08-15T15:35:20,82.519196,-57.772346,nan
2024-08-15T15:35:19,82.519104,-57.772118,nan
2024-08-15T15:35:19,82.519005,-57.771889,nan
2024-08-15T15:35:18,82.518906,-57.771660,nan
2024-08-15T15:35:18,82.518806,-57.771431,nan
2024-08-15T15:35:17,82.518715,-57.771202,nan
2024-08-15T15:35:17,82.518616,-57.770973,nan
2024-08-15T15:35:16,82.518524,-57.770748,nan
2024-08-15T15:35:16,82.518425,-57.770527,nan
2024-08-15T15:35:15,82.518333,-57.770306,nan
2024-08-15T15:35:15,82.518234,-57.770088,nan
2024-08-15T15:35:14,82.518143,-57.769875,nan
2024-08-15T15:35:14,82.518044,-57.769665,nan
2024-08-15T15:35:13,82.517952,-57.769459,nan
2024-08-15T15:35:13,82.517860,-57.769257,nan
2024-08-15T15:35:12,82.517761,-57.769062,nan
2024-08-15T15:35:12,82.517670,-57.768871,nan
2024-08-15T15:35:11,82.517570,-57.768684,nan
2024-08-15T15:35:11,82.517479,-57.768505,nan
2024-08-15T15:35:10,82.517387,-57.768322,nan
2024-08-15T15:35:10,82.517288,-57.768143,nan
2024-08-15T15:35:09,82.517197,-57.767963,nan
2024-08-15T15:35:09,82.517097,-57.767784,nan
2024-08-15T15:35:08,82.517006,-57.767601,nan
2024-08-15T15:35:08,82.516907,-57.767422,nan
2024-08-15T15:35:07,82.516815,-57.767235,nan
2024-08-15T15:35:07,82.516716,-57.767052,nan
2024-08-15T15:35:06,82.516624,-57.766861,nan
2024-08-15T15:35:06,82.516525,-57.766674,nan
2024-08-15T15:35:05,82.516434,-57.766479,nan
2024-08-15T15:35:05,82.516342,-57.766289,nan
2024-08-15T15:35:04,82.516243,-57.766090,nan
2024-08-15T15:35:04,82.516151,-57.765888,nan
2024-08-15T15:35:03,82.516060,-57.765690,nan
2024-08-15T15:35:03,82.515968,-57.765491,nan
2024-08-15T15:35:02,82.515877,-57.765289,nan
2024-08-15T15:35:02,82.515778,-57.765087,nan
2024-08-15T15:35:01,82.515694,-57.764885,nan
2024-08-15T15:35:01,82.515594,-57.764683,nan
2024-08-15T15:35:00,82.515511,-57.764481,nan
2024-08-15T15:35:00,82.515419,-57.764278,nan
2024-08-15T15:34:59,82.515327,-57.764076,nan
2024-08-15T15:34:59,82.515236,-57.763874,nan
2024-08-15T15:34:58,82.515144,-57.763672,nan
2024-08-15T15:34:58,82.515060,-57.763474,nan
2024-08-15T15:34:57,82.514969,-57.763275,nan
2024-08-15T15:34:57,82.514877,-57.763081,nan
2024-08-15T15:34:56,82.514786,-57.762890,nan
2024-08-15T15:34:56,82.514702,-57.762703,nan
2024-08-15T15:34:55,82.514610,-57.762516,nan
2024-08-15T15:34:55,82.514519,-57.762329,nan
2024-08-15T15:34:54,82.514435,-57.762142,nan
2024-08-15T15:34:54,82.514343,-57.761963,nan
2024-08-15T15:34:53,82.514252,-57.761784,nan
2024-08-15T15:34:53,82.514160,-57.761604,nan
2024-08-15T15:34:52,82.514069,-57.761425,nan
2024-08-15T15:34:52,82.513985,-57.761250,nan
2024-08-15T15:34:51,82.513893,-57.761070,nan
2024-08-15T15:34:51,82.513802,-57.760895,nan
2024-08-15T15:34:50,82.513710,-57.760719,nan
2024-08-15T15:34:50,82.513626,-57.760540,nan
2024-08-15T15:34:49,82.513535,-57.760361,nan
2024-08-15T15:34:49,82.513443,-57.760178,nan
2024-08-15T15:34:48,82.513351,-57.759995,nan
2024-08-15T15:34:48,82.513268,-57.759808,nan
2024-08-15T15:34:47,82.513176,-57.759617,nan
2024-08-15T15:34:47,82.513084,-57.759422,nan
2024-08-15T15:34:46,82.513000,-57.759228,nan
2024-08-15T15:34:46,82.512917,-57.759022,nan
2024-08-15T15:34:45,82.512825,-57.758812,nan
2024-08-15T15:34:45,82.512741,-57.758598,nan
2024-08-15T15:34:44,82.512657,-57.758377,nan
2024-08-15T15:34:44,82.512573,-57.758148,nan
2024-08-15T15:34:43,82.512489,-57.757915,nan
2024-08-15T15:34:43,82.512405,-57.757675,nan
2024-08-15T15:34:42,82.512329,-57.757427,nan
2024-08-15T15:34:42,82.512245,-57.757175,nan
2024-08-15T15:34:41,82.512161,-57.756920,nan
2024-08-15T15:34:41,82.512085,-57.756660,nan
2024-08-15T15:34:40,82.512009,-57.756397,nan
2024-08-15T15:34:40,82.511925,-57.756130,nan
2024-08-15T15:34:39,82.511848,-57.755867,nan
2024-08-15T15:34:39,82.511772,-57.755604,nan
2024-08-15T15:34:38,82.511696,-57.755337,nan
2024-08-15T15:34:38,82.511620,-57.755077,nan
2024-08-15T15:34:37,82.511543,-57.754818,nan
2024-08-15T15:34:37,82.511459,-57.754566,nan
2024-08-15T15:34:36,82.511383,-57.754318,nan
2024-08-15T15:34:36,82.511307,-57.754082,nan
2024-08-15T15:34:35,82.511230,-57.753853,nan
2024-08-15T15:34:35,82.511154,-57.753632,nan
2024-08-15T15:34:34,82.511070,-57.753414,nan
2024-08-15T15:34:34,82.510994,-57.753201,nan
2024-08-15T15:34:33,82.510918,-57.752987,nan
2024-08-15T15:34:33,82.510841,-57.752777,nan
2024-08-15T15:34:32,82.510765,-57.752567,nan
2024-08-15T15:34:32,82.510689,-57.752357,nan
2024-08-15T15:34:31,82.510612,-57.752151,nan
2024-08-15T15:34:31,82.510529,-57.751945,nan
2024-08-15T15:34:30,82.510452,-57.751740,nan
2024-08-15T15:34:30,82.510376,-57.751534,nan
2024-08-15T15:34:29,82.510300,-57.751331,nan
2024-08-15T15:34:29,82.510223,-57.751133,nan
2024-08-15T15:34:28,82.510147,-57.750935,nan
2024-08-15T15:34:28,82.510071,-57.750732,nan
2024-08-15T15:34:27,82.509995,-57.750538,nan
2024-08-15T15:34:27,82.509918,-57.750340,nan
2024-08-15T15:34:26,82.509842,-57.750141,nan
2024-08-15T15:34:26,82.509766,-57.749954,nan
2024-08-15T15:34:25,82.509689,-57.749763,nan
2024-08-15T15:34:25,82.509613,-57.749573,nan
2024-08-15T15:34:24,82.509537,-57.749386,nan
2024-08-15T15:34:24,82.509468,-57.749191,nan
2024-08-15T15:34:23,82.509392,-57.748997,nan
2024-08-15T15:34:23,82.509315,-57.748798,nan
2024-08-15T15:34:22,82.509239,-57.748600,nan
2024-08-15T15:34:22,82.509171,-57.748402,nan
2024-08-15T15:34:21,82.509094,-57.748203,nan
2024-08-15T15:34:21,82.509018,-57.748009,nan
2024-08-15T15:34:20,82.508942,-57.747814,nan
2024-08-15T15:34:20,82.508865,-57.747627,nan
2024-08-15T15:34:19,82.508781,-57.747444,nan
2024-08-15T15:34:19,82.508705,-57.747272,nan
2024-08-15T15:34:18,82.508621,-57.747105,nan
2024-08-15T15:34:18,82.508545,-57.746941,nan
2024-08-15T15:34:17,82.508469,-57.746777,nan
2024-08-15T15:34:17,82.508385,-57.746609,nan
2024-08-15T15:34:16,82.508308,-57.746433,nan
2024-08-15T15:34:16,82.508232,-57.746250,nan
2024-08-15T15:34:15,82.508163,-57.746056,nan
2024-08-15T15:34:15,82.508087,-57.745850,nan
2024-08-15T15:34:14,82.508011,-57.745632,nan
2024-08-15T15:34:14,82.507942,-57.745407,nan
2024-08-15T15:34:13,82.507874,-57.745171,nan
2024-08-15T15:34:13,82.507797,-57.744923,nan
2024-08-15T15:34:12,82.507729,-57.744663,nan
2024-08-15T15:34:12,82.507652,-57.744408,nan
2024-08-15T15:34:11,82.507584,-57.744144,nan
2024-08-15T15:34:11,82.507515,-57.743881,nan
2024-08-15T15:34:10,82.507439,-57.743618,nan
2024-08-15T15:34:10,82.507370,-57.743359,nan
2024-08-15T15:34:09,82.507301,-57.743099,nan
2024-08-15T15:34:09,82.507225,-57.742847,nan
2024-08-15T15:34:08,82.507156,-57.742599,nan
2024-08-15T15:34:08,82.507080,-57.742355,nan
2024-08-15T15:34:07,82.507004,-57.742115,nan
2024-08-15T15:34:07,82.506935,-57.741882,nan
2024-08-15T15:34:06,82.506859,-57.741657,nan
2024-08-15T15:34:06,82.506783,-57.741440,nan
2024-08-15T15:34:05,82.506706,-57.741226,nan
2024-08-15T15:34:05,82.506638,-57.741016,nan
2024-08-15T15:34:04,82.506561,-57.740818,nan
2024-08-15T15:34:04,82.506485,-57.740623,nan
2024-08-15T15:34:03,82.506409,-57.740437,nan
2024-08-15T15:34:03,82.506332,-57.740253,nan
2024-08-15T15:34:02,82.506256,-57.740070,nan
2024-08-15T15:34:02,82.506180,-57.739887,nan
2024-08-15T15:34:01,82.506104,-57.739700,nan
2024-08-15T15:34:01,82.506027,-57.739510,nan
2024-08-15T15:34:00,82.505943,-57.739319,nan
2024-08-15T15:34:00,82.505867,-57.739124,nan
2024-08-15T15:33:59,82.505791,-57.738926,nan
2024-08-15T15:33:59,82.505707,-57.738735,nan
2024-08-15T15:33:58,82.505630,-57.738544,nan
2024-08-15T15:33:58,82.505554,-57.738358,nan
2024-08-15T15:33:57,82.505470,-57.738174,nan
2024-08-15T15:33:57,82.505394,-57.737995,nan
2024-08-15T15:33:56,82.505318,-57.737823,nan
2024-08-15T15:33:56,82.505241,-57.737652,nan
2024-08-15T15:33:55,82.505173,-57.737476,nan
2024-08-15T15:33:55,82.505096,-57.737293,nan
2024-08-15T15:33:54,82.505028,-57.737106,nan
2024-08-15T15:33:54,82.504951,-57.736919,nan
2024-08-15T15:33:53,82.504875,-57.736732,nan
2024-08-15T15:33:53,82.504807,-57.736546,nan
2024-08-15T15:33:52,82.504730,-57.736359,nan
2024-08-15T15:33:52,82.504654,-57.736176,nan
2024-08-15T15:33:51,82.504585,-57.735989,nan
2024-08-15T15:33:51,82.504509,-57.735806,nan
2024-08-15T15:33:50,82.504433,-57.735634,nan
2024-08-15T15:33:50,82.504356,-57.735466,nan
2024-08-15T15:33:49,82.504288,-57.735306,nan
2024-08-15T15:33:49,82.504211,-57.735146,nan
2024-08-15T15:33:48,82.504135,-57.734989,nan
2024-08-15T15:33:48,82.504066,-57.734829,nan
2024-08-15T15:33:47,82.503990,-57.734669,nan
2024-08-15T15:33:47,82.503922,-57.734505,nan
2024-08-15T15:33:46,82.503853,-57.734341,nan
2024-08-15T15:33:46,82.503792,-57.734177,nan
2024-08-15T15:33:45,82.503723,-57.734005,nan
2024-08-15T15:33:45,82.503662,-57.733833,nan
2024-08-15T15:33:44,82.503593,-57.733662,nan
2024-08-15T15:33:44,82.503540,-57.733486,nan
2024-08-15T15:33:43,82.503479,-57.733315,nan
2024-08-15T15:33:43,82.503418,-57.733135,nan
2024-08-15T15:33:42,82.503365,-57.732960,nan
2024-08-15T15:33:42,82.503311,-57.732784,nan
2024-08-15T15:33:41,82.503258,-57.732613,nan
2024-08-15T15:33:41,82.503197,-57.732445,nan
2024-08-15T15:33:40,82.503143,-57.732277,nan
2024-08-15T15:33:40,82.503090,-57.732117,nan
2024-08-15T15:33:39,82.503036,-57.731960,nan
2024-08-15T15:33:39,82.502975,-57.731812,nan
2024-08-15T15:33:38,82.502922,-57.731663,nan
2024-08-15T15:33:38,82.502861,-57.731522,nan
2024-08-15T15:33:37,82.502800,-57.731384,nan
2024-08-15T15:33:37,82.502739,-57.731255,nan
2024-08-15T15:33:36,82.502678,-57.731125,nan
2024-08-15T15:33:36,82.502617,-57.730999,nan
2024-08-15T15:33:35,82.502556,-57.730877,nan
2024-08-15T15:33:35,82.502495,-57.730751,nan
2024-08-15T15:33:34,82.502441,-57.730625,nan
2024-08-15T15:33:34,82.502380,-57.730492,nan
2024-08-15T15:33:33,82.502327,-57.730362,nan
2024-08-15T15:33:33,82.502266,-57.730221,nan
2024-08-15T15:33:32,82.502213,-57.730076,nan
2024-08-15T15:33:32,82.502151,-57.729931,nan
2024-08-15T15:33:31,82.502098,-57.729774,nan
2024-08-15T15:33:31,82.502045,-57.729622,nan
2024-08-15T15:33:30,82.501991,-57.729465,nan
2024-08-15T15:33:30,82.501938,-57.729313,nan
2024-08-15T15:33:29,82.501884,-57.729160,nan
2024-08-15T15:33:29,82.501823,-57.729015,nan
2024-08-15T15:33:28,82.501770,-57.728874,nan
2024-08-15T15:33:28,82.501709,-57.728725,nan
2024-08-15T15:33:27,82.501656,-57.728584,nan
2024-08-15T15:33:27,82.501595,-57.728436,nan
2024-08-15T15:33:26,82.501541,-57.728287,nan
2024-08-15T15:33:26,82.501488,-57.728146,nan
2024-08-15T15:33:25,82.501434,-57.728012,nan
2024-08-15T15:33:25,82.501389,-57.727890,nan
2024-08-15T15:33:24,82.501335,-57.727783,nan
2024-08-15T15:33:24,82.501282,-57.727684,nan
2024-08-15T15:33:23,82.501228,-57.727589,nan
2024-08-15T15:33:23,82.501175,-57.727501,nan
2024-08-15T15:33:22,82.501129,-57.727409,nan
2024-08-15T15:33:22,82.501076,-57.727318,nan
2024-08-15T15:33:21,82.501022,-57.727222,nan
2024-08-15T15:33:21,82.500977,-57.727131,nan
2024-08-15T15:33:20,82.500923,-57.727036,nan
2024-08-15T15:33:20,82.500877,-57.726940,nan
2024-08-15T15:33:19,82.500832,-57.726845,nan
2024-08-15T15:33:19,82.500778,-57.726749,nan
2024-08-15T15:33:18,82.500732,-57.726658,nan
2024-08-15T15:33:18,82.500694,-57.726570,nan
2024-08-15T15:33:17,82.500641,-57.726490,nan
2024-08-15T15:33:17,82.500595,-57.726410,nan
2024-08-15T15:33:16,82.500549,-57.726337,nan
2024-08-15T15:33:16,82.500504,-57.726257,nan
2024-08-15T15:33:15,82.500450,-57.726173,nan
2024-08-15T15:33:15,82.500404,-57.726086,nan
2024-08-15T15:33:14,82.500351,-57.725990,nan
2024-08-15T15:33:14,82.500305,-57.725887,nan
2024-08-15T15:33:13,82.500259,-57.725773,nan
2024-08-15T15:33:13,82.500214,-57.725655,nan
2024-08-15T15:33:12,82.500168,-57.725533,nan
2024-08-15T15:33:12,82.500130,-57.725410,nan
2024-08-15T15:33:11,82.500092,-57.725288,nan
2024-08-15T15:33:11,82.500053,-57.725174,nan
2024-08-15T15:33:10,82.500015,-57.725067,nan
2024-08-15T15:33:10,82.499977,-57.724972,nan
2024-08-15T15:33:09,82.499939,-57.724876,nan
2024-08-15T15:33:09,82.499908,-57.724773,nan
2024-08-15T15:33:08,82.499878,-57.724667,nan
2024-08-15T15:33:08,82.499847,-57.724579,nan
2024-08-15T15:33:07,82.499809,-57.724499,nan
2024-08-15T15:33:07,82.499771,-57.724430,nan
2024-08-15T15:33:06,82.499702,-57.724434,nan
2024-08-15T15:33:06,82.499580,-57.724457,nan
2024-08-15T15:33:05,82.499435,-57.724480,nan
2024-08-15T15:33:05,82.499207,-57.724510,nan
2024-08-15T15:32:53,82.498367,-57.723381,nan
2024-08-15T15:32:53,82.499367,-57.723652,nan
2024-08-15T15:32:52,82.500366,-57.723831,nan
