datetime,lat,lon,elev
2024-05-30T14:03:23,82.880066,-55.626392,nan
2024-05-30T14:03:22,82.880074,-55.626377,nan
2024-05-30T14:03:21,82.880081,-55.626369,nan
2024-05-30T14:03:21,82.880089,-55.626358,nan
2024-05-30T14:03:20,82.880096,-55.626354,nan
2024-05-30T14:03:20,82.880104,-55.626358,nan
2024-05-30T14:03:18,82.880119,-55.626789,nan
2024-05-30T14:03:17,82.880112,-55.627399,nan
2024-05-30T14:03:17,82.880096,-55.627651,nan
2024-05-30T14:03:16,82.880089,-55.627903,nan
2024-05-30T14:03:16,82.880081,-55.628151,nan
2024-05-30T14:03:15,82.880066,-55.628403,nan
2024-05-30T14:03:15,82.880058,-55.628651,nan
2024-05-30T14:03:14,82.880051,-55.628902,nan
2024-05-30T14:03:14,82.880043,-55.629158,nan
2024-05-30T14:03:13,82.880035,-55.629417,nan
2024-05-30T14:03:13,82.880028,-55.629677,nan
2024-05-30T14:03:12,82.880020,-55.629940,nan
2024-05-30T14:03:12,82.880013,-55.630207,nan
2024-05-30T14:03:11,82.879997,-55.630474,nan
2024-05-30T14:03:11,82.879990,-55.630741,nan
2024-05-30T14:03:10,82.879982,-55.631008,nan
2024-05-30T14:03:10,82.879974,-55.631271,nan
2024-05-30T14:03:09,82.879967,-55.631542,nan
2024-05-30T14:03:09,82.879959,-55.631817,nan
2024-05-30T14:03:08,82.879951,-55.632092,nan
2024-05-30T14:03:08,82.879944,-55.632366,nan
2024-05-30T14:03:07,82.879936,-55.632645,nan
2024-05-30T14:03:07,82.879929,-55.632919,nan
2024-05-30T14:03:06,82.879913,-55.633198,nan
2024-05-30T14:03:06,82.879906,-55.633469,nan
2024-05-30T14:03:05,82.879898,-55.633739,nan
2024-05-30T14:03:05,82.879890,-55.634014,nan
2024-05-30T14:03:04,82.879883,-55.634285,nan
2024-05-30T14:03:04,82.879875,-55.634556,nan
2024-05-30T14:03:03,82.879868,-55.634834,nan
2024-05-30T14:03:03,82.879860,-55.635109,nan
2024-05-30T14:03:02,82.879852,-55.635387,nan
2024-05-30T14:03:02,82.879845,-55.635666,nan
2024-05-30T14:03:01,82.879837,-55.635948,nan
2024-05-30T14:03:01,82.879829,-55.636230,nan
2024-05-30T14:03:00,82.879822,-55.636513,nan
2024-05-30T14:03:00,82.879822,-55.636791,nan
2024-05-30T14:02:59,82.879807,-55.637070,nan
2024-05-30T14:02:59,82.879807,-55.637344,nan
2024-05-30T14:02:58,82.879799,-55.637611,nan
2024-05-30T14:02:58,82.879791,-55.637882,nan
2024-05-30T14:02:57,82.879784,-55.638153,nan
2024-05-30T14:02:57,82.879776,-55.638420,nan
2024-05-30T14:02:56,82.879768,-55.638699,nan
2024-05-30T14:02:56,82.879761,-55.638981,nan
2024-05-30T14:02:55,82.879753,-55.639256,nan
2024-05-30T14:02:55,82.879745,-55.639538,nan
2024-05-30T14:02:54,82.879738,-55.639820,nan
2024-05-30T14:02:54,82.879730,-55.640102,nan
2024-05-30T14:02:53,82.879730,-55.640381,nan
2024-05-30T14:02:53,82.879723,-55.640659,nan
2024-05-30T14:02:52,82.879715,-55.640942,nan
2024-05-30T14:02:52,82.879707,-55.641224,nan
2024-05-30T14:02:51,82.879700,-55.641506,nan
2024-05-30T14:02:51,82.879692,-55.641796,nan
2024-05-30T14:02:50,82.879684,-55.642082,nan
2024-05-30T14:02:50,82.879677,-55.642372,nan
2024-05-30T14:02:49,82.879669,-55.642662,nan
2024-05-30T14:02:49,82.879669,-55.642948,nan
2024-05-30T14:02:48,82.879662,-55.643242,nan
2024-05-30T14:02:48,82.879662,-55.643536,nan
2024-05-30T14:02:47,82.879654,-55.643829,nan
2024-05-30T14:02:47,82.879646,-55.644127,nan
2024-05-30T14:02:46,82.879646,-55.644421,nan
2024-05-30T14:02:46,82.879646,-55.644718,nan
2024-05-30T14:02:45,82.879639,-55.645020,nan
2024-05-30T14:02:45,82.879639,-55.645309,nan
2024-05-30T14:02:44,82.879639,-55.645603,nan
2024-05-30T14:02:44,82.879639,-55.645897,nan
2024-05-30T14:02:43,82.879639,-55.646191,nan
2024-05-30T14:02:43,82.879631,-55.646484,nan
2024-05-30T14:02:42,82.879631,-55.646774,nan
2024-05-30T14:02:42,82.879631,-55.647064,nan
2024-05-30T14:02:41,82.879631,-55.647358,nan
2024-05-30T14:02:41,82.879631,-55.647648,nan
2024-05-30T14:02:40,82.879631,-55.647938,nan
2024-05-30T14:02:40,82.879631,-55.648232,nan
2024-05-30T14:02:39,82.879639,-55.648518,nan
2024-05-30T14:02:39,82.879639,-55.648804,nan
2024-05-30T14:02:38,82.879639,-55.649094,nan
2024-05-30T14:02:38,82.879639,-55.649376,nan
2024-05-30T14:02:37,82.879639,-55.649658,nan
2024-05-30T14:02:37,82.879639,-55.649937,nan
2024-05-30T14:02:36,82.879639,-55.650215,nan
2024-05-30T14:02:36,82.879639,-55.650494,nan
2024-05-30T14:02:35,82.879639,-55.650768,nan
2024-05-30T14:02:35,82.879646,-55.651051,nan
2024-05-30T14:02:34,82.879646,-55.651325,nan
2024-05-30T14:02:34,82.879646,-55.651600,nan
2024-05-30T14:02:33,82.879646,-55.652157,nan
2024-05-30T14:02:32,82.879646,-55.652435,nan
2024-05-30T14:02:32,82.879646,-55.652718,nan
2024-05-30T14:02:31,82.879646,-55.652996,nan
2024-05-30T14:02:31,82.879654,-55.653275,nan
2024-05-30T14:02:30,82.879654,-55.653553,nan
2024-05-30T14:02:30,82.879654,-55.653828,nan
2024-05-30T14:02:29,82.879654,-55.654102,nan
2024-05-30T14:02:29,82.879654,-55.654381,nan
2024-05-30T14:02:28,82.879662,-55.654655,nan
2024-05-30T14:02:28,82.879662,-55.654930,nan
2024-05-30T14:02:27,82.879662,-55.655205,nan
2024-05-30T14:02:27,82.879662,-55.655483,nan
2024-05-30T14:02:26,82.879669,-55.655758,nan
2024-05-30T14:02:26,82.879669,-55.656033,nan
2024-05-30T14:02:25,82.879669,-55.656311,nan
2024-05-30T14:02:25,82.879677,-55.656582,nan
2024-05-30T14:02:24,82.879677,-55.656853,nan
2024-05-30T14:02:24,82.879684,-55.657120,nan
2024-05-30T14:02:23,82.879684,-55.657387,nan
2024-05-30T14:02:23,82.879684,-55.657654,nan
2024-05-30T14:02:22,82.879692,-55.657917,nan
2024-05-30T14:02:22,82.879692,-55.658180,nan
2024-05-30T14:02:21,82.879692,-55.658440,nan
2024-05-30T14:02:21,82.879700,-55.658691,nan
2024-05-30T14:02:20,82.879700,-55.658943,nan
2024-05-30T14:02:20,82.879700,-55.659191,nan
2024-05-30T14:02:19,82.879700,-55.659431,nan
2024-05-30T14:02:19,82.879700,-55.659672,nan
2024-05-30T14:02:18,82.879700,-55.659904,nan
2024-05-30T14:02:18,82.879700,-55.660137,nan
2024-05-30T14:02:17,82.879700,-55.660362,nan
2024-05-30T14:02:17,82.879700,-55.660583,nan
2024-05-30T14:02:16,82.879692,-55.660805,nan
2024-05-30T14:02:16,82.879692,-55.661022,nan
2024-05-30T14:02:15,82.879684,-55.661453,nan
2024-05-30T14:02:14,82.879677,-55.661667,nan
2024-05-30T14:02:14,82.879677,-55.661884,nan
2024-05-30T14:02:13,82.879669,-55.662102,nan
2024-05-30T14:02:13,82.879662,-55.662315,nan
2024-05-30T14:02:12,82.879654,-55.662529,nan
2024-05-30T14:02:12,82.879639,-55.662743,nan
2024-05-30T14:02:11,82.879631,-55.662952,nan
2024-05-30T14:02:11,82.879623,-55.663162,nan
2024-05-30T14:02:10,82.879608,-55.663372,nan
2024-05-30T14:02:10,82.879593,-55.663578,nan
2024-05-30T14:02:09,82.879585,-55.663780,nan
2024-05-30T14:02:09,82.879570,-55.663986,nan
2024-05-30T14:02:08,82.879555,-55.664188,nan
2024-05-30T14:02:08,82.879539,-55.664398,nan
2024-05-30T14:02:07,82.879524,-55.664608,nan
2024-05-30T14:02:07,82.879509,-55.664822,nan
2024-05-30T14:02:06,82.879494,-55.665039,nan
2024-05-30T14:02:06,82.879478,-55.665260,nan
2024-05-30T14:02:05,82.879463,-55.665482,nan
2024-05-30T14:02:05,82.879440,-55.665710,nan
2024-05-30T14:02:04,82.879425,-55.665936,nan
2024-05-30T14:02:04,82.879410,-55.666172,nan
2024-05-30T14:02:03,82.879395,-55.666409,nan
2024-05-30T14:02:03,82.879372,-55.666649,nan
2024-05-30T14:02:02,82.879356,-55.666889,nan
2024-05-30T14:02:02,82.879333,-55.667137,nan
2024-05-30T14:02:01,82.879318,-55.667385,nan
2024-05-30T14:02:01,82.879303,-55.667637,nan
2024-05-30T14:02:00,82.879280,-55.667896,nan
2024-05-30T14:01:59,82.879242,-55.668434,nan
2024-05-30T14:01:59,82.879227,-55.668716,nan
2024-05-30T14:01:58,82.879204,-55.669003,nan
2024-05-30T14:01:58,82.879189,-55.669300,nan
2024-05-30T14:01:57,82.879173,-55.669598,nan
2024-05-30T14:01:57,82.879150,-55.669899,nan
2024-05-30T14:01:56,82.879135,-55.670200,nan
2024-05-30T14:01:56,82.879112,-55.670509,nan
2024-05-30T14:01:55,82.879097,-55.670822,nan
2024-05-30T14:01:55,82.879082,-55.671135,nan
2024-05-30T14:01:54,82.879066,-55.671448,nan
2024-05-30T14:01:54,82.879044,-55.671764,nan
2024-05-30T14:01:53,82.879028,-55.672077,nan
2024-05-30T14:01:53,82.879013,-55.672394,nan
2024-05-30T14:01:52,82.878998,-55.672707,nan
2024-05-30T14:01:52,82.878975,-55.673019,nan
2024-05-30T14:01:51,82.878960,-55.673332,nan
2024-05-30T14:01:51,82.878944,-55.673641,nan
2024-05-30T14:01:50,82.878929,-55.673954,nan
2024-05-30T14:01:50,82.878914,-55.674263,nan
2024-05-30T14:01:49,82.878899,-55.674576,nan
2024-05-30T14:01:49,82.878883,-55.674889,nan
2024-05-30T14:01:48,82.878868,-55.675201,nan
2024-05-30T14:01:48,82.878853,-55.675514,nan
2024-05-30T14:01:47,82.878838,-55.675831,nan
2024-05-30T14:01:47,82.878822,-55.676144,nan
2024-05-30T14:01:46,82.878807,-55.676464,nan
2024-05-30T14:01:46,82.878792,-55.676777,nan
2024-05-30T14:01:45,82.878777,-55.677094,nan
2024-05-30T14:01:45,82.878761,-55.677402,nan
2024-05-30T14:01:44,82.878746,-55.677715,nan
2024-05-30T14:01:44,82.878731,-55.678028,nan
2024-05-30T14:01:43,82.878716,-55.678341,nan
2024-05-30T14:01:43,82.878700,-55.678654,nan
2024-05-30T14:01:42,82.878693,-55.678959,nan
2024-05-30T14:01:42,82.878677,-55.679260,nan
2024-05-30T14:01:41,82.878670,-55.679562,nan
2024-05-30T14:01:41,82.878654,-55.679863,nan
2024-05-30T14:01:40,82.878639,-55.680157,nan
2024-05-30T14:01:40,82.878632,-55.680458,nan
2024-05-30T14:01:39,82.878624,-55.680752,nan
2024-05-30T14:01:39,82.878609,-55.681053,nan
2024-05-30T14:01:38,82.878601,-55.681351,nan
2024-05-30T14:01:38,82.878593,-55.681644,nan
2024-05-30T14:01:37,82.878578,-55.681946,nan
2024-05-30T14:01:37,82.878571,-55.682240,nan
2024-05-30T14:01:36,82.878563,-55.682541,nan
2024-05-30T14:01:36,82.878548,-55.682835,nan
2024-05-30T14:01:35,82.878540,-55.683136,nan
2024-05-30T14:01:35,82.878532,-55.683434,nan
2024-05-30T14:01:34,82.878517,-55.683727,nan
2024-05-30T14:01:34,82.878510,-55.684025,nan
2024-05-30T14:01:33,82.878502,-55.684319,nan
2024-05-30T14:01:33,82.878494,-55.684608,nan
2024-05-30T14:01:32,82.878479,-55.684891,nan
2024-05-30T14:01:32,82.878471,-55.685169,nan
2024-05-30T14:01:31,82.878464,-55.685448,nan
2024-05-30T14:01:31,82.878456,-55.685719,nan
2024-05-30T14:01:30,82.878448,-55.685989,nan
2024-05-30T14:01:30,82.878448,-55.686264,nan
2024-05-30T14:01:29,82.878441,-55.686531,nan
2024-05-30T14:01:29,82.878433,-55.686798,nan
2024-05-30T14:01:28,82.878418,-55.687332,nan
2024-05-30T14:01:27,82.878410,-55.687595,nan
2024-05-30T14:01:27,82.878410,-55.687862,nan
2024-05-30T14:01:26,82.878403,-55.688126,nan
2024-05-30T14:01:26,82.878395,-55.688389,nan
2024-05-30T14:01:25,82.878387,-55.688652,nan
2024-05-30T14:01:25,82.878380,-55.688911,nan
2024-05-30T14:01:24,82.878372,-55.689171,nan
2024-05-30T14:01:24,82.878365,-55.689426,nan
2024-05-30T14:01:23,82.878357,-55.689682,nan
2024-05-30T14:01:23,82.878357,-55.689941,nan
2024-05-30T14:01:22,82.878349,-55.690197,nan
2024-05-30T14:01:22,82.878342,-55.690456,nan
2024-05-30T14:01:21,82.878334,-55.690708,nan
2024-05-30T14:01:21,82.878326,-55.690971,nan
2024-05-30T14:01:20,82.878326,-55.691227,nan
2024-05-30T14:01:20,82.878319,-55.691490,nan
2024-05-30T14:01:19,82.878311,-55.691750,nan
2024-05-30T14:01:18,82.878304,-55.692268,nan
2024-05-30T14:01:18,82.878304,-55.692524,nan
2024-05-30T14:01:17,82.878296,-55.692783,nan
2024-05-30T14:01:17,82.878296,-55.693039,nan
2024-05-30T14:01:16,82.878288,-55.693302,nan
2024-05-30T14:01:16,82.878288,-55.693562,nan
2024-05-30T14:01:15,82.878281,-55.693825,nan
2024-05-30T14:01:15,82.878281,-55.694088,nan
2024-05-30T14:01:14,82.878273,-55.694347,nan
2024-05-30T14:01:14,82.878273,-55.694611,nan
2024-05-30T14:01:13,82.878273,-55.694874,nan
2024-05-30T14:01:13,82.878265,-55.695145,nan
2024-05-30T14:01:12,82.878265,-55.695412,nan
2024-05-30T14:01:12,82.878258,-55.695690,nan
2024-05-30T14:01:11,82.878250,-55.695961,nan
2024-05-30T14:01:11,82.878250,-55.696236,nan
2024-05-30T14:01:10,82.878242,-55.696514,nan
2024-05-30T14:01:10,82.878242,-55.696785,nan
2024-05-30T14:01:09,82.878235,-55.697063,nan
2024-05-30T14:01:09,82.878227,-55.697338,nan
2024-05-30T14:01:08,82.878227,-55.697613,nan
2024-05-30T14:01:08,82.878220,-55.697887,nan
2024-05-30T14:01:07,82.878220,-55.698166,nan
2024-05-30T14:01:07,82.878212,-55.698444,nan
2024-05-30T14:01:06,82.878204,-55.698719,nan
2024-05-30T14:01:06,82.878204,-55.698997,nan
2024-05-30T14:01:05,82.878197,-55.699280,nan
2024-05-30T14:01:05,82.878197,-55.699554,nan
2024-05-30T14:01:04,82.878189,-55.699837,nan
2024-05-30T14:01:04,82.878189,-55.700108,nan
2024-05-30T14:01:03,82.878181,-55.700378,nan
2024-05-30T14:01:03,82.878181,-55.700645,nan
2024-05-30T14:01:02,82.878174,-55.700905,nan
2024-05-30T14:01:02,82.878174,-55.701160,nan
2024-05-30T14:01:01,82.878166,-55.701412,nan
2024-05-30T14:01:01,82.878166,-55.701664,nan
2024-05-30T14:01:00,82.878159,-55.701908,nan
2024-05-30T14:01:00,82.878159,-55.702141,nan
2024-05-30T14:00:59,82.878159,-55.702370,nan
2024-05-30T14:00:59,82.878151,-55.702587,nan
2024-05-30T14:00:58,82.878151,-55.702793,nan
2024-05-30T14:00:58,82.878143,-55.702995,nan
2024-05-30T14:00:57,82.878143,-55.703186,nan
2024-05-30T14:00:57,82.878136,-55.703373,nan
2024-05-30T14:00:56,82.878128,-55.703556,nan
2024-05-30T14:00:56,82.878120,-55.703735,nan
2024-05-30T14:00:55,82.878120,-55.703911,nan
2024-05-30T14:00:55,82.878113,-55.704082,nan
2024-05-30T14:00:54,82.878105,-55.704250,nan
2024-05-30T14:00:54,82.878098,-55.704411,nan
2024-05-30T14:00:53,82.878090,-55.704567,nan
2024-05-30T14:00:53,82.878082,-55.704720,nan
2024-05-30T14:00:52,82.878075,-55.704876,nan
2024-05-30T14:00:52,82.878067,-55.705025,nan
2024-05-30T14:00:51,82.878067,-55.705177,nan
2024-05-30T14:00:51,82.878059,-55.705330,nan
2024-05-30T14:00:50,82.878052,-55.705479,nan
2024-05-30T14:00:50,82.878044,-55.705631,nan
2024-05-30T14:00:49,82.878036,-55.705780,nan
2024-05-30T14:00:49,82.878029,-55.705929,nan
2024-05-30T14:00:48,82.878021,-55.706078,nan
2024-05-30T14:00:48,82.878021,-55.706223,nan
2024-05-30T14:00:47,82.878014,-55.706367,nan
2024-05-30T14:00:47,82.878006,-55.706509,nan
2024-05-30T14:00:46,82.877998,-55.706650,nan
2024-05-30T14:00:46,82.877991,-55.706783,nan
2024-05-30T14:00:45,82.877983,-55.706917,nan
2024-05-30T14:00:45,82.877975,-55.707050,nan
2024-05-30T14:00:44,82.877968,-55.707176,nan
2024-05-30T14:00:44,82.877960,-55.707306,nan
2024-05-30T14:00:43,82.877953,-55.707432,nan
2024-05-30T14:00:43,82.877945,-55.707561,nan
2024-05-30T14:00:42,82.877937,-55.707691,nan
2024-05-30T14:00:42,82.877930,-55.707817,nan
2024-05-30T14:00:41,82.877922,-55.707951,nan
2024-05-30T14:00:41,82.877914,-55.708076,nan
2024-05-30T14:00:40,82.877907,-55.708206,nan
2024-05-30T14:00:40,82.877892,-55.708324,nan
2024-05-30T14:00:39,82.877884,-55.708439,nan
2024-05-30T14:00:39,82.877876,-55.708549,nan
2024-05-30T14:00:38,82.877861,-55.708652,nan
2024-05-30T14:00:38,82.877846,-55.708755,nan
2024-05-30T14:00:37,82.877838,-55.708851,nan
2024-05-30T14:00:37,82.877823,-55.708950,nan
2024-05-30T14:00:36,82.877808,-55.709042,nan
2024-05-30T14:00:36,82.877792,-55.709137,nan
2024-05-30T14:00:35,82.877777,-55.709232,nan
2024-05-30T14:00:35,82.877762,-55.709324,nan
2024-05-30T14:00:34,82.877747,-55.709419,nan
2024-05-30T14:00:34,82.877731,-55.709518,nan
2024-05-30T14:00:33,82.877716,-55.709621,nan
2024-05-30T14:00:33,82.877701,-55.709724,nan
2024-05-30T14:00:32,82.877686,-55.709835,nan
2024-05-30T14:00:32,82.877663,-55.709949,nan
2024-05-30T14:00:31,82.877647,-55.710068,nan
2024-05-30T14:00:31,82.877625,-55.710205,nan
2024-05-30T14:00:30,82.877602,-55.710346,nan
2024-05-30T14:00:30,82.877586,-55.710506,nan
2024-05-30T14:00:29,82.877563,-55.710670,nan
2024-05-30T14:00:29,82.877541,-55.710842,nan
2024-05-30T14:00:28,82.877518,-55.711025,nan
2024-05-30T14:00:28,82.877495,-55.711208,nan
2024-05-30T14:00:27,82.877480,-55.711407,nan
2024-05-30T14:00:27,82.877457,-55.711605,nan
2024-05-30T14:00:26,82.877434,-55.711807,nan
2024-05-30T14:00:26,82.877419,-55.712009,nan
2024-05-30T14:00:25,82.877396,-55.712223,nan
2024-05-30T14:00:25,82.877380,-55.712433,nan
2024-05-30T14:00:24,82.877365,-55.712646,nan
2024-05-30T14:00:24,82.877342,-55.712856,nan
2024-05-30T14:00:23,82.877327,-55.713062,nan
2024-05-30T14:00:23,82.877312,-55.713257,nan
2024-05-30T14:00:22,82.877296,-55.713459,nan
2024-05-30T14:00:22,82.877281,-55.713650,nan
2024-05-30T14:00:21,82.877266,-55.713837,nan
2024-05-30T14:00:21,82.877251,-55.714027,nan
2024-05-30T14:00:20,82.877228,-55.714207,nan
2024-05-30T14:00:20,82.877213,-55.714390,nan
2024-05-30T14:00:19,82.877197,-55.714554,nan
2024-05-30T14:00:19,82.877182,-55.714722,nan
2024-05-30T14:00:18,82.877159,-55.714874,nan
2024-05-30T14:00:18,82.877144,-55.715019,nan
2024-05-30T14:00:17,82.877121,-55.715160,nan
2024-05-30T14:00:17,82.877106,-55.715294,nan
2024-05-30T14:00:16,82.877083,-55.715420,nan
2024-05-30T14:00:16,82.877068,-55.715546,nan
2024-05-30T14:00:15,82.877045,-55.715672,nan
2024-05-30T14:00:15,82.877022,-55.715797,nan
2024-05-30T14:00:14,82.876999,-55.715927,nan
2024-05-30T14:00:14,82.876984,-55.716053,nan
2024-05-30T14:00:13,82.876961,-55.716183,nan
2024-05-30T14:00:13,82.876938,-55.716309,nan
2024-05-30T14:00:12,82.876923,-55.716438,nan
2024-05-30T14:00:12,82.876900,-55.716564,nan
2024-05-30T14:00:11,82.876877,-55.716686,nan
2024-05-30T14:00:11,82.876862,-55.716816,nan
2024-05-30T14:00:10,82.876839,-55.716938,nan
2024-05-30T14:00:10,82.876816,-55.717060,nan
2024-05-30T14:00:09,82.876801,-55.717182,nan
2024-05-30T14:00:09,82.876778,-55.717316,nan
2024-05-30T14:00:08,82.876762,-55.717442,nan
2024-05-30T14:00:08,82.876740,-55.717575,nan
2024-05-30T14:00:07,82.876724,-55.717705,nan
2024-05-30T14:00:07,82.876701,-55.717838,nan
2024-05-30T14:00:06,82.876678,-55.717972,nan
2024-05-30T14:00:06,82.876663,-55.718117,nan
2024-05-30T14:00:05,82.876640,-55.718250,nan
2024-05-30T14:00:05,82.876617,-55.718391,nan
2024-05-30T14:00:04,82.876602,-55.718533,nan
2024-05-30T14:00:04,82.876579,-55.718678,nan
2024-05-30T14:00:03,82.876556,-55.718819,nan
2024-05-30T14:00:03,82.876534,-55.718967,nan
2024-05-30T14:00:02,82.876518,-55.719109,nan
2024-05-30T14:00:02,82.876495,-55.719250,nan
2024-05-30T14:00:01,82.876472,-55.719398,nan
2024-05-30T14:00:01,82.876450,-55.719540,nan
2024-05-30T14:00:00,82.876434,-55.719677,nan
2024-05-30T14:00:00,82.876411,-55.719814,nan
2024-05-30T13:59:59,82.876389,-55.719948,nan
2024-05-30T13:59:59,82.876366,-55.720078,nan
2024-05-30T13:59:58,82.876350,-55.720192,nan
2024-05-30T13:59:58,82.876328,-55.720303,nan
2024-05-30T13:59:57,82.876305,-55.720394,nan
2024-05-30T13:59:57,82.876282,-55.720474,nan
2024-05-30T13:59:56,82.876259,-55.720535,nan
2024-05-30T13:59:56,82.876236,-55.720585,nan
2024-05-30T13:59:55,82.876205,-55.720615,nan
2024-05-30T13:59:55,82.876183,-55.720642,nan
2024-05-30T13:59:54,82.876160,-55.720657,nan
2024-05-30T13:59:54,82.876129,-55.720673,nan
2024-05-30T13:59:53,82.876106,-55.720680,nan
2024-05-30T13:59:53,82.876076,-55.720688,nan
2024-05-30T13:59:52,82.876045,-55.720692,nan
2024-05-30T13:59:52,82.876015,-55.720695,nan
2024-05-30T13:59:51,82.875984,-55.720695,nan
2024-05-30T13:59:51,82.875954,-55.720695,nan
2024-05-30T13:59:50,82.875923,-55.720695,nan
2024-05-30T13:59:50,82.875885,-55.720692,nan
2024-05-30T13:59:49,82.875854,-55.720684,nan
2024-05-30T13:59:49,82.875816,-55.720673,nan
2024-05-30T13:59:48,82.875778,-55.720661,nan
2024-05-30T13:59:48,82.875748,-55.720646,nan
2024-05-30T13:59:47,82.875710,-55.720634,nan
2024-05-30T13:59:47,82.875671,-55.720623,nan
2024-05-30T13:59:46,82.875641,-55.720608,nan
2024-05-30T13:59:46,82.875603,-55.720600,nan
2024-05-30T13:59:45,82.875565,-55.720592,nan
2024-05-30T13:59:45,82.875526,-55.720585,nan
2024-05-30T13:59:44,82.875488,-55.720581,nan
2024-05-30T13:59:44,82.875450,-55.720585,nan
2024-05-30T13:59:43,82.875404,-55.720589,nan
2024-05-30T13:59:43,82.875366,-55.720592,nan
2024-05-30T13:59:42,82.875328,-55.720600,nan
2024-05-30T13:59:42,82.875282,-55.720612,nan
2024-05-30T13:59:41,82.875244,-55.720615,nan
2024-05-30T13:59:41,82.875206,-55.720623,nan
2024-05-30T13:59:40,82.875160,-55.720631,nan
2024-05-30T13:59:40,82.875114,-55.720638,nan
2024-05-30T13:59:39,82.875076,-55.720646,nan
2024-05-30T13:59:39,82.875031,-55.720650,nan
2024-05-30T13:59:38,82.874992,-55.720646,nan
2024-05-30T13:59:38,82.874947,-55.720650,nan
2024-05-30T13:59:37,82.874901,-55.720646,nan
2024-05-30T13:59:37,82.874863,-55.720642,nan
2024-05-30T13:59:36,82.874817,-55.720631,nan
2024-05-30T13:59:36,82.874771,-55.720623,nan
2024-05-30T13:59:35,82.874725,-55.720608,nan
2024-05-30T13:59:35,82.874680,-55.720589,nan
2024-05-30T13:59:34,82.874634,-55.720566,nan
2024-05-30T13:59:34,82.874588,-55.720535,nan
2024-05-30T13:59:33,82.874542,-55.720501,nan
2024-05-30T13:59:33,82.874504,-55.720459,nan
2024-05-30T13:59:32,82.874458,-55.720413,nan
2024-05-30T13:59:32,82.874413,-55.720360,nan
2024-05-30T13:59:31,82.874367,-55.720306,nan
2024-05-30T13:59:31,82.874329,-55.720238,nan
2024-05-30T13:59:30,82.874290,-55.720169,nan
2024-05-30T13:59:30,82.874245,-55.720093,nan
2024-05-30T13:59:29,82.874207,-55.720009,nan
2024-05-30T13:59:29,82.874176,-55.719921,nan
2024-05-30T13:59:28,82.874138,-55.719837,nan
2024-05-30T13:59:28,82.874100,-55.719753,nan
2024-05-30T13:59:27,82.874069,-55.719673,nan
2024-05-30T13:59:27,82.874031,-55.719593,nan
2024-05-30T13:59:26,82.874001,-55.719513,nan
2024-05-30T13:59:26,82.873962,-55.719433,nan
2024-05-30T13:59:25,82.873924,-55.719353,nan
2024-05-30T13:59:25,82.873886,-55.719269,nan
2024-05-30T13:59:24,82.873848,-55.719185,nan
2024-05-30T13:59:24,82.873810,-55.719093,nan
2024-05-30T13:59:23,82.873772,-55.719002,nan
2024-05-30T13:59:23,82.873734,-55.718906,nan
2024-05-30T13:59:22,82.873695,-55.718807,nan
2024-05-30T13:59:22,82.873657,-55.718716,nan
2024-05-30T13:59:21,82.873611,-55.718616,nan
2024-05-30T13:59:21,82.873573,-55.718521,nan
2024-05-30T13:59:20,82.873543,-55.718422,nan
2024-05-30T13:59:20,82.873505,-55.718323,nan
2024-05-30T13:59:19,82.873466,-55.718220,nan
2024-05-30T13:59:19,82.873436,-55.718124,nan
2024-05-30T13:59:18,82.873398,-55.718021,nan
2024-05-30T13:59:18,82.873367,-55.717926,nan
2024-05-30T13:59:17,82.873329,-55.717827,nan
2024-05-30T13:59:17,82.873299,-55.717731,nan
2024-05-30T13:59:16,82.873260,-55.717636,nan
2024-05-30T13:59:16,82.873230,-55.717545,nan
2024-05-30T13:59:15,82.873192,-55.717457,nan
2024-05-30T13:59:15,82.873161,-55.717369,nan
2024-05-30T13:59:14,82.873123,-55.717289,nan
2024-05-30T13:59:14,82.873093,-55.717213,nan
2024-05-30T13:59:13,82.873055,-55.717140,nan
2024-05-30T13:59:13,82.873016,-55.717072,nan
2024-05-30T13:59:12,82.872986,-55.717007,nan
2024-05-30T13:59:12,82.872948,-55.716949,nan
2024-05-30T13:59:11,82.872917,-55.716904,nan
2024-05-30T13:59:11,82.872887,-55.716858,nan
2024-05-30T13:59:10,82.872849,-55.716820,nan
2024-05-30T13:59:10,82.872818,-55.716782,nan
2024-05-30T13:59:09,82.872780,-55.716751,nan
2024-05-30T13:59:09,82.872749,-55.716717,nan
2024-05-30T13:59:08,82.872711,-55.716690,nan
2024-05-30T13:59:08,82.872681,-55.716660,nan
2024-05-30T13:59:07,82.872643,-55.716633,nan
2024-05-30T13:59:07,82.872612,-55.716602,nan
2024-05-30T13:59:06,82.872581,-55.716583,nan
2024-05-30T13:59:06,82.872543,-55.716557,nan
2024-05-30T13:59:05,82.872513,-55.716537,nan
2024-05-30T13:59:05,82.872482,-55.716515,nan
2024-05-30T13:59:04,82.872444,-55.716488,nan
2024-05-30T13:59:04,82.872414,-55.716465,nan
2024-05-30T13:59:03,82.872383,-55.716438,nan
2024-05-30T13:59:03,82.872345,-55.716415,nan
2024-05-30T13:59:02,82.872314,-55.716389,nan
2024-05-30T13:59:02,82.872284,-55.716366,nan
2024-05-30T13:59:01,82.872246,-55.716335,nan
2024-05-30T13:59:01,82.872215,-55.716312,nan
2024-05-30T13:59:00,82.872185,-55.716286,nan
2024-05-30T13:59:00,82.872147,-55.716255,nan
2024-05-30T13:58:59,82.872116,-55.716225,nan
2024-05-30T13:58:59,82.872078,-55.716202,nan
2024-05-30T13:58:58,82.872047,-55.716167,nan
2024-05-30T13:58:58,82.872009,-55.716148,nan
2024-05-30T13:58:57,82.871979,-55.716122,nan
2024-05-30T13:58:57,82.871941,-55.716106,nan
2024-05-30T13:58:56,82.871910,-55.716091,nan
2024-05-30T13:58:56,82.871872,-55.716076,nan
2024-05-30T13:58:55,82.871834,-55.716061,nan
2024-05-30T13:58:55,82.871803,-55.716049,nan
2024-05-30T13:58:54,82.871765,-55.716030,nan
2024-05-30T13:58:54,82.871727,-55.716022,nan
2024-05-30T13:58:53,82.871696,-55.716003,nan
2024-05-30T13:58:53,82.871658,-55.715996,nan
2024-05-30T13:58:52,82.871620,-55.715981,nan
2024-05-30T13:58:52,82.871582,-55.715969,nan
2024-05-30T13:58:51,82.871552,-55.715950,nan
2024-05-30T13:58:51,82.871513,-55.715935,nan
2024-05-30T13:58:50,82.871475,-55.715916,nan
2024-05-30T13:58:50,82.871437,-55.715900,nan
2024-05-30T13:58:49,82.871399,-55.715874,nan
2024-05-30T13:58:49,82.871361,-55.715855,nan
2024-05-30T13:58:48,82.871323,-55.715832,nan
2024-05-30T13:58:48,82.871284,-55.715813,nan
2024-05-30T13:58:47,82.871254,-55.715790,nan
2024-05-30T13:58:47,82.871216,-55.715771,nan
2024-05-30T13:58:46,82.871178,-55.715748,nan
2024-05-30T13:58:46,82.871140,-55.715733,nan
2024-05-30T13:58:45,82.871109,-55.715710,nan
2024-05-30T13:58:45,82.871071,-55.715694,nan
2024-05-30T13:58:44,82.871033,-55.715675,nan
2024-05-30T13:58:44,82.870995,-55.715660,nan
2024-05-30T13:58:43,82.870956,-55.715641,nan
2024-05-30T13:58:43,82.870926,-55.715626,nan
2024-05-30T13:58:42,82.870888,-55.715614,nan
2024-05-30T13:58:42,82.870850,-55.715599,nan
2024-05-30T13:58:41,82.870811,-55.715588,nan
2024-05-30T13:58:41,82.870781,-55.715576,nan
2024-05-30T13:58:40,82.870743,-55.715565,nan
2024-05-30T13:58:40,82.870705,-55.715553,nan
2024-05-30T13:58:39,82.870667,-55.715542,nan
2024-05-30T13:58:39,82.870628,-55.715534,nan
2024-05-30T13:58:38,82.870598,-55.715527,nan
2024-05-30T13:58:38,82.870560,-55.715515,nan
2024-05-30T13:58:37,82.870522,-55.715504,nan
2024-05-30T13:58:37,82.870483,-55.715500,nan
2024-05-30T13:58:36,82.870445,-55.715488,nan
2024-05-30T13:58:36,82.870407,-55.715485,nan
2024-05-30T13:58:35,82.870377,-55.715477,nan
2024-05-30T13:58:35,82.870338,-55.715473,nan
2024-05-30T13:58:34,82.870300,-55.715466,nan
2024-05-30T13:58:34,82.870262,-55.715466,nan
2024-05-30T13:58:33,82.870224,-55.715462,nan
2024-05-30T13:58:33,82.870186,-55.715462,nan
2024-05-30T13:58:32,82.870148,-55.715458,nan
2024-05-30T13:58:32,82.870117,-55.715450,nan
2024-05-30T13:58:31,82.870079,-55.715450,nan
2024-05-30T13:58:31,82.870041,-55.715443,nan
2024-05-30T13:58:30,82.870010,-55.715443,nan
2024-05-30T13:58:30,82.869972,-55.715435,nan
2024-05-30T13:58:29,82.869934,-55.715435,nan
2024-05-30T13:58:29,82.869896,-55.715427,nan
2024-05-30T13:58:28,82.869858,-55.715420,nan
2024-05-30T13:58:28,82.869827,-55.715412,nan
2024-05-30T13:58:27,82.869789,-55.715401,nan
2024-05-30T13:58:27,82.869751,-55.715385,nan
2024-05-30T13:58:26,82.869713,-55.715370,nan
2024-05-30T13:58:26,82.869675,-55.715355,nan
2024-05-30T13:58:25,82.869629,-55.715336,nan
2024-05-30T13:58:25,82.869591,-55.715321,nan
2024-05-30T13:58:24,82.869553,-55.715302,nan
2024-05-30T13:58:24,82.869514,-55.715290,nan
2024-05-30T13:58:23,82.869476,-55.715279,nan
2024-05-30T13:58:23,82.869431,-55.715271,nan
2024-05-30T13:58:22,82.869392,-55.715260,nan
2024-05-30T13:58:22,82.869354,-55.715256,nan
2024-05-30T13:58:21,82.869316,-55.715244,nan
2024-05-30T13:58:21,82.869278,-55.715237,nan
2024-05-30T13:58:20,82.869232,-55.715225,nan
2024-05-30T13:58:20,82.869194,-55.715214,nan
2024-05-30T13:58:19,82.869156,-55.715199,nan
2024-05-30T13:58:19,82.869110,-55.715187,nan
2024-05-30T13:58:18,82.869072,-55.715172,nan
2024-05-30T13:58:18,82.869034,-55.715157,nan
2024-05-30T13:58:17,82.868988,-55.715141,nan
2024-05-30T13:58:17,82.868950,-55.715126,nan
2024-05-30T13:58:16,82.868912,-55.715107,nan
2024-05-30T13:58:16,82.868866,-55.715080,nan
2024-05-30T13:58:15,82.868828,-55.715054,nan
2024-05-30T13:58:15,82.868782,-55.715023,nan
2024-05-30T13:58:14,82.868744,-55.714993,nan
2024-05-30T13:58:14,82.868698,-55.714951,nan
2024-05-30T13:58:13,82.868660,-55.714909,nan
2024-05-30T13:58:13,82.868614,-55.714851,nan
2024-05-30T13:58:12,82.868576,-55.714790,nan
2024-05-30T13:58:12,82.868530,-55.714714,nan
2024-05-30T13:58:11,82.868492,-55.714638,nan
2024-05-30T13:58:11,82.868454,-55.714550,nan
2024-05-30T13:58:10,82.868408,-55.714466,nan
2024-05-30T13:58:10,82.868370,-55.714378,nan
2024-05-30T13:58:09,82.868332,-55.714283,nan
2024-05-30T13:58:09,82.868286,-55.714188,nan
2024-05-30T13:58:08,82.868248,-55.714085,nan
2024-05-30T13:58:08,82.868202,-55.713982,nan
2024-05-30T13:58:07,82.868164,-55.713867,nan
2024-05-30T13:58:07,82.868126,-55.713757,nan
2024-05-30T13:58:06,82.868088,-55.713638,nan
2024-05-30T13:58:06,82.868042,-55.713520,nan
2024-05-30T13:58:05,82.868004,-55.713402,nan
2024-05-30T13:58:05,82.867966,-55.713284,nan
2024-05-30T13:58:04,82.867920,-55.713169,nan
2024-05-30T13:58:04,82.867882,-55.713047,nan
2024-05-30T13:58:03,82.867844,-55.712933,nan
2024-05-30T13:58:03,82.867798,-55.712814,nan
2024-05-30T13:58:02,82.867760,-55.712696,nan
2024-05-30T13:58:02,82.867722,-55.712578,nan
2024-05-30T13:58:01,82.867683,-55.712463,nan
2024-05-30T13:58:01,82.867645,-55.712349,nan
2024-05-30T13:58:00,82.867599,-55.712238,nan
2024-05-30T13:58:00,82.867561,-55.712124,nan
2024-05-30T13:57:59,82.867523,-55.712013,nan
2024-05-30T13:57:59,82.867485,-55.711903,nan
2024-05-30T13:57:58,82.867439,-55.711792,nan
2024-05-30T13:57:58,82.867401,-55.711681,nan
2024-05-30T13:57:57,82.867363,-55.711571,nan
2024-05-30T13:57:57,82.867317,-55.711456,nan
2024-05-30T13:57:56,82.867279,-55.711342,nan
2024-05-30T13:57:56,82.867233,-55.711227,nan
2024-05-30T13:57:55,82.867195,-55.711113,nan
2024-05-30T13:57:55,82.867149,-55.710999,nan
2024-05-30T13:57:54,82.867111,-55.710880,nan
2024-05-30T13:57:54,82.867065,-55.710766,nan
2024-05-30T13:57:53,82.867027,-55.710648,nan
2024-05-30T13:57:53,82.866982,-55.710529,nan
2024-05-30T13:57:52,82.866943,-55.710419,nan
2024-05-30T13:57:52,82.866905,-55.710297,nan
2024-05-30T13:57:51,82.866859,-55.710182,nan
2024-05-30T13:57:51,82.866821,-55.710060,nan
2024-05-30T13:57:50,82.866776,-55.709942,nan
2024-05-30T13:57:50,82.866730,-55.709816,nan
2024-05-30T13:57:49,82.866692,-55.709698,nan
2024-05-30T13:57:49,82.866646,-55.709568,nan
2024-05-30T13:57:48,82.866600,-55.709438,nan
2024-05-30T13:57:48,82.866554,-55.709301,nan
2024-05-30T13:57:47,82.866516,-55.709160,nan
2024-05-30T13:57:47,82.866470,-55.709015,nan
2024-05-30T13:57:46,82.866425,-55.708866,nan
2024-05-30T13:57:46,82.866379,-55.708717,nan
2024-05-30T13:57:45,82.866333,-55.708565,nan
2024-05-30T13:57:45,82.866287,-55.708405,nan
2024-05-30T13:57:44,82.866241,-55.708248,nan
2024-05-30T13:57:44,82.866196,-55.708092,nan
2024-05-30T13:57:43,82.866150,-55.707935,nan
2024-05-30T13:57:43,82.866104,-55.707779,nan
2024-05-30T13:57:42,82.866051,-55.707626,nan
2024-05-30T13:57:42,82.866005,-55.707470,nan
2024-05-30T13:57:41,82.865959,-55.707317,nan
2024-05-30T13:57:41,82.865913,-55.707161,nan
2024-05-30T13:57:40,82.865868,-55.707008,nan
2024-05-30T13:57:40,82.865822,-55.706856,nan
2024-05-30T13:57:39,82.865776,-55.706707,nan
2024-05-30T13:57:39,82.865730,-55.706558,nan
2024-05-30T13:57:38,82.865685,-55.706413,nan
2024-05-30T13:57:38,82.865639,-55.706264,nan
2024-05-30T13:57:37,82.865585,-55.706116,nan
2024-05-30T13:57:37,82.865540,-55.705967,nan
2024-05-30T13:57:36,82.865494,-55.705818,nan
2024-05-30T13:57:36,82.865448,-55.705669,nan
2024-05-30T13:57:35,82.865395,-55.705517,nan
2024-05-30T13:57:35,82.865349,-55.705364,nan
2024-05-30T13:57:34,82.865303,-55.705208,nan
2024-05-30T13:57:34,82.865257,-55.705055,nan
2024-05-30T13:57:33,82.865211,-55.704899,nan
2024-05-30T13:57:33,82.865158,-55.704742,nan
2024-05-30T13:57:32,82.865112,-55.704586,nan
2024-05-30T13:57:32,82.865067,-55.704430,nan
2024-05-30T13:57:31,82.865021,-55.704273,nan
2024-05-30T13:57:31,82.864967,-55.704117,nan
2024-05-30T13:57:30,82.864922,-55.703960,nan
2024-05-30T13:57:30,82.864876,-55.703800,nan
2024-05-30T13:57:29,82.864822,-55.703644,nan
2024-05-30T13:57:29,82.864777,-55.703480,nan
2024-05-30T13:57:28,82.864731,-55.703316,nan
2024-05-30T13:57:28,82.864677,-55.703152,nan
2024-05-30T13:57:27,82.864632,-55.702980,nan
2024-05-30T13:57:27,82.864586,-55.702808,nan
2024-05-30T13:57:26,82.864540,-55.702644,nan
2024-05-30T13:57:26,82.864487,-55.702477,nan
2024-05-30T13:57:25,82.864441,-55.702309,nan
2024-05-30T13:57:25,82.864395,-55.702141,nan
2024-05-30T13:57:24,82.864349,-55.701977,nan
2024-05-30T13:57:24,82.864296,-55.701809,nan
2024-05-30T13:57:23,82.864250,-55.701645,nan
2024-05-30T13:57:23,82.864204,-55.701477,nan
2024-05-30T13:57:22,82.864159,-55.701313,nan
2024-05-30T13:57:22,82.864105,-55.701145,nan
2024-05-30T13:57:21,82.864059,-55.700974,nan
2024-05-30T13:57:21,82.864014,-55.700809,nan
2024-05-30T13:57:20,82.863960,-55.700638,nan
2024-05-30T13:57:20,82.863914,-55.700470,nan
2024-05-30T13:57:19,82.863869,-55.700298,nan
2024-05-30T13:57:19,82.863815,-55.700130,nan
2024-05-30T13:57:18,82.863770,-55.699959,nan
2024-05-30T13:57:18,82.863724,-55.699787,nan
2024-05-30T13:57:17,82.863670,-55.699623,nan
2024-05-30T13:57:17,82.863625,-55.699455,nan
2024-05-30T13:57:16,82.863571,-55.699280,nan
2024-05-30T13:57:16,82.863525,-55.699108,nan
2024-05-30T13:57:15,82.863472,-55.698936,nan
2024-05-30T13:57:15,82.863426,-55.698765,nan
2024-05-30T13:57:14,82.863373,-55.698593,nan
2024-05-30T13:57:14,82.863327,-55.698421,nan
2024-05-30T13:57:13,82.863274,-55.698250,nan
2024-05-30T13:57:13,82.863220,-55.698074,nan
2024-05-30T13:57:12,82.863174,-55.697903,nan
2024-05-30T13:57:12,82.863121,-55.697723,nan
2024-05-30T13:57:11,82.863075,-55.697552,nan
2024-05-30T13:57:11,82.863022,-55.697372,nan
2024-05-30T13:57:10,82.862976,-55.697197,nan
2024-05-30T13:57:10,82.862923,-55.697014,nan
2024-05-30T13:57:09,82.862877,-55.696831,nan
2024-05-30T13:57:09,82.862823,-55.696648,nan
2024-05-30T13:57:08,82.862778,-55.696461,nan
2024-05-30T13:57:08,82.862724,-55.696274,nan
2024-05-30T13:57:07,82.862679,-55.696079,nan
2024-05-30T13:57:07,82.862633,-55.695889,nan
2024-05-30T13:57:06,82.862579,-55.695698,nan
2024-05-30T13:57:06,82.862534,-55.695503,nan
2024-05-30T13:57:05,82.862488,-55.695312,nan
2024-05-30T13:57:05,82.862434,-55.695114,nan
2024-05-30T13:57:04,82.862389,-55.694920,nan
2024-05-30T13:57:04,82.862343,-55.694725,nan
2024-05-30T13:57:03,82.862297,-55.694530,nan
2024-05-30T13:57:03,82.862251,-55.694332,nan
2024-05-30T13:57:02,82.862206,-55.694138,nan
2024-05-30T13:57:02,82.862152,-55.693939,nan
2024-05-30T13:57:01,82.862106,-55.693741,nan
2024-05-30T13:57:01,82.862061,-55.693542,nan
2024-05-30T13:57:00,82.862015,-55.693348,nan
2024-05-30T13:57:00,82.861969,-55.693142,nan
2024-05-30T13:56:59,82.861923,-55.692944,nan
2024-05-30T13:56:59,82.861877,-55.692741,nan
2024-05-30T13:56:58,82.861832,-55.692535,nan
2024-05-30T13:56:58,82.861786,-55.692329,nan
2024-05-30T13:56:57,82.861740,-55.692123,nan
2024-05-30T13:56:57,82.861694,-55.691921,nan
2024-05-30T13:56:56,82.861656,-55.691711,nan
2024-05-30T13:56:56,82.861610,-55.691509,nan
2024-05-30T13:56:55,82.861565,-55.691299,nan
2024-05-30T13:56:55,82.861519,-55.691093,nan
2024-05-30T13:56:54,82.861481,-55.690887,nan
2024-05-30T13:56:54,82.861435,-55.690681,nan
2024-05-30T13:56:53,82.861389,-55.690472,nan
2024-05-30T13:56:53,82.861343,-55.690266,nan
2024-05-30T13:56:52,82.861305,-55.690060,nan
2024-05-30T13:56:52,82.861259,-55.689850,nan
2024-05-30T13:56:51,82.861214,-55.689636,nan
2024-05-30T13:56:51,82.861168,-55.689426,nan
2024-05-30T13:56:50,82.861122,-55.689220,nan
2024-05-30T13:56:50,82.861076,-55.689011,nan
2024-05-30T13:56:49,82.861031,-55.688805,nan
2024-05-30T13:56:49,82.860992,-55.688595,nan
2024-05-30T13:56:48,82.860947,-55.688389,nan
2024-05-30T13:56:48,82.860901,-55.688183,nan
2024-05-30T13:56:47,82.860855,-55.687973,nan
2024-05-30T13:56:47,82.860809,-55.687763,nan
2024-05-30T13:56:46,82.860764,-55.687553,nan
2024-05-30T13:56:46,82.860718,-55.687347,nan
2024-05-30T13:56:45,82.860680,-55.687138,nan
2024-05-30T13:56:45,82.860634,-55.686928,nan
2024-05-30T13:56:44,82.860588,-55.686718,nan
2024-05-30T13:56:44,82.860542,-55.686508,nan
2024-05-30T13:56:43,82.860497,-55.686302,nan
2024-05-30T13:56:43,82.860451,-55.686092,nan
2024-05-30T13:56:42,82.860405,-55.685886,nan
2024-05-30T13:56:42,82.860359,-55.685680,nan
2024-05-30T13:56:41,82.860313,-55.685478,nan
2024-05-30T13:56:41,82.860268,-55.685280,nan
2024-05-30T13:56:40,82.860222,-55.685074,nan
2024-05-30T13:56:40,82.860176,-55.684872,nan
2024-05-30T13:56:39,82.860130,-55.684662,nan
2024-05-30T13:56:39,82.860085,-55.684460,nan
2024-05-30T13:56:38,82.860039,-55.684250,nan
2024-05-30T13:56:38,82.859993,-55.684044,nan
2024-05-30T13:56:37,82.859947,-55.683834,nan
2024-05-30T13:56:37,82.859901,-55.683624,nan
2024-05-30T13:56:36,82.859863,-55.683414,nan
2024-05-30T13:56:36,82.859818,-55.683208,nan
2024-05-30T13:56:35,82.859772,-55.683002,nan
2024-05-30T13:56:35,82.859718,-55.682793,nan
2024-05-30T13:56:34,82.859673,-55.682590,nan
2024-05-30T13:56:34,82.859627,-55.682384,nan
2024-05-30T13:56:33,82.859581,-55.682182,nan
2024-05-30T13:56:33,82.859528,-55.681980,nan
2024-05-30T13:56:32,82.859482,-55.681789,nan
2024-05-30T13:56:32,82.859428,-55.681591,nan
2024-05-30T13:56:31,82.859375,-55.681393,nan
2024-05-30T13:56:31,82.859322,-55.681202,nan
2024-05-30T13:56:30,82.859276,-55.681000,nan
2024-05-30T13:56:30,82.859222,-55.680801,nan
2024-05-30T13:56:29,82.859169,-55.680603,nan
2024-05-30T13:56:29,82.859116,-55.680401,nan
2024-05-30T13:56:28,82.859062,-55.680202,nan
2024-05-30T13:56:28,82.859001,-55.680000,nan
2024-05-30T13:56:27,82.858948,-55.679798,nan
2024-05-30T13:56:27,82.858894,-55.679592,nan
2024-05-30T13:56:26,82.858841,-55.679386,nan
2024-05-30T13:56:26,82.858780,-55.679176,nan
2024-05-30T13:56:25,82.858727,-55.678970,nan
2024-05-30T13:56:25,82.858673,-55.678761,nan
2024-05-30T13:56:24,82.858612,-55.678551,nan
2024-05-30T13:56:24,82.858559,-55.678337,nan
2024-05-30T13:56:23,82.858498,-55.678123,nan
2024-05-30T13:56:23,82.858444,-55.677906,nan
2024-05-30T13:56:22,82.858383,-55.677692,nan
2024-05-30T13:56:22,82.858322,-55.677471,nan
2024-05-30T13:56:21,82.858261,-55.677258,nan
2024-05-30T13:56:21,82.858200,-55.677036,nan
2024-05-30T13:56:20,82.858139,-55.676823,nan
2024-05-30T13:56:20,82.858070,-55.676601,nan
2024-05-30T13:56:19,82.858009,-55.676384,nan
2024-05-30T13:56:19,82.857948,-55.676163,nan
2024-05-30T13:56:18,82.857880,-55.675945,nan
2024-05-30T13:56:18,82.857811,-55.675728,nan
2024-05-30T13:56:17,82.857742,-55.675510,nan
2024-05-30T13:56:17,82.857681,-55.675301,nan
2024-05-30T13:56:16,82.857613,-55.675091,nan
2024-05-30T13:56:16,82.857536,-55.674885,nan
2024-05-30T13:56:15,82.857468,-55.674686,nan
2024-05-30T13:56:15,82.857399,-55.674488,nan
2024-05-30T13:56:14,82.857330,-55.674297,nan
2024-05-30T13:56:14,82.857262,-55.674110,nan
2024-05-30T13:56:13,82.857185,-55.673927,nan
2024-05-30T13:56:13,82.857117,-55.673752,nan
2024-05-30T13:56:12,82.857048,-55.673573,nan
2024-05-30T13:56:12,82.856979,-55.673405,nan
2024-05-30T13:56:11,82.856911,-55.673237,nan
2024-05-30T13:56:11,82.856842,-55.673073,nan
2024-05-30T13:56:10,82.856773,-55.672909,nan
2024-05-30T13:56:10,82.856705,-55.672749,nan
2024-05-30T13:56:09,82.856636,-55.672588,nan
2024-05-30T13:56:09,82.856567,-55.672432,nan
2024-05-30T13:56:08,82.856506,-55.672276,nan
2024-05-30T13:56:08,82.856445,-55.672127,nan
2024-05-30T13:56:07,82.856377,-55.671974,nan
2024-05-30T13:56:07,82.856316,-55.671825,nan
2024-05-30T13:56:06,82.856255,-55.671677,nan
2024-05-30T13:56:06,82.856194,-55.671520,nan
2024-05-30T13:56:05,82.856133,-55.671368,nan
2024-05-30T13:56:05,82.856079,-55.671215,nan
2024-05-30T13:56:04,82.856018,-55.671062,nan
2024-05-30T13:56:04,82.855957,-55.670910,nan
2024-05-30T13:56:03,82.855904,-55.670757,nan
2024-05-30T13:56:03,82.855843,-55.670609,nan
2024-05-30T13:56:02,82.855789,-55.670460,nan
2024-05-30T13:56:02,82.855728,-55.670315,nan
2024-05-30T13:56:01,82.855667,-55.670166,nan
2024-05-30T13:56:01,82.855614,-55.670017,nan
2024-05-30T13:56:00,82.855553,-55.669868,nan
2024-05-30T13:56:00,82.855492,-55.669716,nan
2024-05-30T13:55:59,82.855438,-55.669559,nan
2024-05-30T13:55:59,82.855377,-55.669399,nan
2024-05-30T13:55:58,82.855316,-55.669239,nan
2024-05-30T13:55:58,82.855255,-55.669071,nan
2024-05-30T13:55:57,82.855194,-55.668907,nan
2024-05-30T13:55:57,82.855133,-55.668743,nan
2024-05-30T13:55:56,82.855072,-55.668575,nan
2024-05-30T13:55:56,82.855011,-55.668411,nan
2024-05-30T13:55:55,82.854950,-55.668240,nan
2024-05-30T13:55:55,82.854889,-55.668064,nan
2024-05-30T13:55:54,82.854820,-55.667889,nan
2024-05-30T13:55:54,82.854759,-55.667706,nan
2024-05-30T13:55:53,82.854698,-55.667522,nan
2024-05-30T13:55:53,82.854630,-55.667336,nan
2024-05-30T13:55:52,82.854561,-55.667145,nan
2024-05-30T13:55:52,82.854492,-55.666950,nan
2024-05-30T13:55:51,82.854431,-55.666759,nan
2024-05-30T13:55:51,82.854362,-55.666557,nan
2024-05-30T13:55:50,82.854294,-55.666359,nan
2024-05-30T13:55:50,82.854225,-55.666157,nan
2024-05-30T13:55:49,82.854156,-55.665955,nan
2024-05-30T13:55:49,82.854080,-55.665756,nan
2024-05-30T13:55:48,82.854012,-55.665558,nan
2024-05-30T13:55:48,82.853943,-55.665359,nan
2024-05-30T13:55:47,82.853874,-55.665161,nan
2024-05-30T13:55:47,82.853806,-55.664967,nan
2024-05-30T13:55:46,82.853737,-55.664768,nan
2024-05-30T13:55:46,82.853668,-55.664570,nan
2024-05-30T13:55:45,82.853600,-55.664371,nan
2024-05-30T13:55:45,82.853531,-55.664173,nan
2024-05-30T13:55:44,82.853462,-55.663975,nan
2024-05-30T13:55:44,82.853401,-55.663776,nan
2024-05-30T13:55:43,82.853333,-55.663582,nan
2024-05-30T13:55:43,82.853264,-55.663383,nan
2024-05-30T13:55:42,82.853203,-55.663185,nan
2024-05-30T13:55:42,82.853142,-55.662987,nan
2024-05-30T13:55:41,82.853073,-55.662785,nan
2024-05-30T13:55:41,82.853012,-55.662582,nan
2024-05-30T13:55:40,82.852951,-55.662369,nan
2024-05-30T13:55:40,82.852882,-55.662148,nan
2024-05-30T13:55:39,82.852821,-55.661934,nan
2024-05-30T13:55:39,82.852760,-55.661709,nan
2024-05-30T13:55:38,82.852692,-55.661484,nan
2024-05-30T13:55:38,82.852631,-55.661259,nan
2024-05-30T13:55:37,82.852562,-55.661026,nan
2024-05-30T13:55:37,82.852501,-55.660793,nan
2024-05-30T13:55:36,82.852432,-55.660553,nan
2024-05-30T13:55:36,82.852371,-55.660316,nan
2024-05-30T13:55:35,82.852303,-55.660076,nan
2024-05-30T13:55:35,82.852242,-55.659836,nan
2024-05-30T13:55:34,82.852173,-55.659595,nan
2024-05-30T13:55:34,82.852104,-55.659359,nan
2024-05-30T13:55:33,82.852043,-55.659115,nan
2024-05-30T13:55:33,82.851974,-55.658882,nan
2024-05-30T13:55:32,82.851906,-55.658649,nan
2024-05-30T13:55:32,82.851837,-55.658417,nan
2024-05-30T13:55:31,82.851768,-55.658184,nan
2024-05-30T13:55:31,82.851692,-55.657959,nan
2024-05-30T13:55:30,82.851624,-55.657730,nan
2024-05-30T13:55:30,82.851547,-55.657513,nan
2024-05-30T13:55:29,82.851479,-55.657291,nan
2024-05-30T13:55:29,82.851402,-55.657074,nan
2024-05-30T13:55:28,82.851334,-55.656860,nan
2024-05-30T13:55:28,82.851257,-55.656647,nan
2024-05-30T13:55:27,82.851181,-55.656433,nan
2024-05-30T13:55:27,82.851105,-55.656227,nan
2024-05-30T13:55:26,82.851036,-55.656021,nan
2024-05-30T13:55:26,82.850960,-55.655815,nan
2024-05-30T13:55:25,82.850883,-55.655609,nan
2024-05-30T13:55:25,82.850807,-55.655403,nan
2024-05-30T13:55:24,82.850723,-55.655205,nan
2024-05-30T13:55:24,82.850647,-55.654999,nan
2024-05-30T13:55:23,82.850571,-55.654800,nan
2024-05-30T13:55:23,82.850494,-55.654598,nan
2024-05-30T13:55:22,82.850418,-55.654400,nan
2024-05-30T13:55:22,82.850342,-55.654198,nan
2024-05-30T13:55:21,82.850266,-55.653996,nan
2024-05-30T13:55:21,82.850197,-55.653790,nan
2024-05-30T13:55:20,82.850121,-55.653580,nan
2024-05-30T13:55:20,82.850052,-55.653378,nan
2024-05-30T13:55:19,82.849976,-55.653164,nan
2024-05-30T13:55:19,82.849907,-55.652950,nan
2024-05-30T13:55:18,82.849838,-55.652733,nan
2024-05-30T13:55:18,82.849762,-55.652504,nan
2024-05-30T13:55:17,82.849693,-55.652279,nan
2024-05-30T13:55:17,82.849625,-55.652054,nan
2024-05-30T13:55:16,82.849548,-55.651821,nan
2024-05-30T13:55:16,82.849480,-55.651585,nan
2024-05-30T13:55:15,82.849411,-55.651348,nan
2024-05-30T13:55:15,82.849342,-55.651100,nan
2024-05-30T13:55:14,82.849266,-55.650852,nan
2024-05-30T13:55:14,82.849197,-55.650597,nan
2024-05-30T13:55:13,82.849121,-55.650333,nan
2024-05-30T13:55:13,82.849052,-55.650066,nan
2024-05-30T13:55:12,82.848976,-55.649796,nan
2024-05-30T13:55:12,82.848907,-55.649525,nan
2024-05-30T13:55:11,82.848831,-55.649254,nan
2024-05-30T13:55:11,82.848763,-55.648972,nan
2024-05-30T13:55:10,82.848686,-55.648689,nan
2024-05-30T13:55:10,82.848610,-55.648399,nan
2024-05-30T13:55:09,82.848534,-55.648106,nan
2024-05-30T13:55:09,82.848457,-55.647808,nan
2024-05-30T13:55:08,82.848381,-55.647503,nan
2024-05-30T13:55:08,82.848305,-55.647205,nan
2024-05-30T13:55:07,82.848228,-55.646904,nan
2024-05-30T13:55:07,82.848152,-55.646599,nan
2024-05-30T13:55:06,82.848076,-55.646301,nan
2024-05-30T13:55:06,82.848000,-55.646004,nan
2024-05-30T13:55:05,82.847916,-55.645706,nan
2024-05-30T13:55:05,82.847839,-55.645416,nan
2024-05-30T13:55:04,82.847763,-55.645126,nan
2024-05-30T13:55:04,82.847687,-55.644844,nan
2024-05-30T13:55:03,82.847603,-55.644562,nan
2024-05-30T13:55:03,82.847527,-55.644279,nan
2024-05-30T13:55:02,82.847443,-55.644009,nan
2024-05-30T13:55:02,82.847366,-55.643734,nan
2024-05-30T13:55:01,82.847282,-55.643463,nan
2024-05-30T13:55:01,82.847206,-55.643200,nan
2024-05-30T13:55:00,82.847122,-55.642937,nan
2024-05-30T13:55:00,82.847046,-55.642670,nan
2024-05-30T13:54:59,82.846970,-55.642410,nan
2024-05-30T13:54:59,82.846886,-55.642151,nan
2024-05-30T13:54:58,82.846809,-55.641888,nan
2024-05-30T13:54:58,82.846725,-55.641632,nan
2024-05-30T13:54:57,82.846649,-55.641369,nan
2024-05-30T13:54:57,82.846573,-55.641113,nan
2024-05-30T13:54:56,82.846497,-55.640854,nan
2024-05-30T13:54:56,82.846413,-55.640598,nan
2024-05-30T13:54:55,82.846336,-55.640347,nan
2024-05-30T13:54:55,82.846260,-55.640099,nan
2024-05-30T13:54:54,82.846184,-55.639858,nan
2024-05-30T13:54:54,82.846100,-55.639622,nan
2024-05-30T13:54:53,82.846024,-55.639381,nan
2024-05-30T13:54:53,82.845947,-55.639153,nan
2024-05-30T13:54:52,82.845863,-55.638920,nan
2024-05-30T13:54:52,82.845787,-55.638695,nan
2024-05-30T13:54:51,82.845711,-55.638474,nan
2024-05-30T13:54:51,82.845634,-55.638252,nan
2024-05-30T13:54:50,82.845558,-55.638039,nan
2024-05-30T13:54:50,82.845482,-55.637817,nan
2024-05-30T13:54:49,82.845406,-55.637608,nan
2024-05-30T13:54:49,82.845329,-55.637390,nan
2024-05-30T13:54:48,82.845253,-55.637169,nan
2024-05-30T13:54:48,82.845184,-55.636963,nan
2024-05-30T13:54:47,82.845108,-55.636745,nan
2024-05-30T13:54:47,82.845032,-55.636536,nan
2024-05-30T13:54:46,82.844963,-55.636326,nan
2024-05-30T13:54:46,82.844887,-55.636112,nan
2024-05-30T13:54:45,82.844810,-55.635902,nan
2024-05-30T13:54:45,82.844734,-55.635696,nan
2024-05-30T13:54:44,82.844666,-55.635487,nan
2024-05-30T13:54:44,82.844589,-55.635281,nan
2024-05-30T13:54:43,82.844513,-55.635078,nan
2024-05-30T13:54:43,82.844437,-55.634869,nan
2024-05-30T13:54:42,82.844368,-55.634663,nan
2024-05-30T13:54:42,82.844292,-55.634453,nan
2024-05-30T13:54:41,82.844215,-55.634239,nan
2024-05-30T13:54:41,82.844147,-55.634022,nan
2024-05-30T13:54:40,82.844078,-55.633801,nan
2024-05-30T13:54:40,82.844002,-55.633572,nan
2024-05-30T13:54:39,82.843933,-55.633335,nan
2024-05-30T13:54:39,82.843857,-55.633099,nan
2024-05-30T13:54:38,82.843788,-55.632851,nan
2024-05-30T13:54:38,82.843719,-55.632603,nan
2024-05-30T13:54:37,82.843643,-55.632343,nan
2024-05-30T13:54:37,82.843575,-55.632080,nan
2024-05-30T13:54:36,82.843506,-55.631817,nan
2024-05-30T13:54:36,82.843430,-55.631550,nan
2024-05-30T13:54:35,82.843353,-55.631279,nan
2024-05-30T13:54:35,82.843285,-55.631004,nan
2024-05-30T13:54:34,82.843208,-55.630730,nan
2024-05-30T13:54:34,82.843132,-55.630447,nan
2024-05-30T13:54:33,82.843056,-55.630157,nan
2024-05-30T13:54:33,82.842979,-55.629875,nan
2024-05-30T13:54:32,82.842911,-55.629581,nan
2024-05-30T13:54:32,82.842834,-55.629295,nan
2024-05-30T13:54:31,82.842751,-55.629002,nan
2024-05-30T13:54:31,82.842674,-55.628700,nan
2024-05-30T13:54:30,82.842598,-55.628399,nan
2024-05-30T13:54:30,82.842522,-55.628090,nan
2024-05-30T13:54:29,82.842445,-55.627781,nan
2024-05-30T13:54:29,82.842369,-55.627468,nan
2024-05-30T13:54:28,82.842293,-55.627148,nan
2024-05-30T13:54:28,82.842209,-55.626816,nan
2024-05-30T13:54:27,82.842133,-55.626492,nan
2024-05-30T13:54:27,82.842056,-55.626160,nan
2024-05-30T13:54:26,82.841972,-55.625828,nan
2024-05-30T13:54:26,82.841896,-55.625504,nan
2024-05-30T13:54:25,82.841812,-55.625179,nan
2024-05-30T13:54:25,82.841736,-55.624855,nan
2024-05-30T13:54:24,82.841652,-55.624527,nan
2024-05-30T13:54:24,82.841576,-55.624207,nan
2024-05-30T13:54:23,82.841492,-55.623882,nan
2024-05-30T13:54:23,82.841415,-55.623550,nan
2024-05-30T13:54:22,82.841331,-55.623222,nan
2024-05-30T13:54:22,82.841248,-55.622898,nan
2024-05-30T13:54:21,82.841171,-55.622574,nan
2024-05-30T13:54:21,82.841087,-55.622265,nan
2024-05-30T13:54:20,82.841011,-55.621964,nan
2024-05-30T13:54:20,82.840927,-55.621662,nan
2024-05-30T13:54:19,82.840851,-55.621368,nan
2024-05-30T13:54:19,82.840767,-55.621090,nan
2024-05-30T13:54:18,82.840691,-55.620811,nan
2024-05-30T13:54:18,82.840607,-55.620537,nan
2024-05-30T13:54:17,82.840523,-55.620274,nan
2024-05-30T13:54:17,82.840446,-55.620014,nan
2024-05-30T13:54:16,82.840363,-55.619762,nan
2024-05-30T13:54:16,82.840286,-55.619511,nan
2024-05-30T13:54:15,82.840202,-55.619270,nan
2024-05-30T13:54:15,82.840126,-55.619030,nan
2024-05-30T13:54:14,82.840050,-55.618790,nan
2024-05-30T13:54:14,82.839966,-55.618553,nan
2024-05-30T13:54:13,82.839890,-55.618313,nan
2024-05-30T13:54:13,82.839813,-55.618073,nan
2024-05-30T13:54:12,82.839729,-55.617844,nan
2024-05-30T13:54:12,82.839653,-55.617611,nan
2024-05-30T13:54:11,82.839577,-55.617382,nan
2024-05-30T13:54:11,82.839500,-55.617157,nan
2024-05-30T13:54:10,82.839424,-55.616940,nan
2024-05-30T13:54:10,82.839348,-55.616714,nan
2024-05-30T13:54:09,82.839272,-55.616489,nan
2024-05-30T13:54:09,82.839195,-55.616272,nan
2024-05-30T13:54:08,82.839119,-55.616043,nan
2024-05-30T13:54:08,82.839043,-55.615810,nan
2024-05-30T13:54:07,82.838966,-55.615582,nan
2024-05-30T13:54:07,82.838898,-55.615353,nan
2024-05-30T13:54:06,82.838821,-55.615116,nan
2024-05-30T13:54:06,82.838753,-55.614876,nan
2024-05-30T13:54:05,82.838676,-55.614639,nan
2024-05-30T13:54:05,82.838608,-55.614395,nan
2024-05-30T13:54:04,82.838531,-55.614147,nan
2024-05-30T13:54:04,82.838463,-55.613903,nan
2024-05-30T13:54:03,82.838394,-55.613647,nan
2024-05-30T13:54:03,82.838318,-55.613384,nan
2024-05-30T13:54:02,82.838249,-55.613121,nan
2024-05-30T13:54:02,82.838181,-55.612865,nan
2024-05-30T13:54:01,82.838104,-55.612598,nan
2024-05-30T13:54:01,82.838028,-55.612331,nan
2024-05-30T13:54:00,82.837959,-55.612064,nan
2024-05-30T13:54:00,82.837883,-55.611790,nan
2024-05-30T13:53:59,82.837807,-55.611511,nan
2024-05-30T13:53:59,82.837738,-55.611240,nan
2024-05-30T13:53:58,82.837662,-55.610962,nan
2024-05-30T13:53:58,82.837585,-55.610680,nan
2024-05-30T13:53:57,82.837517,-55.610401,nan
2024-05-30T13:53:57,82.837440,-55.610111,nan
2024-05-30T13:53:56,82.837364,-55.609821,nan
2024-05-30T13:53:56,82.837288,-55.609528,nan
2024-05-30T13:53:55,82.837212,-55.609234,nan
2024-05-30T13:53:55,82.837135,-55.608932,nan
2024-05-30T13:53:54,82.837067,-55.608631,nan
2024-05-30T13:53:54,82.836990,-55.608326,nan
2024-05-30T13:53:53,82.836914,-55.608013,nan
2024-05-30T13:53:53,82.836838,-55.607693,nan
2024-05-30T13:53:52,82.836769,-55.607372,nan
2024-05-30T13:53:52,82.836693,-55.607040,nan
2024-05-30T13:53:51,82.836624,-55.606701,nan
2024-05-30T13:53:51,82.836548,-55.606361,nan
2024-05-30T13:53:50,82.836479,-55.606010,nan
2024-05-30T13:53:50,82.836403,-55.605656,nan
2024-05-30T13:53:49,82.836327,-55.605293,nan
2024-05-30T13:53:49,82.836258,-55.604935,nan
2024-05-30T13:53:48,82.836182,-55.604565,nan
2024-05-30T13:53:48,82.836105,-55.604187,nan
2024-05-30T13:53:47,82.836037,-55.603806,nan
2024-05-30T13:53:47,82.835960,-55.603416,nan
2024-05-30T13:53:46,82.835884,-55.603024,nan
2024-05-30T13:53:46,82.835808,-55.602627,nan
2024-05-30T13:53:45,82.835739,-55.602222,nan
2024-05-30T13:53:45,82.835663,-55.601822,nan
2024-05-30T13:53:44,82.835587,-55.601421,nan
2024-05-30T13:53:44,82.835510,-55.601021,nan
2024-05-30T13:53:43,82.835442,-55.600628,nan
2024-05-30T13:53:43,82.835365,-55.600235,nan
2024-05-30T13:53:42,82.835289,-55.599838,nan
2024-05-30T13:53:42,82.835220,-55.599438,nan
2024-05-30T13:53:41,82.835144,-55.599037,nan
2024-05-30T13:53:41,82.835068,-55.598633,nan
2024-05-30T13:53:40,82.834999,-55.598217,nan
2024-05-30T13:53:40,82.834923,-55.597797,nan
2024-05-30T13:53:39,82.834846,-55.597378,nan
2024-05-30T13:53:39,82.834778,-55.596951,nan
2024-05-30T13:53:38,82.834702,-55.596523,nan
2024-05-30T13:53:38,82.834625,-55.596096,nan
2024-05-30T13:53:37,82.834557,-55.595665,nan
2024-05-30T13:53:37,82.834480,-55.595226,nan
2024-05-30T13:53:36,82.834404,-55.594795,nan
2024-05-30T13:53:36,82.834328,-55.594372,nan
2024-05-30T13:53:35,82.834251,-55.593945,nan
2024-05-30T13:53:35,82.834175,-55.593521,nan
2024-05-30T13:53:34,82.834099,-55.593105,nan
2024-05-30T13:53:34,82.834030,-55.592693,nan
2024-05-30T13:53:33,82.833954,-55.592278,nan
2024-05-30T13:53:33,82.833878,-55.591854,nan
2024-05-30T13:53:32,82.833809,-55.591431,nan
2024-05-30T13:53:32,82.833733,-55.591000,nan
2024-05-30T13:53:31,82.833664,-55.590565,nan
2024-05-30T13:53:31,82.833588,-55.590137,nan
2024-05-30T13:53:30,82.833519,-55.589710,nan
2024-05-30T13:53:30,82.833450,-55.589287,nan
2024-05-30T13:53:29,82.833374,-55.588867,nan
2024-05-30T13:53:29,82.833305,-55.588463,nan
2024-05-30T13:53:28,82.833237,-55.588062,nan
2024-05-30T13:53:28,82.833168,-55.587662,nan
2024-05-30T13:53:27,82.833099,-55.587257,nan
2024-05-30T13:53:27,82.833031,-55.586853,nan
2024-05-30T13:53:26,82.832962,-55.586445,nan
2024-05-30T13:53:26,82.832893,-55.586029,nan
2024-05-30T13:53:25,82.832825,-55.585609,nan
2024-05-30T13:53:25,82.832756,-55.585186,nan
2024-05-30T13:53:24,82.832687,-55.584763,nan
2024-05-30T13:53:24,82.832626,-55.584328,nan
2024-05-30T13:53:23,82.832558,-55.583897,nan
2024-05-30T13:53:23,82.832497,-55.583462,nan
2024-05-30T13:53:22,82.832428,-55.583027,nan
2024-05-30T13:53:22,82.832367,-55.582588,nan
2024-05-30T13:53:21,82.832298,-55.582146,nan
2024-05-30T13:53:21,82.832237,-55.581711,nan
2024-05-30T13:53:20,82.832176,-55.581276,nan
2024-05-30T13:53:20,82.832108,-55.580837,nan
2024-05-30T13:53:19,82.832047,-55.580410,nan
2024-05-30T13:53:19,82.831985,-55.579990,nan
2024-05-30T13:53:18,82.831924,-55.579578,nan
2024-05-30T13:53:18,82.831863,-55.579166,nan
2024-05-30T13:53:17,82.831795,-55.578762,nan
2024-05-30T13:53:17,82.831734,-55.578373,nan
2024-05-30T13:53:16,82.831673,-55.577991,nan
2024-05-30T13:53:16,82.831612,-55.577618,nan
2024-05-30T13:53:15,82.831551,-55.577251,nan
2024-05-30T13:53:15,82.831490,-55.576897,nan
2024-05-30T13:53:14,82.831429,-55.576546,nan
2024-05-30T13:53:14,82.831367,-55.576202,nan
2024-05-30T13:53:13,82.831306,-55.575863,nan
2024-05-30T13:53:13,82.831245,-55.575535,nan
2024-05-30T13:53:12,82.831184,-55.575214,nan
2024-05-30T13:53:12,82.831131,-55.574905,nan
2024-05-30T13:53:11,82.831070,-55.574596,nan
2024-05-30T13:53:11,82.831017,-55.574291,nan
2024-05-30T13:53:10,82.830956,-55.573997,nan
2024-05-30T13:53:10,82.830902,-55.573711,nan
2024-05-30T13:53:09,82.830849,-55.573429,nan
2024-05-30T13:53:09,82.830788,-55.573147,nan
2024-05-30T13:53:08,82.830734,-55.572872,nan
2024-05-30T13:53:08,82.830681,-55.572598,nan
2024-05-30T13:53:07,82.830627,-55.572330,nan
2024-05-30T13:53:07,82.830574,-55.572067,nan
2024-05-30T13:53:06,82.830521,-55.571808,nan
2024-05-30T13:53:06,82.830467,-55.571552,nan
2024-05-30T13:53:05,82.830414,-55.571297,nan
2024-05-30T13:53:05,82.830360,-55.571045,nan
2024-05-30T13:53:04,82.830307,-55.570793,nan
2024-05-30T13:53:04,82.830261,-55.570541,nan
2024-05-30T13:53:03,82.830208,-55.570290,nan
2024-05-30T13:53:03,82.830154,-55.570038,nan
2024-05-30T13:53:02,82.830109,-55.569790,nan
2024-05-30T13:53:02,82.830055,-55.569542,nan
2024-05-30T13:53:01,82.830009,-55.569294,nan
2024-05-30T13:53:01,82.829956,-55.569035,nan
2024-05-30T13:53:00,82.829910,-55.568779,nan
2024-05-30T13:53:00,82.829857,-55.568523,nan
2024-05-30T13:52:59,82.829811,-55.568272,nan
2024-05-30T13:52:59,82.829758,-55.568012,nan
2024-05-30T13:52:58,82.829704,-55.567760,nan
2024-05-30T13:52:58,82.829651,-55.567513,nan
2024-05-30T13:52:57,82.829597,-55.567272,nan
2024-05-30T13:52:57,82.829544,-55.567036,nan
2024-05-30T13:52:56,82.829491,-55.566795,nan
2024-05-30T13:52:56,82.829437,-55.566563,nan
2024-05-30T13:52:55,82.829384,-55.566330,nan
2024-05-30T13:52:55,82.829330,-55.566093,nan
2024-05-30T13:52:54,82.829277,-55.565853,nan
2024-05-30T13:52:54,82.829224,-55.565617,nan
2024-05-30T13:52:53,82.829170,-55.565376,nan
2024-05-30T13:52:53,82.829117,-55.565128,nan
2024-05-30T13:52:52,82.829056,-55.564877,nan
2024-05-30T13:52:52,82.829002,-55.564613,nan
2024-05-30T13:52:51,82.828949,-55.564354,nan
2024-05-30T13:52:51,82.828896,-55.564079,nan
2024-05-30T13:52:50,82.828842,-55.563801,nan
2024-05-30T13:52:50,82.828789,-55.563515,nan
2024-05-30T13:52:49,82.828735,-55.563221,nan
2024-05-30T13:52:49,82.828682,-55.562927,nan
2024-05-30T13:52:48,82.828629,-55.562618,nan
2024-05-30T13:52:48,82.828583,-55.562309,nan
2024-05-30T13:52:47,82.828529,-55.561993,nan
2024-05-30T13:52:47,82.828476,-55.561691,nan
2024-05-30T13:52:46,82.828430,-55.561386,nan
2024-05-30T13:52:46,82.828384,-55.561085,nan
2024-05-30T13:52:45,82.828331,-55.560791,nan
2024-05-30T13:52:45,82.828285,-55.560509,nan
2024-05-30T13:52:44,82.828239,-55.560223,nan
2024-05-30T13:52:44,82.828194,-55.559940,nan
2024-05-30T13:52:43,82.828148,-55.559658,nan
2024-05-30T13:52:43,82.828102,-55.559383,nan
2024-05-30T13:52:42,82.828056,-55.559113,nan
2024-05-30T13:52:42,82.828003,-55.558834,nan
2024-05-30T13:52:41,82.827957,-55.558556,nan
2024-05-30T13:52:41,82.827904,-55.558270,nan
2024-05-30T13:52:40,82.827858,-55.557983,nan
2024-05-30T13:52:40,82.827805,-55.557697,nan
2024-05-30T13:52:39,82.827759,-55.557415,nan
2024-05-30T13:52:39,82.827705,-55.557133,nan
2024-05-30T13:52:38,82.827660,-55.556850,nan
2024-05-30T13:52:38,82.827606,-55.556568,nan
2024-05-30T13:52:37,82.827560,-55.556286,nan
2024-05-30T13:52:37,82.827507,-55.556007,nan
2024-05-30T13:52:36,82.827461,-55.555729,nan
2024-05-30T13:52:36,82.827408,-55.555450,nan
2024-05-30T13:52:35,82.827362,-55.555168,nan
2024-05-30T13:52:35,82.827309,-55.554878,nan
2024-05-30T13:52:34,82.827263,-55.554581,nan
2024-05-30T13:52:34,82.827209,-55.554279,nan
2024-05-30T13:52:33,82.827164,-55.553982,nan
2024-05-30T13:52:33,82.827110,-55.553677,nan
2024-05-30T13:52:32,82.827065,-55.553364,nan
2024-05-30T13:52:32,82.827019,-55.553043,nan
2024-05-30T13:52:31,82.826973,-55.552715,nan
2024-05-30T13:52:31,82.826927,-55.552383,nan
2024-05-30T13:52:30,82.826881,-55.552044,nan
2024-05-30T13:52:30,82.826836,-55.551689,nan
2024-05-30T13:52:29,82.826790,-55.551331,nan
2024-05-30T13:52:29,82.826752,-55.550957,nan
2024-05-30T13:52:28,82.826706,-55.550571,nan
2024-05-30T13:52:28,82.826668,-55.550182,nan
2024-05-30T13:52:27,82.826622,-55.549782,nan
2024-05-30T13:52:27,82.826584,-55.549374,nan
2024-05-30T13:52:26,82.826538,-55.548962,nan
2024-05-30T13:52:26,82.826500,-55.548546,nan
2024-05-30T13:52:25,82.826454,-55.548130,nan
2024-05-30T13:52:25,82.826408,-55.547718,nan
2024-05-30T13:52:24,82.826363,-55.547310,nan
2024-05-30T13:52:24,82.826317,-55.546894,nan
2024-05-30T13:52:23,82.826271,-55.546486,nan
2024-05-30T13:52:23,82.826225,-55.546078,nan
2024-05-30T13:52:22,82.826172,-55.545677,nan
2024-05-30T13:52:22,82.826126,-55.545280,nan
2024-05-30T13:52:21,82.826073,-55.544876,nan
2024-05-30T13:52:21,82.826027,-55.544479,nan
2024-05-30T13:52:20,82.825974,-55.544086,nan
2024-05-30T13:52:20,82.825920,-55.543690,nan
2024-05-30T13:52:19,82.825867,-55.543293,nan
2024-05-30T13:52:19,82.825813,-55.542896,nan
2024-05-30T13:52:18,82.825760,-55.542496,nan
2024-05-30T13:52:18,82.825706,-55.542103,nan
2024-05-30T13:52:17,82.825653,-55.541714,nan
2024-05-30T13:52:17,82.825592,-55.541321,nan
2024-05-30T13:52:16,82.825539,-55.540928,nan
2024-05-30T13:52:16,82.825478,-55.540543,nan
2024-05-30T13:52:15,82.825417,-55.540150,nan
2024-05-30T13:52:15,82.825363,-55.539776,nan
2024-05-30T13:52:14,82.825302,-55.539410,nan
2024-05-30T13:52:14,82.825249,-55.539051,nan
2024-05-30T13:52:13,82.825188,-55.538696,nan
2024-05-30T13:52:13,82.825127,-55.538353,nan
2024-05-30T13:52:12,82.825073,-55.538025,nan
2024-05-30T13:52:12,82.825012,-55.537701,nan
2024-05-30T13:52:11,82.824959,-55.537384,nan
2024-05-30T13:52:11,82.824905,-55.537079,nan
2024-05-30T13:52:10,82.824844,-55.536781,nan
2024-05-30T13:52:10,82.824791,-55.536495,nan
2024-05-30T13:52:09,82.824730,-55.536209,nan
2024-05-30T13:52:09,82.824677,-55.535923,nan
2024-05-30T13:52:08,82.824623,-55.535652,nan
2024-05-30T13:52:08,82.824562,-55.535374,nan
2024-05-30T13:52:07,82.824509,-55.535103,nan
2024-05-30T13:52:07,82.824455,-55.534824,nan
2024-05-30T13:52:06,82.824394,-55.534550,nan
2024-05-30T13:52:06,82.824341,-55.534264,nan
2024-05-30T13:52:05,82.824280,-55.533978,nan
2024-05-30T13:52:05,82.824226,-55.533688,nan
2024-05-30T13:52:04,82.824165,-55.533409,nan
2024-05-30T13:52:04,82.824112,-55.533134,nan
2024-05-30T13:52:03,82.824051,-55.532864,nan
2024-05-30T13:52:03,82.823997,-55.532604,nan
2024-05-30T13:52:02,82.823944,-55.532349,nan
2024-05-30T13:52:02,82.823891,-55.532097,nan
2024-05-30T13:52:01,82.823830,-55.531853,nan
2024-05-30T13:52:01,82.823776,-55.531612,nan
2024-05-30T13:52:00,82.823723,-55.531380,nan
2024-05-30T13:52:00,82.823669,-55.531151,nan
2024-05-30T13:51:59,82.823616,-55.530926,nan
2024-05-30T13:51:59,82.823563,-55.530704,nan
2024-05-30T13:51:58,82.823509,-55.530487,nan
2024-05-30T13:51:58,82.823456,-55.530281,nan
2024-05-30T13:51:57,82.823410,-55.530079,nan
2024-05-30T13:51:57,82.823357,-55.529873,nan
2024-05-30T13:51:56,82.823311,-55.529667,nan
2024-05-30T13:51:56,82.823265,-55.529457,nan
2024-05-30T13:51:55,82.823219,-55.529243,nan
2024-05-30T13:51:55,82.823174,-55.529034,nan
2024-05-30T13:51:54,82.823128,-55.528812,nan
2024-05-30T13:51:54,82.823082,-55.528584,nan
2024-05-30T13:51:53,82.823036,-55.528351,nan
2024-05-30T13:51:53,82.822990,-55.528107,nan
2024-05-30T13:51:52,82.822945,-55.527863,nan
2024-05-30T13:51:52,82.822899,-55.527618,nan
2024-05-30T13:51:51,82.822853,-55.527382,nan
2024-05-30T13:51:51,82.822807,-55.527142,nan
2024-05-30T13:51:50,82.822754,-55.526890,nan
2024-05-30T13:51:50,82.822708,-55.526649,nan
2024-05-30T13:51:49,82.822655,-55.526405,nan
2024-05-30T13:51:49,82.822609,-55.526157,nan
2024-05-30T13:51:48,82.822563,-55.525906,nan
2024-05-30T13:51:48,82.822517,-55.525661,nan
2024-05-30T13:51:47,82.822472,-55.525402,nan
2024-05-30T13:51:47,82.822426,-55.525146,nan
2024-05-30T13:51:46,82.822380,-55.524891,nan
2024-05-30T13:51:46,82.822334,-55.524632,nan
2024-05-30T13:51:45,82.822296,-55.524372,nan
2024-05-30T13:51:45,82.822250,-55.524113,nan
2024-05-30T13:51:44,82.822212,-55.523857,nan
2024-05-30T13:51:44,82.822174,-55.523602,nan
2024-05-30T13:51:43,82.822128,-55.523342,nan
2024-05-30T13:51:43,82.822090,-55.523094,nan
2024-05-30T13:51:42,82.822052,-55.522842,nan
2024-05-30T13:51:42,82.822014,-55.522591,nan
2024-05-30T13:51:41,82.821976,-55.522339,nan
2024-05-30T13:51:41,82.821938,-55.522091,nan
2024-05-30T13:51:40,82.821899,-55.521843,nan
2024-05-30T13:51:40,82.821854,-55.521595,nan
2024-05-30T13:51:39,82.821815,-55.521347,nan
2024-05-30T13:51:39,82.821770,-55.521099,nan
2024-05-30T13:51:38,82.821732,-55.520859,nan
2024-05-30T13:51:38,82.821686,-55.520603,nan
2024-05-30T13:51:37,82.821648,-55.520363,nan
2024-05-30T13:51:37,82.821609,-55.520115,nan
2024-05-30T13:51:36,82.821571,-55.519863,nan
2024-05-30T13:51:36,82.821526,-55.519611,nan
2024-05-30T13:51:35,82.821487,-55.519356,nan
2024-05-30T13:51:35,82.821457,-55.519112,nan
2024-05-30T13:51:34,82.821419,-55.518860,nan
2024-05-30T13:51:34,82.821388,-55.518597,nan
2024-05-30T13:51:33,82.821358,-55.518341,nan
2024-05-30T13:51:33,82.821327,-55.518082,nan
2024-05-30T13:51:32,82.821297,-55.517807,nan
2024-05-30T13:51:32,82.821274,-55.517529,nan
2024-05-30T13:51:31,82.821251,-55.517246,nan
2024-05-30T13:51:31,82.821236,-55.516956,nan
2024-05-30T13:51:30,82.821213,-55.516651,nan
2024-05-30T13:51:30,82.821190,-55.516338,nan
2024-05-30T13:51:29,82.821175,-55.516022,nan
2024-05-30T13:51:29,82.821159,-55.515713,nan
2024-05-30T13:51:28,82.821144,-55.515381,nan
2024-05-30T13:51:28,82.821129,-55.515045,nan
2024-05-30T13:51:27,82.821114,-55.514713,nan
2024-05-30T13:51:27,82.821106,-55.514404,nan
2024-05-30T13:51:26,82.821098,-55.514072,nan
2024-05-30T13:51:26,82.821083,-55.513721,nan
2024-05-30T13:51:25,82.821083,-55.513393,nan
2024-05-30T13:51:25,82.821075,-55.513077,nan
2024-05-30T13:51:24,82.821083,-55.512722,nan
2024-05-30T13:51:24,82.821083,-55.512409,nan
2024-05-30T13:51:23,82.821091,-55.512074,nan
2024-05-30T13:51:23,82.821098,-55.511730,nan
2024-05-30T13:51:22,82.821114,-55.511406,nan
2024-05-30T13:51:22,82.821144,-55.511135,nan
2024-05-30T13:51:21,82.821175,-55.510811,nan
2024-05-30T13:51:21,82.821220,-55.510517,nan
2024-05-30T13:51:20,82.821289,-55.510056,nan
2024-05-30T13:51:20,82.821388,-55.509502,nan
2024-05-30T13:51:19,82.821533,-55.508926,nan
2024-05-30T13:51:19,82.821808,-55.508278,nan
2024-05-30T13:51:18,82.822212,-55.507545,nan
2024-05-30T13:51:18,82.822861,-55.507023,nan
2024-05-30T13:51:17,82.823479,-55.507206,nan
2024-05-30T13:51:14,82.822433,-55.508430,nan
2024-05-30T13:51:13,82.821457,-55.505756,nan
2024-05-30T13:51:13,82.820473,-55.503101,nan
2024-05-30T13:51:12,82.819481,-55.500435,nan
