datetime,lat,lon,elev
2024-08-15T15:31:28,83.299828,-47.651001,nan
2024-08-15T15:31:28,83.299828,-47.651031,nan
2024-08-15T15:31:27,83.299835,-47.651077,nan
2024-08-15T15:31:27,83.299835,-47.651134,nan
2024-08-15T15:31:26,83.299835,-47.651192,nan
2024-08-15T15:31:26,83.299828,-47.651245,nan
2024-08-15T15:31:25,83.299828,-47.651295,nan
2024-08-15T15:31:25,83.299828,-47.651337,nan
2024-08-15T15:31:24,83.299828,-47.651375,nan
2024-08-15T15:31:24,83.299820,-47.651405,nan
2024-08-15T15:31:23,83.299820,-47.651432,nan
2024-08-15T15:31:23,83.299812,-47.651455,nan
2024-08-15T15:31:22,83.299805,-47.651478,nan
2024-08-15T15:31:22,83.299805,-47.651508,nan
2024-08-15T15:31:21,83.299797,-47.651546,nan
2024-08-15T15:31:21,83.299789,-47.651592,nan
2024-08-15T15:31:20,83.299789,-47.651646,nan
2024-08-15T15:31:20,83.299782,-47.651699,nan
2024-08-15T15:31:19,83.299782,-47.651752,nan
2024-08-15T15:31:19,83.299774,-47.651810,nan
2024-08-15T15:31:18,83.299774,-47.651867,nan
2024-08-15T15:31:18,83.299767,-47.651928,nan
2024-08-15T15:31:17,83.299767,-47.651993,nan
2024-08-15T15:31:17,83.299759,-47.652058,nan
2024-08-15T15:31:16,83.299759,-47.652119,nan
2024-08-15T15:31:16,83.299751,-47.652176,nan
2024-08-15T15:31:15,83.299751,-47.652237,nan
2024-08-15T15:31:15,83.299751,-47.652298,nan
2024-08-15T15:31:14,83.299744,-47.652359,nan
2024-08-15T15:31:14,83.299744,-47.652424,nan
2024-08-15T15:31:13,83.299744,-47.652485,nan
2024-08-15T15:31:13,83.299736,-47.652542,nan
2024-08-15T15:31:12,83.299736,-47.652596,nan
2024-08-15T15:31:12,83.299736,-47.652653,nan
2024-08-15T15:31:11,83.299736,-47.652714,nan
2024-08-15T15:31:11,83.299736,-47.652775,nan
2024-08-15T15:31:10,83.299728,-47.652840,nan
2024-08-15T15:31:10,83.299728,-47.652901,nan
2024-08-15T15:31:09,83.299728,-47.652958,nan
2024-08-15T15:31:09,83.299728,-47.653004,nan
2024-08-15T15:31:08,83.299728,-47.653046,nan
2024-08-15T15:31:08,83.299728,-47.653084,nan
2024-08-15T15:31:07,83.299728,-47.653118,nan
2024-08-15T15:31:07,83.299728,-47.653152,nan
2024-08-15T15:31:06,83.299728,-47.653187,nan
2024-08-15T15:31:06,83.299728,-47.653221,nan
2024-08-15T15:31:05,83.299728,-47.653255,nan
2024-08-15T15:31:05,83.299728,-47.653290,nan
2024-08-15T15:31:04,83.299728,-47.653328,nan
2024-08-15T15:31:04,83.299728,-47.653374,nan
2024-08-15T15:31:03,83.299728,-47.653423,nan
2024-08-15T15:31:03,83.299736,-47.653477,nan
2024-08-15T15:31:02,83.299736,-47.653530,nan
2024-08-15T15:31:02,83.299744,-47.653587,nan
2024-08-15T15:31:01,83.299744,-47.653641,nan
2024-08-15T15:31:01,83.299751,-47.653702,nan
2024-08-15T15:31:00,83.299751,-47.653763,nan
2024-08-15T15:31:00,83.299759,-47.653831,nan
2024-08-15T15:30:59,83.299759,-47.653896,nan
2024-08-15T15:30:59,83.299767,-47.653961,nan
2024-08-15T15:30:58,83.299767,-47.654026,nan
2024-08-15T15:30:58,83.299774,-47.654099,nan
2024-08-15T15:30:57,83.299774,-47.654171,nan
2024-08-15T15:30:57,83.299782,-47.654243,nan
2024-08-15T15:30:56,83.299782,-47.654320,nan
2024-08-15T15:30:56,83.299789,-47.654392,nan
2024-08-15T15:30:55,83.299797,-47.654465,nan
2024-08-15T15:30:55,83.299797,-47.654533,nan
2024-08-15T15:30:54,83.299805,-47.654598,nan
2024-08-15T15:30:54,83.299812,-47.654667,nan
2024-08-15T15:30:53,83.299812,-47.654736,nan
2024-08-15T15:30:53,83.299820,-47.654812,nan
2024-08-15T15:30:52,83.299835,-47.654976,nan
2024-08-15T15:30:51,83.299835,-47.655067,nan
2024-08-15T15:30:51,83.299843,-47.655167,nan
2024-08-15T15:30:50,83.299858,-47.655388,nan
2024-08-15T15:30:49,83.299866,-47.655506,nan
2024-08-15T15:30:49,83.299873,-47.655636,nan
2024-08-15T15:30:48,83.299873,-47.655773,nan
2024-08-15T15:30:48,83.299881,-47.655914,nan
2024-08-15T15:30:47,83.299889,-47.656059,nan
2024-08-15T15:30:47,83.299896,-47.656208,nan
2024-08-15T15:30:46,83.299896,-47.656364,nan
2024-08-15T15:30:46,83.299904,-47.656521,nan
2024-08-15T15:30:45,83.299911,-47.656685,nan
2024-08-15T15:30:45,83.299919,-47.656849,nan
2024-08-15T15:30:44,83.299919,-47.657013,nan
2024-08-15T15:30:44,83.299927,-47.657173,nan
2024-08-15T15:30:43,83.299934,-47.657333,nan
2024-08-15T15:30:43,83.299934,-47.657494,nan
2024-08-15T15:30:42,83.299942,-47.657658,nan
2024-08-15T15:30:42,83.299950,-47.657822,nan
2024-08-15T15:30:41,83.299957,-47.657990,nan
2024-08-15T15:30:41,83.299957,-47.658161,nan
2024-08-15T15:30:40,83.299965,-47.658333,nan
2024-08-15T15:30:40,83.299973,-47.658504,nan
2024-08-15T15:30:39,83.299980,-47.658680,nan
2024-08-15T15:30:39,83.299980,-47.658855,nan
2024-08-15T15:30:38,83.299988,-47.659035,nan
2024-08-15T15:30:38,83.299995,-47.659214,nan
2024-08-15T15:30:37,83.300003,-47.659397,nan
2024-08-15T15:30:37,83.300003,-47.659576,nan
2024-08-15T15:30:36,83.300011,-47.659756,nan
2024-08-15T15:30:36,83.300018,-47.659935,nan
2024-08-15T15:30:35,83.300018,-47.660118,nan
2024-08-15T15:30:35,83.300026,-47.660297,nan
2024-08-15T15:30:34,83.300026,-47.660477,nan
2024-08-15T15:30:34,83.300034,-47.660660,nan
2024-08-15T15:30:33,83.300034,-47.660843,nan
2024-08-15T15:30:33,83.300041,-47.661022,nan
2024-08-15T15:30:32,83.300049,-47.661369,nan
2024-08-15T15:30:31,83.300049,-47.661533,nan
2024-08-15T15:30:31,83.300056,-47.661705,nan
2024-08-15T15:30:30,83.300056,-47.661877,nan
2024-08-15T15:30:30,83.300064,-47.662048,nan
2024-08-15T15:30:29,83.300064,-47.662220,nan
2024-08-15T15:30:29,83.300072,-47.662388,nan
2024-08-15T15:30:28,83.300072,-47.662556,nan
2024-08-15T15:30:28,83.300072,-47.662720,nan
2024-08-15T15:30:27,83.300079,-47.662884,nan
2024-08-15T15:30:27,83.300079,-47.663048,nan
2024-08-15T15:30:26,83.300079,-47.663212,nan
2024-08-15T15:30:26,83.300079,-47.663368,nan
2024-08-15T15:30:25,83.300079,-47.663528,nan
2024-08-15T15:30:25,83.300079,-47.663685,nan
2024-08-15T15:30:24,83.300079,-47.663837,nan
2024-08-15T15:30:24,83.300079,-47.663982,nan
2024-08-15T15:30:23,83.300079,-47.664131,nan
2024-08-15T15:30:23,83.300079,-47.664276,nan
2024-08-15T15:30:22,83.300079,-47.664425,nan
2024-08-15T15:30:22,83.300079,-47.664574,nan
2024-08-15T15:30:21,83.300072,-47.664722,nan
2024-08-15T15:30:21,83.300072,-47.664867,nan
2024-08-15T15:30:20,83.300072,-47.665150,nan
2024-08-15T15:30:19,83.300072,-47.665291,nan
2024-08-15T15:30:19,83.300072,-47.665428,nan
2024-08-15T15:30:18,83.300064,-47.665569,nan
2024-08-15T15:30:17,83.300064,-47.665977,nan
2024-08-15T15:30:16,83.300056,-47.666107,nan
2024-08-15T15:30:16,83.300056,-47.666229,nan
2024-08-15T15:30:15,83.300056,-47.666355,nan
2024-08-15T15:30:15,83.300056,-47.666481,nan
2024-08-15T15:30:14,83.300056,-47.666611,nan
2024-08-15T15:30:14,83.300056,-47.666737,nan
2024-08-15T15:30:13,83.300049,-47.666862,nan
2024-08-15T15:30:13,83.300049,-47.666985,nan
2024-08-15T15:30:12,83.300049,-47.667107,nan
2024-08-15T15:30:12,83.300049,-47.667225,nan
2024-08-15T15:30:11,83.300049,-47.667343,nan
2024-08-15T15:30:11,83.300041,-47.667461,nan
2024-08-15T15:30:10,83.300041,-47.667583,nan
2024-08-15T15:30:10,83.300041,-47.667706,nan
2024-08-15T15:30:09,83.300041,-47.667828,nan
2024-08-15T15:30:09,83.300034,-47.667950,nan
2024-08-15T15:30:08,83.300034,-47.668072,nan
2024-08-15T15:30:08,83.300034,-47.668194,nan
2024-08-15T15:30:07,83.300034,-47.668320,nan
2024-08-15T15:30:07,83.300026,-47.668442,nan
2024-08-15T15:30:06,83.300026,-47.668575,nan
2024-08-15T15:30:06,83.300026,-47.668709,nan
2024-08-15T15:30:05,83.300026,-47.668846,nan
2024-08-15T15:30:05,83.300018,-47.668983,nan
2024-08-15T15:30:04,83.300018,-47.669121,nan
2024-08-15T15:30:04,83.300018,-47.669258,nan
2024-08-15T15:30:03,83.300018,-47.669395,nan
2024-08-15T15:30:03,83.300018,-47.669533,nan
2024-08-15T15:30:02,83.300018,-47.669678,nan
2024-08-15T15:30:02,83.300018,-47.669823,nan
2024-08-15T15:30:01,83.300018,-47.669968,nan
2024-08-15T15:30:01,83.300018,-47.670116,nan
2024-08-15T15:30:00,83.300018,-47.670261,nan
2024-08-15T15:30:00,83.300018,-47.670399,nan
2024-08-15T15:29:59,83.300011,-47.670536,nan
2024-08-15T15:29:59,83.300011,-47.670670,nan
2024-08-15T15:29:58,83.300011,-47.670799,nan
2024-08-15T15:29:58,83.300003,-47.670929,nan
2024-08-15T15:29:57,83.300003,-47.671062,nan
2024-08-15T15:29:57,83.299995,-47.671192,nan
2024-08-15T15:29:56,83.299988,-47.671322,nan
2024-08-15T15:29:56,83.299980,-47.671452,nan
2024-08-15T15:29:55,83.299973,-47.671574,nan
2024-08-15T15:29:55,83.299973,-47.671692,nan
2024-08-15T15:29:54,83.299957,-47.671810,nan
2024-08-15T15:29:54,83.299957,-47.671925,nan
2024-08-15T15:29:53,83.299950,-47.672043,nan
2024-08-15T15:29:53,83.299934,-47.672165,nan
2024-08-15T15:29:52,83.299927,-47.672283,nan
2024-08-15T15:29:52,83.299919,-47.672405,nan
2024-08-15T15:29:51,83.299911,-47.672523,nan
2024-08-15T15:29:51,83.299904,-47.672646,nan
2024-08-15T15:29:50,83.299896,-47.672771,nan
2024-08-15T15:29:50,83.299889,-47.672901,nan
2024-08-15T15:29:49,83.299873,-47.673035,nan
2024-08-15T15:29:49,83.299866,-47.673172,nan
2024-08-15T15:29:48,83.299858,-47.673313,nan
2024-08-15T15:29:48,83.299850,-47.673458,nan
2024-08-15T15:29:47,83.299850,-47.673603,nan
2024-08-15T15:29:47,83.299843,-47.673744,nan
2024-08-15T15:29:46,83.299835,-47.673885,nan
2024-08-15T15:29:46,83.299828,-47.674034,nan
2024-08-15T15:29:45,83.299820,-47.674183,nan
2024-08-15T15:29:45,83.299812,-47.674332,nan
2024-08-15T15:29:44,83.299812,-47.674484,nan
2024-08-15T15:29:44,83.299805,-47.674641,nan
2024-08-15T15:29:43,83.299797,-47.674793,nan
2024-08-15T15:29:43,83.299789,-47.674950,nan
2024-08-15T15:29:42,83.299782,-47.675098,nan
2024-08-15T15:29:42,83.299782,-47.675247,nan
2024-08-15T15:29:41,83.299774,-47.675396,nan
2024-08-15T15:29:41,83.299767,-47.675545,nan
2024-08-15T15:29:40,83.299759,-47.675690,nan
2024-08-15T15:29:40,83.299751,-47.675831,nan
2024-08-15T15:29:39,83.299728,-47.676098,nan
2024-08-15T15:29:38,83.299721,-47.676224,nan
2024-08-15T15:29:38,83.299706,-47.676346,nan
2024-08-15T15:29:37,83.299698,-47.676464,nan
2024-08-15T15:29:37,83.299690,-47.676579,nan
2024-08-15T15:29:36,83.299667,-47.676807,nan
2024-08-15T15:29:35,83.299644,-47.677055,nan
2024-08-15T15:29:34,83.299637,-47.677181,nan
2024-08-15T15:29:34,83.299629,-47.677307,nan
2024-08-15T15:29:33,83.299614,-47.677433,nan
2024-08-15T15:29:33,83.299606,-47.677563,nan
2024-08-15T15:29:32,83.299599,-47.677696,nan
2024-08-15T15:29:32,83.299591,-47.677830,nan
2024-08-15T15:29:31,83.299583,-47.677963,nan
2024-08-15T15:29:31,83.299576,-47.678101,nan
2024-08-15T15:29:30,83.299561,-47.678230,nan
2024-08-15T15:29:30,83.299553,-47.678364,nan
2024-08-15T15:29:29,83.299545,-47.678486,nan
2024-08-15T15:29:29,83.299530,-47.678604,nan
2024-08-15T15:29:28,83.299522,-47.678711,nan
2024-08-15T15:29:28,83.299515,-47.678814,nan
2024-08-15T15:29:27,83.299500,-47.678917,nan
2024-08-15T15:29:27,83.299492,-47.679016,nan
2024-08-15T15:29:26,83.299477,-47.679115,nan
2024-08-15T15:29:26,83.299461,-47.679214,nan
2024-08-15T15:29:25,83.299454,-47.679310,nan
2024-08-15T15:29:25,83.299438,-47.679398,nan
2024-08-15T15:29:24,83.299423,-47.679482,nan
2024-08-15T15:29:24,83.299416,-47.679562,nan
2024-08-15T15:29:23,83.299400,-47.679634,nan
2024-08-15T15:29:23,83.299385,-47.679710,nan
2024-08-15T15:29:22,83.299370,-47.679790,nan
2024-08-15T15:29:22,83.299355,-47.679867,nan
2024-08-15T15:29:21,83.299339,-47.679947,nan
2024-08-15T15:29:21,83.299332,-47.680031,nan
2024-08-15T15:29:20,83.299316,-47.680115,nan
2024-08-15T15:29:20,83.299301,-47.680199,nan
2024-08-15T15:29:19,83.299286,-47.680279,nan
2024-08-15T15:29:19,83.299271,-47.680359,nan
2024-08-15T15:29:18,83.299255,-47.680431,nan
2024-08-15T15:29:18,83.299240,-47.680500,nan
2024-08-15T15:29:17,83.299225,-47.680569,nan
2024-08-15T15:29:17,83.299210,-47.680637,nan
2024-08-15T15:29:16,83.299194,-47.680710,nan
2024-08-15T15:29:16,83.299179,-47.680779,nan
2024-08-15T15:29:15,83.299164,-47.680851,nan
2024-08-15T15:29:15,83.299149,-47.680923,nan
2024-08-15T15:29:14,83.299133,-47.680996,nan
2024-08-15T15:29:14,83.299118,-47.681065,nan
2024-08-15T15:29:13,83.299095,-47.681202,nan
2024-08-15T15:29:12,83.299080,-47.681278,nan
2024-08-15T15:29:11,83.299049,-47.681450,nan
2024-08-15T15:29:11,83.299034,-47.681541,nan
2024-08-15T15:29:10,83.299019,-47.681637,nan
2024-08-15T15:29:10,83.299011,-47.681728,nan
2024-08-15T15:29:09,83.298996,-47.681820,nan
2024-08-15T15:29:09,83.298981,-47.681908,nan
2024-08-15T15:29:08,83.298965,-47.681999,nan
2024-08-15T15:29:08,83.298958,-47.682087,nan
2024-08-15T15:29:07,83.298943,-47.682178,nan
2024-08-15T15:29:07,83.298935,-47.682274,nan
2024-08-15T15:29:06,83.298920,-47.682365,nan
2024-08-15T15:29:06,83.298912,-47.682461,nan
2024-08-15T15:29:05,83.298897,-47.682564,nan
2024-08-15T15:29:04,83.298874,-47.682766,nan
2024-08-15T15:29:04,83.298859,-47.682865,nan
2024-08-15T15:29:03,83.298851,-47.682961,nan
2024-08-15T15:29:03,83.298836,-47.683056,nan
2024-08-15T15:29:02,83.298820,-47.683151,nan
2024-08-15T15:29:02,83.298813,-47.683247,nan
2024-08-15T15:29:01,83.298798,-47.683346,nan
2024-08-15T15:29:01,83.298782,-47.683445,nan
2024-08-15T15:29:00,83.298775,-47.683544,nan
2024-08-15T15:29:00,83.298759,-47.683643,nan
2024-08-15T15:28:59,83.298744,-47.683739,nan
2024-08-15T15:28:58,83.298698,-47.684006,nan
2024-08-15T15:28:57,83.298683,-47.684093,nan
2024-08-15T15:28:57,83.298668,-47.684177,nan
2024-08-15T15:28:56,83.298653,-47.684269,nan
2024-08-15T15:28:56,83.298637,-47.684364,nan
2024-08-15T15:28:55,83.298622,-47.684464,nan
2024-08-15T15:28:55,83.298607,-47.684566,nan
2024-08-15T15:28:54,83.298592,-47.684677,nan
2024-08-15T15:28:54,83.298576,-47.684788,nan
2024-08-15T15:28:53,83.298561,-47.684898,nan
2024-08-15T15:28:53,83.298546,-47.685009,nan
2024-08-15T15:28:52,83.298531,-47.685120,nan
2024-08-15T15:28:52,83.298508,-47.685234,nan
2024-08-15T15:28:51,83.298492,-47.685352,nan
2024-08-15T15:28:50,83.298462,-47.685596,nan
2024-08-15T15:28:50,83.298447,-47.685722,nan
2024-08-15T15:28:49,83.298431,-47.685856,nan
2024-08-15T15:28:49,83.298409,-47.685982,nan
2024-08-15T15:28:48,83.298393,-47.686111,nan
2024-08-15T15:28:48,83.298378,-47.686237,nan
2024-08-15T15:28:47,83.298363,-47.686363,nan
2024-08-15T15:28:47,83.298347,-47.686489,nan
2024-08-15T15:28:46,83.298332,-47.686611,nan
2024-08-15T15:28:46,83.298309,-47.686741,nan
2024-08-15T15:28:45,83.298302,-47.686867,nan
2024-08-15T15:28:44,83.298264,-47.687126,nan
2024-08-15T15:28:44,83.298248,-47.687256,nan
2024-08-15T15:28:43,83.298233,-47.687389,nan
2024-08-15T15:28:43,83.298218,-47.687519,nan
2024-08-15T15:28:42,83.298203,-47.687645,nan
2024-08-15T15:28:42,83.298187,-47.687771,nan
2024-08-15T15:28:41,83.298172,-47.687897,nan
2024-08-15T15:28:41,83.298157,-47.688015,nan
2024-08-15T15:28:40,83.298141,-47.688137,nan
2024-08-15T15:28:39,83.298111,-47.688377,nan
2024-08-15T15:28:39,83.298096,-47.688499,nan
2024-08-15T15:28:38,83.298080,-47.688622,nan
2024-08-15T15:28:38,83.298065,-47.688747,nan
2024-08-15T15:28:37,83.298050,-47.688873,nan
2024-08-15T15:28:37,83.298035,-47.688999,nan
2024-08-15T15:28:36,83.298019,-47.689121,nan
2024-08-15T15:28:36,83.298004,-47.689247,nan
2024-08-15T15:28:35,83.297989,-47.689373,nan
2024-08-15T15:28:35,83.297974,-47.689503,nan
2024-08-15T15:28:34,83.297966,-47.689632,nan
2024-08-15T15:28:34,83.297951,-47.689758,nan
2024-08-15T15:28:33,83.297935,-47.689892,nan
2024-08-15T15:28:33,83.297928,-47.690025,nan
2024-08-15T15:28:32,83.297913,-47.690159,nan
2024-08-15T15:28:32,83.297897,-47.690292,nan
2024-08-15T15:28:31,83.297890,-47.690426,nan
2024-08-15T15:28:31,83.297874,-47.690556,nan
2024-08-15T15:28:30,83.297867,-47.690678,nan
2024-08-15T15:28:30,83.297852,-47.690800,nan
2024-08-15T15:28:29,83.297844,-47.690918,nan
2024-08-15T15:28:29,83.297829,-47.691032,nan
2024-08-15T15:28:28,83.297821,-47.691143,nan
2024-08-15T15:28:28,83.297806,-47.691257,nan
2024-08-15T15:28:27,83.297798,-47.691368,nan
2024-08-15T15:28:27,83.297783,-47.691479,nan
2024-08-15T15:28:26,83.297760,-47.691700,nan
2024-08-15T15:28:25,83.297737,-47.691914,nan
2024-08-15T15:28:24,83.297714,-47.692116,nan
2024-08-15T15:28:23,83.297699,-47.692215,nan
2024-08-15T15:28:22,83.297676,-47.692417,nan
2024-08-15T15:28:22,83.297668,-47.692520,nan
2024-08-15T15:28:21,83.297653,-47.692627,nan
2024-08-15T15:28:21,83.297646,-47.692738,nan
2024-08-15T15:28:20,83.297630,-47.692852,nan
2024-08-15T15:28:20,83.297623,-47.692966,nan
2024-08-15T15:28:19,83.297615,-47.693081,nan
2024-08-15T15:28:19,83.297600,-47.693195,nan
2024-08-15T15:28:18,83.297592,-47.693306,nan
2024-08-15T15:28:18,83.297577,-47.693413,nan
2024-08-15T15:28:17,83.297569,-47.693516,nan
2024-08-15T15:28:17,83.297554,-47.693623,nan
2024-08-15T15:28:16,83.297539,-47.693832,nan
2024-08-15T15:28:15,83.297531,-47.693939,nan
2024-08-15T15:28:15,83.297516,-47.694050,nan
2024-08-15T15:28:14,83.297508,-47.694160,nan
2024-08-15T15:28:14,83.297501,-47.694275,nan
2024-08-15T15:28:13,83.297493,-47.694389,nan
2024-08-15T15:28:13,83.297485,-47.694511,nan
2024-08-15T15:28:12,83.297478,-47.694630,nan
2024-08-15T15:28:12,83.297470,-47.694752,nan
2024-08-15T15:28:11,83.297470,-47.694866,nan
2024-08-15T15:28:11,83.297462,-47.694981,nan
2024-08-15T15:28:10,83.297455,-47.695084,nan
2024-08-15T15:28:10,83.297447,-47.695183,nan
2024-08-15T15:28:09,83.297440,-47.695274,nan
2024-08-15T15:28:09,83.297440,-47.695362,nan
2024-08-15T15:28:08,83.297432,-47.695442,nan
2024-08-15T15:28:08,83.297432,-47.695522,nan
2024-08-15T15:28:07,83.297424,-47.695602,nan
2024-08-15T15:28:07,83.297424,-47.695679,nan
2024-08-15T15:28:06,83.297424,-47.695759,nan
2024-08-15T15:28:06,83.297417,-47.695843,nan
2024-08-15T15:28:05,83.297417,-47.695930,nan
2024-08-15T15:28:05,83.297417,-47.696018,nan
2024-08-15T15:28:04,83.297409,-47.696114,nan
2024-08-15T15:28:04,83.297409,-47.696209,nan
2024-08-15T15:28:03,83.297401,-47.696312,nan
2024-08-15T15:28:03,83.297401,-47.696423,nan
2024-08-15T15:28:02,83.297394,-47.696537,nan
2024-08-15T15:28:02,83.297394,-47.696651,nan
2024-08-15T15:28:01,83.297386,-47.696762,nan
2024-08-15T15:28:01,83.297386,-47.696877,nan
2024-08-15T15:28:00,83.297379,-47.696987,nan
2024-08-15T15:28:00,83.297379,-47.697098,nan
2024-08-15T15:27:59,83.297371,-47.697208,nan
2024-08-15T15:27:59,83.297371,-47.697315,nan
2024-08-15T15:27:58,83.297371,-47.697422,nan
2024-08-15T15:27:58,83.297363,-47.697529,nan
2024-08-15T15:27:57,83.297363,-47.697639,nan
2024-08-15T15:27:57,83.297363,-47.697750,nan
2024-08-15T15:27:56,83.297356,-47.697865,nan
2024-08-15T15:27:56,83.297356,-47.697979,nan
2024-08-15T15:27:55,83.297356,-47.698093,nan
2024-08-15T15:27:55,83.297348,-47.698204,nan
2024-08-15T15:27:54,83.297348,-47.698315,nan
2024-08-15T15:27:54,83.297340,-47.698425,nan
2024-08-15T15:27:53,83.297340,-47.698532,nan
2024-08-15T15:27:53,83.297333,-47.698635,nan
2024-08-15T15:27:52,83.297333,-47.698742,nan
2024-08-15T15:27:52,83.297333,-47.698849,nan
2024-08-15T15:27:51,83.297325,-47.698952,nan
2024-08-15T15:27:51,83.297325,-47.699055,nan
2024-08-15T15:27:50,83.297325,-47.699154,nan
2024-08-15T15:27:50,83.297325,-47.699261,nan
2024-08-15T15:27:49,83.297318,-47.699364,nan
2024-08-15T15:27:49,83.297318,-47.699467,nan
2024-08-15T15:27:48,83.297318,-47.699570,nan
2024-08-15T15:27:48,83.297318,-47.699673,nan
2024-08-15T15:27:47,83.297318,-47.699780,nan
2024-08-15T15:27:47,83.297318,-47.699883,nan
2024-08-15T15:27:46,83.297310,-47.699986,nan
2024-08-15T15:27:46,83.297310,-47.700085,nan
2024-08-15T15:27:45,83.297310,-47.700184,nan
2024-08-15T15:27:45,83.297302,-47.700279,nan
2024-08-15T15:27:44,83.297302,-47.700367,nan
2024-08-15T15:27:44,83.297302,-47.700455,nan
2024-08-15T15:27:43,83.297295,-47.700539,nan
2024-08-15T15:27:43,83.297295,-47.700623,nan
2024-08-15T15:27:42,83.297295,-47.700706,nan
2024-08-15T15:27:42,83.297287,-47.700787,nan
2024-08-15T15:27:41,83.297287,-47.700863,nan
2024-08-15T15:27:41,83.297287,-47.700935,nan
2024-08-15T15:27:40,83.297279,-47.701008,nan
2024-08-15T15:27:40,83.297279,-47.701073,nan
2024-08-15T15:27:39,83.297279,-47.701134,nan
2024-08-15T15:27:39,83.297272,-47.701187,nan
2024-08-15T15:27:38,83.297272,-47.701233,nan
2024-08-15T15:27:38,83.297264,-47.701267,nan
2024-08-15T15:27:37,83.297256,-47.701298,nan
2024-08-15T15:27:36,83.297249,-47.701298,nan
2024-08-15T15:27:36,83.297241,-47.701286,nan
2024-08-15T15:27:35,83.297234,-47.701263,nan
2024-08-15T15:27:35,83.297226,-47.701233,nan
2024-08-15T15:27:34,83.297211,-47.701191,nan
2024-08-15T15:27:34,83.297203,-47.701138,nan
2024-08-15T15:27:33,83.297188,-47.701077,nan
2024-08-15T15:27:33,83.297173,-47.701008,nan
2024-08-15T15:27:32,83.297157,-47.700928,nan
2024-08-15T15:27:32,83.297142,-47.700848,nan
2024-08-15T15:27:31,83.297127,-47.700768,nan
2024-08-15T15:27:31,83.297104,-47.700699,nan
2024-08-15T15:27:30,83.297089,-47.700642,nan
2024-08-15T15:27:30,83.297066,-47.700600,nan
2024-08-15T15:27:29,83.297043,-47.700577,nan
2024-08-15T15:27:29,83.297020,-47.700565,nan
2024-08-15T15:27:28,83.297005,-47.700565,nan
2024-08-15T15:27:28,83.296982,-47.700588,nan
2024-08-15T15:27:27,83.296951,-47.700623,nan
2024-08-15T15:27:27,83.296928,-47.700676,nan
2024-08-15T15:27:26,83.296906,-47.700741,nan
2024-08-15T15:27:26,83.296883,-47.700813,nan
2024-08-15T15:27:25,83.296852,-47.700893,nan
2024-08-15T15:27:25,83.296822,-47.700977,nan
2024-08-15T15:27:24,83.296799,-47.701057,nan
2024-08-15T15:27:24,83.296768,-47.701130,nan
2024-08-15T15:27:23,83.296745,-47.701191,nan
2024-08-15T15:27:23,83.296722,-47.701241,nan
2024-08-15T15:27:22,83.296692,-47.701283,nan
2024-08-15T15:27:22,83.296669,-47.701313,nan
2024-08-15T15:27:21,83.296638,-47.701336,nan
2024-08-15T15:27:21,83.296616,-47.701355,nan
2024-08-15T15:27:20,83.296593,-47.701378,nan
2024-08-15T15:27:20,83.296570,-47.701401,nan
2024-08-15T15:27:19,83.296539,-47.701427,nan
2024-08-15T15:27:19,83.296516,-47.701454,nan
2024-08-15T15:27:18,83.296494,-47.701481,nan
2024-08-15T15:27:18,83.296471,-47.701508,nan
2024-08-15T15:27:17,83.296448,-47.701534,nan
2024-08-15T15:27:17,83.296417,-47.701565,nan
2024-08-15T15:27:16,83.296394,-47.701595,nan
2024-08-15T15:27:16,83.296371,-47.701630,nan
2024-08-15T15:27:15,83.296349,-47.701664,nan
2024-08-15T15:27:15,83.296318,-47.701694,nan
2024-08-15T15:27:14,83.296295,-47.701729,nan
2024-08-15T15:27:14,83.296272,-47.701767,nan
2024-08-15T15:27:13,83.296249,-47.701805,nan
2024-08-15T15:27:13,83.296219,-47.701843,nan
2024-08-15T15:27:12,83.296196,-47.701881,nan
2024-08-15T15:27:12,83.296173,-47.701927,nan
2024-08-15T15:27:11,83.296150,-47.701969,nan
2024-08-15T15:27:11,83.296127,-47.702015,nan
2024-08-15T15:27:10,83.296097,-47.702061,nan
2024-08-15T15:27:10,83.296074,-47.702110,nan
2024-08-15T15:27:09,83.296051,-47.702164,nan
2024-08-15T15:27:09,83.296028,-47.702217,nan
2024-08-15T15:27:08,83.295998,-47.702274,nan
2024-08-15T15:27:08,83.295975,-47.702335,nan
2024-08-15T15:27:07,83.295952,-47.702400,nan
2024-08-15T15:27:07,83.295929,-47.702469,nan
2024-08-15T15:27:06,83.295906,-47.702534,nan
2024-08-15T15:27:06,83.295883,-47.702599,nan
2024-08-15T15:27:05,83.295860,-47.702667,nan
2024-08-15T15:27:05,83.295845,-47.702740,nan
2024-08-15T15:27:04,83.295822,-47.702808,nan
2024-08-15T15:27:04,83.295799,-47.702877,nan
2024-08-15T15:27:03,83.295784,-47.702950,nan
2024-08-15T15:27:03,83.295761,-47.703026,nan
2024-08-15T15:27:02,83.295746,-47.703106,nan
2024-08-15T15:27:02,83.295723,-47.703194,nan
2024-08-15T15:27:01,83.295708,-47.703278,nan
2024-08-15T15:27:01,83.295685,-47.703365,nan
2024-08-15T15:27:00,83.295670,-47.703457,nan
2024-08-15T15:27:00,83.295647,-47.703548,nan
2024-08-15T15:26:59,83.295631,-47.703640,nan
2024-08-15T15:26:59,83.295609,-47.703728,nan
2024-08-15T15:26:58,83.295593,-47.703815,nan
2024-08-15T15:26:58,83.295570,-47.703899,nan
2024-08-15T15:26:57,83.295547,-47.703979,nan
2024-08-15T15:26:57,83.295532,-47.704056,nan
2024-08-15T15:26:56,83.295509,-47.704124,nan
2024-08-15T15:26:56,83.295486,-47.704189,nan
2024-08-15T15:26:55,83.295464,-47.704258,nan
2024-08-15T15:26:55,83.295448,-47.704323,nan
2024-08-15T15:26:54,83.295425,-47.704391,nan
2024-08-15T15:26:54,83.295403,-47.704456,nan
2024-08-15T15:26:53,83.295380,-47.704525,nan
2024-08-15T15:26:53,83.295357,-47.704594,nan
2024-08-15T15:26:52,83.295326,-47.704659,nan
2024-08-15T15:26:52,83.295303,-47.704723,nan
2024-08-15T15:26:51,83.295280,-47.704792,nan
2024-08-15T15:26:51,83.295258,-47.704857,nan
2024-08-15T15:26:50,83.295235,-47.704922,nan
2024-08-15T15:26:50,83.295204,-47.704990,nan
2024-08-15T15:26:49,83.295181,-47.705055,nan
2024-08-15T15:26:49,83.295151,-47.705124,nan
2024-08-15T15:26:48,83.295128,-47.705193,nan
2024-08-15T15:26:48,83.295097,-47.705257,nan
2024-08-15T15:26:47,83.295074,-47.705326,nan
2024-08-15T15:26:47,83.295044,-47.705391,nan
2024-08-15T15:26:46,83.295013,-47.705460,nan
2024-08-15T15:26:46,83.294991,-47.705524,nan
2024-08-15T15:26:45,83.294960,-47.705589,nan
2024-08-15T15:26:45,83.294937,-47.705654,nan
2024-08-15T15:26:44,83.294907,-47.705711,nan
2024-08-15T15:26:44,83.294884,-47.705765,nan
2024-08-15T15:26:43,83.294853,-47.705811,nan
2024-08-15T15:26:43,83.294830,-47.705853,nan
2024-08-15T15:26:42,83.294807,-47.705891,nan
2024-08-15T15:26:42,83.294785,-47.705933,nan
2024-08-15T15:26:41,83.294762,-47.705975,nan
2024-08-15T15:26:41,83.294731,-47.706013,nan
2024-08-15T15:26:40,83.294708,-47.706051,nan
2024-08-15T15:26:40,83.294685,-47.706081,nan
2024-08-15T15:26:39,83.294662,-47.706108,nan
2024-08-15T15:26:38,83.294617,-47.706146,nan
2024-08-15T15:26:38,83.294594,-47.706161,nan
2024-08-15T15:26:37,83.294571,-47.706173,nan
2024-08-15T15:26:37,83.294548,-47.706181,nan
2024-08-15T15:26:36,83.294533,-47.706184,nan
2024-08-15T15:26:36,83.294510,-47.706192,nan
2024-08-15T15:26:35,83.294487,-47.706200,nan
2024-08-15T15:26:35,83.294464,-47.706211,nan
2024-08-15T15:26:34,83.294441,-47.706219,nan
2024-08-15T15:26:34,83.294426,-47.706234,nan
2024-08-15T15:26:33,83.294403,-47.706245,nan
2024-08-15T15:26:33,83.294380,-47.706253,nan
2024-08-15T15:26:32,83.294357,-47.706264,nan
2024-08-15T15:26:32,83.294334,-47.706272,nan
2024-08-15T15:26:31,83.294312,-47.706276,nan
2024-08-15T15:26:31,83.294289,-47.706280,nan
2024-08-15T15:26:30,83.294266,-47.706280,nan
2024-08-15T15:26:30,83.294250,-47.706284,nan
2024-08-15T15:26:29,83.294228,-47.706287,nan
2024-08-15T15:26:29,83.294205,-47.706291,nan
2024-08-15T15:26:28,83.294174,-47.706299,nan
2024-08-15T15:26:28,83.294151,-47.706303,nan
2024-08-15T15:26:27,83.294128,-47.706303,nan
2024-08-15T15:26:27,83.294106,-47.706306,nan
2024-08-15T15:26:26,83.294083,-47.706306,nan
2024-08-15T15:26:26,83.294060,-47.706306,nan
2024-08-15T15:26:25,83.294037,-47.706306,nan
2024-08-15T15:26:25,83.294006,-47.706310,nan
2024-08-15T15:26:24,83.293983,-47.706314,nan
2024-08-15T15:26:24,83.293961,-47.706318,nan
2024-08-15T15:26:23,83.293938,-47.706329,nan
2024-08-15T15:26:23,83.293915,-47.706337,nan
2024-08-15T15:26:22,83.293892,-47.706348,nan
2024-08-15T15:26:22,83.293869,-47.706360,nan
2024-08-15T15:26:21,83.293846,-47.706371,nan
2024-08-15T15:26:21,83.293823,-47.706387,nan
2024-08-15T15:26:20,83.293800,-47.706398,nan
2024-08-15T15:26:20,83.293777,-47.706413,nan
2024-08-15T15:26:19,83.293755,-47.706425,nan
2024-08-15T15:26:19,83.293732,-47.706436,nan
2024-08-15T15:26:18,83.293709,-47.706448,nan
2024-08-15T15:26:18,83.293686,-47.706455,nan
2024-08-15T15:26:17,83.293663,-47.706467,nan
2024-08-15T15:26:17,83.293640,-47.706474,nan
2024-08-15T15:26:16,83.293617,-47.706478,nan
2024-08-15T15:26:16,83.293594,-47.706482,nan
2024-08-15T15:26:15,83.293571,-47.706482,nan
2024-08-15T15:26:15,83.293549,-47.706482,nan
2024-08-15T15:26:14,83.293526,-47.706482,nan
2024-08-15T15:26:14,83.293510,-47.706482,nan
2024-08-15T15:26:13,83.293488,-47.706482,nan
2024-08-15T15:26:13,83.293465,-47.706486,nan
2024-08-15T15:26:12,83.293442,-47.706486,nan
2024-08-15T15:26:12,83.293427,-47.706486,nan
2024-08-15T15:26:11,83.293404,-47.706486,nan
2024-08-15T15:26:11,83.293381,-47.706486,nan
2024-08-15T15:26:10,83.293358,-47.706482,nan
2024-08-15T15:26:10,83.293343,-47.706482,nan
2024-08-15T15:26:09,83.293320,-47.706474,nan
2024-08-15T15:26:09,83.293297,-47.706470,nan
2024-08-15T15:26:08,83.293274,-47.706459,nan
2024-08-15T15:26:08,83.293251,-47.706448,nan
2024-08-15T15:26:07,83.293236,-47.706432,nan
2024-08-15T15:26:07,83.293213,-47.706417,nan
2024-08-15T15:26:06,83.293190,-47.706402,nan
2024-08-15T15:26:06,83.293167,-47.706383,nan
2024-08-15T15:26:05,83.293144,-47.706360,nan
2024-08-15T15:26:05,83.293121,-47.706337,nan
2024-08-15T15:26:04,83.293098,-47.706314,nan
2024-08-15T15:26:04,83.293076,-47.706287,nan
2024-08-15T15:26:03,83.293045,-47.706264,nan
2024-08-15T15:26:03,83.293022,-47.706238,nan
2024-08-15T15:26:02,83.292999,-47.706211,nan
2024-08-15T15:26:02,83.292976,-47.706181,nan
2024-08-15T15:26:01,83.292946,-47.706146,nan
2024-08-15T15:26:01,83.292923,-47.706104,nan
2024-08-15T15:26:00,83.292900,-47.706062,nan
2024-08-15T15:26:00,83.292870,-47.706017,nan
2024-08-15T15:25:59,83.292847,-47.705967,nan
2024-08-15T15:25:59,83.292824,-47.705914,nan
2024-08-15T15:25:58,83.292793,-47.705860,nan
2024-08-15T15:25:58,83.292770,-47.705807,nan
2024-08-15T15:25:57,83.292747,-47.705750,nan
2024-08-15T15:25:57,83.292717,-47.705696,nan
2024-08-15T15:25:56,83.292694,-47.705639,nan
2024-08-15T15:25:56,83.292664,-47.705582,nan
2024-08-15T15:25:55,83.292641,-47.705524,nan
2024-08-15T15:25:55,83.292610,-47.705463,nan
2024-08-15T15:25:54,83.292587,-47.705406,nan
2024-08-15T15:25:54,83.292557,-47.705349,nan
2024-08-15T15:25:53,83.292534,-47.705292,nan
2024-08-15T15:25:53,83.292503,-47.705227,nan
2024-08-15T15:25:52,83.292480,-47.705166,nan
2024-08-15T15:25:52,83.292458,-47.705097,nan
2024-08-15T15:25:51,83.292427,-47.705025,nan
2024-08-15T15:25:51,83.292397,-47.704948,nan
2024-08-15T15:25:50,83.292374,-47.704868,nan
2024-08-15T15:25:50,83.292351,-47.704784,nan
2024-08-15T15:25:49,83.292320,-47.704697,nan
2024-08-15T15:25:49,83.292297,-47.704601,nan
2024-08-15T15:25:48,83.292267,-47.704502,nan
2024-08-15T15:25:48,83.292244,-47.704403,nan
2024-08-15T15:25:47,83.292213,-47.704300,nan
2024-08-15T15:25:47,83.292191,-47.704197,nan
2024-08-15T15:25:46,83.292160,-47.704090,nan
2024-08-15T15:25:46,83.292130,-47.703983,nan
2024-08-15T15:25:45,83.292107,-47.703873,nan
2024-08-15T15:25:45,83.292084,-47.703762,nan
2024-08-15T15:25:44,83.292053,-47.703651,nan
2024-08-15T15:25:44,83.292030,-47.703537,nan
2024-08-15T15:25:43,83.292000,-47.703419,nan
2024-08-15T15:25:43,83.291977,-47.703300,nan
2024-08-15T15:25:42,83.291946,-47.703182,nan
2024-08-15T15:25:42,83.291924,-47.703068,nan
2024-08-15T15:25:41,83.291893,-47.702950,nan
2024-08-15T15:25:41,83.291870,-47.702835,nan
2024-08-15T15:25:40,83.291840,-47.702721,nan
2024-08-15T15:25:40,83.291817,-47.702610,nan
2024-08-15T15:25:39,83.291786,-47.702503,nan
2024-08-15T15:25:39,83.291763,-47.702396,nan
2024-08-15T15:25:38,83.291733,-47.702290,nan
2024-08-15T15:25:38,83.291710,-47.702183,nan
2024-08-15T15:25:37,83.291679,-47.702076,nan
2024-08-15T15:25:37,83.291656,-47.701969,nan
2024-08-15T15:25:36,83.291626,-47.701862,nan
2024-08-15T15:25:36,83.291603,-47.701756,nan
2024-08-15T15:25:35,83.291573,-47.701653,nan
2024-08-15T15:25:35,83.291542,-47.701550,nan
2024-08-15T15:25:34,83.291519,-47.701447,nan
2024-08-15T15:25:34,83.291489,-47.701347,nan
2024-08-15T15:25:33,83.291458,-47.701252,nan
2024-08-15T15:25:33,83.291435,-47.701157,nan
2024-08-15T15:25:32,83.291405,-47.701061,nan
2024-08-15T15:25:32,83.291374,-47.700974,nan
2024-08-15T15:25:31,83.291344,-47.700878,nan
2024-08-15T15:25:31,83.291321,-47.700790,nan
2024-08-15T15:25:30,83.291290,-47.700703,nan
2024-08-15T15:25:30,83.291260,-47.700615,nan
2024-08-15T15:25:29,83.291199,-47.700439,nan
2024-08-15T15:25:28,83.291168,-47.700352,nan
2024-08-15T15:25:28,83.291145,-47.700260,nan
2024-08-15T15:25:27,83.291115,-47.700172,nan
2024-08-15T15:25:27,83.291084,-47.700085,nan
2024-08-15T15:25:26,83.291054,-47.699997,nan
2024-08-15T15:25:26,83.291023,-47.699909,nan
2024-08-15T15:25:25,83.291000,-47.699825,nan
2024-08-15T15:25:25,83.290970,-47.699741,nan
2024-08-15T15:25:24,83.290939,-47.699657,nan
2024-08-15T15:25:24,83.290909,-47.699574,nan
2024-08-15T15:25:23,83.290878,-47.699486,nan
2024-08-15T15:25:23,83.290848,-47.699402,nan
2024-08-15T15:25:22,83.290817,-47.699310,nan
2024-08-15T15:25:22,83.290787,-47.699223,nan
2024-08-15T15:25:21,83.290756,-47.699139,nan
2024-08-15T15:25:21,83.290726,-47.699051,nan
2024-08-15T15:25:20,83.290688,-47.698963,nan
2024-08-15T15:25:20,83.290657,-47.698883,nan
2024-08-15T15:25:19,83.290627,-47.698799,nan
2024-08-15T15:25:19,83.290588,-47.698715,nan
2024-08-15T15:25:18,83.290558,-47.698631,nan
2024-08-15T15:25:18,83.290520,-47.698551,nan
2024-08-15T15:25:17,83.290489,-47.698467,nan
2024-08-15T15:25:17,83.290459,-47.698383,nan
2024-08-15T15:25:16,83.290421,-47.698307,nan
2024-08-15T15:25:16,83.290390,-47.698231,nan
2024-08-15T15:25:15,83.290352,-47.698154,nan
2024-08-15T15:25:15,83.290321,-47.698078,nan
2024-08-15T15:25:14,83.290291,-47.698009,nan
2024-08-15T15:25:14,83.290260,-47.697941,nan
2024-08-15T15:25:13,83.290222,-47.697872,nan
2024-08-15T15:25:13,83.290192,-47.697807,nan
2024-08-15T15:25:12,83.290161,-47.697746,nan
2024-08-15T15:25:12,83.290131,-47.697685,nan
2024-08-15T15:25:11,83.290100,-47.697624,nan
2024-08-15T15:25:11,83.290070,-47.697563,nan
2024-08-15T15:25:10,83.290039,-47.697498,nan
2024-08-15T15:25:10,83.290009,-47.697433,nan
2024-08-15T15:25:09,83.289978,-47.697372,nan
2024-08-15T15:25:09,83.289940,-47.697308,nan
2024-08-15T15:25:08,83.289909,-47.697243,nan
2024-08-15T15:25:08,83.289879,-47.697182,nan
2024-08-15T15:25:07,83.289841,-47.697121,nan
2024-08-15T15:25:07,83.289803,-47.697056,nan
2024-08-15T15:25:06,83.289772,-47.696991,nan
2024-08-15T15:25:06,83.289734,-47.696922,nan
2024-08-15T15:25:05,83.289696,-47.696857,nan
2024-08-15T15:25:05,83.289658,-47.696793,nan
2024-08-15T15:25:04,83.289619,-47.696720,nan
2024-08-15T15:25:04,83.289581,-47.696648,nan
2024-08-15T15:25:03,83.289543,-47.696575,nan
2024-08-15T15:25:03,83.289505,-47.696503,nan
2024-08-15T15:25:02,83.289467,-47.696430,nan
2024-08-15T15:25:02,83.289429,-47.696358,nan
2024-08-15T15:25:01,83.289391,-47.696278,nan
2024-08-15T15:25:01,83.289352,-47.696194,nan
2024-08-15T15:25:00,83.289307,-47.696110,nan
2024-08-15T15:25:00,83.289268,-47.696018,nan
2024-08-15T15:24:59,83.289230,-47.695934,nan
2024-08-15T15:24:59,83.289192,-47.695847,nan
2024-08-15T15:24:58,83.289146,-47.695763,nan
2024-08-15T15:24:58,83.289108,-47.695679,nan
2024-08-15T15:24:57,83.289062,-47.695595,nan
2024-08-15T15:24:57,83.289024,-47.695511,nan
2024-08-15T15:24:56,83.288979,-47.695427,nan
2024-08-15T15:24:56,83.288940,-47.695347,nan
2024-08-15T15:24:55,83.288895,-47.695267,nan
2024-08-15T15:24:55,83.288857,-47.695183,nan
2024-08-15T15:24:54,83.288811,-47.695103,nan
2024-08-15T15:24:54,83.288773,-47.695023,nan
2024-08-15T15:24:53,83.288727,-47.694946,nan
2024-08-15T15:24:53,83.288681,-47.694862,nan
2024-08-15T15:24:52,83.288635,-47.694782,nan
2024-08-15T15:24:52,83.288597,-47.694698,nan
2024-08-15T15:24:51,83.288551,-47.694618,nan
2024-08-15T15:24:51,83.288506,-47.694534,nan
2024-08-15T15:24:50,83.288460,-47.694447,nan
2024-08-15T15:24:50,83.288414,-47.694359,nan
2024-08-15T15:24:49,83.288368,-47.694267,nan
2024-08-15T15:24:49,83.288322,-47.694176,nan
2024-08-15T15:24:48,83.288277,-47.694080,nan
2024-08-15T15:24:48,83.288231,-47.693985,nan
2024-08-15T15:24:47,83.288185,-47.693890,nan
2024-08-15T15:24:47,83.288139,-47.693798,nan
2024-08-15T15:24:46,83.288094,-47.693707,nan
2024-08-15T15:24:46,83.288048,-47.693619,nan
2024-08-15T15:24:45,83.288002,-47.693531,nan
2024-08-15T15:24:45,83.287949,-47.693451,nan
2024-08-15T15:24:44,83.287903,-47.693378,nan
2024-08-15T15:24:44,83.287849,-47.693306,nan
2024-08-15T15:24:43,83.287804,-47.693241,nan
2024-08-15T15:24:43,83.287750,-47.693184,nan
2024-08-15T15:24:42,83.287704,-47.693134,nan
2024-08-15T15:24:42,83.287651,-47.693089,nan
2024-08-15T15:24:41,83.287598,-47.693047,nan
2024-08-15T15:24:41,83.287544,-47.693012,nan
2024-08-15T15:24:40,83.287491,-47.692986,nan
2024-08-15T15:24:40,83.287437,-47.692963,nan
2024-08-15T15:24:39,83.287384,-47.692940,nan
2024-08-15T15:24:39,83.287331,-47.692921,nan
2024-08-15T15:24:38,83.287277,-47.692905,nan
2024-08-15T15:24:38,83.287224,-47.692894,nan
2024-08-15T15:24:37,83.287163,-47.692883,nan
2024-08-15T15:24:37,83.287109,-47.692867,nan
2024-08-15T15:24:36,83.287056,-47.692856,nan
2024-08-15T15:24:36,83.287003,-47.692841,nan
2024-08-15T15:24:35,83.286949,-47.692825,nan
2024-08-15T15:24:35,83.286896,-47.692818,nan
2024-08-15T15:24:34,83.286842,-47.692810,nan
2024-08-15T15:24:34,83.286789,-47.692806,nan
2024-08-15T15:24:33,83.286736,-47.692802,nan
2024-08-15T15:24:33,83.286682,-47.692795,nan
2024-08-15T15:24:32,83.286629,-47.692787,nan
2024-08-15T15:24:32,83.286575,-47.692783,nan
2024-08-15T15:24:31,83.286522,-47.692776,nan
2024-08-15T15:24:31,83.286469,-47.692764,nan
2024-08-15T15:24:30,83.286407,-47.692757,nan
2024-08-15T15:24:30,83.286354,-47.692745,nan
2024-08-15T15:24:29,83.286301,-47.692734,nan
2024-08-15T15:24:29,83.286240,-47.692722,nan
2024-08-15T15:24:28,83.286186,-47.692715,nan
2024-08-15T15:24:28,83.286133,-47.692703,nan
2024-08-15T15:24:27,83.286072,-47.692692,nan
2024-08-15T15:24:27,83.286018,-47.692684,nan
2024-08-15T15:24:26,83.285957,-47.692673,nan
2024-08-15T15:24:26,83.285896,-47.692665,nan
2024-08-15T15:24:25,83.285843,-47.692654,nan
2024-08-15T15:24:25,83.285782,-47.692646,nan
2024-08-15T15:24:24,83.285721,-47.692642,nan
2024-08-15T15:24:24,83.285660,-47.692635,nan
2024-08-15T15:24:23,83.285606,-47.692631,nan
2024-08-15T15:24:23,83.285545,-47.692619,nan
2024-08-15T15:24:22,83.285484,-47.692612,nan
2024-08-15T15:24:22,83.285423,-47.692600,nan
2024-08-15T15:24:21,83.285362,-47.692585,nan
2024-08-15T15:24:21,83.285301,-47.692570,nan
2024-08-15T15:24:20,83.285240,-47.692551,nan
2024-08-15T15:24:20,83.285179,-47.692535,nan
2024-08-15T15:24:19,83.285118,-47.692520,nan
2024-08-15T15:24:19,83.285057,-47.692513,nan
2024-08-15T15:24:18,83.284996,-47.692505,nan
2024-08-15T15:24:18,83.284935,-47.692501,nan
2024-08-15T15:24:17,83.284874,-47.692501,nan
2024-08-15T15:24:17,83.284813,-47.692505,nan
2024-08-15T15:24:16,83.284752,-47.692501,nan
2024-08-15T15:24:16,83.284691,-47.692501,nan
2024-08-15T15:24:15,83.284630,-47.692497,nan
2024-08-15T15:24:15,83.284569,-47.692490,nan
2024-08-15T15:24:14,83.284508,-47.692486,nan
2024-08-15T15:24:14,83.284447,-47.692478,nan
2024-08-15T15:24:13,83.284386,-47.692474,nan
2024-08-15T15:24:13,83.284325,-47.692471,nan
2024-08-15T15:24:12,83.284264,-47.692471,nan
2024-08-15T15:24:12,83.284203,-47.692471,nan
2024-08-15T15:24:11,83.284142,-47.692474,nan
2024-08-15T15:24:11,83.284081,-47.692474,nan
2024-08-15T15:24:10,83.284019,-47.692467,nan
2024-08-15T15:24:10,83.283958,-47.692459,nan
2024-08-15T15:24:09,83.283897,-47.692451,nan
2024-08-15T15:24:09,83.283836,-47.692444,nan
2024-08-15T15:24:08,83.283775,-47.692432,nan
2024-08-15T15:24:08,83.283714,-47.692421,nan
2024-08-15T15:24:07,83.283653,-47.692413,nan
2024-08-15T15:24:07,83.283592,-47.692402,nan
2024-08-15T15:24:06,83.283531,-47.692394,nan
2024-08-15T15:24:06,83.283478,-47.692383,nan
2024-08-15T15:24:05,83.283417,-47.692368,nan
2024-08-15T15:24:05,83.283356,-47.692348,nan
2024-08-15T15:24:04,83.283287,-47.692326,nan
2024-08-15T15:24:04,83.283226,-47.692299,nan
2024-08-15T15:24:03,83.283165,-47.692265,nan
2024-08-15T15:24:03,83.283104,-47.692223,nan
2024-08-15T15:24:02,83.283043,-47.692173,nan
2024-08-15T15:24:02,83.282982,-47.692120,nan
2024-08-15T15:24:01,83.282921,-47.692062,nan
2024-08-15T15:24:01,83.282852,-47.692001,nan
2024-08-15T15:24:00,83.282791,-47.691948,nan
2024-08-15T15:24:00,83.282730,-47.691895,nan
2024-08-15T15:23:59,83.282661,-47.691841,nan
2024-08-15T15:23:59,83.282600,-47.691795,nan
2024-08-15T15:23:58,83.282532,-47.691753,nan
2024-08-15T15:23:58,83.282463,-47.691719,nan
2024-08-15T15:23:57,83.282402,-47.691681,nan
2024-08-15T15:23:57,83.282333,-47.691647,nan
2024-08-15T15:23:56,83.282265,-47.691616,nan
2024-08-15T15:23:56,83.282204,-47.691586,nan
2024-08-15T15:23:55,83.282135,-47.691559,nan
2024-08-15T15:23:55,83.282074,-47.691540,nan
2024-08-15T15:23:54,83.282005,-47.691521,nan
2024-08-15T15:23:54,83.281937,-47.691505,nan
2024-08-15T15:23:53,83.281876,-47.691490,nan
2024-08-15T15:23:53,83.281807,-47.691483,nan
2024-08-15T15:23:52,83.281738,-47.691471,nan
2024-08-15T15:23:52,83.281677,-47.691467,nan
2024-08-15T15:23:51,83.281609,-47.691456,nan
2024-08-15T15:23:51,83.281548,-47.691448,nan
2024-08-15T15:23:50,83.281479,-47.691448,nan
2024-08-15T15:23:50,83.281410,-47.691448,nan
2024-08-15T15:23:49,83.281342,-47.691452,nan
2024-08-15T15:23:49,83.281281,-47.691452,nan
2024-08-15T15:23:48,83.281212,-47.691452,nan
2024-08-15T15:23:48,83.281143,-47.691456,nan
2024-08-15T15:23:47,83.281075,-47.691460,nan
2024-08-15T15:23:47,83.281006,-47.691463,nan
2024-08-15T15:23:46,83.280937,-47.691467,nan
2024-08-15T15:23:46,83.280876,-47.691471,nan
2024-08-15T15:23:45,83.280807,-47.691475,nan
2024-08-15T15:23:45,83.280731,-47.691471,nan
2024-08-15T15:23:44,83.280663,-47.691471,nan
2024-08-15T15:23:44,83.280594,-47.691460,nan
2024-08-15T15:23:43,83.280525,-47.691444,nan
2024-08-15T15:23:43,83.280449,-47.691425,nan
2024-08-15T15:23:42,83.280380,-47.691406,nan
2024-08-15T15:23:42,83.280312,-47.691383,nan
2024-08-15T15:23:41,83.280235,-47.691364,nan
2024-08-15T15:23:41,83.280167,-47.691341,nan
2024-08-15T15:23:40,83.280090,-47.691319,nan
2024-08-15T15:23:40,83.280022,-47.691288,nan
2024-08-15T15:23:39,83.279945,-47.691254,nan
2024-08-15T15:23:39,83.279877,-47.691219,nan
2024-08-15T15:23:38,83.279800,-47.691181,nan
2024-08-15T15:23:38,83.279724,-47.691151,nan
2024-08-15T15:23:37,83.279655,-47.691116,nan
2024-08-15T15:23:37,83.279579,-47.691090,nan
2024-08-15T15:23:36,83.279503,-47.691063,nan
2024-08-15T15:23:36,83.279427,-47.691036,nan
2024-08-15T15:23:35,83.279350,-47.691010,nan
2024-08-15T15:23:35,83.279274,-47.690979,nan
2024-08-15T15:23:34,83.279190,-47.690945,nan
2024-08-15T15:23:34,83.279114,-47.690914,nan
2024-08-15T15:23:33,83.279037,-47.690891,nan
2024-08-15T15:23:33,83.278954,-47.690868,nan
2024-08-15T15:23:32,83.278877,-47.690849,nan
2024-08-15T15:23:32,83.278793,-47.690838,nan
2024-08-15T15:23:31,83.278717,-47.690826,nan
2024-08-15T15:23:31,83.278633,-47.690819,nan
2024-08-15T15:23:30,83.278557,-47.690819,nan
2024-08-15T15:23:30,83.278473,-47.690826,nan
2024-08-15T15:23:29,83.278397,-47.690842,nan
2024-08-15T15:23:29,83.278313,-47.690861,nan
2024-08-15T15:23:28,83.278236,-47.690884,nan
2024-08-15T15:23:28,83.278152,-47.690907,nan
2024-08-15T15:23:27,83.278076,-47.690929,nan
2024-08-15T15:23:27,83.277992,-47.690952,nan
2024-08-15T15:23:26,83.277916,-47.690971,nan
2024-08-15T15:23:26,83.277840,-47.690994,nan
2024-08-15T15:23:25,83.277756,-47.691017,nan
2024-08-15T15:23:25,83.277679,-47.691040,nan
2024-08-15T15:23:24,83.277596,-47.691067,nan
2024-08-15T15:23:24,83.277519,-47.691090,nan
2024-08-15T15:23:23,83.277435,-47.691113,nan
2024-08-15T15:23:23,83.277359,-47.691132,nan
2024-08-15T15:23:22,83.277275,-47.691151,nan
2024-08-15T15:23:22,83.277191,-47.691170,nan
2024-08-15T15:23:21,83.277115,-47.691189,nan
2024-08-15T15:23:21,83.277031,-47.691208,nan
2024-08-15T15:23:20,83.276947,-47.691223,nan
2024-08-15T15:23:20,83.276863,-47.691242,nan
2024-08-15T15:23:19,83.276787,-47.691261,nan
2024-08-15T15:23:19,83.276695,-47.691273,nan
2024-08-15T15:23:18,83.276619,-47.691288,nan
2024-08-15T15:23:18,83.276535,-47.691299,nan
2024-08-15T15:23:17,83.276451,-47.691311,nan
2024-08-15T15:23:17,83.276367,-47.691322,nan
2024-08-15T15:23:16,83.276283,-47.691334,nan
2024-08-15T15:23:16,83.276199,-47.691341,nan
2024-08-15T15:23:15,83.276115,-47.691357,nan
2024-08-15T15:23:15,83.276031,-47.691368,nan
2024-08-15T15:23:14,83.275948,-47.691376,nan
2024-08-15T15:23:14,83.275864,-47.691380,nan
2024-08-15T15:23:13,83.275780,-47.691380,nan
2024-08-15T15:23:13,83.275696,-47.691383,nan
2024-08-15T15:23:12,83.275612,-47.691387,nan
2024-08-15T15:23:12,83.275528,-47.691391,nan
2024-08-15T15:23:11,83.275444,-47.691395,nan
2024-08-15T15:23:11,83.275360,-47.691395,nan
2024-08-15T15:23:10,83.275276,-47.691391,nan
2024-08-15T15:23:10,83.275192,-47.691387,nan
2024-08-15T15:23:09,83.275108,-47.691376,nan
2024-08-15T15:23:09,83.275024,-47.691368,nan
2024-08-15T15:23:08,83.274940,-47.691357,nan
2024-08-15T15:23:08,83.274857,-47.691349,nan
2024-08-15T15:23:07,83.274773,-47.691338,nan
2024-08-15T15:23:07,83.274689,-47.691326,nan
2024-08-15T15:23:06,83.274605,-47.691319,nan
2024-08-15T15:23:06,83.274521,-47.691307,nan
2024-08-15T15:23:05,83.274437,-47.691292,nan
2024-08-15T15:23:05,83.274353,-47.691273,nan
2024-08-15T15:23:04,83.274269,-47.691254,nan
2024-08-15T15:23:04,83.274185,-47.691231,nan
2024-08-15T15:23:03,83.274101,-47.691208,nan
2024-08-15T15:23:03,83.274010,-47.691185,nan
2024-08-15T15:23:02,83.273926,-47.691166,nan
2024-08-15T15:23:02,83.273842,-47.691147,nan
2024-08-15T15:23:01,83.273758,-47.691128,nan
2024-08-15T15:23:01,83.273674,-47.691109,nan
2024-08-15T15:23:00,83.273590,-47.691090,nan
2024-08-15T15:23:00,83.273499,-47.691067,nan
2024-08-15T15:22:59,83.273415,-47.691048,nan
2024-08-15T15:22:59,83.273331,-47.691032,nan
2024-08-15T15:22:58,83.273247,-47.691013,nan
2024-08-15T15:22:58,83.273163,-47.690998,nan
2024-08-15T15:22:57,83.273071,-47.690979,nan
2024-08-15T15:22:57,83.272987,-47.690964,nan
2024-08-15T15:22:56,83.272903,-47.690945,nan
2024-08-15T15:22:56,83.272820,-47.690929,nan
2024-08-15T15:22:55,83.272728,-47.690914,nan
2024-08-15T15:22:55,83.272644,-47.690903,nan
2024-08-15T15:22:54,83.272560,-47.690895,nan
2024-08-15T15:22:54,83.272469,-47.690887,nan
2024-08-15T15:22:53,83.272385,-47.690880,nan
2024-08-15T15:22:53,83.272293,-47.690865,nan
2024-08-15T15:22:52,83.272209,-47.690849,nan
2024-08-15T15:22:52,83.272125,-47.690834,nan
2024-08-15T15:22:51,83.272034,-47.690823,nan
2024-08-15T15:22:50,83.271858,-47.690804,nan
2024-08-15T15:22:50,83.271767,-47.690796,nan
2024-08-15T15:22:49,83.271675,-47.690788,nan
2024-08-15T15:22:49,83.271591,-47.690781,nan
2024-08-15T15:22:48,83.271500,-47.690781,nan
2024-08-15T15:22:48,83.271408,-47.690781,nan
2024-08-15T15:22:47,83.271317,-47.690784,nan
2024-08-15T15:22:47,83.271233,-47.690788,nan
2024-08-15T15:22:46,83.271141,-47.690792,nan
2024-08-15T15:22:46,83.271049,-47.690788,nan
2024-08-15T15:22:45,83.270958,-47.690788,nan
2024-08-15T15:22:45,83.270866,-47.690784,nan
2024-08-15T15:22:44,83.270775,-47.690777,nan
2024-08-15T15:22:44,83.270683,-47.690773,nan
2024-08-15T15:22:43,83.270599,-47.690769,nan
2024-08-15T15:22:43,83.270508,-47.690773,nan
2024-08-15T15:22:42,83.270409,-47.690777,nan
2024-08-15T15:22:42,83.270317,-47.690781,nan
2024-08-15T15:22:41,83.270226,-47.690781,nan
2024-08-15T15:22:41,83.270134,-47.690781,nan
2024-08-15T15:22:40,83.270042,-47.690777,nan
2024-08-15T15:22:40,83.269951,-47.690777,nan
2024-08-15T15:22:39,83.269859,-47.690773,nan
2024-08-15T15:22:39,83.269768,-47.690773,nan
2024-08-15T15:22:38,83.269669,-47.690773,nan
2024-08-15T15:22:38,83.269577,-47.690773,nan
2024-08-15T15:22:37,83.269485,-47.690769,nan
2024-08-15T15:22:37,83.269386,-47.690765,nan
2024-08-15T15:22:36,83.269295,-47.690758,nan
2024-08-15T15:22:36,83.269203,-47.690742,nan
2024-08-15T15:22:35,83.269112,-47.690731,nan
2024-08-15T15:22:35,83.269012,-47.690712,nan
2024-08-15T15:22:34,83.268921,-47.690693,nan
2024-08-15T15:22:34,83.268822,-47.690670,nan
2024-08-15T15:22:33,83.268723,-47.690639,nan
2024-08-15T15:22:33,83.268631,-47.690609,nan
2024-08-15T15:22:32,83.268532,-47.690571,nan
2024-08-15T15:22:32,83.268433,-47.690529,nan
2024-08-15T15:22:31,83.268333,-47.690487,nan
2024-08-15T15:22:31,83.268242,-47.690445,nan
2024-08-15T15:22:30,83.268143,-47.690407,nan
2024-08-15T15:22:30,83.268044,-47.690369,nan
2024-08-15T15:22:29,83.267944,-47.690327,nan
2024-08-15T15:22:29,83.267838,-47.690289,nan
2024-08-15T15:22:28,83.267738,-47.690243,nan
2024-08-15T15:22:28,83.267632,-47.690193,nan
2024-08-15T15:22:27,83.267532,-47.690140,nan
2024-08-15T15:22:27,83.267426,-47.690083,nan
2024-08-15T15:22:26,83.267326,-47.690029,nan
2024-08-15T15:22:26,83.267220,-47.689972,nan
2024-08-15T15:22:25,83.267113,-47.689915,nan
2024-08-15T15:22:25,83.267006,-47.689854,nan
2024-08-15T15:22:24,83.266907,-47.689793,nan
2024-08-15T15:22:24,83.266800,-47.689732,nan
2024-08-15T15:22:23,83.266693,-47.689667,nan
2024-08-15T15:22:23,83.266586,-47.689602,nan
2024-08-15T15:22:22,83.266479,-47.689541,nan
2024-08-15T15:22:22,83.266373,-47.689480,nan
2024-08-15T15:22:21,83.266266,-47.689426,nan
2024-08-15T15:22:21,83.266167,-47.689377,nan
2024-08-15T15:22:20,83.266052,-47.689323,nan
2024-08-15T15:22:20,83.265953,-47.689270,nan
2024-08-15T15:22:19,83.265846,-47.689217,nan
2024-08-15T15:22:19,83.265739,-47.689167,nan
2024-08-15T15:22:18,83.265633,-47.689117,nan
2024-08-15T15:22:18,83.265526,-47.689072,nan
2024-08-15T15:22:17,83.265427,-47.689030,nan
2024-08-15T15:22:17,83.265320,-47.688992,nan
2024-08-15T15:22:16,83.265213,-47.688953,nan
2024-08-15T15:22:16,83.265106,-47.688919,nan
2024-08-15T15:22:15,83.264999,-47.688881,nan
2024-08-15T15:22:15,83.264893,-47.688847,nan
2024-08-15T15:22:14,83.264786,-47.688812,nan
2024-08-15T15:22:14,83.264679,-47.688782,nan
2024-08-15T15:22:13,83.264572,-47.688751,nan
2024-08-15T15:22:13,83.264465,-47.688728,nan
2024-08-15T15:22:12,83.264359,-47.688709,nan
2024-08-15T15:22:12,83.264252,-47.688686,nan
2024-08-15T15:22:11,83.264145,-47.688667,nan
2024-08-15T15:22:11,83.264038,-47.688648,nan
2024-08-15T15:22:10,83.263931,-47.688629,nan
2024-08-15T15:22:10,83.263824,-47.688618,nan
2024-08-15T15:22:09,83.263718,-47.688602,nan
2024-08-15T15:22:09,83.263603,-47.688599,nan
2024-08-15T15:22:08,83.263496,-47.688591,nan
2024-08-15T15:22:08,83.263390,-47.688580,nan
2024-08-15T15:22:07,83.263275,-47.688560,nan
2024-08-15T15:22:07,83.263168,-47.688538,nan
2024-08-15T15:22:06,83.263062,-47.688511,nan
2024-08-15T15:22:06,83.262955,-47.688484,nan
2024-08-15T15:22:05,83.262840,-47.688454,nan
2024-08-15T15:22:05,83.262733,-47.688423,nan
2024-08-15T15:22:04,83.262627,-47.688381,nan
2024-08-15T15:22:04,83.262512,-47.688339,nan
2024-08-15T15:22:03,83.262405,-47.688293,nan
2024-08-15T15:22:03,83.262299,-47.688244,nan
2024-08-15T15:22:02,83.262184,-47.688190,nan
2024-08-15T15:22:02,83.262077,-47.688137,nan
2024-08-15T15:22:01,83.261971,-47.688084,nan
2024-08-15T15:22:01,83.261856,-47.688030,nan
2024-08-15T15:22:00,83.261742,-47.687977,nan
2024-08-15T15:22:00,83.261635,-47.687927,nan
2024-08-15T15:21:59,83.261520,-47.687878,nan
2024-08-15T15:21:59,83.261406,-47.687824,nan
2024-08-15T15:21:58,83.261292,-47.687775,nan
2024-08-15T15:21:58,83.261177,-47.687725,nan
2024-08-15T15:21:57,83.261063,-47.687675,nan
2024-08-15T15:21:57,83.260948,-47.687626,nan
2024-08-15T15:21:56,83.260826,-47.687572,nan
2024-08-15T15:21:56,83.260712,-47.687515,nan
2024-08-15T15:21:55,83.260590,-47.687458,nan
2024-08-15T15:21:55,83.260475,-47.687393,nan
2024-08-15T15:21:54,83.260353,-47.687332,nan
2024-08-15T15:21:54,83.260231,-47.687271,nan
2024-08-15T15:21:53,83.260109,-47.687206,nan
2024-08-15T15:21:53,83.259987,-47.687141,nan
2024-08-15T15:21:52,83.259865,-47.687077,nan
2024-08-15T15:21:52,83.259743,-47.687016,nan
2024-08-15T15:21:51,83.259621,-47.686962,nan
2024-08-15T15:21:51,83.259499,-47.686913,nan
2024-08-15T15:21:50,83.259377,-47.686863,nan
2024-08-15T15:21:50,83.259254,-47.686817,nan
2024-08-15T15:21:49,83.259132,-47.686775,nan
2024-08-15T15:21:49,83.259003,-47.686729,nan
2024-08-15T15:21:48,83.258881,-47.686691,nan
2024-08-15T15:21:48,83.258759,-47.686657,nan
2024-08-15T15:21:47,83.258636,-47.686626,nan
2024-08-15T15:21:47,83.258514,-47.686600,nan
2024-08-15T15:21:46,83.258385,-47.686577,nan
2024-08-15T15:21:46,83.258263,-47.686554,nan
2024-08-15T15:21:45,83.258141,-47.686531,nan
2024-08-15T15:21:45,83.258011,-47.686508,nan
2024-08-15T15:21:44,83.257889,-47.686485,nan
2024-08-15T15:21:44,83.257767,-47.686462,nan
2024-08-15T15:21:43,83.257637,-47.686432,nan
2024-08-15T15:21:43,83.257515,-47.686401,nan
2024-08-15T15:21:42,83.257385,-47.686371,nan
2024-08-15T15:21:42,83.257263,-47.686333,nan
2024-08-15T15:21:41,83.257133,-47.686295,nan
2024-08-15T15:21:41,83.257011,-47.686253,nan
2024-08-15T15:21:40,83.256889,-47.686214,nan
2024-08-15T15:21:40,83.256760,-47.686176,nan
2024-08-15T15:21:39,83.256638,-47.686134,nan
2024-08-15T15:21:39,83.256508,-47.686096,nan
2024-08-15T15:21:38,83.256386,-47.686054,nan
2024-08-15T15:21:38,83.256256,-47.686012,nan
2024-08-15T15:21:37,83.256134,-47.685966,nan
2024-08-15T15:21:37,83.256004,-47.685925,nan
2024-08-15T15:21:36,83.255882,-47.685886,nan
2024-08-15T15:21:36,83.255753,-47.685848,nan
2024-08-15T15:21:35,83.255630,-47.685814,nan
2024-08-15T15:21:35,83.255508,-47.685780,nan
2024-08-15T15:21:34,83.255379,-47.685749,nan
2024-08-15T15:21:34,83.255257,-47.685719,nan
2024-08-15T15:21:33,83.255127,-47.685680,nan
2024-08-15T15:21:33,83.255005,-47.685646,nan
2024-08-15T15:21:32,83.254883,-47.685616,nan
2024-08-15T15:21:32,83.254753,-47.685589,nan
2024-08-15T15:21:31,83.254631,-47.685562,nan
2024-08-15T15:21:31,83.254509,-47.685535,nan
2024-08-15T15:21:30,83.254379,-47.685509,nan
2024-08-15T15:21:30,83.254257,-47.685478,nan
2024-08-15T15:21:29,83.254135,-47.685448,nan
2024-08-15T15:21:29,83.254013,-47.685425,nan
2024-08-15T15:21:28,83.253883,-47.685398,nan
2024-08-15T15:21:28,83.253761,-47.685375,nan
2024-08-15T15:21:27,83.253639,-47.685356,nan
2024-08-15T15:21:27,83.253510,-47.685341,nan
2024-08-15T15:21:26,83.253387,-47.685318,nan
2024-08-15T15:21:26,83.253258,-47.685295,nan
2024-08-15T15:21:25,83.253136,-47.685276,nan
2024-08-15T15:21:25,83.253014,-47.685261,nan
2024-08-15T15:21:24,83.252884,-47.685246,nan
2024-08-15T15:21:24,83.252762,-47.685238,nan
2024-08-15T15:21:23,83.252632,-47.685234,nan
2024-08-15T15:21:23,83.252510,-47.685238,nan
2024-08-15T15:21:22,83.252380,-47.685246,nan
2024-08-15T15:21:22,83.252258,-47.685249,nan
2024-08-15T15:21:21,83.252129,-47.685257,nan
2024-08-15T15:21:21,83.252007,-47.685265,nan
2024-08-15T15:21:20,83.251877,-47.685268,nan
2024-08-15T15:21:20,83.251755,-47.685272,nan
2024-08-15T15:21:19,83.251625,-47.685276,nan
2024-08-15T15:21:19,83.251503,-47.685280,nan
2024-08-15T15:21:18,83.251373,-47.685280,nan
2024-08-15T15:21:18,83.251244,-47.685272,nan
2024-08-15T15:21:17,83.251122,-47.685261,nan
2024-08-15T15:21:17,83.250992,-47.685246,nan
2024-08-15T15:21:16,83.250870,-47.685223,nan
2024-08-15T15:21:16,83.250740,-47.685204,nan
2024-08-15T15:21:15,83.250610,-47.685181,nan
2024-08-15T15:21:15,83.250481,-47.685150,nan
2024-08-15T15:21:14,83.250359,-47.685123,nan
2024-08-15T15:21:14,83.250229,-47.685089,nan
2024-08-15T15:21:13,83.250099,-47.685055,nan
2024-08-15T15:21:13,83.249969,-47.685024,nan
2024-08-15T15:21:12,83.249840,-47.684990,nan
2024-08-15T15:21:12,83.249718,-47.684963,nan
2024-08-15T15:21:11,83.249588,-47.684940,nan
2024-08-15T15:21:11,83.249458,-47.684925,nan
2024-08-15T15:21:10,83.249329,-47.684914,nan
2024-08-15T15:21:10,83.249199,-47.684898,nan
2024-08-15T15:21:09,83.249069,-47.684891,nan
2024-08-15T15:21:09,83.248940,-47.684875,nan
2024-08-15T15:21:08,83.248810,-47.684860,nan
2024-08-15T15:21:08,83.248680,-47.684849,nan
2024-08-15T15:21:07,83.248550,-47.684841,nan
2024-08-15T15:21:07,83.248421,-47.684830,nan
2024-08-15T15:21:06,83.248291,-47.684814,nan
2024-08-15T15:21:06,83.248161,-47.684795,nan
2024-08-15T15:21:05,83.248032,-47.684784,nan
2024-08-15T15:21:05,83.247902,-47.684769,nan
2024-08-15T15:21:04,83.247772,-47.684757,nan
2024-08-15T15:21:04,83.247643,-47.684750,nan
2024-08-15T15:21:03,83.247513,-47.684738,nan
2024-08-15T15:21:03,83.247383,-47.684731,nan
2024-08-15T15:21:02,83.247253,-47.684727,nan
2024-08-15T15:21:02,83.247124,-47.684731,nan
2024-08-15T15:21:01,83.246994,-47.684734,nan
2024-08-15T15:21:01,83.246872,-47.684746,nan
2024-08-15T15:21:00,83.246742,-47.684765,nan
2024-08-15T15:21:00,83.246613,-47.684792,nan
2024-08-15T15:20:59,83.246483,-47.684818,nan
2024-08-15T15:20:59,83.246361,-47.684845,nan
2024-08-15T15:20:58,83.246231,-47.684868,nan
2024-08-15T15:20:58,83.246101,-47.684898,nan
2024-08-15T15:20:57,83.245972,-47.684925,nan
2024-08-15T15:20:57,83.245850,-47.684948,nan
2024-08-15T15:20:56,83.245720,-47.684971,nan
2024-08-15T15:20:56,83.245590,-47.684990,nan
2024-08-15T15:20:55,83.245461,-47.685009,nan
2024-08-15T15:20:55,83.245338,-47.685028,nan
2024-08-15T15:20:54,83.245209,-47.685051,nan
2024-08-15T15:20:54,83.245079,-47.685066,nan
2024-08-15T15:20:53,83.244949,-47.685081,nan
2024-08-15T15:20:53,83.244820,-47.685089,nan
2024-08-15T15:20:52,83.244698,-47.685097,nan
2024-08-15T15:20:52,83.244568,-47.685101,nan
2024-08-15T15:20:51,83.244438,-47.685108,nan
2024-08-15T15:20:51,83.244308,-47.685108,nan
2024-08-15T15:20:50,83.244179,-47.685108,nan
2024-08-15T15:20:50,83.244057,-47.685101,nan
2024-08-15T15:20:49,83.243919,-47.685089,nan
2024-08-15T15:20:49,83.243790,-47.685070,nan
2024-08-15T15:20:48,83.243668,-47.685043,nan
2024-08-15T15:20:48,83.243530,-47.685013,nan
2024-08-15T15:20:47,83.243401,-47.684982,nan
2024-08-15T15:20:47,83.243271,-47.684956,nan
2024-08-15T15:20:46,83.243141,-47.684929,nan
2024-08-15T15:20:46,83.243011,-47.684902,nan
2024-08-15T15:20:45,83.242882,-47.684875,nan
2024-08-15T15:20:45,83.242752,-47.684845,nan
2024-08-15T15:20:44,83.242622,-47.684814,nan
2024-08-15T15:20:44,83.242493,-47.684788,nan
2024-08-15T15:20:43,83.242363,-47.684761,nan
2024-08-15T15:20:43,83.242233,-47.684731,nan
2024-08-15T15:20:42,83.242104,-47.684700,nan
2024-08-15T15:20:42,83.241966,-47.684666,nan
2024-08-15T15:20:41,83.241844,-47.684631,nan
2024-08-15T15:20:41,83.241714,-47.684605,nan
2024-08-15T15:20:40,83.241585,-47.684582,nan
2024-08-15T15:20:40,83.241447,-47.684559,nan
2024-08-15T15:20:39,83.241318,-47.684536,nan
2024-08-15T15:20:39,83.241188,-47.684513,nan
2024-08-15T15:20:38,83.241058,-47.684498,nan
2024-08-15T15:20:38,83.240929,-47.684486,nan
2024-08-15T15:20:37,83.240799,-47.684479,nan
2024-08-15T15:20:37,83.240669,-47.684475,nan
2024-08-15T15:20:36,83.240540,-47.684475,nan
2024-08-15T15:20:36,83.240410,-47.684475,nan
2024-08-15T15:20:35,83.240280,-47.684471,nan
2024-08-15T15:20:35,83.240150,-47.684471,nan
2024-08-15T15:20:34,83.240021,-47.684464,nan
2024-08-15T15:20:34,83.239891,-47.684460,nan
2024-08-15T15:20:33,83.239761,-47.684460,nan
2024-08-15T15:20:33,83.239632,-47.684460,nan
2024-08-15T15:20:32,83.239502,-47.684456,nan
2024-08-15T15:20:32,83.239372,-47.684448,nan
2024-08-15T15:20:31,83.239243,-47.684437,nan
2024-08-15T15:20:31,83.239113,-47.684425,nan
2024-08-15T15:20:30,83.238983,-47.684410,nan
2024-08-15T15:20:30,83.238853,-47.684395,nan
2024-08-15T15:20:29,83.238724,-47.684380,nan
2024-08-15T15:20:29,83.238586,-47.684357,nan
2024-08-15T15:20:28,83.238457,-47.684334,nan
2024-08-15T15:20:28,83.238327,-47.684311,nan
2024-08-15T15:20:27,83.238197,-47.684288,nan
2024-08-15T15:20:27,83.238068,-47.684265,nan
2024-08-15T15:20:26,83.237930,-47.684246,nan
2024-08-15T15:20:26,83.237801,-47.684223,nan
2024-08-15T15:20:25,83.237671,-47.684196,nan
2024-08-15T15:20:25,83.237534,-47.684170,nan
2024-08-15T15:20:24,83.237404,-47.684139,nan
2024-08-15T15:20:24,83.237267,-47.684105,nan
2024-08-15T15:20:23,83.237137,-47.684071,nan
2024-08-15T15:20:23,83.237000,-47.684029,nan
2024-08-15T15:20:22,83.236870,-47.683983,nan
2024-08-15T15:20:22,83.236732,-47.683937,nan
2024-08-15T15:20:21,83.236603,-47.683891,nan
2024-08-15T15:20:21,83.236465,-47.683849,nan
2024-08-15T15:20:20,83.236336,-47.683811,nan
2024-08-15T15:20:20,83.236198,-47.683769,nan
2024-08-15T15:20:19,83.236069,-47.683731,nan
2024-08-15T15:20:19,83.235931,-47.683685,nan
2024-08-15T15:20:18,83.235794,-47.683643,nan
2024-08-15T15:20:18,83.235664,-47.683598,nan
2024-08-15T15:20:17,83.235527,-47.683556,nan
2024-08-15T15:20:17,83.235390,-47.683517,nan
2024-08-15T15:20:16,83.235252,-47.683475,nan
2024-08-15T15:20:16,83.235123,-47.683437,nan
2024-08-15T15:20:15,83.234985,-47.683395,nan
2024-08-15T15:20:15,83.234856,-47.683353,nan
2024-08-15T15:20:14,83.234718,-47.683315,nan
2024-08-15T15:20:14,83.234581,-47.683277,nan
2024-08-15T15:20:13,83.234451,-47.683243,nan
2024-08-15T15:20:13,83.234314,-47.683205,nan
2024-08-15T15:20:12,83.234184,-47.683163,nan
2024-08-15T15:20:12,83.234047,-47.683117,nan
2024-08-15T15:20:11,83.233917,-47.683071,nan
2024-08-15T15:20:11,83.233788,-47.683029,nan
2024-08-15T15:20:10,83.233650,-47.682983,nan
2024-08-15T15:20:10,83.233521,-47.682934,nan
2024-08-15T15:20:09,83.233391,-47.682892,nan
2024-08-15T15:20:09,83.233261,-47.682842,nan
2024-08-15T15:20:08,83.233124,-47.682796,nan
2024-08-15T15:20:08,83.233002,-47.682751,nan
2024-08-15T15:20:07,83.232864,-47.682709,nan
2024-08-15T15:20:07,83.232742,-47.682667,nan
2024-08-15T15:20:06,83.232613,-47.682629,nan
2024-08-15T15:20:06,83.232483,-47.682594,nan
2024-08-15T15:20:05,83.232353,-47.682556,nan
2024-08-15T15:20:05,83.232231,-47.682526,nan
2024-08-15T15:20:04,83.232101,-47.682495,nan
2024-08-15T15:20:04,83.231979,-47.682468,nan
2024-08-15T15:20:03,83.231857,-47.682442,nan
2024-08-15T15:20:03,83.231728,-47.682407,nan
2024-08-15T15:20:02,83.231606,-47.682373,nan
2024-08-15T15:20:02,83.231483,-47.682335,nan
2024-08-15T15:20:01,83.231361,-47.682293,nan
2024-08-15T15:20:01,83.231239,-47.682255,nan
2024-08-15T15:20:00,83.231117,-47.682209,nan
2024-08-15T15:20:00,83.230995,-47.682152,nan
2024-08-15T15:19:59,83.230873,-47.682091,nan
2024-08-15T15:19:59,83.230751,-47.682022,nan
2024-08-15T15:19:58,83.230629,-47.681950,nan
2024-08-15T15:19:58,83.230507,-47.681870,nan
2024-08-15T15:19:57,83.230385,-47.681793,nan
2024-08-15T15:19:57,83.230263,-47.681713,nan
2024-08-15T15:19:56,83.230141,-47.681629,nan
2024-08-15T15:19:56,83.230019,-47.681541,nan
2024-08-15T15:19:55,83.229897,-47.681454,nan
2024-08-15T15:19:55,83.229767,-47.681374,nan
2024-08-15T15:19:54,83.229645,-47.681290,nan
2024-08-15T15:19:54,83.229523,-47.681202,nan
2024-08-15T15:19:53,83.229393,-47.681110,nan
2024-08-15T15:19:53,83.229271,-47.681023,nan
2024-08-15T15:19:52,83.229149,-47.680935,nan
2024-08-15T15:19:52,83.229027,-47.680843,nan
2024-08-15T15:19:51,83.228905,-47.680756,nan
2024-08-15T15:19:51,83.228783,-47.680664,nan
2024-08-15T15:19:50,83.228661,-47.680573,nan
2024-08-15T15:19:50,83.228539,-47.680477,nan
2024-08-15T15:19:49,83.228424,-47.680378,nan
2024-08-15T15:19:49,83.228310,-47.680279,nan
2024-08-15T15:19:48,83.228195,-47.680176,nan
2024-08-15T15:19:48,83.228081,-47.680065,nan
2024-08-15T15:19:47,83.227966,-47.679951,nan
2024-08-15T15:19:47,83.227852,-47.679836,nan
2024-08-15T15:19:46,83.227745,-47.679729,nan
2024-08-15T15:19:46,83.227638,-47.679626,nan
2024-08-15T15:19:45,83.227531,-47.679539,nan
2024-08-15T15:19:45,83.227432,-47.679470,nan
2024-08-15T15:19:44,83.227325,-47.679409,nan
2024-08-15T15:19:44,83.227226,-47.679359,nan
2024-08-15T15:19:43,83.227119,-47.679310,nan
2024-08-15T15:19:43,83.227020,-47.679291,nan
2024-08-15T15:19:42,83.226921,-47.679260,nan
2024-08-15T15:19:42,83.226830,-47.679237,nan
2024-08-15T15:19:41,83.226730,-47.679218,nan
2024-08-15T15:19:41,83.226631,-47.679199,nan
2024-08-15T15:19:40,83.226540,-47.679176,nan
2024-08-15T15:19:40,83.226440,-47.679146,nan
2024-08-15T15:19:39,83.226349,-47.679111,nan
2024-08-15T15:19:39,83.226257,-47.679066,nan
2024-08-15T15:19:38,83.226158,-47.679016,nan
2024-08-15T15:19:38,83.226067,-47.678959,nan
2024-08-15T15:19:37,83.225983,-47.678890,nan
2024-08-15T15:19:37,83.225891,-47.678818,nan
2024-08-15T15:19:36,83.225800,-47.678734,nan
2024-08-15T15:19:36,83.225716,-47.678638,nan
2024-08-15T15:19:35,83.225624,-47.678535,nan
2024-08-15T15:19:35,83.225540,-47.678425,nan
2024-08-15T15:19:34,83.225456,-47.678310,nan
2024-08-15T15:19:34,83.225372,-47.678192,nan
2024-08-15T15:19:33,83.225288,-47.678066,nan
2024-08-15T15:19:33,83.225197,-47.677929,nan
2024-08-15T15:19:32,83.225113,-47.677788,nan
2024-08-15T15:19:32,83.225029,-47.677647,nan
2024-08-15T15:19:31,83.224953,-47.677502,nan
2024-08-15T15:19:31,83.224869,-47.677357,nan
2024-08-15T15:19:30,83.224785,-47.677212,nan
2024-08-15T15:19:30,83.224701,-47.677078,nan
2024-08-15T15:19:29,83.224625,-47.676945,nan
2024-08-15T15:19:29,83.224541,-47.676811,nan
2024-08-15T15:19:28,83.224464,-47.676693,nan
2024-08-15T15:19:28,83.224388,-47.676567,nan
2024-08-15T15:19:27,83.224312,-47.676437,nan
2024-08-15T15:19:27,83.224236,-47.676319,nan
2024-08-15T15:19:26,83.224159,-47.676205,nan
2024-08-15T15:19:26,83.224083,-47.676086,nan
2024-08-15T15:19:25,83.224007,-47.675983,nan
2024-08-15T15:19:25,83.223938,-47.675900,nan
2024-08-15T15:19:24,83.223862,-47.675827,nan
2024-08-15T15:19:24,83.223793,-47.675766,nan
2024-08-15T15:19:23,83.223724,-47.675713,nan
2024-08-15T15:19:23,83.223656,-47.675667,nan
2024-08-15T15:19:22,83.223587,-47.675625,nan
2024-08-15T15:19:22,83.223518,-47.675579,nan
2024-08-15T15:19:21,83.223457,-47.675529,nan
2024-08-15T15:19:21,83.223396,-47.675488,nan
2024-08-15T15:19:20,83.223328,-47.675457,nan
2024-08-15T15:19:20,83.223267,-47.675434,nan
2024-08-15T15:19:19,83.223206,-47.675411,nan
2024-08-15T15:19:19,83.223152,-47.675388,nan
2024-08-15T15:19:18,83.223091,-47.675358,nan
2024-08-15T15:19:18,83.223038,-47.675331,nan
2024-08-15T15:19:17,83.222977,-47.675304,nan
2024-08-15T15:19:17,83.222923,-47.675270,nan
2024-08-15T15:19:16,83.222870,-47.675228,nan
2024-08-15T15:19:16,83.222816,-47.675179,nan
2024-08-15T15:19:15,83.222755,-47.675125,nan
2024-08-15T15:19:15,83.222702,-47.675072,nan
2024-08-15T15:19:14,83.222649,-47.675011,nan
2024-08-15T15:19:14,83.222595,-47.674934,nan
2024-08-15T15:19:13,83.222534,-47.674870,nan
2024-08-15T15:19:13,83.222481,-47.674801,nan
2024-08-15T15:19:12,83.222420,-47.674736,nan
2024-08-15T15:19:12,83.222359,-47.674667,nan
2024-08-15T15:19:11,83.222298,-47.674603,nan
2024-08-15T15:19:11,83.222237,-47.674549,nan
2024-08-15T15:19:10,83.222176,-47.674515,nan
2024-08-15T15:19:10,83.222122,-47.674480,nan
2024-08-15T15:19:09,83.222054,-47.674458,nan
2024-08-15T15:19:09,83.222000,-47.674431,nan
2024-08-15T15:19:08,83.221939,-47.674408,nan
2024-08-15T15:19:08,83.221878,-47.674393,nan
2024-08-15T15:19:07,83.221825,-47.674381,nan
2024-08-15T15:19:07,83.221764,-47.674374,nan
2024-08-15T15:19:06,83.221710,-47.674366,nan
2024-08-15T15:19:06,83.221649,-47.674355,nan
2024-08-15T15:19:05,83.221596,-47.674347,nan
2024-08-15T15:19:05,83.221542,-47.674351,nan
2024-08-15T15:19:04,83.221489,-47.674343,nan
2024-08-15T15:19:04,83.221428,-47.674343,nan
2024-08-15T15:19:03,83.221382,-47.674347,nan
2024-08-15T15:19:03,83.221329,-47.674347,nan
2024-08-15T15:19:02,83.221275,-47.674347,nan
2024-08-15T15:19:02,83.221222,-47.674343,nan
2024-08-15T15:19:01,83.221169,-47.674328,nan
2024-08-15T15:19:01,83.221115,-47.674297,nan
2024-08-15T15:19:00,83.221069,-47.674274,nan
2024-08-15T15:19:00,83.221016,-47.674252,nan
2024-08-15T15:18:59,83.220963,-47.674221,nan
2024-08-15T15:18:59,83.220909,-47.674191,nan
2024-08-15T15:18:58,83.220863,-47.674171,nan
2024-08-15T15:18:58,83.220810,-47.674149,nan
2024-08-15T15:18:57,83.220757,-47.674118,nan
2024-08-15T15:18:57,83.220703,-47.674084,nan
2024-08-15T15:18:56,83.220650,-47.674049,nan
2024-08-15T15:18:56,83.220604,-47.674026,nan
2024-08-15T15:18:55,83.220551,-47.674034,nan
2024-08-15T15:18:55,83.220497,-47.674057,nan
2024-08-15T15:18:54,83.220451,-47.674049,nan
2024-08-15T15:18:54,83.220390,-47.674068,nan
2024-08-15T15:18:53,83.220337,-47.674084,nan
2024-08-15T15:18:53,83.220284,-47.674057,nan
2024-08-15T15:18:52,83.220238,-47.674015,nan
2024-08-15T15:18:52,83.220177,-47.674072,nan
2024-08-15T15:18:51,83.220108,-47.674263,nan
2024-08-15T15:18:51,83.220016,-47.674614,nan
2024-08-15T15:18:50,83.219910,-47.674816,nan
2024-08-15T15:18:50,83.219788,-47.675274,nan
2024-08-15T15:18:49,83.219513,-47.676670,nan
2024-08-15T15:18:49,83.219231,-47.678528,nan
2024-08-15T15:18:48,83.218826,-47.682114,nan
2024-08-15T15:18:44,83.219528,-47.673683,nan
2024-08-15T15:18:44,83.220116,-47.666847,nan
2024-08-15T15:18:43,83.220726,-47.660034,nan
