datetime,lat,lon,elev
2024-06-06T16:17:22,84.162163,-35.264263,nan
2024-06-06T16:17:22,84.162170,-35.264168,nan
2024-06-06T16:17:21,84.162178,-35.264069,nan
2024-06-06T16:17:21,84.162186,-35.263966,nan
2024-06-06T16:17:20,84.162193,-35.263863,nan
2024-06-06T16:17:19,84.162209,-35.263672,nan
2024-06-06T16:17:19,84.162216,-35.263573,nan
2024-06-06T16:17:18,84.162224,-35.263474,nan
2024-06-06T16:17:18,84.162231,-35.263374,nan
2024-06-06T16:17:17,84.162247,-35.263271,nan
2024-06-06T16:17:17,84.162254,-35.263176,nan
2024-06-06T16:17:16,84.162270,-35.263081,nan
2024-06-06T16:17:16,84.162277,-35.262989,nan
2024-06-06T16:17:15,84.162292,-35.262894,nan
2024-06-06T16:17:15,84.162300,-35.262794,nan
2024-06-06T16:17:14,84.162308,-35.262691,nan
2024-06-06T16:17:14,84.162323,-35.262585,nan
2024-06-06T16:17:13,84.162331,-35.262478,nan
2024-06-06T16:17:13,84.162338,-35.262371,nan
2024-06-06T16:17:12,84.162354,-35.262268,nan
2024-06-06T16:17:12,84.162361,-35.262161,nan
2024-06-06T16:17:11,84.162369,-35.262062,nan
2024-06-06T16:17:11,84.162376,-35.261963,nan
2024-06-06T16:17:10,84.162392,-35.261860,nan
2024-06-06T16:17:10,84.162399,-35.261761,nan
2024-06-06T16:17:09,84.162407,-35.261662,nan
2024-06-06T16:17:09,84.162415,-35.261562,nan
2024-06-06T16:17:08,84.162430,-35.261353,nan
2024-06-06T16:17:07,84.162437,-35.261238,nan
2024-06-06T16:17:07,84.162445,-35.261124,nan
2024-06-06T16:17:06,84.162453,-35.261002,nan
2024-06-06T16:17:06,84.162460,-35.260876,nan
2024-06-06T16:17:05,84.162468,-35.260746,nan
2024-06-06T16:17:05,84.162476,-35.260612,nan
2024-06-06T16:17:04,84.162483,-35.260471,nan
2024-06-06T16:17:04,84.162491,-35.260326,nan
2024-06-06T16:17:03,84.162491,-35.260181,nan
2024-06-06T16:17:03,84.162498,-35.260033,nan
2024-06-06T16:17:02,84.162506,-35.259876,nan
2024-06-06T16:17:02,84.162514,-35.259724,nan
2024-06-06T16:17:01,84.162521,-35.259563,nan
2024-06-06T16:17:01,84.162529,-35.259396,nan
2024-06-06T16:17:00,84.162537,-35.259228,nan
2024-06-06T16:17:00,84.162544,-35.259041,nan
2024-06-06T16:16:59,84.162560,-35.258850,nan
2024-06-06T16:16:59,84.162575,-35.258663,nan
2024-06-06T16:16:58,84.162582,-35.258476,nan
2024-06-06T16:16:57,84.162613,-35.258091,nan
2024-06-06T16:16:57,84.162628,-35.257896,nan
2024-06-06T16:16:56,84.162651,-35.257702,nan
2024-06-06T16:16:56,84.162666,-35.257507,nan
2024-06-06T16:16:55,84.162682,-35.257320,nan
2024-06-06T16:16:54,84.162712,-35.256954,nan
2024-06-06T16:16:54,84.162727,-35.256779,nan
2024-06-06T16:16:53,84.162743,-35.256603,nan
2024-06-06T16:16:53,84.162758,-35.256428,nan
2024-06-06T16:16:52,84.162773,-35.256248,nan
2024-06-06T16:16:51,84.162804,-35.255898,nan
2024-06-06T16:16:51,84.162819,-35.255726,nan
2024-06-06T16:16:50,84.162827,-35.255554,nan
2024-06-06T16:16:50,84.162842,-35.255394,nan
2024-06-06T16:16:49,84.162849,-35.255241,nan
2024-06-06T16:16:49,84.162865,-35.255096,nan
2024-06-06T16:16:48,84.162872,-35.254959,nan
2024-06-06T16:16:47,84.162895,-35.254692,nan
2024-06-06T16:16:47,84.162903,-35.254562,nan
2024-06-06T16:16:46,84.162918,-35.254440,nan
2024-06-06T16:16:46,84.162926,-35.254318,nan
2024-06-06T16:16:45,84.162941,-35.254200,nan
2024-06-06T16:16:45,84.162949,-35.254082,nan
2024-06-06T16:16:44,84.162956,-35.253967,nan
2024-06-06T16:16:44,84.162971,-35.253853,nan
2024-06-06T16:16:43,84.162979,-35.253738,nan
2024-06-06T16:16:43,84.162987,-35.253628,nan
2024-06-06T16:16:42,84.162994,-35.253517,nan
2024-06-06T16:16:42,84.163002,-35.253407,nan
2024-06-06T16:16:41,84.163010,-35.253296,nan
2024-06-06T16:16:41,84.163017,-35.253193,nan
2024-06-06T16:16:40,84.163033,-35.253090,nan
2024-06-06T16:16:40,84.163040,-35.252987,nan
2024-06-06T16:16:39,84.163048,-35.252892,nan
2024-06-06T16:16:39,84.163055,-35.252796,nan
2024-06-06T16:16:38,84.163063,-35.252705,nan
2024-06-06T16:16:38,84.163071,-35.252617,nan
2024-06-06T16:16:37,84.163078,-35.252529,nan
2024-06-06T16:16:37,84.163086,-35.252445,nan
2024-06-06T16:16:36,84.163094,-35.252365,nan
2024-06-06T16:16:36,84.163094,-35.252289,nan
2024-06-06T16:16:35,84.163101,-35.252213,nan
2024-06-06T16:16:35,84.163109,-35.252144,nan
2024-06-06T16:16:34,84.163116,-35.252071,nan
2024-06-06T16:16:34,84.163124,-35.252003,nan
2024-06-06T16:16:33,84.163132,-35.251934,nan
2024-06-06T16:16:33,84.163139,-35.251869,nan
2024-06-06T16:16:32,84.163147,-35.251804,nan
2024-06-06T16:16:32,84.163155,-35.251743,nan
2024-06-06T16:16:31,84.163162,-35.251686,nan
2024-06-06T16:16:31,84.163170,-35.251633,nan
2024-06-06T16:16:30,84.163177,-35.251579,nan
2024-06-06T16:16:30,84.163185,-35.251530,nan
2024-06-06T16:16:29,84.163193,-35.251484,nan
2024-06-06T16:16:29,84.163208,-35.251442,nan
2024-06-06T16:16:28,84.163216,-35.251404,nan
2024-06-06T16:16:28,84.163223,-35.251366,nan
2024-06-06T16:16:27,84.163239,-35.251335,nan
2024-06-06T16:16:26,84.163254,-35.251293,nan
2024-06-06T16:16:26,84.163261,-35.251274,nan
2024-06-06T16:16:25,84.163277,-35.251263,nan
2024-06-06T16:16:25,84.163284,-35.251255,nan
2024-06-06T16:16:24,84.163292,-35.251251,nan
2024-06-06T16:16:24,84.163300,-35.251247,nan
2024-06-06T16:16:23,84.163307,-35.251247,nan
2024-06-06T16:16:23,84.163315,-35.251244,nan
2024-06-06T16:16:22,84.163322,-35.251244,nan
2024-06-06T16:16:22,84.163338,-35.251240,nan
2024-06-06T16:16:21,84.163338,-35.251232,nan
2024-06-06T16:16:21,84.163345,-35.251228,nan
2024-06-06T16:16:20,84.163353,-35.251225,nan
2024-06-06T16:16:20,84.163361,-35.251221,nan
2024-06-06T16:16:19,84.163368,-35.251221,nan
2024-06-06T16:16:19,84.163376,-35.251217,nan
2024-06-06T16:16:18,84.163383,-35.251205,nan
2024-06-06T16:16:18,84.163391,-35.251190,nan
2024-06-06T16:16:17,84.163391,-35.251167,nan
2024-06-06T16:16:17,84.163399,-35.251144,nan
2024-06-06T16:16:16,84.163399,-35.251118,nan
2024-06-06T16:16:16,84.163406,-35.251087,nan
2024-06-06T16:16:15,84.163414,-35.251060,nan
2024-06-06T16:16:15,84.163414,-35.251041,nan
2024-06-06T16:16:14,84.163422,-35.251022,nan
2024-06-06T16:16:14,84.163429,-35.251011,nan
2024-06-06T16:16:13,84.163437,-35.251003,nan
2024-06-06T16:16:13,84.163445,-35.250999,nan
2024-06-06T16:16:12,84.163452,-35.250992,nan
2024-06-06T16:16:12,84.163460,-35.250980,nan
2024-06-06T16:16:11,84.163467,-35.250973,nan
2024-06-06T16:16:11,84.163475,-35.250961,nan
2024-06-06T16:16:10,84.163483,-35.250954,nan
2024-06-06T16:16:10,84.163490,-35.250942,nan
2024-06-06T16:16:09,84.163498,-35.250938,nan
2024-06-06T16:16:09,84.163506,-35.250931,nan
2024-06-06T16:16:08,84.163521,-35.250923,nan
2024-06-06T16:16:08,84.163528,-35.250919,nan
2024-06-06T16:16:07,84.163536,-35.250916,nan
2024-06-06T16:16:07,84.163544,-35.250912,nan
2024-06-06T16:16:06,84.163559,-35.250916,nan
2024-06-06T16:16:06,84.163567,-35.250919,nan
2024-06-06T16:16:05,84.163574,-35.250927,nan
2024-06-06T16:16:05,84.163589,-35.250942,nan
2024-06-06T16:16:04,84.163605,-35.250961,nan
2024-06-06T16:16:04,84.163612,-35.250984,nan
2024-06-06T16:16:03,84.163628,-35.251015,nan
2024-06-06T16:16:03,84.163635,-35.251049,nan
2024-06-06T16:16:02,84.163651,-35.251083,nan
2024-06-06T16:16:02,84.163666,-35.251125,nan
2024-06-06T16:16:01,84.163673,-35.251163,nan
2024-06-06T16:16:01,84.163681,-35.251205,nan
2024-06-06T16:16:00,84.163689,-35.251244,nan
2024-06-06T16:16:00,84.163696,-35.251282,nan
2024-06-06T16:15:59,84.163704,-35.251320,nan
2024-06-06T16:15:58,84.163719,-35.251381,nan
2024-06-06T16:15:58,84.163727,-35.251408,nan
2024-06-06T16:15:57,84.163727,-35.251427,nan
2024-06-06T16:15:57,84.163734,-35.251450,nan
2024-06-06T16:15:56,84.163734,-35.251465,nan
2024-06-06T16:15:56,84.163742,-35.251484,nan
2024-06-06T16:15:55,84.163742,-35.251503,nan
2024-06-06T16:15:55,84.163750,-35.251526,nan
2024-06-06T16:15:54,84.163757,-35.251553,nan
2024-06-06T16:15:54,84.163765,-35.251575,nan
2024-06-06T16:15:53,84.163773,-35.251602,nan
2024-06-06T16:15:53,84.163780,-35.251625,nan
2024-06-06T16:15:52,84.163788,-35.251640,nan
2024-06-06T16:15:52,84.163795,-35.251656,nan
2024-06-06T16:15:51,84.163803,-35.251663,nan
2024-06-06T16:15:51,84.163811,-35.251675,nan
2024-06-06T16:15:50,84.163826,-35.251690,nan
2024-06-06T16:15:50,84.163834,-35.251713,nan
2024-06-06T16:15:49,84.163841,-35.251740,nan
2024-06-06T16:15:49,84.163857,-35.251770,nan
2024-06-06T16:15:48,84.163864,-35.251804,nan
2024-06-06T16:15:48,84.163879,-35.251846,nan
2024-06-06T16:15:47,84.163887,-35.251892,nan
2024-06-06T16:15:47,84.163895,-35.251938,nan
2024-06-06T16:15:46,84.163910,-35.251987,nan
2024-06-06T16:15:46,84.163925,-35.252029,nan
2024-06-06T16:15:45,84.163933,-35.252071,nan
2024-06-06T16:15:45,84.163948,-35.252113,nan
2024-06-06T16:15:44,84.163963,-35.252159,nan
2024-06-06T16:15:44,84.163971,-35.252205,nan
2024-06-06T16:15:43,84.163986,-35.252254,nan
2024-06-06T16:15:43,84.164001,-35.252308,nan
2024-06-06T16:15:42,84.164017,-35.252357,nan
2024-06-06T16:15:42,84.164032,-35.252411,nan
2024-06-06T16:15:41,84.164047,-35.252460,nan
2024-06-06T16:15:40,84.164078,-35.252567,nan
2024-06-06T16:15:40,84.164085,-35.252621,nan
2024-06-06T16:15:39,84.164101,-35.252682,nan
2024-06-06T16:15:39,84.164116,-35.252739,nan
2024-06-06T16:15:38,84.164131,-35.252804,nan
2024-06-06T16:15:38,84.164146,-35.252869,nan
2024-06-06T16:15:37,84.164154,-35.252937,nan
2024-06-06T16:15:37,84.164169,-35.253006,nan
2024-06-06T16:15:36,84.164185,-35.253075,nan
2024-06-06T16:15:36,84.164200,-35.253151,nan
2024-06-06T16:15:35,84.164215,-35.253223,nan
2024-06-06T16:15:35,84.164230,-35.253304,nan
2024-06-06T16:15:34,84.164246,-35.253384,nan
2024-06-06T16:15:34,84.164253,-35.253464,nan
2024-06-06T16:15:33,84.164268,-35.253551,nan
2024-06-06T16:15:33,84.164284,-35.253639,nan
2024-06-06T16:15:32,84.164299,-35.253731,nan
2024-06-06T16:15:32,84.164314,-35.253826,nan
2024-06-06T16:15:31,84.164330,-35.253918,nan
2024-06-06T16:15:31,84.164337,-35.254013,nan
2024-06-06T16:15:30,84.164352,-35.254105,nan
2024-06-06T16:15:30,84.164368,-35.254200,nan
2024-06-06T16:15:29,84.164383,-35.254295,nan
2024-06-06T16:15:29,84.164398,-35.254387,nan
2024-06-06T16:15:28,84.164413,-35.254475,nan
2024-06-06T16:15:28,84.164436,-35.254566,nan
2024-06-06T16:15:27,84.164452,-35.254654,nan
2024-06-06T16:15:27,84.164467,-35.254742,nan
2024-06-06T16:15:26,84.164482,-35.254826,nan
2024-06-06T16:15:26,84.164497,-35.254910,nan
2024-06-06T16:15:25,84.164513,-35.254997,nan
2024-06-06T16:15:25,84.164528,-35.255081,nan
2024-06-06T16:15:24,84.164543,-35.255173,nan
2024-06-06T16:15:24,84.164558,-35.255260,nan
2024-06-06T16:15:23,84.164574,-35.255352,nan
2024-06-06T16:15:23,84.164581,-35.255447,nan
2024-06-06T16:15:22,84.164597,-35.255547,nan
2024-06-06T16:15:22,84.164612,-35.255650,nan
2024-06-06T16:15:21,84.164627,-35.255749,nan
2024-06-06T16:15:21,84.164642,-35.255852,nan
2024-06-06T16:15:20,84.164658,-35.255955,nan
2024-06-06T16:15:20,84.164673,-35.256058,nan
2024-06-06T16:15:19,84.164696,-35.256161,nan
2024-06-06T16:15:19,84.164711,-35.256260,nan
2024-06-06T16:15:18,84.164726,-35.256359,nan
2024-06-06T16:15:18,84.164742,-35.256458,nan
2024-06-06T16:15:17,84.164757,-35.256554,nan
2024-06-06T16:15:17,84.164772,-35.256641,nan
2024-06-06T16:15:16,84.164787,-35.256729,nan
2024-06-06T16:15:16,84.164803,-35.256817,nan
2024-06-06T16:15:15,84.164825,-35.256901,nan
2024-06-06T16:15:15,84.164841,-35.256989,nan
2024-06-06T16:15:14,84.164856,-35.257076,nan
2024-06-06T16:15:14,84.164871,-35.257168,nan
2024-06-06T16:15:13,84.164894,-35.257263,nan
2024-06-06T16:15:13,84.164909,-35.257359,nan
2024-06-06T16:15:12,84.164932,-35.257458,nan
2024-06-06T16:15:12,84.164955,-35.257557,nan
2024-06-06T16:15:11,84.164970,-35.257660,nan
2024-06-06T16:15:11,84.164993,-35.257763,nan
2024-06-06T16:15:10,84.165016,-35.257870,nan
2024-06-06T16:15:10,84.165039,-35.257977,nan
2024-06-06T16:15:09,84.165092,-35.258194,nan
2024-06-06T16:15:08,84.165115,-35.258305,nan
2024-06-06T16:15:08,84.165138,-35.258415,nan
2024-06-06T16:15:07,84.165161,-35.258522,nan
2024-06-06T16:15:07,84.165184,-35.258629,nan
2024-06-06T16:15:06,84.165207,-35.258728,nan
2024-06-06T16:15:06,84.165230,-35.258827,nan
2024-06-06T16:15:05,84.165253,-35.258926,nan
2024-06-06T16:15:05,84.165276,-35.259022,nan
2024-06-06T16:15:04,84.165306,-35.259113,nan
2024-06-06T16:15:04,84.165329,-35.259201,nan
2024-06-06T16:15:03,84.165352,-35.259285,nan
2024-06-06T16:15:03,84.165375,-35.259369,nan
2024-06-06T16:15:02,84.165398,-35.259457,nan
2024-06-06T16:15:02,84.165428,-35.259544,nan
2024-06-06T16:15:01,84.165451,-35.259640,nan
2024-06-06T16:15:01,84.165474,-35.259743,nan
2024-06-06T16:15:00,84.165497,-35.259850,nan
2024-06-06T16:15:00,84.165520,-35.259956,nan
2024-06-06T16:14:59,84.165543,-35.260067,nan
2024-06-06T16:14:59,84.165565,-35.260174,nan
2024-06-06T16:14:58,84.165588,-35.260281,nan
2024-06-06T16:14:58,84.165611,-35.260391,nan
2024-06-06T16:14:57,84.165642,-35.260494,nan
2024-06-06T16:14:57,84.165665,-35.260601,nan
2024-06-06T16:14:56,84.165688,-35.260704,nan
2024-06-06T16:14:56,84.165703,-35.260803,nan
2024-06-06T16:14:55,84.165726,-35.260902,nan
2024-06-06T16:14:55,84.165749,-35.261002,nan
2024-06-06T16:14:54,84.165802,-35.261204,nan
2024-06-06T16:14:53,84.165825,-35.261299,nan
2024-06-06T16:14:53,84.165848,-35.261398,nan
2024-06-06T16:14:52,84.165871,-35.261497,nan
2024-06-06T16:14:52,84.165901,-35.261597,nan
2024-06-06T16:14:51,84.165924,-35.261696,nan
2024-06-06T16:14:51,84.165947,-35.261799,nan
2024-06-06T16:14:50,84.165977,-35.261898,nan
2024-06-06T16:14:50,84.166000,-35.262001,nan
2024-06-06T16:14:49,84.166023,-35.262096,nan
2024-06-06T16:14:49,84.166046,-35.262196,nan
2024-06-06T16:14:48,84.166069,-35.262291,nan
2024-06-06T16:14:48,84.166092,-35.262383,nan
2024-06-06T16:14:47,84.166115,-35.262470,nan
2024-06-06T16:14:47,84.166138,-35.262562,nan
2024-06-06T16:14:46,84.166168,-35.262650,nan
2024-06-06T16:14:46,84.166191,-35.262733,nan
2024-06-06T16:14:45,84.166214,-35.262821,nan
2024-06-06T16:14:45,84.166237,-35.262905,nan
2024-06-06T16:14:44,84.166260,-35.262993,nan
2024-06-06T16:14:44,84.166290,-35.263081,nan
2024-06-06T16:14:43,84.166313,-35.263168,nan
2024-06-06T16:14:43,84.166336,-35.263260,nan
2024-06-06T16:14:42,84.166359,-35.263351,nan
2024-06-06T16:14:42,84.166382,-35.263451,nan
2024-06-06T16:14:41,84.166405,-35.263550,nan
2024-06-06T16:14:41,84.166428,-35.263653,nan
2024-06-06T16:14:40,84.166451,-35.263756,nan
2024-06-06T16:14:40,84.166473,-35.263863,nan
2024-06-06T16:14:39,84.166496,-35.263973,nan
2024-06-06T16:14:39,84.166519,-35.264084,nan
2024-06-06T16:14:38,84.166542,-35.264194,nan
2024-06-06T16:14:38,84.166565,-35.264305,nan
2024-06-06T16:14:37,84.166580,-35.264420,nan
2024-06-06T16:14:37,84.166603,-35.264530,nan
2024-06-06T16:14:36,84.166626,-35.264645,nan
2024-06-06T16:14:36,84.166649,-35.264759,nan
2024-06-06T16:14:35,84.166672,-35.264874,nan
2024-06-06T16:14:35,84.166687,-35.264988,nan
2024-06-06T16:14:34,84.166710,-35.265102,nan
2024-06-06T16:14:34,84.166725,-35.265217,nan
2024-06-06T16:14:33,84.166748,-35.265331,nan
2024-06-06T16:14:33,84.166763,-35.265442,nan
2024-06-06T16:14:32,84.166786,-35.265553,nan
2024-06-06T16:14:32,84.166809,-35.265663,nan
2024-06-06T16:14:31,84.166824,-35.265778,nan
2024-06-06T16:14:31,84.166847,-35.265892,nan
2024-06-06T16:14:30,84.166862,-35.266010,nan
2024-06-06T16:14:30,84.166885,-35.266132,nan
2024-06-06T16:14:29,84.166901,-35.266254,nan
2024-06-06T16:14:29,84.166924,-35.266373,nan
2024-06-06T16:14:28,84.166946,-35.266495,nan
2024-06-06T16:14:28,84.166969,-35.266617,nan
2024-06-06T16:14:27,84.166985,-35.266731,nan
2024-06-06T16:14:27,84.167007,-35.266850,nan
2024-06-06T16:14:26,84.167030,-35.266960,nan
2024-06-06T16:14:26,84.167053,-35.267075,nan
2024-06-06T16:14:25,84.167076,-35.267181,nan
2024-06-06T16:14:25,84.167091,-35.267292,nan
2024-06-06T16:14:24,84.167114,-35.267399,nan
2024-06-06T16:14:24,84.167137,-35.267506,nan
2024-06-06T16:14:23,84.167152,-35.267612,nan
2024-06-06T16:14:23,84.167175,-35.267719,nan
2024-06-06T16:14:22,84.167198,-35.267826,nan
2024-06-06T16:14:22,84.167213,-35.267933,nan
2024-06-06T16:14:21,84.167236,-35.268036,nan
2024-06-06T16:14:21,84.167259,-35.268135,nan
2024-06-06T16:14:20,84.167282,-35.268234,nan
2024-06-06T16:14:20,84.167297,-35.268333,nan
2024-06-06T16:14:19,84.167320,-35.268433,nan
2024-06-06T16:14:19,84.167343,-35.268528,nan
2024-06-06T16:14:18,84.167358,-35.268623,nan
2024-06-06T16:14:18,84.167381,-35.268719,nan
2024-06-06T16:14:17,84.167404,-35.268810,nan
2024-06-06T16:14:17,84.167427,-35.268906,nan
2024-06-06T16:14:16,84.167450,-35.269001,nan
2024-06-06T16:14:16,84.167465,-35.269096,nan
2024-06-06T16:14:15,84.167488,-35.269192,nan
2024-06-06T16:14:15,84.167511,-35.269291,nan
2024-06-06T16:14:14,84.167534,-35.269390,nan
2024-06-06T16:14:14,84.167557,-35.269489,nan
2024-06-06T16:14:13,84.167580,-35.269592,nan
2024-06-06T16:14:13,84.167603,-35.269703,nan
2024-06-06T16:14:12,84.167625,-35.269814,nan
2024-06-06T16:14:12,84.167648,-35.269924,nan
2024-06-06T16:14:11,84.167671,-35.270039,nan
2024-06-06T16:14:11,84.167702,-35.270157,nan
2024-06-06T16:14:10,84.167725,-35.270275,nan
2024-06-06T16:14:10,84.167747,-35.270393,nan
2024-06-06T16:14:09,84.167770,-35.270515,nan
2024-06-06T16:14:09,84.167793,-35.270641,nan
2024-06-06T16:14:08,84.167816,-35.270763,nan
2024-06-06T16:14:08,84.167839,-35.270889,nan
2024-06-06T16:14:07,84.167862,-35.271015,nan
2024-06-06T16:14:07,84.167885,-35.271141,nan
2024-06-06T16:14:06,84.167915,-35.271271,nan
2024-06-06T16:14:06,84.167938,-35.271397,nan
2024-06-06T16:14:05,84.167961,-35.271530,nan
2024-06-06T16:14:05,84.167984,-35.271664,nan
2024-06-06T16:14:04,84.168007,-35.271797,nan
2024-06-06T16:14:04,84.168037,-35.271935,nan
2024-06-06T16:14:03,84.168060,-35.272072,nan
2024-06-06T16:14:03,84.168083,-35.272213,nan
2024-06-06T16:14:02,84.168137,-35.272499,nan
2024-06-06T16:14:01,84.168159,-35.272648,nan
2024-06-06T16:14:01,84.168182,-35.272797,nan
2024-06-06T16:14:00,84.168213,-35.272945,nan
2024-06-06T16:14:00,84.168236,-35.273094,nan
2024-06-06T16:13:59,84.168259,-35.273247,nan
2024-06-06T16:13:59,84.168282,-35.273399,nan
2024-06-06T16:13:58,84.168304,-35.273556,nan
2024-06-06T16:13:58,84.168327,-35.273708,nan
2024-06-06T16:13:57,84.168350,-35.273861,nan
2024-06-06T16:13:57,84.168365,-35.274014,nan
2024-06-06T16:13:56,84.168388,-35.274166,nan
2024-06-06T16:13:56,84.168411,-35.274315,nan
2024-06-06T16:13:55,84.168427,-35.274464,nan
2024-06-06T16:13:55,84.168449,-35.274612,nan
2024-06-06T16:13:54,84.168465,-35.274757,nan
2024-06-06T16:13:54,84.168480,-35.274902,nan
2024-06-06T16:13:53,84.168503,-35.275047,nan
2024-06-06T16:13:53,84.168518,-35.275188,nan
2024-06-06T16:13:52,84.168533,-35.275330,nan
2024-06-06T16:13:52,84.168549,-35.275471,nan
2024-06-06T16:13:51,84.168564,-35.275608,nan
2024-06-06T16:13:51,84.168579,-35.275742,nan
2024-06-06T16:13:50,84.168594,-35.275875,nan
2024-06-06T16:13:50,84.168610,-35.276009,nan
2024-06-06T16:13:49,84.168625,-35.276142,nan
2024-06-06T16:13:49,84.168640,-35.276272,nan
2024-06-06T16:13:48,84.168655,-35.276405,nan
2024-06-06T16:13:48,84.168671,-35.276539,nan
2024-06-06T16:13:47,84.168686,-35.276669,nan
2024-06-06T16:13:47,84.168694,-35.276802,nan
2024-06-06T16:13:46,84.168709,-35.276932,nan
2024-06-06T16:13:46,84.168724,-35.277069,nan
2024-06-06T16:13:45,84.168739,-35.277203,nan
2024-06-06T16:13:45,84.168755,-35.277336,nan
2024-06-06T16:13:44,84.168770,-35.277466,nan
2024-06-06T16:13:44,84.168785,-35.277596,nan
2024-06-06T16:13:43,84.168800,-35.277725,nan
2024-06-06T16:13:43,84.168816,-35.277855,nan
2024-06-06T16:13:42,84.168839,-35.277981,nan
2024-06-06T16:13:42,84.168861,-35.278103,nan
2024-06-06T16:13:41,84.168877,-35.278229,nan
2024-06-06T16:13:41,84.168900,-35.278351,nan
2024-06-06T16:13:40,84.168922,-35.278473,nan
2024-06-06T16:13:40,84.168945,-35.278591,nan
2024-06-06T16:13:39,84.168968,-35.278709,nan
2024-06-06T16:13:39,84.168991,-35.278828,nan
2024-06-06T16:13:38,84.169014,-35.278942,nan
2024-06-06T16:13:38,84.169037,-35.279057,nan
2024-06-06T16:13:37,84.169060,-35.279171,nan
2024-06-06T16:13:36,84.169113,-35.279396,nan
2024-06-06T16:13:36,84.169144,-35.279503,nan
2024-06-06T16:13:35,84.169167,-35.279610,nan
2024-06-06T16:13:35,84.169197,-35.279716,nan
2024-06-06T16:13:34,84.169220,-35.279823,nan
2024-06-06T16:13:34,84.169250,-35.279926,nan
2024-06-06T16:13:33,84.169273,-35.280033,nan
2024-06-06T16:13:33,84.169304,-35.280144,nan
2024-06-06T16:13:32,84.169327,-35.280254,nan
2024-06-06T16:13:32,84.169350,-35.280369,nan
2024-06-06T16:13:31,84.169373,-35.280483,nan
2024-06-06T16:13:31,84.169395,-35.280605,nan
2024-06-06T16:13:30,84.169418,-35.280731,nan
2024-06-06T16:13:30,84.169441,-35.280865,nan
2024-06-06T16:13:29,84.169472,-35.281006,nan
2024-06-06T16:13:29,84.169495,-35.281158,nan
2024-06-06T16:13:28,84.169518,-35.281296,nan
2024-06-06T16:13:28,84.169540,-35.281441,nan
2024-06-06T16:13:27,84.169563,-35.281590,nan
2024-06-06T16:13:27,84.169586,-35.281742,nan
2024-06-06T16:13:26,84.169601,-35.281906,nan
2024-06-06T16:13:26,84.169624,-35.282074,nan
2024-06-06T16:13:25,84.169647,-35.282249,nan
2024-06-06T16:13:25,84.169670,-35.282429,nan
2024-06-06T16:13:24,84.169693,-35.282612,nan
2024-06-06T16:13:24,84.169716,-35.282799,nan
2024-06-06T16:13:23,84.169739,-35.282986,nan
2024-06-06T16:13:23,84.169762,-35.283173,nan
2024-06-06T16:13:22,84.169777,-35.283363,nan
2024-06-06T16:13:22,84.169800,-35.283554,nan
2024-06-06T16:13:21,84.169823,-35.283749,nan
2024-06-06T16:13:21,84.169846,-35.283943,nan
2024-06-06T16:13:20,84.169868,-35.284138,nan
2024-06-06T16:13:20,84.169891,-35.284336,nan
2024-06-06T16:13:19,84.169914,-35.284531,nan
2024-06-06T16:13:19,84.169937,-35.284729,nan
2024-06-06T16:13:18,84.169960,-35.284927,nan
2024-06-06T16:13:18,84.169983,-35.285126,nan
2024-06-06T16:13:17,84.170006,-35.285320,nan
2024-06-06T16:13:17,84.170021,-35.285519,nan
2024-06-06T16:13:16,84.170044,-35.285713,nan
2024-06-06T16:13:16,84.170067,-35.285912,nan
2024-06-06T16:13:15,84.170090,-35.286106,nan
2024-06-06T16:13:15,84.170113,-35.286304,nan
2024-06-06T16:13:14,84.170128,-35.286503,nan
2024-06-06T16:13:14,84.170151,-35.286701,nan
2024-06-06T16:13:13,84.170166,-35.286903,nan
2024-06-06T16:13:13,84.170189,-35.287106,nan
2024-06-06T16:13:12,84.170212,-35.287315,nan
2024-06-06T16:13:12,84.170227,-35.287521,nan
2024-06-06T16:13:11,84.170250,-35.287735,nan
2024-06-06T16:13:11,84.170265,-35.287945,nan
2024-06-06T16:13:10,84.170288,-35.288158,nan
2024-06-06T16:13:10,84.170303,-35.288372,nan
2024-06-06T16:13:09,84.170326,-35.288586,nan
2024-06-06T16:13:09,84.170341,-35.288799,nan
2024-06-06T16:13:08,84.170364,-35.289021,nan
2024-06-06T16:13:08,84.170380,-35.289242,nan
2024-06-06T16:13:07,84.170403,-35.289459,nan
2024-06-06T16:13:07,84.170418,-35.289680,nan
2024-06-06T16:13:06,84.170441,-35.289898,nan
2024-06-06T16:13:06,84.170456,-35.290115,nan
2024-06-06T16:13:05,84.170471,-35.290337,nan
2024-06-06T16:13:05,84.170494,-35.290562,nan
2024-06-06T16:13:04,84.170509,-35.290791,nan
2024-06-06T16:13:04,84.170532,-35.291016,nan
2024-06-06T16:13:03,84.170547,-35.291237,nan
2024-06-06T16:13:03,84.170570,-35.291458,nan
2024-06-06T16:13:02,84.170586,-35.291683,nan
2024-06-06T16:13:02,84.170601,-35.291908,nan
2024-06-06T16:13:01,84.170624,-35.292133,nan
2024-06-06T16:13:01,84.170639,-35.292355,nan
2024-06-06T16:13:00,84.170654,-35.292580,nan
2024-06-06T16:13:00,84.170677,-35.292801,nan
2024-06-06T16:12:59,84.170692,-35.293022,nan
2024-06-06T16:12:59,84.170708,-35.293243,nan
2024-06-06T16:12:58,84.170723,-35.293468,nan
2024-06-06T16:12:58,84.170738,-35.293690,nan
2024-06-06T16:12:57,84.170753,-35.293915,nan
2024-06-06T16:12:57,84.170769,-35.294144,nan
2024-06-06T16:12:56,84.170784,-35.294373,nan
2024-06-06T16:12:56,84.170799,-35.294601,nan
2024-06-06T16:12:55,84.170815,-35.294834,nan
2024-06-06T16:12:55,84.170830,-35.295067,nan
2024-06-06T16:12:54,84.170845,-35.295300,nan
2024-06-06T16:12:54,84.170860,-35.295532,nan
2024-06-06T16:12:53,84.170876,-35.295761,nan
2024-06-06T16:12:53,84.170891,-35.295990,nan
2024-06-06T16:12:52,84.170906,-35.296211,nan
2024-06-06T16:12:52,84.170921,-35.296429,nan
2024-06-06T16:12:51,84.170937,-35.296646,nan
2024-06-06T16:12:51,84.170952,-35.296864,nan
2024-06-06T16:12:50,84.170967,-35.297081,nan
2024-06-06T16:12:50,84.170982,-35.297298,nan
2024-06-06T16:12:49,84.170998,-35.297512,nan
2024-06-06T16:12:49,84.171013,-35.297729,nan
2024-06-06T16:12:48,84.171028,-35.297943,nan
2024-06-06T16:12:48,84.171043,-35.298161,nan
2024-06-06T16:12:47,84.171059,-35.298374,nan
2024-06-06T16:12:47,84.171082,-35.298584,nan
2024-06-06T16:12:46,84.171097,-35.298794,nan
2024-06-06T16:12:46,84.171112,-35.299004,nan
2024-06-06T16:12:45,84.171127,-35.299213,nan
2024-06-06T16:12:45,84.171143,-35.299423,nan
2024-06-06T16:12:44,84.171158,-35.299633,nan
2024-06-06T16:12:44,84.171173,-35.299843,nan
2024-06-06T16:12:43,84.171188,-35.300053,nan
2024-06-06T16:12:43,84.171211,-35.300262,nan
2024-06-06T16:12:42,84.171227,-35.300472,nan
2024-06-06T16:12:42,84.171242,-35.300682,nan
2024-06-06T16:12:41,84.171265,-35.300896,nan
2024-06-06T16:12:41,84.171280,-35.301109,nan
2024-06-06T16:12:40,84.171295,-35.301323,nan
2024-06-06T16:12:40,84.171310,-35.301540,nan
2024-06-06T16:12:39,84.171333,-35.301754,nan
2024-06-06T16:12:39,84.171349,-35.301971,nan
2024-06-06T16:12:38,84.171371,-35.302193,nan
2024-06-06T16:12:38,84.171387,-35.302410,nan
2024-06-06T16:12:37,84.171402,-35.302635,nan
2024-06-06T16:12:37,84.171425,-35.302860,nan
2024-06-06T16:12:36,84.171440,-35.303085,nan
2024-06-06T16:12:36,84.171455,-35.303314,nan
2024-06-06T16:12:35,84.171478,-35.303551,nan
2024-06-06T16:12:35,84.171494,-35.303783,nan
2024-06-06T16:12:34,84.171516,-35.304024,nan
2024-06-06T16:12:34,84.171532,-35.304264,nan
2024-06-06T16:12:33,84.171555,-35.304504,nan
2024-06-06T16:12:33,84.171577,-35.304749,nan
2024-06-06T16:12:32,84.171593,-35.304993,nan
2024-06-06T16:12:32,84.171616,-35.305241,nan
2024-06-06T16:12:31,84.171631,-35.305489,nan
2024-06-06T16:12:31,84.171654,-35.305752,nan
2024-06-06T16:12:30,84.171669,-35.306015,nan
2024-06-06T16:12:30,84.171684,-35.306282,nan
2024-06-06T16:12:29,84.171707,-35.306557,nan
2024-06-06T16:12:29,84.171722,-35.306831,nan
2024-06-06T16:12:28,84.171745,-35.307110,nan
2024-06-06T16:12:28,84.171761,-35.307388,nan
2024-06-06T16:12:27,84.171776,-35.307674,nan
2024-06-06T16:12:27,84.171791,-35.307961,nan
2024-06-06T16:12:26,84.171814,-35.308243,nan
2024-06-06T16:12:26,84.171829,-35.308529,nan
2024-06-06T16:12:25,84.171844,-35.308811,nan
2024-06-06T16:12:25,84.171867,-35.309093,nan
2024-06-06T16:12:24,84.171883,-35.309376,nan
2024-06-06T16:12:24,84.171906,-35.309654,nan
2024-06-06T16:12:23,84.171921,-35.309933,nan
2024-06-06T16:12:23,84.171936,-35.310207,nan
2024-06-06T16:12:22,84.171959,-35.310478,nan
2024-06-06T16:12:22,84.171974,-35.310749,nan
2024-06-06T16:12:21,84.171989,-35.311020,nan
2024-06-06T16:12:21,84.172005,-35.311295,nan
2024-06-06T16:12:20,84.172028,-35.311569,nan
2024-06-06T16:12:20,84.172043,-35.311840,nan
2024-06-06T16:12:19,84.172058,-35.312111,nan
2024-06-06T16:12:19,84.172073,-35.312374,nan
2024-06-06T16:12:18,84.172089,-35.312641,nan
2024-06-06T16:12:18,84.172104,-35.312901,nan
2024-06-06T16:12:17,84.172119,-35.313164,nan
2024-06-06T16:12:17,84.172134,-35.313423,nan
2024-06-06T16:12:16,84.172150,-35.313679,nan
2024-06-06T16:12:16,84.172165,-35.313934,nan
2024-06-06T16:12:15,84.172180,-35.314190,nan
2024-06-06T16:12:15,84.172195,-35.314442,nan
2024-06-06T16:12:14,84.172211,-35.314690,nan
2024-06-06T16:12:14,84.172226,-35.314934,nan
2024-06-06T16:12:13,84.172241,-35.315178,nan
2024-06-06T16:12:13,84.172256,-35.315422,nan
2024-06-06T16:12:12,84.172279,-35.315662,nan
2024-06-06T16:12:12,84.172295,-35.315903,nan
2024-06-06T16:12:11,84.172310,-35.316143,nan
2024-06-06T16:12:11,84.172325,-35.316383,nan
2024-06-06T16:12:10,84.172348,-35.316624,nan
2024-06-06T16:12:10,84.172363,-35.316860,nan
2024-06-06T16:12:09,84.172379,-35.317093,nan
2024-06-06T16:12:09,84.172401,-35.317322,nan
2024-06-06T16:12:08,84.172417,-35.317547,nan
2024-06-06T16:12:08,84.172440,-35.317776,nan
2024-06-06T16:12:07,84.172462,-35.318001,nan
2024-06-06T16:12:07,84.172485,-35.318222,nan
2024-06-06T16:12:06,84.172508,-35.318447,nan
2024-06-06T16:12:06,84.172531,-35.318668,nan
2024-06-06T16:12:05,84.172554,-35.318886,nan
2024-06-06T16:12:05,84.172577,-35.319103,nan
2024-06-06T16:12:04,84.172600,-35.319321,nan
2024-06-06T16:12:04,84.172623,-35.319538,nan
2024-06-06T16:12:03,84.172646,-35.319752,nan
2024-06-06T16:12:03,84.172668,-35.319969,nan
2024-06-06T16:12:02,84.172691,-35.320187,nan
2024-06-06T16:12:02,84.172722,-35.320404,nan
2024-06-06T16:12:01,84.172745,-35.320621,nan
2024-06-06T16:12:01,84.172768,-35.320847,nan
2024-06-06T16:12:00,84.172791,-35.321072,nan
2024-06-06T16:12:00,84.172813,-35.321297,nan
2024-06-06T16:11:59,84.172836,-35.321529,nan
2024-06-06T16:11:59,84.172859,-35.321762,nan
2024-06-06T16:11:58,84.172890,-35.322002,nan
2024-06-06T16:11:58,84.172905,-35.322250,nan
2024-06-06T16:11:57,84.172928,-35.322502,nan
2024-06-06T16:11:57,84.172951,-35.322762,nan
2024-06-06T16:11:56,84.172974,-35.323021,nan
2024-06-06T16:11:56,84.172997,-35.323280,nan
2024-06-06T16:11:55,84.173019,-35.323547,nan
2024-06-06T16:11:55,84.173050,-35.323814,nan
2024-06-06T16:11:54,84.173073,-35.324085,nan
2024-06-06T16:11:54,84.173096,-35.324356,nan
2024-06-06T16:11:53,84.173119,-35.324623,nan
2024-06-06T16:11:53,84.173141,-35.324898,nan
2024-06-06T16:11:52,84.173164,-35.325169,nan
2024-06-06T16:11:52,84.173187,-35.325443,nan
2024-06-06T16:11:51,84.173210,-35.325722,nan
2024-06-06T16:11:51,84.173233,-35.326000,nan
2024-06-06T16:11:50,84.173264,-35.326279,nan
2024-06-06T16:11:50,84.173286,-35.326557,nan
2024-06-06T16:11:49,84.173309,-35.326839,nan
2024-06-06T16:11:49,84.173332,-35.327114,nan
2024-06-06T16:11:48,84.173363,-35.327389,nan
2024-06-06T16:11:48,84.173386,-35.327663,nan
2024-06-06T16:11:47,84.173409,-35.327930,nan
2024-06-06T16:11:47,84.173439,-35.328201,nan
2024-06-06T16:11:46,84.173462,-35.328468,nan
2024-06-06T16:11:46,84.173485,-35.328735,nan
2024-06-06T16:11:45,84.173508,-35.329002,nan
2024-06-06T16:11:45,84.173538,-35.329269,nan
2024-06-06T16:11:44,84.173561,-35.329536,nan
2024-06-06T16:11:44,84.173584,-35.329800,nan
2024-06-06T16:11:43,84.173615,-35.330063,nan
2024-06-06T16:11:43,84.173637,-35.330322,nan
2024-06-06T16:11:42,84.173668,-35.330585,nan
2024-06-06T16:11:42,84.173691,-35.330845,nan
2024-06-06T16:11:41,84.173721,-35.331104,nan
2024-06-06T16:11:41,84.173752,-35.331367,nan
2024-06-06T16:11:40,84.173775,-35.331635,nan
2024-06-06T16:11:40,84.173805,-35.331902,nan
2024-06-06T16:11:39,84.173836,-35.332176,nan
2024-06-06T16:11:39,84.173866,-35.332451,nan
2024-06-06T16:11:38,84.173897,-35.332726,nan
2024-06-06T16:11:38,84.173927,-35.333004,nan
2024-06-06T16:11:37,84.173958,-35.333282,nan
2024-06-06T16:11:37,84.173988,-35.333557,nan
2024-06-06T16:11:36,84.174019,-35.333832,nan
2024-06-06T16:11:36,84.174042,-35.334099,nan
2024-06-06T16:11:35,84.174072,-35.334370,nan
2024-06-06T16:11:35,84.174103,-35.334641,nan
2024-06-06T16:11:34,84.174126,-35.334911,nan
2024-06-06T16:11:34,84.174156,-35.335190,nan
2024-06-06T16:11:33,84.174179,-35.335464,nan
2024-06-06T16:11:33,84.174210,-35.335743,nan
2024-06-06T16:11:32,84.174232,-35.336021,nan
2024-06-06T16:11:32,84.174263,-35.336304,nan
2024-06-06T16:11:31,84.174286,-35.336590,nan
2024-06-06T16:11:31,84.174316,-35.336880,nan
2024-06-06T16:11:30,84.174339,-35.337170,nan
2024-06-06T16:11:30,84.174370,-35.337463,nan
2024-06-06T16:11:29,84.174393,-35.337757,nan
2024-06-06T16:11:29,84.174423,-35.338055,nan
2024-06-06T16:11:28,84.174446,-35.338352,nan
2024-06-06T16:11:28,84.174477,-35.338654,nan
2024-06-06T16:11:27,84.174500,-35.338951,nan
2024-06-06T16:11:27,84.174530,-35.339256,nan
2024-06-06T16:11:26,84.174553,-35.339561,nan
2024-06-06T16:11:26,84.174583,-35.339867,nan
2024-06-06T16:11:25,84.174606,-35.340176,nan
2024-06-06T16:11:25,84.174637,-35.340481,nan
2024-06-06T16:11:24,84.174660,-35.340794,nan
2024-06-06T16:11:24,84.174690,-35.341103,nan
2024-06-06T16:11:23,84.174721,-35.341415,nan
2024-06-06T16:11:23,84.174744,-35.341724,nan
2024-06-06T16:11:22,84.174774,-35.342037,nan
2024-06-06T16:11:22,84.174805,-35.342346,nan
2024-06-06T16:11:21,84.174835,-35.342655,nan
2024-06-06T16:11:21,84.174866,-35.342964,nan
2024-06-06T16:11:20,84.174889,-35.343269,nan
2024-06-06T16:11:20,84.174919,-35.343571,nan
2024-06-06T16:11:19,84.174950,-35.343876,nan
2024-06-06T16:11:19,84.174980,-35.344181,nan
2024-06-06T16:11:18,84.175011,-35.344486,nan
2024-06-06T16:11:18,84.175041,-35.344788,nan
2024-06-06T16:11:17,84.175072,-35.345093,nan
2024-06-06T16:11:17,84.175102,-35.345394,nan
2024-06-06T16:11:16,84.175133,-35.345699,nan
2024-06-06T16:11:16,84.175163,-35.346001,nan
2024-06-06T16:11:15,84.175194,-35.346306,nan
2024-06-06T16:11:15,84.175224,-35.346603,nan
2024-06-06T16:11:14,84.175247,-35.346901,nan
2024-06-06T16:11:14,84.175278,-35.347195,nan
2024-06-06T16:11:13,84.175308,-35.347488,nan
2024-06-06T16:11:13,84.175331,-35.347778,nan
2024-06-06T16:11:12,84.175362,-35.348072,nan
2024-06-06T16:11:12,84.175392,-35.348362,nan
2024-06-06T16:11:11,84.175415,-35.348648,nan
2024-06-06T16:11:11,84.175446,-35.348930,nan
2024-06-06T16:11:10,84.175476,-35.349209,nan
2024-06-06T16:11:10,84.175499,-35.349480,nan
2024-06-06T16:11:09,84.175529,-35.349747,nan
2024-06-06T16:11:09,84.175552,-35.350014,nan
2024-06-06T16:11:08,84.175583,-35.350277,nan
2024-06-06T16:11:08,84.175606,-35.350533,nan
2024-06-06T16:11:07,84.175629,-35.350780,nan
2024-06-06T16:11:07,84.175659,-35.351025,nan
2024-06-06T16:11:06,84.175682,-35.351269,nan
2024-06-06T16:11:06,84.175713,-35.351509,nan
2024-06-06T16:11:05,84.175735,-35.351746,nan
2024-06-06T16:11:05,84.175758,-35.351986,nan
2024-06-06T16:11:04,84.175781,-35.352219,nan
2024-06-06T16:11:04,84.175812,-35.352451,nan
2024-06-06T16:11:03,84.175835,-35.352680,nan
2024-06-06T16:11:03,84.175858,-35.352909,nan
2024-06-06T16:11:02,84.175888,-35.353138,nan
2024-06-06T16:11:02,84.175911,-35.353363,nan
2024-06-06T16:11:01,84.175941,-35.353592,nan
2024-06-06T16:11:01,84.175964,-35.353817,nan
2024-06-06T16:11:00,84.175987,-35.354046,nan
2024-06-06T16:11:00,84.176018,-35.354271,nan
2024-06-06T16:10:59,84.176041,-35.354496,nan
2024-06-06T16:10:59,84.176064,-35.354725,nan
2024-06-06T16:10:58,84.176086,-35.354954,nan
2024-06-06T16:10:58,84.176109,-35.355183,nan
2024-06-06T16:10:57,84.176140,-35.355415,nan
2024-06-06T16:10:57,84.176163,-35.355652,nan
2024-06-06T16:10:56,84.176186,-35.355888,nan
2024-06-06T16:10:56,84.176208,-35.356129,nan
2024-06-06T16:10:55,84.176231,-35.356369,nan
2024-06-06T16:10:55,84.176262,-35.356613,nan
2024-06-06T16:10:54,84.176285,-35.356857,nan
2024-06-06T16:10:54,84.176315,-35.357105,nan
2024-06-06T16:10:53,84.176338,-35.357361,nan
2024-06-06T16:10:53,84.176369,-35.357613,nan
2024-06-06T16:10:52,84.176392,-35.357872,nan
2024-06-06T16:10:52,84.176422,-35.358131,nan
2024-06-06T16:10:51,84.176453,-35.358395,nan
2024-06-06T16:10:51,84.176476,-35.358658,nan
2024-06-06T16:10:50,84.176506,-35.358929,nan
2024-06-06T16:10:50,84.176529,-35.359200,nan
2024-06-06T16:10:49,84.176559,-35.359474,nan
2024-06-06T16:10:49,84.176582,-35.359756,nan
2024-06-06T16:10:48,84.176613,-35.360039,nan
2024-06-06T16:10:48,84.176643,-35.360325,nan
2024-06-06T16:10:47,84.176666,-35.360619,nan
2024-06-06T16:10:47,84.176697,-35.360912,nan
2024-06-06T16:10:46,84.176720,-35.361214,nan
2024-06-06T16:10:46,84.176750,-35.361515,nan
2024-06-06T16:10:45,84.176781,-35.361820,nan
2024-06-06T16:10:45,84.176804,-35.362129,nan
2024-06-06T16:10:44,84.176834,-35.362446,nan
2024-06-06T16:10:44,84.176857,-35.362762,nan
2024-06-06T16:10:43,84.176888,-35.363079,nan
2024-06-06T16:10:43,84.176910,-35.363400,nan
2024-06-06T16:10:42,84.176941,-35.363724,nan
2024-06-06T16:10:42,84.176964,-35.364052,nan
2024-06-06T16:10:41,84.176994,-35.364384,nan
2024-06-06T16:10:41,84.177017,-35.364719,nan
2024-06-06T16:10:40,84.177048,-35.365059,nan
2024-06-06T16:10:40,84.177071,-35.365406,nan
2024-06-06T16:10:39,84.177094,-35.365753,nan
2024-06-06T16:10:39,84.177116,-35.366104,nan
2024-06-06T16:10:38,84.177139,-35.366459,nan
2024-06-06T16:10:38,84.177170,-35.366814,nan
2024-06-06T16:10:37,84.177193,-35.367168,nan
2024-06-06T16:10:37,84.177216,-35.367523,nan
2024-06-06T16:10:36,84.177238,-35.367882,nan
2024-06-06T16:10:36,84.177254,-35.368237,nan
2024-06-06T16:10:35,84.177277,-35.368595,nan
2024-06-06T16:10:35,84.177299,-35.368958,nan
2024-06-06T16:10:34,84.177322,-35.369316,nan
2024-06-06T16:10:34,84.177345,-35.369678,nan
2024-06-06T16:10:33,84.177368,-35.370041,nan
2024-06-06T16:10:33,84.177383,-35.370403,nan
2024-06-06T16:10:32,84.177406,-35.370762,nan
2024-06-06T16:10:32,84.177429,-35.371124,nan
2024-06-06T16:10:31,84.177444,-35.371483,nan
2024-06-06T16:10:31,84.177467,-35.371841,nan
2024-06-06T16:10:30,84.177490,-35.372196,nan
2024-06-06T16:10:30,84.177505,-35.372547,nan
2024-06-06T16:10:29,84.177528,-35.372898,nan
2024-06-06T16:10:29,84.177544,-35.373249,nan
2024-06-06T16:10:28,84.177567,-35.373596,nan
2024-06-06T16:10:28,84.177589,-35.373943,nan
2024-06-06T16:10:27,84.177605,-35.374287,nan
2024-06-06T16:10:27,84.177628,-35.374634,nan
2024-06-06T16:10:26,84.177643,-35.374973,nan
2024-06-06T16:10:26,84.177666,-35.375317,nan
2024-06-06T16:10:25,84.177689,-35.375656,nan
2024-06-06T16:10:25,84.177704,-35.375996,nan
2024-06-06T16:10:24,84.177727,-35.376335,nan
2024-06-06T16:10:24,84.177750,-35.376675,nan
2024-06-06T16:10:23,84.177765,-35.377010,nan
2024-06-06T16:10:23,84.177788,-35.377346,nan
2024-06-06T16:10:22,84.177811,-35.377686,nan
2024-06-06T16:10:22,84.177834,-35.378025,nan
2024-06-06T16:10:21,84.177856,-35.378365,nan
2024-06-06T16:10:21,84.177872,-35.378700,nan
2024-06-06T16:10:20,84.177917,-35.379372,nan
2024-06-06T16:10:19,84.177940,-35.379704,nan
2024-06-06T16:10:19,84.177963,-35.380035,nan
2024-06-06T16:10:18,84.177994,-35.380360,nan
2024-06-06T16:10:18,84.178017,-35.380684,nan
2024-06-06T16:10:17,84.178040,-35.381001,nan
2024-06-06T16:10:17,84.178062,-35.381317,nan
2024-06-06T16:10:16,84.178093,-35.381634,nan
2024-06-06T16:10:16,84.178116,-35.381947,nan
2024-06-06T16:10:15,84.178146,-35.382259,nan
2024-06-06T16:10:15,84.178169,-35.382576,nan
2024-06-06T16:10:14,84.178200,-35.382893,nan
2024-06-06T16:10:14,84.178223,-35.383209,nan
2024-06-06T16:10:13,84.178253,-35.383526,nan
2024-06-06T16:10:13,84.178284,-35.383846,nan
2024-06-06T16:10:12,84.178314,-35.384167,nan
2024-06-06T16:10:12,84.178345,-35.384491,nan
2024-06-06T16:10:11,84.178368,-35.384815,nan
2024-06-06T16:10:11,84.178398,-35.385139,nan
2024-06-06T16:10:10,84.178429,-35.385464,nan
2024-06-06T16:10:10,84.178459,-35.385788,nan
2024-06-06T16:10:09,84.178490,-35.386108,nan
2024-06-06T16:10:09,84.178520,-35.386433,nan
2024-06-06T16:10:08,84.178551,-35.386757,nan
2024-06-06T16:10:08,84.178581,-35.387077,nan
2024-06-06T16:10:07,84.178612,-35.387405,nan
2024-06-06T16:10:07,84.178635,-35.387733,nan
2024-06-06T16:10:06,84.178665,-35.388065,nan
2024-06-06T16:10:06,84.178688,-35.388397,nan
2024-06-06T16:10:05,84.178719,-35.388729,nan
2024-06-06T16:10:05,84.178741,-35.389065,nan
2024-06-06T16:10:04,84.178764,-35.389404,nan
2024-06-06T16:10:04,84.178795,-35.389744,nan
2024-06-06T16:10:03,84.178818,-35.390087,nan
2024-06-06T16:10:03,84.178848,-35.390430,nan
2024-06-06T16:10:02,84.178871,-35.390774,nan
2024-06-06T16:10:02,84.178894,-35.391125,nan
2024-06-06T16:10:01,84.178925,-35.391476,nan
2024-06-06T16:10:01,84.178947,-35.391827,nan
2024-06-06T16:10:00,84.178970,-35.392185,nan
2024-06-06T16:10:00,84.178993,-35.392544,nan
2024-06-06T16:09:59,84.179024,-35.392910,nan
2024-06-06T16:09:59,84.179047,-35.393276,nan
2024-06-06T16:09:58,84.179070,-35.393650,nan
2024-06-06T16:09:58,84.179092,-35.394024,nan
2024-06-06T16:09:57,84.179115,-35.394398,nan
2024-06-06T16:09:57,84.179138,-35.394772,nan
2024-06-06T16:09:56,84.179161,-35.395145,nan
2024-06-06T16:09:56,84.179184,-35.395519,nan
2024-06-06T16:09:55,84.179207,-35.395897,nan
2024-06-06T16:09:55,84.179237,-35.396275,nan
2024-06-06T16:09:54,84.179260,-35.396648,nan
2024-06-06T16:09:54,84.179283,-35.397026,nan
2024-06-06T16:09:53,84.179306,-35.397408,nan
2024-06-06T16:09:53,84.179329,-35.397785,nan
2024-06-06T16:09:52,84.179359,-35.398163,nan
2024-06-06T16:09:52,84.179382,-35.398544,nan
2024-06-06T16:09:51,84.179405,-35.398926,nan
2024-06-06T16:09:51,84.179436,-35.399311,nan
2024-06-06T16:09:50,84.179459,-35.399693,nan
2024-06-06T16:09:50,84.179482,-35.400082,nan
2024-06-06T16:09:49,84.179504,-35.400471,nan
2024-06-06T16:09:49,84.179535,-35.400856,nan
2024-06-06T16:09:48,84.179558,-35.401241,nan
2024-06-06T16:09:48,84.179581,-35.401630,nan
2024-06-06T16:09:47,84.179604,-35.402023,nan
2024-06-06T16:09:47,84.179626,-35.402416,nan
2024-06-06T16:09:46,84.179649,-35.402809,nan
2024-06-06T16:09:46,84.179672,-35.403206,nan
2024-06-06T16:09:45,84.179695,-35.403606,nan
2024-06-06T16:09:45,84.179718,-35.404007,nan
2024-06-06T16:09:44,84.179741,-35.404411,nan
2024-06-06T16:09:44,84.179764,-35.404812,nan
2024-06-06T16:09:43,84.179787,-35.405212,nan
2024-06-06T16:09:43,84.179810,-35.405617,nan
2024-06-06T16:09:42,84.179832,-35.406025,nan
2024-06-06T16:09:42,84.179855,-35.406433,nan
2024-06-06T16:09:41,84.179878,-35.406841,nan
2024-06-06T16:09:41,84.179901,-35.407253,nan
2024-06-06T16:09:40,84.179924,-35.407661,nan
2024-06-06T16:09:40,84.179947,-35.408073,nan
2024-06-06T16:09:39,84.179962,-35.408493,nan
2024-06-06T16:09:39,84.179985,-35.408913,nan
2024-06-06T16:09:38,84.180000,-35.409336,nan
2024-06-06T16:09:38,84.180023,-35.409763,nan
2024-06-06T16:09:37,84.180038,-35.410194,nan
2024-06-06T16:09:37,84.180054,-35.410629,nan
2024-06-06T16:09:36,84.180077,-35.411060,nan
2024-06-06T16:09:36,84.180092,-35.411491,nan
2024-06-06T16:09:35,84.180107,-35.411922,nan
2024-06-06T16:09:35,84.180130,-35.412350,nan
2024-06-06T16:09:34,84.180145,-35.412769,nan
2024-06-06T16:09:34,84.180161,-35.413193,nan
2024-06-06T16:09:33,84.180176,-35.413612,nan
2024-06-06T16:09:33,84.180191,-35.414028,nan
2024-06-06T16:09:32,84.180214,-35.414448,nan
2024-06-06T16:09:32,84.180229,-35.414864,nan
2024-06-06T16:09:31,84.180244,-35.415279,nan
2024-06-06T16:09:31,84.180260,-35.415691,nan
2024-06-06T16:09:30,84.180275,-35.416103,nan
2024-06-06T16:09:30,84.180290,-35.416512,nan
2024-06-06T16:09:29,84.180305,-35.416916,nan
2024-06-06T16:09:29,84.180321,-35.417316,nan
2024-06-06T16:09:28,84.180328,-35.417713,nan
2024-06-06T16:09:28,84.180344,-35.418102,nan
2024-06-06T16:09:27,84.180359,-35.418491,nan
2024-06-06T16:09:27,84.180374,-35.418877,nan
2024-06-06T16:09:26,84.180389,-35.419258,nan
2024-06-06T16:09:26,84.180405,-35.419640,nan
2024-06-06T16:09:25,84.180420,-35.420017,nan
2024-06-06T16:09:25,84.180435,-35.420399,nan
2024-06-06T16:09:24,84.180450,-35.420780,nan
2024-06-06T16:09:24,84.180466,-35.421162,nan
2024-06-06T16:09:23,84.180489,-35.421543,nan
2024-06-06T16:09:23,84.180504,-35.421925,nan
2024-06-06T16:09:22,84.180519,-35.422310,nan
2024-06-06T16:09:22,84.180542,-35.422691,nan
2024-06-06T16:09:21,84.180557,-35.423077,nan
2024-06-06T16:09:21,84.180580,-35.423458,nan
2024-06-06T16:09:20,84.180603,-35.423840,nan
2024-06-06T16:09:20,84.180618,-35.424217,nan
2024-06-06T16:09:19,84.180641,-35.424595,nan
2024-06-06T16:09:19,84.180664,-35.424973,nan
2024-06-06T16:09:18,84.180687,-35.425358,nan
2024-06-06T16:09:18,84.180710,-35.425743,nan
2024-06-06T16:09:17,84.180733,-35.426132,nan
2024-06-06T16:09:17,84.180756,-35.426521,nan
2024-06-06T16:09:16,84.180786,-35.426926,nan
2024-06-06T16:09:16,84.180809,-35.427334,nan
2024-06-06T16:09:15,84.180832,-35.427750,nan
2024-06-06T16:09:15,84.180862,-35.428177,nan
2024-06-06T16:09:14,84.180885,-35.428604,nan
2024-06-06T16:09:14,84.180908,-35.429043,nan
2024-06-06T16:09:13,84.180939,-35.429485,nan
2024-06-06T16:09:13,84.180962,-35.429932,nan
2024-06-06T16:09:12,84.180984,-35.430386,nan
2024-06-06T16:09:12,84.181015,-35.430843,nan
2024-06-06T16:09:11,84.181038,-35.431301,nan
2024-06-06T16:09:11,84.181068,-35.431767,nan
2024-06-06T16:09:10,84.181091,-35.432228,nan
2024-06-06T16:09:10,84.181114,-35.432693,nan
2024-06-06T16:09:09,84.181145,-35.433163,nan
2024-06-06T16:09:09,84.181168,-35.433628,nan
2024-06-06T16:09:08,84.181198,-35.434097,nan
2024-06-06T16:09:08,84.181221,-35.434563,nan
2024-06-06T16:09:07,84.181252,-35.435032,nan
2024-06-06T16:09:07,84.181274,-35.435501,nan
2024-06-06T16:09:06,84.181297,-35.435966,nan
2024-06-06T16:09:06,84.181320,-35.436432,nan
2024-06-06T16:09:05,84.181351,-35.436893,nan
2024-06-06T16:09:05,84.181374,-35.437347,nan
2024-06-06T16:09:04,84.181396,-35.437801,nan
2024-06-06T16:09:04,84.181419,-35.438251,nan
2024-06-06T16:09:03,84.181450,-35.438698,nan
2024-06-06T16:09:03,84.181473,-35.439137,nan
2024-06-06T16:09:02,84.181496,-35.439571,nan
2024-06-06T16:09:02,84.181526,-35.440002,nan
2024-06-06T16:09:01,84.181549,-35.440434,nan
2024-06-06T16:09:01,84.181580,-35.440861,nan
2024-06-06T16:09:00,84.181602,-35.441296,nan
2024-06-06T16:09:00,84.181633,-35.441723,nan
2024-06-06T16:08:59,84.181664,-35.442158,nan
2024-06-06T16:08:59,84.181686,-35.442585,nan
2024-06-06T16:08:58,84.181717,-35.443008,nan
2024-06-06T16:08:58,84.181747,-35.443428,nan
2024-06-06T16:08:57,84.181770,-35.443840,nan
2024-06-06T16:08:57,84.181801,-35.444244,nan
2024-06-06T16:08:56,84.181831,-35.444641,nan
2024-06-06T16:08:56,84.181854,-35.445038,nan
2024-06-06T16:08:55,84.181885,-35.445431,nan
2024-06-06T16:08:55,84.181915,-35.445816,nan
2024-06-06T16:08:54,84.181946,-35.446201,nan
2024-06-06T16:08:54,84.181976,-35.446587,nan
2024-06-06T16:08:53,84.181999,-35.446964,nan
2024-06-06T16:08:53,84.182030,-35.447342,nan
2024-06-06T16:08:52,84.182060,-35.447723,nan
2024-06-06T16:08:52,84.182091,-35.448101,nan
2024-06-06T16:08:51,84.182121,-35.448483,nan
2024-06-06T16:08:51,84.182152,-35.448868,nan
2024-06-06T16:08:50,84.182182,-35.449249,nan
2024-06-06T16:08:50,84.182213,-35.449638,nan
2024-06-06T16:08:49,84.182243,-35.450027,nan
2024-06-06T16:08:49,84.182274,-35.450420,nan
2024-06-06T16:08:48,84.182304,-35.450817,nan
2024-06-06T16:08:48,84.182335,-35.451218,nan
2024-06-06T16:08:47,84.182365,-35.451626,nan
2024-06-06T16:08:47,84.182396,-35.452038,nan
2024-06-06T16:08:46,84.182426,-35.452457,nan
2024-06-06T16:08:46,84.182457,-35.452881,nan
2024-06-06T16:08:45,84.182487,-35.453312,nan
2024-06-06T16:08:45,84.182526,-35.453747,nan
2024-06-06T16:08:44,84.182556,-35.454182,nan
2024-06-06T16:08:44,84.182587,-35.454624,nan
2024-06-06T16:08:43,84.182617,-35.455074,nan
2024-06-06T16:08:43,84.182648,-35.455528,nan
2024-06-06T16:08:42,84.182671,-35.455986,nan
2024-06-06T16:08:42,84.182701,-35.456444,nan
2024-06-06T16:08:41,84.182732,-35.456909,nan
2024-06-06T16:08:41,84.182755,-35.457375,nan
2024-06-06T16:08:40,84.182785,-35.457844,nan
2024-06-06T16:08:40,84.182808,-35.458313,nan
2024-06-06T16:08:39,84.182838,-35.458786,nan
2024-06-06T16:08:39,84.182861,-35.459263,nan
2024-06-06T16:08:38,84.182884,-35.459736,nan
2024-06-06T16:08:38,84.182907,-35.460213,nan
2024-06-06T16:08:37,84.182930,-35.460686,nan
2024-06-06T16:08:37,84.182953,-35.461155,nan
2024-06-06T16:08:36,84.182976,-35.461620,nan
2024-06-06T16:08:36,84.182999,-35.462078,nan
2024-06-06T16:08:35,84.183022,-35.462540,nan
2024-06-06T16:08:35,84.183044,-35.462990,nan
2024-06-06T16:08:34,84.183060,-35.463436,nan
2024-06-06T16:08:34,84.183083,-35.463875,nan
2024-06-06T16:08:33,84.183105,-35.464310,nan
2024-06-06T16:08:33,84.183121,-35.464737,nan
2024-06-06T16:08:32,84.183144,-35.465157,nan
2024-06-06T16:08:32,84.183167,-35.465569,nan
2024-06-06T16:08:31,84.183182,-35.465981,nan
2024-06-06T16:08:31,84.183205,-35.466385,nan
2024-06-06T16:08:30,84.183228,-35.466789,nan
2024-06-06T16:08:30,84.183258,-35.467197,nan
2024-06-06T16:08:29,84.183281,-35.467609,nan
2024-06-06T16:08:29,84.183304,-35.468021,nan
2024-06-06T16:08:28,84.183334,-35.468441,nan
2024-06-06T16:08:28,84.183357,-35.468868,nan
2024-06-06T16:08:27,84.183388,-35.469307,nan
2024-06-06T16:08:27,84.183411,-35.469753,nan
2024-06-06T16:08:26,84.183434,-35.470207,nan
2024-06-06T16:08:26,84.183464,-35.470669,nan
2024-06-06T16:08:25,84.183487,-35.471134,nan
2024-06-06T16:08:25,84.183510,-35.471603,nan
2024-06-06T16:08:24,84.183533,-35.472073,nan
2024-06-06T16:08:24,84.183548,-35.472538,nan
2024-06-06T16:08:23,84.183571,-35.473000,nan
2024-06-06T16:08:23,84.183594,-35.473450,nan
2024-06-06T16:08:22,84.183609,-35.473900,nan
2024-06-06T16:08:22,84.183624,-35.474339,nan
2024-06-06T16:08:21,84.183647,-35.474766,nan
2024-06-06T16:08:21,84.183662,-35.475189,nan
2024-06-06T16:08:20,84.183685,-35.475601,nan
2024-06-06T16:08:20,84.183708,-35.476009,nan
2024-06-06T16:08:19,84.183723,-35.476414,nan
2024-06-06T16:08:19,84.183746,-35.476807,nan
2024-06-06T16:08:18,84.183769,-35.477200,nan
2024-06-06T16:08:18,84.183800,-35.477592,nan
2024-06-06T16:08:17,84.183823,-35.477985,nan
2024-06-06T16:08:17,84.183846,-35.478390,nan
2024-06-06T16:08:16,84.183868,-35.478802,nan
2024-06-06T16:08:16,84.183899,-35.479221,nan
2024-06-06T16:08:15,84.183922,-35.479649,nan
2024-06-06T16:08:15,84.183945,-35.480087,nan
2024-06-06T16:08:14,84.183975,-35.480534,nan
2024-06-06T16:08:14,84.183998,-35.480988,nan
2024-06-06T16:08:13,84.184021,-35.481445,nan
2024-06-06T16:08:13,84.184044,-35.481907,nan
2024-06-06T16:08:12,84.184059,-35.482368,nan
2024-06-06T16:08:12,84.184082,-35.482826,nan
2024-06-06T16:08:11,84.184105,-35.483288,nan
2024-06-06T16:08:11,84.184120,-35.483742,nan
2024-06-06T16:08:10,84.184143,-35.484192,nan
2024-06-06T16:08:10,84.184158,-35.484638,nan
2024-06-06T16:08:09,84.184181,-35.485073,nan
2024-06-06T16:08:09,84.184204,-35.485504,nan
2024-06-06T16:08:08,84.184219,-35.485928,nan
2024-06-06T16:08:08,84.184242,-35.486343,nan
2024-06-06T16:08:07,84.184258,-35.486752,nan
2024-06-06T16:08:07,84.184280,-35.487156,nan
2024-06-06T16:08:06,84.184303,-35.487556,nan
2024-06-06T16:08:06,84.184326,-35.487957,nan
2024-06-06T16:08:05,84.184349,-35.488354,nan
2024-06-06T16:08:05,84.184372,-35.488754,nan
2024-06-06T16:08:04,84.184395,-35.489159,nan
2024-06-06T16:08:04,84.184425,-35.489559,nan
2024-06-06T16:08:03,84.184448,-35.489967,nan
2024-06-06T16:08:03,84.184479,-35.490379,nan
2024-06-06T16:08:02,84.184509,-35.490799,nan
2024-06-06T16:08:02,84.184532,-35.491226,nan
2024-06-06T16:08:01,84.184563,-35.491661,nan
2024-06-06T16:08:01,84.184586,-35.492104,nan
2024-06-06T16:08:00,84.184616,-35.492554,nan
2024-06-06T16:08:00,84.184639,-35.493008,nan
2024-06-06T16:07:59,84.184662,-35.493458,nan
2024-06-06T16:07:59,84.184685,-35.493912,nan
2024-06-06T16:07:58,84.184708,-35.494354,nan
2024-06-06T16:07:58,84.184731,-35.494797,nan
2024-06-06T16:07:57,84.184753,-35.495228,nan
2024-06-06T16:07:57,84.184776,-35.495651,nan
2024-06-06T16:07:56,84.184792,-35.496071,nan
2024-06-06T16:07:56,84.184814,-35.496487,nan
2024-06-06T16:07:55,84.184837,-35.496899,nan
2024-06-06T16:07:55,84.184860,-35.497307,nan
2024-06-06T16:07:54,84.184883,-35.497711,nan
2024-06-06T16:07:54,84.184906,-35.498112,nan
2024-06-06T16:07:53,84.184929,-35.498512,nan
2024-06-06T16:07:53,84.184952,-35.498909,nan
2024-06-06T16:07:52,84.184975,-35.499313,nan
2024-06-06T16:07:52,84.184998,-35.499722,nan
2024-06-06T16:07:51,84.185028,-35.500137,nan
2024-06-06T16:07:51,84.185051,-35.500557,nan
2024-06-06T16:07:50,84.185081,-35.500980,nan
2024-06-06T16:07:50,84.185104,-35.501411,nan
2024-06-06T16:07:49,84.185135,-35.501850,nan
2024-06-06T16:07:49,84.185165,-35.502293,nan
2024-06-06T16:07:48,84.185188,-35.502739,nan
2024-06-06T16:07:48,84.185219,-35.503185,nan
2024-06-06T16:07:47,84.185242,-35.503635,nan
2024-06-06T16:07:47,84.185265,-35.504082,nan
2024-06-06T16:07:46,84.185287,-35.504524,nan
2024-06-06T16:07:46,84.185310,-35.504967,nan
2024-06-06T16:07:45,84.185333,-35.505405,nan
2024-06-06T16:07:45,84.185356,-35.505844,nan
2024-06-06T16:07:44,84.185379,-35.506283,nan
2024-06-06T16:07:44,84.185402,-35.506718,nan
2024-06-06T16:07:43,84.185425,-35.507156,nan
2024-06-06T16:07:43,84.185448,-35.507591,nan
2024-06-06T16:07:42,84.185471,-35.508034,nan
2024-06-06T16:07:42,84.185493,-35.508469,nan
2024-06-06T16:07:41,84.185516,-35.508907,nan
2024-06-06T16:07:41,84.185539,-35.509350,nan
2024-06-06T16:07:40,84.185562,-35.509792,nan
2024-06-06T16:07:40,84.185585,-35.510239,nan
2024-06-06T16:07:39,84.185608,-35.510685,nan
2024-06-06T16:07:39,84.185631,-35.511131,nan
2024-06-06T16:07:38,84.185661,-35.511578,nan
2024-06-06T16:07:38,84.185684,-35.512032,nan
2024-06-06T16:07:37,84.185707,-35.512482,nan
2024-06-06T16:07:37,84.185730,-35.512939,nan
2024-06-06T16:07:36,84.185753,-35.513393,nan
2024-06-06T16:07:36,84.185776,-35.513844,nan
2024-06-06T16:07:35,84.185806,-35.514294,nan
2024-06-06T16:07:35,84.185829,-35.514744,nan
2024-06-06T16:07:34,84.185852,-35.515190,nan
2024-06-06T16:07:34,84.185875,-35.515629,nan
2024-06-06T16:07:33,84.185905,-35.516064,nan
2024-06-06T16:07:33,84.185928,-35.516499,nan
2024-06-06T16:07:32,84.185951,-35.516926,nan
2024-06-06T16:07:32,84.185982,-35.517361,nan
2024-06-06T16:07:31,84.186012,-35.517792,nan
2024-06-06T16:07:31,84.186035,-35.518230,nan
2024-06-06T16:07:30,84.186066,-35.518669,nan
2024-06-06T16:07:30,84.186096,-35.519112,nan
2024-06-06T16:07:29,84.186119,-35.519558,nan
2024-06-06T16:07:29,84.186150,-35.520004,nan
2024-06-06T16:07:28,84.186180,-35.520454,nan
2024-06-06T16:07:28,84.186203,-35.520905,nan
2024-06-06T16:07:27,84.186234,-35.521358,nan
2024-06-06T16:07:27,84.186256,-35.521816,nan
2024-06-06T16:07:26,84.186287,-35.522270,nan
2024-06-06T16:07:26,84.186310,-35.522728,nan
2024-06-06T16:07:25,84.186340,-35.523186,nan
2024-06-06T16:07:25,84.186363,-35.523647,nan
2024-06-06T16:07:24,84.186394,-35.524105,nan
2024-06-06T16:07:24,84.186417,-35.524559,nan
2024-06-06T16:07:23,84.186440,-35.525013,nan
2024-06-06T16:07:23,84.186462,-35.525463,nan
2024-06-06T16:07:22,84.186493,-35.525913,nan
2024-06-06T16:07:22,84.186516,-35.526363,nan
2024-06-06T16:07:21,84.186539,-35.526810,nan
2024-06-06T16:07:21,84.186562,-35.527256,nan
2024-06-06T16:07:20,84.186584,-35.527706,nan
2024-06-06T16:07:20,84.186607,-35.528160,nan
2024-06-06T16:07:19,84.186630,-35.528618,nan
2024-06-06T16:07:19,84.186661,-35.529072,nan
2024-06-06T16:07:18,84.186684,-35.529530,nan
2024-06-06T16:07:18,84.186707,-35.529991,nan
2024-06-06T16:07:17,84.186737,-35.530453,nan
2024-06-06T16:07:17,84.186760,-35.530914,nan
2024-06-06T16:07:16,84.186783,-35.531380,nan
2024-06-06T16:07:16,84.186806,-35.531845,nan
2024-06-06T16:07:15,84.186836,-35.532307,nan
2024-06-06T16:07:15,84.186859,-35.532768,nan
2024-06-06T16:07:14,84.186882,-35.533222,nan
2024-06-06T16:07:14,84.186913,-35.533676,nan
2024-06-06T16:07:13,84.186935,-35.534126,nan
2024-06-06T16:07:13,84.186958,-35.534576,nan
2024-06-06T16:07:12,84.186981,-35.535023,nan
2024-06-06T16:07:12,84.187012,-35.535469,nan
2024-06-06T16:07:11,84.187035,-35.535912,nan
2024-06-06T16:07:11,84.187057,-35.536362,nan
2024-06-06T16:07:10,84.187088,-35.536804,nan
2024-06-06T16:07:10,84.187111,-35.537251,nan
2024-06-06T16:07:09,84.187134,-35.537693,nan
2024-06-06T16:07:09,84.187164,-35.538139,nan
2024-06-06T16:07:08,84.187187,-35.538589,nan
2024-06-06T16:07:08,84.187218,-35.539040,nan
2024-06-06T16:07:07,84.187241,-35.539494,nan
2024-06-06T16:07:07,84.187271,-35.539955,nan
2024-06-06T16:07:06,84.187294,-35.540417,nan
2024-06-06T16:07:06,84.187325,-35.540878,nan
2024-06-06T16:07:05,84.187355,-35.541344,nan
2024-06-06T16:07:05,84.187378,-35.541805,nan
2024-06-06T16:07:04,84.187408,-35.542263,nan
2024-06-06T16:07:04,84.187431,-35.542721,nan
2024-06-06T16:07:03,84.187462,-35.543175,nan
2024-06-06T16:07:03,84.187485,-35.543625,nan
2024-06-06T16:07:02,84.187515,-35.544079,nan
2024-06-06T16:07:02,84.187538,-35.544529,nan
2024-06-06T16:07:01,84.187561,-35.544979,nan
2024-06-06T16:07:01,84.187592,-35.545433,nan
2024-06-06T16:07:00,84.187614,-35.545891,nan
2024-06-06T16:07:00,84.187645,-35.546349,nan
2024-06-06T16:06:59,84.187668,-35.546814,nan
2024-06-06T16:06:59,84.187698,-35.547279,nan
2024-06-06T16:06:58,84.187721,-35.547749,nan
2024-06-06T16:06:58,84.187744,-35.548218,nan
2024-06-06T16:06:57,84.187767,-35.548687,nan
2024-06-06T16:06:57,84.187790,-35.549156,nan
2024-06-06T16:06:56,84.187813,-35.549622,nan
2024-06-06T16:06:56,84.187843,-35.550083,nan
2024-06-06T16:06:55,84.187866,-35.550541,nan
2024-06-06T16:06:55,84.187889,-35.550999,nan
2024-06-06T16:06:54,84.187912,-35.551453,nan
2024-06-06T16:06:54,84.187943,-35.551907,nan
2024-06-06T16:06:53,84.187965,-35.552361,nan
2024-06-06T16:06:53,84.187988,-35.552818,nan
2024-06-06T16:06:52,84.188019,-35.553276,nan
2024-06-06T16:06:52,84.188042,-35.553738,nan
2024-06-06T16:06:51,84.188072,-35.554199,nan
2024-06-06T16:06:51,84.188103,-35.554668,nan
2024-06-06T16:06:50,84.188126,-35.555138,nan
2024-06-06T16:06:50,84.188148,-35.555607,nan
2024-06-06T16:06:49,84.188179,-35.556076,nan
2024-06-06T16:06:49,84.188202,-35.556541,nan
2024-06-06T16:06:48,84.188225,-35.557011,nan
2024-06-06T16:06:48,84.188248,-35.557472,nan
2024-06-06T16:06:47,84.188271,-35.557938,nan
2024-06-06T16:06:47,84.188293,-35.558399,nan
2024-06-06T16:06:46,84.188316,-35.558865,nan
2024-06-06T16:06:46,84.188339,-35.559334,nan
2024-06-06T16:06:45,84.188362,-35.559807,nan
2024-06-06T16:06:45,84.188385,-35.560284,nan
2024-06-06T16:06:44,84.188408,-35.560764,nan
2024-06-06T16:06:44,84.188431,-35.561253,nan
2024-06-06T16:06:43,84.188446,-35.561745,nan
2024-06-06T16:06:43,84.188469,-35.562237,nan
2024-06-06T16:06:42,84.188484,-35.562733,nan
2024-06-06T16:06:42,84.188499,-35.563225,nan
2024-06-06T16:06:41,84.188522,-35.563717,nan
2024-06-06T16:06:41,84.188538,-35.564205,nan
2024-06-06T16:06:40,84.188560,-35.564693,nan
2024-06-06T16:06:40,84.188576,-35.565182,nan
2024-06-06T16:06:39,84.188599,-35.565670,nan
2024-06-06T16:06:39,84.188622,-35.566158,nan
2024-06-06T16:06:38,84.188637,-35.566647,nan
2024-06-06T16:06:38,84.188660,-35.567135,nan
2024-06-06T16:06:37,84.188683,-35.567623,nan
2024-06-06T16:06:37,84.188705,-35.568115,nan
2024-06-06T16:06:36,84.188728,-35.568607,nan
2024-06-06T16:06:36,84.188751,-35.569103,nan
2024-06-06T16:06:35,84.188774,-35.569599,nan
2024-06-06T16:06:35,84.188797,-35.570099,nan
2024-06-06T16:06:34,84.188828,-35.570599,nan
2024-06-06T16:06:34,84.188850,-35.571095,nan
2024-06-06T16:06:33,84.188873,-35.571594,nan
2024-06-06T16:06:33,84.188896,-35.572090,nan
2024-06-06T16:06:32,84.188919,-35.572590,nan
2024-06-06T16:06:32,84.188950,-35.573086,nan
2024-06-06T16:06:31,84.188972,-35.573578,nan
2024-06-06T16:06:31,84.188995,-35.574070,nan
2024-06-06T16:06:30,84.189026,-35.574558,nan
2024-06-06T16:06:30,84.189049,-35.575047,nan
2024-06-06T16:06:29,84.189079,-35.575535,nan
2024-06-06T16:06:29,84.189102,-35.576015,nan
2024-06-06T16:06:28,84.189133,-35.576492,nan
2024-06-06T16:06:28,84.189163,-35.576962,nan
2024-06-06T16:06:27,84.189194,-35.577427,nan
2024-06-06T16:06:27,84.189224,-35.577892,nan
2024-06-06T16:06:26,84.189255,-35.578354,nan
2024-06-06T16:06:26,84.189285,-35.578819,nan
2024-06-06T16:06:25,84.189316,-35.579288,nan
2024-06-06T16:06:25,84.189346,-35.579758,nan
2024-06-06T16:06:24,84.189377,-35.580231,nan
2024-06-06T16:06:24,84.189407,-35.580704,nan
2024-06-06T16:06:23,84.189438,-35.581173,nan
2024-06-06T16:06:23,84.189468,-35.581642,nan
2024-06-06T16:06:22,84.189499,-35.582108,nan
2024-06-06T16:06:22,84.189529,-35.582569,nan
2024-06-06T16:06:21,84.189552,-35.583031,nan
2024-06-06T16:06:21,84.189583,-35.583485,nan
2024-06-06T16:06:20,84.189613,-35.583939,nan
2024-06-06T16:06:20,84.189644,-35.584385,nan
2024-06-06T16:06:19,84.189674,-35.584831,nan
2024-06-06T16:06:19,84.189705,-35.585278,nan
2024-06-06T16:06:18,84.189735,-35.585720,nan
2024-06-06T16:06:18,84.189766,-35.586159,nan
2024-06-06T16:06:17,84.189796,-35.586601,nan
2024-06-06T16:06:17,84.189827,-35.587048,nan
2024-06-06T16:06:16,84.189857,-35.587494,nan
2024-06-06T16:06:16,84.189896,-35.587940,nan
2024-06-06T16:06:15,84.189919,-35.588390,nan
2024-06-06T16:06:15,84.189949,-35.588840,nan
2024-06-06T16:06:14,84.189980,-35.589287,nan
2024-06-06T16:06:14,84.190010,-35.589733,nan
2024-06-06T16:06:13,84.190033,-35.590179,nan
2024-06-06T16:06:13,84.190063,-35.590618,nan
2024-06-06T16:06:12,84.190086,-35.591064,nan
2024-06-06T16:06:12,84.190117,-35.591507,nan
2024-06-06T16:06:11,84.190140,-35.591953,nan
2024-06-06T16:06:11,84.190170,-35.592400,nan
2024-06-06T16:06:10,84.190193,-35.592850,nan
2024-06-06T16:06:10,84.190224,-35.593304,nan
2024-06-06T16:06:09,84.190247,-35.593758,nan
2024-06-06T16:06:09,84.190269,-35.594212,nan
2024-06-06T16:06:08,84.190292,-35.594669,nan
2024-06-06T16:06:08,84.190315,-35.595127,nan
2024-06-06T16:06:07,84.190338,-35.595589,nan
2024-06-06T16:06:07,84.190361,-35.596050,nan
2024-06-06T16:06:06,84.190384,-35.596508,nan
2024-06-06T16:06:06,84.190407,-35.596966,nan
2024-06-06T16:06:05,84.190430,-35.597424,nan
2024-06-06T16:06:05,84.190453,-35.597881,nan
2024-06-06T16:06:04,84.190468,-35.598335,nan
2024-06-06T16:06:04,84.190491,-35.598785,nan
2024-06-06T16:06:03,84.190514,-35.599236,nan
2024-06-06T16:06:03,84.190536,-35.599682,nan
2024-06-06T16:06:02,84.190552,-35.600132,nan
2024-06-06T16:06:02,84.190575,-35.600578,nan
2024-06-06T16:06:01,84.190598,-35.601028,nan
2024-06-06T16:06:01,84.190613,-35.601475,nan
2024-06-06T16:06:00,84.190636,-35.601921,nan
2024-06-06T16:06:00,84.190651,-35.602364,nan
2024-06-06T16:05:59,84.190666,-35.602814,nan
2024-06-06T16:05:59,84.190689,-35.603260,nan
2024-06-06T16:05:58,84.190704,-35.603706,nan
2024-06-06T16:05:58,84.190720,-35.604153,nan
2024-06-06T16:05:57,84.190735,-35.604591,nan
2024-06-06T16:05:57,84.190758,-35.605026,nan
2024-06-06T16:05:56,84.190773,-35.605461,nan
2024-06-06T16:05:56,84.190788,-35.605892,nan
2024-06-06T16:05:55,84.190811,-35.606323,nan
2024-06-06T16:05:55,84.190826,-35.606750,nan
2024-06-06T16:05:54,84.190842,-35.607178,nan
2024-06-06T16:05:54,84.190865,-35.607597,nan
2024-06-06T16:05:53,84.190880,-35.608017,nan
2024-06-06T16:05:53,84.190895,-35.608433,nan
2024-06-06T16:05:52,84.190910,-35.608849,nan
2024-06-06T16:05:52,84.190926,-35.609264,nan
2024-06-06T16:05:51,84.190941,-35.609680,nan
2024-06-06T16:05:51,84.190956,-35.610092,nan
2024-06-06T16:05:50,84.190964,-35.610508,nan
2024-06-06T16:05:50,84.190979,-35.610920,nan
2024-06-06T16:05:49,84.190987,-35.611328,nan
2024-06-06T16:05:49,84.191002,-35.611736,nan
2024-06-06T16:05:48,84.191010,-35.612144,nan
2024-06-06T16:05:48,84.191025,-35.612553,nan
2024-06-06T16:05:47,84.191040,-35.612957,nan
2024-06-06T16:05:47,84.191055,-35.613361,nan
2024-06-06T16:05:46,84.191071,-35.613766,nan
2024-06-06T16:05:46,84.191078,-35.614174,nan
2024-06-06T16:05:45,84.191101,-35.614586,nan
2024-06-06T16:05:45,84.191116,-35.614994,nan
2024-06-06T16:05:44,84.191132,-35.615402,nan
2024-06-06T16:05:44,84.191147,-35.615810,nan
2024-06-06T16:05:43,84.191170,-35.616207,nan
2024-06-06T16:05:43,84.191193,-35.616596,nan
2024-06-06T16:05:42,84.191208,-35.616974,nan
2024-06-06T16:05:42,84.191231,-35.617344,nan
2024-06-06T16:05:41,84.191254,-35.617702,nan
2024-06-06T16:05:41,84.191277,-35.618061,nan
2024-06-06T16:05:40,84.191299,-35.618416,nan
2024-06-06T16:05:40,84.191322,-35.618771,nan
2024-06-06T16:05:39,84.191345,-35.619129,nan
2024-06-06T16:05:39,84.191368,-35.619488,nan
2024-06-06T16:05:38,84.191391,-35.619854,nan
2024-06-06T16:05:38,84.191406,-35.620224,nan
2024-06-06T16:05:37,84.191429,-35.620598,nan
2024-06-06T16:05:37,84.191444,-35.620964,nan
2024-06-06T16:05:36,84.191460,-35.621326,nan
2024-06-06T16:05:36,84.191483,-35.621689,nan
2024-06-06T16:05:35,84.191498,-35.622051,nan
2024-06-06T16:05:35,84.191521,-35.622414,nan
2024-06-06T16:05:34,84.191536,-35.622776,nan
2024-06-06T16:05:34,84.191551,-35.623138,nan
2024-06-06T16:05:33,84.191574,-35.623501,nan
2024-06-06T16:05:33,84.191589,-35.623856,nan
2024-06-06T16:05:32,84.191612,-35.624214,nan
2024-06-06T16:05:32,84.191628,-35.624565,nan
2024-06-06T16:05:31,84.191650,-35.624908,nan
2024-06-06T16:05:31,84.191666,-35.625240,nan
2024-06-06T16:05:30,84.191689,-35.625565,nan
2024-06-06T16:05:30,84.191704,-35.625881,nan
2024-06-06T16:05:29,84.191727,-35.626190,nan
2024-06-06T16:05:29,84.191742,-35.626495,nan
2024-06-06T16:05:28,84.191750,-35.626797,nan
2024-06-06T16:05:28,84.191765,-35.627094,nan
2024-06-06T16:05:27,84.191780,-35.627388,nan
2024-06-06T16:05:27,84.191795,-35.627678,nan
2024-06-06T16:05:26,84.191803,-35.627979,nan
2024-06-06T16:05:26,84.191811,-35.628277,nan
2024-06-06T16:05:25,84.191826,-35.628578,nan
2024-06-06T16:05:25,84.191833,-35.628887,nan
2024-06-06T16:05:24,84.191849,-35.629200,nan
2024-06-06T16:05:24,84.191856,-35.629513,nan
2024-06-06T16:05:23,84.191864,-35.629826,nan
2024-06-06T16:05:23,84.191872,-35.630138,nan
2024-06-06T16:05:22,84.191887,-35.630447,nan
2024-06-06T16:05:22,84.191895,-35.630753,nan
2024-06-06T16:05:21,84.191895,-35.631050,nan
2024-06-06T16:05:21,84.191902,-35.631351,nan
2024-06-06T16:05:20,84.191910,-35.631657,nan
2024-06-06T16:05:20,84.191910,-35.631958,nan
2024-06-06T16:05:19,84.191910,-35.632263,nan
2024-06-06T16:05:19,84.191910,-35.632565,nan
2024-06-06T16:05:18,84.191910,-35.632866,nan
2024-06-06T16:05:18,84.191910,-35.633175,nan
2024-06-06T16:05:17,84.191917,-35.633484,nan
2024-06-06T16:05:17,84.191917,-35.633793,nan
2024-06-06T16:05:16,84.191917,-35.634102,nan
2024-06-06T16:05:16,84.191917,-35.634418,nan
2024-06-06T16:05:15,84.191917,-35.634743,nan
2024-06-06T16:05:15,84.191917,-35.635067,nan
2024-06-06T16:05:14,84.191917,-35.635391,nan
2024-06-06T16:05:14,84.191925,-35.635719,nan
2024-06-06T16:05:13,84.191925,-35.636040,nan
2024-06-06T16:05:13,84.191925,-35.636356,nan
2024-06-06T16:05:12,84.191933,-35.636669,nan
2024-06-06T16:05:12,84.191933,-35.636974,nan
2024-06-06T16:05:11,84.191933,-35.637276,nan
2024-06-06T16:05:11,84.191940,-35.637577,nan
2024-06-06T16:05:10,84.191940,-35.637875,nan
2024-06-06T16:05:10,84.191948,-35.638172,nan
2024-06-06T16:05:09,84.191948,-35.638466,nan
2024-06-06T16:05:09,84.191956,-35.638756,nan
2024-06-06T16:05:08,84.191956,-35.639050,nan
2024-06-06T16:05:08,84.191963,-35.639343,nan
2024-06-06T16:05:07,84.191963,-35.639633,nan
2024-06-06T16:05:07,84.191971,-35.639915,nan
2024-06-06T16:05:06,84.191971,-35.640202,nan
2024-06-06T16:05:06,84.191978,-35.640491,nan
2024-06-06T16:05:05,84.191978,-35.640781,nan
2024-06-06T16:05:05,84.191986,-35.641075,nan
2024-06-06T16:05:04,84.191986,-35.641373,nan
2024-06-06T16:05:04,84.191994,-35.641670,nan
2024-06-06T16:05:03,84.191994,-35.641979,nan
2024-06-06T16:05:03,84.192001,-35.642296,nan
2024-06-06T16:05:02,84.192009,-35.642612,nan
2024-06-06T16:05:02,84.192009,-35.642937,nan
2024-06-06T16:05:01,84.192017,-35.643261,nan
2024-06-06T16:05:01,84.192017,-35.643589,nan
2024-06-06T16:05:00,84.192024,-35.643921,nan
2024-06-06T16:05:00,84.192024,-35.644241,nan
2024-06-06T16:04:59,84.192024,-35.644550,nan
2024-06-06T16:04:59,84.192032,-35.644852,nan
2024-06-06T16:04:58,84.192032,-35.645142,nan
2024-06-06T16:04:58,84.192039,-35.645416,nan
2024-06-06T16:04:57,84.192039,-35.645679,nan
2024-06-06T16:04:57,84.192047,-35.645939,nan
2024-06-06T16:04:56,84.192047,-35.646198,nan
2024-06-06T16:04:56,84.192055,-35.646454,nan
2024-06-06T16:04:55,84.192055,-35.646717,nan
2024-06-06T16:04:55,84.192055,-35.646973,nan
2024-06-06T16:04:54,84.192062,-35.647217,nan
2024-06-06T16:04:54,84.192062,-35.647453,nan
2024-06-06T16:04:53,84.192070,-35.647690,nan
2024-06-06T16:04:53,84.192078,-35.647919,nan
2024-06-06T16:04:52,84.192078,-35.648151,nan
2024-06-06T16:04:52,84.192085,-35.648380,nan
2024-06-06T16:04:51,84.192093,-35.648605,nan
2024-06-06T16:04:51,84.192101,-35.648827,nan
2024-06-06T16:04:50,84.192108,-35.649048,nan
2024-06-06T16:04:50,84.192108,-35.649273,nan
2024-06-06T16:04:49,84.192116,-35.649490,nan
2024-06-06T16:04:49,84.192116,-35.649704,nan
2024-06-06T16:04:48,84.192116,-35.649906,nan
2024-06-06T16:04:48,84.192116,-35.650112,nan
2024-06-06T16:04:47,84.192108,-35.650314,nan
2024-06-06T16:04:47,84.192108,-35.650520,nan
2024-06-06T16:04:46,84.192101,-35.650730,nan
2024-06-06T16:04:46,84.192101,-35.650940,nan
2024-06-06T16:04:45,84.192101,-35.651150,nan
2024-06-06T16:04:45,84.192093,-35.651360,nan
2024-06-06T16:04:44,84.192093,-35.651566,nan
2024-06-06T16:04:44,84.192085,-35.651768,nan
2024-06-06T16:04:43,84.192085,-35.651962,nan
2024-06-06T16:04:43,84.192085,-35.652145,nan
2024-06-06T16:04:42,84.192078,-35.652321,nan
2024-06-06T16:04:42,84.192078,-35.652481,nan
2024-06-06T16:04:41,84.192078,-35.652634,nan
2024-06-06T16:04:41,84.192070,-35.652767,nan
2024-06-06T16:04:40,84.192070,-35.652897,nan
2024-06-06T16:04:40,84.192070,-35.653015,nan
2024-06-06T16:04:39,84.192078,-35.653126,nan
2024-06-06T16:04:39,84.192078,-35.653229,nan
2024-06-06T16:04:38,84.192085,-35.653320,nan
2024-06-06T16:04:38,84.192093,-35.653404,nan
2024-06-06T16:04:37,84.192101,-35.653477,nan
2024-06-06T16:04:37,84.192101,-35.653545,nan
2024-06-06T16:04:36,84.192108,-35.653603,nan
2024-06-06T16:04:36,84.192108,-35.653652,nan
2024-06-06T16:04:35,84.192116,-35.653706,nan
2024-06-06T16:04:35,84.192116,-35.653767,nan
2024-06-06T16:04:34,84.192116,-35.653835,nan
2024-06-06T16:04:34,84.192116,-35.653912,nan
2024-06-06T16:04:33,84.192116,-35.654003,nan
2024-06-06T16:04:33,84.192116,-35.654099,nan
2024-06-06T16:04:32,84.192116,-35.654205,nan
2024-06-06T16:04:32,84.192116,-35.654308,nan
2024-06-06T16:04:31,84.192108,-35.654423,nan
2024-06-06T16:04:31,84.192108,-35.654552,nan
2024-06-06T16:04:30,84.192108,-35.654686,nan
2024-06-06T16:04:30,84.192101,-35.654819,nan
2024-06-06T16:04:29,84.192093,-35.654961,nan
2024-06-06T16:04:29,84.192085,-35.655094,nan
2024-06-06T16:04:28,84.192078,-35.655228,nan
2024-06-06T16:04:28,84.192070,-35.655357,nan
2024-06-06T16:04:27,84.192062,-35.655491,nan
2024-06-06T16:04:27,84.192047,-35.655617,nan
2024-06-06T16:04:26,84.192039,-35.655739,nan
2024-06-06T16:04:26,84.192032,-35.655861,nan
2024-06-06T16:04:25,84.192017,-35.655983,nan
2024-06-06T16:04:25,84.192009,-35.656116,nan
2024-06-06T16:04:24,84.191994,-35.656246,nan
2024-06-06T16:04:24,84.191986,-35.656364,nan
2024-06-06T16:04:23,84.191971,-35.656483,nan
2024-06-06T16:04:23,84.191956,-35.656597,nan
2024-06-06T16:04:22,84.191940,-35.656715,nan
2024-06-06T16:04:22,84.191933,-35.656845,nan
2024-06-06T16:04:21,84.191925,-35.656982,nan
2024-06-06T16:04:21,84.191910,-35.657127,nan
2024-06-06T16:04:20,84.191902,-35.657288,nan
2024-06-06T16:04:20,84.191895,-35.657455,nan
2024-06-06T16:04:19,84.191895,-35.657623,nan
2024-06-06T16:04:19,84.191887,-35.657806,nan
2024-06-06T16:04:18,84.191887,-35.657997,nan
2024-06-06T16:04:18,84.191879,-35.658184,nan
2024-06-06T16:04:17,84.191872,-35.658379,nan
2024-06-06T16:04:17,84.191872,-35.658562,nan
2024-06-06T16:04:16,84.191864,-35.658752,nan
2024-06-06T16:04:16,84.191856,-35.658943,nan
2024-06-06T16:04:15,84.191841,-35.659084,nan
2024-06-06T16:04:15,84.191826,-35.659233,nan
2024-06-06T16:04:14,84.191818,-35.659397,nan
2024-06-06T16:04:14,84.191818,-35.659527,nan
2024-06-06T16:04:13,84.191826,-35.660255,nan
2024-06-06T16:04:13,84.191818,-35.662231,nan
2024-06-06T16:04:12,84.191818,-35.667660,nan
2024-06-06T16:04:07,84.191864,-35.656696,nan
2024-06-06T16:04:07,84.191872,-35.648190,nan
2024-06-06T16:04:06,84.191910,-35.639431,nan
