datetime,lat,lon,elev
2024-05-30T16:10:54,83.606667,-50.893639,nan
2024-05-30T16:10:53,83.606667,-50.893642,nan
2024-05-30T16:10:53,83.606667,-50.893646,nan
2024-05-30T16:10:52,83.606667,-50.893646,nan
2024-05-30T16:10:52,83.606659,-50.893646,nan
2024-05-30T16:10:51,83.606659,-50.893650,nan
2024-05-30T16:10:51,83.606659,-50.893654,nan
2024-05-30T16:10:50,83.606659,-50.893654,nan
2024-05-30T16:10:50,83.606659,-50.893658,nan
2024-05-30T16:10:49,83.606659,-50.893661,nan
2024-05-30T16:10:49,83.606659,-50.893661,nan
2024-05-30T16:10:48,83.606659,-50.893665,nan
2024-05-30T16:10:48,83.606659,-50.893665,nan
2024-05-30T16:10:47,83.606659,-50.893669,nan
2024-05-30T16:10:47,83.606659,-50.893669,nan
2024-05-30T16:10:46,83.606659,-50.893673,nan
2024-05-30T16:10:46,83.606659,-50.893677,nan
2024-05-30T16:10:45,83.606659,-50.893677,nan
2024-05-30T16:10:45,83.606659,-50.893681,nan
2024-05-30T16:10:44,83.606659,-50.893684,nan
2024-05-30T16:10:44,83.606659,-50.893684,nan
2024-05-30T16:10:43,83.606659,-50.893688,nan
2024-05-30T16:10:43,83.606659,-50.893688,nan
2024-05-30T16:10:42,83.606659,-50.893692,nan
2024-05-30T16:10:42,83.606659,-50.893696,nan
2024-05-30T16:10:41,83.606659,-50.893700,nan
2024-05-30T16:10:41,83.606659,-50.893703,nan
2024-05-30T16:10:40,83.606659,-50.893703,nan
2024-05-30T16:10:40,83.606659,-50.893707,nan
2024-05-30T16:10:39,83.606659,-50.893711,nan
2024-05-30T16:10:39,83.606659,-50.893715,nan
2024-05-30T16:10:38,83.606659,-50.893719,nan
2024-05-30T16:10:38,83.606659,-50.893719,nan
2024-05-30T16:10:37,83.606659,-50.893723,nan
2024-05-30T16:10:37,83.606659,-50.893726,nan
2024-05-30T16:10:36,83.606659,-50.893730,nan
2024-05-30T16:10:36,83.606659,-50.893734,nan
2024-05-30T16:10:35,83.606659,-50.893738,nan
2024-05-30T16:10:35,83.606659,-50.893738,nan
2024-05-30T16:10:34,83.606659,-50.893742,nan
2024-05-30T16:10:34,83.606659,-50.893745,nan
2024-05-30T16:10:33,83.606659,-50.893749,nan
2024-05-30T16:10:33,83.606659,-50.893749,nan
2024-05-30T16:10:32,83.606659,-50.893753,nan
2024-05-30T16:10:32,83.606659,-50.893757,nan
2024-05-30T16:10:31,83.606659,-50.893757,nan
2024-05-30T16:10:31,83.606659,-50.893761,nan
2024-05-30T16:10:30,83.606659,-50.893761,nan
2024-05-30T16:10:30,83.606659,-50.893764,nan
2024-05-30T16:10:29,83.606659,-50.893768,nan
2024-05-30T16:10:29,83.606659,-50.893768,nan
2024-05-30T16:10:28,83.606659,-50.893772,nan
2024-05-30T16:10:28,83.606659,-50.893776,nan
2024-05-30T16:10:27,83.606659,-50.893780,nan
2024-05-30T16:10:27,83.606659,-50.893780,nan
2024-05-30T16:10:26,83.606659,-50.893784,nan
2024-05-30T16:10:26,83.606659,-50.893787,nan
2024-05-30T16:10:25,83.606659,-50.893787,nan
2024-05-30T16:10:25,83.606659,-50.893791,nan
2024-05-30T16:10:24,83.606659,-50.893791,nan
2024-05-30T16:10:24,83.606659,-50.893795,nan
2024-05-30T16:10:23,83.606659,-50.893795,nan
2024-05-30T16:10:23,83.606659,-50.893799,nan
2024-05-30T16:10:22,83.606651,-50.893803,nan
2024-05-30T16:10:22,83.606651,-50.893806,nan
2024-05-30T16:10:21,83.606651,-50.893806,nan
2024-05-30T16:10:21,83.606651,-50.893810,nan
2024-05-30T16:10:20,83.606651,-50.893814,nan
2024-05-30T16:10:20,83.606651,-50.893818,nan
2024-05-30T16:10:19,83.606651,-50.893818,nan
2024-05-30T16:10:19,83.606651,-50.893822,nan
2024-05-30T16:10:18,83.606651,-50.893822,nan
2024-05-30T16:10:18,83.606651,-50.893826,nan
2024-05-30T16:10:17,83.606651,-50.893826,nan
2024-05-30T16:10:17,83.606651,-50.893829,nan
2024-05-30T16:10:16,83.606651,-50.893829,nan
2024-05-30T16:10:16,83.606651,-50.893833,nan
2024-05-30T16:10:15,83.606651,-50.893837,nan
2024-05-30T16:10:15,83.606651,-50.893837,nan
2024-05-30T16:10:14,83.606651,-50.893841,nan
2024-05-30T16:10:14,83.606651,-50.893845,nan
2024-05-30T16:10:13,83.606651,-50.893845,nan
2024-05-30T16:10:13,83.606651,-50.893848,nan
2024-05-30T16:10:12,83.606651,-50.893848,nan
2024-05-30T16:10:12,83.606651,-50.893852,nan
2024-05-30T16:10:11,83.606651,-50.893856,nan
2024-05-30T16:10:11,83.606651,-50.893860,nan
2024-05-30T16:10:10,83.606651,-50.893860,nan
2024-05-30T16:10:10,83.606651,-50.893864,nan
2024-05-30T16:10:09,83.606651,-50.893867,nan
2024-05-30T16:10:09,83.606651,-50.893871,nan
2024-05-30T16:10:08,83.606651,-50.893875,nan
2024-05-30T16:10:08,83.606651,-50.893875,nan
2024-05-30T16:10:07,83.606651,-50.893879,nan
2024-05-30T16:10:07,83.606651,-50.893883,nan
2024-05-30T16:10:06,83.606651,-50.893883,nan
2024-05-30T16:10:06,83.606651,-50.893887,nan
2024-05-30T16:10:05,83.606651,-50.893890,nan
2024-05-30T16:10:05,83.606651,-50.893890,nan
2024-05-30T16:10:04,83.606651,-50.893894,nan
2024-05-30T16:10:04,83.606651,-50.893898,nan
2024-05-30T16:10:03,83.606651,-50.893898,nan
2024-05-30T16:10:03,83.606651,-50.893902,nan
2024-05-30T16:10:02,83.606651,-50.893902,nan
2024-05-30T16:10:02,83.606651,-50.893906,nan
2024-05-30T16:10:01,83.606651,-50.893906,nan
2024-05-30T16:10:01,83.606651,-50.893909,nan
2024-05-30T16:10:00,83.606651,-50.893913,nan
2024-05-30T16:10:00,83.606651,-50.893913,nan
2024-05-30T16:09:59,83.606651,-50.893917,nan
2024-05-30T16:09:59,83.606651,-50.893921,nan
2024-05-30T16:09:58,83.606651,-50.893921,nan
2024-05-30T16:09:58,83.606651,-50.893925,nan
2024-05-30T16:09:57,83.606651,-50.893929,nan
2024-05-30T16:09:57,83.606651,-50.893929,nan
2024-05-30T16:09:56,83.606651,-50.893932,nan
2024-05-30T16:09:56,83.606651,-50.893936,nan
2024-05-30T16:09:55,83.606651,-50.893936,nan
2024-05-30T16:09:55,83.606651,-50.893940,nan
2024-05-30T16:09:54,83.606651,-50.893944,nan
2024-05-30T16:09:54,83.606651,-50.893948,nan
2024-05-30T16:09:53,83.606651,-50.893948,nan
2024-05-30T16:09:53,83.606651,-50.893951,nan
2024-05-30T16:09:52,83.606651,-50.893955,nan
2024-05-30T16:09:52,83.606651,-50.893959,nan
2024-05-30T16:09:51,83.606651,-50.893963,nan
2024-05-30T16:09:51,83.606651,-50.893963,nan
2024-05-30T16:09:50,83.606651,-50.893967,nan
2024-05-30T16:09:50,83.606651,-50.893970,nan
2024-05-30T16:09:49,83.606651,-50.893970,nan
2024-05-30T16:09:49,83.606651,-50.893974,nan
2024-05-30T16:09:48,83.606651,-50.893974,nan
2024-05-30T16:09:48,83.606651,-50.893978,nan
2024-05-30T16:09:47,83.606651,-50.893978,nan
2024-05-30T16:09:47,83.606651,-50.893982,nan
2024-05-30T16:09:46,83.606651,-50.893986,nan
2024-05-30T16:09:46,83.606651,-50.893986,nan
2024-05-30T16:09:45,83.606651,-50.893990,nan
2024-05-30T16:09:45,83.606651,-50.893990,nan
2024-05-30T16:09:44,83.606651,-50.893993,nan
2024-05-30T16:09:44,83.606651,-50.893997,nan
2024-05-30T16:09:43,83.606651,-50.893997,nan
2024-05-30T16:09:43,83.606651,-50.894001,nan
2024-05-30T16:09:42,83.606651,-50.894005,nan
2024-05-30T16:09:42,83.606651,-50.894005,nan
2024-05-30T16:09:41,83.606651,-50.894009,nan
2024-05-30T16:09:41,83.606651,-50.894012,nan
2024-05-30T16:09:40,83.606651,-50.894012,nan
2024-05-30T16:09:40,83.606651,-50.894016,nan
2024-05-30T16:09:39,83.606651,-50.894016,nan
2024-05-30T16:09:39,83.606651,-50.894020,nan
2024-05-30T16:09:38,83.606651,-50.894024,nan
2024-05-30T16:09:38,83.606651,-50.894024,nan
2024-05-30T16:09:37,83.606651,-50.894028,nan
2024-05-30T16:09:37,83.606651,-50.894032,nan
2024-05-30T16:09:36,83.606651,-50.894032,nan
2024-05-30T16:09:36,83.606651,-50.894035,nan
2024-05-30T16:09:35,83.606651,-50.894035,nan
2024-05-30T16:09:35,83.606651,-50.894039,nan
2024-05-30T16:09:34,83.606651,-50.894039,nan
2024-05-30T16:09:34,83.606651,-50.894043,nan
2024-05-30T16:09:33,83.606651,-50.894047,nan
2024-05-30T16:09:33,83.606651,-50.894047,nan
2024-05-30T16:09:32,83.606651,-50.894051,nan
2024-05-30T16:09:32,83.606651,-50.894051,nan
2024-05-30T16:09:31,83.606651,-50.894054,nan
2024-05-30T16:09:31,83.606651,-50.894054,nan
2024-05-30T16:09:30,83.606651,-50.894058,nan
2024-05-30T16:09:30,83.606644,-50.894058,nan
2024-05-30T16:09:29,83.606644,-50.894062,nan
2024-05-30T16:09:29,83.606644,-50.894062,nan
2024-05-30T16:09:28,83.606644,-50.894066,nan
2024-05-30T16:09:28,83.606644,-50.894066,nan
2024-05-30T16:09:27,83.606644,-50.894070,nan
2024-05-30T16:09:27,83.606644,-50.894070,nan
2024-05-30T16:09:26,83.606644,-50.894073,nan
2024-05-30T16:09:26,83.606644,-50.894077,nan
2024-05-30T16:09:25,83.606644,-50.894077,nan
2024-05-30T16:09:25,83.606644,-50.894077,nan
2024-05-30T16:09:24,83.606644,-50.894081,nan
2024-05-30T16:09:24,83.606644,-50.894081,nan
2024-05-30T16:09:23,83.606644,-50.894085,nan
2024-05-30T16:09:23,83.606644,-50.894085,nan
2024-05-30T16:09:22,83.606644,-50.894089,nan
2024-05-30T16:09:22,83.606644,-50.894089,nan
2024-05-30T16:09:21,83.606644,-50.894093,nan
2024-05-30T16:09:21,83.606644,-50.894093,nan
2024-05-30T16:09:20,83.606644,-50.894096,nan
2024-05-30T16:09:20,83.606644,-50.894096,nan
2024-05-30T16:09:19,83.606644,-50.894100,nan
2024-05-30T16:09:19,83.606644,-50.894100,nan
2024-05-30T16:09:18,83.606644,-50.894104,nan
2024-05-30T16:09:18,83.606644,-50.894104,nan
2024-05-30T16:09:17,83.606644,-50.894108,nan
2024-05-30T16:09:17,83.606644,-50.894108,nan
2024-05-30T16:09:16,83.606644,-50.894112,nan
2024-05-30T16:09:16,83.606644,-50.894115,nan
2024-05-30T16:09:15,83.606644,-50.894115,nan
2024-05-30T16:09:15,83.606644,-50.894119,nan
2024-05-30T16:09:14,83.606644,-50.894123,nan
2024-05-30T16:09:14,83.606644,-50.894127,nan
2024-05-30T16:09:13,83.606644,-50.894127,nan
2024-05-30T16:09:13,83.606644,-50.894131,nan
2024-05-30T16:09:12,83.606644,-50.894135,nan
2024-05-30T16:09:12,83.606644,-50.894135,nan
2024-05-30T16:09:11,83.606644,-50.894138,nan
2024-05-30T16:09:11,83.606644,-50.894138,nan
2024-05-30T16:09:10,83.606644,-50.894138,nan
2024-05-30T16:09:10,83.606644,-50.894138,nan
2024-05-30T16:09:09,83.606644,-50.894142,nan
2024-05-30T16:09:09,83.606644,-50.894142,nan
2024-05-30T16:09:08,83.606644,-50.894142,nan
2024-05-30T16:09:08,83.606644,-50.894142,nan
2024-05-30T16:09:07,83.606644,-50.894146,nan
2024-05-30T16:09:07,83.606644,-50.894146,nan
2024-05-30T16:09:06,83.606644,-50.894150,nan
2024-05-30T16:09:06,83.606644,-50.894157,nan
2024-05-30T16:09:05,83.606644,-50.894157,nan
2024-05-30T16:09:05,83.606644,-50.894157,nan
2024-05-30T16:09:04,83.606644,-50.894161,nan
2024-05-30T16:09:04,83.606644,-50.894165,nan
2024-05-30T16:09:03,83.606644,-50.894173,nan
2024-05-30T16:09:03,83.606644,-50.894176,nan
2024-05-30T16:09:02,83.606644,-50.894180,nan
2024-05-30T16:09:02,83.606644,-50.894196,nan
2024-05-30T16:09:01,83.606644,-50.894230,nan
2024-05-30T16:09:01,83.606644,-50.894260,nan
2024-05-30T16:09:00,83.606644,-50.894192,nan
2024-05-30T16:09:00,83.606628,-50.894264,nan
2024-05-30T16:08:59,83.606606,-50.894482,nan
2024-05-30T16:08:59,83.606583,-50.894718,nan
2024-05-30T16:08:58,83.606560,-50.894955,nan
2024-05-30T16:08:58,83.606529,-50.895191,nan
2024-05-30T16:08:57,83.606506,-50.895428,nan
2024-05-30T16:08:57,83.606483,-50.895664,nan
2024-05-30T16:08:56,83.606461,-50.895908,nan
2024-05-30T16:08:56,83.606438,-50.896149,nan
2024-05-30T16:08:55,83.606415,-50.896381,nan
2024-05-30T16:08:55,83.606384,-50.896610,nan
2024-05-30T16:08:54,83.606361,-50.896839,nan
2024-05-30T16:08:54,83.606339,-50.897060,nan
2024-05-30T16:08:53,83.606316,-50.897282,nan
2024-05-30T16:08:53,83.606293,-50.897495,nan
2024-05-30T16:08:52,83.606262,-50.897709,nan
2024-05-30T16:08:52,83.606239,-50.897919,nan
2024-05-30T16:08:51,83.606216,-50.898129,nan
2024-05-30T16:08:51,83.606194,-50.898335,nan
2024-05-30T16:08:50,83.606171,-50.898540,nan
2024-05-30T16:08:50,83.606140,-50.898743,nan
2024-05-30T16:08:49,83.606117,-50.898945,nan
2024-05-30T16:08:49,83.606094,-50.899155,nan
2024-05-30T16:08:48,83.606071,-50.899368,nan
2024-05-30T16:08:48,83.606049,-50.899582,nan
2024-05-30T16:08:47,83.606026,-50.899792,nan
2024-05-30T16:08:47,83.606003,-50.900005,nan
2024-05-30T16:08:46,83.605972,-50.900215,nan
2024-05-30T16:08:46,83.605949,-50.900429,nan
2024-05-30T16:08:45,83.605927,-50.900654,nan
2024-05-30T16:08:45,83.605904,-50.900883,nan
2024-05-30T16:08:44,83.605881,-50.901115,nan
2024-05-30T16:08:44,83.605858,-50.901360,nan
2024-05-30T16:08:43,83.605835,-50.901604,nan
2024-05-30T16:08:43,83.605812,-50.901848,nan
2024-05-30T16:08:42,83.605789,-50.902092,nan
2024-05-30T16:08:42,83.605759,-50.902336,nan
2024-05-30T16:08:41,83.605736,-50.902580,nan
2024-05-30T16:08:41,83.605713,-50.902821,nan
2024-05-30T16:08:40,83.605682,-50.903057,nan
2024-05-30T16:08:40,83.605659,-50.903297,nan
2024-05-30T16:08:39,83.605637,-50.903538,nan
2024-05-30T16:08:39,83.605606,-50.903786,nan
2024-05-30T16:08:38,83.605576,-50.904034,nan
2024-05-30T16:08:38,83.605553,-50.904289,nan
2024-05-30T16:08:37,83.605522,-50.904549,nan
2024-05-30T16:08:37,83.605492,-50.904804,nan
2024-05-30T16:08:36,83.605469,-50.905064,nan
2024-05-30T16:08:36,83.605438,-50.905331,nan
2024-05-30T16:08:35,83.605408,-50.905602,nan
2024-05-30T16:08:35,83.605377,-50.905876,nan
2024-05-30T16:08:34,83.605347,-50.906143,nan
2024-05-30T16:08:34,83.605316,-50.906410,nan
2024-05-30T16:08:33,83.605286,-50.906677,nan
2024-05-30T16:08:33,83.605263,-50.906944,nan
2024-05-30T16:08:32,83.605232,-50.907215,nan
2024-05-30T16:08:32,83.605202,-50.907482,nan
2024-05-30T16:08:31,83.605171,-50.907757,nan
2024-05-30T16:08:31,83.605148,-50.908028,nan
2024-05-30T16:08:30,83.605118,-50.908298,nan
2024-05-30T16:08:30,83.605087,-50.908566,nan
2024-05-30T16:08:29,83.605064,-50.908833,nan
2024-05-30T16:08:29,83.605034,-50.909100,nan
2024-05-30T16:08:28,83.605003,-50.909363,nan
2024-05-30T16:08:28,83.604973,-50.909630,nan
2024-05-30T16:08:27,83.604942,-50.909893,nan
2024-05-30T16:08:27,83.604919,-50.910160,nan
2024-05-30T16:08:26,83.604889,-50.910423,nan
2024-05-30T16:08:26,83.604858,-50.910686,nan
2024-05-30T16:08:25,83.604836,-50.910950,nan
2024-05-30T16:08:25,83.604805,-50.911209,nan
2024-05-30T16:08:24,83.604774,-50.911469,nan
2024-05-30T16:08:24,83.604744,-50.911728,nan
2024-05-30T16:08:23,83.604721,-50.911983,nan
2024-05-30T16:08:23,83.604691,-50.912239,nan
2024-05-30T16:08:22,83.604668,-50.912495,nan
2024-05-30T16:08:22,83.604637,-50.912754,nan
2024-05-30T16:08:21,83.604607,-50.913010,nan
2024-05-30T16:08:21,83.604584,-50.913273,nan
2024-05-30T16:08:20,83.604553,-50.913536,nan
2024-05-30T16:08:20,83.604530,-50.913803,nan
2024-05-30T16:08:19,83.604500,-50.914074,nan
2024-05-30T16:08:19,83.604469,-50.914341,nan
2024-05-30T16:08:18,83.604446,-50.914608,nan
2024-05-30T16:08:18,83.604416,-50.914879,nan
2024-05-30T16:08:17,83.604393,-50.915146,nan
2024-05-30T16:08:17,83.604362,-50.915417,nan
2024-05-30T16:08:16,83.604340,-50.915684,nan
2024-05-30T16:08:16,83.604324,-50.915951,nan
2024-05-30T16:08:15,83.604301,-50.916225,nan
2024-05-30T16:08:15,83.604279,-50.916512,nan
2024-05-30T16:08:14,83.604256,-50.916813,nan
2024-05-30T16:08:14,83.604233,-50.917110,nan
2024-05-30T16:08:13,83.604218,-50.917404,nan
2024-05-30T16:08:13,83.604195,-50.917702,nan
2024-05-30T16:08:12,83.604172,-50.917992,nan
2024-05-30T16:08:12,83.604141,-50.918282,nan
2024-05-30T16:08:11,83.604118,-50.918560,nan
2024-05-30T16:08:11,83.604095,-50.918846,nan
2024-05-30T16:08:10,83.604065,-50.919128,nan
2024-05-30T16:08:10,83.604042,-50.919415,nan
2024-05-30T16:08:09,83.604012,-50.919697,nan
2024-05-30T16:08:09,83.603989,-50.919987,nan
2024-05-30T16:08:08,83.603958,-50.920273,nan
2024-05-30T16:08:08,83.603928,-50.920563,nan
2024-05-30T16:08:07,83.603897,-50.920856,nan
2024-05-30T16:08:07,83.603874,-50.921146,nan
2024-05-30T16:08:06,83.603844,-50.921444,nan
2024-05-30T16:08:06,83.603821,-50.921738,nan
2024-05-30T16:08:05,83.603790,-50.922035,nan
2024-05-30T16:08:05,83.603767,-50.922329,nan
2024-05-30T16:08:04,83.603737,-50.922626,nan
2024-05-30T16:08:04,83.603706,-50.922924,nan
2024-05-30T16:08:03,83.603683,-50.923222,nan
2024-05-30T16:08:03,83.603661,-50.923519,nan
2024-05-30T16:08:02,83.603630,-50.923817,nan
2024-05-30T16:08:02,83.603607,-50.924114,nan
2024-05-30T16:08:01,83.603577,-50.924408,nan
2024-05-30T16:08:01,83.603554,-50.924698,nan
2024-05-30T16:08:00,83.603523,-50.924988,nan
2024-05-30T16:08:00,83.603500,-50.925278,nan
2024-05-30T16:07:59,83.603470,-50.925564,nan
2024-05-30T16:07:59,83.603447,-50.925850,nan
2024-05-30T16:07:58,83.603416,-50.926132,nan
2024-05-30T16:07:58,83.603394,-50.926422,nan
2024-05-30T16:07:57,83.603363,-50.926716,nan
2024-05-30T16:07:57,83.603333,-50.927010,nan
2024-05-30T16:07:56,83.603310,-50.927299,nan
2024-05-30T16:07:56,83.603279,-50.927589,nan
2024-05-30T16:07:55,83.603249,-50.927883,nan
2024-05-30T16:07:55,83.603226,-50.928177,nan
2024-05-30T16:07:54,83.603195,-50.928471,nan
2024-05-30T16:07:54,83.603165,-50.928764,nan
2024-05-30T16:07:53,83.603134,-50.929062,nan
2024-05-30T16:07:53,83.603104,-50.929359,nan
2024-05-30T16:07:52,83.603081,-50.929661,nan
2024-05-30T16:07:52,83.603050,-50.929958,nan
2024-05-30T16:07:51,83.603020,-50.930264,nan
2024-05-30T16:07:51,83.602997,-50.930576,nan
2024-05-30T16:07:50,83.602966,-50.930893,nan
2024-05-30T16:07:50,83.602936,-50.931221,nan
2024-05-30T16:07:49,83.602913,-50.931557,nan
2024-05-30T16:07:49,83.602890,-50.931904,nan
2024-05-30T16:07:48,83.602859,-50.932251,nan
2024-05-30T16:07:48,83.602837,-50.932602,nan
2024-05-30T16:07:47,83.602814,-50.932953,nan
2024-05-30T16:07:47,83.602791,-50.933304,nan
2024-05-30T16:07:46,83.602760,-50.933647,nan
2024-05-30T16:07:46,83.602737,-50.933994,nan
2024-05-30T16:07:45,83.602715,-50.934334,nan
2024-05-30T16:07:45,83.602692,-50.934669,nan
2024-05-30T16:07:44,83.602669,-50.935001,nan
2024-05-30T16:07:44,83.602646,-50.935333,nan
2024-05-30T16:07:43,83.602623,-50.935665,nan
2024-05-30T16:07:43,83.602600,-50.936001,nan
2024-05-30T16:07:42,83.602585,-50.936340,nan
2024-05-30T16:07:42,83.602562,-50.936684,nan
2024-05-30T16:07:41,83.602547,-50.937027,nan
2024-05-30T16:07:41,83.602524,-50.937374,nan
2024-05-30T16:07:40,83.602509,-50.937717,nan
2024-05-30T16:07:40,83.602486,-50.938057,nan
2024-05-30T16:07:39,83.602470,-50.938393,nan
2024-05-30T16:07:39,83.602448,-50.938725,nan
2024-05-30T16:07:38,83.602425,-50.939049,nan
2024-05-30T16:07:38,83.602409,-50.939365,nan
2024-05-30T16:07:37,83.602386,-50.939682,nan
2024-05-30T16:07:37,83.602364,-50.939995,nan
2024-05-30T16:07:36,83.602341,-50.940304,nan
2024-05-30T16:07:36,83.602318,-50.940609,nan
2024-05-30T16:07:35,83.602303,-50.940914,nan
2024-05-30T16:07:35,83.602280,-50.941216,nan
2024-05-30T16:07:34,83.602257,-50.941513,nan
2024-05-30T16:07:34,83.602234,-50.941803,nan
2024-05-30T16:07:33,83.602211,-50.942085,nan
2024-05-30T16:07:33,83.602188,-50.942364,nan
2024-05-30T16:07:32,83.602165,-50.942638,nan
2024-05-30T16:07:32,83.602142,-50.942909,nan
2024-05-30T16:07:31,83.602119,-50.943176,nan
2024-05-30T16:07:31,83.602097,-50.943443,nan
2024-05-30T16:07:30,83.602081,-50.943714,nan
2024-05-30T16:07:30,83.602058,-50.943981,nan
2024-05-30T16:07:29,83.602036,-50.944244,nan
2024-05-30T16:07:29,83.602013,-50.944504,nan
2024-05-30T16:07:28,83.601990,-50.944763,nan
2024-05-30T16:07:28,83.601967,-50.945023,nan
2024-05-30T16:07:27,83.601936,-50.945286,nan
2024-05-30T16:07:27,83.601913,-50.945545,nan
2024-05-30T16:07:26,83.601891,-50.945805,nan
2024-05-30T16:07:26,83.601860,-50.946064,nan
2024-05-30T16:07:25,83.601837,-50.946320,nan
2024-05-30T16:07:25,83.601807,-50.946575,nan
2024-05-30T16:07:24,83.601784,-50.946831,nan
2024-05-30T16:07:24,83.601753,-50.947083,nan
2024-05-30T16:07:23,83.601730,-50.947334,nan
2024-05-30T16:07:23,83.601700,-50.947582,nan
2024-05-30T16:07:22,83.601669,-50.947830,nan
2024-05-30T16:07:22,83.601639,-50.948071,nan
2024-05-30T16:07:21,83.601608,-50.948311,nan
2024-05-30T16:07:21,83.601585,-50.948551,nan
2024-05-30T16:07:20,83.601555,-50.948788,nan
2024-05-30T16:07:20,83.601524,-50.949017,nan
2024-05-30T16:07:19,83.601494,-50.949245,nan
2024-05-30T16:07:19,83.601471,-50.949467,nan
2024-05-30T16:07:18,83.601440,-50.949688,nan
2024-05-30T16:07:18,83.601410,-50.949905,nan
2024-05-30T16:07:17,83.601379,-50.950123,nan
2024-05-30T16:07:17,83.601349,-50.950336,nan
2024-05-30T16:07:16,83.601326,-50.950546,nan
2024-05-30T16:07:16,83.601295,-50.950756,nan
2024-05-30T16:07:15,83.601265,-50.950958,nan
2024-05-30T16:07:15,83.601234,-50.951160,nan
2024-05-30T16:07:14,83.601204,-50.951359,nan
2024-05-30T16:07:14,83.601181,-50.951553,nan
2024-05-30T16:07:13,83.601151,-50.951748,nan
2024-05-30T16:07:13,83.601120,-50.951939,nan
2024-05-30T16:07:12,83.601089,-50.952126,nan
2024-05-30T16:07:12,83.601059,-50.952312,nan
2024-05-30T16:07:11,83.601028,-50.952496,nan
2024-05-30T16:07:11,83.601006,-50.952675,nan
2024-05-30T16:07:10,83.600975,-50.952858,nan
2024-05-30T16:07:10,83.600945,-50.953037,nan
2024-05-30T16:07:09,83.600914,-50.953217,nan
2024-05-30T16:07:09,83.600883,-50.953392,nan
2024-05-30T16:07:08,83.600853,-50.953571,nan
2024-05-30T16:07:08,83.600822,-50.953747,nan
2024-05-30T16:07:07,83.600800,-50.953918,nan
2024-05-30T16:07:07,83.600769,-50.954094,nan
2024-05-30T16:07:06,83.600739,-50.954266,nan
2024-05-30T16:07:06,83.600700,-50.954437,nan
2024-05-30T16:07:05,83.600670,-50.954609,nan
2024-05-30T16:07:05,83.600639,-50.954784,nan
2024-05-30T16:07:04,83.600609,-50.954956,nan
2024-05-30T16:07:04,83.600578,-50.955124,nan
2024-05-30T16:07:03,83.600548,-50.955288,nan
2024-05-30T16:07:03,83.600510,-50.955452,nan
2024-05-30T16:07:02,83.600479,-50.955612,nan
2024-05-30T16:07:02,83.600449,-50.955776,nan
2024-05-30T16:07:01,83.600418,-50.955936,nan
2024-05-30T16:07:01,83.600380,-50.956100,nan
2024-05-30T16:07:00,83.600349,-50.956268,nan
2024-05-30T16:07:00,83.600319,-50.956432,nan
2024-05-30T16:06:59,83.600281,-50.956600,nan
2024-05-30T16:06:59,83.600250,-50.956764,nan
2024-05-30T16:06:58,83.600212,-50.956932,nan
2024-05-30T16:06:58,83.600182,-50.957100,nan
2024-05-30T16:06:57,83.600151,-50.957272,nan
2024-05-30T16:06:57,83.600113,-50.957443,nan
2024-05-30T16:06:56,83.600082,-50.957615,nan
2024-05-30T16:06:56,83.600044,-50.957783,nan
2024-05-30T16:06:55,83.600014,-50.957954,nan
2024-05-30T16:06:55,83.599976,-50.958130,nan
2024-05-30T16:06:54,83.599945,-50.958302,nan
2024-05-30T16:06:54,83.599907,-50.958473,nan
2024-05-30T16:06:53,83.599876,-50.958641,nan
2024-05-30T16:06:53,83.599846,-50.958809,nan
2024-05-30T16:06:52,83.599808,-50.958977,nan
2024-05-30T16:06:52,83.599777,-50.959137,nan
2024-05-30T16:06:51,83.599747,-50.959301,nan
2024-05-30T16:06:51,83.599709,-50.959469,nan
2024-05-30T16:06:50,83.599678,-50.959637,nan
2024-05-30T16:06:50,83.599640,-50.959801,nan
2024-05-30T16:06:49,83.599609,-50.959965,nan
2024-05-30T16:06:49,83.599571,-50.960129,nan
2024-05-30T16:06:48,83.599541,-50.960293,nan
2024-05-30T16:06:48,83.599503,-50.960449,nan
2024-05-30T16:06:47,83.599464,-50.960609,nan
2024-05-30T16:06:47,83.599434,-50.960773,nan
2024-05-30T16:06:46,83.599396,-50.960930,nan
2024-05-30T16:06:46,83.599358,-50.961086,nan
2024-05-30T16:06:45,83.599327,-50.961243,nan
2024-05-30T16:06:45,83.599289,-50.961395,nan
2024-05-30T16:06:44,83.599251,-50.961552,nan
2024-05-30T16:06:43,83.599174,-50.961864,nan
2024-05-30T16:06:43,83.599136,-50.962025,nan
2024-05-30T16:06:42,83.599098,-50.962193,nan
2024-05-30T16:06:42,83.599068,-50.962360,nan
2024-05-30T16:06:41,83.599030,-50.962532,nan
2024-05-30T16:06:41,83.598991,-50.962711,nan
2024-05-30T16:06:40,83.598953,-50.962891,nan
2024-05-30T16:06:40,83.598915,-50.963078,nan
2024-05-30T16:06:39,83.598877,-50.963268,nan
2024-05-30T16:06:39,83.598839,-50.963463,nan
2024-05-30T16:06:38,83.598801,-50.963661,nan
2024-05-30T16:06:38,83.598763,-50.963867,nan
2024-05-30T16:06:37,83.598724,-50.964081,nan
2024-05-30T16:06:37,83.598686,-50.964294,nan
2024-05-30T16:06:36,83.598648,-50.964516,nan
2024-05-30T16:06:36,83.598610,-50.964745,nan
2024-05-30T16:06:35,83.598572,-50.964981,nan
2024-05-30T16:06:35,83.598541,-50.965218,nan
2024-05-30T16:06:34,83.598503,-50.965458,nan
2024-05-30T16:06:34,83.598465,-50.965698,nan
2024-05-30T16:06:33,83.598434,-50.965946,nan
2024-05-30T16:06:33,83.598396,-50.966198,nan
2024-05-30T16:06:32,83.598366,-50.966450,nan
2024-05-30T16:06:32,83.598328,-50.966705,nan
2024-05-30T16:06:31,83.598297,-50.966965,nan
2024-05-30T16:06:31,83.598259,-50.967224,nan
2024-05-30T16:06:30,83.598228,-50.967484,nan
2024-05-30T16:06:30,83.598190,-50.967747,nan
2024-05-30T16:06:29,83.598160,-50.968002,nan
2024-05-30T16:06:29,83.598129,-50.968258,nan
2024-05-30T16:06:28,83.598099,-50.968502,nan
2024-05-30T16:06:28,83.598068,-50.968739,nan
2024-05-30T16:06:27,83.598038,-50.968960,nan
2024-05-30T16:06:27,83.598007,-50.969158,nan
2024-05-30T16:06:26,83.597977,-50.969345,nan
2024-05-30T16:06:26,83.597946,-50.969517,nan
2024-05-30T16:06:25,83.597916,-50.969673,nan
2024-05-30T16:06:25,83.597885,-50.969814,nan
2024-05-30T16:06:24,83.597855,-50.969940,nan
2024-05-30T16:06:24,83.597816,-50.970058,nan
2024-05-30T16:06:23,83.597786,-50.970169,nan
2024-05-30T16:06:23,83.597755,-50.970280,nan
2024-05-30T16:06:22,83.597725,-50.970390,nan
2024-05-30T16:06:22,83.597694,-50.970497,nan
2024-05-30T16:06:21,83.597656,-50.970604,nan
2024-05-30T16:06:21,83.597626,-50.970715,nan
2024-05-30T16:06:20,83.597595,-50.970833,nan
2024-05-30T16:06:20,83.597565,-50.970947,nan
2024-05-30T16:06:19,83.597534,-50.971069,nan
2024-05-30T16:06:19,83.597504,-50.971188,nan
2024-05-30T16:06:18,83.597473,-50.971313,nan
2024-05-30T16:06:18,83.597443,-50.971436,nan
2024-05-30T16:06:17,83.597412,-50.971558,nan
2024-05-30T16:06:17,83.597382,-50.971684,nan
2024-05-30T16:06:16,83.597351,-50.971817,nan
2024-05-30T16:06:16,83.597321,-50.971951,nan
2024-05-30T16:06:15,83.597298,-50.972088,nan
2024-05-30T16:06:15,83.597267,-50.972229,nan
2024-05-30T16:06:14,83.597237,-50.972378,nan
2024-05-30T16:06:14,83.597206,-50.972530,nan
2024-05-30T16:06:13,83.597176,-50.972687,nan
2024-05-30T16:06:13,83.597145,-50.972843,nan
2024-05-30T16:06:12,83.597122,-50.973003,nan
2024-05-30T16:06:12,83.597092,-50.973164,nan
2024-05-30T16:06:11,83.597061,-50.973331,nan
2024-05-30T16:06:11,83.597038,-50.973492,nan
2024-05-30T16:06:10,83.597008,-50.973660,nan
2024-05-30T16:06:10,83.596985,-50.973827,nan
2024-05-30T16:06:09,83.596954,-50.973995,nan
2024-05-30T16:06:09,83.596931,-50.974167,nan
2024-05-30T16:06:08,83.596901,-50.974335,nan
2024-05-30T16:06:08,83.596878,-50.974510,nan
2024-05-30T16:06:07,83.596848,-50.974686,nan
2024-05-30T16:06:07,83.596825,-50.974865,nan
2024-05-30T16:06:06,83.596794,-50.975044,nan
2024-05-30T16:06:05,83.596741,-50.975403,nan
2024-05-30T16:06:05,83.596710,-50.975574,nan
2024-05-30T16:06:04,83.596687,-50.975739,nan
2024-05-30T16:06:04,83.596657,-50.975899,nan
2024-05-30T16:06:03,83.596626,-50.976048,nan
2024-05-30T16:06:03,83.596603,-50.976192,nan
2024-05-30T16:06:02,83.596573,-50.976330,nan
2024-05-30T16:06:02,83.596542,-50.976463,nan
2024-05-30T16:06:01,83.596512,-50.976593,nan
2024-05-30T16:06:01,83.596489,-50.976719,nan
2024-05-30T16:06:00,83.596458,-50.976849,nan
2024-05-30T16:06:00,83.596420,-50.976982,nan
2024-05-30T16:05:59,83.596390,-50.977112,nan
2024-05-30T16:05:59,83.596359,-50.977249,nan
2024-05-30T16:05:58,83.596321,-50.977386,nan
2024-05-30T16:05:58,83.596283,-50.977528,nan
2024-05-30T16:05:57,83.596245,-50.977673,nan
2024-05-30T16:05:57,83.596199,-50.977821,nan
2024-05-30T16:05:56,83.596161,-50.977966,nan
2024-05-30T16:05:56,83.596115,-50.978111,nan
2024-05-30T16:05:55,83.596069,-50.978252,nan
2024-05-30T16:05:55,83.596031,-50.978397,nan
2024-05-30T16:05:54,83.595985,-50.978542,nan
2024-05-30T16:05:54,83.595940,-50.978683,nan
2024-05-30T16:05:53,83.595894,-50.978825,nan
2024-05-30T16:05:53,83.595856,-50.978954,nan
2024-05-30T16:05:52,83.595810,-50.979076,nan
2024-05-30T16:05:52,83.595764,-50.979191,nan
2024-05-30T16:05:51,83.595718,-50.979294,nan
2024-05-30T16:05:51,83.595673,-50.979393,nan
2024-05-30T16:05:50,83.595627,-50.979488,nan
2024-05-30T16:05:50,83.595581,-50.979572,nan
2024-05-30T16:05:49,83.595535,-50.979652,nan
2024-05-30T16:05:49,83.595490,-50.979729,nan
2024-05-30T16:05:48,83.595398,-50.979855,nan
2024-05-30T16:05:47,83.595352,-50.979897,nan
2024-05-30T16:05:47,83.595306,-50.979935,nan
2024-05-30T16:05:46,83.595261,-50.979965,nan
2024-05-30T16:05:46,83.595215,-50.980000,nan
2024-05-30T16:05:45,83.595169,-50.980034,nan
2024-05-30T16:05:45,83.595123,-50.980076,nan
2024-05-30T16:05:43,83.594994,-50.980213,nan
2024-05-30T16:05:43,83.594948,-50.980263,nan
2024-05-30T16:05:42,83.594902,-50.980316,nan
2024-05-30T16:05:42,83.594856,-50.980370,nan
2024-05-30T16:05:41,83.594810,-50.980423,nan
2024-05-30T16:05:41,83.594765,-50.980480,nan
2024-05-30T16:05:40,83.594719,-50.980537,nan
2024-05-30T16:05:40,83.594673,-50.980595,nan
2024-05-30T16:05:39,83.594627,-50.980648,nan
2024-05-30T16:05:39,83.594589,-50.980701,nan
2024-05-30T16:05:38,83.594543,-50.980751,nan
2024-05-30T16:05:37,83.594444,-50.980850,nan
2024-05-30T16:05:37,83.594398,-50.980896,nan
2024-05-30T16:05:36,83.594353,-50.980946,nan
2024-05-30T16:05:35,83.594261,-50.981041,nan
2024-05-30T16:05:35,83.594215,-50.981091,nan
2024-05-30T16:05:34,83.594162,-50.981140,nan
2024-05-30T16:05:34,83.594116,-50.981190,nan
2024-05-30T16:05:33,83.594063,-50.981232,nan
2024-05-30T16:05:33,83.594009,-50.981277,nan
2024-05-30T16:05:32,83.593964,-50.981316,nan
2024-05-30T16:05:32,83.593910,-50.981358,nan
2024-05-30T16:05:31,83.593857,-50.981400,nan
2024-05-30T16:05:31,83.593803,-50.981445,nan
2024-05-30T16:05:30,83.593750,-50.981487,nan
2024-05-30T16:05:29,83.593643,-50.981575,nan
2024-05-30T16:05:28,83.593483,-50.981701,nan
2024-05-30T16:05:27,83.593430,-50.981743,nan
2024-05-30T16:05:27,83.593376,-50.981785,nan
2024-05-30T16:05:26,83.593323,-50.981819,nan
2024-05-30T16:05:26,83.593269,-50.981857,nan
2024-05-30T16:05:25,83.593216,-50.981899,nan
2024-05-30T16:05:19,83.592590,-50.982376,nan
2024-05-30T16:05:19,83.592545,-50.982422,nan
2024-05-30T16:05:18,83.592491,-50.982460,nan
2024-05-30T16:05:18,83.592438,-50.982498,nan
2024-05-30T16:05:17,83.592392,-50.982548,nan
2024-05-30T16:05:17,83.592339,-50.982597,nan
2024-05-30T16:05:16,83.592285,-50.982651,nan
2024-05-30T16:05:16,83.592239,-50.982704,nan
2024-05-30T16:05:15,83.592186,-50.982765,nan
2024-05-30T16:05:15,83.592133,-50.982826,nan
2024-05-30T16:05:14,83.592079,-50.982887,nan
2024-05-30T16:05:14,83.592033,-50.982948,nan
2024-05-30T16:05:13,83.591980,-50.983009,nan
2024-05-30T16:05:13,83.591934,-50.983063,nan
2024-05-30T16:05:12,83.591888,-50.983112,nan
2024-05-30T16:05:12,83.591835,-50.983162,nan
2024-05-30T16:05:11,83.591789,-50.983208,nan
2024-05-30T16:05:11,83.591743,-50.983253,nan
2024-05-30T16:05:10,83.591698,-50.983295,nan
2024-05-30T16:05:10,83.591652,-50.983341,nan
2024-05-30T16:05:09,83.591606,-50.983379,nan
2024-05-30T16:05:09,83.591560,-50.983421,nan
2024-05-30T16:05:08,83.591515,-50.983456,nan
2024-05-30T16:05:08,83.591469,-50.983490,nan
2024-05-30T16:05:07,83.591431,-50.983517,nan
2024-05-30T16:05:07,83.591385,-50.983540,nan
2024-05-30T16:05:06,83.591339,-50.983562,nan
2024-05-30T16:05:06,83.591301,-50.983582,nan
2024-05-30T16:05:05,83.591255,-50.983597,nan
2024-05-30T16:05:05,83.591209,-50.983608,nan
2024-05-30T16:05:04,83.591171,-50.983616,nan
2024-05-30T16:05:04,83.591125,-50.983620,nan
2024-05-30T16:05:03,83.591087,-50.983624,nan
2024-05-30T16:05:03,83.591042,-50.983616,nan
2024-05-30T16:05:02,83.591003,-50.983608,nan
2024-05-30T16:05:02,83.590958,-50.983604,nan
2024-05-30T16:05:01,83.590919,-50.983601,nan
2024-05-30T16:05:01,83.590874,-50.983589,nan
2024-05-30T16:05:00,83.590790,-50.983562,nan
2024-05-30T16:04:59,83.590752,-50.983547,nan
2024-05-30T16:04:59,83.590706,-50.983524,nan
2024-05-30T16:04:58,83.590668,-50.983501,nan
2024-05-30T16:04:58,83.590622,-50.983475,nan
2024-05-30T16:04:57,83.590576,-50.983440,nan
2024-05-30T16:04:57,83.590530,-50.983398,nan
2024-05-30T16:04:56,83.590492,-50.983356,nan
2024-05-30T16:04:56,83.590446,-50.983311,nan
2024-05-30T16:04:55,83.590401,-50.983261,nan
2024-05-30T16:04:55,83.590363,-50.983212,nan
2024-05-30T16:04:54,83.590317,-50.983154,nan
2024-05-30T16:04:54,83.590271,-50.983101,nan
2024-05-30T16:04:52,83.590134,-50.982941,nan
2024-05-30T16:04:52,83.590080,-50.982891,nan
2024-05-30T16:04:51,83.590034,-50.982841,nan
2024-05-30T16:04:51,83.589989,-50.982792,nan
2024-05-30T16:04:50,83.589943,-50.982735,nan
2024-05-30T16:04:50,83.589890,-50.982674,nan
2024-05-30T16:04:49,83.589844,-50.982613,nan
2024-05-30T16:04:49,83.589790,-50.982544,nan
2024-05-30T16:04:48,83.589745,-50.982475,nan
2024-05-30T16:04:48,83.589699,-50.982399,nan
2024-05-30T16:04:47,83.589645,-50.982319,nan
2024-05-30T16:04:47,83.589600,-50.982239,nan
2024-05-30T16:04:46,83.589554,-50.982151,nan
2024-05-30T16:04:46,83.589508,-50.982059,nan
2024-05-30T16:04:45,83.589462,-50.981964,nan
2024-05-30T16:04:45,83.589417,-50.981869,nan
2024-05-30T16:04:44,83.589371,-50.981770,nan
2024-05-30T16:04:44,83.589317,-50.981670,nan
2024-05-30T16:04:43,83.589272,-50.981571,nan
2024-05-30T16:04:43,83.589226,-50.981476,nan
2024-05-30T16:04:42,83.589180,-50.981380,nan
2024-05-30T16:04:42,83.589134,-50.981285,nan
2024-05-30T16:04:41,83.589081,-50.981186,nan
2024-05-30T16:04:41,83.589035,-50.981087,nan
2024-05-30T16:04:40,83.588982,-50.980980,nan
2024-05-30T16:04:40,83.588936,-50.980873,nan
2024-05-30T16:04:39,83.588882,-50.980762,nan
2024-05-30T16:04:39,83.588837,-50.980644,nan
2024-05-30T16:04:38,83.588783,-50.980522,nan
2024-05-30T16:04:38,83.588737,-50.980400,nan
2024-05-30T16:04:37,83.588684,-50.980274,nan
2024-05-30T16:04:37,83.588631,-50.980145,nan
2024-05-30T16:04:36,83.588577,-50.980011,nan
2024-05-30T16:04:36,83.588531,-50.979881,nan
2024-05-30T16:04:35,83.588478,-50.979744,nan
2024-05-30T16:04:35,83.588425,-50.979614,nan
2024-05-30T16:04:34,83.588371,-50.979481,nan
2024-05-30T16:04:34,83.588318,-50.979343,nan
2024-05-30T16:04:33,83.588272,-50.979210,nan
2024-05-30T16:04:33,83.588219,-50.979076,nan
2024-05-30T16:04:32,83.588165,-50.978943,nan
2024-05-30T16:04:32,83.588112,-50.978802,nan
2024-05-30T16:04:31,83.588058,-50.978664,nan
2024-05-30T16:04:31,83.588013,-50.978523,nan
2024-05-30T16:04:30,83.587952,-50.978382,nan
2024-05-30T16:04:30,83.587898,-50.978233,nan
2024-05-30T16:04:29,83.587845,-50.978077,nan
2024-05-30T16:04:29,83.587791,-50.977917,nan
2024-05-30T16:04:28,83.587738,-50.977753,nan
2024-05-30T16:04:28,83.587685,-50.977585,nan
2024-05-30T16:04:27,83.587624,-50.977413,nan
2024-05-30T16:04:27,83.587570,-50.977242,nan
2024-05-30T16:04:26,83.587517,-50.977062,nan
2024-05-30T16:04:26,83.587456,-50.976875,nan
2024-05-30T16:04:25,83.587402,-50.976688,nan
2024-05-30T16:04:25,83.587349,-50.976494,nan
2024-05-30T16:04:24,83.587296,-50.976299,nan
2024-05-30T16:04:24,83.587234,-50.976105,nan
2024-05-30T16:04:23,83.587181,-50.975903,nan
2024-05-30T16:04:23,83.587128,-50.975700,nan
2024-05-30T16:04:22,83.587067,-50.975498,nan
2024-05-30T16:04:22,83.587013,-50.975300,nan
2024-05-30T16:04:21,83.586960,-50.975101,nan
2024-05-30T16:04:21,83.586906,-50.974903,nan
2024-05-30T16:04:20,83.586853,-50.974709,nan
2024-05-30T16:04:20,83.586792,-50.974514,nan
2024-05-30T16:04:19,83.586739,-50.974316,nan
2024-05-30T16:04:19,83.586685,-50.974117,nan
2024-05-30T16:04:18,83.586632,-50.973911,nan
2024-05-30T16:04:18,83.586578,-50.973709,nan
2024-05-30T16:04:17,83.586525,-50.973503,nan
2024-05-30T16:04:17,83.586472,-50.973293,nan
2024-05-30T16:04:16,83.586426,-50.973087,nan
2024-05-30T16:04:16,83.586372,-50.972881,nan
2024-05-30T16:04:15,83.586319,-50.972675,nan
2024-05-30T16:04:15,83.586266,-50.972473,nan
2024-05-30T16:04:14,83.586220,-50.972279,nan
2024-05-30T16:04:14,83.586166,-50.972088,nan
2024-05-30T16:04:13,83.586113,-50.971901,nan
2024-05-30T16:04:13,83.586067,-50.971714,nan
2024-05-30T16:04:12,83.586014,-50.971523,nan
2024-05-30T16:04:12,83.585960,-50.971329,nan
2024-05-30T16:04:11,83.585915,-50.971127,nan
2024-05-30T16:04:11,83.585861,-50.970921,nan
2024-05-30T16:04:10,83.585808,-50.970715,nan
2024-05-30T16:04:10,83.585754,-50.970509,nan
2024-05-30T16:04:09,83.585709,-50.970303,nan
2024-05-30T16:04:09,83.585655,-50.970097,nan
2024-05-30T16:04:08,83.585602,-50.969891,nan
2024-05-30T16:04:08,83.585548,-50.969685,nan
2024-05-30T16:04:07,83.585495,-50.969482,nan
2024-05-30T16:04:07,83.585442,-50.969276,nan
2024-05-30T16:04:06,83.585388,-50.969070,nan
2024-05-30T16:04:06,83.585335,-50.968868,nan
2024-05-30T16:04:05,83.585281,-50.968662,nan
2024-05-30T16:04:05,83.585228,-50.968464,nan
2024-05-30T16:04:04,83.585175,-50.968262,nan
2024-05-30T16:04:04,83.585121,-50.968063,nan
2024-05-30T16:04:03,83.585068,-50.967865,nan
2024-05-30T16:04:03,83.585014,-50.967670,nan
2024-05-30T16:04:02,83.584961,-50.967476,nan
2024-05-30T16:04:02,83.584908,-50.967281,nan
2024-05-30T16:04:01,83.584854,-50.967094,nan
2024-05-30T16:04:01,83.584801,-50.966908,nan
2024-05-30T16:04:00,83.584747,-50.966717,nan
2024-05-30T16:04:00,83.584686,-50.966530,nan
2024-05-30T16:03:59,83.584633,-50.966339,nan
2024-05-30T16:03:59,83.584579,-50.966152,nan
2024-05-30T16:03:58,83.584518,-50.965961,nan
2024-05-30T16:03:58,83.584465,-50.965767,nan
2024-05-30T16:03:57,83.584412,-50.965580,nan
2024-05-30T16:03:57,83.584351,-50.965397,nan
2024-05-30T16:03:56,83.584297,-50.965210,nan
2024-05-30T16:03:56,83.584244,-50.965027,nan
2024-05-30T16:03:55,83.584183,-50.964840,nan
2024-05-30T16:03:55,83.584129,-50.964657,nan
2024-05-30T16:03:54,83.584068,-50.964474,nan
2024-05-30T16:03:54,83.584007,-50.964287,nan
2024-05-30T16:03:53,83.583954,-50.964100,nan
2024-05-30T16:03:53,83.583893,-50.963917,nan
2024-05-30T16:03:52,83.583832,-50.963737,nan
2024-05-30T16:03:52,83.583771,-50.963562,nan
2024-05-30T16:03:51,83.583710,-50.963383,nan
2024-05-30T16:03:51,83.583649,-50.963207,nan
2024-05-30T16:03:50,83.583588,-50.963028,nan
2024-05-30T16:03:50,83.583527,-50.962849,nan
2024-05-30T16:03:49,83.583466,-50.962669,nan
2024-05-30T16:03:49,83.583405,-50.962494,nan
2024-05-30T16:03:48,83.583344,-50.962315,nan
2024-05-30T16:03:48,83.583282,-50.962147,nan
2024-05-30T16:03:47,83.583221,-50.961971,nan
2024-05-30T16:03:47,83.583160,-50.961800,nan
2024-05-30T16:03:46,83.583107,-50.961632,nan
2024-05-30T16:03:46,83.583046,-50.961460,nan
2024-05-30T16:03:45,83.582985,-50.961292,nan
2024-05-30T16:03:45,83.582932,-50.961124,nan
2024-05-30T16:03:44,83.582870,-50.960957,nan
2024-05-30T16:03:44,83.582817,-50.960785,nan
2024-05-30T16:03:43,83.582756,-50.960613,nan
2024-05-30T16:03:43,83.582703,-50.960442,nan
2024-05-30T16:03:42,83.582649,-50.960270,nan
2024-05-30T16:03:42,83.582596,-50.960102,nan
2024-05-30T16:03:41,83.582542,-50.959934,nan
2024-05-30T16:03:41,83.582481,-50.959766,nan
2024-05-30T16:03:40,83.582436,-50.959599,nan
2024-05-30T16:03:40,83.582382,-50.959427,nan
2024-05-30T16:03:39,83.582329,-50.959255,nan
2024-05-30T16:03:39,83.582275,-50.959080,nan
2024-05-30T16:03:38,83.582222,-50.958900,nan
2024-05-30T16:03:38,83.582176,-50.958725,nan
2024-05-30T16:03:37,83.582123,-50.958549,nan
2024-05-30T16:03:37,83.582069,-50.958370,nan
2024-05-30T16:03:36,83.582024,-50.958199,nan
2024-05-30T16:03:36,83.581970,-50.958023,nan
2024-05-30T16:03:35,83.581917,-50.957844,nan
2024-05-30T16:03:35,83.581863,-50.957664,nan
2024-05-30T16:03:34,83.581818,-50.957485,nan
2024-05-30T16:03:34,83.581764,-50.957306,nan
2024-05-30T16:03:33,83.581711,-50.957127,nan
2024-05-30T16:03:33,83.581657,-50.956947,nan
2024-05-30T16:03:32,83.581604,-50.956768,nan
2024-05-30T16:03:32,83.581551,-50.956589,nan
2024-05-30T16:03:31,83.581505,-50.956409,nan
2024-05-30T16:03:31,83.581451,-50.956230,nan
2024-05-30T16:03:30,83.581398,-50.956051,nan
2024-05-30T16:03:30,83.581345,-50.955864,nan
2024-05-30T16:03:29,83.581291,-50.955677,nan
2024-05-30T16:03:29,83.581238,-50.955486,nan
2024-05-30T16:03:28,83.581184,-50.955299,nan
2024-05-30T16:03:28,83.581131,-50.955109,nan
2024-05-30T16:03:27,83.581078,-50.954922,nan
2024-05-30T16:03:27,83.581017,-50.954731,nan
2024-05-30T16:03:26,83.580963,-50.954544,nan
2024-05-30T16:03:26,83.580910,-50.954353,nan
2024-05-30T16:03:25,83.580849,-50.954163,nan
2024-05-30T16:03:25,83.580795,-50.953972,nan
2024-05-30T16:03:24,83.580742,-50.953781,nan
2024-05-30T16:03:24,83.580681,-50.953590,nan
2024-05-30T16:03:23,83.580627,-50.953403,nan
2024-05-30T16:03:23,83.580566,-50.953220,nan
2024-05-30T16:03:22,83.580505,-50.953033,nan
2024-05-30T16:03:22,83.580452,-50.952847,nan
2024-05-30T16:03:21,83.580391,-50.952656,nan
2024-05-30T16:03:21,83.580338,-50.952461,nan
2024-05-30T16:03:20,83.580276,-50.952267,nan
2024-05-30T16:03:20,83.580215,-50.952068,nan
2024-05-30T16:03:19,83.580162,-50.951874,nan
2024-05-30T16:03:19,83.580101,-50.951675,nan
2024-05-30T16:03:18,83.580048,-50.951477,nan
2024-05-30T16:03:18,83.579987,-50.951279,nan
2024-05-30T16:03:17,83.579933,-50.951080,nan
2024-05-30T16:03:17,83.579880,-50.950878,nan
2024-05-30T16:03:16,83.579819,-50.950676,nan
2024-05-30T16:03:16,83.579765,-50.950474,nan
2024-05-30T16:03:15,83.579712,-50.950272,nan
2024-05-30T16:03:15,83.579659,-50.950077,nan
2024-05-30T16:03:14,83.579597,-50.949886,nan
2024-05-30T16:03:14,83.579544,-50.949703,nan
2024-05-30T16:03:13,83.579491,-50.949532,nan
2024-05-30T16:03:13,83.579430,-50.949364,nan
2024-05-30T16:03:12,83.579376,-50.949200,nan
2024-05-30T16:03:12,83.579323,-50.949036,nan
2024-05-30T16:03:11,83.579262,-50.948879,nan
2024-05-30T16:03:11,83.579208,-50.948723,nan
2024-05-30T16:03:10,83.579155,-50.948566,nan
2024-05-30T16:03:10,83.579102,-50.948414,nan
2024-05-30T16:03:09,83.579041,-50.948261,nan
2024-05-30T16:03:09,83.578987,-50.948112,nan
2024-05-30T16:03:08,83.578934,-50.947964,nan
2024-05-30T16:03:08,83.578880,-50.947811,nan
2024-05-30T16:03:07,83.578827,-50.947666,nan
2024-05-30T16:03:07,83.578773,-50.947517,nan
2024-05-30T16:03:06,83.578728,-50.947369,nan
2024-05-30T16:03:06,83.578674,-50.947220,nan
2024-05-30T16:03:05,83.578621,-50.947075,nan
2024-05-30T16:03:05,83.578568,-50.946926,nan
2024-05-30T16:03:04,83.578514,-50.946777,nan
2024-05-30T16:03:04,83.578461,-50.946629,nan
2024-05-30T16:03:03,83.578407,-50.946476,nan
2024-05-30T16:03:03,83.578354,-50.946320,nan
2024-05-30T16:03:02,83.578300,-50.946163,nan
2024-05-30T16:03:02,83.578239,-50.946003,nan
2024-05-30T16:03:01,83.578186,-50.945839,nan
2024-05-30T16:03:01,83.578133,-50.945675,nan
2024-05-30T16:03:00,83.578072,-50.945511,nan
2024-05-30T16:03:00,83.578018,-50.945343,nan
2024-05-30T16:02:59,83.577965,-50.945175,nan
2024-05-30T16:02:59,83.577911,-50.945007,nan
2024-05-30T16:02:58,83.577850,-50.944839,nan
2024-05-30T16:02:58,83.577797,-50.944675,nan
2024-05-30T16:02:57,83.577744,-50.944511,nan
2024-05-30T16:02:57,83.577690,-50.944351,nan
2024-05-30T16:02:56,83.577629,-50.944187,nan
2024-05-30T16:02:56,83.577576,-50.944023,nan
2024-05-30T16:02:55,83.577522,-50.943859,nan
2024-05-30T16:02:55,83.577461,-50.943695,nan
2024-05-30T16:02:54,83.577408,-50.943531,nan
2024-05-30T16:02:54,83.577354,-50.943367,nan
2024-05-30T16:02:53,83.577301,-50.943199,nan
2024-05-30T16:02:53,83.577240,-50.943031,nan
2024-05-30T16:02:52,83.577187,-50.942863,nan
2024-05-30T16:02:52,83.577133,-50.942699,nan
2024-05-30T16:02:51,83.577080,-50.942535,nan
2024-05-30T16:02:51,83.577026,-50.942371,nan
2024-05-30T16:02:50,83.576973,-50.942207,nan
2024-05-30T16:02:50,83.576920,-50.942039,nan
2024-05-30T16:02:49,83.576859,-50.941875,nan
2024-05-30T16:02:49,83.576805,-50.941711,nan
2024-05-30T16:02:48,83.576752,-50.941544,nan
2024-05-30T16:02:48,83.576698,-50.941383,nan
2024-05-30T16:02:47,83.576645,-50.941219,nan
2024-05-30T16:02:47,83.576591,-50.941055,nan
2024-05-30T16:02:46,83.576538,-50.940899,nan
2024-05-30T16:02:46,83.576485,-50.940742,nan
2024-05-30T16:02:45,83.576431,-50.940586,nan
2024-05-30T16:02:45,83.576378,-50.940426,nan
2024-05-30T16:02:44,83.576324,-50.940262,nan
2024-05-30T16:02:44,83.576271,-50.940105,nan
2024-05-30T16:02:43,83.576218,-50.939945,nan
2024-05-30T16:02:43,83.576164,-50.939789,nan
2024-05-30T16:02:42,83.576111,-50.939629,nan
2024-05-30T16:02:42,83.576057,-50.939468,nan
2024-05-30T16:02:41,83.576004,-50.939316,nan
2024-05-30T16:02:41,83.575951,-50.939163,nan
2024-05-30T16:02:40,83.575890,-50.939011,nan
2024-05-30T16:02:40,83.575836,-50.938866,nan
2024-05-30T16:02:39,83.575775,-50.938717,nan
2024-05-30T16:02:39,83.575714,-50.938572,nan
2024-05-30T16:02:38,83.575661,-50.938431,nan
2024-05-30T16:02:38,83.575600,-50.938286,nan
2024-05-30T16:02:37,83.575539,-50.938145,nan
2024-05-30T16:02:37,83.575478,-50.938000,nan
2024-05-30T16:02:36,83.575417,-50.937855,nan
2024-05-30T16:02:36,83.575356,-50.937710,nan
2024-05-30T16:02:35,83.575287,-50.937561,nan
2024-05-30T16:02:35,83.575226,-50.937412,nan
2024-05-30T16:02:34,83.575165,-50.937263,nan
2024-05-30T16:02:34,83.575096,-50.937115,nan
2024-05-30T16:02:33,83.575035,-50.936970,nan
2024-05-30T16:02:33,83.574966,-50.936821,nan
2024-05-30T16:02:32,83.574898,-50.936676,nan
2024-05-30T16:02:32,83.574829,-50.936531,nan
2024-05-30T16:02:31,83.574760,-50.936382,nan
2024-05-30T16:02:31,83.574692,-50.936237,nan
2024-05-30T16:02:30,83.574623,-50.936089,nan
2024-05-30T16:02:30,83.574554,-50.935936,nan
2024-05-30T16:02:29,83.574486,-50.935783,nan
2024-05-30T16:02:29,83.574409,-50.935631,nan
2024-05-30T16:02:28,83.574341,-50.935474,nan
2024-05-30T16:02:28,83.574272,-50.935318,nan
2024-05-30T16:02:27,83.574196,-50.935158,nan
2024-05-30T16:02:27,83.574127,-50.934998,nan
2024-05-30T16:02:26,83.574051,-50.934830,nan
2024-05-30T16:02:26,83.573982,-50.934666,nan
2024-05-30T16:02:25,83.573906,-50.934498,nan
2024-05-30T16:02:25,83.573830,-50.934326,nan
2024-05-30T16:02:24,83.573761,-50.934155,nan
2024-05-30T16:02:24,83.573685,-50.933983,nan
2024-05-30T16:02:23,83.573608,-50.933811,nan
2024-05-30T16:02:23,83.573532,-50.933632,nan
2024-05-30T16:02:22,83.573456,-50.933453,nan
2024-05-30T16:02:22,83.573387,-50.933273,nan
2024-05-30T16:02:21,83.573311,-50.933094,nan
2024-05-30T16:02:21,83.573235,-50.932919,nan
2024-05-30T16:02:20,83.573158,-50.932747,nan
2024-05-30T16:02:20,83.573090,-50.932571,nan
2024-05-30T16:02:19,83.573013,-50.932400,nan
2024-05-30T16:02:19,83.572937,-50.932224,nan
2024-05-30T16:02:18,83.572868,-50.932053,nan
2024-05-30T16:02:18,83.572792,-50.931885,nan
2024-05-30T16:02:17,83.572716,-50.931713,nan
2024-05-30T16:02:17,83.572647,-50.931541,nan
2024-05-30T16:02:16,83.572571,-50.931370,nan
2024-05-30T16:02:16,83.572502,-50.931198,nan
2024-05-30T16:02:15,83.572426,-50.931023,nan
2024-05-30T16:02:15,83.572357,-50.930847,nan
2024-05-30T16:02:14,83.572281,-50.930672,nan
2024-05-30T16:02:14,83.572205,-50.930496,nan
2024-05-30T16:02:13,83.572136,-50.930325,nan
2024-05-30T16:02:13,83.572060,-50.930149,nan
2024-05-30T16:02:12,83.571991,-50.929974,nan
2024-05-30T16:02:12,83.571915,-50.929802,nan
2024-05-30T16:02:11,83.571838,-50.929634,nan
2024-05-30T16:02:11,83.571770,-50.929466,nan
2024-05-30T16:02:10,83.571693,-50.929295,nan
2024-05-30T16:02:10,83.571625,-50.929123,nan
2024-05-30T16:02:09,83.571548,-50.928951,nan
2024-05-30T16:02:09,83.571480,-50.928783,nan
2024-05-30T16:02:08,83.571404,-50.928604,nan
2024-05-30T16:02:08,83.571327,-50.928425,nan
2024-05-30T16:02:07,83.571259,-50.928242,nan
2024-05-30T16:02:07,83.571182,-50.928062,nan
2024-05-30T16:02:06,83.571114,-50.927879,nan
2024-05-30T16:02:06,83.571037,-50.927700,nan
2024-05-30T16:02:05,83.570969,-50.927525,nan
2024-05-30T16:02:05,83.570892,-50.927345,nan
2024-05-30T16:02:04,83.570824,-50.927174,nan
2024-05-30T16:02:04,83.570755,-50.926998,nan
2024-05-30T16:02:03,83.570679,-50.926819,nan
2024-05-30T16:02:03,83.570610,-50.926636,nan
2024-05-30T16:02:02,83.570541,-50.926453,nan
2024-05-30T16:02:02,83.570465,-50.926266,nan
2024-05-30T16:02:01,83.570396,-50.926075,nan
2024-05-30T16:02:01,83.570328,-50.925888,nan
2024-05-30T16:02:00,83.570251,-50.925701,nan
2024-05-30T16:02:00,83.570183,-50.925514,nan
2024-05-30T16:01:59,83.570114,-50.925331,nan
2024-05-30T16:01:59,83.570045,-50.925159,nan
2024-05-30T16:01:58,83.569969,-50.924984,nan
2024-05-30T16:01:58,83.569901,-50.924812,nan
2024-05-30T16:01:57,83.569824,-50.924644,nan
2024-05-30T16:01:57,83.569756,-50.924477,nan
2024-05-30T16:01:56,83.569687,-50.924309,nan
2024-05-30T16:01:56,83.569618,-50.924137,nan
2024-05-30T16:01:55,83.569542,-50.923965,nan
2024-05-30T16:01:55,83.569473,-50.923786,nan
2024-05-30T16:01:54,83.569397,-50.923607,nan
2024-05-30T16:01:54,83.569328,-50.923420,nan
2024-05-30T16:01:53,83.569252,-50.923229,nan
2024-05-30T16:01:53,83.569183,-50.923031,nan
2024-05-30T16:01:52,83.569107,-50.922829,nan
2024-05-30T16:01:52,83.569031,-50.922615,nan
2024-05-30T16:01:51,83.568954,-50.922394,nan
2024-05-30T16:01:51,83.568878,-50.922161,nan
2024-05-30T16:01:50,83.568802,-50.921928,nan
2024-05-30T16:01:50,83.568726,-50.921692,nan
2024-05-30T16:01:49,83.568649,-50.921455,nan
2024-05-30T16:01:49,83.568573,-50.921211,nan
2024-05-30T16:01:48,83.568497,-50.920967,nan
2024-05-30T16:01:48,83.568420,-50.920723,nan
2024-05-30T16:01:47,83.568344,-50.920483,nan
2024-05-30T16:01:47,83.568260,-50.920238,nan
2024-05-30T16:01:46,83.568184,-50.919991,nan
2024-05-30T16:01:46,83.568108,-50.919743,nan
2024-05-30T16:01:45,83.568031,-50.919487,nan
2024-05-30T16:01:45,83.567947,-50.919231,nan
2024-05-30T16:01:44,83.567871,-50.918972,nan
2024-05-30T16:01:44,83.567795,-50.918709,nan
2024-05-30T16:01:43,83.567719,-50.918446,nan
2024-05-30T16:01:43,83.567635,-50.918175,nan
2024-05-30T16:01:42,83.567558,-50.917904,nan
2024-05-30T16:01:42,83.567474,-50.917629,nan
2024-05-30T16:01:41,83.567398,-50.917355,nan
2024-05-30T16:01:41,83.567322,-50.917080,nan
2024-05-30T16:01:40,83.567238,-50.916801,nan
2024-05-30T16:01:40,83.567154,-50.916523,nan
2024-05-30T16:01:39,83.567078,-50.916245,nan
2024-05-30T16:01:39,83.566994,-50.915962,nan
2024-05-30T16:01:38,83.566910,-50.915676,nan
2024-05-30T16:01:38,83.566833,-50.915394,nan
2024-05-30T16:01:37,83.566750,-50.915096,nan
2024-05-30T16:01:37,83.566673,-50.914795,nan
2024-05-30T16:01:36,83.566589,-50.914486,nan
2024-05-30T16:01:36,83.566513,-50.914173,nan
2024-05-30T16:01:35,83.566429,-50.913853,nan
2024-05-30T16:01:35,83.566353,-50.913528,nan
2024-05-30T16:01:34,83.566269,-50.913197,nan
2024-05-30T16:01:34,83.566193,-50.912868,nan
2024-05-30T16:01:33,83.566109,-50.912529,nan
2024-05-30T16:01:33,83.566025,-50.912186,nan
2024-05-30T16:01:32,83.565941,-50.911839,nan
2024-05-30T16:01:32,83.565857,-50.911488,nan
2024-05-30T16:01:31,83.565773,-50.911137,nan
2024-05-30T16:01:31,83.565689,-50.910786,nan
2024-05-30T16:01:30,83.565605,-50.910435,nan
2024-05-30T16:01:30,83.565521,-50.910080,nan
2024-05-30T16:01:29,83.565437,-50.909729,nan
2024-05-30T16:01:29,83.565353,-50.909374,nan
2024-05-30T16:01:28,83.565262,-50.909027,nan
2024-05-30T16:01:28,83.565178,-50.908676,nan
2024-05-30T16:01:27,83.565094,-50.908325,nan
2024-05-30T16:01:27,83.565010,-50.907970,nan
2024-05-30T16:01:26,83.564919,-50.907612,nan
2024-05-30T16:01:26,83.564835,-50.907249,nan
2024-05-30T16:01:25,83.564751,-50.906891,nan
2024-05-30T16:01:25,83.564667,-50.906525,nan
2024-05-30T16:01:24,83.564583,-50.906162,nan
2024-05-30T16:01:24,83.564499,-50.905792,nan
2024-05-30T16:01:23,83.564407,-50.905426,nan
2024-05-30T16:01:23,83.564323,-50.905060,nan
2024-05-30T16:01:22,83.564240,-50.904690,nan
2024-05-30T16:01:22,83.564156,-50.904324,nan
2024-05-30T16:01:21,83.564072,-50.903954,nan
2024-05-30T16:01:21,83.563988,-50.903587,nan
2024-05-30T16:01:20,83.563904,-50.903217,nan
2024-05-30T16:01:20,83.563820,-50.902851,nan
2024-05-30T16:01:19,83.563736,-50.902477,nan
2024-05-30T16:01:19,83.563652,-50.902100,nan
2024-05-30T16:01:18,83.563560,-50.901718,nan
2024-05-30T16:01:18,83.563477,-50.901333,nan
2024-05-30T16:01:17,83.563393,-50.900936,nan
2024-05-30T16:01:17,83.563309,-50.900543,nan
2024-05-30T16:01:16,83.563217,-50.900146,nan
2024-05-30T16:01:16,83.563133,-50.899742,nan
2024-05-30T16:01:15,83.563042,-50.899342,nan
2024-05-30T16:01:15,83.562950,-50.898937,nan
2024-05-30T16:01:14,83.562866,-50.898529,nan
2024-05-30T16:01:14,83.562775,-50.898125,nan
2024-05-30T16:01:13,83.562683,-50.897713,nan
2024-05-30T16:01:13,83.562599,-50.897301,nan
2024-05-30T16:01:12,83.562508,-50.896885,nan
2024-05-30T16:01:12,83.562424,-50.896469,nan
2024-05-30T16:01:11,83.562332,-50.896049,nan
2024-05-30T16:01:11,83.562241,-50.895630,nan
2024-05-30T16:01:10,83.562157,-50.895199,nan
2024-05-30T16:01:10,83.562065,-50.894768,nan
2024-05-30T16:01:09,83.561974,-50.894329,nan
2024-05-30T16:01:09,83.561890,-50.893890,nan
2024-05-30T16:01:08,83.561798,-50.893456,nan
2024-05-30T16:01:08,83.561707,-50.893024,nan
2024-05-30T16:01:07,83.561623,-50.892597,nan
2024-05-30T16:01:07,83.561531,-50.892174,nan
2024-05-30T16:01:06,83.561440,-50.891758,nan
2024-05-30T16:01:06,83.561356,-50.891346,nan
2024-05-30T16:01:05,83.561264,-50.890938,nan
2024-05-30T16:01:05,83.561172,-50.890541,nan
2024-05-30T16:01:04,83.561081,-50.890148,nan
2024-05-30T16:01:04,83.560989,-50.889759,nan
2024-05-30T16:01:03,83.560898,-50.889366,nan
2024-05-30T16:01:03,83.560806,-50.888981,nan
2024-05-30T16:01:02,83.560715,-50.888592,nan
2024-05-30T16:01:02,83.560623,-50.888206,nan
2024-05-30T16:01:01,83.560532,-50.887829,nan
2024-05-30T16:01:01,83.560440,-50.887451,nan
2024-05-30T16:01:00,83.560349,-50.887074,nan
2024-05-30T16:01:00,83.560257,-50.886692,nan
2024-05-30T16:00:59,83.560165,-50.886307,nan
2024-05-30T16:00:59,83.560066,-50.885914,nan
2024-05-30T16:00:58,83.559975,-50.885513,nan
2024-05-30T16:00:58,83.559883,-50.885113,nan
2024-05-30T16:00:57,83.559792,-50.884701,nan
2024-05-30T16:00:57,83.559700,-50.884285,nan
2024-05-30T16:00:56,83.559601,-50.883862,nan
2024-05-30T16:00:56,83.559509,-50.883430,nan
2024-05-30T16:00:55,83.559418,-50.882996,nan
2024-05-30T16:00:55,83.559326,-50.882553,nan
2024-05-30T16:00:54,83.559235,-50.882107,nan
2024-05-30T16:00:54,83.559135,-50.881653,nan
2024-05-30T16:00:53,83.559044,-50.881199,nan
2024-05-30T16:00:53,83.558952,-50.880741,nan
2024-05-30T16:00:52,83.558861,-50.880280,nan
2024-05-30T16:00:52,83.558769,-50.879818,nan
2024-05-30T16:00:51,83.558678,-50.879353,nan
2024-05-30T16:00:51,83.558586,-50.878880,nan
2024-05-30T16:00:50,83.558495,-50.878407,nan
2024-05-30T16:00:50,83.558403,-50.877930,nan
2024-05-30T16:00:49,83.558311,-50.877449,nan
2024-05-30T16:00:49,83.558220,-50.876965,nan
2024-05-30T16:00:48,83.558128,-50.876476,nan
2024-05-30T16:00:48,83.558037,-50.875988,nan
2024-05-30T16:00:47,83.557945,-50.875496,nan
2024-05-30T16:00:47,83.557854,-50.875004,nan
2024-05-30T16:00:46,83.557762,-50.874508,nan
2024-05-30T16:00:46,83.557671,-50.874016,nan
2024-05-30T16:00:45,83.557579,-50.873524,nan
2024-05-30T16:00:45,83.557487,-50.873032,nan
2024-05-30T16:00:44,83.557396,-50.872540,nan
2024-05-30T16:00:44,83.557304,-50.872047,nan
2024-05-30T16:00:43,83.557213,-50.871559,nan
2024-05-30T16:00:43,83.557121,-50.871067,nan
2024-05-30T16:00:42,83.557030,-50.870583,nan
2024-05-30T16:00:42,83.556938,-50.870094,nan
2024-05-30T16:00:41,83.556847,-50.869610,nan
2024-05-30T16:00:41,83.556755,-50.869125,nan
2024-05-30T16:00:40,83.556664,-50.868641,nan
2024-05-30T16:00:40,83.556564,-50.868156,nan
2024-05-30T16:00:39,83.556473,-50.867676,nan
2024-05-30T16:00:39,83.556381,-50.867199,nan
2024-05-30T16:00:38,83.556290,-50.866722,nan
2024-05-30T16:00:38,83.556198,-50.866245,nan
2024-05-30T16:00:37,83.556107,-50.865772,nan
2024-05-30T16:00:37,83.556015,-50.865292,nan
2024-05-30T16:00:36,83.555923,-50.864819,nan
2024-05-30T16:00:36,83.555824,-50.864342,nan
2024-05-30T16:00:35,83.555733,-50.863861,nan
2024-05-30T16:00:35,83.555641,-50.863380,nan
2024-05-30T16:00:34,83.555550,-50.862900,nan
2024-05-30T16:00:34,83.555458,-50.862419,nan
2024-05-30T16:00:33,83.555367,-50.861942,nan
2024-05-30T16:00:33,83.555267,-50.861462,nan
2024-05-30T16:00:32,83.555176,-50.860985,nan
2024-05-30T16:00:32,83.555084,-50.860512,nan
2024-05-30T16:00:31,83.554993,-50.860039,nan
2024-05-30T16:00:31,83.554901,-50.859566,nan
2024-05-30T16:00:30,83.554810,-50.859093,nan
2024-05-30T16:00:30,83.554710,-50.858616,nan
2024-05-30T16:00:29,83.554619,-50.858139,nan
2024-05-30T16:00:29,83.554527,-50.857655,nan
2024-05-30T16:00:28,83.554436,-50.857170,nan
2024-05-30T16:00:28,83.554344,-50.856686,nan
2024-05-30T16:00:27,83.554245,-50.856194,nan
2024-05-30T16:00:27,83.554153,-50.855701,nan
2024-05-30T16:00:26,83.554062,-50.855206,nan
2024-05-30T16:00:26,83.553970,-50.854702,nan
2024-05-30T16:00:25,83.553879,-50.854198,nan
2024-05-30T16:00:25,83.553787,-50.853695,nan
2024-05-30T16:00:24,83.553696,-50.853184,nan
2024-05-30T16:00:24,83.553604,-50.852673,nan
2024-05-30T16:00:23,83.553513,-50.852158,nan
2024-05-30T16:00:23,83.553421,-50.851639,nan
2024-05-30T16:00:22,83.553329,-50.851116,nan
2024-05-30T16:00:22,83.553238,-50.850590,nan
2024-05-30T16:00:21,83.553146,-50.850063,nan
2024-05-30T16:00:21,83.553055,-50.849533,nan
2024-05-30T16:00:20,83.552963,-50.849003,nan
2024-05-30T16:00:20,83.552872,-50.848469,nan
2024-05-30T16:00:19,83.552780,-50.847935,nan
2024-05-30T16:00:19,83.552689,-50.847401,nan
2024-05-30T16:00:18,83.552597,-50.846863,nan
2024-05-30T16:00:18,83.552505,-50.846329,nan
2024-05-30T16:00:17,83.552414,-50.845795,nan
2024-05-30T16:00:17,83.552322,-50.845261,nan
2024-05-30T16:00:16,83.552231,-50.844730,nan
2024-05-30T16:00:16,83.552139,-50.844200,nan
2024-05-30T16:00:15,83.552048,-50.843670,nan
2024-05-30T16:00:15,83.551956,-50.843140,nan
2024-05-30T16:00:14,83.551865,-50.842606,nan
2024-05-30T16:00:14,83.551773,-50.842075,nan
2024-05-30T16:00:13,83.551682,-50.841545,nan
2024-05-30T16:00:13,83.551590,-50.841015,nan
2024-05-30T16:00:12,83.551498,-50.840488,nan
2024-05-30T16:00:12,83.551407,-50.839958,nan
2024-05-30T16:00:11,83.551308,-50.839436,nan
2024-05-30T16:00:11,83.551216,-50.838905,nan
2024-05-30T16:00:10,83.551125,-50.838379,nan
2024-05-30T16:00:10,83.551025,-50.837845,nan
2024-05-30T16:00:09,83.550934,-50.837315,nan
2024-05-30T16:00:09,83.550835,-50.836777,nan
2024-05-30T16:00:08,83.550735,-50.836235,nan
2024-05-30T16:00:08,83.550644,-50.835690,nan
2024-05-30T16:00:07,83.550545,-50.835140,nan
2024-05-30T16:00:07,83.550446,-50.834587,nan
2024-05-30T16:00:06,83.550346,-50.834026,nan
2024-05-30T16:00:06,83.550240,-50.833462,nan
2024-05-30T16:00:05,83.550140,-50.832893,nan
2024-05-30T16:00:05,83.550041,-50.832325,nan
2024-05-30T16:00:04,83.549934,-50.831753,nan
2024-05-30T16:00:04,83.549835,-50.831184,nan
2024-05-30T16:00:03,83.549728,-50.830608,nan
2024-05-30T16:00:03,83.549622,-50.830036,nan
2024-05-30T16:00:02,83.549522,-50.829464,nan
2024-05-30T16:00:02,83.549416,-50.828896,nan
2024-05-30T16:00:01,83.549309,-50.828339,nan
2024-05-30T16:00:01,83.549202,-50.827782,nan
2024-05-30T16:00:00,83.549095,-50.827232,nan
2024-05-30T16:00:00,83.548988,-50.826687,nan
2024-05-30T15:59:59,83.548882,-50.826145,nan
2024-05-30T15:59:59,83.548775,-50.825607,nan
2024-05-30T15:59:58,83.548676,-50.825073,nan
2024-05-30T15:59:58,83.548569,-50.824547,nan
2024-05-30T15:59:57,83.548454,-50.824024,nan
2024-05-30T15:59:57,83.548347,-50.823513,nan
2024-05-30T15:59:56,83.548241,-50.823006,nan
2024-05-30T15:59:56,83.548134,-50.822502,nan
2024-05-30T15:59:55,83.548027,-50.822010,nan
2024-05-30T15:59:55,83.547920,-50.821529,nan
2024-05-30T15:59:54,83.547813,-50.821053,nan
2024-05-30T15:59:54,83.547707,-50.820580,nan
2024-05-30T15:59:53,83.547600,-50.820110,nan
2024-05-30T15:59:53,83.547485,-50.819641,nan
2024-05-30T15:59:52,83.547379,-50.819176,nan
2024-05-30T15:59:52,83.547272,-50.818714,nan
2024-05-30T15:59:51,83.547157,-50.818256,nan
2024-05-30T15:59:51,83.547050,-50.817799,nan
2024-05-30T15:59:50,83.546944,-50.817348,nan
2024-05-30T15:59:50,83.546829,-50.816898,nan
2024-05-30T15:59:49,83.546722,-50.816456,nan
2024-05-30T15:59:49,83.546608,-50.816017,nan
2024-05-30T15:59:48,83.546501,-50.815578,nan
2024-05-30T15:59:48,83.546387,-50.815140,nan
2024-05-30T15:59:47,83.546272,-50.814705,nan
2024-05-30T15:59:47,83.546165,-50.814266,nan
2024-05-30T15:59:46,83.546051,-50.813828,nan
2024-05-30T15:59:46,83.545937,-50.813389,nan
2024-05-30T15:59:45,83.545830,-50.812950,nan
2024-05-30T15:59:45,83.545715,-50.812508,nan
2024-05-30T15:59:44,83.545601,-50.812065,nan
2024-05-30T15:59:44,83.545486,-50.811619,nan
2024-05-30T15:59:43,83.545380,-50.811172,nan
2024-05-30T15:59:43,83.545265,-50.810719,nan
2024-05-30T15:59:42,83.545151,-50.810268,nan
2024-05-30T15:59:42,83.545044,-50.809811,nan
2024-05-30T15:59:41,83.544930,-50.809353,nan
2024-05-30T15:59:41,83.544815,-50.808895,nan
2024-05-30T15:59:40,83.544708,-50.808434,nan
2024-05-30T15:59:40,83.544594,-50.807972,nan
2024-05-30T15:59:39,83.544479,-50.807510,nan
2024-05-30T15:59:39,83.544373,-50.807049,nan
2024-05-30T15:59:38,83.544258,-50.806583,nan
2024-05-30T15:59:38,83.544144,-50.806122,nan
2024-05-30T15:59:37,83.544029,-50.805656,nan
2024-05-30T15:59:37,83.543922,-50.805195,nan
2024-05-30T15:59:36,83.543808,-50.804726,nan
2024-05-30T15:59:36,83.543694,-50.804256,nan
2024-05-30T15:59:35,83.543579,-50.803783,nan
2024-05-30T15:59:35,83.543472,-50.803303,nan
2024-05-30T15:59:34,83.543358,-50.802814,nan
2024-05-30T15:59:34,83.543243,-50.802322,nan
2024-05-30T15:59:33,83.543129,-50.801826,nan
2024-05-30T15:59:33,83.543022,-50.801327,nan
2024-05-30T15:59:32,83.542908,-50.800823,nan
2024-05-30T15:59:32,83.542793,-50.800316,nan
2024-05-30T15:59:31,83.542679,-50.799801,nan
2024-05-30T15:59:31,83.542564,-50.799286,nan
2024-05-30T15:59:30,83.542450,-50.798763,nan
2024-05-30T15:59:30,83.542343,-50.798237,nan
2024-05-30T15:59:29,83.542229,-50.797707,nan
2024-05-30T15:59:29,83.542114,-50.797173,nan
2024-05-30T15:59:28,83.542000,-50.796631,nan
2024-05-30T15:59:28,83.541885,-50.796089,nan
2024-05-30T15:59:27,83.541771,-50.795544,nan
2024-05-30T15:59:27,83.541656,-50.794991,nan
2024-05-30T15:59:26,83.541542,-50.794441,nan
2024-05-30T15:59:26,83.541428,-50.793884,nan
2024-05-30T15:59:25,83.541313,-50.793324,nan
2024-05-30T15:59:25,83.541199,-50.792763,nan
2024-05-30T15:59:24,83.541084,-50.792198,nan
2024-05-30T15:59:24,83.540962,-50.791630,nan
2024-05-30T15:59:23,83.540848,-50.791058,nan
2024-05-30T15:59:23,83.540726,-50.790482,nan
2024-05-30T15:59:22,83.540611,-50.789909,nan
2024-05-30T15:59:22,83.540489,-50.789337,nan
2024-05-30T15:59:21,83.540367,-50.788765,nan
2024-05-30T15:59:21,83.540245,-50.788197,nan
2024-05-30T15:59:20,83.540123,-50.787624,nan
2024-05-30T15:59:20,83.540001,-50.787056,nan
2024-05-30T15:59:19,83.539879,-50.786484,nan
2024-05-30T15:59:19,83.539757,-50.785912,nan
2024-05-30T15:59:18,83.539635,-50.785339,nan
2024-05-30T15:59:18,83.539505,-50.784771,nan
2024-05-30T15:59:17,83.539383,-50.784199,nan
2024-05-30T15:59:17,83.539253,-50.783634,nan
2024-05-30T15:59:16,83.539131,-50.783066,nan
2024-05-30T15:59:16,83.539001,-50.782501,nan
2024-05-30T15:59:15,83.538879,-50.781933,nan
2024-05-30T15:59:15,83.538757,-50.781361,nan
2024-05-30T15:59:14,83.538628,-50.780788,nan
2024-05-30T15:59:14,83.538506,-50.780216,nan
2024-05-30T15:59:13,83.538383,-50.779652,nan
2024-05-30T15:59:13,83.538261,-50.779095,nan
2024-05-30T15:59:12,83.538147,-50.778542,nan
2024-05-30T15:59:12,83.538025,-50.777992,nan
2024-05-30T15:59:11,83.537903,-50.777454,nan
2024-05-30T15:59:11,83.537788,-50.776928,nan
2024-05-30T15:59:10,83.537674,-50.776405,nan
2024-05-30T15:59:10,83.537552,-50.775890,nan
2024-05-30T15:59:09,83.537437,-50.775383,nan
2024-05-30T15:59:09,83.537323,-50.774879,nan
2024-05-30T15:59:08,83.537209,-50.774387,nan
2024-05-30T15:59:08,83.537094,-50.773895,nan
2024-05-30T15:59:07,83.536980,-50.773411,nan
2024-05-30T15:59:07,83.536865,-50.772930,nan
2024-05-30T15:59:06,83.536751,-50.772449,nan
2024-05-30T15:59:06,83.536636,-50.771969,nan
2024-05-30T15:59:05,83.536514,-50.771488,nan
2024-05-30T15:59:05,83.536400,-50.771011,nan
2024-05-30T15:59:04,83.536285,-50.770531,nan
2024-05-30T15:59:04,83.536163,-50.770050,nan
2024-05-30T15:59:03,83.536049,-50.769573,nan
2024-05-30T15:59:03,83.535927,-50.769100,nan
2024-05-30T15:59:02,83.535805,-50.768627,nan
2024-05-30T15:59:02,83.535683,-50.768162,nan
2024-05-30T15:59:01,83.535561,-50.767693,nan
2024-05-30T15:59:01,83.535439,-50.767227,nan
2024-05-30T15:59:00,83.535309,-50.766766,nan
2024-05-30T15:59:00,83.535187,-50.766300,nan
2024-05-30T15:58:59,83.535065,-50.765831,nan
2024-05-30T15:58:59,83.534935,-50.765362,nan
2024-05-30T15:58:58,83.534805,-50.764885,nan
2024-05-30T15:58:58,83.534683,-50.764404,nan
2024-05-30T15:58:57,83.534554,-50.763920,nan
2024-05-30T15:58:57,83.534431,-50.763432,nan
2024-05-30T15:58:56,83.534302,-50.762939,nan
2024-05-30T15:58:56,83.534180,-50.762447,nan
2024-05-30T15:58:55,83.534050,-50.761951,nan
2024-05-30T15:58:55,83.533928,-50.761463,nan
2024-05-30T15:58:54,83.533806,-50.760990,nan
2024-05-30T15:58:54,83.533676,-50.760517,nan
2024-05-30T15:58:53,83.533554,-50.760056,nan
2024-05-30T15:58:53,83.533432,-50.759598,nan
2024-05-30T15:58:52,83.533310,-50.759148,nan
2024-05-30T15:58:52,83.533195,-50.758698,nan
2024-05-30T15:58:51,83.533073,-50.758251,nan
2024-05-30T15:58:51,83.532951,-50.757812,nan
2024-05-30T15:58:50,83.532829,-50.757374,nan
2024-05-30T15:58:50,83.532715,-50.756947,nan
2024-05-30T15:58:49,83.532593,-50.756523,nan
2024-05-30T15:58:49,83.532478,-50.756104,nan
2024-05-30T15:58:48,83.532356,-50.755692,nan
2024-05-30T15:58:48,83.532242,-50.755280,nan
2024-05-30T15:58:47,83.532127,-50.754871,nan
2024-05-30T15:58:47,83.532013,-50.754475,nan
2024-05-30T15:58:46,83.531898,-50.754078,nan
2024-05-30T15:58:46,83.531784,-50.753681,nan
2024-05-30T15:58:45,83.531677,-50.753284,nan
2024-05-30T15:58:45,83.531563,-50.752888,nan
2024-05-30T15:58:44,83.531448,-50.752495,nan
2024-05-30T15:58:44,83.531342,-50.752098,nan
2024-05-30T15:58:43,83.531235,-50.751701,nan
2024-05-30T15:58:43,83.531120,-50.751301,nan
2024-05-30T15:58:42,83.531013,-50.750896,nan
2024-05-30T15:58:42,83.530899,-50.750488,nan
2024-05-30T15:58:41,83.530792,-50.750076,nan
2024-05-30T15:58:41,83.530685,-50.749657,nan
2024-05-30T15:58:40,83.530571,-50.749233,nan
2024-05-30T15:58:40,83.530464,-50.748802,nan
2024-05-30T15:58:39,83.530357,-50.748363,nan
2024-05-30T15:58:39,83.530251,-50.747913,nan
2024-05-30T15:58:38,83.530144,-50.747452,nan
2024-05-30T15:58:38,83.530029,-50.746986,nan
2024-05-30T15:58:37,83.529922,-50.746510,nan
2024-05-30T15:58:37,83.529816,-50.746029,nan
2024-05-30T15:58:36,83.529709,-50.745544,nan
2024-05-30T15:58:36,83.529602,-50.745052,nan
2024-05-30T15:58:35,83.529495,-50.744560,nan
2024-05-30T15:58:35,83.529388,-50.744061,nan
2024-05-30T15:58:34,83.529282,-50.743561,nan
2024-05-30T15:58:34,83.529175,-50.743053,nan
2024-05-30T15:58:33,83.529068,-50.742550,nan
2024-05-30T15:58:33,83.528961,-50.742046,nan
2024-05-30T15:58:32,83.528854,-50.741543,nan
2024-05-30T15:58:32,83.528748,-50.741047,nan
2024-05-30T15:58:31,83.528641,-50.740555,nan
2024-05-30T15:58:31,83.528534,-50.740074,nan
2024-05-30T15:58:30,83.528435,-50.739597,nan
2024-05-30T15:58:30,83.528328,-50.739128,nan
2024-05-30T15:58:29,83.528229,-50.738667,nan
2024-05-30T15:58:29,83.528122,-50.738209,nan
2024-05-30T15:58:28,83.528023,-50.737766,nan
2024-05-30T15:58:28,83.527916,-50.737335,nan
2024-05-30T15:58:27,83.527817,-50.736919,nan
2024-05-30T15:58:27,83.527718,-50.736511,nan
2024-05-30T15:58:26,83.527611,-50.736115,nan
2024-05-30T15:58:26,83.527512,-50.735718,nan
2024-05-30T15:58:25,83.527412,-50.735329,nan
2024-05-30T15:58:25,83.527313,-50.734936,nan
2024-05-30T15:58:24,83.527214,-50.734543,nan
2024-05-30T15:58:24,83.527115,-50.734142,nan
2024-05-30T15:58:23,83.527016,-50.733742,nan
2024-05-30T15:58:23,83.526924,-50.733334,nan
2024-05-30T15:58:22,83.526825,-50.732914,nan
2024-05-30T15:58:22,83.526733,-50.732483,nan
2024-05-30T15:58:21,83.526642,-50.732048,nan
2024-05-30T15:58:21,83.526543,-50.731602,nan
2024-05-30T15:58:20,83.526451,-50.731148,nan
2024-05-30T15:58:20,83.526367,-50.730686,nan
2024-05-30T15:58:19,83.526276,-50.730217,nan
2024-05-30T15:58:19,83.526184,-50.729740,nan
2024-05-30T15:58:18,83.526093,-50.729256,nan
2024-05-30T15:58:18,83.526009,-50.728764,nan
2024-05-30T15:58:17,83.525917,-50.728271,nan
2024-05-30T15:58:17,83.525833,-50.727772,nan
2024-05-30T15:58:16,83.525742,-50.727276,nan
2024-05-30T15:58:16,83.525658,-50.726772,nan
2024-05-30T15:58:15,83.525566,-50.726269,nan
2024-05-30T15:58:15,83.525475,-50.725758,nan
2024-05-30T15:58:14,83.525391,-50.725239,nan
2024-05-30T15:58:14,83.525299,-50.724724,nan
2024-05-30T15:58:13,83.525215,-50.724201,nan
2024-05-30T15:58:13,83.525124,-50.723682,nan
2024-05-30T15:58:12,83.525040,-50.723156,nan
2024-05-30T15:58:12,83.524956,-50.722626,nan
2024-05-30T15:58:11,83.524864,-50.722092,nan
2024-05-30T15:58:11,83.524780,-50.721550,nan
2024-05-30T15:58:10,83.524696,-50.721008,nan
2024-05-30T15:58:10,83.524612,-50.720455,nan
2024-05-30T15:58:09,83.524521,-50.719902,nan
2024-05-30T15:58:09,83.524437,-50.719345,nan
2024-05-30T15:58:08,83.524353,-50.718788,nan
2024-05-30T15:58:08,83.524261,-50.718231,nan
2024-05-30T15:58:07,83.524178,-50.717682,nan
2024-05-30T15:58:07,83.524086,-50.717129,nan
2024-05-30T15:58:06,83.524002,-50.716587,nan
2024-05-30T15:58:06,83.523911,-50.716057,nan
2024-05-30T15:58:05,83.523819,-50.715530,nan
2024-05-30T15:58:05,83.523727,-50.715015,nan
2024-05-30T15:58:04,83.523636,-50.714500,nan
2024-05-30T15:58:04,83.523544,-50.713989,nan
2024-05-30T15:58:03,83.523453,-50.713482,nan
2024-05-30T15:58:03,83.523361,-50.712978,nan
2024-05-30T15:58:02,83.523270,-50.712475,nan
2024-05-30T15:58:02,83.523178,-50.711975,nan
2024-05-30T15:58:01,83.523087,-50.711475,nan
2024-05-30T15:58:01,83.522995,-50.710972,nan
2024-05-30T15:58:00,83.522911,-50.710461,nan
2024-05-30T15:58:00,83.522820,-50.709949,nan
2024-05-30T15:57:59,83.522728,-50.709431,nan
2024-05-30T15:57:59,83.522644,-50.708916,nan
2024-05-30T15:57:58,83.522552,-50.708397,nan
2024-05-30T15:57:58,83.522461,-50.707878,nan
2024-05-30T15:57:57,83.522369,-50.707367,nan
2024-05-30T15:57:57,83.522278,-50.706856,nan
2024-05-30T15:57:56,83.522186,-50.706348,nan
2024-05-30T15:57:56,83.522095,-50.705849,nan
2024-05-30T15:57:55,83.522003,-50.705353,nan
2024-05-30T15:57:55,83.521912,-50.704865,nan
2024-05-30T15:57:54,83.521820,-50.704384,nan
2024-05-30T15:57:54,83.521729,-50.703911,nan
2024-05-30T15:57:53,83.521645,-50.703445,nan
2024-05-30T15:57:53,83.521553,-50.702991,nan
2024-05-30T15:57:52,83.521461,-50.702538,nan
2024-05-30T15:57:52,83.521370,-50.702091,nan
2024-05-30T15:57:51,83.521278,-50.701653,nan
2024-05-30T15:57:51,83.521194,-50.701210,nan
2024-05-30T15:57:50,83.521103,-50.700771,nan
2024-05-30T15:57:50,83.521011,-50.700333,nan
2024-05-30T15:57:49,83.520927,-50.699894,nan
2024-05-30T15:57:49,83.520836,-50.699448,nan
2024-05-30T15:57:48,83.520752,-50.698997,nan
2024-05-30T15:57:48,83.520660,-50.698544,nan
2024-05-30T15:57:47,83.520569,-50.698078,nan
2024-05-30T15:57:47,83.520485,-50.697605,nan
2024-05-30T15:57:46,83.520393,-50.697128,nan
2024-05-30T15:57:46,83.520309,-50.696644,nan
2024-05-30T15:57:45,83.520218,-50.696152,nan
2024-05-30T15:57:45,83.520134,-50.695660,nan
2024-05-30T15:57:44,83.520042,-50.695164,nan
2024-05-30T15:57:44,83.519951,-50.694668,nan
2024-05-30T15:57:43,83.519867,-50.694176,nan
2024-05-30T15:57:43,83.519775,-50.693684,nan
2024-05-30T15:57:42,83.519684,-50.693195,nan
2024-05-30T15:57:42,83.519600,-50.692715,nan
2024-05-30T15:57:41,83.519508,-50.692238,nan
2024-05-30T15:57:41,83.519417,-50.691757,nan
2024-05-30T15:57:40,83.519333,-50.691277,nan
2024-05-30T15:57:40,83.519241,-50.690792,nan
2024-05-30T15:57:39,83.519157,-50.690311,nan
2024-05-30T15:57:39,83.519066,-50.689831,nan
2024-05-30T15:57:38,83.518982,-50.689350,nan
2024-05-30T15:57:38,83.518890,-50.688885,nan
2024-05-30T15:57:37,83.518806,-50.688431,nan
2024-05-30T15:57:37,83.518715,-50.687992,nan
2024-05-30T15:57:36,83.518631,-50.687569,nan
2024-05-30T15:57:36,83.518547,-50.687164,nan
2024-05-30T15:57:35,83.518456,-50.686768,nan
2024-05-30T15:57:35,83.518372,-50.686382,nan
2024-05-30T15:57:34,83.518288,-50.686008,nan
2024-05-30T15:57:34,83.518204,-50.685642,nan
2024-05-30T15:57:33,83.518120,-50.685284,nan
2024-05-30T15:57:33,83.518028,-50.684933,nan
2024-05-30T15:57:32,83.517952,-50.684586,nan
2024-05-30T15:57:32,83.517868,-50.684254,nan
2024-05-30T15:57:31,83.517784,-50.683922,nan
2024-05-30T15:57:31,83.517700,-50.683605,nan
2024-05-30T15:57:30,83.517624,-50.683296,nan
2024-05-30T15:57:30,83.517540,-50.683002,nan
2024-05-30T15:57:29,83.517464,-50.682716,nan
2024-05-30T15:57:29,83.517380,-50.682442,nan
2024-05-30T15:57:28,83.517303,-50.682167,nan
2024-05-30T15:57:28,83.517227,-50.681908,nan
2024-05-30T15:57:27,83.517151,-50.681641,nan
2024-05-30T15:57:27,83.517075,-50.681381,nan
2024-05-30T15:57:26,83.516998,-50.681129,nan
2024-05-30T15:57:26,83.516922,-50.680874,nan
2024-05-30T15:57:25,83.516846,-50.680622,nan
2024-05-30T15:57:25,83.516769,-50.680367,nan
2024-05-30T15:57:24,83.516701,-50.680107,nan
2024-05-30T15:57:24,83.516624,-50.679848,nan
2024-05-30T15:57:23,83.516548,-50.679585,nan
2024-05-30T15:57:23,83.516479,-50.679325,nan
2024-05-30T15:57:22,83.516403,-50.679066,nan
2024-05-30T15:57:22,83.516335,-50.678810,nan
2024-05-30T15:57:21,83.516258,-50.678558,nan
2024-05-30T15:57:21,83.516190,-50.678310,nan
2024-05-30T15:57:20,83.516113,-50.678062,nan
2024-05-30T15:57:20,83.516045,-50.677822,nan
2024-05-30T15:57:19,83.515976,-50.677589,nan
2024-05-30T15:57:19,83.515900,-50.677357,nan
2024-05-30T15:57:18,83.515831,-50.677124,nan
2024-05-30T15:57:18,83.515762,-50.676891,nan
2024-05-30T15:57:17,83.515694,-50.676659,nan
2024-05-30T15:57:17,83.515625,-50.676422,nan
2024-05-30T15:57:16,83.515556,-50.676186,nan
2024-05-30T15:57:16,83.515480,-50.675941,nan
2024-05-30T15:57:15,83.515411,-50.675701,nan
2024-05-30T15:57:15,83.515343,-50.675461,nan
2024-05-30T15:57:14,83.515266,-50.675220,nan
2024-05-30T15:57:14,83.515198,-50.674988,nan
2024-05-30T15:57:13,83.515129,-50.674755,nan
2024-05-30T15:57:13,83.515060,-50.674534,nan
2024-05-30T15:57:12,83.514992,-50.674309,nan
2024-05-30T15:57:12,83.514915,-50.674088,nan
2024-05-30T15:57:11,83.514847,-50.673866,nan
2024-05-30T15:57:11,83.514778,-50.673649,nan
2024-05-30T15:57:10,83.514709,-50.673443,nan
2024-05-30T15:57:10,83.514641,-50.673241,nan
2024-05-30T15:57:09,83.514572,-50.673042,nan
2024-05-30T15:57:09,83.514511,-50.672855,nan
2024-05-30T15:57:08,83.514442,-50.672668,nan
2024-05-30T15:57:08,83.514381,-50.672482,nan
2024-05-30T15:57:07,83.514320,-50.672295,nan
2024-05-30T15:57:07,83.514259,-50.672112,nan
2024-05-30T15:57:06,83.514198,-50.671928,nan
2024-05-30T15:57:06,83.514145,-50.671753,nan
2024-05-30T15:57:05,83.514084,-50.671589,nan
2024-05-30T15:57:05,83.514030,-50.671425,nan
2024-05-30T15:57:04,83.513977,-50.671272,nan
2024-05-30T15:57:04,83.513924,-50.671127,nan
2024-05-30T15:57:03,83.513870,-50.670986,nan
2024-05-30T15:57:03,83.513817,-50.670853,nan
2024-05-30T15:57:02,83.513771,-50.670719,nan
2024-05-30T15:57:02,83.513718,-50.670589,nan
2024-05-30T15:57:01,83.513664,-50.670464,nan
2024-05-30T15:57:01,83.513618,-50.670338,nan
2024-05-30T15:57:00,83.513565,-50.670212,nan
2024-05-30T15:57:00,83.513519,-50.670082,nan
2024-05-30T15:56:59,83.513466,-50.669956,nan
2024-05-30T15:56:59,83.513412,-50.669823,nan
2024-05-30T15:56:58,83.513359,-50.669689,nan
2024-05-30T15:56:58,83.513306,-50.669556,nan
2024-05-30T15:56:57,83.513252,-50.669422,nan
2024-05-30T15:56:57,83.513199,-50.669281,nan
2024-05-30T15:56:56,83.513138,-50.669132,nan
2024-05-30T15:56:56,83.513084,-50.668983,nan
2024-05-30T15:56:55,83.513023,-50.668823,nan
2024-05-30T15:56:55,83.512970,-50.668659,nan
2024-05-30T15:56:54,83.512909,-50.668488,nan
2024-05-30T15:56:54,83.512848,-50.668308,nan
2024-05-30T15:56:53,83.512787,-50.668118,nan
2024-05-30T15:56:53,83.512726,-50.667919,nan
2024-05-30T15:56:52,83.512665,-50.667713,nan
2024-05-30T15:56:52,83.512604,-50.667503,nan
2024-05-30T15:56:51,83.512543,-50.667294,nan
2024-05-30T15:56:51,83.512482,-50.667080,nan
2024-05-30T15:56:50,83.512421,-50.666874,nan
2024-05-30T15:56:50,83.512360,-50.666668,nan
2024-05-30T15:56:49,83.512306,-50.666466,nan
2024-05-30T15:56:49,83.512253,-50.666260,nan
2024-05-30T15:56:48,83.512192,-50.666054,nan
2024-05-30T15:56:48,83.512146,-50.665852,nan
2024-05-30T15:56:47,83.512093,-50.665653,nan
2024-05-30T15:56:47,83.512039,-50.665447,nan
2024-05-30T15:56:46,83.511993,-50.665245,nan
2024-05-30T15:56:46,83.511948,-50.665035,nan
2024-05-30T15:56:45,83.511902,-50.664818,nan
2024-05-30T15:56:45,83.511856,-50.664593,nan
2024-05-30T15:56:44,83.511810,-50.664360,nan
2024-05-30T15:56:44,83.511765,-50.664116,nan
2024-05-30T15:56:43,83.511719,-50.663857,nan
2024-05-30T15:56:43,83.511681,-50.663593,nan
2024-05-30T15:56:42,83.511635,-50.663326,nan
2024-05-30T15:56:42,83.511589,-50.663055,nan
2024-05-30T15:56:41,83.511543,-50.662773,nan
2024-05-30T15:56:41,83.511505,-50.662487,nan
2024-05-30T15:56:40,83.511459,-50.662189,nan
2024-05-30T15:56:40,83.511421,-50.661896,nan
2024-05-30T15:56:39,83.511383,-50.661594,nan
2024-05-30T15:56:39,83.511345,-50.661293,nan
2024-05-30T15:56:38,83.511307,-50.660980,nan
2024-05-30T15:56:38,83.511276,-50.660667,nan
2024-05-30T15:56:37,83.511238,-50.660347,nan
2024-05-30T15:56:37,83.511200,-50.660015,nan
2024-05-30T15:56:36,83.511169,-50.659676,nan
2024-05-30T15:56:36,83.511131,-50.659325,nan
2024-05-30T15:56:35,83.511101,-50.658970,nan
2024-05-30T15:56:35,83.511063,-50.658607,nan
2024-05-30T15:56:34,83.511032,-50.658237,nan
2024-05-30T15:56:34,83.511002,-50.657864,nan
2024-05-30T15:56:33,83.510971,-50.657486,nan
2024-05-30T15:56:33,83.510941,-50.657116,nan
2024-05-30T15:56:32,83.510902,-50.656742,nan
2024-05-30T15:56:32,83.510872,-50.656372,nan
2024-05-30T15:56:31,83.510841,-50.655998,nan
2024-05-30T15:56:31,83.510803,-50.655602,nan
2024-05-30T15:56:30,83.510773,-50.655209,nan
2024-05-30T15:56:30,83.510742,-50.654804,nan
2024-05-30T15:56:29,83.510704,-50.654408,nan
2024-05-30T15:56:29,83.510674,-50.654003,nan
2024-05-30T15:56:28,83.510643,-50.653587,nan
2024-05-30T15:56:28,83.510605,-50.653175,nan
2024-05-30T15:56:27,83.510574,-50.652756,nan
2024-05-30T15:56:27,83.510551,-50.652340,nan
2024-05-30T15:56:26,83.510521,-50.651913,nan
2024-05-30T15:56:26,83.510506,-50.651463,nan
2024-05-30T15:56:25,83.510506,-50.650890,nan
2024-05-30T15:56:25,83.510567,-50.649937,nan
2024-05-30T15:56:24,83.510773,-50.648357,nan
2024-05-30T15:56:24,83.511032,-50.646549,nan
2024-05-30T15:56:23,83.511551,-50.643604,nan
2024-05-30T15:56:23,83.511940,-50.641315,nan
2024-05-30T15:56:22,83.512260,-50.639309,nan
2024-05-30T15:56:17,83.509613,-50.646957,nan
2024-05-30T15:56:17,83.508675,-50.649818,nan
