datetime,lat,lon,elev
2024-08-15T15:35:05,83.166687,-51.873680,nan
2024-08-15T15:35:05,83.166687,-51.873737,nan
2024-08-15T15:35:04,83.166687,-51.873802,nan
2024-08-15T15:35:04,83.166687,-51.873871,nan
2024-08-15T15:35:03,83.166687,-51.873940,nan
2024-08-15T15:35:03,83.166695,-51.874008,nan
2024-08-15T15:35:02,83.166695,-51.874077,nan
2024-08-15T15:35:02,83.166702,-51.874142,nan
2024-08-15T15:35:01,83.166702,-51.874210,nan
2024-08-15T15:35:01,83.166710,-51.874275,nan
2024-08-15T15:35:00,83.166725,-51.874344,nan
2024-08-15T15:35:00,83.166733,-51.874413,nan
2024-08-15T15:34:59,83.166740,-51.874481,nan
2024-08-15T15:34:59,83.166756,-51.874554,nan
2024-08-15T15:34:58,83.166763,-51.874622,nan
2024-08-15T15:34:58,83.166779,-51.874695,nan
2024-08-15T15:34:57,83.166786,-51.874771,nan
2024-08-15T15:34:57,83.166801,-51.874844,nan
2024-08-15T15:34:56,83.166817,-51.874920,nan
2024-08-15T15:34:56,83.166832,-51.874992,nan
2024-08-15T15:34:55,83.166847,-51.875069,nan
2024-08-15T15:34:55,83.166862,-51.875149,nan
2024-08-15T15:34:54,83.166885,-51.875229,nan
2024-08-15T15:34:54,83.166901,-51.875313,nan
2024-08-15T15:34:53,83.166924,-51.875401,nan
2024-08-15T15:34:53,83.166946,-51.875484,nan
2024-08-15T15:34:52,83.166962,-51.875576,nan
2024-08-15T15:34:52,83.166985,-51.875668,nan
2024-08-15T15:34:51,83.167007,-51.875767,nan
2024-08-15T15:34:51,83.167030,-51.875866,nan
2024-08-15T15:34:50,83.167053,-51.875973,nan
2024-08-15T15:34:50,83.167076,-51.876083,nan
2024-08-15T15:34:49,83.167099,-51.876198,nan
2024-08-15T15:34:49,83.167122,-51.876316,nan
2024-08-15T15:34:48,83.167145,-51.876434,nan
2024-08-15T15:34:48,83.167168,-51.876560,nan
2024-08-15T15:34:47,83.167191,-51.876682,nan
2024-08-15T15:34:47,83.167213,-51.876808,nan
2024-08-15T15:34:46,83.167236,-51.876930,nan
2024-08-15T15:34:46,83.167259,-51.877056,nan
2024-08-15T15:34:45,83.167282,-51.877182,nan
2024-08-15T15:34:45,83.167305,-51.877304,nan
2024-08-15T15:34:44,83.167328,-51.877426,nan
2024-08-15T15:34:44,83.167351,-51.877556,nan
2024-08-15T15:34:43,83.167374,-51.877682,nan
2024-08-15T15:34:43,83.167397,-51.877815,nan
2024-08-15T15:34:42,83.167427,-51.877949,nan
2024-08-15T15:34:41,83.167473,-51.878216,nan
2024-08-15T15:34:41,83.167503,-51.878349,nan
2024-08-15T15:34:40,83.167534,-51.878483,nan
2024-08-15T15:34:40,83.167557,-51.878613,nan
2024-08-15T15:34:39,83.167587,-51.878742,nan
2024-08-15T15:34:39,83.167618,-51.878876,nan
2024-08-15T15:34:38,83.167641,-51.879002,nan
2024-08-15T15:34:38,83.167671,-51.879131,nan
2024-08-15T15:34:37,83.167702,-51.879265,nan
2024-08-15T15:34:37,83.167732,-51.879395,nan
2024-08-15T15:34:36,83.167763,-51.879520,nan
2024-08-15T15:34:36,83.167786,-51.879650,nan
2024-08-15T15:34:35,83.167816,-51.879776,nan
2024-08-15T15:34:35,83.167847,-51.879906,nan
2024-08-15T15:34:34,83.167877,-51.880028,nan
2024-08-15T15:34:34,83.167908,-51.880150,nan
2024-08-15T15:34:33,83.167938,-51.880272,nan
2024-08-15T15:34:33,83.167969,-51.880390,nan
2024-08-15T15:34:32,83.167999,-51.880508,nan
2024-08-15T15:34:32,83.168022,-51.880619,nan
2024-08-15T15:34:31,83.168053,-51.880733,nan
2024-08-15T15:34:31,83.168083,-51.880840,nan
2024-08-15T15:34:30,83.168106,-51.880947,nan
2024-08-15T15:34:30,83.168137,-51.881058,nan
2024-08-15T15:34:29,83.168167,-51.881168,nan
2024-08-15T15:34:29,83.168190,-51.881279,nan
2024-08-15T15:34:28,83.168221,-51.881390,nan
2024-08-15T15:34:28,83.168243,-51.881500,nan
2024-08-15T15:34:27,83.168274,-51.881611,nan
2024-08-15T15:34:27,83.168297,-51.881721,nan
2024-08-15T15:34:26,83.168327,-51.881836,nan
2024-08-15T15:34:26,83.168350,-51.881947,nan
2024-08-15T15:34:25,83.168373,-51.882057,nan
2024-08-15T15:34:25,83.168396,-51.882172,nan
2024-08-15T15:34:24,83.168427,-51.882278,nan
2024-08-15T15:34:24,83.168449,-51.882389,nan
2024-08-15T15:34:23,83.168472,-51.882504,nan
2024-08-15T15:34:23,83.168495,-51.882618,nan
2024-08-15T15:34:22,83.168533,-51.882854,nan
2024-08-15T15:34:21,83.168556,-51.882977,nan
2024-08-15T15:34:21,83.168571,-51.883099,nan
2024-08-15T15:34:20,83.168594,-51.883228,nan
2024-08-15T15:34:20,83.168610,-51.883354,nan
2024-08-15T15:34:19,83.168633,-51.883480,nan
2024-08-15T15:34:19,83.168648,-51.883606,nan
2024-08-15T15:34:18,83.168671,-51.883732,nan
2024-08-15T15:34:18,83.168686,-51.883865,nan
2024-08-15T15:34:17,83.168709,-51.883999,nan
2024-08-15T15:34:17,83.168724,-51.884132,nan
2024-08-15T15:34:16,83.168739,-51.884266,nan
2024-08-15T15:34:16,83.168755,-51.884403,nan
2024-08-15T15:34:15,83.168777,-51.884537,nan
2024-08-15T15:34:15,83.168793,-51.884670,nan
2024-08-15T15:34:14,83.168808,-51.884808,nan
2024-08-15T15:34:14,83.168823,-51.884941,nan
2024-08-15T15:34:13,83.168846,-51.885075,nan
2024-08-15T15:34:13,83.168861,-51.885212,nan
2024-08-15T15:34:12,83.168877,-51.885345,nan
2024-08-15T15:34:12,83.168900,-51.885479,nan
2024-08-15T15:34:11,83.168915,-51.885612,nan
2024-08-15T15:34:10,83.168945,-51.885880,nan
2024-08-15T15:34:10,83.168968,-51.886009,nan
2024-08-15T15:34:09,83.168983,-51.886139,nan
2024-08-15T15:34:09,83.168999,-51.886265,nan
2024-08-15T15:34:08,83.169014,-51.886391,nan
2024-08-15T15:34:08,83.169029,-51.886517,nan
2024-08-15T15:34:07,83.169037,-51.886646,nan
2024-08-15T15:34:07,83.169052,-51.886772,nan
2024-08-15T15:34:06,83.169067,-51.886902,nan
2024-08-15T15:34:06,83.169075,-51.887028,nan
2024-08-15T15:34:05,83.169090,-51.887157,nan
2024-08-15T15:34:05,83.169098,-51.887283,nan
2024-08-15T15:34:04,83.169106,-51.887417,nan
2024-08-15T15:34:04,83.169121,-51.887550,nan
2024-08-15T15:34:03,83.169128,-51.887684,nan
2024-08-15T15:34:03,83.169136,-51.887817,nan
2024-08-15T15:34:02,83.169144,-51.887951,nan
2024-08-15T15:34:02,83.169151,-51.888088,nan
2024-08-15T15:34:01,83.169167,-51.888229,nan
2024-08-15T15:34:01,83.169174,-51.888367,nan
2024-08-15T15:34:00,83.169182,-51.888508,nan
2024-08-15T15:34:00,83.169189,-51.888649,nan
2024-08-15T15:33:59,83.169205,-51.888790,nan
2024-08-15T15:33:59,83.169212,-51.888935,nan
2024-08-15T15:33:58,83.169228,-51.889080,nan
2024-08-15T15:33:58,83.169235,-51.889225,nan
2024-08-15T15:33:57,83.169250,-51.889366,nan
2024-08-15T15:33:57,83.169266,-51.889511,nan
2024-08-15T15:33:56,83.169273,-51.889652,nan
2024-08-15T15:33:56,83.169289,-51.889797,nan
2024-08-15T15:33:55,83.169296,-51.889946,nan
2024-08-15T15:33:55,83.169312,-51.890091,nan
2024-08-15T15:33:54,83.169319,-51.890236,nan
2024-08-15T15:33:54,83.169327,-51.890377,nan
2024-08-15T15:33:53,83.169342,-51.890518,nan
2024-08-15T15:33:53,83.169350,-51.890659,nan
2024-08-15T15:33:52,83.169357,-51.890800,nan
2024-08-15T15:33:52,83.169365,-51.890942,nan
2024-08-15T15:33:51,83.169380,-51.891079,nan
2024-08-15T15:33:51,83.169380,-51.891212,nan
2024-08-15T15:33:50,83.169388,-51.891346,nan
2024-08-15T15:33:50,83.169395,-51.891479,nan
2024-08-15T15:33:49,83.169403,-51.891613,nan
2024-08-15T15:33:49,83.169411,-51.891747,nan
2024-08-15T15:33:48,83.169411,-51.891884,nan
2024-08-15T15:33:48,83.169418,-51.892017,nan
2024-08-15T15:33:47,83.169426,-51.892155,nan
2024-08-15T15:33:47,83.169426,-51.892292,nan
2024-08-15T15:33:46,83.169434,-51.892426,nan
2024-08-15T15:33:46,83.169434,-51.892563,nan
2024-08-15T15:33:45,83.169441,-51.892693,nan
2024-08-15T15:33:45,83.169441,-51.892822,nan
2024-08-15T15:33:44,83.169449,-51.892952,nan
2024-08-15T15:33:44,83.169449,-51.893085,nan
2024-08-15T15:33:43,83.169456,-51.893223,nan
2024-08-15T15:33:43,83.169456,-51.893360,nan
2024-08-15T15:33:42,83.169464,-51.893501,nan
2024-08-15T15:33:42,83.169464,-51.893642,nan
2024-08-15T15:33:41,83.169472,-51.893787,nan
2024-08-15T15:33:41,83.169472,-51.893932,nan
2024-08-15T15:33:40,83.169479,-51.894077,nan
2024-08-15T15:33:40,83.169479,-51.894230,nan
2024-08-15T15:33:39,83.169487,-51.894375,nan
2024-08-15T15:33:39,83.169487,-51.894524,nan
2024-08-15T15:33:38,83.169495,-51.894672,nan
2024-08-15T15:33:38,83.169495,-51.894821,nan
2024-08-15T15:33:37,83.169502,-51.894966,nan
2024-08-15T15:33:36,83.169502,-51.895256,nan
2024-08-15T15:33:36,83.169510,-51.895397,nan
2024-08-15T15:33:35,83.169510,-51.895538,nan
2024-08-15T15:33:35,83.169518,-51.895679,nan
2024-08-15T15:33:34,83.169518,-51.895821,nan
2024-08-15T15:33:34,83.169518,-51.895954,nan
2024-08-15T15:33:33,83.169518,-51.896091,nan
2024-08-15T15:33:33,83.169525,-51.896229,nan
2024-08-15T15:33:32,83.169525,-51.896362,nan
2024-08-15T15:33:32,83.169525,-51.896496,nan
2024-08-15T15:33:31,83.169533,-51.896629,nan
2024-08-15T15:33:31,83.169533,-51.896763,nan
2024-08-15T15:33:30,83.169533,-51.896900,nan
2024-08-15T15:33:30,83.169540,-51.897038,nan
2024-08-15T15:33:29,83.169548,-51.897175,nan
2024-08-15T15:33:29,83.169548,-51.897316,nan
2024-08-15T15:33:28,83.169556,-51.897457,nan
2024-08-15T15:33:28,83.169563,-51.897598,nan
2024-08-15T15:33:27,83.169563,-51.897736,nan
2024-08-15T15:33:27,83.169571,-51.897877,nan
2024-08-15T15:33:26,83.169579,-51.898018,nan
2024-08-15T15:33:26,83.169586,-51.898159,nan
2024-08-15T15:33:25,83.169594,-51.898300,nan
2024-08-15T15:33:25,83.169601,-51.898441,nan
2024-08-15T15:33:24,83.169609,-51.898582,nan
2024-08-15T15:33:24,83.169617,-51.898724,nan
2024-08-15T15:33:23,83.169624,-51.898865,nan
2024-08-15T15:33:23,83.169632,-51.899002,nan
2024-08-15T15:33:22,83.169632,-51.899139,nan
2024-08-15T15:33:22,83.169640,-51.899277,nan
2024-08-15T15:33:21,83.169647,-51.899414,nan
2024-08-15T15:33:21,83.169647,-51.899555,nan
2024-08-15T15:33:20,83.169655,-51.899689,nan
2024-08-15T15:33:20,83.169662,-51.899822,nan
2024-08-15T15:33:19,83.169662,-51.899960,nan
2024-08-15T15:33:19,83.169670,-51.900089,nan
2024-08-15T15:33:18,83.169670,-51.900219,nan
2024-08-15T15:33:18,83.169670,-51.900352,nan
2024-08-15T15:33:17,83.169678,-51.900482,nan
2024-08-15T15:33:17,83.169678,-51.900612,nan
2024-08-15T15:33:16,83.169678,-51.900742,nan
2024-08-15T15:33:16,83.169678,-51.900879,nan
2024-08-15T15:33:15,83.169678,-51.901020,nan
2024-08-15T15:33:15,83.169670,-51.901161,nan
2024-08-15T15:33:14,83.169670,-51.901306,nan
2024-08-15T15:33:14,83.169670,-51.901455,nan
2024-08-15T15:33:13,83.169662,-51.901608,nan
2024-08-15T15:33:13,83.169662,-51.901760,nan
2024-08-15T15:33:12,83.169662,-51.901920,nan
2024-08-15T15:33:12,83.169655,-51.902081,nan
2024-08-15T15:33:11,83.169655,-51.902241,nan
2024-08-15T15:33:11,83.169647,-51.902405,nan
2024-08-15T15:33:10,83.169647,-51.902573,nan
2024-08-15T15:33:10,83.169640,-51.902744,nan
2024-08-15T15:33:09,83.169640,-51.902908,nan
2024-08-15T15:33:09,83.169632,-51.903076,nan
2024-08-15T15:33:08,83.169632,-51.903240,nan
2024-08-15T15:33:08,83.169624,-51.903400,nan
2024-08-15T15:33:07,83.169617,-51.903561,nan
2024-08-15T15:33:07,83.169617,-51.903725,nan
2024-08-15T15:33:06,83.169609,-51.903877,nan
2024-08-15T15:33:06,83.169601,-51.904034,nan
2024-08-15T15:33:05,83.169594,-51.904186,nan
2024-08-15T15:33:05,83.169594,-51.904343,nan
2024-08-15T15:33:04,83.169579,-51.904499,nan
2024-08-15T15:33:04,83.169571,-51.904652,nan
2024-08-15T15:33:03,83.169563,-51.904800,nan
2024-08-15T15:33:03,83.169556,-51.904945,nan
2024-08-15T15:33:02,83.169548,-51.905087,nan
2024-08-15T15:33:02,83.169540,-51.905228,nan
2024-08-15T15:33:01,83.169533,-51.905369,nan
2024-08-15T15:33:01,83.169518,-51.905506,nan
2024-08-15T15:33:00,83.169510,-51.905647,nan
2024-08-15T15:33:00,83.169502,-51.905792,nan
2024-08-15T15:32:59,83.169495,-51.905933,nan
2024-08-15T15:32:59,83.169487,-51.906075,nan
2024-08-15T15:32:58,83.169479,-51.906212,nan
2024-08-15T15:32:58,83.169472,-51.906353,nan
2024-08-15T15:32:57,83.169464,-51.906490,nan
2024-08-15T15:32:57,83.169464,-51.906628,nan
2024-08-15T15:32:56,83.169456,-51.906761,nan
2024-08-15T15:32:56,83.169449,-51.906887,nan
2024-08-15T15:32:55,83.169441,-51.907013,nan
2024-08-15T15:32:55,83.169441,-51.907131,nan
2024-08-15T15:32:54,83.169434,-51.907249,nan
2024-08-15T15:32:54,83.169434,-51.907360,nan
2024-08-15T15:32:53,83.169426,-51.907471,nan
2024-08-15T15:32:53,83.169426,-51.907578,nan
2024-08-15T15:32:52,83.169426,-51.907803,nan
2024-08-15T15:32:51,83.169434,-51.907917,nan
2024-08-15T15:32:50,83.169434,-51.908257,nan
2024-08-15T15:32:49,83.169434,-51.908363,nan
2024-08-15T15:32:49,83.169434,-51.908470,nan
2024-08-15T15:32:48,83.169434,-51.908573,nan
2024-08-15T15:32:48,83.169441,-51.908676,nan
2024-08-15T15:32:47,83.169441,-51.908775,nan
2024-08-15T15:32:47,83.169441,-51.908875,nan
2024-08-15T15:32:46,83.169441,-51.908970,nan
2024-08-15T15:32:46,83.169441,-51.909065,nan
2024-08-15T15:32:45,83.169441,-51.909164,nan
2024-08-15T15:32:45,83.169441,-51.909260,nan
2024-08-15T15:32:44,83.169441,-51.909359,nan
2024-08-15T15:32:44,83.169441,-51.909458,nan
2024-08-15T15:32:43,83.169441,-51.909554,nan
2024-08-15T15:32:43,83.169441,-51.909657,nan
2024-08-15T15:32:42,83.169441,-51.909756,nan
2024-08-15T15:32:42,83.169441,-51.909855,nan
2024-08-15T15:32:41,83.169441,-51.909950,nan
2024-08-15T15:32:41,83.169441,-51.910049,nan
2024-08-15T15:32:40,83.169441,-51.910145,nan
2024-08-15T15:32:40,83.169434,-51.910244,nan
2024-08-15T15:32:39,83.169434,-51.910339,nan
2024-08-15T15:32:39,83.169434,-51.910431,nan
2024-08-15T15:32:38,83.169434,-51.910522,nan
2024-08-15T15:32:38,83.169434,-51.910610,nan
2024-08-15T15:32:37,83.169434,-51.910698,nan
2024-08-15T15:32:37,83.169426,-51.910786,nan
2024-08-15T15:32:36,83.169426,-51.910866,nan
2024-08-15T15:32:36,83.169426,-51.910950,nan
2024-08-15T15:32:35,83.169426,-51.911030,nan
2024-08-15T15:32:35,83.169426,-51.911106,nan
2024-08-15T15:32:34,83.169426,-51.911186,nan
2024-08-15T15:32:34,83.169426,-51.911266,nan
2024-08-15T15:32:33,83.169426,-51.911346,nan
2024-08-15T15:32:33,83.169426,-51.911427,nan
2024-08-15T15:32:32,83.169426,-51.911507,nan
2024-08-15T15:32:32,83.169426,-51.911587,nan
2024-08-15T15:32:31,83.169426,-51.911667,nan
2024-08-15T15:32:31,83.169426,-51.911747,nan
2024-08-15T15:32:30,83.169426,-51.911827,nan
2024-08-15T15:32:30,83.169426,-51.911907,nan
2024-08-15T15:32:29,83.169426,-51.911987,nan
2024-08-15T15:32:29,83.169426,-51.912071,nan
2024-08-15T15:32:28,83.169434,-51.912151,nan
2024-08-15T15:32:28,83.169434,-51.912235,nan
2024-08-15T15:32:27,83.169434,-51.912319,nan
2024-08-15T15:32:27,83.169434,-51.912407,nan
2024-08-15T15:32:26,83.169434,-51.912495,nan
2024-08-15T15:32:26,83.169441,-51.912579,nan
2024-08-15T15:32:25,83.169441,-51.912663,nan
2024-08-15T15:32:25,83.169441,-51.912743,nan
2024-08-15T15:32:24,83.169449,-51.912819,nan
2024-08-15T15:32:24,83.169449,-51.912895,nan
2024-08-15T15:32:23,83.169449,-51.912971,nan
2024-08-15T15:32:23,83.169456,-51.913048,nan
2024-08-15T15:32:22,83.169456,-51.913116,nan
2024-08-15T15:32:22,83.169456,-51.913185,nan
2024-08-15T15:32:21,83.169464,-51.913258,nan
2024-08-15T15:32:21,83.169464,-51.913326,nan
2024-08-15T15:32:20,83.169464,-51.913391,nan
2024-08-15T15:32:20,83.169472,-51.913460,nan
2024-08-15T15:32:19,83.169472,-51.913528,nan
2024-08-15T15:32:19,83.169479,-51.913601,nan
2024-08-15T15:32:18,83.169479,-51.913673,nan
2024-08-15T15:32:18,83.169479,-51.913750,nan
2024-08-15T15:32:17,83.169487,-51.913822,nan
2024-08-15T15:32:17,83.169487,-51.913898,nan
2024-08-15T15:32:16,83.169495,-51.913979,nan
2024-08-15T15:32:16,83.169495,-51.914062,nan
2024-08-15T15:32:15,83.169502,-51.914146,nan
2024-08-15T15:32:15,83.169502,-51.914227,nan
2024-08-15T15:32:14,83.169510,-51.914310,nan
2024-08-15T15:32:14,83.169518,-51.914398,nan
2024-08-15T15:32:13,83.169518,-51.914482,nan
2024-08-15T15:32:13,83.169525,-51.914570,nan
2024-08-15T15:32:12,83.169533,-51.914654,nan
2024-08-15T15:32:12,83.169533,-51.914742,nan
2024-08-15T15:32:11,83.169540,-51.914825,nan
2024-08-15T15:32:11,83.169548,-51.914909,nan
2024-08-15T15:32:10,83.169548,-51.914997,nan
2024-08-15T15:32:10,83.169556,-51.915085,nan
2024-08-15T15:32:09,83.169563,-51.915169,nan
2024-08-15T15:32:09,83.169563,-51.915257,nan
2024-08-15T15:32:08,83.169571,-51.915348,nan
2024-08-15T15:32:08,83.169579,-51.915436,nan
2024-08-15T15:32:07,83.169579,-51.915527,nan
2024-08-15T15:32:07,83.169586,-51.915615,nan
2024-08-15T15:32:06,83.169594,-51.915703,nan
2024-08-15T15:32:06,83.169594,-51.915794,nan
2024-08-15T15:32:05,83.169601,-51.915886,nan
2024-08-15T15:32:05,83.169601,-51.915977,nan
2024-08-15T15:32:04,83.169609,-51.916065,nan
2024-08-15T15:32:04,83.169617,-51.916157,nan
2024-08-15T15:32:03,83.169617,-51.916248,nan
2024-08-15T15:32:03,83.169624,-51.916340,nan
2024-08-15T15:32:02,83.169624,-51.916428,nan
2024-08-15T15:32:02,83.169632,-51.916519,nan
2024-08-15T15:32:01,83.169632,-51.916607,nan
2024-08-15T15:32:01,83.169632,-51.916695,nan
2024-08-15T15:32:00,83.169640,-51.916786,nan
2024-08-15T15:32:00,83.169640,-51.916882,nan
2024-08-15T15:31:59,83.169640,-51.916977,nan
2024-08-15T15:31:59,83.169647,-51.917068,nan
2024-08-15T15:31:58,83.169647,-51.917168,nan
2024-08-15T15:31:58,83.169647,-51.917267,nan
2024-08-15T15:31:57,83.169647,-51.917374,nan
2024-08-15T15:31:57,83.169647,-51.917473,nan
2024-08-15T15:31:56,83.169647,-51.917576,nan
2024-08-15T15:31:56,83.169647,-51.917671,nan
2024-08-15T15:31:55,83.169655,-51.917774,nan
2024-08-15T15:31:55,83.169655,-51.917873,nan
2024-08-15T15:31:54,83.169655,-51.917973,nan
2024-08-15T15:31:54,83.169655,-51.918068,nan
2024-08-15T15:31:53,83.169647,-51.918163,nan
2024-08-15T15:31:53,83.169647,-51.918255,nan
2024-08-15T15:31:52,83.169647,-51.918346,nan
2024-08-15T15:31:52,83.169647,-51.918434,nan
2024-08-15T15:31:51,83.169640,-51.918522,nan
2024-08-15T15:31:51,83.169640,-51.918606,nan
2024-08-15T15:31:50,83.169640,-51.918690,nan
2024-08-15T15:31:50,83.169632,-51.918774,nan
2024-08-15T15:31:49,83.169632,-51.918861,nan
2024-08-15T15:31:49,83.169624,-51.918953,nan
2024-08-15T15:31:48,83.169624,-51.919044,nan
2024-08-15T15:31:48,83.169617,-51.919132,nan
2024-08-15T15:31:47,83.169617,-51.919224,nan
2024-08-15T15:31:47,83.169609,-51.919315,nan
2024-08-15T15:31:46,83.169601,-51.919403,nan
2024-08-15T15:31:46,83.169594,-51.919491,nan
2024-08-15T15:31:45,83.169594,-51.919579,nan
2024-08-15T15:31:45,83.169586,-51.919662,nan
2024-08-15T15:31:44,83.169563,-51.919834,nan
2024-08-15T15:31:43,83.169556,-51.919922,nan
2024-08-15T15:31:43,83.169548,-51.920013,nan
2024-08-15T15:31:42,83.169540,-51.920101,nan
2024-08-15T15:31:42,83.169533,-51.920189,nan
2024-08-15T15:31:41,83.169525,-51.920273,nan
2024-08-15T15:31:41,83.169518,-51.920353,nan
2024-08-15T15:31:40,83.169510,-51.920429,nan
2024-08-15T15:31:40,83.169502,-51.920506,nan
2024-08-15T15:31:39,83.169495,-51.920586,nan
2024-08-15T15:31:39,83.169487,-51.920658,nan
2024-08-15T15:31:38,83.169479,-51.920731,nan
2024-08-15T15:31:38,83.169472,-51.920807,nan
2024-08-15T15:31:37,83.169464,-51.920879,nan
2024-08-15T15:31:37,83.169456,-51.920956,nan
2024-08-15T15:31:36,83.169449,-51.921028,nan
2024-08-15T15:31:36,83.169441,-51.921101,nan
2024-08-15T15:31:35,83.169434,-51.921173,nan
2024-08-15T15:31:35,83.169426,-51.921242,nan
2024-08-15T15:31:34,83.169418,-51.921314,nan
2024-08-15T15:31:34,83.169411,-51.921383,nan
2024-08-15T15:31:33,83.169403,-51.921452,nan
2024-08-15T15:31:33,83.169395,-51.921528,nan
2024-08-15T15:31:32,83.169388,-51.921600,nan
2024-08-15T15:31:32,83.169380,-51.921677,nan
2024-08-15T15:31:31,83.169373,-51.921753,nan
2024-08-15T15:31:31,83.169365,-51.921825,nan
2024-08-15T15:31:30,83.169357,-51.921894,nan
2024-08-15T15:31:30,83.169357,-51.921963,nan
2024-08-15T15:31:29,83.169350,-51.922031,nan
2024-08-15T15:31:29,83.169342,-51.922100,nan
2024-08-15T15:31:28,83.169334,-51.922169,nan
2024-08-15T15:31:28,83.169334,-51.922241,nan
2024-08-15T15:31:27,83.169327,-51.922318,nan
2024-08-15T15:31:27,83.169319,-51.922394,nan
2024-08-15T15:31:26,83.169312,-51.922546,nan
2024-08-15T15:31:25,83.169304,-51.922626,nan
2024-08-15T15:31:25,83.169296,-51.922703,nan
2024-08-15T15:31:24,83.169296,-51.922779,nan
2024-08-15T15:31:24,83.169289,-51.922852,nan
2024-08-15T15:31:23,83.169281,-51.922924,nan
2024-08-15T15:31:23,83.169273,-51.923000,nan
2024-08-15T15:31:22,83.169273,-51.923073,nan
2024-08-15T15:31:22,83.169266,-51.923145,nan
2024-08-15T15:31:21,83.169258,-51.923222,nan
2024-08-15T15:31:21,83.169258,-51.923290,nan
2024-08-15T15:31:20,83.169250,-51.923359,nan
2024-08-15T15:31:20,83.169250,-51.923424,nan
2024-08-15T15:31:19,83.169243,-51.923485,nan
2024-08-15T15:31:19,83.169235,-51.923538,nan
2024-08-15T15:31:18,83.169228,-51.923595,nan
2024-08-15T15:31:18,83.169228,-51.923656,nan
2024-08-15T15:31:17,83.169220,-51.923714,nan
2024-08-15T15:31:17,83.169212,-51.923775,nan
2024-08-15T15:31:16,83.169205,-51.923843,nan
2024-08-15T15:31:16,83.169197,-51.923908,nan
2024-08-15T15:31:15,83.169189,-51.923981,nan
2024-08-15T15:31:15,83.169189,-51.924057,nan
2024-08-15T15:31:14,83.169182,-51.924133,nan
2024-08-15T15:31:14,83.169174,-51.924213,nan
2024-08-15T15:31:13,83.169167,-51.924290,nan
2024-08-15T15:31:13,83.169167,-51.924370,nan
2024-08-15T15:31:12,83.169159,-51.924442,nan
2024-08-15T15:31:12,83.169151,-51.924519,nan
2024-08-15T15:31:11,83.169151,-51.924595,nan
2024-08-15T15:31:11,83.169144,-51.924671,nan
2024-08-15T15:31:10,83.169136,-51.924755,nan
2024-08-15T15:31:10,83.169128,-51.924835,nan
2024-08-15T15:31:09,83.169121,-51.924919,nan
2024-08-15T15:31:09,83.169113,-51.925007,nan
2024-08-15T15:31:08,83.169106,-51.925091,nan
2024-08-15T15:31:08,83.169098,-51.925182,nan
2024-08-15T15:31:07,83.169090,-51.925266,nan
2024-08-15T15:31:07,83.169083,-51.925354,nan
2024-08-15T15:31:06,83.169075,-51.925442,nan
2024-08-15T15:31:06,83.169067,-51.925526,nan
2024-08-15T15:31:05,83.169060,-51.925606,nan
2024-08-15T15:31:05,83.169052,-51.925686,nan
2024-08-15T15:31:04,83.169037,-51.925762,nan
2024-08-15T15:31:04,83.169029,-51.925838,nan
2024-08-15T15:31:03,83.169022,-51.925911,nan
2024-08-15T15:31:03,83.169014,-51.925983,nan
2024-08-15T15:31:02,83.169006,-51.926044,nan
2024-08-15T15:31:02,83.168991,-51.926105,nan
2024-08-15T15:31:01,83.168983,-51.926159,nan
2024-08-15T15:31:01,83.168968,-51.926208,nan
2024-08-15T15:31:00,83.168961,-51.926254,nan
2024-08-15T15:31:00,83.168945,-51.926296,nan
2024-08-15T15:30:59,83.168938,-51.926342,nan
2024-08-15T15:30:59,83.168922,-51.926384,nan
2024-08-15T15:30:58,83.168915,-51.926426,nan
2024-08-15T15:30:58,83.168900,-51.926464,nan
2024-08-15T15:30:57,83.168884,-51.926498,nan
2024-08-15T15:30:57,83.168869,-51.926533,nan
2024-08-15T15:30:56,83.168854,-51.926567,nan
2024-08-15T15:30:56,83.168839,-51.926598,nan
2024-08-15T15:30:55,83.168823,-51.926628,nan
2024-08-15T15:30:55,83.168808,-51.926662,nan
2024-08-15T15:30:54,83.168793,-51.926697,nan
2024-08-15T15:30:54,83.168777,-51.926731,nan
2024-08-15T15:30:53,83.168762,-51.926773,nan
2024-08-15T15:30:53,83.168747,-51.926811,nan
2024-08-15T15:30:52,83.168724,-51.926853,nan
2024-08-15T15:30:52,83.168709,-51.926899,nan
2024-08-15T15:30:51,83.168694,-51.926945,nan
2024-08-15T15:30:51,83.168678,-51.926994,nan
2024-08-15T15:30:50,83.168655,-51.927044,nan
2024-08-15T15:30:50,83.168640,-51.927097,nan
2024-08-15T15:30:49,83.168625,-51.927151,nan
2024-08-15T15:30:49,83.168602,-51.927208,nan
2024-08-15T15:30:48,83.168587,-51.927265,nan
2024-08-15T15:30:48,83.168571,-51.927319,nan
2024-08-15T15:30:47,83.168556,-51.927380,nan
2024-08-15T15:30:47,83.168533,-51.927441,nan
2024-08-15T15:30:46,83.168518,-51.927505,nan
2024-08-15T15:30:46,83.168503,-51.927574,nan
2024-08-15T15:30:45,83.168488,-51.927643,nan
2024-08-15T15:30:45,83.168472,-51.927715,nan
2024-08-15T15:30:44,83.168465,-51.927788,nan
2024-08-15T15:30:44,83.168449,-51.927860,nan
2024-08-15T15:30:43,83.168434,-51.927933,nan
2024-08-15T15:30:43,83.168419,-51.928005,nan
2024-08-15T15:30:42,83.168404,-51.928074,nan
2024-08-15T15:30:42,83.168388,-51.928135,nan
2024-08-15T15:30:41,83.168373,-51.928192,nan
2024-08-15T15:30:41,83.168358,-51.928253,nan
2024-08-15T15:30:40,83.168343,-51.928307,nan
2024-08-15T15:30:40,83.168327,-51.928364,nan
2024-08-15T15:30:39,83.168312,-51.928413,nan
2024-08-15T15:30:39,83.168289,-51.928463,nan
2024-08-15T15:30:38,83.168274,-51.928509,nan
2024-08-15T15:30:38,83.168259,-51.928558,nan
2024-08-15T15:30:37,83.168243,-51.928612,nan
2024-08-15T15:30:37,83.168221,-51.928661,nan
2024-08-15T15:30:36,83.168205,-51.928711,nan
2024-08-15T15:30:36,83.168190,-51.928768,nan
2024-08-15T15:30:35,83.168167,-51.928825,nan
2024-08-15T15:30:35,83.168152,-51.928883,nan
2024-08-15T15:30:34,83.168137,-51.928940,nan
2024-08-15T15:30:34,83.168121,-51.928997,nan
2024-08-15T15:30:33,83.168098,-51.929066,nan
2024-08-15T15:30:33,83.168083,-51.929131,nan
2024-08-15T15:30:32,83.168068,-51.929195,nan
2024-08-15T15:30:32,83.168045,-51.929264,nan
2024-08-15T15:30:31,83.168030,-51.929333,nan
2024-08-15T15:30:30,83.167999,-51.929474,nan
2024-08-15T15:30:30,83.167976,-51.929543,nan
2024-08-15T15:30:29,83.167961,-51.929615,nan
2024-08-15T15:30:29,83.167946,-51.929688,nan
2024-08-15T15:30:28,83.167931,-51.929760,nan
2024-08-15T15:30:28,83.167915,-51.929825,nan
2024-08-15T15:30:27,83.167900,-51.929890,nan
2024-08-15T15:30:27,83.167885,-51.929951,nan
2024-08-15T15:30:26,83.167870,-51.930008,nan
2024-08-15T15:30:26,83.167854,-51.930058,nan
2024-08-15T15:30:25,83.167839,-51.930103,nan
2024-08-15T15:30:25,83.167824,-51.930145,nan
2024-08-15T15:30:24,83.167809,-51.930187,nan
2024-08-15T15:30:24,83.167793,-51.930222,nan
2024-08-15T15:30:23,83.167778,-51.930256,nan
2024-08-15T15:30:23,83.167763,-51.930283,nan
2024-08-15T15:30:22,83.167740,-51.930313,nan
2024-08-15T15:30:22,83.167725,-51.930347,nan
2024-08-15T15:30:21,83.167709,-51.930382,nan
2024-08-15T15:30:21,83.167694,-51.930416,nan
2024-08-15T15:30:20,83.167671,-51.930454,nan
2024-08-15T15:30:20,83.167656,-51.930492,nan
2024-08-15T15:30:19,83.167633,-51.930538,nan
2024-08-15T15:30:19,83.167618,-51.930588,nan
2024-08-15T15:30:18,83.167595,-51.930637,nan
2024-08-15T15:30:18,83.167580,-51.930698,nan
2024-08-15T15:30:17,83.167564,-51.930759,nan
2024-08-15T15:30:17,83.167542,-51.930817,nan
2024-08-15T15:30:16,83.167526,-51.930870,nan
2024-08-15T15:30:16,83.167511,-51.930920,nan
2024-08-15T15:30:15,83.167496,-51.930973,nan
2024-08-15T15:30:15,83.167480,-51.931030,nan
2024-08-15T15:30:14,83.167465,-51.931091,nan
2024-08-15T15:30:14,83.167450,-51.931149,nan
2024-08-15T15:30:13,83.167435,-51.931213,nan
2024-08-15T15:30:13,83.167419,-51.931278,nan
2024-08-15T15:30:12,83.167404,-51.931347,nan
2024-08-15T15:30:12,83.167389,-51.931412,nan
2024-08-15T15:30:11,83.167374,-51.931480,nan
2024-08-15T15:30:11,83.167358,-51.931545,nan
2024-08-15T15:30:10,83.167336,-51.931618,nan
2024-08-15T15:30:10,83.167320,-51.931683,nan
2024-08-15T15:30:09,83.167305,-51.931747,nan
2024-08-15T15:30:09,83.167290,-51.931808,nan
2024-08-15T15:30:08,83.167267,-51.931866,nan
2024-08-15T15:30:08,83.167252,-51.931923,nan
2024-08-15T15:30:07,83.167229,-51.931973,nan
2024-08-15T15:30:07,83.167213,-51.932014,nan
2024-08-15T15:30:06,83.167191,-51.932049,nan
2024-08-15T15:30:06,83.167168,-51.932083,nan
2024-08-15T15:30:05,83.167152,-51.932110,nan
2024-08-15T15:30:05,83.167130,-51.932125,nan
2024-08-15T15:30:04,83.167107,-51.932137,nan
2024-08-15T15:30:04,83.167084,-51.932144,nan
2024-08-15T15:30:03,83.167061,-51.932152,nan
2024-08-15T15:30:03,83.167038,-51.932156,nan
2024-08-15T15:30:02,83.167023,-51.932152,nan
2024-08-15T15:30:02,83.166992,-51.932144,nan
2024-08-15T15:30:01,83.166969,-51.932140,nan
2024-08-15T15:30:01,83.166954,-51.932133,nan
2024-08-15T15:30:00,83.166931,-51.932125,nan
2024-08-15T15:30:00,83.166908,-51.932114,nan
2024-08-15T15:29:59,83.166885,-51.932102,nan
2024-08-15T15:29:59,83.166862,-51.932095,nan
2024-08-15T15:29:58,83.166840,-51.932079,nan
2024-08-15T15:29:58,83.166817,-51.932064,nan
2024-08-15T15:29:57,83.166794,-51.932049,nan
2024-08-15T15:29:57,83.166771,-51.932034,nan
2024-08-15T15:29:56,83.166748,-51.932014,nan
2024-08-15T15:29:56,83.166725,-51.931988,nan
2024-08-15T15:29:55,83.166702,-51.931961,nan
2024-08-15T15:29:55,83.166679,-51.931934,nan
2024-08-15T15:29:54,83.166656,-51.931900,nan
2024-08-15T15:29:54,83.166634,-51.931866,nan
2024-08-15T15:29:53,83.166611,-51.931828,nan
2024-08-15T15:29:53,83.166595,-51.931789,nan
2024-08-15T15:29:52,83.166573,-51.931751,nan
2024-08-15T15:29:52,83.166550,-51.931713,nan
2024-08-15T15:29:51,83.166527,-51.931679,nan
2024-08-15T15:29:51,83.166504,-51.931641,nan
2024-08-15T15:29:50,83.166481,-51.931606,nan
2024-08-15T15:29:50,83.166458,-51.931568,nan
2024-08-15T15:29:49,83.166435,-51.931534,nan
2024-08-15T15:29:49,83.166412,-51.931496,nan
2024-08-15T15:29:48,83.166389,-51.931458,nan
2024-08-15T15:29:48,83.166374,-51.931416,nan
2024-08-15T15:29:47,83.166351,-51.931374,nan
2024-08-15T15:29:47,83.166328,-51.931332,nan
2024-08-15T15:29:46,83.166306,-51.931286,nan
2024-08-15T15:29:46,83.166283,-51.931240,nan
2024-08-15T15:29:45,83.166260,-51.931190,nan
2024-08-15T15:29:45,83.166237,-51.931141,nan
2024-08-15T15:29:44,83.166214,-51.931091,nan
2024-08-15T15:29:44,83.166191,-51.931042,nan
2024-08-15T15:29:43,83.166168,-51.930992,nan
2024-08-15T15:29:43,83.166145,-51.930943,nan
2024-08-15T15:29:42,83.166122,-51.930893,nan
2024-08-15T15:29:42,83.166092,-51.930843,nan
2024-08-15T15:29:41,83.166069,-51.930794,nan
2024-08-15T15:29:41,83.166046,-51.930744,nan
2024-08-15T15:29:40,83.166023,-51.930695,nan
2024-08-15T15:29:40,83.165993,-51.930645,nan
2024-08-15T15:29:39,83.165970,-51.930595,nan
2024-08-15T15:29:39,83.165939,-51.930546,nan
2024-08-15T15:29:38,83.165916,-51.930496,nan
2024-08-15T15:29:38,83.165886,-51.930447,nan
2024-08-15T15:29:37,83.165863,-51.930397,nan
2024-08-15T15:29:36,83.165802,-51.930286,nan
2024-08-15T15:29:36,83.165771,-51.930229,nan
2024-08-15T15:29:35,83.165749,-51.930168,nan
2024-08-15T15:29:35,83.165718,-51.930107,nan
2024-08-15T15:29:34,83.165688,-51.930042,nan
2024-08-15T15:29:34,83.165657,-51.929977,nan
2024-08-15T15:29:33,83.165627,-51.929913,nan
2024-08-15T15:29:33,83.165596,-51.929844,nan
2024-08-15T15:29:32,83.165565,-51.929775,nan
2024-08-15T15:29:32,83.165543,-51.929707,nan
2024-08-15T15:29:31,83.165512,-51.929630,nan
2024-08-15T15:29:31,83.165482,-51.929550,nan
2024-08-15T15:29:30,83.165451,-51.929474,nan
2024-08-15T15:29:30,83.165421,-51.929398,nan
2024-08-15T15:29:29,83.165382,-51.929317,nan
2024-08-15T15:29:29,83.165352,-51.929234,nan
2024-08-15T15:29:28,83.165321,-51.929150,nan
2024-08-15T15:29:28,83.165291,-51.929070,nan
2024-08-15T15:29:27,83.165260,-51.928986,nan
2024-08-15T15:29:27,83.165230,-51.928902,nan
2024-08-15T15:29:26,83.165199,-51.928814,nan
2024-08-15T15:29:26,83.165169,-51.928734,nan
2024-08-15T15:29:25,83.165138,-51.928650,nan
2024-08-15T15:29:25,83.165108,-51.928562,nan
2024-08-15T15:29:24,83.165077,-51.928474,nan
2024-08-15T15:29:24,83.165039,-51.928391,nan
2024-08-15T15:29:23,83.165009,-51.928307,nan
2024-08-15T15:29:23,83.164978,-51.928219,nan
2024-08-15T15:29:22,83.164948,-51.928131,nan
2024-08-15T15:29:22,83.164917,-51.928043,nan
2024-08-15T15:29:21,83.164886,-51.927956,nan
2024-08-15T15:29:21,83.164856,-51.927868,nan
2024-08-15T15:29:20,83.164825,-51.927773,nan
2024-08-15T15:29:20,83.164787,-51.927673,nan
2024-08-15T15:29:19,83.164757,-51.927574,nan
2024-08-15T15:29:19,83.164726,-51.927471,nan
2024-08-15T15:29:18,83.164696,-51.927368,nan
2024-08-15T15:29:18,83.164658,-51.927261,nan
2024-08-15T15:29:17,83.164627,-51.927155,nan
2024-08-15T15:29:17,83.164597,-51.927048,nan
2024-08-15T15:29:16,83.164558,-51.926937,nan
2024-08-15T15:29:16,83.164528,-51.926830,nan
2024-08-15T15:29:15,83.164497,-51.926723,nan
2024-08-15T15:29:15,83.164467,-51.926613,nan
2024-08-15T15:29:14,83.164429,-51.926502,nan
2024-08-15T15:29:14,83.164398,-51.926388,nan
2024-08-15T15:29:13,83.164368,-51.926281,nan
2024-08-15T15:29:12,83.164307,-51.926060,nan
2024-08-15T15:29:12,83.164268,-51.925949,nan
2024-08-15T15:29:11,83.164238,-51.925846,nan
2024-08-15T15:29:11,83.164207,-51.925743,nan
2024-08-15T15:29:10,83.164177,-51.925636,nan
2024-08-15T15:29:10,83.164139,-51.925533,nan
2024-08-15T15:29:09,83.164108,-51.925434,nan
2024-08-15T15:29:09,83.164078,-51.925335,nan
2024-08-15T15:29:08,83.164040,-51.925236,nan
2024-08-15T15:29:08,83.164009,-51.925137,nan
2024-08-15T15:29:07,83.163979,-51.925041,nan
2024-08-15T15:29:07,83.163940,-51.924950,nan
2024-08-15T15:29:06,83.163902,-51.924854,nan
2024-08-15T15:29:06,83.163872,-51.924763,nan
2024-08-15T15:29:05,83.163834,-51.924667,nan
2024-08-15T15:29:05,83.163795,-51.924568,nan
2024-08-15T15:29:04,83.163765,-51.924473,nan
2024-08-15T15:29:04,83.163727,-51.924370,nan
2024-08-15T15:29:03,83.163689,-51.924271,nan
2024-08-15T15:29:03,83.163651,-51.924171,nan
2024-08-15T15:29:02,83.163612,-51.924072,nan
2024-08-15T15:29:02,83.163574,-51.923977,nan
2024-08-15T15:29:01,83.163536,-51.923882,nan
2024-08-15T15:29:01,83.163498,-51.923782,nan
2024-08-15T15:29:00,83.163422,-51.923580,nan
2024-08-15T15:28:59,83.163383,-51.923477,nan
2024-08-15T15:28:59,83.163345,-51.923370,nan
2024-08-15T15:28:57,83.163185,-51.922962,nan
2024-08-15T15:28:56,83.163139,-51.922855,nan
2024-08-15T15:28:56,83.163101,-51.922752,nan
2024-08-15T15:28:55,83.163055,-51.922646,nan
2024-08-15T15:28:55,83.163017,-51.922546,nan
2024-08-15T15:28:54,83.162971,-51.922455,nan
2024-08-15T15:28:54,83.162926,-51.922359,nan
2024-08-15T15:28:53,83.162888,-51.922276,nan
2024-08-15T15:28:53,83.162842,-51.922195,nan
2024-08-15T15:28:52,83.162796,-51.922115,nan
2024-08-15T15:28:52,83.162750,-51.922043,nan
2024-08-15T15:28:51,83.162704,-51.921970,nan
2024-08-15T15:28:51,83.162659,-51.921902,nan
2024-08-15T15:28:50,83.162613,-51.921837,nan
2024-08-15T15:28:50,83.162560,-51.921776,nan
2024-08-15T15:28:49,83.162514,-51.921715,nan
2024-08-15T15:28:49,83.162468,-51.921654,nan
2024-08-15T15:28:48,83.162415,-51.921593,nan
2024-08-15T15:28:48,83.162369,-51.921524,nan
2024-08-15T15:28:47,83.162315,-51.921455,nan
2024-08-15T15:28:47,83.162262,-51.921383,nan
2024-08-15T15:28:46,83.162209,-51.921310,nan
2024-08-15T15:28:46,83.162155,-51.921234,nan
2024-08-15T15:28:45,83.162102,-51.921162,nan
2024-08-15T15:28:45,83.162048,-51.921097,nan
2024-08-15T15:28:44,83.161995,-51.921036,nan
2024-08-15T15:28:44,83.161942,-51.920975,nan
2024-08-15T15:28:43,83.161888,-51.920914,nan
2024-08-15T15:28:43,83.161835,-51.920860,nan
2024-08-15T15:28:42,83.161781,-51.920807,nan
2024-08-15T15:28:42,83.161728,-51.920753,nan
2024-08-15T15:28:41,83.161674,-51.920704,nan
2024-08-15T15:28:41,83.161613,-51.920654,nan
2024-08-15T15:28:40,83.161560,-51.920605,nan
2024-08-15T15:28:40,83.161507,-51.920555,nan
2024-08-15T15:28:39,83.161446,-51.920502,nan
2024-08-15T15:28:39,83.161392,-51.920444,nan
2024-08-15T15:28:38,83.161331,-51.920383,nan
2024-08-15T15:28:38,83.161278,-51.920319,nan
2024-08-15T15:28:37,83.161217,-51.920250,nan
2024-08-15T15:28:37,83.161156,-51.920181,nan
2024-08-15T15:28:36,83.161102,-51.920113,nan
2024-08-15T15:28:36,83.161041,-51.920040,nan
2024-08-15T15:28:35,83.160980,-51.919971,nan
2024-08-15T15:28:35,83.160927,-51.919903,nan
2024-08-15T15:28:34,83.160866,-51.919834,nan
2024-08-15T15:28:34,83.160805,-51.919765,nan
2024-08-15T15:28:33,83.160744,-51.919693,nan
2024-08-15T15:28:33,83.160683,-51.919624,nan
2024-08-15T15:28:32,83.160629,-51.919556,nan
2024-08-15T15:28:32,83.160568,-51.919487,nan
2024-08-15T15:28:31,83.160500,-51.919418,nan
2024-08-15T15:28:31,83.160439,-51.919350,nan
2024-08-15T15:28:30,83.160378,-51.919285,nan
2024-08-15T15:28:30,83.160316,-51.919220,nan
2024-08-15T15:28:29,83.160248,-51.919155,nan
2024-08-15T15:28:29,83.160187,-51.919090,nan
2024-08-15T15:28:28,83.160126,-51.919022,nan
2024-08-15T15:28:28,83.160065,-51.918957,nan
2024-08-15T15:28:27,83.160004,-51.918896,nan
2024-08-15T15:28:27,83.159943,-51.918835,nan
2024-08-15T15:28:26,83.159882,-51.918770,nan
2024-08-15T15:28:26,83.159813,-51.918701,nan
2024-08-15T15:28:25,83.159752,-51.918633,nan
2024-08-15T15:28:25,83.159691,-51.918560,nan
2024-08-15T15:28:24,83.159622,-51.918484,nan
2024-08-15T15:28:24,83.159561,-51.918400,nan
2024-08-15T15:28:23,83.159500,-51.918316,nan
2024-08-15T15:28:23,83.159431,-51.918232,nan
2024-08-15T15:28:22,83.159370,-51.918140,nan
2024-08-15T15:28:22,83.159302,-51.918049,nan
2024-08-15T15:28:21,83.159241,-51.917953,nan
2024-08-15T15:28:21,83.159172,-51.917854,nan
2024-08-15T15:28:20,83.159103,-51.917759,nan
2024-08-15T15:28:20,83.159042,-51.917664,nan
2024-08-15T15:28:19,83.158974,-51.917568,nan
2024-08-15T15:28:19,83.158913,-51.917477,nan
2024-08-15T15:28:18,83.158844,-51.917381,nan
2024-08-15T15:28:18,83.158783,-51.917290,nan
2024-08-15T15:28:17,83.158714,-51.917198,nan
2024-08-15T15:28:17,83.158653,-51.917107,nan
2024-08-15T15:28:16,83.158585,-51.917019,nan
2024-08-15T15:28:16,83.158524,-51.916931,nan
2024-08-15T15:28:15,83.158463,-51.916847,nan
2024-08-15T15:28:15,83.158394,-51.916767,nan
2024-08-15T15:28:14,83.158333,-51.916687,nan
2024-08-15T15:28:14,83.158272,-51.916607,nan
2024-08-15T15:28:13,83.158211,-51.916531,nan
2024-08-15T15:28:13,83.158142,-51.916451,nan
2024-08-15T15:28:12,83.158081,-51.916370,nan
2024-08-15T15:28:12,83.158020,-51.916294,nan
2024-08-15T15:28:11,83.157959,-51.916225,nan
2024-08-15T15:28:11,83.157898,-51.916157,nan
2024-08-15T15:28:10,83.157829,-51.916088,nan
2024-08-15T15:28:10,83.157768,-51.916023,nan
2024-08-15T15:28:09,83.157707,-51.915955,nan
2024-08-15T15:28:09,83.157639,-51.915890,nan
2024-08-15T15:28:08,83.157578,-51.915817,nan
2024-08-15T15:28:08,83.157509,-51.915752,nan
2024-08-15T15:28:07,83.157448,-51.915688,nan
2024-08-15T15:28:07,83.157379,-51.915623,nan
2024-08-15T15:28:06,83.157318,-51.915558,nan
2024-08-15T15:28:06,83.157249,-51.915493,nan
2024-08-15T15:28:05,83.157181,-51.915428,nan
2024-08-15T15:28:05,83.157120,-51.915363,nan
2024-08-15T15:28:04,83.157051,-51.915295,nan
2024-08-15T15:28:04,83.156982,-51.915226,nan
2024-08-15T15:28:03,83.156921,-51.915154,nan
2024-08-15T15:28:03,83.156853,-51.915081,nan
2024-08-15T15:28:02,83.156784,-51.915009,nan
2024-08-15T15:28:02,83.156715,-51.914936,nan
2024-08-15T15:28:01,83.156647,-51.914867,nan
2024-08-15T15:28:01,83.156586,-51.914799,nan
2024-08-15T15:28:00,83.156517,-51.914730,nan
2024-08-15T15:28:00,83.156448,-51.914661,nan
2024-08-15T15:27:59,83.156380,-51.914593,nan
2024-08-15T15:27:59,83.156311,-51.914520,nan
2024-08-15T15:27:58,83.156242,-51.914444,nan
2024-08-15T15:27:58,83.156174,-51.914368,nan
2024-08-15T15:27:57,83.156113,-51.914291,nan
2024-08-15T15:27:57,83.156044,-51.914219,nan
2024-08-15T15:27:56,83.155975,-51.914143,nan
2024-08-15T15:27:56,83.155907,-51.914066,nan
2024-08-15T15:27:55,83.155838,-51.913994,nan
2024-08-15T15:27:55,83.155769,-51.913918,nan
2024-08-15T15:27:54,83.155701,-51.913837,nan
2024-08-15T15:27:54,83.155632,-51.913761,nan
2024-08-15T15:27:53,83.155563,-51.913681,nan
2024-08-15T15:27:53,83.155495,-51.913597,nan
2024-08-15T15:27:52,83.155426,-51.913513,nan
2024-08-15T15:27:52,83.155357,-51.913429,nan
2024-08-15T15:27:51,83.155289,-51.913342,nan
2024-08-15T15:27:51,83.155212,-51.913242,nan
2024-08-15T15:27:50,83.155144,-51.913143,nan
2024-08-15T15:27:50,83.155067,-51.913040,nan
2024-08-15T15:27:49,83.154991,-51.912937,nan
2024-08-15T15:27:49,83.154915,-51.912827,nan
2024-08-15T15:27:48,83.154839,-51.912720,nan
2024-08-15T15:27:48,83.154762,-51.912605,nan
2024-08-15T15:27:47,83.154686,-51.912491,nan
2024-08-15T15:27:47,83.154610,-51.912373,nan
2024-08-15T15:27:46,83.154526,-51.912254,nan
2024-08-15T15:27:46,83.154449,-51.912132,nan
2024-08-15T15:27:45,83.154373,-51.912018,nan
2024-08-15T15:27:45,83.154297,-51.911900,nan
2024-08-15T15:27:44,83.154221,-51.911793,nan
2024-08-15T15:27:44,83.154137,-51.911682,nan
2024-08-15T15:27:43,83.154060,-51.911575,nan
2024-08-15T15:27:43,83.153976,-51.911472,nan
2024-08-15T15:27:42,83.153900,-51.911373,nan
2024-08-15T15:27:42,83.153816,-51.911278,nan
2024-08-15T15:27:41,83.153740,-51.911186,nan
2024-08-15T15:27:41,83.153656,-51.911098,nan
2024-08-15T15:27:40,83.153580,-51.911015,nan
2024-08-15T15:27:40,83.153496,-51.910938,nan
2024-08-15T15:27:39,83.153412,-51.910862,nan
2024-08-15T15:27:39,83.153336,-51.910789,nan
2024-08-15T15:27:38,83.153252,-51.910721,nan
2024-08-15T15:27:38,83.153175,-51.910656,nan
2024-08-15T15:27:37,83.153099,-51.910587,nan
2024-08-15T15:27:37,83.153015,-51.910526,nan
2024-08-15T15:27:36,83.152939,-51.910465,nan
2024-08-15T15:27:36,83.152855,-51.910408,nan
2024-08-15T15:27:35,83.152779,-51.910351,nan
2024-08-15T15:27:35,83.152702,-51.910297,nan
2024-08-15T15:27:34,83.152626,-51.910255,nan
2024-08-15T15:27:34,83.152550,-51.910210,nan
2024-08-15T15:27:33,83.152473,-51.910172,nan
2024-08-15T15:27:33,83.152390,-51.910137,nan
2024-08-15T15:27:32,83.152313,-51.910103,nan
2024-08-15T15:27:32,83.152237,-51.910072,nan
2024-08-15T15:27:31,83.152161,-51.910046,nan
2024-08-15T15:27:31,83.152084,-51.910019,nan
2024-08-15T15:27:30,83.152016,-51.909996,nan
2024-08-15T15:27:30,83.151932,-51.909973,nan
2024-08-15T15:27:29,83.151855,-51.909954,nan
2024-08-15T15:27:29,83.151779,-51.909939,nan
2024-08-15T15:27:28,83.151703,-51.909920,nan
2024-08-15T15:27:28,83.151627,-51.909908,nan
2024-08-15T15:27:27,83.151543,-51.909897,nan
2024-08-15T15:27:27,83.151466,-51.909889,nan
2024-08-15T15:27:26,83.151390,-51.909882,nan
2024-08-15T15:27:26,83.151306,-51.909874,nan
2024-08-15T15:27:25,83.151222,-51.909870,nan
2024-08-15T15:27:25,83.151146,-51.909863,nan
2024-08-15T15:27:24,83.151062,-51.909847,nan
2024-08-15T15:27:24,83.150986,-51.909828,nan
2024-08-15T15:27:23,83.150902,-51.909809,nan
2024-08-15T15:27:23,83.150818,-51.909782,nan
2024-08-15T15:27:22,83.150734,-51.909760,nan
2024-08-15T15:27:22,83.150650,-51.909737,nan
2024-08-15T15:27:21,83.150574,-51.909714,nan
2024-08-15T15:27:21,83.150490,-51.909691,nan
2024-08-15T15:27:20,83.150406,-51.909664,nan
2024-08-15T15:27:20,83.150322,-51.909645,nan
2024-08-15T15:27:19,83.150238,-51.909622,nan
2024-08-15T15:27:19,83.150154,-51.909599,nan
2024-08-15T15:27:18,83.150078,-51.909576,nan
2024-08-15T15:27:18,83.149994,-51.909557,nan
2024-08-15T15:27:17,83.149910,-51.909531,nan
2024-08-15T15:27:17,83.149826,-51.909504,nan
2024-08-15T15:27:16,83.149742,-51.909477,nan
2024-08-15T15:27:16,83.149658,-51.909447,nan
2024-08-15T15:27:15,83.149582,-51.909409,nan
2024-08-15T15:27:15,83.149498,-51.909374,nan
2024-08-15T15:27:14,83.149414,-51.909332,nan
2024-08-15T15:27:14,83.149330,-51.909290,nan
2024-08-15T15:27:13,83.149246,-51.909241,nan
2024-08-15T15:27:13,83.149162,-51.909195,nan
2024-08-15T15:27:12,83.149078,-51.909145,nan
2024-08-15T15:27:12,83.148994,-51.909100,nan
2024-08-15T15:27:11,83.148911,-51.909054,nan
2024-08-15T15:27:11,83.148827,-51.909012,nan
2024-08-15T15:27:10,83.148743,-51.908970,nan
2024-08-15T15:27:10,83.148659,-51.908928,nan
2024-08-15T15:27:09,83.148567,-51.908890,nan
2024-08-15T15:27:09,83.148483,-51.908848,nan
2024-08-15T15:27:08,83.148392,-51.908810,nan
2024-08-15T15:27:08,83.148308,-51.908768,nan
2024-08-15T15:27:07,83.148216,-51.908726,nan
2024-08-15T15:27:07,83.148125,-51.908688,nan
2024-08-15T15:27:06,83.148041,-51.908638,nan
2024-08-15T15:27:06,83.147949,-51.908592,nan
2024-08-15T15:27:05,83.147865,-51.908550,nan
2024-08-15T15:27:05,83.147774,-51.908504,nan
2024-08-15T15:27:04,83.147690,-51.908455,nan
2024-08-15T15:27:04,83.147598,-51.908409,nan
2024-08-15T15:27:03,83.147514,-51.908363,nan
2024-08-15T15:27:03,83.147423,-51.908318,nan
2024-08-15T15:27:02,83.147339,-51.908272,nan
2024-08-15T15:27:02,83.147247,-51.908230,nan
2024-08-15T15:27:01,83.147163,-51.908184,nan
2024-08-15T15:27:01,83.147072,-51.908138,nan
2024-08-15T15:27:00,83.146988,-51.908092,nan
2024-08-15T15:27:00,83.146896,-51.908051,nan
2024-08-15T15:26:59,83.146812,-51.908001,nan
2024-08-15T15:26:59,83.146721,-51.907951,nan
2024-08-15T15:26:58,83.146637,-51.907898,nan
2024-08-15T15:26:58,83.146545,-51.907848,nan
2024-08-15T15:26:57,83.146461,-51.907795,nan
2024-08-15T15:26:57,83.146370,-51.907742,nan
2024-08-15T15:26:56,83.146286,-51.907688,nan
2024-08-15T15:26:56,83.146194,-51.907635,nan
2024-08-15T15:26:55,83.146111,-51.907581,nan
2024-08-15T15:26:55,83.146019,-51.907528,nan
2024-08-15T15:26:54,83.145935,-51.907475,nan
2024-08-15T15:26:54,83.145844,-51.907421,nan
2024-08-15T15:26:53,83.145760,-51.907372,nan
2024-08-15T15:26:53,83.145668,-51.907326,nan
2024-08-15T15:26:52,83.145576,-51.907276,nan
2024-08-15T15:26:52,83.145493,-51.907227,nan
2024-08-15T15:26:51,83.145401,-51.907181,nan
2024-08-15T15:26:51,83.145309,-51.907131,nan
2024-08-15T15:26:50,83.145226,-51.907078,nan
2024-08-15T15:26:50,83.145134,-51.907021,nan
2024-08-15T15:26:49,83.145042,-51.906963,nan
2024-08-15T15:26:49,83.144958,-51.906902,nan
2024-08-15T15:26:48,83.144867,-51.906837,nan
2024-08-15T15:26:48,83.144783,-51.906769,nan
2024-08-15T15:26:47,83.144691,-51.906700,nan
2024-08-15T15:26:47,83.144608,-51.906628,nan
2024-08-15T15:26:46,83.144516,-51.906555,nan
2024-08-15T15:26:46,83.144432,-51.906487,nan
2024-08-15T15:26:45,83.144341,-51.906414,nan
2024-08-15T15:26:45,83.144257,-51.906342,nan
2024-08-15T15:26:44,83.144165,-51.906273,nan
2024-08-15T15:26:44,83.144081,-51.906204,nan
2024-08-15T15:26:43,83.143990,-51.906136,nan
2024-08-15T15:26:43,83.143906,-51.906067,nan
2024-08-15T15:26:42,83.143814,-51.905998,nan
2024-08-15T15:26:42,83.143723,-51.905926,nan
2024-08-15T15:26:41,83.143639,-51.905853,nan
2024-08-15T15:26:41,83.143547,-51.905777,nan
2024-08-15T15:26:40,83.143463,-51.905697,nan
2024-08-15T15:26:40,83.143372,-51.905617,nan
2024-08-15T15:26:39,83.143288,-51.905533,nan
2024-08-15T15:26:39,83.143196,-51.905445,nan
2024-08-15T15:26:38,83.143105,-51.905354,nan
2024-08-15T15:26:38,83.143013,-51.905254,nan
2024-08-15T15:26:37,83.142921,-51.905148,nan
2024-08-15T15:26:37,83.142830,-51.905037,nan
2024-08-15T15:26:36,83.142738,-51.904926,nan
2024-08-15T15:26:36,83.142639,-51.904808,nan
2024-08-15T15:26:35,83.142548,-51.904694,nan
2024-08-15T15:26:35,83.142448,-51.904575,nan
2024-08-15T15:26:34,83.142357,-51.904461,nan
2024-08-15T15:26:34,83.142258,-51.904346,nan
2024-08-15T15:26:33,83.142166,-51.904236,nan
2024-08-15T15:26:33,83.142067,-51.904125,nan
2024-08-15T15:26:32,83.141968,-51.904018,nan
2024-08-15T15:26:32,83.141869,-51.903912,nan
2024-08-15T15:26:31,83.141769,-51.903805,nan
2024-08-15T15:26:31,83.141670,-51.903702,nan
2024-08-15T15:26:30,83.141571,-51.903595,nan
2024-08-15T15:26:30,83.141472,-51.903496,nan
2024-08-15T15:26:29,83.141373,-51.903397,nan
2024-08-15T15:26:29,83.141273,-51.903297,nan
2024-08-15T15:26:28,83.141174,-51.903202,nan
2024-08-15T15:26:28,83.141068,-51.903107,nan
2024-08-15T15:26:27,83.140968,-51.903011,nan
2024-08-15T15:26:27,83.140869,-51.902920,nan
2024-08-15T15:26:26,83.140770,-51.902828,nan
2024-08-15T15:26:26,83.140671,-51.902733,nan
2024-08-15T15:26:25,83.140564,-51.902637,nan
2024-08-15T15:26:25,83.140465,-51.902546,nan
2024-08-15T15:26:24,83.140366,-51.902454,nan
2024-08-15T15:26:24,83.140266,-51.902363,nan
2024-08-15T15:26:23,83.140160,-51.902275,nan
2024-08-15T15:26:23,83.140060,-51.902191,nan
2024-08-15T15:26:22,83.139961,-51.902103,nan
2024-08-15T15:26:22,83.139854,-51.902023,nan
2024-08-15T15:26:21,83.139755,-51.901939,nan
2024-08-15T15:26:21,83.139656,-51.901855,nan
2024-08-15T15:26:20,83.139557,-51.901772,nan
2024-08-15T15:26:20,83.139450,-51.901691,nan
2024-08-15T15:26:19,83.139351,-51.901615,nan
2024-08-15T15:26:19,83.139252,-51.901531,nan
2024-08-15T15:26:18,83.139145,-51.901451,nan
2024-08-15T15:26:18,83.139046,-51.901375,nan
2024-08-15T15:26:17,83.138939,-51.901299,nan
2024-08-15T15:26:17,83.138840,-51.901218,nan
2024-08-15T15:26:16,83.138741,-51.901138,nan
2024-08-15T15:26:16,83.138634,-51.901058,nan
2024-08-15T15:26:15,83.138535,-51.900978,nan
2024-08-15T15:26:15,83.138435,-51.900894,nan
2024-08-15T15:26:14,83.138336,-51.900814,nan
2024-08-15T15:26:14,83.138229,-51.900730,nan
2024-08-15T15:26:13,83.138130,-51.900650,nan
2024-08-15T15:26:13,83.138031,-51.900574,nan
2024-08-15T15:26:12,83.137932,-51.900494,nan
2024-08-15T15:26:12,83.137833,-51.900417,nan
2024-08-15T15:26:11,83.137726,-51.900341,nan
2024-08-15T15:26:11,83.137627,-51.900265,nan
2024-08-15T15:26:10,83.137527,-51.900188,nan
2024-08-15T15:26:10,83.137428,-51.900108,nan
2024-08-15T15:26:09,83.137329,-51.900028,nan
2024-08-15T15:26:09,83.137222,-51.899944,nan
2024-08-15T15:26:08,83.137123,-51.899860,nan
2024-08-15T15:26:08,83.137024,-51.899776,nan
2024-08-15T15:26:07,83.136925,-51.899693,nan
2024-08-15T15:26:07,83.136826,-51.899605,nan
2024-08-15T15:26:06,83.136726,-51.899521,nan
2024-08-15T15:26:06,83.136627,-51.899437,nan
2024-08-15T15:26:05,83.136520,-51.899357,nan
2024-08-15T15:26:05,83.136421,-51.899273,nan
2024-08-15T15:26:04,83.136322,-51.899193,nan
2024-08-15T15:26:04,83.136223,-51.899113,nan
2024-08-15T15:26:03,83.136124,-51.899033,nan
2024-08-15T15:26:03,83.136024,-51.898949,nan
2024-08-15T15:26:02,83.135925,-51.898865,nan
2024-08-15T15:26:02,83.135826,-51.898781,nan
2024-08-15T15:26:01,83.135727,-51.898697,nan
2024-08-15T15:26:01,83.135628,-51.898617,nan
2024-08-15T15:26:00,83.135529,-51.898533,nan
2024-08-15T15:26:00,83.135429,-51.898449,nan
2024-08-15T15:25:59,83.135330,-51.898369,nan
2024-08-15T15:25:59,83.135231,-51.898281,nan
2024-08-15T15:25:58,83.135132,-51.898197,nan
2024-08-15T15:25:58,83.135033,-51.898109,nan
2024-08-15T15:25:57,83.134941,-51.898029,nan
2024-08-15T15:25:57,83.134842,-51.897945,nan
2024-08-15T15:25:56,83.134743,-51.897861,nan
2024-08-15T15:25:56,83.134644,-51.897778,nan
2024-08-15T15:25:55,83.134544,-51.897690,nan
2024-08-15T15:25:55,83.134453,-51.897598,nan
2024-08-15T15:25:54,83.134354,-51.897511,nan
2024-08-15T15:25:54,83.134254,-51.897419,nan
2024-08-15T15:25:53,83.134163,-51.897324,nan
2024-08-15T15:25:53,83.134064,-51.897232,nan
2024-08-15T15:25:52,83.133965,-51.897137,nan
2024-08-15T15:25:52,83.133873,-51.897038,nan
2024-08-15T15:25:51,83.133774,-51.896938,nan
2024-08-15T15:25:51,83.133682,-51.896839,nan
2024-08-15T15:25:50,83.133583,-51.896736,nan
2024-08-15T15:25:50,83.133492,-51.896637,nan
2024-08-15T15:25:49,83.133392,-51.896538,nan
2024-08-15T15:25:49,83.133301,-51.896442,nan
2024-08-15T15:25:48,83.133209,-51.896347,nan
2024-08-15T15:25:48,83.133110,-51.896252,nan
2024-08-15T15:25:47,83.133018,-51.896160,nan
2024-08-15T15:25:47,83.132919,-51.896065,nan
2024-08-15T15:25:46,83.132828,-51.895969,nan
2024-08-15T15:25:46,83.132736,-51.895878,nan
2024-08-15T15:25:45,83.132645,-51.895782,nan
2024-08-15T15:25:45,83.132553,-51.895683,nan
2024-08-15T15:25:44,83.132462,-51.895588,nan
2024-08-15T15:25:44,83.132370,-51.895489,nan
2024-08-15T15:25:43,83.132278,-51.895393,nan
2024-08-15T15:25:43,83.132179,-51.895294,nan
2024-08-15T15:25:42,83.132095,-51.895199,nan
2024-08-15T15:25:42,83.132004,-51.895103,nan
2024-08-15T15:25:41,83.131912,-51.895008,nan
2024-08-15T15:25:41,83.131821,-51.894917,nan
2024-08-15T15:25:40,83.131729,-51.894825,nan
2024-08-15T15:25:40,83.131638,-51.894737,nan
2024-08-15T15:25:39,83.131546,-51.894653,nan
2024-08-15T15:25:39,83.131454,-51.894566,nan
2024-08-15T15:25:38,83.131363,-51.894485,nan
2024-08-15T15:25:38,83.131271,-51.894409,nan
2024-08-15T15:25:37,83.131180,-51.894333,nan
2024-08-15T15:25:37,83.131096,-51.894257,nan
2024-08-15T15:25:36,83.131004,-51.894184,nan
2024-08-15T15:25:36,83.130913,-51.894112,nan
2024-08-15T15:25:35,83.130821,-51.894039,nan
2024-08-15T15:25:35,83.130737,-51.893967,nan
2024-08-15T15:25:34,83.130646,-51.893894,nan
2024-08-15T15:25:34,83.130554,-51.893822,nan
2024-08-15T15:25:33,83.130470,-51.893753,nan
2024-08-15T15:25:33,83.130379,-51.893684,nan
2024-08-15T15:25:32,83.130295,-51.893616,nan
2024-08-15T15:25:32,83.130211,-51.893547,nan
2024-08-15T15:25:31,83.130119,-51.893478,nan
2024-08-15T15:25:31,83.130035,-51.893410,nan
2024-08-15T15:25:30,83.129944,-51.893345,nan
2024-08-15T15:25:30,83.129860,-51.893284,nan
2024-08-15T15:25:29,83.129768,-51.893219,nan
2024-08-15T15:25:29,83.129684,-51.893158,nan
2024-08-15T15:25:28,83.129509,-51.893040,nan
2024-08-15T15:25:27,83.129425,-51.892979,nan
2024-08-15T15:25:27,83.129341,-51.892925,nan
2024-08-15T15:25:26,83.129257,-51.892864,nan
2024-08-15T15:25:26,83.129166,-51.892811,nan
2024-08-15T15:25:25,83.129082,-51.892746,nan
2024-08-15T15:25:25,83.128998,-51.892681,nan
2024-08-15T15:25:24,83.128914,-51.892609,nan
2024-08-15T15:25:24,83.128830,-51.892536,nan
2024-08-15T15:25:23,83.128746,-51.892456,nan
2024-08-15T15:25:23,83.128662,-51.892372,nan
2024-08-15T15:25:22,83.128578,-51.892288,nan
2024-08-15T15:25:22,83.128502,-51.892200,nan
2024-08-15T15:25:21,83.128418,-51.892117,nan
2024-08-15T15:25:21,83.128334,-51.892029,nan
2024-08-15T15:25:20,83.128250,-51.891941,nan
2024-08-15T15:25:20,83.128166,-51.891853,nan
2024-08-15T15:25:19,83.128082,-51.891769,nan
2024-08-15T15:25:19,83.127998,-51.891682,nan
2024-08-15T15:25:18,83.127914,-51.891590,nan
2024-08-15T15:25:18,83.127831,-51.891502,nan
2024-08-15T15:25:17,83.127754,-51.891415,nan
2024-08-15T15:25:17,83.127670,-51.891327,nan
2024-08-15T15:25:16,83.127586,-51.891235,nan
2024-08-15T15:25:16,83.127502,-51.891151,nan
2024-08-15T15:25:15,83.127419,-51.891064,nan
2024-08-15T15:25:15,83.127335,-51.890976,nan
2024-08-15T15:25:14,83.127251,-51.890892,nan
2024-08-15T15:25:14,83.127167,-51.890812,nan
2024-08-15T15:25:13,83.127090,-51.890732,nan
2024-08-15T15:25:13,83.127007,-51.890656,nan
2024-08-15T15:25:12,83.126923,-51.890583,nan
2024-08-15T15:25:12,83.126839,-51.890514,nan
2024-08-15T15:25:11,83.126755,-51.890446,nan
2024-08-15T15:25:11,83.126678,-51.890381,nan
2024-08-15T15:25:10,83.126595,-51.890320,nan
2024-08-15T15:25:10,83.126511,-51.890259,nan
2024-08-15T15:25:09,83.126427,-51.890198,nan
2024-08-15T15:25:09,83.126350,-51.890141,nan
2024-08-15T15:25:08,83.126266,-51.890076,nan
2024-08-15T15:25:08,83.126190,-51.890015,nan
2024-08-15T15:25:07,83.126106,-51.889950,nan
2024-08-15T15:25:07,83.126022,-51.889877,nan
2024-08-15T15:25:06,83.125946,-51.889809,nan
2024-08-15T15:25:06,83.125870,-51.889732,nan
2024-08-15T15:25:05,83.125786,-51.889660,nan
2024-08-15T15:25:05,83.125710,-51.889584,nan
2024-08-15T15:25:04,83.125633,-51.889511,nan
2024-08-15T15:25:04,83.125549,-51.889435,nan
2024-08-15T15:25:03,83.125473,-51.889359,nan
2024-08-15T15:25:03,83.125389,-51.889282,nan
2024-08-15T15:25:02,83.125313,-51.889206,nan
2024-08-15T15:25:02,83.125229,-51.889130,nan
2024-08-15T15:25:01,83.125153,-51.889053,nan
2024-08-15T15:25:01,83.125069,-51.888969,nan
2024-08-15T15:25:00,83.124985,-51.888889,nan
2024-08-15T15:25:00,83.124901,-51.888805,nan
2024-08-15T15:24:59,83.124817,-51.888718,nan
2024-08-15T15:24:59,83.124733,-51.888634,nan
2024-08-15T15:24:58,83.124641,-51.888546,nan
2024-08-15T15:24:58,83.124557,-51.888458,nan
2024-08-15T15:24:57,83.124466,-51.888371,nan
2024-08-15T15:24:57,83.124374,-51.888283,nan
2024-08-15T15:24:56,83.124283,-51.888191,nan
2024-08-15T15:24:56,83.124191,-51.888103,nan
2024-08-15T15:24:55,83.124100,-51.888008,nan
2024-08-15T15:24:55,83.124008,-51.887917,nan
2024-08-15T15:24:54,83.123917,-51.887814,nan
2024-08-15T15:24:54,83.123825,-51.887714,nan
2024-08-15T15:24:53,83.123734,-51.887608,nan
2024-08-15T15:24:53,83.123634,-51.887501,nan
2024-08-15T15:24:52,83.123543,-51.887390,nan
2024-08-15T15:24:52,83.123451,-51.887283,nan
2024-08-15T15:24:51,83.123360,-51.887173,nan
2024-08-15T15:24:51,83.123260,-51.887062,nan
2024-08-15T15:24:50,83.123169,-51.886955,nan
2024-08-15T15:24:50,83.123077,-51.886848,nan
2024-08-15T15:24:49,83.122986,-51.886742,nan
2024-08-15T15:24:49,83.122894,-51.886639,nan
2024-08-15T15:24:48,83.122803,-51.886532,nan
2024-08-15T15:24:48,83.122711,-51.886425,nan
2024-08-15T15:24:47,83.122620,-51.886314,nan
2024-08-15T15:24:47,83.122536,-51.886204,nan
2024-08-15T15:24:46,83.122444,-51.886093,nan
2024-08-15T15:24:46,83.122353,-51.885983,nan
2024-08-15T15:24:45,83.122261,-51.885868,nan
2024-08-15T15:24:45,83.122177,-51.885757,nan
2024-08-15T15:24:44,83.122086,-51.885639,nan
2024-08-15T15:24:44,83.121994,-51.885525,nan
2024-08-15T15:24:43,83.121910,-51.885406,nan
2024-08-15T15:24:43,83.121819,-51.885284,nan
2024-08-15T15:24:42,83.121735,-51.885166,nan
2024-08-15T15:24:42,83.121643,-51.885044,nan
2024-08-15T15:24:41,83.121552,-51.884914,nan
2024-08-15T15:24:41,83.121468,-51.884781,nan
2024-08-15T15:24:40,83.121376,-51.884644,nan
2024-08-15T15:24:40,83.121284,-51.884506,nan
2024-08-15T15:24:39,83.121193,-51.884373,nan
2024-08-15T15:24:39,83.121101,-51.884243,nan
2024-08-15T15:24:38,83.121010,-51.884117,nan
2024-08-15T15:24:38,83.120918,-51.883995,nan
2024-08-15T15:24:37,83.120819,-51.883877,nan
2024-08-15T15:24:37,83.120720,-51.883755,nan
2024-08-15T15:24:36,83.120621,-51.883640,nan
2024-08-15T15:24:36,83.120522,-51.883522,nan
2024-08-15T15:24:35,83.120422,-51.883411,nan
2024-08-15T15:24:35,83.120323,-51.883293,nan
2024-08-15T15:24:34,83.120216,-51.883179,nan
2024-08-15T15:24:34,83.120117,-51.883060,nan
2024-08-15T15:24:33,83.120010,-51.882946,nan
2024-08-15T15:24:33,83.119904,-51.882835,nan
2024-08-15T15:24:32,83.119797,-51.882721,nan
2024-08-15T15:24:32,83.119690,-51.882607,nan
2024-08-15T15:24:31,83.119583,-51.882492,nan
2024-08-15T15:24:31,83.119476,-51.882378,nan
2024-08-15T15:24:30,83.119362,-51.882259,nan
2024-08-15T15:24:30,83.119255,-51.882141,nan
2024-08-15T15:24:29,83.119148,-51.882023,nan
2024-08-15T15:24:29,83.119041,-51.881901,nan
2024-08-15T15:24:28,83.118935,-51.881775,nan
2024-08-15T15:24:28,83.118835,-51.881649,nan
2024-08-15T15:24:27,83.118729,-51.881523,nan
2024-08-15T15:24:27,83.118622,-51.881397,nan
2024-08-15T15:24:26,83.118523,-51.881271,nan
2024-08-15T15:24:26,83.118416,-51.881145,nan
2024-08-15T15:24:25,83.118317,-51.881016,nan
2024-08-15T15:24:25,83.118217,-51.880886,nan
2024-08-15T15:24:24,83.118118,-51.880760,nan
2024-08-15T15:24:24,83.118019,-51.880630,nan
2024-08-15T15:24:23,83.117920,-51.880501,nan
2024-08-15T15:24:23,83.117821,-51.880371,nan
2024-08-15T15:24:22,83.117729,-51.880245,nan
2024-08-15T15:24:22,83.117630,-51.880119,nan
2024-08-15T15:24:21,83.117531,-51.879997,nan
2024-08-15T15:24:21,83.117439,-51.879871,nan
2024-08-15T15:24:20,83.117340,-51.879749,nan
2024-08-15T15:24:20,83.117249,-51.879635,nan
2024-08-15T15:24:19,83.117157,-51.879513,nan
2024-08-15T15:24:19,83.117065,-51.879398,nan
2024-08-15T15:24:18,83.116982,-51.879280,nan
2024-08-15T15:24:18,83.116890,-51.879154,nan
2024-08-15T15:24:17,83.116806,-51.879040,nan
2024-08-15T15:24:17,83.116722,-51.878918,nan
2024-08-15T15:24:16,83.116638,-51.878799,nan
2024-08-15T15:24:16,83.116554,-51.878681,nan
2024-08-15T15:24:15,83.116470,-51.878559,nan
2024-08-15T15:24:15,83.116386,-51.878429,nan
2024-08-15T15:24:14,83.116302,-51.878300,nan
2024-08-15T15:24:14,83.116219,-51.878162,nan
2024-08-15T15:24:13,83.116135,-51.878021,nan
2024-08-15T15:24:13,83.116051,-51.877880,nan
2024-08-15T15:24:12,83.115967,-51.877731,nan
2024-08-15T15:24:12,83.115883,-51.877586,nan
2024-08-15T15:24:11,83.115799,-51.877438,nan
2024-08-15T15:24:11,83.115707,-51.877285,nan
2024-08-15T15:24:10,83.115623,-51.877136,nan
2024-08-15T15:24:10,83.115540,-51.876991,nan
2024-08-15T15:24:09,83.115456,-51.876846,nan
2024-08-15T15:24:09,83.115372,-51.876705,nan
2024-08-15T15:24:08,83.115288,-51.876575,nan
2024-08-15T15:24:08,83.115204,-51.876453,nan
2024-08-15T15:24:07,83.115120,-51.876331,nan
2024-08-15T15:24:07,83.115036,-51.876217,nan
2024-08-15T15:24:06,83.114952,-51.876099,nan
2024-08-15T15:24:06,83.114868,-51.875988,nan
2024-08-15T15:24:05,83.114792,-51.875877,nan
2024-08-15T15:24:05,83.114708,-51.875763,nan
2024-08-15T15:24:04,83.114624,-51.875656,nan
2024-08-15T15:24:04,83.114548,-51.875549,nan
2024-08-15T15:24:03,83.114464,-51.875439,nan
2024-08-15T15:24:03,83.114380,-51.875328,nan
2024-08-15T15:24:02,83.114304,-51.875214,nan
2024-08-15T15:24:02,83.114220,-51.875092,nan
2024-08-15T15:24:01,83.114136,-51.874962,nan
2024-08-15T15:24:01,83.114052,-51.874825,nan
2024-08-15T15:24:00,83.113968,-51.874683,nan
2024-08-15T15:24:00,83.113884,-51.874542,nan
2024-08-15T15:23:59,83.113800,-51.874401,nan
2024-08-15T15:23:59,83.113716,-51.874260,nan
2024-08-15T15:23:58,83.113632,-51.874126,nan
2024-08-15T15:23:58,83.113548,-51.873989,nan
2024-08-15T15:23:57,83.113464,-51.873852,nan
2024-08-15T15:23:57,83.113388,-51.873722,nan
2024-08-15T15:23:56,83.113312,-51.873596,nan
2024-08-15T15:23:56,83.113235,-51.873470,nan
2024-08-15T15:23:55,83.113159,-51.873348,nan
2024-08-15T15:23:55,83.113083,-51.873226,nan
2024-08-15T15:23:54,83.113007,-51.873104,nan
2024-08-15T15:23:54,83.112930,-51.872990,nan
2024-08-15T15:23:53,83.112854,-51.872879,nan
2024-08-15T15:23:53,83.112778,-51.872768,nan
2024-08-15T15:23:52,83.112701,-51.872658,nan
2024-08-15T15:23:52,83.112625,-51.872547,nan
2024-08-15T15:23:51,83.112549,-51.872440,nan
2024-08-15T15:23:51,83.112473,-51.872334,nan
2024-08-15T15:23:50,83.112389,-51.872223,nan
2024-08-15T15:23:50,83.112312,-51.872120,nan
2024-08-15T15:23:49,83.112236,-51.872017,nan
2024-08-15T15:23:49,83.112160,-51.871914,nan
2024-08-15T15:23:48,83.112076,-51.871815,nan
2024-08-15T15:23:48,83.112000,-51.871712,nan
2024-08-15T15:23:47,83.111923,-51.871609,nan
2024-08-15T15:23:47,83.111847,-51.871510,nan
2024-08-15T15:23:46,83.111771,-51.871403,nan
2024-08-15T15:23:46,83.111694,-51.871292,nan
2024-08-15T15:23:45,83.111626,-51.871185,nan
2024-08-15T15:23:45,83.111549,-51.871071,nan
2024-08-15T15:23:44,83.111473,-51.870949,nan
2024-08-15T15:23:44,83.111404,-51.870823,nan
2024-08-15T15:23:43,83.111328,-51.870686,nan
2024-08-15T15:23:43,83.111259,-51.870541,nan
2024-08-15T15:23:42,83.111191,-51.870399,nan
2024-08-15T15:23:42,83.111115,-51.870255,nan
2024-08-15T15:23:41,83.111046,-51.870106,nan
2024-08-15T15:23:41,83.110970,-51.869961,nan
2024-08-15T15:23:40,83.110901,-51.869816,nan
2024-08-15T15:23:40,83.110832,-51.869671,nan
2024-08-15T15:23:39,83.110764,-51.869518,nan
2024-08-15T15:23:39,83.110695,-51.869370,nan
2024-08-15T15:23:38,83.110626,-51.869228,nan
2024-08-15T15:23:38,83.110558,-51.869095,nan
2024-08-15T15:23:37,83.110489,-51.868969,nan
2024-08-15T15:23:37,83.110428,-51.868847,nan
2024-08-15T15:23:36,83.110367,-51.868725,nan
2024-08-15T15:23:36,83.110298,-51.868610,nan
2024-08-15T15:23:35,83.110237,-51.868500,nan
2024-08-15T15:23:35,83.110176,-51.868382,nan
2024-08-15T15:23:34,83.110115,-51.868263,nan
2024-08-15T15:23:34,83.110054,-51.868134,nan
2024-08-15T15:23:33,83.109993,-51.868004,nan
2024-08-15T15:23:33,83.109932,-51.867870,nan
2024-08-15T15:23:32,83.109871,-51.867737,nan
2024-08-15T15:23:32,83.109810,-51.867596,nan
2024-08-15T15:23:31,83.109749,-51.867451,nan
2024-08-15T15:23:31,83.109688,-51.867310,nan
2024-08-15T15:23:30,83.109627,-51.867172,nan
2024-08-15T15:23:30,83.109566,-51.867035,nan
2024-08-15T15:23:29,83.109505,-51.866909,nan
2024-08-15T15:23:29,83.109436,-51.866783,nan
2024-08-15T15:23:28,83.109375,-51.866669,nan
2024-08-15T15:23:28,83.109306,-51.866562,nan
2024-08-15T15:23:27,83.109245,-51.866455,nan
2024-08-15T15:23:27,83.109177,-51.866356,nan
2024-08-15T15:23:26,83.109116,-51.866253,nan
2024-08-15T15:23:26,83.109047,-51.866150,nan
2024-08-15T15:23:25,83.108978,-51.866039,nan
2024-08-15T15:23:25,83.108917,-51.865929,nan
2024-08-15T15:23:24,83.108849,-51.865826,nan
2024-08-15T15:23:24,83.108780,-51.865726,nan
2024-08-15T15:23:23,83.108719,-51.865635,nan
2024-08-15T15:23:23,83.108658,-51.865543,nan
2024-08-15T15:23:22,83.108597,-51.865448,nan
2024-08-15T15:23:22,83.108536,-51.865353,nan
2024-08-15T15:23:21,83.108475,-51.865253,nan
2024-08-15T15:23:21,83.108414,-51.865150,nan
2024-08-15T15:23:20,83.108353,-51.865044,nan
2024-08-15T15:23:20,83.108299,-51.864933,nan
2024-08-15T15:23:19,83.108238,-51.864822,nan
2024-08-15T15:23:19,83.108185,-51.864712,nan
2024-08-15T15:23:18,83.108131,-51.864605,nan
2024-08-15T15:23:18,83.108070,-51.864506,nan
2024-08-15T15:23:17,83.108017,-51.864414,nan
2024-08-15T15:23:17,83.107964,-51.864330,nan
2024-08-15T15:23:16,83.107903,-51.864254,nan
2024-08-15T15:23:16,83.107849,-51.864182,nan
2024-08-15T15:23:15,83.107796,-51.864113,nan
2024-08-15T15:23:15,83.107735,-51.864044,nan
2024-08-15T15:23:14,83.107681,-51.863979,nan
2024-08-15T15:23:14,83.107628,-51.863914,nan
2024-08-15T15:23:13,83.107574,-51.863838,nan
2024-08-15T15:23:13,83.107521,-51.863770,nan
2024-08-15T15:23:12,83.107468,-51.863686,nan
2024-08-15T15:23:12,83.107414,-51.863602,nan
2024-08-15T15:23:11,83.107361,-51.863522,nan
2024-08-15T15:23:11,83.107307,-51.863438,nan
2024-08-15T15:23:10,83.107262,-51.863342,nan
2024-08-15T15:23:10,83.107208,-51.863255,nan
2024-08-15T15:23:09,83.107155,-51.863155,nan
2024-08-15T15:23:09,83.107101,-51.863064,nan
2024-08-15T15:23:08,83.107056,-51.862968,nan
2024-08-15T15:23:08,83.107002,-51.862877,nan
2024-08-15T15:23:07,83.106956,-51.862782,nan
2024-08-15T15:23:07,83.106903,-51.862694,nan
2024-08-15T15:23:06,83.106850,-51.862595,nan
2024-08-15T15:23:06,83.106804,-51.862503,nan
2024-08-15T15:23:05,83.106758,-51.862408,nan
2024-08-15T15:23:05,83.106705,-51.862320,nan
2024-08-15T15:23:04,83.106659,-51.862240,nan
2024-08-15T15:23:04,83.106613,-51.862144,nan
2024-08-15T15:23:03,83.106567,-51.862061,nan
2024-08-15T15:23:03,83.106522,-51.861984,nan
2024-08-15T15:23:02,83.106476,-51.861893,nan
2024-08-15T15:23:02,83.106430,-51.861828,nan
2024-08-15T15:23:01,83.106384,-51.861759,nan
2024-08-15T15:23:01,83.106339,-51.861710,nan
2024-08-15T15:23:00,83.106285,-51.861687,nan
2024-08-15T15:23:00,83.106239,-51.861717,nan
2024-08-15T15:22:59,83.106186,-51.861774,nan
2024-08-15T15:22:59,83.106133,-51.861885,nan
2024-08-15T15:22:58,83.106087,-51.862087,nan
2024-08-15T15:22:58,83.106033,-51.862839,nan
2024-08-15T15:22:57,83.105972,-51.864323,nan
2024-08-15T15:22:57,83.105919,-51.867073,nan
2024-08-15T15:22:56,83.105865,-51.869431,nan
2024-08-15T15:22:56,83.105789,-51.871964,nan
2024-08-15T15:22:55,83.105728,-51.872753,nan
2024-08-15T15:22:55,83.105675,-51.872475,nan
2024-08-15T15:22:54,83.105629,-51.871742,nan
2024-08-15T15:22:54,83.105598,-51.870476,nan
2024-08-15T15:22:53,83.105576,-51.868385,nan
2024-08-15T15:22:53,83.105553,-51.864563,nan
2024-08-15T15:22:52,83.105583,-51.857979,nan
2024-08-15T15:22:52,83.105606,-51.850384,nan
