datetime,lat,lon,elev
2024-06-07T15:26:54,83.962196,-44.095173,nan
2024-06-07T15:26:53,83.962212,-44.094894,nan
2024-06-07T15:26:53,83.962227,-44.094601,nan
2024-06-07T15:26:52,83.962242,-44.094296,nan
2024-06-07T15:26:52,83.962265,-44.093987,nan
2024-06-07T15:26:51,83.962280,-44.093662,nan
2024-06-07T15:26:51,83.962296,-44.093334,nan
2024-06-07T15:26:50,83.962311,-44.093006,nan
2024-06-07T15:26:50,83.962334,-44.092674,nan
2024-06-07T15:26:49,83.962357,-44.092331,nan
2024-06-07T15:26:49,83.962379,-44.091980,nan
2024-06-07T15:26:48,83.962402,-44.091614,nan
2024-06-07T15:26:48,83.962425,-44.091232,nan
2024-06-07T15:26:47,83.962463,-44.090450,nan
2024-06-07T15:26:46,83.962486,-44.090061,nan
2024-06-07T15:26:46,83.962509,-44.089668,nan
2024-06-07T15:26:45,83.962532,-44.089275,nan
2024-06-07T15:26:45,83.962555,-44.088890,nan
2024-06-07T15:26:44,83.962570,-44.088501,nan
2024-06-07T15:26:44,83.962593,-44.088112,nan
2024-06-07T15:26:43,83.962616,-44.087723,nan
2024-06-07T15:26:43,83.962639,-44.087334,nan
2024-06-07T15:26:42,83.962662,-44.086945,nan
2024-06-07T15:26:42,83.962677,-44.086559,nan
2024-06-07T15:26:41,83.962700,-44.086166,nan
2024-06-07T15:26:41,83.962723,-44.085777,nan
2024-06-07T15:26:40,83.962746,-44.085381,nan
2024-06-07T15:26:40,83.962769,-44.084976,nan
2024-06-07T15:26:39,83.962791,-44.084572,nan
2024-06-07T15:26:39,83.962807,-44.084160,nan
2024-06-07T15:26:38,83.962830,-44.083740,nan
2024-06-07T15:26:38,83.962852,-44.083317,nan
2024-06-07T15:26:37,83.962875,-44.082893,nan
2024-06-07T15:26:37,83.962898,-44.082466,nan
2024-06-07T15:26:36,83.962921,-44.082039,nan
2024-06-07T15:26:36,83.962944,-44.081608,nan
2024-06-07T15:26:35,83.962967,-44.081188,nan
2024-06-07T15:26:35,83.962990,-44.080772,nan
2024-06-07T15:26:34,83.963013,-44.080357,nan
2024-06-07T15:26:34,83.963043,-44.079945,nan
2024-06-07T15:26:33,83.963066,-44.079536,nan
2024-06-07T15:26:33,83.963089,-44.079128,nan
2024-06-07T15:26:32,83.963120,-44.078724,nan
2024-06-07T15:26:32,83.963142,-44.078320,nan
2024-06-07T15:26:31,83.963173,-44.077915,nan
2024-06-07T15:26:31,83.963196,-44.077507,nan
2024-06-07T15:26:30,83.963226,-44.077099,nan
2024-06-07T15:26:30,83.963249,-44.076694,nan
2024-06-07T15:26:29,83.963280,-44.076302,nan
2024-06-07T15:26:29,83.963303,-44.075905,nan
2024-06-07T15:26:28,83.963326,-44.075508,nan
2024-06-07T15:26:28,83.963356,-44.075115,nan
2024-06-07T15:26:27,83.963387,-44.074718,nan
2024-06-07T15:26:27,83.963409,-44.074329,nan
2024-06-07T15:26:26,83.963440,-44.073936,nan
2024-06-07T15:26:26,83.963463,-44.073547,nan
2024-06-07T15:26:25,83.963493,-44.073158,nan
2024-06-07T15:26:25,83.963524,-44.072769,nan
2024-06-07T15:26:24,83.963547,-44.072380,nan
2024-06-07T15:26:24,83.963577,-44.071987,nan
2024-06-07T15:26:23,83.963608,-44.071598,nan
2024-06-07T15:26:23,83.963631,-44.071205,nan
2024-06-07T15:26:22,83.963654,-44.070808,nan
2024-06-07T15:26:22,83.963676,-44.070419,nan
2024-06-07T15:26:21,83.963707,-44.070026,nan
2024-06-07T15:26:21,83.963730,-44.069630,nan
2024-06-07T15:26:20,83.963760,-44.069225,nan
2024-06-07T15:26:20,83.963783,-44.068817,nan
2024-06-07T15:26:19,83.963806,-44.068401,nan
2024-06-07T15:26:19,83.963837,-44.067982,nan
2024-06-07T15:26:18,83.963860,-44.067554,nan
2024-06-07T15:26:18,83.963890,-44.067131,nan
2024-06-07T15:26:17,83.963913,-44.066696,nan
2024-06-07T15:26:17,83.963936,-44.066257,nan
2024-06-07T15:26:16,83.963966,-44.065811,nan
2024-06-07T15:26:16,83.963989,-44.065361,nan
2024-06-07T15:26:15,83.964012,-44.064911,nan
2024-06-07T15:26:15,83.964035,-44.064457,nan
2024-06-07T15:26:14,83.964066,-44.064003,nan
2024-06-07T15:26:14,83.964088,-44.063553,nan
2024-06-07T15:26:13,83.964119,-44.063099,nan
2024-06-07T15:26:13,83.964142,-44.062649,nan
2024-06-07T15:26:12,83.964172,-44.062191,nan
2024-06-07T15:26:12,83.964195,-44.061733,nan
2024-06-07T15:26:11,83.964226,-44.061279,nan
2024-06-07T15:26:11,83.964256,-44.060825,nan
2024-06-07T15:26:10,83.964279,-44.060371,nan
2024-06-07T15:26:10,83.964310,-44.059917,nan
2024-06-07T15:26:09,83.964340,-44.059467,nan
2024-06-07T15:26:09,83.964363,-44.059013,nan
2024-06-07T15:26:08,83.964394,-44.058548,nan
2024-06-07T15:26:08,83.964424,-44.058075,nan
2024-06-07T15:26:07,83.964447,-44.057587,nan
2024-06-07T15:26:07,83.964478,-44.057091,nan
2024-06-07T15:26:06,83.964500,-44.056572,nan
2024-06-07T15:26:06,83.964523,-44.056038,nan
2024-06-07T15:26:05,83.964554,-44.055477,nan
2024-06-07T15:26:05,83.964577,-44.054897,nan
2024-06-07T15:26:04,83.964600,-44.054306,nan
2024-06-07T15:26:04,83.964622,-44.053699,nan
2024-06-07T15:26:03,83.964638,-44.053082,nan
2024-06-07T15:26:03,83.964661,-44.052456,nan
2024-06-07T15:26:02,83.964668,-44.051819,nan
2024-06-07T15:26:02,83.964684,-44.051163,nan
2024-06-07T15:26:01,83.964691,-44.050503,nan
2024-06-07T15:26:01,83.964699,-44.049847,nan
2024-06-07T15:26:00,83.964706,-44.049198,nan
2024-06-07T15:26:00,83.964714,-44.048550,nan
2024-06-07T15:25:59,83.964722,-44.047897,nan
2024-06-07T15:25:59,83.964729,-44.047253,nan
2024-06-07T15:25:58,83.964737,-44.046608,nan
2024-06-07T15:25:58,83.964752,-44.045967,nan
2024-06-07T15:25:57,83.964760,-44.045322,nan
2024-06-07T15:25:57,83.964767,-44.044674,nan
2024-06-07T15:25:56,83.964783,-44.044018,nan
2024-06-07T15:25:56,83.964790,-44.043362,nan
2024-06-07T15:25:55,83.964798,-44.042702,nan
2024-06-07T15:25:55,83.964806,-44.042038,nan
2024-06-07T15:25:54,83.964806,-44.041374,nan
2024-06-07T15:25:54,83.964813,-44.040718,nan
2024-06-07T15:25:53,83.964821,-44.040066,nan
2024-06-07T15:25:53,83.964821,-44.039417,nan
2024-06-07T15:25:52,83.964828,-44.038773,nan
2024-06-07T15:25:52,83.964836,-44.038132,nan
2024-06-07T15:25:51,83.964836,-44.037495,nan
2024-06-07T15:25:51,83.964844,-44.036861,nan
2024-06-07T15:25:50,83.964844,-44.036232,nan
2024-06-07T15:25:50,83.964844,-44.035603,nan
2024-06-07T15:25:49,83.964851,-44.034973,nan
2024-06-07T15:25:49,83.964851,-44.034351,nan
2024-06-07T15:25:48,83.964851,-44.033733,nan
2024-06-07T15:25:48,83.964859,-44.033119,nan
2024-06-07T15:25:47,83.964859,-44.032509,nan
2024-06-07T15:25:47,83.964867,-44.031910,nan
2024-06-07T15:25:46,83.964867,-44.031311,nan
2024-06-07T15:25:46,83.964874,-44.030720,nan
2024-06-07T15:25:45,83.964882,-44.030132,nan
2024-06-07T15:25:45,83.964890,-44.029556,nan
2024-06-07T15:25:44,83.964897,-44.028980,nan
2024-06-07T15:25:44,83.964905,-44.028412,nan
2024-06-07T15:25:43,83.964912,-44.027840,nan
2024-06-07T15:25:43,83.964920,-44.027267,nan
2024-06-07T15:25:42,83.964928,-44.026695,nan
2024-06-07T15:25:42,83.964935,-44.026123,nan
2024-06-07T15:25:41,83.964943,-44.025555,nan
2024-06-07T15:25:41,83.964951,-44.024990,nan
2024-06-07T15:25:40,83.964958,-44.024429,nan
2024-06-07T15:25:40,83.964966,-44.023869,nan
2024-06-07T15:25:39,83.964973,-44.023312,nan
2024-06-07T15:25:39,83.964981,-44.022758,nan
2024-06-07T15:25:38,83.964989,-44.022213,nan
2024-06-07T15:25:38,83.964996,-44.021671,nan
2024-06-07T15:25:37,83.965004,-44.021137,nan
2024-06-07T15:25:37,83.965004,-44.020603,nan
2024-06-07T15:25:36,83.965012,-44.020069,nan
2024-06-07T15:25:36,83.965019,-44.019531,nan
2024-06-07T15:25:35,83.965027,-44.019001,nan
2024-06-07T15:25:35,83.965034,-44.018463,nan
2024-06-07T15:25:34,83.965042,-44.017941,nan
2024-06-07T15:25:34,83.965050,-44.017422,nan
2024-06-07T15:25:33,83.965057,-44.016911,nan
2024-06-07T15:25:33,83.965065,-44.016403,nan
2024-06-07T15:25:32,83.965073,-44.015903,nan
2024-06-07T15:25:32,83.965080,-44.015411,nan
2024-06-07T15:25:31,83.965088,-44.014927,nan
2024-06-07T15:25:31,83.965096,-44.014446,nan
2024-06-07T15:25:30,83.965111,-44.013977,nan
2024-06-07T15:25:30,83.965118,-44.013508,nan
2024-06-07T15:25:29,83.965126,-44.013054,nan
2024-06-07T15:25:29,83.965134,-44.012608,nan
2024-06-07T15:25:28,83.965141,-44.012173,nan
2024-06-07T15:25:28,83.965157,-44.011742,nan
2024-06-07T15:25:27,83.965164,-44.011314,nan
2024-06-07T15:25:27,83.965179,-44.010887,nan
2024-06-07T15:25:26,83.965187,-44.010460,nan
2024-06-07T15:25:26,83.965195,-44.010029,nan
2024-06-07T15:25:25,83.965210,-44.009598,nan
2024-06-07T15:25:25,83.965218,-44.009155,nan
2024-06-07T15:25:24,83.965225,-44.008720,nan
2024-06-07T15:25:24,83.965240,-44.008282,nan
2024-06-07T15:25:23,83.965248,-44.007851,nan
2024-06-07T15:25:23,83.965256,-44.007420,nan
2024-06-07T15:25:22,83.965271,-44.006992,nan
2024-06-07T15:25:22,83.965279,-44.006569,nan
2024-06-07T15:25:21,83.965294,-44.006145,nan
2024-06-07T15:25:21,83.965302,-44.005726,nan
2024-06-07T15:25:20,83.965317,-44.005302,nan
2024-06-07T15:25:20,83.965324,-44.004879,nan
2024-06-07T15:25:19,83.965332,-44.004459,nan
2024-06-07T15:25:19,83.965347,-44.004044,nan
2024-06-07T15:25:18,83.965355,-44.003628,nan
2024-06-07T15:25:18,83.965370,-44.003208,nan
2024-06-07T15:25:17,83.965378,-44.002796,nan
2024-06-07T15:25:17,83.965393,-44.002380,nan
2024-06-07T15:25:16,83.965401,-44.001965,nan
2024-06-07T15:25:16,83.965416,-44.001545,nan
2024-06-07T15:25:15,83.965424,-44.001129,nan
2024-06-07T15:25:15,83.965439,-44.000713,nan
2024-06-07T15:25:14,83.965446,-44.000294,nan
2024-06-07T15:25:14,83.965462,-43.999882,nan
2024-06-07T15:25:13,83.965469,-43.999466,nan
2024-06-07T15:25:13,83.965485,-43.999054,nan
2024-06-07T15:25:12,83.965500,-43.998642,nan
2024-06-07T15:25:12,83.965508,-43.998238,nan
2024-06-07T15:25:11,83.965523,-43.997829,nan
2024-06-07T15:25:11,83.965538,-43.997425,nan
2024-06-07T15:25:10,83.965553,-43.997017,nan
2024-06-07T15:25:10,83.965561,-43.996613,nan
2024-06-07T15:25:09,83.965576,-43.996204,nan
2024-06-07T15:25:09,83.965591,-43.995800,nan
2024-06-07T15:25:08,83.965607,-43.995396,nan
2024-06-07T15:25:08,83.965622,-43.994995,nan
2024-06-07T15:25:07,83.965637,-43.994595,nan
2024-06-07T15:25:07,83.965652,-43.994198,nan
2024-06-07T15:25:06,83.965668,-43.993797,nan
2024-06-07T15:25:06,83.965675,-43.993401,nan
2024-06-07T15:25:05,83.965691,-43.992996,nan
2024-06-07T15:25:05,83.965706,-43.992592,nan
2024-06-07T15:25:04,83.965721,-43.992176,nan
2024-06-07T15:25:04,83.965729,-43.991764,nan
2024-06-07T15:25:03,83.965744,-43.991348,nan
2024-06-07T15:25:03,83.965752,-43.990936,nan
2024-06-07T15:25:02,83.965759,-43.990524,nan
2024-06-07T15:25:02,83.965767,-43.990120,nan
2024-06-07T15:25:01,83.965775,-43.989719,nan
2024-06-07T15:25:01,83.965782,-43.989323,nan
2024-06-07T15:25:00,83.965782,-43.988930,nan
2024-06-07T15:25:00,83.965790,-43.988537,nan
2024-06-07T15:24:59,83.965797,-43.988140,nan
2024-06-07T15:24:59,83.965805,-43.987751,nan
2024-06-07T15:24:58,83.965813,-43.987366,nan
2024-06-07T15:24:58,83.965813,-43.986980,nan
2024-06-07T15:24:57,83.965820,-43.986599,nan
2024-06-07T15:24:57,83.965828,-43.986233,nan
2024-06-07T15:24:56,83.965836,-43.985870,nan
2024-06-07T15:24:56,83.965843,-43.985519,nan
2024-06-07T15:24:55,83.965851,-43.985172,nan
2024-06-07T15:24:55,83.965858,-43.984829,nan
2024-06-07T15:24:54,83.965866,-43.984489,nan
2024-06-07T15:24:54,83.965874,-43.984158,nan
2024-06-07T15:24:53,83.965881,-43.983829,nan
2024-06-07T15:24:53,83.965889,-43.983505,nan
2024-06-07T15:24:52,83.965897,-43.983185,nan
2024-06-07T15:24:52,83.965904,-43.982861,nan
2024-06-07T15:24:51,83.965912,-43.982540,nan
2024-06-07T15:24:51,83.965927,-43.982227,nan
2024-06-07T15:24:50,83.965935,-43.981915,nan
2024-06-07T15:24:50,83.965942,-43.981609,nan
2024-06-07T15:24:49,83.965958,-43.981304,nan
2024-06-07T15:24:49,83.965965,-43.980999,nan
2024-06-07T15:24:48,83.965981,-43.980694,nan
2024-06-07T15:24:48,83.965988,-43.980389,nan
2024-06-07T15:24:47,83.966003,-43.980080,nan
2024-06-07T15:24:47,83.966011,-43.979778,nan
2024-06-07T15:24:46,83.966026,-43.979469,nan
2024-06-07T15:24:46,83.966034,-43.979160,nan
2024-06-07T15:24:45,83.966049,-43.978851,nan
2024-06-07T15:24:45,83.966057,-43.978542,nan
2024-06-07T15:24:44,83.966072,-43.978226,nan
2024-06-07T15:24:44,83.966080,-43.977909,nan
2024-06-07T15:24:43,83.966095,-43.977592,nan
2024-06-07T15:24:43,83.966103,-43.977276,nan
2024-06-07T15:24:42,83.966118,-43.976959,nan
2024-06-07T15:24:42,83.966125,-43.976646,nan
2024-06-07T15:24:41,83.966133,-43.976334,nan
2024-06-07T15:24:41,83.966148,-43.976025,nan
2024-06-07T15:24:40,83.966156,-43.975712,nan
2024-06-07T15:24:40,83.966171,-43.975407,nan
2024-06-07T15:24:39,83.966179,-43.975101,nan
2024-06-07T15:24:39,83.966187,-43.974804,nan
2024-06-07T15:24:38,83.966202,-43.974503,nan
2024-06-07T15:24:38,83.966209,-43.974205,nan
2024-06-07T15:24:37,83.966217,-43.973911,nan
2024-06-07T15:24:37,83.966232,-43.973625,nan
2024-06-07T15:24:36,83.966240,-43.973335,nan
2024-06-07T15:24:36,83.966248,-43.973045,nan
2024-06-07T15:24:35,83.966263,-43.972767,nan
2024-06-07T15:24:35,83.966270,-43.972488,nan
2024-06-07T15:24:34,83.966286,-43.972214,nan
2024-06-07T15:24:34,83.966293,-43.971943,nan
2024-06-07T15:24:33,83.966301,-43.971680,nan
2024-06-07T15:24:33,83.966316,-43.971420,nan
2024-06-07T15:24:32,83.966324,-43.971161,nan
2024-06-07T15:24:32,83.966331,-43.970901,nan
2024-06-07T15:24:31,83.966347,-43.970638,nan
2024-06-07T15:24:31,83.966354,-43.970375,nan
2024-06-07T15:24:30,83.966362,-43.970112,nan
2024-06-07T15:24:30,83.966370,-43.969841,nan
2024-06-07T15:24:29,83.966377,-43.969574,nan
2024-06-07T15:24:29,83.966377,-43.969303,nan
2024-06-07T15:24:28,83.966385,-43.969036,nan
2024-06-07T15:24:28,83.966393,-43.968769,nan
2024-06-07T15:24:27,83.966400,-43.968498,nan
2024-06-07T15:24:27,83.966408,-43.968231,nan
2024-06-07T15:24:26,83.966408,-43.967968,nan
2024-06-07T15:24:26,83.966415,-43.967705,nan
2024-06-07T15:24:25,83.966423,-43.967442,nan
2024-06-07T15:24:25,83.966423,-43.967178,nan
2024-06-07T15:24:24,83.966431,-43.966919,nan
2024-06-07T15:24:24,83.966431,-43.966660,nan
2024-06-07T15:24:23,83.966438,-43.966396,nan
2024-06-07T15:24:23,83.966438,-43.966137,nan
2024-06-07T15:24:22,83.966446,-43.965878,nan
2024-06-07T15:24:22,83.966446,-43.965618,nan
2024-06-07T15:24:21,83.966446,-43.965363,nan
2024-06-07T15:24:21,83.966454,-43.965111,nan
2024-06-07T15:24:20,83.966454,-43.964863,nan
2024-06-07T15:24:20,83.966454,-43.964619,nan
2024-06-07T15:24:19,83.966454,-43.964375,nan
2024-06-07T15:24:19,83.966454,-43.964134,nan
2024-06-07T15:24:18,83.966454,-43.963898,nan
2024-06-07T15:24:18,83.966454,-43.963661,nan
2024-06-07T15:24:17,83.966454,-43.963428,nan
2024-06-07T15:24:17,83.966454,-43.963196,nan
2024-06-07T15:24:16,83.966461,-43.962967,nan
2024-06-07T15:24:16,83.966461,-43.962738,nan
2024-06-07T15:24:15,83.966461,-43.962513,nan
2024-06-07T15:24:15,83.966461,-43.962288,nan
2024-06-07T15:24:14,83.966461,-43.962063,nan
2024-06-07T15:24:14,83.966461,-43.961838,nan
2024-06-07T15:24:13,83.966461,-43.961617,nan
2024-06-07T15:24:13,83.966461,-43.961395,nan
2024-06-07T15:24:12,83.966469,-43.961178,nan
2024-06-07T15:24:12,83.966469,-43.960964,nan
2024-06-07T15:24:11,83.966469,-43.960751,nan
2024-06-07T15:24:11,83.966469,-43.960533,nan
2024-06-07T15:24:10,83.966476,-43.960312,nan
2024-06-07T15:24:10,83.966476,-43.960087,nan
2024-06-07T15:24:09,83.966476,-43.959858,nan
2024-06-07T15:24:09,83.966484,-43.959629,nan
2024-06-07T15:24:08,83.966484,-43.959396,nan
2024-06-07T15:24:08,83.966492,-43.959164,nan
2024-06-07T15:24:07,83.966492,-43.958935,nan
2024-06-07T15:24:07,83.966492,-43.958706,nan
2024-06-07T15:24:06,83.966499,-43.958481,nan
2024-06-07T15:24:06,83.966499,-43.958260,nan
2024-06-07T15:24:05,83.966507,-43.958038,nan
2024-06-07T15:24:05,83.966507,-43.957821,nan
2024-06-07T15:24:04,83.966507,-43.957607,nan
2024-06-07T15:24:04,83.966515,-43.957394,nan
2024-06-07T15:24:03,83.966515,-43.957184,nan
2024-06-07T15:24:03,83.966515,-43.956970,nan
2024-06-07T15:24:02,83.966515,-43.956760,nan
2024-06-07T15:24:02,83.966522,-43.956547,nan
2024-06-07T15:24:01,83.966522,-43.956333,nan
2024-06-07T15:24:01,83.966522,-43.956116,nan
2024-06-07T15:24:00,83.966522,-43.955891,nan
2024-06-07T15:24:00,83.966530,-43.955669,nan
2024-06-07T15:23:59,83.966530,-43.955444,nan
2024-06-07T15:23:59,83.966537,-43.955219,nan
2024-06-07T15:23:58,83.966537,-43.954994,nan
2024-06-07T15:23:58,83.966537,-43.954769,nan
2024-06-07T15:23:57,83.966545,-43.954540,nan
2024-06-07T15:23:57,83.966553,-43.954315,nan
2024-06-07T15:23:56,83.966553,-43.954090,nan
2024-06-07T15:23:56,83.966560,-43.953865,nan
2024-06-07T15:23:55,83.966560,-43.953640,nan
2024-06-07T15:23:55,83.966568,-43.953419,nan
2024-06-07T15:23:54,83.966568,-43.953197,nan
2024-06-07T15:23:54,83.966576,-43.952980,nan
2024-06-07T15:23:53,83.966583,-43.952766,nan
2024-06-07T15:23:53,83.966591,-43.952553,nan
2024-06-07T15:23:52,83.966599,-43.952339,nan
2024-06-07T15:23:52,83.966599,-43.952126,nan
2024-06-07T15:23:51,83.966606,-43.951908,nan
2024-06-07T15:23:51,83.966614,-43.951698,nan
2024-06-07T15:23:50,83.966621,-43.951488,nan
2024-06-07T15:23:50,83.966621,-43.951279,nan
2024-06-07T15:23:49,83.966629,-43.951073,nan
2024-06-07T15:23:49,83.966629,-43.950867,nan
2024-06-07T15:23:48,83.966637,-43.950665,nan
2024-06-07T15:23:48,83.966637,-43.950466,nan
2024-06-07T15:23:47,83.966644,-43.950264,nan
2024-06-07T15:23:47,83.966644,-43.950066,nan
2024-06-07T15:23:46,83.966652,-43.949867,nan
2024-06-07T15:23:46,83.966652,-43.949669,nan
2024-06-07T15:23:45,83.966660,-43.949471,nan
2024-06-07T15:23:45,83.966660,-43.949276,nan
2024-06-07T15:23:44,83.966660,-43.949085,nan
2024-06-07T15:23:44,83.966667,-43.948895,nan
2024-06-07T15:23:43,83.966667,-43.948711,nan
2024-06-07T15:23:43,83.966667,-43.948524,nan
2024-06-07T15:23:42,83.966675,-43.948341,nan
2024-06-07T15:23:42,83.966675,-43.948154,nan
2024-06-07T15:23:41,83.966675,-43.947968,nan
2024-06-07T15:23:41,83.966675,-43.947781,nan
2024-06-07T15:23:40,83.966682,-43.947594,nan
2024-06-07T15:23:40,83.966682,-43.947414,nan
2024-06-07T15:23:39,83.966690,-43.947235,nan
2024-06-07T15:23:39,83.966690,-43.947063,nan
2024-06-07T15:23:38,83.966698,-43.946892,nan
2024-06-07T15:23:38,83.966698,-43.946720,nan
2024-06-07T15:23:37,83.966705,-43.946552,nan
2024-06-07T15:23:37,83.966713,-43.946388,nan
2024-06-07T15:23:36,83.966713,-43.946228,nan
2024-06-07T15:23:36,83.966721,-43.946068,nan
2024-06-07T15:23:35,83.966728,-43.945908,nan
2024-06-07T15:23:35,83.966728,-43.945755,nan
2024-06-07T15:23:34,83.966736,-43.945602,nan
2024-06-07T15:23:34,83.966743,-43.945454,nan
2024-06-07T15:23:33,83.966743,-43.945305,nan
2024-06-07T15:23:33,83.966751,-43.945164,nan
2024-06-07T15:23:32,83.966759,-43.945023,nan
2024-06-07T15:23:32,83.966759,-43.944885,nan
2024-06-07T15:23:31,83.966766,-43.944752,nan
2024-06-07T15:23:31,83.966774,-43.944611,nan
2024-06-07T15:23:30,83.966774,-43.944469,nan
2024-06-07T15:23:30,83.966782,-43.944328,nan
2024-06-07T15:23:29,83.966782,-43.944191,nan
2024-06-07T15:23:29,83.966789,-43.944054,nan
2024-06-07T15:23:28,83.966797,-43.943916,nan
2024-06-07T15:23:28,83.966797,-43.943783,nan
2024-06-07T15:23:27,83.966805,-43.943649,nan
2024-06-07T15:23:27,83.966812,-43.943516,nan
2024-06-07T15:23:26,83.966812,-43.943378,nan
2024-06-07T15:23:26,83.966820,-43.943245,nan
2024-06-07T15:23:25,83.966827,-43.943111,nan
2024-06-07T15:23:25,83.966827,-43.942974,nan
2024-06-07T15:23:24,83.966835,-43.942837,nan
2024-06-07T15:23:24,83.966843,-43.942696,nan
2024-06-07T15:23:23,83.966850,-43.942554,nan
2024-06-07T15:23:23,83.966858,-43.942413,nan
2024-06-07T15:23:22,83.966866,-43.942272,nan
2024-06-07T15:23:22,83.966866,-43.942135,nan
2024-06-07T15:23:21,83.966873,-43.941994,nan
2024-06-07T15:23:21,83.966881,-43.941853,nan
2024-06-07T15:23:20,83.966888,-43.941708,nan
2024-06-07T15:23:20,83.966896,-43.941563,nan
2024-06-07T15:23:19,83.966904,-43.941414,nan
2024-06-07T15:23:19,83.966911,-43.941261,nan
2024-06-07T15:23:18,83.966919,-43.941109,nan
2024-06-07T15:23:18,83.966927,-43.940960,nan
2024-06-07T15:23:17,83.966934,-43.940811,nan
2024-06-07T15:23:17,83.966934,-43.940662,nan
2024-06-07T15:23:16,83.966942,-43.940514,nan
2024-06-07T15:23:16,83.966949,-43.940369,nan
2024-06-07T15:23:15,83.966957,-43.940228,nan
2024-06-07T15:23:15,83.966965,-43.940086,nan
2024-06-07T15:23:14,83.966972,-43.939949,nan
2024-06-07T15:23:14,83.966980,-43.939812,nan
2024-06-07T15:23:13,83.966988,-43.939678,nan
2024-06-07T15:23:13,83.966988,-43.939545,nan
2024-06-07T15:23:12,83.966995,-43.939415,nan
2024-06-07T15:23:12,83.967003,-43.939285,nan
2024-06-07T15:23:11,83.967010,-43.939163,nan
2024-06-07T15:23:11,83.967018,-43.939041,nan
2024-06-07T15:23:10,83.967026,-43.938923,nan
2024-06-07T15:23:10,83.967026,-43.938805,nan
2024-06-07T15:23:09,83.967033,-43.938683,nan
2024-06-07T15:23:09,83.967033,-43.938564,nan
2024-06-07T15:23:08,83.967041,-43.938446,nan
2024-06-07T15:23:08,83.967049,-43.938324,nan
2024-06-07T15:23:07,83.967056,-43.938202,nan
2024-06-07T15:23:07,83.967056,-43.938076,nan
2024-06-07T15:23:06,83.967064,-43.937950,nan
2024-06-07T15:23:06,83.967072,-43.937824,nan
2024-06-07T15:23:05,83.967079,-43.937695,nan
2024-06-07T15:23:05,83.967079,-43.937565,nan
2024-06-07T15:23:04,83.967087,-43.937428,nan
2024-06-07T15:23:04,83.967094,-43.937290,nan
2024-06-07T15:23:03,83.967094,-43.937153,nan
2024-06-07T15:23:03,83.967102,-43.937016,nan
2024-06-07T15:23:02,83.967110,-43.936878,nan
2024-06-07T15:23:02,83.967110,-43.936741,nan
2024-06-07T15:23:01,83.967117,-43.936607,nan
2024-06-07T15:23:01,83.967117,-43.936474,nan
2024-06-07T15:23:00,83.967125,-43.936340,nan
2024-06-07T15:23:00,83.967133,-43.936211,nan
2024-06-07T15:22:59,83.967133,-43.936081,nan
2024-06-07T15:22:59,83.967140,-43.935951,nan
2024-06-07T15:22:58,83.967148,-43.935822,nan
2024-06-07T15:22:58,83.967148,-43.935692,nan
2024-06-07T15:22:57,83.967155,-43.935562,nan
2024-06-07T15:22:57,83.967163,-43.935436,nan
2024-06-07T15:22:56,83.967163,-43.935310,nan
2024-06-07T15:22:56,83.967171,-43.935184,nan
2024-06-07T15:22:55,83.967178,-43.935059,nan
2024-06-07T15:22:55,83.967178,-43.934929,nan
2024-06-07T15:22:54,83.967186,-43.934799,nan
2024-06-07T15:22:54,83.967194,-43.934673,nan
2024-06-07T15:22:53,83.967194,-43.934544,nan
2024-06-07T15:22:53,83.967201,-43.934414,nan
2024-06-07T15:22:52,83.967209,-43.934280,nan
2024-06-07T15:22:52,83.967209,-43.934151,nan
2024-06-07T15:22:51,83.967216,-43.934021,nan
2024-06-07T15:22:51,83.967216,-43.933891,nan
2024-06-07T15:22:50,83.967224,-43.933765,nan
2024-06-07T15:22:50,83.967224,-43.933636,nan
2024-06-07T15:22:49,83.967232,-43.933510,nan
2024-06-07T15:22:49,83.967232,-43.933388,nan
2024-06-07T15:22:48,83.967239,-43.933266,nan
2024-06-07T15:22:48,83.967239,-43.933144,nan
2024-06-07T15:22:47,83.967247,-43.933022,nan
2024-06-07T15:22:47,83.967247,-43.932903,nan
2024-06-07T15:22:46,83.967247,-43.932785,nan
2024-06-07T15:22:46,83.967255,-43.932671,nan
2024-06-07T15:22:45,83.967255,-43.932556,nan
2024-06-07T15:22:45,83.967255,-43.932446,nan
2024-06-07T15:22:44,83.967255,-43.932339,nan
2024-06-07T15:22:44,83.967255,-43.932228,nan
2024-06-07T15:22:43,83.967262,-43.932117,nan
2024-06-07T15:22:43,83.967262,-43.932011,nan
2024-06-07T15:22:42,83.967262,-43.931900,nan
2024-06-07T15:22:42,83.967262,-43.931789,nan
2024-06-07T15:22:41,83.967262,-43.931671,nan
2024-06-07T15:22:41,83.967262,-43.931557,nan
2024-06-07T15:22:40,83.967262,-43.931438,nan
2024-06-07T15:22:40,83.967262,-43.931328,nan
2024-06-07T15:22:39,83.967262,-43.931210,nan
2024-06-07T15:22:39,83.967262,-43.931095,nan
2024-06-07T15:22:38,83.967262,-43.930988,nan
2024-06-07T15:22:38,83.967262,-43.930882,nan
2024-06-07T15:22:37,83.967262,-43.930779,nan
2024-06-07T15:22:37,83.967262,-43.930676,nan
2024-06-07T15:22:36,83.967262,-43.930576,nan
2024-06-07T15:22:36,83.967270,-43.930473,nan
2024-06-07T15:22:35,83.967270,-43.930370,nan
2024-06-07T15:22:35,83.967270,-43.930267,nan
2024-06-07T15:22:34,83.967278,-43.930161,nan
2024-06-07T15:22:34,83.967278,-43.930050,nan
2024-06-07T15:22:33,83.967278,-43.929943,nan
2024-06-07T15:22:33,83.967278,-43.929836,nan
2024-06-07T15:22:32,83.967285,-43.929733,nan
2024-06-07T15:22:32,83.967285,-43.929626,nan
2024-06-07T15:22:31,83.967285,-43.929520,nan
2024-06-07T15:22:31,83.967293,-43.929413,nan
2024-06-07T15:22:30,83.967293,-43.929306,nan
2024-06-07T15:22:30,83.967300,-43.929199,nan
2024-06-07T15:22:29,83.967300,-43.929092,nan
2024-06-07T15:22:29,83.967308,-43.928986,nan
2024-06-07T15:22:28,83.967308,-43.928879,nan
2024-06-07T15:22:28,83.967316,-43.928776,nan
2024-06-07T15:22:27,83.967316,-43.928665,nan
2024-06-07T15:22:27,83.967323,-43.928558,nan
2024-06-07T15:22:26,83.967323,-43.928455,nan
2024-06-07T15:22:26,83.967331,-43.928345,nan
2024-06-07T15:22:25,83.967339,-43.928242,nan
2024-06-07T15:22:25,83.967346,-43.928135,nan
2024-06-07T15:22:24,83.967346,-43.928024,nan
2024-06-07T15:22:24,83.967354,-43.927914,nan
2024-06-07T15:22:23,83.967361,-43.927807,nan
2024-06-07T15:22:23,83.967369,-43.927696,nan
2024-06-07T15:22:22,83.967377,-43.927589,nan
2024-06-07T15:22:22,83.967384,-43.927483,nan
2024-06-07T15:22:21,83.967384,-43.927372,nan
2024-06-07T15:22:21,83.967392,-43.927265,nan
2024-06-07T15:22:20,83.967400,-43.927158,nan
2024-06-07T15:22:20,83.967407,-43.927052,nan
2024-06-07T15:22:19,83.967415,-43.926945,nan
2024-06-07T15:22:19,83.967422,-43.926838,nan
2024-06-07T15:22:18,83.967438,-43.926735,nan
2024-06-07T15:22:18,83.967445,-43.926632,nan
2024-06-07T15:22:17,83.967453,-43.926525,nan
2024-06-07T15:22:17,83.967461,-43.926418,nan
2024-06-07T15:22:16,83.967468,-43.926315,nan
2024-06-07T15:22:16,83.967476,-43.926212,nan
2024-06-07T15:22:15,83.967484,-43.926109,nan
2024-06-07T15:22:15,83.967491,-43.926006,nan
2024-06-07T15:22:14,83.967499,-43.925900,nan
2024-06-07T15:22:14,83.967506,-43.925797,nan
2024-06-07T15:22:13,83.967514,-43.925694,nan
2024-06-07T15:22:13,83.967522,-43.925594,nan
2024-06-07T15:22:12,83.967529,-43.925495,nan
2024-06-07T15:22:12,83.967529,-43.925400,nan
2024-06-07T15:22:11,83.967537,-43.925308,nan
2024-06-07T15:22:11,83.967545,-43.925217,nan
2024-06-07T15:22:10,83.967545,-43.925121,nan
2024-06-07T15:22:10,83.967552,-43.925034,nan
2024-06-07T15:22:09,83.967552,-43.924938,nan
2024-06-07T15:22:09,83.967560,-43.924843,nan
2024-06-07T15:22:08,83.967560,-43.924744,nan
2024-06-07T15:22:08,83.967567,-43.924648,nan
2024-06-07T15:22:07,83.967567,-43.924557,nan
2024-06-07T15:22:06,83.967583,-43.924381,nan
2024-06-07T15:22:06,83.967583,-43.924290,nan
2024-06-07T15:22:05,83.967590,-43.924206,nan
2024-06-07T15:22:05,83.967590,-43.924122,nan
2024-06-07T15:22:04,83.967598,-43.924034,nan
2024-06-07T15:22:04,83.967606,-43.923943,nan
2024-06-07T15:22:03,83.967606,-43.923851,nan
2024-06-07T15:22:03,83.967613,-43.923763,nan
2024-06-07T15:22:02,83.967613,-43.923676,nan
2024-06-07T15:22:02,83.967621,-43.923588,nan
2024-06-07T15:22:01,83.967621,-43.923504,nan
2024-06-07T15:22:01,83.967628,-43.923420,nan
2024-06-07T15:22:00,83.967628,-43.923332,nan
2024-06-07T15:22:00,83.967636,-43.923244,nan
2024-06-07T15:21:59,83.967636,-43.923157,nan
2024-06-07T15:21:59,83.967636,-43.923065,nan
2024-06-07T15:21:58,83.967636,-43.922977,nan
2024-06-07T15:21:58,83.967636,-43.922897,nan
2024-06-07T15:21:57,83.967636,-43.922817,nan
2024-06-07T15:21:57,83.967636,-43.922741,nan
2024-06-07T15:21:56,83.967636,-43.922668,nan
2024-06-07T15:21:56,83.967636,-43.922592,nan
2024-06-07T15:21:55,83.967636,-43.922523,nan
2024-06-07T15:21:55,83.967636,-43.922451,nan
2024-06-07T15:21:54,83.967636,-43.922382,nan
2024-06-07T15:21:54,83.967636,-43.922314,nan
2024-06-07T15:21:53,83.967636,-43.922249,nan
2024-06-07T15:21:53,83.967636,-43.922188,nan
2024-06-07T15:21:52,83.967636,-43.922134,nan
2024-06-07T15:21:52,83.967636,-43.922085,nan
2024-06-07T15:21:51,83.967636,-43.922039,nan
2024-06-07T15:21:51,83.967636,-43.922001,nan
2024-06-07T15:21:50,83.967636,-43.921970,nan
2024-06-07T15:21:50,83.967636,-43.921944,nan
2024-06-07T15:21:49,83.967644,-43.921925,nan
2024-06-07T15:21:49,83.967644,-43.921906,nan
2024-06-07T15:21:48,83.967644,-43.921890,nan
2024-06-07T15:21:48,83.967644,-43.921879,nan
2024-06-07T15:21:47,83.967644,-43.921871,nan
2024-06-07T15:21:47,83.967651,-43.921871,nan
2024-06-07T15:21:46,83.967651,-43.921871,nan
2024-06-07T15:21:46,83.967651,-43.921879,nan
2024-06-07T15:21:45,83.967651,-43.921890,nan
2024-06-07T15:21:45,83.967659,-43.921902,nan
2024-06-07T15:21:44,83.967659,-43.921917,nan
2024-06-07T15:21:44,83.967659,-43.921936,nan
2024-06-07T15:21:43,83.967659,-43.921951,nan
2024-06-07T15:21:43,83.967659,-43.921978,nan
2024-06-07T15:21:42,83.967667,-43.922009,nan
2024-06-07T15:21:42,83.967667,-43.922039,nan
2024-06-07T15:21:41,83.967667,-43.922070,nan
2024-06-07T15:21:41,83.967667,-43.922104,nan
2024-06-07T15:21:40,83.967667,-43.922138,nan
2024-06-07T15:21:40,83.967667,-43.922173,nan
2024-06-07T15:21:39,83.967674,-43.922199,nan
2024-06-07T15:21:39,83.967674,-43.922230,nan
2024-06-07T15:21:38,83.967674,-43.922256,nan
2024-06-07T15:21:38,83.967674,-43.922283,nan
2024-06-07T15:21:37,83.967674,-43.922314,nan
2024-06-07T15:21:37,83.967682,-43.922344,nan
2024-06-07T15:21:36,83.967682,-43.922375,nan
2024-06-07T15:21:35,83.967682,-43.922443,nan
2024-06-07T15:21:34,83.967682,-43.922523,nan
2024-06-07T15:21:34,83.967690,-43.922565,nan
2024-06-07T15:21:33,83.967690,-43.922607,nan
2024-06-07T15:21:33,83.967690,-43.922649,nan
2024-06-07T15:21:32,83.967690,-43.922699,nan
2024-06-07T15:21:32,83.967690,-43.922749,nan
2024-06-07T15:21:31,83.967690,-43.922798,nan
2024-06-07T15:21:31,83.967690,-43.922848,nan
2024-06-07T15:21:30,83.967697,-43.922958,nan
2024-06-07T15:21:29,83.967697,-43.923023,nan
2024-06-07T15:21:29,83.967705,-43.923084,nan
2024-06-07T15:21:28,83.967705,-43.923145,nan
2024-06-07T15:21:28,83.967705,-43.923210,nan
2024-06-07T15:21:27,83.967712,-43.923283,nan
2024-06-07T15:21:27,83.967712,-43.923359,nan
2024-06-07T15:21:26,83.967712,-43.923439,nan
2024-06-07T15:21:26,83.967720,-43.923523,nan
2024-06-07T15:21:25,83.967720,-43.923615,nan
2024-06-07T15:21:24,83.967728,-43.923801,nan
2024-06-07T15:21:24,83.967728,-43.923897,nan
2024-06-07T15:21:23,83.967728,-43.923988,nan
2024-06-07T15:21:20,83.967735,-43.924572,nan
2024-06-07T15:21:19,83.967735,-43.924797,nan
2024-06-07T15:21:19,83.967735,-43.924915,nan
2024-06-07T15:21:18,83.967735,-43.925159,nan
2024-06-07T15:21:17,83.967735,-43.925282,nan
2024-06-07T15:21:17,83.967735,-43.925407,nan
2024-06-07T15:21:16,83.967735,-43.925541,nan
2024-06-07T15:21:16,83.967728,-43.925674,nan
2024-06-07T15:21:15,83.967728,-43.925816,nan
2024-06-07T15:21:15,83.967728,-43.925957,nan
2024-06-07T15:21:14,83.967728,-43.926098,nan
2024-06-07T15:21:14,83.967728,-43.926247,nan
2024-06-07T15:21:13,83.967728,-43.926392,nan
2024-06-07T15:21:13,83.967728,-43.926537,nan
2024-06-07T15:21:12,83.967720,-43.926678,nan
2024-06-07T15:21:12,83.967720,-43.926823,nan
2024-06-07T15:21:11,83.967720,-43.926968,nan
2024-06-07T15:21:11,83.967720,-43.927113,nan
2024-06-07T15:21:10,83.967712,-43.927265,nan
2024-06-07T15:21:10,83.967712,-43.927418,nan
2024-06-07T15:21:09,83.967712,-43.927570,nan
2024-06-07T15:21:09,83.967712,-43.927731,nan
2024-06-07T15:21:08,83.967705,-43.927891,nan
2024-06-07T15:21:08,83.967705,-43.928047,nan
2024-06-07T15:21:07,83.967705,-43.928211,nan
2024-06-07T15:21:07,83.967697,-43.928379,nan
2024-06-07T15:21:06,83.967697,-43.928547,nan
2024-06-07T15:21:06,83.967697,-43.928715,nan
2024-06-07T15:21:05,83.967690,-43.928886,nan
2024-06-07T15:21:03,83.967682,-43.929764,nan
2024-06-07T15:21:01,83.967674,-43.930271,nan
2024-06-07T15:21:00,83.967667,-43.930779,nan
2024-06-07T15:20:59,83.967667,-43.930950,nan
2024-06-07T15:20:59,83.967667,-43.931122,nan
2024-06-07T15:20:58,83.967659,-43.931293,nan
2024-06-07T15:20:58,83.967659,-43.931465,nan
2024-06-07T15:20:57,83.967651,-43.931805,nan
2024-06-07T15:20:56,83.967644,-43.932148,nan
2024-06-07T15:20:55,83.967644,-43.932320,nan
2024-06-07T15:20:55,83.967636,-43.932487,nan
2024-06-07T15:20:54,83.967636,-43.932663,nan
2024-06-07T15:20:54,83.967628,-43.932835,nan
2024-06-07T15:20:53,83.967628,-43.933006,nan
2024-06-07T15:20:53,83.967621,-43.933182,nan
2024-06-07T15:20:52,83.967621,-43.933357,nan
2024-06-07T15:20:52,83.967613,-43.933529,nan
2024-06-07T15:20:51,83.967613,-43.933704,nan
2024-06-07T15:20:51,83.967613,-43.933880,nan
2024-06-07T15:20:50,83.967606,-43.934055,nan
2024-06-07T15:20:50,83.967606,-43.934227,nan
2024-06-07T15:20:49,83.967606,-43.934399,nan
2024-06-07T15:20:49,83.967606,-43.934574,nan
2024-06-07T15:20:48,83.967606,-43.934750,nan
2024-06-07T15:20:48,83.967606,-43.934921,nan
2024-06-07T15:20:47,83.967606,-43.935097,nan
2024-06-07T15:20:47,83.967606,-43.935272,nan
2024-06-07T15:20:46,83.967606,-43.935448,nan
2024-06-07T15:20:46,83.967606,-43.935623,nan
2024-06-07T15:20:45,83.967606,-43.935802,nan
2024-06-07T15:20:45,83.967613,-43.935986,nan
2024-06-07T15:20:44,83.967613,-43.936169,nan
2024-06-07T15:20:44,83.967613,-43.936356,nan
2024-06-07T15:20:43,83.967613,-43.936539,nan
2024-06-07T15:20:43,83.967613,-43.936726,nan
2024-06-07T15:20:42,83.967613,-43.936913,nan
2024-06-07T15:20:42,83.967621,-43.937099,nan
2024-06-07T15:20:41,83.967621,-43.937294,nan
2024-06-07T15:20:41,83.967621,-43.937489,nan
2024-06-07T15:20:40,83.967621,-43.937691,nan
2024-06-07T15:20:40,83.967621,-43.937897,nan
2024-06-07T15:20:39,83.967628,-43.938107,nan
2024-06-07T15:20:39,83.967628,-43.938320,nan
2024-06-07T15:20:38,83.967628,-43.938534,nan
2024-06-07T15:20:38,83.967636,-43.938747,nan
2024-06-07T15:20:37,83.967636,-43.938961,nan
2024-06-07T15:20:37,83.967636,-43.939175,nan
2024-06-07T15:20:36,83.967644,-43.939392,nan
2024-06-07T15:20:35,83.967644,-43.939827,nan
2024-06-07T15:20:35,83.967644,-43.940048,nan
2024-06-07T15:20:34,83.967651,-43.940269,nan
2024-06-07T15:20:34,83.967651,-43.940491,nan
2024-06-07T15:20:33,83.967651,-43.940716,nan
2024-06-07T15:20:33,83.967651,-43.940933,nan
2024-06-07T15:20:32,83.967659,-43.941158,nan
2024-06-07T15:20:32,83.967659,-43.941387,nan
2024-06-07T15:20:31,83.967659,-43.941624,nan
2024-06-07T15:20:31,83.967659,-43.941860,nan
2024-06-07T15:20:30,83.967659,-43.942104,nan
2024-06-07T15:20:30,83.967659,-43.942356,nan
2024-06-07T15:20:29,83.967659,-43.942604,nan
2024-06-07T15:20:29,83.967659,-43.942856,nan
2024-06-07T15:20:28,83.967659,-43.943108,nan
2024-06-07T15:20:28,83.967651,-43.943363,nan
2024-06-07T15:20:27,83.967651,-43.943619,nan
2024-06-07T15:20:27,83.967651,-43.943874,nan
2024-06-07T15:20:26,83.967644,-43.944386,nan
2024-06-07T15:20:25,83.967644,-43.944645,nan
2024-06-07T15:20:25,83.967636,-43.944904,nan
2024-06-07T15:20:24,83.967636,-43.945164,nan
2024-06-07T15:20:24,83.967628,-43.945423,nan
2024-06-07T15:20:23,83.967621,-43.945683,nan
2024-06-07T15:20:23,83.967613,-43.945938,nan
2024-06-07T15:20:22,83.967613,-43.946194,nan
2024-06-07T15:20:22,83.967606,-43.946449,nan
2024-06-07T15:20:21,83.967598,-43.946705,nan
2024-06-07T15:20:21,83.967590,-43.946964,nan
2024-06-07T15:20:20,83.967583,-43.947224,nan
2024-06-07T15:20:20,83.967575,-43.947483,nan
2024-06-07T15:20:19,83.967567,-43.947742,nan
2024-06-07T15:20:19,83.967567,-43.948006,nan
2024-06-07T15:20:18,83.967560,-43.948269,nan
2024-06-07T15:20:17,83.967545,-43.948788,nan
2024-06-07T15:20:17,83.967545,-43.949047,nan
2024-06-07T15:20:16,83.967537,-43.949306,nan
2024-06-07T15:20:16,83.967529,-43.949570,nan
2024-06-07T15:20:15,83.967522,-43.949837,nan
2024-06-07T15:20:15,83.967522,-43.950104,nan
2024-06-07T15:20:14,83.967514,-43.950375,nan
2024-06-07T15:20:14,83.967506,-43.950645,nan
2024-06-07T15:20:13,83.967506,-43.950916,nan
2024-06-07T15:20:13,83.967499,-43.951187,nan
2024-06-07T15:20:12,83.967499,-43.951462,nan
2024-06-07T15:20:12,83.967491,-43.951736,nan
2024-06-07T15:20:11,83.967484,-43.952007,nan
2024-06-07T15:20:11,83.967484,-43.952282,nan
2024-06-07T15:20:10,83.967476,-43.952557,nan
2024-06-07T15:20:10,83.967476,-43.952831,nan
2024-06-07T15:20:09,83.967468,-43.953110,nan
2024-06-07T15:20:09,83.967468,-43.953384,nan
2024-06-07T15:20:08,83.967461,-43.953655,nan
2024-06-07T15:20:08,83.967453,-43.953930,nan
2024-06-07T15:20:07,83.967453,-43.954205,nan
2024-06-07T15:20:07,83.967445,-43.954483,nan
2024-06-07T15:20:06,83.967438,-43.954765,nan
2024-06-07T15:20:06,83.967430,-43.955044,nan
2024-06-07T15:20:05,83.967422,-43.955322,nan
2024-06-07T15:20:05,83.967415,-43.955601,nan
2024-06-07T15:20:04,83.967407,-43.955875,nan
2024-06-07T15:20:04,83.967400,-43.956150,nan
2024-06-07T15:20:03,83.967392,-43.956421,nan
2024-06-07T15:20:03,83.967384,-43.956692,nan
2024-06-07T15:20:02,83.967377,-43.956966,nan
2024-06-07T15:20:02,83.967369,-43.957245,nan
2024-06-07T15:20:01,83.967361,-43.957527,nan
2024-06-07T15:20:01,83.967346,-43.957817,nan
2024-06-07T15:20:00,83.967339,-43.958118,nan
2024-06-07T15:20:00,83.967331,-43.958424,nan
2024-06-07T15:19:59,83.967323,-43.958736,nan
2024-06-07T15:19:59,83.967316,-43.959057,nan
2024-06-07T15:19:58,83.967308,-43.959381,nan
2024-06-07T15:19:58,83.967300,-43.959717,nan
2024-06-07T15:19:57,83.967285,-43.960052,nan
2024-06-07T15:19:57,83.967278,-43.960396,nan
2024-06-07T15:19:56,83.967270,-43.960739,nan
2024-06-07T15:19:56,83.967262,-43.961090,nan
2024-06-07T15:19:55,83.967255,-43.961437,nan
2024-06-07T15:19:55,83.967239,-43.961788,nan
2024-06-07T15:19:54,83.967232,-43.962139,nan
2024-06-07T15:19:54,83.967224,-43.962486,nan
2024-06-07T15:19:53,83.967216,-43.962833,nan
2024-06-07T15:19:53,83.967209,-43.963184,nan
2024-06-07T15:19:52,83.967201,-43.963531,nan
2024-06-07T15:19:52,83.967194,-43.963879,nan
2024-06-07T15:19:51,83.967186,-43.964226,nan
2024-06-07T15:19:51,83.967178,-43.964573,nan
2024-06-07T15:19:50,83.967171,-43.964920,nan
2024-06-07T15:19:50,83.967163,-43.965267,nan
2024-06-07T15:19:49,83.967155,-43.965611,nan
2024-06-07T15:19:49,83.967148,-43.965954,nan
2024-06-07T15:19:48,83.967140,-43.966301,nan
2024-06-07T15:19:48,83.967133,-43.966644,nan
2024-06-07T15:19:47,83.967125,-43.966988,nan
2024-06-07T15:19:47,83.967110,-43.967335,nan
2024-06-07T15:19:46,83.967102,-43.967682,nan
2024-06-07T15:19:46,83.967094,-43.968033,nan
2024-06-07T15:19:45,83.967087,-43.968384,nan
2024-06-07T15:19:45,83.967079,-43.968735,nan
2024-06-07T15:19:44,83.967072,-43.969086,nan
2024-06-07T15:19:44,83.967064,-43.969437,nan
2024-06-07T15:19:43,83.967049,-43.969784,nan
2024-06-07T15:19:43,83.967041,-43.970139,nan
2024-06-07T15:19:42,83.967033,-43.970497,nan
2024-06-07T15:19:42,83.967018,-43.970860,nan
2024-06-07T15:19:41,83.967010,-43.971226,nan
2024-06-07T15:19:41,83.966995,-43.971596,nan
2024-06-07T15:19:40,83.966980,-43.971962,nan
2024-06-07T15:19:40,83.966972,-43.972328,nan
2024-06-07T15:19:39,83.966957,-43.972698,nan
2024-06-07T15:19:39,83.966949,-43.973064,nan
2024-06-07T15:19:38,83.966934,-43.973434,nan
2024-06-07T15:19:38,83.966919,-43.973804,nan
2024-06-07T15:19:37,83.966911,-43.974174,nan
2024-06-07T15:19:37,83.966904,-43.974548,nan
2024-06-07T15:19:36,83.966888,-43.974922,nan
2024-06-07T15:19:36,83.966881,-43.975300,nan
2024-06-07T15:19:35,83.966873,-43.975674,nan
2024-06-07T15:19:35,83.966866,-43.976048,nan
2024-06-07T15:19:34,83.966850,-43.976418,nan
2024-06-07T15:19:34,83.966843,-43.976791,nan
2024-06-07T15:19:33,83.966835,-43.977165,nan
2024-06-07T15:19:33,83.966827,-43.977539,nan
2024-06-07T15:19:32,83.966820,-43.977917,nan
2024-06-07T15:19:32,83.966812,-43.978291,nan
2024-06-07T15:19:31,83.966805,-43.978672,nan
2024-06-07T15:19:31,83.966797,-43.979053,nan
2024-06-07T15:19:30,83.966797,-43.979439,nan
2024-06-07T15:19:30,83.966789,-43.979820,nan
2024-06-07T15:19:29,83.966782,-43.980206,nan
2024-06-07T15:19:29,83.966774,-43.980587,nan
2024-06-07T15:19:28,83.966766,-43.980968,nan
2024-06-07T15:19:28,83.966759,-43.981354,nan
2024-06-07T15:19:27,83.966751,-43.981735,nan
2024-06-07T15:19:27,83.966743,-43.982124,nan
2024-06-07T15:19:26,83.966736,-43.982513,nan
2024-06-07T15:19:26,83.966728,-43.982903,nan
2024-06-07T15:19:25,83.966721,-43.983292,nan
2024-06-07T15:19:25,83.966705,-43.983681,nan
2024-06-07T15:19:24,83.966698,-43.984066,nan
2024-06-07T15:19:24,83.966690,-43.984455,nan
2024-06-07T15:19:23,83.966682,-43.984840,nan
2024-06-07T15:19:23,83.966667,-43.985229,nan
2024-06-07T15:19:22,83.966660,-43.985615,nan
2024-06-07T15:19:22,83.966644,-43.986004,nan
2024-06-07T15:19:21,83.966621,-43.986774,nan
2024-06-07T15:19:20,83.966606,-43.987156,nan
2024-06-07T15:19:20,83.966599,-43.987537,nan
2024-06-07T15:19:19,83.966583,-43.987915,nan
2024-06-07T15:19:19,83.966576,-43.988293,nan
2024-06-07T15:19:18,83.966560,-43.988670,nan
2024-06-07T15:19:18,83.966553,-43.989044,nan
2024-06-07T15:19:17,83.966537,-43.989418,nan
2024-06-07T15:19:17,83.966522,-43.989796,nan
2024-06-07T15:19:16,83.966515,-43.990173,nan
2024-06-07T15:19:16,83.966507,-43.990555,nan
2024-06-07T15:19:15,83.966492,-43.990932,nan
2024-06-07T15:19:15,83.966484,-43.991318,nan
2024-06-07T15:19:14,83.966476,-43.991692,nan
2024-06-07T15:19:14,83.966461,-43.992069,nan
2024-06-07T15:19:13,83.966454,-43.992443,nan
2024-06-07T15:19:13,83.966446,-43.992821,nan
2024-06-07T15:19:12,83.966438,-43.993198,nan
2024-06-07T15:19:12,83.966423,-43.993576,nan
2024-06-07T15:19:11,83.966415,-43.993954,nan
2024-06-07T15:19:11,83.966408,-43.994335,nan
2024-06-07T15:19:10,83.966400,-43.994720,nan
2024-06-07T15:19:10,83.966393,-43.995102,nan
2024-06-07T15:19:09,83.966377,-43.995483,nan
2024-06-07T15:19:09,83.966370,-43.995861,nan
2024-06-07T15:19:08,83.966362,-43.996239,nan
2024-06-07T15:19:08,83.966354,-43.996616,nan
2024-06-07T15:19:07,83.966347,-43.996990,nan
2024-06-07T15:19:07,83.966339,-43.997372,nan
2024-06-07T15:19:06,83.966331,-43.997749,nan
2024-06-07T15:19:06,83.966324,-43.998131,nan
2024-06-07T15:19:05,83.966309,-43.998508,nan
2024-06-07T15:19:05,83.966301,-43.998894,nan
2024-06-07T15:19:04,83.966293,-43.999271,nan
2024-06-07T15:19:04,83.966286,-43.999657,nan
2024-06-07T15:19:03,83.966278,-44.000038,nan
2024-06-07T15:19:03,83.966270,-44.000423,nan
2024-06-07T15:19:02,83.966270,-44.000809,nan
2024-06-07T15:19:02,83.966263,-44.001198,nan
2024-06-07T15:19:01,83.966255,-44.001591,nan
2024-06-07T15:19:01,83.966248,-44.001984,nan
2024-06-07T15:19:00,83.966240,-44.002384,nan
2024-06-07T15:19:00,83.966232,-44.002789,nan
2024-06-07T15:18:59,83.966232,-44.003201,nan
2024-06-07T15:18:59,83.966225,-44.003613,nan
2024-06-07T15:18:58,83.966217,-44.004025,nan
2024-06-07T15:18:58,83.966209,-44.004436,nan
2024-06-07T15:18:57,83.966209,-44.004848,nan
2024-06-07T15:18:57,83.966202,-44.005264,nan
2024-06-07T15:18:56,83.966194,-44.005680,nan
2024-06-07T15:18:56,83.966187,-44.006096,nan
2024-06-07T15:18:55,83.966179,-44.006516,nan
2024-06-07T15:18:55,83.966171,-44.006935,nan
2024-06-07T15:18:54,83.966164,-44.007355,nan
2024-06-07T15:18:54,83.966156,-44.007774,nan
2024-06-07T15:18:53,83.966148,-44.008190,nan
2024-06-07T15:18:53,83.966141,-44.008610,nan
2024-06-07T15:18:52,83.966125,-44.009026,nan
2024-06-07T15:18:52,83.966118,-44.009441,nan
2024-06-07T15:18:51,83.966110,-44.009861,nan
2024-06-07T15:18:51,83.966095,-44.010281,nan
2024-06-07T15:18:50,83.966087,-44.010700,nan
2024-06-07T15:18:50,83.966072,-44.011124,nan
2024-06-07T15:18:49,83.966064,-44.011547,nan
2024-06-07T15:18:49,83.966049,-44.011974,nan
2024-06-07T15:18:48,83.966034,-44.012402,nan
2024-06-07T15:18:48,83.966019,-44.012829,nan
2024-06-07T15:18:47,83.966003,-44.013260,nan
2024-06-07T15:18:47,83.965988,-44.013695,nan
2024-06-07T15:18:46,83.965973,-44.014133,nan
2024-06-07T15:18:46,83.965958,-44.014580,nan
2024-06-07T15:18:45,83.965935,-44.015030,nan
2024-06-07T15:18:45,83.965919,-44.015488,nan
2024-06-07T15:18:44,83.965904,-44.015949,nan
2024-06-07T15:18:44,83.965889,-44.016411,nan
2024-06-07T15:18:43,83.965866,-44.016876,nan
2024-06-07T15:18:43,83.965851,-44.017345,nan
2024-06-07T15:18:42,83.965836,-44.017818,nan
2024-06-07T15:18:42,83.965820,-44.018291,nan
2024-06-07T15:18:41,83.965797,-44.018764,nan
2024-06-07T15:18:41,83.965782,-44.019241,nan
2024-06-07T15:18:40,83.965767,-44.019718,nan
2024-06-07T15:18:40,83.965752,-44.020191,nan
2024-06-07T15:18:39,83.965736,-44.020660,nan
2024-06-07T15:18:39,83.965721,-44.021133,nan
2024-06-07T15:18:38,83.965706,-44.021603,nan
2024-06-07T15:18:38,83.965691,-44.022072,nan
2024-06-07T15:18:37,83.965668,-44.022537,nan
2024-06-07T15:18:37,83.965652,-44.023003,nan
2024-06-07T15:18:36,83.965637,-44.023468,nan
2024-06-07T15:18:36,83.965622,-44.023930,nan
2024-06-07T15:18:35,83.965607,-44.024387,nan
2024-06-07T15:18:35,83.965591,-44.024845,nan
2024-06-07T15:18:34,83.965576,-44.025303,nan
2024-06-07T15:18:34,83.965561,-44.025757,nan
2024-06-07T15:18:33,83.965546,-44.026211,nan
2024-06-07T15:18:33,83.965538,-44.026669,nan
2024-06-07T15:18:32,83.965523,-44.027122,nan
2024-06-07T15:18:32,83.965508,-44.027576,nan
2024-06-07T15:18:31,83.965492,-44.028030,nan
2024-06-07T15:18:31,83.965477,-44.028481,nan
2024-06-07T15:18:30,83.965462,-44.028931,nan
2024-06-07T15:18:30,83.965454,-44.029385,nan
2024-06-07T15:18:29,83.965439,-44.029842,nan
2024-06-07T15:18:29,83.965424,-44.030304,nan
2024-06-07T15:18:28,83.965408,-44.030769,nan
2024-06-07T15:18:28,83.965393,-44.031239,nan
2024-06-07T15:18:27,83.965378,-44.031708,nan
2024-06-07T15:18:27,83.965363,-44.032181,nan
2024-06-07T15:18:26,83.965347,-44.032654,nan
2024-06-07T15:18:26,83.965332,-44.033131,nan
2024-06-07T15:18:25,83.965317,-44.033607,nan
2024-06-07T15:18:25,83.965294,-44.034092,nan
2024-06-07T15:18:24,83.965279,-44.034580,nan
2024-06-07T15:18:24,83.965263,-44.035080,nan
2024-06-07T15:18:23,83.965248,-44.035583,nan
2024-06-07T15:18:23,83.965225,-44.036095,nan
2024-06-07T15:18:22,83.965210,-44.036613,nan
2024-06-07T15:18:22,83.965187,-44.037136,nan
2024-06-07T15:18:21,83.965172,-44.037659,nan
2024-06-07T15:18:21,83.965157,-44.038185,nan
2024-06-07T15:18:20,83.965134,-44.038712,nan
2024-06-07T15:18:20,83.965118,-44.039246,nan
2024-06-07T15:18:19,83.965096,-44.039783,nan
2024-06-07T15:18:19,83.965080,-44.040337,nan
2024-06-07T15:18:18,83.965057,-44.040890,nan
2024-06-07T15:18:18,83.965034,-44.041451,nan
2024-06-07T15:18:17,83.965019,-44.042015,nan
2024-06-07T15:18:17,83.964996,-44.042583,nan
2024-06-07T15:18:16,83.964973,-44.043163,nan
2024-06-07T15:18:16,83.964951,-44.043751,nan
2024-06-07T15:18:15,83.964935,-44.044350,nan
2024-06-07T15:18:15,83.964912,-44.044956,nan
2024-06-07T15:18:14,83.964890,-44.045570,nan
2024-06-07T15:18:14,83.964867,-44.046185,nan
2024-06-07T15:18:13,83.964851,-44.046806,nan
2024-06-07T15:18:13,83.964828,-44.047428,nan
2024-06-07T15:18:12,83.964813,-44.048054,nan
2024-06-07T15:18:12,83.964790,-44.048679,nan
2024-06-07T15:18:11,83.964767,-44.049309,nan
2024-06-07T15:18:11,83.964752,-44.049938,nan
2024-06-07T15:18:10,83.964729,-44.050568,nan
2024-06-07T15:18:10,83.964714,-44.051205,nan
2024-06-07T15:18:09,83.964691,-44.051838,nan
2024-06-07T15:18:09,83.964668,-44.052479,nan
2024-06-07T15:18:08,83.964653,-44.053123,nan
2024-06-07T15:18:08,83.964630,-44.053772,nan
2024-06-07T15:18:07,83.964607,-44.054436,nan
2024-06-07T15:18:07,83.964584,-44.055103,nan
2024-06-07T15:18:06,83.964561,-44.055779,nan
2024-06-07T15:18:06,83.964546,-44.056458,nan
2024-06-07T15:18:05,83.964523,-44.057140,nan
2024-06-07T15:18:05,83.964493,-44.057827,nan
2024-06-07T15:18:04,83.964470,-44.058517,nan
2024-06-07T15:18:04,83.964447,-44.059216,nan
2024-06-07T15:18:03,83.964424,-44.059921,nan
2024-06-07T15:18:03,83.964401,-44.060635,nan
2024-06-07T15:18:02,83.964378,-44.061352,nan
2024-06-07T15:18:02,83.964348,-44.062069,nan
2024-06-07T15:18:01,83.964325,-44.062794,nan
2024-06-07T15:18:01,83.964302,-44.063522,nan
2024-06-07T15:18:00,83.964272,-44.064259,nan
2024-06-07T15:18:00,83.964249,-44.064991,nan
2024-06-07T15:17:59,83.964226,-44.065723,nan
2024-06-07T15:17:59,83.964195,-44.066456,nan
2024-06-07T15:17:58,83.964172,-44.067188,nan
2024-06-07T15:17:58,83.964149,-44.067921,nan
2024-06-07T15:17:57,83.964119,-44.068653,nan
2024-06-07T15:17:57,83.964096,-44.069393,nan
2024-06-07T15:17:56,83.964073,-44.070137,nan
2024-06-07T15:17:56,83.964043,-44.070885,nan
2024-06-07T15:17:55,83.964020,-44.071632,nan
2024-06-07T15:17:55,83.963989,-44.072384,nan
2024-06-07T15:17:54,83.963966,-44.073139,nan
2024-06-07T15:17:54,83.963936,-44.073895,nan
2024-06-07T15:17:53,83.963913,-44.074650,nan
2024-06-07T15:17:53,83.963882,-44.075405,nan
2024-06-07T15:17:52,83.963860,-44.076153,nan
2024-06-07T15:17:52,83.963837,-44.076897,nan
2024-06-07T15:17:51,83.963806,-44.077633,nan
2024-06-07T15:17:51,83.963783,-44.078369,nan
2024-06-07T15:17:50,83.963760,-44.079105,nan
2024-06-07T15:17:50,83.963737,-44.079834,nan
2024-06-07T15:17:49,83.963715,-44.080559,nan
2024-06-07T15:17:49,83.963692,-44.081276,nan
2024-06-07T15:17:48,83.963669,-44.081993,nan
2024-06-07T15:17:48,83.963646,-44.082706,nan
2024-06-07T15:17:47,83.963623,-44.083420,nan
2024-06-07T15:17:47,83.963600,-44.084129,nan
2024-06-07T15:17:46,83.963577,-44.084843,nan
2024-06-07T15:17:46,83.963554,-44.085556,nan
2024-06-07T15:17:45,83.963531,-44.086269,nan
2024-06-07T15:17:45,83.963509,-44.086987,nan
2024-06-07T15:17:44,83.963493,-44.087708,nan
2024-06-07T15:17:44,83.963470,-44.088428,nan
2024-06-07T15:17:43,83.963448,-44.089149,nan
2024-06-07T15:17:43,83.963425,-44.089878,nan
2024-06-07T15:17:42,83.963409,-44.090607,nan
2024-06-07T15:17:42,83.963387,-44.091335,nan
2024-06-07T15:17:41,83.963371,-44.092068,nan
2024-06-07T15:17:41,83.963348,-44.092804,nan
2024-06-07T15:17:40,83.963333,-44.093540,nan
2024-06-07T15:17:40,83.963310,-44.094280,nan
2024-06-07T15:17:39,83.963295,-44.095020,nan
2024-06-07T15:17:39,83.963272,-44.095768,nan
2024-06-07T15:17:38,83.963257,-44.096516,nan
2024-06-07T15:17:38,83.963234,-44.097267,nan
2024-06-07T15:17:37,83.963219,-44.098022,nan
2024-06-07T15:17:37,83.963203,-44.098778,nan
2024-06-07T15:17:36,83.963181,-44.099533,nan
2024-06-07T15:17:36,83.963158,-44.100292,nan
2024-06-07T15:17:35,83.963142,-44.101051,nan
2024-06-07T15:17:35,83.963120,-44.101810,nan
2024-06-07T15:17:34,83.963097,-44.102573,nan
2024-06-07T15:17:34,83.963081,-44.103336,nan
2024-06-07T15:17:33,83.963058,-44.104099,nan
2024-06-07T15:17:33,83.963036,-44.104858,nan
2024-06-07T15:17:32,83.963013,-44.105614,nan
2024-06-07T15:17:32,83.962997,-44.106369,nan
2024-06-07T15:17:31,83.962975,-44.107124,nan
2024-06-07T15:17:31,83.962952,-44.107883,nan
2024-06-07T15:17:30,83.962929,-44.108643,nan
2024-06-07T15:17:30,83.962906,-44.109402,nan
2024-06-07T15:17:29,83.962891,-44.110165,nan
2024-06-07T15:17:29,83.962868,-44.110924,nan
2024-06-07T15:17:28,83.962837,-44.111691,nan
2024-06-07T15:17:28,83.962814,-44.112450,nan
2024-06-07T15:17:27,83.962791,-44.113216,nan
2024-06-07T15:17:27,83.962769,-44.113979,nan
2024-06-07T15:17:26,83.962746,-44.114750,nan
2024-06-07T15:17:26,83.962723,-44.115520,nan
2024-06-07T15:17:25,83.962692,-44.116291,nan
2024-06-07T15:17:25,83.962669,-44.117062,nan
2024-06-07T15:17:24,83.962646,-44.117828,nan
2024-06-07T15:17:24,83.962616,-44.118599,nan
2024-06-07T15:17:23,83.962593,-44.119370,nan
2024-06-07T15:17:23,83.962563,-44.120144,nan
2024-06-07T15:17:22,83.962540,-44.120914,nan
2024-06-07T15:17:22,83.962517,-44.121677,nan
2024-06-07T15:17:21,83.962486,-44.122444,nan
2024-06-07T15:17:21,83.962463,-44.123211,nan
2024-06-07T15:17:20,83.962433,-44.123978,nan
2024-06-07T15:17:20,83.962410,-44.124744,nan
2024-06-07T15:17:19,83.962379,-44.125507,nan
2024-06-07T15:17:19,83.962357,-44.126274,nan
2024-06-07T15:17:18,83.962326,-44.127045,nan
2024-06-07T15:17:18,83.962303,-44.127811,nan
2024-06-07T15:17:17,83.962280,-44.128574,nan
2024-06-07T15:17:17,83.962250,-44.129337,nan
2024-06-07T15:17:16,83.962227,-44.130100,nan
2024-06-07T15:17:16,83.962196,-44.130863,nan
2024-06-07T15:17:15,83.962173,-44.131630,nan
2024-06-07T15:17:15,83.962151,-44.132401,nan
2024-06-07T15:17:14,83.962120,-44.133163,nan
2024-06-07T15:17:14,83.962097,-44.133930,nan
2024-06-07T15:17:13,83.962074,-44.134705,nan
2024-06-07T15:17:13,83.962044,-44.135475,nan
2024-06-07T15:17:12,83.962021,-44.136253,nan
2024-06-07T15:17:12,83.961998,-44.137032,nan
2024-06-07T15:17:11,83.961967,-44.137814,nan
2024-06-07T15:17:11,83.961945,-44.138592,nan
2024-06-07T15:17:10,83.961922,-44.139374,nan
2024-06-07T15:17:10,83.961899,-44.140148,nan
2024-06-07T15:17:09,83.961868,-44.140923,nan
2024-06-07T15:17:09,83.961845,-44.141697,nan
2024-06-07T15:17:08,83.961815,-44.142471,nan
2024-06-07T15:17:08,83.961792,-44.143253,nan
2024-06-07T15:17:07,83.961761,-44.144035,nan
2024-06-07T15:17:07,83.961739,-44.144821,nan
2024-06-07T15:17:06,83.961708,-44.145607,nan
2024-06-07T15:17:06,83.961678,-44.146397,nan
2024-06-07T15:17:05,83.961655,-44.147194,nan
2024-06-07T15:17:05,83.961624,-44.147995,nan
2024-06-07T15:17:04,83.961594,-44.148796,nan
2024-06-07T15:17:04,83.961563,-44.149601,nan
2024-06-07T15:17:03,83.961540,-44.150417,nan
2024-06-07T15:17:03,83.961510,-44.151234,nan
2024-06-07T15:17:02,83.961479,-44.152054,nan
2024-06-07T15:17:02,83.961449,-44.152878,nan
2024-06-07T15:17:01,83.961418,-44.153702,nan
2024-06-07T15:17:01,83.961388,-44.154526,nan
2024-06-07T15:17:00,83.961365,-44.155357,nan
2024-06-07T15:17:00,83.961334,-44.156193,nan
2024-06-07T15:16:59,83.961304,-44.157040,nan
2024-06-07T15:16:59,83.961281,-44.157887,nan
2024-06-07T15:16:58,83.961250,-44.158741,nan
2024-06-07T15:16:58,83.961227,-44.159595,nan
2024-06-07T15:16:57,83.961197,-44.160450,nan
2024-06-07T15:16:57,83.961174,-44.161297,nan
2024-06-07T15:16:56,83.961151,-44.162140,nan
2024-06-07T15:16:56,83.961121,-44.162979,nan
2024-06-07T15:16:55,83.961098,-44.163815,nan
2024-06-07T15:16:55,83.961075,-44.164646,nan
2024-06-07T15:16:54,83.961052,-44.165478,nan
2024-06-07T15:16:54,83.961029,-44.166302,nan
2024-06-07T15:16:53,83.960999,-44.167126,nan
2024-06-07T15:16:53,83.960976,-44.167946,nan
2024-06-07T15:16:52,83.960953,-44.168766,nan
2024-06-07T15:16:52,83.960930,-44.169586,nan
2024-06-07T15:16:51,83.960907,-44.170406,nan
2024-06-07T15:16:51,83.960884,-44.171230,nan
2024-06-07T15:16:50,83.960861,-44.172054,nan
2024-06-07T15:16:50,83.960838,-44.172871,nan
2024-06-07T15:16:49,83.960815,-44.173687,nan
2024-06-07T15:16:49,83.960793,-44.174507,nan
2024-06-07T15:16:48,83.960770,-44.175323,nan
2024-06-07T15:16:48,83.960747,-44.176144,nan
2024-06-07T15:16:47,83.960732,-44.176964,nan
2024-06-07T15:16:47,83.960709,-44.177788,nan
2024-06-07T15:16:46,83.960686,-44.178616,nan
2024-06-07T15:16:46,83.960663,-44.179440,nan
2024-06-07T15:16:45,83.960640,-44.180267,nan
2024-06-07T15:16:45,83.960617,-44.181095,nan
2024-06-07T15:16:44,83.960602,-44.181927,nan
2024-06-07T15:16:44,83.960579,-44.182755,nan
2024-06-07T15:16:43,83.960556,-44.183586,nan
2024-06-07T15:16:43,83.960533,-44.184414,nan
2024-06-07T15:16:42,83.960510,-44.185242,nan
2024-06-07T15:16:42,83.960487,-44.186066,nan
2024-06-07T15:16:41,83.960464,-44.186886,nan
2024-06-07T15:16:41,83.960442,-44.187706,nan
2024-06-07T15:16:40,83.960419,-44.188530,nan
2024-06-07T15:16:40,83.960396,-44.189358,nan
2024-06-07T15:16:39,83.960365,-44.190186,nan
2024-06-07T15:16:39,83.960342,-44.191013,nan
2024-06-07T15:16:38,83.960320,-44.191841,nan
2024-06-07T15:16:38,83.960297,-44.192673,nan
2024-06-07T15:16:37,83.960274,-44.193504,nan
2024-06-07T15:16:37,83.960243,-44.194340,nan
2024-06-07T15:16:36,83.960220,-44.195179,nan
2024-06-07T15:16:36,83.960197,-44.196026,nan
2024-06-07T15:16:35,83.960175,-44.196877,nan
2024-06-07T15:16:35,83.960144,-44.197727,nan
2024-06-07T15:16:34,83.960121,-44.198582,nan
2024-06-07T15:16:34,83.960091,-44.199436,nan
2024-06-07T15:16:33,83.960068,-44.200291,nan
2024-06-07T15:16:33,83.960045,-44.201153,nan
2024-06-07T15:16:32,83.960014,-44.202019,nan
2024-06-07T15:16:32,83.959991,-44.202888,nan
2024-06-07T15:16:31,83.959961,-44.203762,nan
2024-06-07T15:16:31,83.959930,-44.204639,nan
2024-06-07T15:16:30,83.959908,-44.205521,nan
2024-06-07T15:16:30,83.959877,-44.206402,nan
2024-06-07T15:16:29,83.959846,-44.207287,nan
2024-06-07T15:16:29,83.959816,-44.208172,nan
2024-06-07T15:16:28,83.959785,-44.209061,nan
2024-06-07T15:16:28,83.959755,-44.209942,nan
2024-06-07T15:16:27,83.959724,-44.210819,nan
2024-06-07T15:16:27,83.959702,-44.211689,nan
2024-06-07T15:16:26,83.959671,-44.212555,nan
2024-06-07T15:16:26,83.959641,-44.213413,nan
2024-06-07T15:16:25,83.959610,-44.214268,nan
2024-06-07T15:16:25,83.959579,-44.215118,nan
2024-06-07T15:16:24,83.959557,-44.215965,nan
2024-06-07T15:16:24,83.959526,-44.216808,nan
2024-06-07T15:16:23,83.959496,-44.217644,nan
2024-06-07T15:16:23,83.959465,-44.218475,nan
2024-06-07T15:16:22,83.959442,-44.219303,nan
2024-06-07T15:16:22,83.959412,-44.220135,nan
2024-06-07T15:16:21,83.959389,-44.220966,nan
2024-06-07T15:16:21,83.959358,-44.221802,nan
2024-06-07T15:16:20,83.959335,-44.222637,nan
2024-06-07T15:16:20,83.959312,-44.223473,nan
2024-06-07T15:16:19,83.959290,-44.224300,nan
2024-06-07T15:16:19,83.959267,-44.225128,nan
2024-06-07T15:16:18,83.959244,-44.225948,nan
2024-06-07T15:16:18,83.959221,-44.226765,nan
2024-06-07T15:16:17,83.959198,-44.227577,nan
2024-06-07T15:16:17,83.959183,-44.228382,nan
2024-06-07T15:16:16,83.959160,-44.229176,nan
2024-06-07T15:16:16,83.959137,-44.229965,nan
2024-06-07T15:16:15,83.959122,-44.230747,nan
2024-06-07T15:16:15,83.959099,-44.231525,nan
2024-06-07T15:16:14,83.959076,-44.232300,nan
2024-06-07T15:16:14,83.959053,-44.233067,nan
2024-06-07T15:16:13,83.959038,-44.233833,nan
2024-06-07T15:16:13,83.959015,-44.234589,nan
2024-06-07T15:16:12,83.958992,-44.235344,nan
2024-06-07T15:16:12,83.958969,-44.236092,nan
2024-06-07T15:16:11,83.958946,-44.236835,nan
2024-06-07T15:16:11,83.958923,-44.237572,nan
2024-06-07T15:16:10,83.958900,-44.238297,nan
2024-06-07T15:16:10,83.958885,-44.239017,nan
2024-06-07T15:16:09,83.958862,-44.239731,nan
2024-06-07T15:16:09,83.958839,-44.240437,nan
2024-06-07T15:16:08,83.958817,-44.241138,nan
2024-06-07T15:16:08,83.958801,-44.241840,nan
2024-06-07T15:16:07,83.958778,-44.242535,nan
2024-06-07T15:16:07,83.958763,-44.243225,nan
2024-06-07T15:16:06,83.958748,-44.243900,nan
2024-06-07T15:16:06,83.958725,-44.244572,nan
2024-06-07T15:16:05,83.958710,-44.245235,nan
2024-06-07T15:16:05,83.958694,-44.245884,nan
2024-06-07T15:16:04,83.958679,-44.246529,nan
2024-06-07T15:16:04,83.958656,-44.247162,nan
2024-06-07T15:16:03,83.958641,-44.247784,nan
2024-06-07T15:16:03,83.958626,-44.248398,nan
2024-06-07T15:16:02,83.958603,-44.249004,nan
2024-06-07T15:16:02,83.958588,-44.249607,nan
2024-06-07T15:16:01,83.958565,-44.250206,nan
2024-06-07T15:16:01,83.958549,-44.250797,nan
2024-06-07T15:16:00,83.958527,-44.251389,nan
2024-06-07T15:16:00,83.958511,-44.251972,nan
2024-06-07T15:15:59,83.958496,-44.252544,nan
2024-06-07T15:15:59,83.958481,-44.253109,nan
2024-06-07T15:15:58,83.958466,-44.253658,nan
2024-06-07T15:15:58,83.958450,-44.254200,nan
2024-06-07T15:15:57,83.958443,-44.254726,nan
2024-06-07T15:15:57,83.958427,-44.255241,nan
2024-06-07T15:15:56,83.958420,-44.255745,nan
2024-06-07T15:15:56,83.958412,-44.256245,nan
2024-06-07T15:15:55,83.958405,-44.256741,nan
2024-06-07T15:15:55,83.958389,-44.257225,nan
2024-06-07T15:15:54,83.958382,-44.257702,nan
2024-06-07T15:15:54,83.958374,-44.258171,nan
2024-06-07T15:15:53,83.958366,-44.258629,nan
2024-06-07T15:15:53,83.958359,-44.259083,nan
2024-06-07T15:15:52,83.958351,-44.259525,nan
2024-06-07T15:15:52,83.958344,-44.259964,nan
2024-06-07T15:15:51,83.958336,-44.260395,nan
2024-06-07T15:15:51,83.958328,-44.260815,nan
2024-06-07T15:15:50,83.958328,-44.261227,nan
2024-06-07T15:15:50,83.958321,-44.261631,nan
2024-06-07T15:15:49,83.958313,-44.262032,nan
2024-06-07T15:15:49,83.958313,-44.262428,nan
2024-06-07T15:15:48,83.958305,-44.262821,nan
2024-06-07T15:15:48,83.958298,-44.263206,nan
2024-06-07T15:15:47,83.958298,-44.263580,nan
2024-06-07T15:15:47,83.958290,-44.263947,nan
2024-06-07T15:15:46,83.958290,-44.264309,nan
2024-06-07T15:15:46,83.958290,-44.264664,nan
2024-06-07T15:15:45,83.958290,-44.265015,nan
2024-06-07T15:15:45,83.958290,-44.265358,nan
2024-06-07T15:15:44,83.958290,-44.265697,nan
2024-06-07T15:15:44,83.958290,-44.266026,nan
2024-06-07T15:15:43,83.958290,-44.266354,nan
2024-06-07T15:15:43,83.958290,-44.266670,nan
2024-06-07T15:15:42,83.958290,-44.266983,nan
2024-06-07T15:15:42,83.958282,-44.267292,nan
2024-06-07T15:15:41,83.958282,-44.267597,nan
2024-06-07T15:15:41,83.958282,-44.267895,nan
2024-06-07T15:15:40,83.958275,-44.268188,nan
2024-06-07T15:15:40,83.958275,-44.268478,nan
2024-06-07T15:15:39,83.958267,-44.268764,nan
2024-06-07T15:15:39,83.958267,-44.269051,nan
2024-06-07T15:15:38,83.958267,-44.269337,nan
2024-06-07T15:15:38,83.958260,-44.269619,nan
2024-06-07T15:15:37,83.958260,-44.269909,nan
2024-06-07T15:15:37,83.958252,-44.270195,nan
2024-06-07T15:15:36,83.958252,-44.270489,nan
2024-06-07T15:15:36,83.958244,-44.270779,nan
2024-06-07T15:15:35,83.958244,-44.271072,nan
2024-06-07T15:15:35,83.958237,-44.271362,nan
2024-06-07T15:15:34,83.958229,-44.271648,nan
2024-06-07T15:15:34,83.958221,-44.271927,nan
2024-06-07T15:15:33,83.958214,-44.272202,nan
2024-06-07T15:15:33,83.958214,-44.272476,nan
2024-06-07T15:15:32,83.958199,-44.272747,nan
2024-06-07T15:15:32,83.958191,-44.273026,nan
2024-06-07T15:15:31,83.958183,-44.273293,nan
2024-06-07T15:15:31,83.958176,-44.273552,nan
2024-06-07T15:15:30,83.958160,-44.273815,nan
2024-06-07T15:15:30,83.958153,-44.274075,nan
2024-06-07T15:15:29,83.958138,-44.274326,nan
2024-06-07T15:15:29,83.958122,-44.274582,nan
2024-06-07T15:15:28,83.958115,-44.274837,nan
2024-06-07T15:15:28,83.958099,-44.275089,nan
2024-06-07T15:15:27,83.958084,-44.275330,nan
2024-06-07T15:15:27,83.958076,-44.275578,nan
2024-06-07T15:15:26,83.958061,-44.275826,nan
2024-06-07T15:15:26,83.958054,-44.276070,nan
2024-06-07T15:15:25,83.958046,-44.276306,nan
2024-06-07T15:15:25,83.958038,-44.276543,nan
2024-06-07T15:15:24,83.958031,-44.276779,nan
2024-06-07T15:15:24,83.958015,-44.277016,nan
2024-06-07T15:15:23,83.958015,-44.277245,nan
2024-06-07T15:15:23,83.958008,-44.277470,nan
2024-06-07T15:15:22,83.958000,-44.277679,nan
2024-06-07T15:15:22,83.957993,-44.277882,nan
2024-06-07T15:15:21,83.957985,-44.278072,nan
2024-06-07T15:15:21,83.957977,-44.278259,nan
2024-06-07T15:15:20,83.957970,-44.278439,nan
2024-06-07T15:15:20,83.957962,-44.278614,nan
2024-06-07T15:15:19,83.957954,-44.278786,nan
2024-06-07T15:15:19,83.957947,-44.278950,nan
2024-06-07T15:15:18,83.957947,-44.279114,nan
2024-06-07T15:15:18,83.957939,-44.279285,nan
2024-06-07T15:15:17,83.957932,-44.279453,nan
2024-06-07T15:15:17,83.957924,-44.279613,nan
2024-06-07T15:15:16,83.957924,-44.279774,nan
2024-06-07T15:15:16,83.957916,-44.279930,nan
2024-06-07T15:15:15,83.957916,-44.280087,nan
2024-06-07T15:15:15,83.957909,-44.280247,nan
2024-06-07T15:15:14,83.957909,-44.280411,nan
2024-06-07T15:15:14,83.957901,-44.280571,nan
2024-06-07T15:15:13,83.957901,-44.280735,nan
2024-06-07T15:15:13,83.957893,-44.280899,nan
2024-06-07T15:15:12,83.957886,-44.281059,nan
2024-06-07T15:15:12,83.957886,-44.281223,nan
2024-06-07T15:15:11,83.957878,-44.281372,nan
2024-06-07T15:15:11,83.957878,-44.281506,nan
2024-06-07T15:15:10,83.957870,-44.281643,nan
2024-06-07T15:15:10,83.957870,-44.281773,nan
2024-06-07T15:15:09,83.957863,-44.281906,nan
2024-06-07T15:15:09,83.957855,-44.282036,nan
2024-06-07T15:15:08,83.957855,-44.282169,nan
2024-06-07T15:15:08,83.957848,-44.282303,nan
2024-06-07T15:15:07,83.957840,-44.282436,nan
2024-06-07T15:15:07,83.957832,-44.282578,nan
2024-06-07T15:15:06,83.957832,-44.282726,nan
2024-06-07T15:15:06,83.957825,-44.282875,nan
2024-06-07T15:15:05,83.957817,-44.283031,nan
2024-06-07T15:15:05,83.957809,-44.283184,nan
2024-06-07T15:15:04,83.957802,-44.283337,nan
2024-06-07T15:15:04,83.957794,-44.283485,nan
2024-06-07T15:15:03,83.957787,-44.283630,nan
2024-06-07T15:15:03,83.957779,-44.283768,nan
2024-06-07T15:15:02,83.957771,-44.283890,nan
2024-06-07T15:15:02,83.957764,-44.284004,nan
2024-06-07T15:15:01,83.957756,-44.284103,nan
2024-06-07T15:15:01,83.957756,-44.284199,nan
2024-06-07T15:15:00,83.957748,-44.284283,nan
2024-06-07T15:15:00,83.957741,-44.284355,nan
2024-06-07T15:14:59,83.957733,-44.284416,nan
2024-06-07T15:14:59,83.957733,-44.284477,nan
2024-06-07T15:14:58,83.957726,-44.284531,nan
2024-06-07T15:14:58,83.957726,-44.284588,nan
2024-06-07T15:14:57,83.957718,-44.284634,nan
2024-06-07T15:14:57,83.957710,-44.284687,nan
2024-06-07T15:14:56,83.957710,-44.284737,nan
2024-06-07T15:14:56,83.957703,-44.284786,nan
2024-06-07T15:14:55,83.957703,-44.284836,nan
2024-06-07T15:14:55,83.957695,-44.284897,nan
2024-06-07T15:14:54,83.957687,-44.284962,nan
2024-06-07T15:14:54,83.957680,-44.285034,nan
2024-06-07T15:14:53,83.957680,-44.285103,nan
2024-06-07T15:14:53,83.957672,-44.285172,nan
2024-06-07T15:14:52,83.957664,-44.285229,nan
2024-06-07T15:14:52,83.957657,-44.285278,nan
2024-06-07T15:14:51,83.957649,-44.285324,nan
2024-06-07T15:14:51,83.957642,-44.285358,nan
2024-06-07T15:14:50,83.957634,-44.285385,nan
2024-06-07T15:14:50,83.957619,-44.285408,nan
2024-06-07T15:14:49,83.957611,-44.285427,nan
2024-06-07T15:14:49,83.957603,-44.285446,nan
2024-06-07T15:14:48,83.957588,-44.285465,nan
2024-06-07T15:14:48,83.957573,-44.285480,nan
2024-06-07T15:14:47,83.957565,-44.285496,nan
2024-06-07T15:14:47,83.957550,-44.285503,nan
2024-06-07T15:14:46,83.957535,-44.285503,nan
2024-06-07T15:14:46,83.957520,-44.285500,nan
2024-06-07T15:14:45,83.957504,-44.285488,nan
2024-06-07T15:14:45,83.957489,-44.285461,nan
2024-06-07T15:14:44,83.957474,-44.285435,nan
2024-06-07T15:14:44,83.957458,-44.285404,nan
2024-06-07T15:14:43,83.957443,-44.285374,nan
2024-06-07T15:14:43,83.957428,-44.285336,nan
2024-06-07T15:14:42,83.957413,-44.285297,nan
2024-06-07T15:14:42,83.957397,-44.285259,nan
2024-06-07T15:14:41,83.957382,-44.285221,nan
2024-06-07T15:14:41,83.957367,-44.285194,nan
2024-06-07T15:14:40,83.957352,-44.285175,nan
2024-06-07T15:14:40,83.957336,-44.285149,nan
2024-06-07T15:14:39,83.957321,-44.285126,nan
2024-06-07T15:14:39,83.957306,-44.285095,nan
2024-06-07T15:14:38,83.957298,-44.285076,nan
2024-06-07T15:14:38,83.957283,-44.285061,nan
2024-06-07T15:14:37,83.957268,-44.285046,nan
2024-06-07T15:14:37,83.957260,-44.285030,nan
2024-06-07T15:14:36,83.957245,-44.285030,nan
2024-06-07T15:14:36,83.957230,-44.285027,nan
2024-06-07T15:14:35,83.957214,-44.285019,nan
2024-06-07T15:14:35,83.957199,-44.285023,nan
2024-06-07T15:14:34,83.957184,-44.285019,nan
2024-06-07T15:14:34,83.957169,-44.285015,nan
2024-06-07T15:14:33,83.957153,-44.285007,nan
2024-06-07T15:14:33,83.957138,-44.284988,nan
2024-06-07T15:14:32,83.957123,-44.284973,nan
2024-06-07T15:14:32,83.957108,-44.284966,nan
2024-06-07T15:14:31,83.957100,-44.284962,nan
2024-06-07T15:14:31,83.957085,-44.284950,nan
2024-06-07T15:14:30,83.957069,-44.284943,nan
2024-06-07T15:14:30,83.957062,-44.284931,nan
2024-06-07T15:14:29,83.957047,-44.284924,nan
2024-06-07T15:14:29,83.957039,-44.284920,nan
2024-06-07T15:14:28,83.957024,-44.284920,nan
2024-06-07T15:14:28,83.957016,-44.284927,nan
2024-06-07T15:14:27,83.957001,-44.284931,nan
2024-06-07T15:14:27,83.956985,-44.284946,nan
2024-06-07T15:14:26,83.956970,-44.284969,nan
2024-06-07T15:14:26,83.956963,-44.284981,nan
2024-06-07T15:14:25,83.956947,-44.284996,nan
2024-06-07T15:14:25,83.956932,-44.285019,nan
2024-06-07T15:14:24,83.956917,-44.285038,nan
2024-06-07T15:14:24,83.956902,-44.285061,nan
2024-06-07T15:14:23,83.956879,-44.285084,nan
2024-06-07T15:14:23,83.956863,-44.285103,nan
2024-06-07T15:14:22,83.956848,-44.285133,nan
2024-06-07T15:14:22,83.956825,-44.285156,nan
2024-06-07T15:14:21,83.956810,-44.285152,nan
2024-06-07T15:14:21,83.956795,-44.285168,nan
2024-06-07T15:14:20,83.956787,-44.285065,nan
2024-06-07T15:14:20,83.956772,-44.284870,nan
2024-06-07T15:14:19,83.956764,-44.284473,nan
2024-06-07T15:14:19,83.956787,-44.283619,nan
2024-06-07T15:14:18,83.956818,-44.282444,nan
2024-06-07T15:14:18,83.956833,-44.281357,nan
2024-06-07T15:14:17,83.956825,-44.281075,nan
2024-06-07T15:14:17,83.956795,-44.281277,nan
2024-06-07T15:14:16,83.956757,-44.281757,nan
2024-06-07T15:14:16,83.956703,-44.282494,nan
2024-06-07T15:14:15,83.956612,-44.283451,nan
2024-06-07T15:14:15,83.956520,-44.284737,nan
2024-06-07T15:14:14,83.956413,-44.286274,nan
2024-06-07T15:14:14,83.956268,-44.288353,nan
2024-06-07T15:14:13,83.956078,-44.291565,nan
2024-06-07T15:14:13,83.955841,-44.296398,nan
2024-06-07T15:14:12,83.955536,-44.303619,nan
