datetime,lat,lon,elev
2024-08-08T13:14:09,82.600304,-56.149864,nan
2024-08-08T13:14:09,82.600304,-56.149841,nan
2024-08-08T13:14:08,82.600319,-56.149818,nan
2024-08-08T13:14:08,82.600327,-56.149788,nan
2024-08-08T13:14:07,82.600349,-56.149696,nan
2024-08-08T13:14:06,82.600357,-56.149635,nan
2024-08-08T13:14:06,82.600365,-56.149567,nan
2024-08-08T13:14:05,82.600380,-56.149494,nan
2024-08-08T13:14:05,82.600388,-56.149406,nan
2024-08-08T13:14:04,82.600395,-56.149311,nan
2024-08-08T13:14:04,82.600410,-56.149200,nan
2024-08-08T13:14:03,82.600418,-56.149086,nan
2024-08-08T13:14:03,82.600426,-56.148960,nan
2024-08-08T13:14:02,82.600433,-56.148830,nan
2024-08-08T13:14:02,82.600449,-56.148701,nan
2024-08-08T13:14:01,82.600456,-56.148560,nan
2024-08-08T13:14:01,82.600456,-56.148418,nan
2024-08-08T13:14:00,82.600471,-56.148281,nan
2024-08-08T13:14:00,82.600471,-56.148144,nan
2024-08-08T13:13:59,82.600479,-56.148014,nan
2024-08-08T13:13:59,82.600487,-56.147881,nan
2024-08-08T13:13:58,82.600494,-56.147751,nan
2024-08-08T13:13:58,82.600494,-56.147621,nan
2024-08-08T13:13:57,82.600502,-56.147495,nan
2024-08-08T13:13:57,82.600502,-56.147377,nan
2024-08-08T13:13:56,82.600510,-56.147266,nan
2024-08-08T13:13:56,82.600510,-56.147160,nan
2024-08-08T13:13:55,82.600510,-56.147060,nan
2024-08-08T13:13:55,82.600510,-56.146969,nan
2024-08-08T13:13:54,82.600510,-56.146885,nan
2024-08-08T13:13:54,82.600510,-56.146805,nan
2024-08-08T13:13:53,82.600502,-56.146732,nan
2024-08-08T13:13:53,82.600502,-56.146660,nan
2024-08-08T13:13:52,82.600494,-56.146595,nan
2024-08-08T13:13:52,82.600494,-56.146530,nan
2024-08-08T13:13:51,82.600487,-56.146473,nan
2024-08-08T13:13:51,82.600487,-56.146416,nan
2024-08-08T13:13:50,82.600479,-56.146358,nan
2024-08-08T13:13:50,82.600471,-56.146301,nan
2024-08-08T13:13:49,82.600471,-56.146248,nan
2024-08-08T13:13:49,82.600471,-56.146187,nan
2024-08-08T13:13:48,82.600464,-56.146126,nan
2024-08-08T13:13:48,82.600464,-56.146065,nan
2024-08-08T13:13:47,82.600456,-56.145996,nan
2024-08-08T13:13:47,82.600456,-56.145931,nan
2024-08-08T13:13:46,82.600456,-56.145859,nan
2024-08-08T13:13:46,82.600456,-56.145790,nan
2024-08-08T13:13:45,82.600456,-56.145721,nan
2024-08-08T13:13:45,82.600456,-56.145653,nan
2024-08-08T13:13:44,82.600449,-56.145588,nan
2024-08-08T13:13:44,82.600449,-56.145523,nan
2024-08-08T13:13:42,82.600456,-56.145359,nan
2024-08-08T13:13:42,82.600456,-56.145309,nan
2024-08-08T13:13:41,82.600456,-56.145267,nan
2024-08-08T13:13:41,82.600456,-56.145226,nan
2024-08-08T13:13:40,82.600456,-56.145191,nan
2024-08-08T13:13:40,82.600464,-56.145161,nan
2024-08-08T13:13:39,82.600464,-56.145134,nan
2024-08-08T13:13:39,82.600464,-56.145111,nan
2024-08-08T13:13:38,82.600464,-56.145084,nan
2024-08-08T13:13:38,82.600464,-56.145058,nan
2024-08-08T13:13:37,82.600464,-56.145035,nan
2024-08-08T13:13:37,82.600464,-56.145008,nan
2024-08-08T13:13:36,82.600464,-56.144981,nan
2024-08-08T13:13:36,82.600464,-56.144955,nan
2024-08-08T13:13:35,82.600464,-56.144920,nan
2024-08-08T13:13:35,82.600464,-56.144886,nan
2024-08-08T13:13:34,82.600464,-56.144848,nan
2024-08-08T13:13:34,82.600464,-56.144806,nan
2024-08-08T13:13:33,82.600464,-56.144768,nan
2024-08-08T13:13:33,82.600464,-56.144733,nan
2024-08-08T13:13:32,82.600456,-56.144699,nan
2024-08-08T13:13:32,82.600456,-56.144676,nan
2024-08-08T13:13:31,82.600456,-56.144657,nan
2024-08-08T13:13:31,82.600456,-56.144646,nan
2024-08-08T13:13:30,82.600456,-56.144638,nan
2024-08-08T13:13:29,82.600456,-56.144638,nan
2024-08-08T13:13:29,82.600456,-56.144638,nan
2024-08-08T13:13:28,82.600464,-56.144642,nan
2024-08-08T13:13:28,82.600464,-56.144646,nan
2024-08-08T13:13:27,82.600464,-56.144646,nan
2024-08-08T13:13:27,82.600464,-56.144646,nan
2024-08-08T13:13:26,82.600471,-56.144642,nan
2024-08-08T13:13:26,82.600471,-56.144638,nan
2024-08-08T13:13:25,82.600479,-56.144634,nan
2024-08-08T13:13:25,82.600487,-56.144630,nan
2024-08-08T13:13:24,82.600487,-56.144623,nan
2024-08-08T13:13:24,82.600494,-56.144611,nan
2024-08-08T13:13:23,82.600502,-56.144596,nan
2024-08-08T13:13:23,82.600510,-56.144577,nan
2024-08-08T13:13:22,82.600510,-56.144558,nan
2024-08-08T13:13:22,82.600517,-56.144539,nan
2024-08-08T13:13:21,82.600517,-56.144520,nan
2024-08-08T13:13:21,82.600525,-56.144497,nan
2024-08-08T13:13:20,82.600533,-56.144474,nan
2024-08-08T13:13:20,82.600533,-56.144447,nan
2024-08-08T13:13:19,82.600540,-56.144424,nan
2024-08-08T13:13:19,82.600548,-56.144398,nan
2024-08-08T13:13:18,82.600548,-56.144367,nan
2024-08-08T13:13:18,82.600555,-56.144341,nan
2024-08-08T13:13:17,82.600563,-56.144310,nan
2024-08-08T13:13:17,82.600571,-56.144279,nan
2024-08-08T13:13:16,82.600578,-56.144245,nan
2024-08-08T13:13:16,82.600578,-56.144211,nan
2024-08-08T13:13:15,82.600586,-56.144173,nan
2024-08-08T13:13:15,82.600594,-56.144135,nan
2024-08-08T13:13:14,82.600601,-56.144093,nan
2024-08-08T13:13:14,82.600609,-56.144047,nan
2024-08-08T13:13:13,82.600616,-56.144005,nan
2024-08-08T13:13:13,82.600624,-56.143959,nan
2024-08-08T13:13:12,82.600632,-56.143909,nan
2024-08-08T13:13:12,82.600632,-56.143860,nan
2024-08-08T13:13:11,82.600639,-56.143810,nan
2024-08-08T13:13:11,82.600647,-56.143761,nan
2024-08-08T13:13:10,82.600655,-56.143707,nan
2024-08-08T13:13:10,82.600662,-56.143654,nan
2024-08-08T13:13:09,82.600670,-56.143597,nan
2024-08-08T13:13:09,82.600670,-56.143539,nan
2024-08-08T13:13:08,82.600677,-56.143433,nan
2024-08-08T13:13:07,82.600685,-56.143387,nan
2024-08-08T13:13:07,82.600685,-56.143345,nan
2024-08-08T13:13:06,82.600693,-56.143307,nan
2024-08-08T13:13:06,82.600693,-56.143272,nan
2024-08-08T13:13:05,82.600693,-56.143238,nan
2024-08-08T13:13:05,82.600693,-56.143208,nan
2024-08-08T13:13:04,82.600693,-56.143177,nan
2024-08-08T13:13:04,82.600693,-56.143147,nan
2024-08-08T13:13:03,82.600693,-56.143116,nan
2024-08-08T13:13:03,82.600693,-56.143082,nan
2024-08-08T13:13:02,82.600693,-56.143051,nan
2024-08-08T13:13:02,82.600693,-56.143024,nan
2024-08-08T13:13:01,82.600693,-56.142998,nan
2024-08-08T13:13:01,82.600693,-56.142967,nan
2024-08-08T13:13:00,82.600693,-56.142937,nan
2024-08-08T13:13:00,82.600693,-56.142906,nan
2024-08-08T13:12:59,82.600693,-56.142876,nan
2024-08-08T13:12:58,82.600693,-56.142815,nan
2024-08-08T13:12:58,82.600693,-56.142784,nan
2024-08-08T13:12:57,82.600693,-56.142754,nan
2024-08-08T13:12:57,82.600693,-56.142727,nan
2024-08-08T13:12:56,82.600693,-56.142700,nan
2024-08-08T13:12:56,82.600693,-56.142677,nan
2024-08-08T13:12:55,82.600693,-56.142654,nan
2024-08-08T13:12:55,82.600693,-56.142632,nan
2024-08-08T13:12:54,82.600693,-56.142609,nan
2024-08-08T13:12:54,82.600700,-56.142590,nan
2024-08-08T13:12:53,82.600700,-56.142574,nan
2024-08-08T13:12:53,82.600700,-56.142555,nan
2024-08-08T13:12:52,82.600708,-56.142532,nan
2024-08-08T13:12:52,82.600708,-56.142513,nan
2024-08-08T13:12:51,82.600716,-56.142494,nan
2024-08-08T13:12:51,82.600716,-56.142483,nan
2024-08-08T13:12:50,82.600716,-56.142471,nan
2024-08-08T13:12:50,82.600716,-56.142467,nan
2024-08-08T13:12:49,82.600723,-56.142471,nan
2024-08-08T13:12:49,82.600723,-56.142483,nan
2024-08-08T13:12:48,82.600723,-56.142502,nan
2024-08-08T13:12:48,82.600731,-56.142525,nan
2024-08-08T13:12:47,82.600731,-56.142551,nan
2024-08-08T13:12:47,82.600731,-56.142578,nan
2024-08-08T13:12:46,82.600739,-56.142609,nan
2024-08-08T13:12:46,82.600739,-56.142639,nan
2024-08-08T13:12:45,82.600739,-56.142677,nan
2024-08-08T13:12:45,82.600739,-56.142723,nan
2024-08-08T13:12:44,82.600739,-56.142765,nan
2024-08-08T13:12:44,82.600746,-56.142811,nan
2024-08-08T13:12:43,82.600746,-56.142860,nan
2024-08-08T13:12:43,82.600746,-56.142914,nan
2024-08-08T13:12:42,82.600746,-56.142967,nan
2024-08-08T13:12:42,82.600746,-56.143024,nan
2024-08-08T13:12:41,82.600746,-56.143085,nan
2024-08-08T13:12:41,82.600746,-56.143147,nan
2024-08-08T13:12:40,82.600746,-56.143208,nan
2024-08-08T13:12:40,82.600746,-56.143272,nan
2024-08-08T13:12:39,82.600746,-56.143337,nan
2024-08-08T13:12:39,82.600739,-56.143398,nan
2024-08-08T13:12:38,82.600739,-56.143463,nan
2024-08-08T13:12:38,82.600739,-56.143524,nan
2024-08-08T13:12:37,82.600739,-56.143589,nan
2024-08-08T13:12:37,82.600739,-56.143654,nan
2024-08-08T13:12:36,82.600731,-56.143715,nan
2024-08-08T13:12:36,82.600731,-56.143776,nan
2024-08-08T13:12:35,82.600723,-56.143837,nan
2024-08-08T13:12:35,82.600723,-56.143894,nan
2024-08-08T13:12:34,82.600723,-56.143951,nan
2024-08-08T13:12:33,82.600708,-56.144047,nan
2024-08-08T13:12:33,82.600708,-56.144089,nan
2024-08-08T13:12:32,82.600700,-56.144135,nan
2024-08-08T13:12:32,82.600693,-56.144176,nan
2024-08-08T13:12:31,82.600685,-56.144211,nan
2024-08-08T13:12:31,82.600677,-56.144245,nan
2024-08-08T13:12:30,82.600677,-56.144279,nan
2024-08-08T13:12:30,82.600670,-56.144314,nan
2024-08-08T13:12:29,82.600662,-56.144352,nan
2024-08-08T13:12:29,82.600655,-56.144386,nan
2024-08-08T13:12:28,82.600647,-56.144424,nan
2024-08-08T13:12:28,82.600639,-56.144459,nan
2024-08-08T13:12:27,82.600632,-56.144497,nan
2024-08-08T13:12:27,82.600624,-56.144539,nan
2024-08-08T13:12:26,82.600609,-56.144627,nan
2024-08-08T13:12:25,82.600601,-56.144669,nan
2024-08-08T13:12:25,82.600594,-56.144714,nan
2024-08-08T13:12:24,82.600586,-56.144768,nan
2024-08-08T13:12:24,82.600578,-56.144825,nan
2024-08-08T13:12:23,82.600571,-56.144878,nan
2024-08-08T13:12:23,82.600563,-56.144939,nan
2024-08-08T13:12:22,82.600555,-56.145000,nan
2024-08-08T13:12:22,82.600548,-56.145065,nan
2024-08-08T13:12:21,82.600548,-56.145130,nan
2024-08-08T13:12:20,82.600533,-56.145267,nan
2024-08-08T13:12:20,82.600525,-56.145336,nan
2024-08-08T13:12:19,82.600517,-56.145409,nan
2024-08-08T13:12:19,82.600510,-56.145485,nan
2024-08-08T13:12:18,82.600502,-56.145561,nan
2024-08-08T13:12:18,82.600494,-56.145638,nan
2024-08-08T13:12:17,82.600487,-56.145714,nan
2024-08-08T13:12:16,82.600471,-56.145866,nan
2024-08-08T13:12:16,82.600464,-56.145943,nan
2024-08-08T13:12:15,82.600456,-56.146019,nan
2024-08-08T13:12:15,82.600449,-56.146095,nan
2024-08-08T13:12:14,82.600449,-56.146172,nan
2024-08-08T13:12:14,82.600441,-56.146252,nan
2024-08-08T13:12:13,82.600433,-56.146336,nan
2024-08-08T13:12:13,82.600433,-56.146416,nan
2024-08-08T13:12:12,82.600426,-56.146503,nan
2024-08-08T13:12:12,82.600418,-56.146587,nan
2024-08-08T13:12:11,82.600418,-56.146675,nan
2024-08-08T13:12:11,82.600410,-56.146763,nan
2024-08-08T13:12:10,82.600410,-56.146854,nan
2024-08-08T13:12:10,82.600403,-56.146950,nan
2024-08-08T13:12:09,82.600395,-56.147053,nan
2024-08-08T13:12:09,82.600395,-56.147148,nan
2024-08-08T13:12:08,82.600388,-56.147243,nan
2024-08-08T13:12:08,82.600388,-56.147343,nan
2024-08-08T13:12:07,82.600380,-56.147438,nan
2024-08-08T13:12:07,82.600380,-56.147537,nan
2024-08-08T13:12:06,82.600372,-56.147640,nan
2024-08-08T13:12:06,82.600372,-56.147739,nan
2024-08-08T13:12:05,82.600372,-56.147839,nan
2024-08-08T13:12:05,82.600365,-56.147945,nan
2024-08-08T13:12:04,82.600365,-56.148048,nan
2024-08-08T13:12:04,82.600357,-56.148155,nan
2024-08-08T13:12:03,82.600357,-56.148266,nan
2024-08-08T13:12:03,82.600357,-56.148373,nan
2024-08-08T13:12:02,82.600349,-56.148483,nan
2024-08-08T13:12:02,82.600349,-56.148598,nan
2024-08-08T13:12:01,82.600349,-56.148708,nan
2024-08-08T13:12:01,82.600349,-56.148823,nan
2024-08-08T13:12:00,82.600342,-56.148933,nan
2024-08-08T13:12:00,82.600342,-56.149044,nan
2024-08-08T13:11:59,82.600342,-56.149158,nan
2024-08-08T13:11:59,82.600342,-56.149273,nan
2024-08-08T13:11:58,82.600334,-56.149387,nan
2024-08-08T13:11:58,82.600334,-56.149506,nan
2024-08-08T13:11:57,82.600334,-56.149620,nan
2024-08-08T13:11:57,82.600334,-56.149734,nan
2024-08-08T13:11:56,82.600334,-56.149853,nan
2024-08-08T13:11:56,82.600334,-56.149967,nan
2024-08-08T13:11:55,82.600327,-56.150082,nan
2024-08-08T13:11:55,82.600327,-56.150196,nan
2024-08-08T13:11:54,82.600327,-56.150311,nan
2024-08-08T13:11:54,82.600327,-56.150425,nan
2024-08-08T13:11:53,82.600327,-56.150539,nan
2024-08-08T13:11:53,82.600327,-56.150654,nan
2024-08-08T13:11:52,82.600319,-56.150772,nan
2024-08-08T13:11:52,82.600319,-56.150890,nan
2024-08-08T13:11:51,82.600319,-56.151009,nan
2024-08-08T13:11:51,82.600319,-56.151131,nan
2024-08-08T13:11:50,82.600319,-56.151249,nan
2024-08-08T13:11:50,82.600319,-56.151367,nan
2024-08-08T13:11:49,82.600319,-56.151489,nan
2024-08-08T13:11:49,82.600311,-56.151611,nan
2024-08-08T13:11:48,82.600311,-56.151737,nan
2024-08-08T13:11:48,82.600311,-56.151863,nan
2024-08-08T13:11:47,82.600311,-56.151993,nan
2024-08-08T13:11:47,82.600311,-56.152122,nan
2024-08-08T13:11:46,82.600311,-56.152260,nan
2024-08-08T13:11:46,82.600311,-56.152393,nan
2024-08-08T13:11:45,82.600311,-56.152531,nan
2024-08-08T13:11:45,82.600311,-56.152668,nan
2024-08-08T13:11:44,82.600311,-56.152809,nan
2024-08-08T13:11:44,82.600311,-56.152950,nan
2024-08-08T13:11:43,82.600311,-56.153091,nan
2024-08-08T13:11:43,82.600311,-56.153233,nan
2024-08-08T13:11:42,82.600311,-56.153370,nan
2024-08-08T13:11:42,82.600311,-56.153511,nan
2024-08-08T13:11:41,82.600311,-56.153652,nan
2024-08-08T13:11:41,82.600311,-56.153793,nan
2024-08-08T13:11:40,82.600311,-56.153934,nan
2024-08-08T13:11:40,82.600311,-56.154076,nan
2024-08-08T13:11:39,82.600311,-56.154217,nan
2024-08-08T13:11:39,82.600311,-56.154362,nan
2024-08-08T13:11:38,82.600311,-56.154503,nan
2024-08-08T13:11:38,82.600311,-56.154648,nan
2024-08-08T13:11:37,82.600311,-56.154797,nan
2024-08-08T13:11:37,82.600311,-56.154942,nan
2024-08-08T13:11:36,82.600311,-56.155083,nan
2024-08-08T13:11:36,82.600319,-56.155224,nan
2024-08-08T13:11:35,82.600319,-56.155361,nan
2024-08-08T13:11:35,82.600319,-56.155495,nan
2024-08-08T13:11:34,82.600327,-56.155624,nan
2024-08-08T13:11:34,82.600334,-56.155750,nan
2024-08-08T13:11:33,82.600342,-56.155872,nan
2024-08-08T13:11:33,82.600349,-56.155998,nan
2024-08-08T13:11:32,82.600357,-56.156120,nan
2024-08-08T13:11:32,82.600372,-56.156242,nan
2024-08-08T13:11:31,82.600380,-56.156361,nan
2024-08-08T13:11:31,82.600388,-56.156479,nan
2024-08-08T13:11:30,82.600403,-56.156593,nan
2024-08-08T13:11:30,82.600410,-56.156696,nan
2024-08-08T13:11:29,82.600426,-56.156792,nan
2024-08-08T13:11:29,82.600433,-56.156879,nan
2024-08-08T13:11:28,82.600441,-56.156960,nan
2024-08-08T13:11:28,82.600449,-56.157036,nan
2024-08-08T13:11:27,82.600456,-56.157104,nan
2024-08-08T13:11:27,82.600464,-56.157173,nan
2024-08-08T13:11:26,82.600471,-56.157242,nan
2024-08-08T13:11:26,82.600479,-56.157310,nan
2024-08-08T13:11:25,82.600487,-56.157375,nan
2024-08-08T13:11:25,82.600494,-56.157444,nan
2024-08-08T13:11:24,82.600502,-56.157513,nan
2024-08-08T13:11:24,82.600510,-56.157585,nan
2024-08-08T13:11:23,82.600517,-56.157658,nan
2024-08-08T13:11:23,82.600525,-56.157730,nan
2024-08-08T13:11:22,82.600533,-56.157803,nan
2024-08-08T13:11:22,82.600533,-56.157875,nan
2024-08-08T13:11:21,82.600540,-56.157944,nan
2024-08-08T13:11:21,82.600548,-56.158009,nan
2024-08-08T13:11:20,82.600555,-56.158073,nan
2024-08-08T13:11:20,82.600563,-56.158138,nan
2024-08-08T13:11:19,82.600563,-56.158207,nan
2024-08-08T13:11:19,82.600571,-56.158272,nan
2024-08-08T13:11:18,82.600578,-56.158337,nan
2024-08-08T13:11:18,82.600578,-56.158401,nan
2024-08-08T13:11:17,82.600586,-56.158466,nan
2024-08-08T13:11:17,82.600586,-56.158527,nan
2024-08-08T13:11:16,82.600594,-56.158585,nan
2024-08-08T13:11:16,82.600594,-56.158642,nan
2024-08-08T13:11:15,82.600594,-56.158699,nan
2024-08-08T13:11:15,82.600601,-56.158752,nan
2024-08-08T13:11:14,82.600601,-56.158806,nan
2024-08-08T13:11:14,82.600601,-56.158855,nan
2024-08-08T13:11:13,82.600601,-56.158909,nan
2024-08-08T13:11:13,82.600601,-56.158962,nan
2024-08-08T13:11:12,82.600601,-56.159016,nan
2024-08-08T13:11:12,82.600601,-56.159073,nan
2024-08-08T13:11:11,82.600601,-56.159134,nan
2024-08-08T13:11:11,82.600601,-56.159191,nan
2024-08-08T13:11:10,82.600601,-56.159256,nan
2024-08-08T13:11:10,82.600601,-56.159321,nan
2024-08-08T13:11:09,82.600601,-56.159389,nan
2024-08-08T13:11:09,82.600601,-56.159462,nan
2024-08-08T13:11:08,82.600601,-56.159534,nan
2024-08-08T13:11:08,82.600601,-56.159611,nan
2024-08-08T13:11:07,82.600601,-56.159687,nan
2024-08-08T13:11:07,82.600609,-56.159767,nan
2024-08-08T13:11:06,82.600609,-56.159843,nan
2024-08-08T13:11:06,82.600609,-56.159920,nan
2024-08-08T13:11:05,82.600609,-56.160000,nan
2024-08-08T13:11:05,82.600616,-56.160084,nan
2024-08-08T13:11:04,82.600616,-56.160164,nan
2024-08-08T13:11:04,82.600616,-56.160248,nan
2024-08-08T13:11:03,82.600616,-56.160332,nan
2024-08-08T13:11:03,82.600624,-56.160412,nan
2024-08-08T13:11:02,82.600624,-56.160492,nan
2024-08-08T13:11:02,82.600624,-56.160572,nan
2024-08-08T13:11:01,82.600624,-56.160652,nan
2024-08-08T13:11:01,82.600632,-56.160740,nan
2024-08-08T13:11:00,82.600632,-56.160824,nan
2024-08-08T13:11:00,82.600632,-56.160904,nan
2024-08-08T13:10:59,82.600632,-56.160992,nan
2024-08-08T13:10:59,82.600639,-56.161076,nan
2024-08-08T13:10:58,82.600639,-56.161163,nan
2024-08-08T13:10:58,82.600639,-56.161247,nan
2024-08-08T13:10:56,82.600647,-56.161518,nan
2024-08-08T13:10:56,82.600655,-56.161606,nan
2024-08-08T13:10:55,82.600655,-56.161694,nan
2024-08-08T13:10:55,82.600655,-56.161785,nan
2024-08-08T13:10:54,82.600662,-56.161880,nan
2024-08-08T13:10:54,82.600662,-56.161976,nan
2024-08-08T13:10:53,82.600670,-56.162071,nan
2024-08-08T13:10:53,82.600670,-56.162174,nan
2024-08-08T13:10:52,82.600677,-56.162281,nan
2024-08-08T13:10:52,82.600677,-56.162392,nan
2024-08-08T13:10:51,82.600677,-56.162502,nan
2024-08-08T13:10:51,82.600685,-56.162613,nan
2024-08-08T13:10:50,82.600685,-56.162727,nan
2024-08-08T13:10:50,82.600685,-56.162846,nan
2024-08-08T13:10:49,82.600693,-56.162964,nan
2024-08-08T13:10:49,82.600693,-56.163078,nan
2024-08-08T13:10:48,82.600693,-56.163197,nan
2024-08-08T13:10:48,82.600693,-56.163315,nan
2024-08-08T13:10:47,82.600693,-56.163437,nan
2024-08-08T13:10:47,82.600693,-56.163555,nan
2024-08-08T13:10:46,82.600700,-56.163677,nan
2024-08-08T13:10:46,82.600700,-56.163792,nan
2024-08-08T13:10:45,82.600700,-56.163914,nan
2024-08-08T13:10:45,82.600700,-56.164036,nan
2024-08-08T13:10:44,82.600708,-56.164158,nan
2024-08-08T13:10:44,82.600708,-56.164284,nan
2024-08-08T13:10:43,82.600716,-56.164410,nan
2024-08-08T13:10:43,82.600716,-56.164536,nan
2024-08-08T13:10:42,82.600716,-56.164669,nan
2024-08-08T13:10:42,82.600723,-56.164799,nan
2024-08-08T13:10:41,82.600723,-56.164932,nan
2024-08-08T13:10:41,82.600723,-56.165066,nan
2024-08-08T13:10:40,82.600731,-56.165203,nan
2024-08-08T13:10:40,82.600731,-56.165340,nan
2024-08-08T13:10:39,82.600731,-56.165478,nan
2024-08-08T13:10:39,82.600739,-56.165615,nan
2024-08-08T13:10:38,82.600739,-56.165756,nan
2024-08-08T13:10:38,82.600739,-56.165897,nan
2024-08-08T13:10:37,82.600746,-56.166035,nan
2024-08-08T13:10:37,82.600746,-56.166180,nan
2024-08-08T13:10:36,82.600754,-56.166321,nan
2024-08-08T13:10:36,82.600754,-56.166458,nan
2024-08-08T13:10:35,82.600754,-56.166599,nan
2024-08-08T13:10:35,82.600761,-56.166744,nan
2024-08-08T13:10:34,82.600761,-56.166889,nan
2024-08-08T13:10:34,82.600769,-56.167038,nan
2024-08-08T13:10:33,82.600769,-56.167187,nan
2024-08-08T13:10:33,82.600777,-56.167339,nan
2024-08-08T13:10:32,82.600777,-56.167488,nan
2024-08-08T13:10:32,82.600777,-56.167641,nan
2024-08-08T13:10:31,82.600777,-56.167793,nan
2024-08-08T13:10:31,82.600784,-56.167950,nan
2024-08-08T13:10:30,82.600784,-56.168102,nan
2024-08-08T13:10:30,82.600784,-56.168251,nan
2024-08-08T13:10:29,82.600784,-56.168404,nan
2024-08-08T13:10:29,82.600784,-56.168552,nan
2024-08-08T13:10:28,82.600792,-56.168701,nan
2024-08-08T13:10:28,82.600792,-56.168854,nan
2024-08-08T13:10:27,82.600792,-56.169010,nan
2024-08-08T13:10:27,82.600792,-56.169163,nan
2024-08-08T13:10:26,82.600792,-56.169315,nan
2024-08-08T13:10:26,82.600792,-56.169464,nan
2024-08-08T13:10:25,82.600792,-56.169617,nan
2024-08-08T13:10:25,82.600792,-56.169769,nan
2024-08-08T13:10:24,82.600792,-56.169918,nan
2024-08-08T13:10:24,82.600792,-56.170067,nan
2024-08-08T13:10:23,82.600792,-56.170219,nan
2024-08-08T13:10:23,82.600792,-56.170364,nan
2024-08-08T13:10:22,82.600792,-56.170513,nan
2024-08-08T13:10:22,82.600784,-56.170662,nan
2024-08-08T13:10:21,82.600784,-56.170815,nan
2024-08-08T13:10:21,82.600784,-56.170963,nan
2024-08-08T13:10:20,82.600784,-56.171116,nan
2024-08-08T13:10:20,82.600784,-56.171268,nan
2024-08-08T13:10:19,82.600777,-56.171425,nan
2024-08-08T13:10:19,82.600777,-56.171585,nan
2024-08-08T13:10:18,82.600777,-56.171745,nan
2024-08-08T13:10:18,82.600777,-56.171909,nan
2024-08-08T13:10:17,82.600777,-56.172077,nan
2024-08-08T13:10:17,82.600769,-56.172241,nan
2024-08-08T13:10:16,82.600769,-56.172581,nan
2024-08-08T13:10:15,82.600761,-56.172752,nan
2024-08-08T13:10:15,82.600761,-56.172924,nan
2024-08-08T13:10:14,82.600754,-56.173100,nan
2024-08-08T13:10:14,82.600754,-56.173275,nan
2024-08-08T13:10:13,82.600746,-56.173458,nan
2024-08-08T13:10:13,82.600739,-56.173641,nan
2024-08-08T13:10:12,82.600739,-56.173828,nan
2024-08-08T13:10:12,82.600731,-56.174019,nan
2024-08-08T13:10:11,82.600723,-56.174210,nan
2024-08-08T13:10:11,82.600716,-56.174400,nan
2024-08-08T13:10:10,82.600716,-56.174591,nan
2024-08-08T13:10:10,82.600708,-56.174782,nan
2024-08-08T13:10:09,82.600700,-56.174973,nan
2024-08-08T13:10:09,82.600693,-56.175163,nan
2024-08-08T13:10:08,82.600693,-56.175362,nan
2024-08-08T13:10:08,82.600685,-56.175560,nan
2024-08-08T13:10:07,82.600677,-56.175758,nan
2024-08-08T13:10:07,82.600670,-56.175961,nan
2024-08-08T13:10:06,82.600670,-56.176163,nan
2024-08-08T13:10:06,82.600662,-56.176365,nan
2024-08-08T13:10:05,82.600655,-56.176567,nan
2024-08-08T13:10:05,82.600655,-56.176769,nan
2024-08-08T13:10:04,82.600647,-56.176968,nan
2024-08-08T13:10:04,82.600647,-56.177170,nan
2024-08-08T13:10:03,82.600639,-56.177364,nan
2024-08-08T13:10:03,82.600639,-56.177563,nan
2024-08-08T13:10:02,82.600632,-56.177757,nan
2024-08-08T13:10:02,82.600624,-56.177952,nan
2024-08-08T13:10:01,82.600624,-56.178139,nan
2024-08-08T13:10:01,82.600616,-56.178329,nan
2024-08-08T13:10:00,82.600609,-56.178516,nan
2024-08-08T13:10:00,82.600601,-56.178699,nan
2024-08-08T13:09:59,82.600601,-56.178883,nan
2024-08-08T13:09:59,82.600594,-56.179066,nan
2024-08-08T13:09:58,82.600586,-56.179245,nan
2024-08-08T13:09:58,82.600578,-56.179424,nan
2024-08-08T13:09:57,82.600571,-56.179607,nan
2024-08-08T13:09:57,82.600563,-56.179790,nan
2024-08-08T13:09:56,82.600555,-56.179974,nan
2024-08-08T13:09:56,82.600548,-56.180157,nan
2024-08-08T13:09:55,82.600540,-56.180340,nan
2024-08-08T13:09:55,82.600533,-56.180523,nan
2024-08-08T13:09:54,82.600533,-56.180706,nan
2024-08-08T13:09:54,82.600525,-56.180893,nan
2024-08-08T13:09:53,82.600517,-56.181080,nan
2024-08-08T13:09:53,82.600510,-56.181267,nan
2024-08-08T13:09:52,82.600502,-56.181458,nan
2024-08-08T13:09:52,82.600494,-56.181656,nan
2024-08-08T13:09:51,82.600487,-56.181858,nan
2024-08-08T13:09:51,82.600487,-56.182064,nan
2024-08-08T13:09:50,82.600479,-56.182270,nan
2024-08-08T13:09:50,82.600479,-56.182480,nan
2024-08-08T13:09:49,82.600471,-56.182690,nan
2024-08-08T13:09:49,82.600471,-56.182896,nan
2024-08-08T13:09:48,82.600464,-56.183102,nan
2024-08-08T13:09:48,82.600456,-56.183308,nan
2024-08-08T13:09:47,82.600456,-56.183510,nan
2024-08-08T13:09:47,82.600449,-56.183708,nan
2024-08-08T13:09:46,82.600449,-56.183910,nan
2024-08-08T13:09:46,82.600441,-56.184109,nan
2024-08-08T13:09:45,82.600433,-56.184299,nan
2024-08-08T13:09:45,82.600433,-56.184490,nan
2024-08-08T13:09:44,82.600426,-56.184681,nan
2024-08-08T13:09:44,82.600418,-56.184868,nan
2024-08-08T13:09:43,82.600418,-56.185059,nan
2024-08-08T13:09:43,82.600410,-56.185249,nan
2024-08-08T13:09:42,82.600410,-56.185440,nan
2024-08-08T13:09:42,82.600403,-56.185635,nan
2024-08-08T13:09:41,82.600395,-56.185833,nan
2024-08-08T13:09:41,82.600395,-56.186035,nan
2024-08-08T13:09:40,82.600388,-56.186237,nan
2024-08-08T13:09:40,82.600388,-56.186447,nan
2024-08-08T13:09:39,82.600380,-56.186653,nan
2024-08-08T13:09:39,82.600372,-56.186867,nan
2024-08-08T13:09:38,82.600365,-56.187080,nan
2024-08-08T13:09:38,82.600365,-56.187302,nan
2024-08-08T13:09:37,82.600357,-56.187519,nan
2024-08-08T13:09:37,82.600349,-56.187740,nan
2024-08-08T13:09:36,82.600349,-56.187962,nan
2024-08-08T13:09:36,82.600342,-56.188190,nan
2024-08-08T13:09:35,82.600342,-56.188416,nan
2024-08-08T13:09:35,82.600334,-56.188648,nan
2024-08-08T13:09:34,82.600334,-56.188885,nan
2024-08-08T13:09:34,82.600327,-56.189121,nan
2024-08-08T13:09:33,82.600327,-56.189365,nan
2024-08-08T13:09:33,82.600327,-56.189610,nan
2024-08-08T13:09:32,82.600319,-56.189854,nan
2024-08-08T13:09:32,82.600319,-56.190102,nan
2024-08-08T13:09:31,82.600319,-56.190353,nan
2024-08-08T13:09:31,82.600319,-56.190601,nan
2024-08-08T13:09:30,82.600311,-56.190857,nan
2024-08-08T13:09:30,82.600311,-56.191116,nan
2024-08-08T13:09:29,82.600311,-56.191372,nan
2024-08-08T13:09:29,82.600311,-56.191631,nan
2024-08-08T13:09:28,82.600311,-56.191895,nan
2024-08-08T13:09:28,82.600304,-56.192158,nan
2024-08-08T13:09:27,82.600304,-56.192417,nan
2024-08-08T13:09:27,82.600304,-56.192684,nan
2024-08-08T13:09:26,82.600304,-56.192951,nan
2024-08-08T13:09:26,82.600296,-56.193214,nan
2024-08-08T13:09:25,82.600296,-56.193481,nan
2024-08-08T13:09:25,82.600296,-56.193748,nan
2024-08-08T13:09:24,82.600288,-56.194012,nan
2024-08-08T13:09:24,82.600288,-56.194275,nan
2024-08-08T13:09:23,82.600281,-56.194538,nan
2024-08-08T13:09:23,82.600281,-56.194798,nan
2024-08-08T13:09:22,82.600281,-56.195057,nan
2024-08-08T13:09:22,82.600273,-56.195316,nan
2024-08-08T13:09:21,82.600273,-56.195580,nan
2024-08-08T13:09:21,82.600273,-56.195847,nan
2024-08-08T13:09:20,82.600273,-56.196117,nan
2024-08-08T13:09:20,82.600266,-56.196392,nan
2024-08-08T13:09:19,82.600266,-56.196671,nan
2024-08-08T13:09:19,82.600266,-56.196949,nan
2024-08-08T13:09:18,82.600266,-56.197227,nan
2024-08-08T13:09:18,82.600266,-56.197502,nan
2024-08-08T13:09:17,82.600258,-56.197781,nan
2024-08-08T13:09:17,82.600258,-56.198055,nan
2024-08-08T13:09:16,82.600258,-56.198322,nan
2024-08-08T13:09:16,82.600250,-56.198586,nan
2024-08-08T13:09:15,82.600250,-56.198841,nan
2024-08-08T13:09:15,82.600243,-56.199097,nan
2024-08-08T13:09:14,82.600243,-56.199345,nan
2024-08-08T13:09:14,82.600235,-56.199593,nan
2024-08-08T13:09:13,82.600235,-56.199837,nan
2024-08-08T13:09:13,82.600227,-56.200081,nan
2024-08-08T13:09:12,82.600227,-56.200329,nan
2024-08-08T13:09:12,82.600220,-56.200581,nan
2024-08-08T13:09:11,82.600220,-56.200836,nan
2024-08-08T13:09:11,82.600212,-56.201092,nan
2024-08-08T13:09:10,82.600212,-56.201351,nan
2024-08-08T13:09:10,82.600212,-56.201614,nan
2024-08-08T13:09:09,82.600204,-56.201878,nan
2024-08-08T13:09:09,82.600204,-56.202145,nan
2024-08-08T13:09:08,82.600197,-56.202412,nan
2024-08-08T13:09:08,82.600197,-56.202679,nan
2024-08-08T13:09:07,82.600197,-56.202950,nan
2024-08-08T13:09:07,82.600189,-56.203224,nan
2024-08-08T13:09:06,82.600189,-56.203499,nan
2024-08-08T13:09:06,82.600189,-56.203773,nan
2024-08-08T13:09:05,82.600189,-56.204052,nan
2024-08-08T13:09:05,82.600182,-56.204330,nan
2024-08-08T13:09:04,82.600182,-56.204609,nan
2024-08-08T13:09:04,82.600182,-56.204887,nan
2024-08-08T13:09:03,82.600174,-56.205166,nan
2024-08-08T13:09:03,82.600174,-56.205441,nan
2024-08-08T13:09:02,82.600174,-56.205715,nan
2024-08-08T13:09:02,82.600166,-56.205990,nan
2024-08-08T13:09:01,82.600166,-56.206261,nan
2024-08-08T13:09:01,82.600159,-56.206532,nan
2024-08-08T13:09:00,82.600159,-56.206802,nan
2024-08-08T13:09:00,82.600151,-56.207069,nan
2024-08-08T13:08:59,82.600143,-56.207333,nan
2024-08-08T13:08:59,82.600136,-56.207600,nan
2024-08-08T13:08:58,82.600136,-56.207859,nan
2024-08-08T13:08:58,82.600128,-56.208118,nan
2024-08-08T13:08:57,82.600121,-56.208378,nan
2024-08-08T13:08:57,82.600113,-56.208633,nan
2024-08-08T13:08:56,82.600113,-56.208889,nan
2024-08-08T13:08:56,82.600105,-56.209141,nan
2024-08-08T13:08:55,82.600098,-56.209396,nan
2024-08-08T13:08:55,82.600090,-56.209648,nan
2024-08-08T13:08:54,82.600082,-56.209896,nan
2024-08-08T13:08:54,82.600082,-56.210140,nan
2024-08-08T13:08:53,82.600075,-56.210377,nan
2024-08-08T13:08:53,82.600067,-56.210606,nan
2024-08-08T13:08:52,82.600067,-56.210831,nan
2024-08-08T13:08:52,82.600060,-56.211052,nan
2024-08-08T13:08:51,82.600060,-56.211266,nan
2024-08-08T13:08:51,82.600060,-56.211479,nan
2024-08-08T13:08:50,82.600052,-56.211693,nan
2024-08-08T13:08:50,82.600052,-56.211903,nan
2024-08-08T13:08:49,82.600052,-56.212116,nan
2024-08-08T13:08:49,82.600044,-56.212326,nan
2024-08-08T13:08:48,82.600044,-56.212536,nan
2024-08-08T13:08:48,82.600044,-56.212746,nan
2024-08-08T13:08:47,82.600044,-56.212955,nan
2024-08-08T13:08:47,82.600044,-56.213161,nan
2024-08-08T13:08:46,82.600044,-56.213371,nan
2024-08-08T13:08:46,82.600044,-56.213581,nan
2024-08-08T13:08:45,82.600044,-56.213795,nan
2024-08-08T13:08:45,82.600044,-56.214005,nan
2024-08-08T13:08:44,82.600037,-56.214214,nan
2024-08-08T13:08:44,82.600037,-56.214432,nan
2024-08-08T13:08:43,82.600037,-56.214649,nan
2024-08-08T13:08:43,82.600037,-56.214867,nan
2024-08-08T13:08:42,82.600037,-56.215084,nan
2024-08-08T13:08:42,82.600037,-56.215302,nan
2024-08-08T13:08:41,82.600037,-56.215519,nan
2024-08-08T13:08:41,82.600029,-56.215736,nan
2024-08-08T13:08:40,82.600029,-56.215958,nan
2024-08-08T13:08:40,82.600029,-56.216175,nan
2024-08-08T13:08:39,82.600029,-56.216396,nan
2024-08-08T13:08:39,82.600029,-56.216614,nan
2024-08-08T13:08:38,82.600029,-56.216835,nan
2024-08-08T13:08:38,82.600021,-56.217056,nan
2024-08-08T13:08:37,82.600021,-56.217278,nan
2024-08-08T13:08:37,82.600021,-56.217503,nan
2024-08-08T13:08:36,82.600021,-56.217731,nan
2024-08-08T13:08:36,82.600014,-56.217957,nan
2024-08-08T13:08:35,82.600014,-56.218185,nan
2024-08-08T13:08:35,82.600014,-56.218414,nan
2024-08-08T13:08:34,82.600014,-56.218647,nan
2024-08-08T13:08:34,82.600006,-56.218880,nan
2024-08-08T13:08:33,82.600006,-56.219116,nan
2024-08-08T13:08:33,82.600006,-56.219353,nan
2024-08-08T13:08:32,82.599998,-56.219593,nan
2024-08-08T13:08:32,82.599998,-56.219833,nan
2024-08-08T13:08:31,82.599998,-56.220081,nan
2024-08-08T13:08:31,82.599991,-56.220325,nan
2024-08-08T13:08:30,82.599991,-56.220573,nan
2024-08-08T13:08:30,82.599983,-56.220821,nan
2024-08-08T13:08:29,82.599983,-56.221069,nan
2024-08-08T13:08:29,82.599983,-56.221321,nan
2024-08-08T13:08:28,82.599976,-56.221569,nan
2024-08-08T13:08:28,82.599976,-56.221817,nan
2024-08-08T13:08:27,82.599976,-56.222069,nan
2024-08-08T13:08:27,82.599976,-56.222321,nan
2024-08-08T13:08:26,82.599968,-56.222576,nan
2024-08-08T13:08:26,82.599968,-56.222839,nan
2024-08-08T13:08:25,82.599968,-56.223099,nan
2024-08-08T13:08:25,82.599968,-56.223362,nan
2024-08-08T13:08:24,82.599968,-56.223625,nan
2024-08-08T13:08:24,82.599960,-56.223892,nan
2024-08-08T13:08:23,82.599960,-56.224155,nan
2024-08-08T13:08:23,82.599960,-56.224422,nan
2024-08-08T13:08:22,82.599953,-56.224689,nan
2024-08-08T13:08:22,82.599953,-56.224960,nan
2024-08-08T13:08:21,82.599953,-56.225231,nan
2024-08-08T13:08:21,82.599953,-56.225498,nan
2024-08-08T13:08:20,82.599945,-56.225773,nan
2024-08-08T13:08:20,82.599945,-56.226040,nan
2024-08-08T13:08:19,82.599937,-56.226311,nan
2024-08-08T13:08:19,82.599937,-56.226582,nan
2024-08-08T13:08:18,82.599930,-56.226852,nan
2024-08-08T13:08:18,82.599930,-56.227119,nan
2024-08-08T13:08:17,82.599930,-56.227386,nan
2024-08-08T13:08:17,82.599922,-56.227657,nan
2024-08-08T13:08:16,82.599922,-56.227928,nan
2024-08-08T13:08:16,82.599915,-56.228199,nan
2024-08-08T13:08:15,82.599915,-56.228466,nan
2024-08-08T13:08:15,82.599915,-56.228737,nan
2024-08-08T13:08:14,82.599907,-56.229004,nan
2024-08-08T13:08:14,82.599907,-56.229267,nan
2024-08-08T13:08:13,82.599907,-56.229538,nan
2024-08-08T13:08:13,82.599907,-56.229809,nan
2024-08-08T13:08:12,82.599899,-56.230080,nan
2024-08-08T13:08:12,82.599899,-56.230354,nan
2024-08-08T13:08:11,82.599899,-56.230633,nan
2024-08-08T13:08:11,82.599899,-56.230911,nan
2024-08-08T13:08:10,82.599899,-56.231190,nan
2024-08-08T13:08:10,82.599899,-56.231472,nan
2024-08-08T13:08:09,82.599899,-56.231754,nan
2024-08-08T13:08:09,82.599892,-56.232044,nan
2024-08-08T13:08:08,82.599892,-56.232334,nan
2024-08-08T13:08:08,82.599892,-56.232628,nan
2024-08-08T13:08:07,82.599892,-56.232918,nan
2024-08-08T13:08:07,82.599892,-56.233208,nan
2024-08-08T13:08:06,82.599892,-56.233498,nan
2024-08-08T13:08:06,82.599892,-56.233788,nan
2024-08-08T13:08:05,82.599884,-56.234081,nan
2024-08-08T13:08:05,82.599884,-56.234371,nan
2024-08-08T13:08:04,82.599876,-56.234669,nan
2024-08-08T13:08:04,82.599876,-56.234962,nan
2024-08-08T13:08:03,82.599876,-56.235256,nan
2024-08-08T13:08:03,82.599876,-56.235550,nan
2024-08-08T13:08:02,82.599869,-56.235844,nan
2024-08-08T13:08:02,82.599869,-56.236137,nan
2024-08-08T13:08:01,82.599869,-56.236431,nan
2024-08-08T13:08:01,82.599861,-56.236729,nan
2024-08-08T13:08:00,82.599861,-56.237022,nan
2024-08-08T13:08:00,82.599854,-56.237320,nan
2024-08-08T13:07:59,82.599854,-56.237614,nan
2024-08-08T13:07:59,82.599854,-56.237907,nan
2024-08-08T13:07:58,82.599854,-56.238201,nan
2024-08-08T13:07:58,82.599846,-56.238491,nan
2024-08-08T13:07:57,82.599846,-56.238785,nan
2024-08-08T13:07:57,82.599846,-56.239086,nan
2024-08-08T13:07:56,82.599846,-56.239384,nan
2024-08-08T13:07:56,82.599838,-56.239689,nan
2024-08-08T13:07:55,82.599838,-56.239990,nan
2024-08-08T13:07:55,82.599838,-56.240295,nan
2024-08-08T13:07:54,82.599838,-56.240604,nan
2024-08-08T13:07:54,82.599838,-56.240913,nan
2024-08-08T13:07:53,82.599831,-56.241222,nan
2024-08-08T13:07:53,82.599831,-56.241535,nan
2024-08-08T13:07:52,82.599831,-56.241848,nan
2024-08-08T13:07:52,82.599831,-56.242161,nan
2024-08-08T13:07:51,82.599823,-56.242477,nan
2024-08-08T13:07:51,82.599823,-56.242794,nan
2024-08-08T13:07:50,82.599823,-56.243111,nan
2024-08-08T13:07:50,82.599815,-56.243427,nan
2024-08-08T13:07:49,82.599815,-56.243740,nan
2024-08-08T13:07:49,82.599808,-56.244049,nan
2024-08-08T13:07:48,82.599808,-56.244354,nan
2024-08-08T13:07:48,82.599808,-56.244659,nan
2024-08-08T13:07:47,82.599800,-56.244961,nan
2024-08-08T13:07:47,82.599800,-56.245262,nan
2024-08-08T13:07:46,82.599800,-56.245564,nan
2024-08-08T13:07:46,82.599792,-56.245865,nan
2024-08-08T13:07:45,82.599792,-56.246166,nan
2024-08-08T13:07:45,82.599792,-56.246468,nan
2024-08-08T13:07:44,82.599785,-56.246769,nan
2024-08-08T13:07:44,82.599785,-56.247074,nan
2024-08-08T13:07:43,82.599785,-56.247379,nan
2024-08-08T13:07:43,82.599785,-56.247688,nan
2024-08-08T13:07:42,82.599777,-56.247997,nan
2024-08-08T13:07:42,82.599777,-56.248306,nan
2024-08-08T13:07:41,82.599777,-56.248619,nan
2024-08-08T13:07:41,82.599770,-56.248932,nan
2024-08-08T13:07:40,82.599770,-56.249249,nan
2024-08-08T13:07:40,82.599770,-56.249561,nan
2024-08-08T13:07:39,82.599762,-56.249882,nan
2024-08-08T13:07:39,82.599754,-56.250198,nan
2024-08-08T13:07:38,82.599754,-56.250515,nan
2024-08-08T13:07:38,82.599747,-56.250832,nan
2024-08-08T13:07:37,82.599739,-56.251144,nan
2024-08-08T13:07:37,82.599739,-56.251457,nan
2024-08-08T13:07:36,82.599731,-56.251770,nan
2024-08-08T13:07:36,82.599731,-56.252075,nan
2024-08-08T13:07:35,82.599724,-56.252384,nan
2024-08-08T13:07:35,82.599716,-56.252689,nan
2024-08-08T13:07:34,82.599716,-56.252991,nan
2024-08-08T13:07:34,82.599709,-56.253296,nan
2024-08-08T13:07:33,82.599709,-56.253601,nan
2024-08-08T13:07:33,82.599709,-56.253906,nan
2024-08-08T13:07:32,82.599701,-56.254211,nan
2024-08-08T13:07:32,82.599701,-56.254513,nan
2024-08-08T13:07:31,82.599693,-56.254814,nan
2024-08-08T13:07:31,82.599693,-56.255116,nan
2024-08-08T13:07:30,82.599686,-56.255421,nan
2024-08-08T13:07:30,82.599678,-56.255726,nan
2024-08-08T13:07:29,82.599678,-56.256035,nan
2024-08-08T13:07:29,82.599670,-56.256344,nan
2024-08-08T13:07:28,82.599663,-56.256657,nan
2024-08-08T13:07:28,82.599655,-56.256969,nan
2024-08-08T13:07:27,82.599655,-56.257282,nan
2024-08-08T13:07:27,82.599648,-56.257603,nan
2024-08-08T13:07:26,82.599640,-56.257919,nan
2024-08-08T13:07:26,82.599632,-56.258236,nan
2024-08-08T13:07:25,82.599625,-56.258556,nan
2024-08-08T13:07:25,82.599617,-56.258877,nan
2024-08-08T13:07:24,82.599609,-56.259197,nan
2024-08-08T13:07:24,82.599609,-56.259518,nan
2024-08-08T13:07:23,82.599602,-56.259842,nan
2024-08-08T13:07:23,82.599594,-56.260166,nan
2024-08-08T13:07:22,82.599586,-56.260494,nan
2024-08-08T13:07:22,82.599579,-56.260826,nan
2024-08-08T13:07:21,82.599571,-56.261162,nan
2024-08-08T13:07:21,82.599564,-56.261501,nan
2024-08-08T13:07:20,82.599556,-56.261845,nan
2024-08-08T13:07:20,82.599548,-56.262196,nan
2024-08-08T13:07:19,82.599541,-56.262547,nan
2024-08-08T13:07:19,82.599541,-56.262901,nan
2024-08-08T13:07:18,82.599533,-56.263260,nan
2024-08-08T13:07:18,82.599525,-56.263618,nan
2024-08-08T13:07:17,82.599518,-56.263981,nan
2024-08-08T13:07:17,82.599510,-56.264343,nan
2024-08-08T13:07:16,82.599503,-56.264709,nan
2024-08-08T13:07:16,82.599495,-56.265076,nan
2024-08-08T13:07:15,82.599487,-56.265446,nan
2024-08-08T13:07:15,82.599480,-56.265816,nan
2024-08-08T13:07:14,82.599472,-56.266190,nan
2024-08-08T13:07:14,82.599464,-56.266567,nan
2024-08-08T13:07:13,82.599457,-56.266949,nan
2024-08-08T13:07:13,82.599457,-56.267334,nan
2024-08-08T13:07:12,82.599449,-56.267723,nan
2024-08-08T13:07:12,82.599442,-56.268108,nan
2024-08-08T13:07:11,82.599434,-56.268494,nan
2024-08-08T13:07:11,82.599426,-56.268879,nan
2024-08-08T13:07:10,82.599419,-56.269257,nan
2024-08-08T13:07:10,82.599419,-56.269638,nan
2024-08-08T13:07:09,82.599411,-56.270016,nan
2024-08-08T13:07:09,82.599403,-56.270390,nan
2024-08-08T13:07:08,82.599396,-56.270763,nan
2024-08-08T13:07:08,82.599396,-56.271133,nan
2024-08-08T13:07:07,82.599388,-56.271507,nan
2024-08-08T13:07:07,82.599380,-56.271877,nan
2024-08-08T13:07:06,82.599373,-56.272251,nan
2024-08-08T13:07:06,82.599373,-56.272621,nan
2024-08-08T13:07:05,82.599365,-56.272991,nan
2024-08-08T13:07:05,82.599358,-56.273357,nan
2024-08-08T13:07:04,82.599358,-56.273720,nan
2024-08-08T13:07:04,82.599350,-56.274078,nan
2024-08-08T13:07:03,82.599350,-56.274441,nan
2024-08-08T13:07:03,82.599342,-56.274799,nan
2024-08-08T13:07:02,82.599342,-56.275158,nan
2024-08-08T13:07:02,82.599335,-56.275517,nan
2024-08-08T13:07:01,82.599335,-56.275879,nan
2024-08-08T13:07:01,82.599327,-56.276237,nan
2024-08-08T13:07:00,82.599327,-56.276600,nan
2024-08-08T13:07:00,82.599319,-56.276962,nan
2024-08-08T13:06:59,82.599312,-56.277328,nan
2024-08-08T13:06:59,82.599304,-56.277695,nan
2024-08-08T13:06:58,82.599297,-56.278065,nan
2024-08-08T13:06:58,82.599289,-56.278431,nan
2024-08-08T13:06:57,82.599281,-56.278801,nan
2024-08-08T13:06:57,82.599274,-56.279171,nan
2024-08-08T13:06:56,82.599266,-56.279541,nan
2024-08-08T13:06:56,82.599258,-56.279911,nan
2024-08-08T13:06:55,82.599258,-56.280285,nan
2024-08-08T13:06:55,82.599251,-56.280659,nan
2024-08-08T13:06:54,82.599243,-56.281033,nan
2024-08-08T13:06:54,82.599236,-56.281410,nan
2024-08-08T13:06:53,82.599228,-56.281788,nan
2024-08-08T13:06:53,82.599220,-56.282169,nan
2024-08-08T13:06:52,82.599213,-56.282551,nan
2024-08-08T13:06:52,82.599213,-56.282932,nan
2024-08-08T13:06:51,82.599205,-56.283318,nan
2024-08-08T13:06:51,82.599197,-56.283699,nan
2024-08-08T13:06:50,82.599190,-56.284084,nan
2024-08-08T13:06:50,82.599190,-56.284473,nan
2024-08-08T13:06:49,82.599182,-56.284859,nan
2024-08-08T13:06:49,82.599174,-56.285248,nan
2024-08-08T13:06:48,82.599174,-56.285637,nan
2024-08-08T13:06:48,82.599167,-56.286026,nan
2024-08-08T13:06:47,82.599159,-56.286411,nan
2024-08-08T13:06:47,82.599159,-56.286797,nan
2024-08-08T13:06:46,82.599152,-56.287182,nan
2024-08-08T13:06:46,82.599152,-56.287563,nan
2024-08-08T13:06:45,82.599152,-56.287949,nan
2024-08-08T13:06:45,82.599144,-56.288330,nan
2024-08-08T13:06:44,82.599144,-56.288715,nan
2024-08-08T13:06:44,82.599136,-56.289101,nan
2024-08-08T13:06:42,82.599129,-56.290264,nan
2024-08-08T13:06:42,82.599129,-56.290653,nan
2024-08-08T13:06:41,82.599129,-56.291046,nan
2024-08-08T13:06:41,82.599121,-56.291443,nan
2024-08-08T13:06:40,82.599121,-56.291836,nan
2024-08-08T13:06:40,82.599113,-56.292229,nan
2024-08-08T13:06:39,82.599113,-56.292622,nan
2024-08-08T13:06:39,82.599113,-56.293015,nan
2024-08-08T13:06:38,82.599106,-56.293407,nan
2024-08-08T13:06:38,82.599106,-56.293808,nan
2024-08-08T13:06:37,82.599106,-56.294209,nan
2024-08-08T13:06:37,82.599098,-56.294605,nan
2024-08-08T13:06:36,82.599098,-56.295013,nan
2024-08-08T13:06:36,82.599098,-56.295414,nan
2024-08-08T13:06:35,82.599098,-56.295818,nan
2024-08-08T13:06:35,82.599098,-56.296219,nan
2024-08-08T13:06:34,82.599091,-56.296619,nan
2024-08-08T13:06:34,82.599091,-56.297016,nan
2024-08-08T13:06:33,82.599083,-56.297413,nan
2024-08-08T13:06:33,82.599083,-56.297810,nan
2024-08-08T13:06:32,82.599075,-56.298206,nan
2024-08-08T13:06:32,82.599068,-56.298607,nan
2024-08-08T13:06:31,82.599068,-56.299007,nan
2024-08-08T13:06:31,82.599060,-56.299416,nan
2024-08-08T13:06:30,82.599052,-56.299824,nan
2024-08-08T13:06:30,82.599045,-56.300232,nan
2024-08-08T13:06:29,82.599037,-56.300640,nan
2024-08-08T13:06:29,82.599030,-56.301048,nan
2024-08-08T13:06:28,82.599014,-56.301456,nan
2024-08-08T13:06:28,82.599007,-56.301865,nan
2024-08-08T13:06:27,82.598999,-56.302269,nan
2024-08-08T13:06:27,82.598991,-56.302673,nan
2024-08-08T13:06:26,82.598984,-56.303078,nan
2024-08-08T13:06:26,82.598976,-56.303474,nan
2024-08-08T13:06:25,82.598969,-56.303879,nan
2024-08-08T13:06:25,82.598961,-56.304283,nan
2024-08-08T13:06:24,82.598946,-56.304684,nan
2024-08-08T13:06:24,82.598938,-56.305092,nan
2024-08-08T13:06:23,82.598930,-56.305492,nan
2024-08-08T13:06:23,82.598923,-56.305901,nan
2024-08-08T13:06:22,82.598907,-56.306301,nan
2024-08-08T13:06:22,82.598900,-56.306705,nan
2024-08-08T13:06:21,82.598892,-56.307110,nan
2024-08-08T13:06:21,82.598885,-56.307510,nan
2024-08-08T13:06:20,82.598869,-56.307915,nan
2024-08-08T13:06:20,82.598862,-56.308315,nan
2024-08-08T13:06:19,82.598846,-56.308716,nan
2024-08-08T13:06:19,82.598839,-56.309116,nan
2024-08-08T13:06:18,82.598824,-56.309517,nan
2024-08-08T13:06:18,82.598816,-56.309917,nan
2024-08-08T13:06:17,82.598801,-56.310322,nan
2024-08-08T13:06:17,82.598793,-56.310722,nan
2024-08-08T13:06:16,82.598778,-56.311127,nan
2024-08-08T13:06:16,82.598770,-56.311531,nan
2024-08-08T13:06:15,82.598763,-56.311932,nan
2024-08-08T13:06:15,82.598747,-56.312336,nan
2024-08-08T13:06:14,82.598740,-56.312737,nan
2024-08-08T13:06:14,82.598724,-56.313141,nan
2024-08-08T13:06:13,82.598717,-56.313538,nan
2024-08-08T13:06:13,82.598701,-56.313942,nan
2024-08-08T13:06:12,82.598694,-56.314346,nan
2024-08-08T13:06:12,82.598679,-56.314754,nan
2024-08-08T13:06:11,82.598671,-56.315163,nan
2024-08-08T13:06:11,82.598663,-56.315578,nan
2024-08-08T13:06:10,82.598648,-56.315998,nan
2024-08-08T13:06:10,82.598640,-56.316418,nan
2024-08-08T13:06:09,82.598625,-56.316841,nan
2024-08-08T13:06:09,82.598618,-56.317265,nan
2024-08-08T13:06:08,82.598602,-56.317684,nan
2024-08-08T13:06:08,82.598595,-56.318111,nan
2024-08-08T13:06:07,82.598579,-56.318542,nan
2024-08-08T13:06:07,82.598572,-56.318974,nan
2024-08-08T13:06:06,82.598557,-56.319405,nan
2024-08-08T13:06:06,82.598549,-56.319836,nan
2024-08-08T13:06:05,82.598534,-56.320267,nan
2024-08-08T13:06:05,82.598526,-56.320702,nan
2024-08-08T13:06:04,82.598511,-56.321136,nan
2024-08-08T13:06:04,82.598503,-56.321571,nan
2024-08-08T13:06:03,82.598488,-56.322010,nan
2024-08-08T13:06:03,82.598480,-56.322449,nan
2024-08-08T13:06:02,82.598473,-56.322884,nan
2024-08-08T13:06:02,82.598457,-56.323322,nan
2024-08-08T13:06:01,82.598450,-56.323761,nan
2024-08-08T13:06:01,82.598434,-56.324200,nan
2024-08-08T13:06:00,82.598427,-56.324638,nan
2024-08-08T13:06:00,82.598412,-56.325081,nan
2024-08-08T13:05:59,82.598404,-56.325516,nan
2024-08-08T13:05:59,82.598389,-56.325954,nan
2024-08-08T13:05:58,82.598381,-56.326389,nan
2024-08-08T13:05:58,82.598366,-56.326824,nan
2024-08-08T13:05:57,82.598358,-56.327263,nan
2024-08-08T13:05:57,82.598351,-56.327698,nan
2024-08-08T13:05:56,82.598335,-56.328133,nan
2024-08-08T13:05:56,82.598328,-56.328568,nan
2024-08-08T13:05:55,82.598312,-56.329006,nan
2024-08-08T13:05:55,82.598305,-56.329445,nan
2024-08-08T13:05:54,82.598289,-56.329884,nan
2024-08-08T13:05:54,82.598274,-56.330322,nan
2024-08-08T13:05:53,82.598267,-56.330769,nan
2024-08-08T13:05:53,82.598251,-56.331211,nan
2024-08-08T13:05:52,82.598244,-56.331657,nan
2024-08-08T13:05:52,82.598228,-56.332108,nan
2024-08-08T13:05:51,82.598221,-56.332558,nan
2024-08-08T13:05:51,82.598206,-56.333008,nan
2024-08-08T13:05:50,82.598198,-56.333462,nan
2024-08-08T13:05:50,82.598183,-56.333916,nan
2024-08-08T13:05:49,82.598175,-56.334366,nan
2024-08-08T13:05:49,82.598167,-56.334816,nan
2024-08-08T13:05:48,82.598152,-56.335266,nan
2024-08-08T13:05:48,82.598145,-56.335716,nan
2024-08-08T13:05:47,82.598129,-56.336170,nan
2024-08-08T13:05:47,82.598122,-56.336620,nan
2024-08-08T13:05:46,82.598114,-56.337074,nan
2024-08-08T13:05:46,82.598099,-56.337528,nan
2024-08-08T13:05:45,82.598091,-56.337982,nan
2024-08-08T13:05:45,82.598083,-56.338436,nan
2024-08-08T13:05:44,82.598068,-56.338894,nan
2024-08-08T13:05:44,82.598061,-56.339352,nan
2024-08-08T13:05:43,82.598045,-56.339806,nan
2024-08-08T13:05:43,82.598038,-56.340263,nan
2024-08-08T13:05:42,82.598030,-56.340721,nan
2024-08-08T13:05:42,82.598022,-56.341183,nan
2024-08-08T13:05:41,82.598007,-56.341640,nan
2024-08-08T13:05:41,82.598000,-56.342102,nan
2024-08-08T13:05:40,82.597992,-56.342564,nan
2024-08-08T13:05:40,82.597984,-56.343033,nan
2024-08-08T13:05:39,82.597977,-56.343498,nan
2024-08-08T13:05:39,82.597969,-56.343964,nan
2024-08-08T13:05:38,82.597961,-56.344433,nan
2024-08-08T13:05:38,82.597954,-56.344902,nan
2024-08-08T13:05:37,82.597946,-56.345371,nan
2024-08-08T13:05:37,82.597939,-56.345844,nan
2024-08-08T13:05:36,82.597931,-56.346317,nan
2024-08-08T13:05:36,82.597923,-56.346790,nan
2024-08-08T13:05:35,82.597916,-56.347263,nan
2024-08-08T13:05:35,82.597908,-56.347740,nan
2024-08-08T13:05:34,82.597900,-56.348213,nan
2024-08-08T13:05:34,82.597893,-56.348686,nan
2024-08-08T13:05:33,82.597885,-56.349155,nan
2024-08-08T13:05:33,82.597878,-56.349628,nan
2024-08-08T13:05:32,82.597870,-56.350101,nan
2024-08-08T13:05:32,82.597862,-56.350574,nan
2024-08-08T13:05:31,82.597855,-56.351051,nan
2024-08-08T13:05:31,82.597847,-56.351528,nan
2024-08-08T13:05:30,82.597839,-56.352009,nan
2024-08-08T13:05:30,82.597832,-56.352493,nan
2024-08-08T13:05:29,82.597832,-56.352982,nan
2024-08-08T13:05:29,82.597824,-56.353470,nan
2024-08-08T13:05:28,82.597816,-56.353958,nan
2024-08-08T13:05:28,82.597816,-56.354446,nan
2024-08-08T13:05:27,82.597809,-56.354939,nan
2024-08-08T13:05:27,82.597801,-56.355431,nan
2024-08-08T13:05:26,82.597801,-56.355923,nan
2024-08-08T13:05:26,82.597794,-56.356415,nan
2024-08-08T13:05:25,82.597786,-56.356911,nan
2024-08-08T13:05:25,82.597786,-56.357407,nan
2024-08-08T13:05:24,82.597778,-56.357906,nan
2024-08-08T13:05:24,82.597778,-56.358410,nan
2024-08-08T13:05:23,82.597771,-56.358913,nan
2024-08-08T13:05:23,82.597771,-56.359425,nan
2024-08-08T13:05:22,82.597763,-56.359940,nan
2024-08-08T13:05:22,82.597763,-56.360455,nan
2024-08-08T13:05:21,82.597755,-56.360970,nan
2024-08-08T13:05:21,82.597755,-56.361488,nan
2024-08-08T13:05:20,82.597748,-56.362007,nan
2024-08-08T13:05:20,82.597748,-56.362522,nan
2024-08-08T13:05:19,82.597740,-56.363033,nan
2024-08-08T13:05:19,82.597740,-56.363544,nan
2024-08-08T13:05:18,82.597733,-56.364059,nan
2024-08-08T13:05:18,82.597725,-56.364574,nan
2024-08-08T13:05:17,82.597725,-56.365086,nan
2024-08-08T13:05:17,82.597717,-56.365601,nan
2024-08-08T13:05:16,82.597717,-56.366112,nan
2024-08-08T13:05:16,82.597710,-56.366623,nan
2024-08-08T13:05:15,82.597710,-56.367134,nan
2024-08-08T13:05:15,82.597702,-56.367645,nan
2024-08-08T13:05:14,82.597702,-56.368160,nan
2024-08-08T13:05:14,82.597702,-56.368671,nan
2024-08-08T13:05:13,82.597694,-56.369186,nan
2024-08-08T13:05:13,82.597694,-56.369701,nan
2024-08-08T13:05:12,82.597694,-56.370213,nan
2024-08-08T13:05:12,82.597687,-56.370724,nan
2024-08-08T13:05:11,82.597687,-56.371239,nan
2024-08-08T13:05:11,82.597687,-56.371758,nan
2024-08-08T13:05:10,82.597679,-56.372276,nan
2024-08-08T13:05:10,82.597679,-56.372795,nan
2024-08-08T13:05:09,82.597679,-56.373318,nan
2024-08-08T13:05:09,82.597679,-56.373837,nan
2024-08-08T13:05:08,82.597672,-56.374359,nan
2024-08-08T13:05:08,82.597672,-56.374886,nan
2024-08-08T13:05:07,82.597672,-56.375408,nan
2024-08-08T13:05:07,82.597672,-56.375931,nan
2024-08-08T13:05:06,82.597672,-56.376457,nan
2024-08-08T13:05:06,82.597672,-56.376980,nan
2024-08-08T13:05:05,82.597672,-56.377506,nan
2024-08-08T13:05:05,82.597672,-56.378029,nan
2024-08-08T13:05:04,82.597672,-56.378551,nan
2024-08-08T13:05:04,82.597672,-56.379078,nan
2024-08-08T13:05:03,82.597672,-56.379601,nan
2024-08-08T13:05:03,82.597664,-56.380119,nan
2024-08-08T13:05:02,82.597664,-56.380638,nan
2024-08-08T13:05:02,82.597664,-56.381153,nan
2024-08-08T13:05:01,82.597656,-56.381672,nan
2024-08-08T13:05:01,82.597656,-56.382191,nan
2024-08-08T13:05:00,82.597656,-56.382706,nan
2024-08-08T13:05:00,82.597649,-56.383224,nan
2024-08-08T13:04:59,82.597649,-56.383739,nan
2024-08-08T13:04:59,82.597649,-56.384258,nan
2024-08-08T13:04:58,82.597649,-56.384773,nan
2024-08-08T13:04:58,82.597641,-56.385292,nan
2024-08-08T13:04:57,82.597641,-56.385811,nan
2024-08-08T13:04:57,82.597641,-56.386330,nan
2024-08-08T13:04:56,82.597641,-56.386848,nan
2024-08-08T13:04:56,82.597633,-56.387367,nan
2024-08-08T13:04:55,82.597633,-56.387886,nan
2024-08-08T13:04:55,82.597633,-56.388409,nan
2024-08-08T13:04:54,82.597633,-56.388931,nan
2024-08-08T13:04:54,82.597626,-56.389450,nan
2024-08-08T13:04:53,82.597626,-56.389973,nan
2024-08-08T13:04:53,82.597626,-56.390491,nan
2024-08-08T13:04:52,82.597626,-56.391010,nan
2024-08-08T13:04:52,82.597618,-56.391533,nan
2024-08-08T13:04:51,82.597618,-56.392056,nan
2024-08-08T13:04:51,82.597618,-56.392574,nan
2024-08-08T13:04:50,82.597610,-56.393101,nan
2024-08-08T13:04:50,82.597610,-56.393620,nan
2024-08-08T13:04:49,82.597603,-56.394142,nan
2024-08-08T13:04:49,82.597603,-56.394665,nan
2024-08-08T13:04:48,82.597595,-56.395187,nan
2024-08-08T13:04:48,82.597595,-56.395706,nan
2024-08-08T13:04:47,82.597588,-56.396229,nan
2024-08-08T13:04:47,82.597588,-56.396748,nan
2024-08-08T13:04:46,82.597580,-56.397266,nan
2024-08-08T13:04:46,82.597572,-56.397781,nan
2024-08-08T13:04:45,82.597565,-56.398300,nan
2024-08-08T13:04:45,82.597565,-56.398819,nan
2024-08-08T13:04:44,82.597557,-56.399334,nan
2024-08-08T13:04:44,82.597549,-56.399849,nan
2024-08-08T13:04:43,82.597542,-56.400360,nan
2024-08-08T13:04:43,82.597534,-56.400871,nan
2024-08-08T13:04:42,82.597527,-56.401379,nan
2024-08-08T13:04:42,82.597519,-56.401886,nan
2024-08-08T13:04:41,82.597511,-56.402390,nan
2024-08-08T13:04:41,82.597504,-56.402889,nan
2024-08-08T13:04:40,82.597496,-56.403397,nan
2024-08-08T13:04:40,82.597488,-56.403896,nan
2024-08-08T13:04:39,82.597481,-56.404400,nan
2024-08-08T13:04:39,82.597473,-56.404903,nan
2024-08-08T13:04:38,82.597458,-56.405403,nan
2024-08-08T13:04:38,82.597450,-56.405903,nan
2024-08-08T13:04:37,82.597443,-56.406403,nan
2024-08-08T13:04:37,82.597435,-56.406902,nan
2024-08-08T13:04:36,82.597427,-56.407406,nan
2024-08-08T13:04:36,82.597412,-56.407909,nan
2024-08-08T13:04:35,82.597404,-56.408417,nan
2024-08-08T13:04:35,82.597397,-56.408920,nan
2024-08-08T13:04:34,82.597382,-56.409431,nan
2024-08-08T13:04:34,82.597374,-56.409939,nan
2024-08-08T13:04:33,82.597366,-56.410446,nan
2024-08-08T13:04:33,82.597351,-56.410954,nan
2024-08-08T13:04:32,82.597343,-56.411461,nan
2024-08-08T13:04:32,82.597336,-56.411964,nan
2024-08-08T13:04:31,82.597328,-56.412472,nan
2024-08-08T13:04:31,82.597313,-56.412979,nan
2024-08-08T13:04:30,82.597305,-56.413486,nan
2024-08-08T13:04:30,82.597298,-56.413994,nan
2024-08-08T13:04:29,82.597290,-56.414501,nan
2024-08-08T13:04:29,82.597282,-56.415012,nan
2024-08-08T13:04:28,82.597282,-56.415520,nan
2024-08-08T13:04:28,82.597275,-56.416031,nan
2024-08-08T13:04:27,82.597267,-56.416542,nan
2024-08-08T13:04:27,82.597260,-56.417053,nan
2024-08-08T13:04:26,82.597252,-56.417561,nan
2024-08-08T13:04:26,82.597252,-56.418072,nan
2024-08-08T13:04:25,82.597244,-56.418587,nan
2024-08-08T13:04:25,82.597244,-56.419098,nan
2024-08-08T13:04:24,82.597237,-56.419613,nan
2024-08-08T13:04:24,82.597237,-56.420128,nan
2024-08-08T13:04:23,82.597229,-56.420635,nan
2024-08-08T13:04:23,82.597229,-56.421146,nan
2024-08-08T13:04:22,82.597221,-56.421658,nan
2024-08-08T13:04:22,82.597214,-56.422165,nan
2024-08-08T13:04:21,82.597214,-56.422672,nan
2024-08-08T13:04:21,82.597206,-56.423176,nan
2024-08-08T13:04:20,82.597198,-56.423676,nan
2024-08-08T13:04:20,82.597198,-56.424179,nan
2024-08-08T13:04:19,82.597191,-56.424679,nan
2024-08-08T13:04:19,82.597191,-56.425175,nan
2024-08-08T13:04:18,82.597183,-56.425674,nan
2024-08-08T13:04:18,82.597176,-56.426167,nan
2024-08-08T13:04:17,82.597176,-56.426662,nan
2024-08-08T13:04:17,82.597168,-56.427158,nan
2024-08-08T13:04:16,82.597168,-56.427654,nan
2024-08-08T13:04:16,82.597160,-56.428146,nan
2024-08-08T13:04:15,82.597153,-56.428642,nan
2024-08-08T13:04:15,82.597153,-56.429138,nan
2024-08-08T13:04:14,82.597145,-56.429634,nan
2024-08-08T13:04:14,82.597137,-56.430134,nan
2024-08-08T13:04:13,82.597137,-56.430630,nan
2024-08-08T13:04:13,82.597137,-56.431133,nan
2024-08-08T13:04:12,82.597130,-56.431637,nan
2024-08-08T13:04:12,82.597130,-56.432144,nan
2024-08-08T13:04:11,82.597130,-56.432652,nan
2024-08-08T13:04:11,82.597130,-56.433159,nan
2024-08-08T13:04:10,82.597130,-56.433666,nan
2024-08-08T13:04:10,82.597130,-56.434170,nan
2024-08-08T13:04:09,82.597130,-56.434673,nan
2024-08-08T13:04:09,82.597130,-56.435173,nan
2024-08-08T13:04:08,82.597130,-56.435673,nan
2024-08-08T13:04:08,82.597137,-56.436169,nan
2024-08-08T13:04:07,82.597137,-56.436661,nan
2024-08-08T13:04:07,82.597137,-56.437149,nan
2024-08-08T13:04:06,82.597137,-56.437637,nan
2024-08-08T13:04:06,82.597137,-56.438122,nan
2024-08-08T13:04:05,82.597145,-56.438602,nan
2024-08-08T13:04:05,82.597145,-56.439079,nan
2024-08-08T13:04:04,82.597145,-56.439556,nan
2024-08-08T13:04:04,82.597153,-56.440029,nan
2024-08-08T13:04:03,82.597153,-56.440498,nan
2024-08-08T13:04:03,82.597153,-56.440968,nan
2024-08-08T13:04:02,82.597153,-56.441437,nan
2024-08-08T13:04:02,82.597153,-56.441910,nan
2024-08-08T13:04:01,82.597160,-56.442375,nan
2024-08-08T13:04:01,82.597160,-56.442844,nan
2024-08-08T13:04:00,82.597160,-56.443310,nan
2024-08-08T13:04:00,82.597160,-56.443768,nan
2024-08-08T13:03:59,82.597160,-56.444225,nan
2024-08-08T13:03:59,82.597160,-56.444679,nan
2024-08-08T13:03:58,82.597160,-56.445133,nan
2024-08-08T13:03:58,82.597160,-56.445583,nan
2024-08-08T13:03:57,82.597160,-56.446030,nan
2024-08-08T13:03:57,82.597160,-56.446476,nan
2024-08-08T13:03:56,82.597153,-56.446918,nan
2024-08-08T13:03:56,82.597153,-56.447365,nan
2024-08-08T13:03:55,82.597153,-56.447811,nan
2024-08-08T13:03:55,82.597145,-56.448257,nan
2024-08-08T13:03:54,82.597145,-56.448708,nan
2024-08-08T13:03:54,82.597137,-56.449162,nan
2024-08-08T13:03:53,82.597137,-56.449623,nan
2024-08-08T13:03:53,82.597137,-56.450085,nan
2024-08-08T13:03:52,82.597137,-56.450550,nan
2024-08-08T13:03:52,82.597137,-56.451019,nan
2024-08-08T13:03:51,82.597137,-56.451496,nan
2024-08-08T13:03:51,82.597137,-56.451977,nan
2024-08-08T13:03:50,82.597137,-56.452454,nan
2024-08-08T13:03:50,82.597137,-56.452934,nan
2024-08-08T13:03:49,82.597137,-56.453419,nan
2024-08-08T13:03:49,82.597145,-56.453896,nan
2024-08-08T13:03:48,82.597145,-56.454372,nan
2024-08-08T13:03:48,82.597145,-56.454849,nan
2024-08-08T13:03:47,82.597145,-56.455322,nan
2024-08-08T13:03:47,82.597153,-56.455803,nan
2024-08-08T13:03:46,82.597153,-56.456276,nan
2024-08-08T13:03:46,82.597160,-56.456745,nan
2024-08-08T13:03:45,82.597160,-56.457214,nan
2024-08-08T13:03:45,82.597168,-56.457672,nan
2024-08-08T13:03:44,82.597176,-56.458122,nan
2024-08-08T13:03:44,82.597176,-56.458565,nan
2024-08-08T13:03:43,82.597183,-56.459003,nan
2024-08-08T13:03:43,82.597191,-56.459438,nan
2024-08-08T13:03:42,82.597191,-56.459866,nan
2024-08-08T13:03:42,82.597198,-56.460285,nan
2024-08-08T13:03:41,82.597198,-56.460697,nan
2024-08-08T13:03:41,82.597198,-56.461105,nan
2024-08-08T13:03:40,82.597206,-56.461502,nan
2024-08-08T13:03:40,82.597206,-56.461887,nan
2024-08-08T13:03:39,82.597206,-56.462265,nan
2024-08-08T13:03:39,82.597214,-56.462639,nan
2024-08-08T13:03:38,82.597214,-56.463009,nan
2024-08-08T13:03:38,82.597214,-56.463371,nan
2024-08-08T13:03:37,82.597206,-56.463730,nan
2024-08-08T13:03:37,82.597206,-56.464088,nan
2024-08-08T13:03:36,82.597198,-56.464439,nan
2024-08-08T13:03:36,82.597198,-56.464794,nan
2024-08-08T13:03:35,82.597191,-56.465149,nan
2024-08-08T13:03:35,82.597183,-56.465508,nan
2024-08-08T13:03:34,82.597176,-56.465870,nan
2024-08-08T13:03:34,82.597160,-56.466228,nan
2024-08-08T13:03:33,82.597153,-56.466595,nan
2024-08-08T13:03:33,82.597145,-56.466965,nan
2024-08-08T13:03:32,82.597137,-56.467342,nan
2024-08-08T13:03:32,82.597130,-56.467731,nan
2024-08-08T13:03:31,82.597130,-56.468128,nan
2024-08-08T13:03:31,82.597122,-56.468533,nan
2024-08-08T13:03:30,82.597122,-56.468941,nan
2024-08-08T13:03:30,82.597122,-56.469353,nan
2024-08-08T13:03:29,82.597122,-56.469757,nan
2024-08-08T13:03:29,82.597122,-56.470158,nan
2024-08-08T13:03:28,82.597122,-56.470547,nan
2024-08-08T13:03:28,82.597122,-56.470924,nan
2024-08-08T13:03:27,82.597122,-56.471298,nan
2024-08-08T13:03:27,82.597115,-56.471664,nan
2024-08-08T13:03:26,82.597115,-56.472019,nan
2024-08-08T13:03:26,82.597107,-56.472374,nan
2024-08-08T13:03:25,82.597099,-56.472729,nan
2024-08-08T13:03:25,82.597092,-56.473076,nan
2024-08-08T13:03:24,82.597084,-56.473427,nan
2024-08-08T13:03:24,82.597076,-56.473774,nan
2024-08-08T13:03:23,82.597069,-56.474125,nan
2024-08-08T13:03:23,82.597061,-56.474476,nan
2024-08-08T13:03:22,82.597054,-56.474834,nan
2024-08-08T13:03:22,82.597046,-56.475201,nan
2024-08-08T13:03:21,82.597038,-56.475563,nan
2024-08-08T13:03:21,82.597031,-56.475925,nan
2024-08-08T13:03:20,82.597031,-56.476280,nan
2024-08-08T13:03:20,82.597023,-56.476631,nan
2024-08-08T13:03:19,82.597023,-56.476974,nan
2024-08-08T13:03:19,82.597015,-56.477310,nan
2024-08-08T13:03:18,82.597008,-56.477646,nan
2024-08-08T13:03:18,82.597008,-56.477982,nan
2024-08-08T13:03:17,82.597000,-56.478310,nan
2024-08-08T13:03:17,82.596992,-56.478634,nan
2024-08-08T13:03:16,82.596992,-56.478958,nan
2024-08-08T13:03:16,82.596985,-56.479275,nan
2024-08-08T13:03:15,82.596977,-56.479591,nan
2024-08-08T13:03:15,82.596970,-56.479900,nan
2024-08-08T13:03:14,82.596962,-56.480209,nan
2024-08-08T13:03:14,82.596954,-56.480518,nan
2024-08-08T13:03:13,82.596947,-56.480831,nan
2024-08-08T13:03:13,82.596947,-56.481136,nan
2024-08-08T13:03:12,82.596939,-56.481438,nan
2024-08-08T13:03:12,82.596931,-56.481739,nan
2024-08-08T13:03:11,82.596931,-56.482037,nan
2024-08-08T13:03:11,82.596924,-56.482330,nan
2024-08-08T13:03:10,82.596924,-56.482620,nan
2024-08-08T13:03:10,82.596924,-56.482914,nan
2024-08-08T13:03:09,82.596916,-56.483200,nan
2024-08-08T13:03:09,82.596916,-56.483486,nan
2024-08-08T13:03:08,82.596909,-56.483768,nan
2024-08-08T13:03:08,82.596909,-56.484039,nan
2024-08-08T13:03:07,82.596901,-56.484306,nan
2024-08-08T13:03:07,82.596901,-56.484566,nan
2024-08-08T13:03:06,82.596893,-56.484818,nan
2024-08-08T13:03:06,82.596886,-56.485069,nan
2024-08-08T13:03:05,82.596878,-56.485321,nan
2024-08-08T13:03:05,82.596870,-56.485577,nan
2024-08-08T13:03:04,82.596870,-56.485832,nan
2024-08-08T13:03:04,82.596863,-56.486092,nan
2024-08-08T13:03:03,82.596855,-56.486351,nan
2024-08-08T13:03:03,82.596848,-56.486610,nan
2024-08-08T13:03:02,82.596848,-56.486866,nan
2024-08-08T13:03:02,82.596840,-56.487122,nan
2024-08-08T13:03:01,82.596832,-56.487373,nan
2024-08-08T13:03:01,82.596825,-56.487621,nan
2024-08-08T13:03:00,82.596817,-56.487865,nan
2024-08-08T13:03:00,82.596809,-56.488110,nan
2024-08-08T13:02:59,82.596802,-56.488350,nan
2024-08-08T13:02:59,82.596786,-56.488586,nan
2024-08-08T13:02:58,82.596779,-56.488831,nan
2024-08-08T13:02:58,82.596771,-56.489071,nan
2024-08-08T13:02:57,82.596756,-56.489311,nan
2024-08-08T13:02:57,82.596748,-56.489563,nan
2024-08-08T13:02:56,82.596741,-56.489815,nan
2024-08-08T13:02:56,82.596725,-56.490070,nan
2024-08-08T13:02:55,82.596718,-56.490334,nan
2024-08-08T13:02:55,82.596710,-56.490597,nan
2024-08-08T13:02:54,82.596703,-56.490864,nan
2024-08-08T13:02:54,82.596695,-56.491127,nan
2024-08-08T13:02:53,82.596687,-56.491398,nan
2024-08-08T13:02:53,82.596680,-56.491669,nan
2024-08-08T13:02:52,82.596672,-56.491936,nan
2024-08-08T13:02:52,82.596672,-56.492203,nan
2024-08-08T13:02:51,82.596664,-56.492474,nan
2024-08-08T13:02:51,82.596664,-56.492741,nan
2024-08-08T13:02:50,82.596664,-56.493004,nan
2024-08-08T13:02:50,82.596657,-56.493259,nan
2024-08-08T13:02:49,82.596657,-56.493511,nan
2024-08-08T13:02:49,82.596657,-56.493755,nan
2024-08-08T13:02:48,82.596657,-56.493996,nan
2024-08-08T13:02:48,82.596657,-56.494232,nan
2024-08-08T13:02:47,82.596657,-56.494465,nan
2024-08-08T13:02:47,82.596657,-56.494701,nan
2024-08-08T13:02:46,82.596657,-56.494942,nan
2024-08-08T13:02:46,82.596657,-56.495193,nan
2024-08-08T13:02:45,82.596657,-56.495445,nan
2024-08-08T13:02:45,82.596657,-56.495701,nan
2024-08-08T13:02:44,82.596657,-56.495960,nan
2024-08-08T13:02:44,82.596657,-56.496220,nan
2024-08-08T13:02:43,82.596657,-56.496483,nan
2024-08-08T13:02:43,82.596657,-56.496746,nan
2024-08-08T13:02:42,82.596657,-56.497005,nan
2024-08-08T13:02:42,82.596657,-56.497265,nan
2024-08-08T13:02:41,82.596657,-56.497520,nan
2024-08-08T13:02:41,82.596657,-56.497768,nan
2024-08-08T13:02:40,82.596664,-56.498005,nan
2024-08-08T13:02:40,82.596664,-56.498234,nan
2024-08-08T13:02:39,82.596664,-56.498451,nan
2024-08-08T13:02:39,82.596672,-56.498669,nan
2024-08-08T13:02:38,82.596672,-56.498871,nan
2024-08-08T13:02:38,82.596672,-56.499073,nan
2024-08-08T13:02:37,82.596672,-56.499268,nan
2024-08-08T13:02:37,82.596672,-56.499462,nan
2024-08-08T13:02:36,82.596672,-56.499649,nan
2024-08-08T13:02:36,82.596672,-56.499828,nan
2024-08-08T13:02:35,82.596664,-56.500008,nan
2024-08-08T13:02:35,82.596664,-56.500179,nan
2024-08-08T13:02:34,82.596657,-56.500355,nan
2024-08-08T13:02:34,82.596649,-56.500530,nan
2024-08-08T13:02:33,82.596642,-56.500710,nan
2024-08-08T13:02:33,82.596634,-56.500885,nan
2024-08-08T13:02:32,82.596626,-56.501060,nan
2024-08-08T13:02:32,82.596619,-56.501240,nan
2024-08-08T13:02:31,82.596603,-56.501423,nan
2024-08-08T13:02:31,82.596596,-56.501606,nan
2024-08-08T13:02:30,82.596581,-56.501793,nan
2024-08-08T13:02:30,82.596573,-56.501984,nan
2024-08-08T13:02:29,82.596558,-56.502182,nan
2024-08-08T13:02:29,82.596542,-56.502380,nan
2024-08-08T13:02:28,82.596527,-56.502590,nan
2024-08-08T13:02:28,82.596512,-56.502800,nan
2024-08-08T13:02:27,82.596489,-56.503014,nan
2024-08-08T13:02:27,82.596474,-56.503235,nan
2024-08-08T13:02:26,82.596451,-56.503460,nan
2024-08-08T13:02:26,82.596436,-56.503689,nan
2024-08-08T13:02:25,82.596413,-56.503922,nan
2024-08-08T13:02:25,82.596397,-56.504154,nan
2024-08-08T13:02:24,82.596375,-56.504395,nan
2024-08-08T13:02:24,82.596359,-56.504642,nan
2024-08-08T13:02:23,82.596344,-56.504890,nan
2024-08-08T13:02:23,82.596329,-56.505138,nan
2024-08-08T13:02:22,82.596313,-56.505386,nan
2024-08-08T13:02:22,82.596298,-56.505634,nan
2024-08-08T13:02:21,82.596291,-56.505882,nan
2024-08-08T13:02:21,82.596283,-56.506130,nan
2024-08-08T13:02:20,82.596275,-56.506382,nan
2024-08-08T13:02:20,82.596268,-56.506630,nan
2024-08-08T13:02:19,82.596260,-56.506878,nan
2024-08-08T13:02:19,82.596260,-56.507126,nan
2024-08-08T13:02:18,82.596252,-56.507374,nan
2024-08-08T13:02:18,82.596252,-56.507610,nan
2024-08-08T13:02:17,82.596252,-56.507854,nan
2024-08-08T13:02:17,82.596245,-56.508095,nan
2024-08-08T13:02:16,82.596245,-56.508343,nan
2024-08-08T13:02:16,82.596245,-56.508587,nan
2024-08-08T13:02:15,82.596245,-56.508827,nan
2024-08-08T13:02:15,82.596245,-56.509068,nan
2024-08-08T13:02:14,82.596245,-56.509308,nan
2024-08-08T13:02:14,82.596245,-56.509541,nan
2024-08-08T13:02:13,82.596245,-56.509769,nan
2024-08-08T13:02:13,82.596237,-56.509987,nan
2024-08-08T13:02:12,82.596237,-56.510201,nan
2024-08-08T13:02:12,82.596237,-56.510410,nan
2024-08-08T13:02:11,82.596237,-56.510620,nan
2024-08-08T13:02:11,82.596230,-56.510826,nan
2024-08-08T13:02:10,82.596230,-56.511032,nan
2024-08-08T13:02:10,82.596230,-56.511238,nan
2024-08-08T13:02:09,82.596230,-56.511448,nan
2024-08-08T13:02:09,82.596230,-56.511654,nan
2024-08-08T13:02:08,82.596230,-56.511864,nan
2024-08-08T13:02:08,82.596237,-56.512074,nan
2024-08-08T13:02:07,82.596237,-56.512283,nan
2024-08-08T13:02:07,82.596237,-56.512493,nan
2024-08-08T13:02:06,82.596237,-56.512707,nan
2024-08-08T13:02:06,82.596230,-56.512917,nan
2024-08-08T13:02:05,82.596230,-56.513130,nan
2024-08-08T13:02:05,82.596230,-56.513355,nan
2024-08-08T13:02:04,82.596230,-56.513584,nan
2024-08-08T13:02:04,82.596230,-56.513821,nan
2024-08-08T13:02:03,82.596222,-56.514057,nan
2024-08-08T13:02:03,82.596222,-56.514297,nan
2024-08-08T13:02:02,82.596214,-56.514542,nan
2024-08-08T13:02:02,82.596214,-56.514801,nan
2024-08-08T13:02:01,82.596207,-56.515064,nan
2024-08-08T13:02:01,82.596207,-56.515324,nan
2024-08-08T13:02:00,82.596207,-56.515579,nan
2024-08-08T13:02:00,82.596199,-56.515854,nan
2024-08-08T13:01:59,82.596199,-56.516140,nan
2024-08-08T13:01:59,82.596207,-56.516415,nan
2024-08-08T13:01:58,82.596207,-56.516705,nan
2024-08-08T13:01:58,82.596214,-56.516983,nan
2024-08-08T13:01:57,82.596230,-56.517296,nan
2024-08-08T13:01:57,82.596245,-56.517582,nan
2024-08-08T13:01:56,82.596260,-56.517921,nan
2024-08-08T13:01:56,82.596283,-56.518211,nan
2024-08-08T13:01:55,82.596321,-56.518574,nan
2024-08-08T13:01:55,82.596382,-56.518940,nan
2024-08-08T13:01:54,82.596443,-56.519436,nan
2024-08-08T13:01:54,82.596596,-56.519947,nan
2024-08-08T13:01:53,82.596809,-56.520790,nan
2024-08-08T13:01:53,82.596977,-56.521229,nan
2024-08-08T13:01:52,82.597092,-56.521782,nan
2024-08-08T13:01:52,82.597046,-56.522041,nan
2024-08-08T13:01:51,82.596954,-56.522285,nan
2024-08-08T13:01:50,82.596649,-56.522434,nan
2024-08-08T13:01:50,82.596359,-56.522217,nan
2024-08-08T13:01:49,82.595894,-56.521683,nan
2024-08-08T13:01:49,82.595222,-56.520760,nan
2024-08-08T13:01:48,82.594452,-56.519829,nan
2024-08-08T13:01:48,82.593643,-56.518829,nan
