datetime,lat,lon,elev
2024-06-03T14:27:33,83.637733,-43.053326,nan
2024-06-03T14:27:32,83.637703,-43.053974,nan
2024-06-03T14:27:31,83.637688,-43.054295,nan
2024-06-03T14:27:31,83.637680,-43.054615,nan
2024-06-03T14:27:30,83.637665,-43.054939,nan
2024-06-03T14:27:30,83.637650,-43.055271,nan
2024-06-03T14:27:29,83.637642,-43.055614,nan
2024-06-03T14:27:28,83.637596,-43.056702,nan
2024-06-03T14:27:27,83.637573,-43.057083,nan
2024-06-03T14:27:27,83.637558,-43.057465,nan
2024-06-03T14:27:26,83.637543,-43.057850,nan
2024-06-03T14:27:26,83.637527,-43.058228,nan
2024-06-03T14:27:25,83.637505,-43.058613,nan
2024-06-03T14:27:24,83.637451,-43.059788,nan
2024-06-03T14:27:23,83.637413,-43.060581,nan
2024-06-03T14:27:22,83.637390,-43.060982,nan
2024-06-03T14:27:22,83.637375,-43.061375,nan
2024-06-03T14:27:21,83.637352,-43.061768,nan
2024-06-03T14:27:21,83.637329,-43.062160,nan
2024-06-03T14:27:20,83.637314,-43.062550,nan
2024-06-03T14:27:20,83.637291,-43.062946,nan
2024-06-03T14:27:19,83.637268,-43.063347,nan
2024-06-03T14:27:19,83.637253,-43.063751,nan
2024-06-03T14:27:18,83.637230,-43.064159,nan
2024-06-03T14:27:18,83.637207,-43.064571,nan
2024-06-03T14:27:17,83.637184,-43.064983,nan
2024-06-03T14:27:17,83.637169,-43.065399,nan
2024-06-03T14:27:16,83.637146,-43.065823,nan
2024-06-03T14:27:16,83.637131,-43.066250,nan
2024-06-03T14:27:15,83.637108,-43.066677,nan
2024-06-03T14:27:15,83.637093,-43.067108,nan
2024-06-03T14:27:13,83.637032,-43.068409,nan
2024-06-03T14:27:13,83.637016,-43.068844,nan
2024-06-03T14:27:12,83.636978,-43.069733,nan
2024-06-03T14:27:11,83.636963,-43.070187,nan
2024-06-03T14:27:11,83.636948,-43.070652,nan
2024-06-03T14:27:06,83.636795,-43.075047,nan
2024-06-03T14:27:06,83.636780,-43.075542,nan
2024-06-03T14:27:05,83.636765,-43.076035,nan
2024-06-03T14:27:04,83.636749,-43.077007,nan
2024-06-03T14:27:04,83.636749,-43.077488,nan
2024-06-03T14:27:03,83.636742,-43.077969,nan
2024-06-03T14:27:03,83.636742,-43.078445,nan
2024-06-03T14:27:02,83.636734,-43.078918,nan
2024-06-03T14:27:02,83.636734,-43.079388,nan
2024-06-03T14:27:01,83.636734,-43.079853,nan
2024-06-03T14:27:01,83.636726,-43.080311,nan
2024-06-03T14:27:00,83.636726,-43.080769,nan
2024-06-03T14:27:00,83.636726,-43.081215,nan
2024-06-03T14:26:59,83.636719,-43.081661,nan
2024-06-03T14:26:59,83.636719,-43.082096,nan
2024-06-03T14:26:58,83.636719,-43.082527,nan
2024-06-03T14:26:57,83.636711,-43.083366,nan
2024-06-03T14:26:57,83.636711,-43.083775,nan
2024-06-03T14:26:56,83.636711,-43.084179,nan
2024-06-03T14:26:56,83.636711,-43.084579,nan
2024-06-03T14:26:55,83.636711,-43.085388,nan
2024-06-03T14:26:54,83.636719,-43.085796,nan
2024-06-03T14:26:54,83.636711,-43.086205,nan
2024-06-03T14:26:53,83.636711,-43.086617,nan
2024-06-03T14:26:53,83.636711,-43.087029,nan
2024-06-03T14:26:52,83.636703,-43.087440,nan
2024-06-03T14:26:52,83.636703,-43.087856,nan
2024-06-03T14:26:51,83.636703,-43.088276,nan
2024-06-03T14:26:51,83.636696,-43.088699,nan
2024-06-03T14:26:50,83.636688,-43.089127,nan
2024-06-03T14:26:50,83.636688,-43.089558,nan
2024-06-03T14:26:48,83.636673,-43.090839,nan
2024-06-03T14:26:48,83.636673,-43.091255,nan
2024-06-03T14:26:47,83.636658,-43.092083,nan
2024-06-03T14:26:46,83.636658,-43.092491,nan
2024-06-03T14:26:46,83.636650,-43.092903,nan
2024-06-03T14:26:45,83.636650,-43.093315,nan
2024-06-03T14:26:45,83.636642,-43.093723,nan
2024-06-03T14:26:44,83.636642,-43.094128,nan
2024-06-03T14:26:43,83.636635,-43.095333,nan
2024-06-03T14:26:42,83.636627,-43.095730,nan
2024-06-03T14:26:42,83.636627,-43.096127,nan
2024-06-03T14:26:41,83.636627,-43.096519,nan
2024-06-03T14:26:41,83.636620,-43.096912,nan
2024-06-03T14:26:40,83.636620,-43.097309,nan
2024-06-03T14:26:40,83.636620,-43.097702,nan
2024-06-03T14:26:39,83.636620,-43.098099,nan
2024-06-03T14:26:39,83.636612,-43.098499,nan
2024-06-03T14:26:38,83.636612,-43.098900,nan
2024-06-03T14:26:38,83.636612,-43.099297,nan
2024-06-03T14:26:37,83.636604,-43.099689,nan
2024-06-03T14:26:37,83.636604,-43.100079,nan
2024-06-03T14:26:36,83.636604,-43.100468,nan
2024-06-03T14:26:36,83.636597,-43.100853,nan
2024-06-03T14:26:35,83.636597,-43.101238,nan
2024-06-03T14:26:35,83.636589,-43.101624,nan
2024-06-03T14:26:34,83.636589,-43.102009,nan
2024-06-03T14:26:34,83.636589,-43.102394,nan
2024-06-03T14:26:33,83.636581,-43.102776,nan
2024-06-03T14:26:33,83.636581,-43.103153,nan
2024-06-03T14:26:32,83.636581,-43.103535,nan
2024-06-03T14:26:32,83.636581,-43.103909,nan
2024-06-03T14:26:31,83.636574,-43.104279,nan
2024-06-03T14:26:31,83.636574,-43.104649,nan
2024-06-03T14:26:30,83.636574,-43.105019,nan
2024-06-03T14:26:30,83.636574,-43.105389,nan
2024-06-03T14:26:29,83.636574,-43.105762,nan
2024-06-03T14:26:29,83.636566,-43.106136,nan
2024-06-03T14:26:28,83.636566,-43.106510,nan
2024-06-03T14:26:28,83.636566,-43.106880,nan
2024-06-03T14:26:27,83.636566,-43.107254,nan
2024-06-03T14:26:27,83.636566,-43.107628,nan
2024-06-03T14:26:26,83.636559,-43.107998,nan
2024-06-03T14:26:26,83.636559,-43.108372,nan
2024-06-03T14:26:25,83.636559,-43.108746,nan
2024-06-03T14:26:25,83.636559,-43.109119,nan
2024-06-03T14:26:24,83.636559,-43.109867,nan
2024-06-03T14:26:23,83.636551,-43.110237,nan
2024-06-03T14:26:23,83.636551,-43.110607,nan
2024-06-03T14:26:21,83.636551,-43.111713,nan
2024-06-03T14:26:21,83.636551,-43.112083,nan
2024-06-03T14:26:20,83.636551,-43.112453,nan
2024-06-03T14:26:20,83.636551,-43.112823,nan
2024-06-03T14:26:19,83.636543,-43.113197,nan
2024-06-03T14:26:19,83.636543,-43.113571,nan
2024-06-03T14:26:18,83.636543,-43.113949,nan
2024-06-03T14:26:18,83.636543,-43.114326,nan
2024-06-03T14:26:17,83.636543,-43.114700,nan
2024-06-03T14:26:17,83.636543,-43.115078,nan
2024-06-03T14:26:16,83.636543,-43.115452,nan
2024-06-03T14:26:16,83.636543,-43.115826,nan
2024-06-03T14:26:15,83.636543,-43.116196,nan
2024-06-03T14:26:15,83.636543,-43.116570,nan
2024-06-03T14:26:14,83.636543,-43.116936,nan
2024-06-03T14:26:14,83.636543,-43.117306,nan
2024-06-03T14:26:13,83.636543,-43.117676,nan
2024-06-03T14:26:13,83.636543,-43.118042,nan
2024-06-03T14:26:12,83.636543,-43.118416,nan
2024-06-03T14:26:12,83.636543,-43.118786,nan
2024-06-03T14:26:11,83.636543,-43.119530,nan
2024-06-03T14:26:10,83.636543,-43.119904,nan
2024-06-03T14:26:10,83.636543,-43.120274,nan
2024-06-03T14:26:09,83.636551,-43.120644,nan
2024-06-03T14:26:09,83.636551,-43.121017,nan
2024-06-03T14:26:08,83.636551,-43.121391,nan
2024-06-03T14:26:08,83.636551,-43.121765,nan
2024-06-03T14:26:07,83.636559,-43.122135,nan
2024-06-03T14:26:07,83.636559,-43.122505,nan
2024-06-03T14:26:06,83.636559,-43.122871,nan
2024-06-03T14:26:06,83.636559,-43.123238,nan
2024-06-03T14:26:05,83.636559,-43.123600,nan
2024-06-03T14:26:05,83.636566,-43.123962,nan
2024-06-03T14:26:04,83.636566,-43.124329,nan
2024-06-03T14:26:04,83.636566,-43.124691,nan
2024-06-03T14:26:03,83.636574,-43.125050,nan
2024-06-03T14:26:03,83.636574,-43.125408,nan
2024-06-03T14:26:02,83.636574,-43.125767,nan
2024-06-03T14:26:02,83.636574,-43.126122,nan
2024-06-03T14:26:01,83.636574,-43.126476,nan
2024-06-03T14:26:01,83.636581,-43.126823,nan
2024-06-03T14:26:00,83.636581,-43.127171,nan
2024-06-03T14:26:00,83.636581,-43.127518,nan
2024-06-03T14:25:59,83.636589,-43.127865,nan
2024-06-03T14:25:59,83.636589,-43.128212,nan
2024-06-03T14:25:58,83.636597,-43.128555,nan
2024-06-03T14:25:58,83.636597,-43.128895,nan
2024-06-03T14:25:57,83.636597,-43.129230,nan
2024-06-03T14:25:57,83.636604,-43.129566,nan
2024-06-03T14:25:56,83.636604,-43.129898,nan
2024-06-03T14:25:56,83.636612,-43.130230,nan
2024-06-03T14:25:55,83.636612,-43.130558,nan
2024-06-03T14:25:55,83.636620,-43.130890,nan
2024-06-03T14:25:54,83.636620,-43.131222,nan
2024-06-03T14:25:54,83.636627,-43.131550,nan
2024-06-03T14:25:53,83.636635,-43.131882,nan
2024-06-03T14:25:53,83.636635,-43.132206,nan
2024-06-03T14:25:52,83.636642,-43.132530,nan
2024-06-03T14:25:52,83.636650,-43.132858,nan
2024-06-03T14:25:51,83.636650,-43.133186,nan
2024-06-03T14:25:51,83.636658,-43.133511,nan
2024-06-03T14:25:50,83.636665,-43.133835,nan
2024-06-03T14:25:50,83.636665,-43.134155,nan
2024-06-03T14:25:49,83.636673,-43.134480,nan
2024-06-03T14:25:49,83.636681,-43.134800,nan
2024-06-03T14:25:48,83.636688,-43.135120,nan
2024-06-03T14:25:48,83.636688,-43.135433,nan
2024-06-03T14:25:47,83.636696,-43.135746,nan
2024-06-03T14:25:47,83.636696,-43.136055,nan
2024-06-03T14:25:46,83.636703,-43.136368,nan
2024-06-03T14:25:46,83.636711,-43.136677,nan
2024-06-03T14:25:45,83.636719,-43.136990,nan
2024-06-03T14:25:45,83.636719,-43.137299,nan
2024-06-03T14:25:44,83.636726,-43.137604,nan
2024-06-03T14:25:44,83.636734,-43.137913,nan
2024-06-03T14:25:43,83.636734,-43.138222,nan
2024-06-03T14:25:43,83.636742,-43.138523,nan
2024-06-03T14:25:42,83.636749,-43.138824,nan
2024-06-03T14:25:42,83.636749,-43.139122,nan
2024-06-03T14:25:41,83.636757,-43.139420,nan
2024-06-03T14:25:41,83.636765,-43.139713,nan
2024-06-03T14:25:40,83.636780,-43.140011,nan
2024-06-03T14:25:40,83.636787,-43.140308,nan
2024-06-03T14:25:39,83.636795,-43.140598,nan
2024-06-03T14:25:39,83.636803,-43.140884,nan
2024-06-03T14:25:38,83.636810,-43.141163,nan
2024-06-03T14:25:38,83.636818,-43.141438,nan
2024-06-03T14:25:37,83.636826,-43.141712,nan
2024-06-03T14:25:37,83.636833,-43.141987,nan
2024-06-03T14:25:36,83.636841,-43.142262,nan
2024-06-03T14:25:36,83.636856,-43.142532,nan
2024-06-03T14:25:35,83.636864,-43.142803,nan
2024-06-03T14:25:35,83.636871,-43.143066,nan
2024-06-03T14:25:34,83.636879,-43.143322,nan
2024-06-03T14:25:34,83.636887,-43.143570,nan
2024-06-03T14:25:33,83.636894,-43.143810,nan
2024-06-03T14:25:33,83.636902,-43.144035,nan
2024-06-03T14:25:32,83.636909,-43.144257,nan
2024-06-03T14:25:32,83.636917,-43.144466,nan
2024-06-03T14:25:31,83.636925,-43.144676,nan
2024-06-03T14:25:31,83.636925,-43.144878,nan
2024-06-03T14:25:30,83.636932,-43.145081,nan
2024-06-03T14:25:30,83.636932,-43.145275,nan
2024-06-03T14:25:29,83.636932,-43.145466,nan
2024-06-03T14:25:29,83.636932,-43.145657,nan
2024-06-03T14:25:28,83.636940,-43.145844,nan
2024-06-03T14:25:28,83.636940,-43.146030,nan
2024-06-03T14:25:27,83.636940,-43.146214,nan
2024-06-03T14:25:27,83.636940,-43.146393,nan
2024-06-03T14:25:26,83.636932,-43.146568,nan
2024-06-03T14:25:26,83.636932,-43.146744,nan
2024-06-03T14:25:25,83.636932,-43.146915,nan
2024-06-03T14:25:25,83.636932,-43.147087,nan
2024-06-03T14:25:24,83.636932,-43.147255,nan
2024-06-03T14:25:24,83.636932,-43.147419,nan
2024-06-03T14:25:23,83.636932,-43.147583,nan
2024-06-03T14:25:23,83.636932,-43.147751,nan
2024-06-03T14:25:22,83.636932,-43.147915,nan
2024-06-03T14:25:22,83.636940,-43.148075,nan
2024-06-03T14:25:21,83.636940,-43.148243,nan
2024-06-03T14:25:21,83.636948,-43.148407,nan
2024-06-03T14:25:20,83.636948,-43.148575,nan
2024-06-03T14:25:20,83.636955,-43.148743,nan
2024-06-03T14:25:19,83.636955,-43.148907,nan
2024-06-03T14:25:19,83.636963,-43.149071,nan
2024-06-03T14:25:18,83.636963,-43.149239,nan
2024-06-03T14:25:18,83.636971,-43.149403,nan
2024-06-03T14:25:17,83.636971,-43.149574,nan
2024-06-03T14:25:17,83.636978,-43.149750,nan
2024-06-03T14:25:16,83.636986,-43.149925,nan
2024-06-03T14:25:16,83.636986,-43.150105,nan
2024-06-03T14:25:15,83.636993,-43.150284,nan
2024-06-03T14:25:15,83.636993,-43.150463,nan
2024-06-03T14:25:14,83.637001,-43.150646,nan
2024-06-03T14:25:14,83.637009,-43.150829,nan
2024-06-03T14:25:13,83.637009,-43.151020,nan
2024-06-03T14:25:13,83.637016,-43.151215,nan
2024-06-03T14:25:12,83.637024,-43.151413,nan
2024-06-03T14:25:12,83.637032,-43.151611,nan
2024-06-03T14:25:11,83.637032,-43.151810,nan
2024-06-03T14:25:11,83.637039,-43.152004,nan
2024-06-03T14:25:10,83.637047,-43.152203,nan
2024-06-03T14:25:10,83.637054,-43.152397,nan
2024-06-03T14:25:09,83.637062,-43.152599,nan
2024-06-03T14:25:09,83.637070,-43.152798,nan
2024-06-03T14:25:08,83.637070,-43.153000,nan
2024-06-03T14:25:08,83.637077,-43.153202,nan
2024-06-03T14:25:07,83.637085,-43.153404,nan
2024-06-03T14:25:07,83.637093,-43.153610,nan
2024-06-03T14:25:06,83.637100,-43.153816,nan
2024-06-03T14:25:06,83.637108,-43.154026,nan
2024-06-03T14:25:05,83.637115,-43.154232,nan
2024-06-03T14:25:05,83.637123,-43.154446,nan
2024-06-03T14:25:04,83.637131,-43.154655,nan
2024-06-03T14:25:04,83.637146,-43.154865,nan
2024-06-03T14:25:03,83.637154,-43.155083,nan
2024-06-03T14:25:03,83.637161,-43.155296,nan
2024-06-03T14:25:02,83.637169,-43.155510,nan
2024-06-03T14:25:02,83.637184,-43.155716,nan
2024-06-03T14:25:01,83.637192,-43.155918,nan
2024-06-03T14:25:01,83.637199,-43.156124,nan
2024-06-03T14:25:00,83.637207,-43.156326,nan
2024-06-03T14:25:00,83.637215,-43.156528,nan
2024-06-03T14:24:59,83.637230,-43.156734,nan
2024-06-03T14:24:59,83.637238,-43.156937,nan
2024-06-03T14:24:58,83.637245,-43.157143,nan
2024-06-03T14:24:58,83.637260,-43.157345,nan
2024-06-03T14:24:57,83.637268,-43.157555,nan
2024-06-03T14:24:57,83.637276,-43.157761,nan
2024-06-03T14:24:56,83.637291,-43.157963,nan
2024-06-03T14:24:56,83.637299,-43.158169,nan
2024-06-03T14:24:55,83.637306,-43.158375,nan
2024-06-03T14:24:55,83.637321,-43.158585,nan
2024-06-03T14:24:54,83.637329,-43.158798,nan
2024-06-03T14:24:54,83.637337,-43.159016,nan
2024-06-03T14:24:53,83.637344,-43.159229,nan
2024-06-03T14:24:53,83.637360,-43.159443,nan
2024-06-03T14:24:52,83.637367,-43.159657,nan
2024-06-03T14:24:52,83.637383,-43.159870,nan
2024-06-03T14:24:51,83.637390,-43.160091,nan
2024-06-03T14:24:51,83.637398,-43.160313,nan
2024-06-03T14:24:50,83.637405,-43.160538,nan
2024-06-03T14:24:50,83.637421,-43.160763,nan
2024-06-03T14:24:49,83.637428,-43.160988,nan
2024-06-03T14:24:49,83.637436,-43.161213,nan
2024-06-03T14:24:48,83.637444,-43.161438,nan
2024-06-03T14:24:48,83.637459,-43.161667,nan
2024-06-03T14:24:47,83.637466,-43.161896,nan
2024-06-03T14:24:47,83.637474,-43.162121,nan
2024-06-03T14:24:46,83.637482,-43.162346,nan
2024-06-03T14:24:46,83.637489,-43.162567,nan
2024-06-03T14:24:45,83.637505,-43.162796,nan
2024-06-03T14:24:45,83.637512,-43.163021,nan
2024-06-03T14:24:44,83.637520,-43.163250,nan
2024-06-03T14:24:44,83.637527,-43.163471,nan
2024-06-03T14:24:43,83.637535,-43.163696,nan
2024-06-03T14:24:43,83.637550,-43.163925,nan
2024-06-03T14:24:42,83.637558,-43.164150,nan
2024-06-03T14:24:42,83.637566,-43.164379,nan
2024-06-03T14:24:41,83.637573,-43.164604,nan
2024-06-03T14:24:41,83.637589,-43.164833,nan
2024-06-03T14:24:40,83.637596,-43.165058,nan
2024-06-03T14:24:40,83.637604,-43.165283,nan
2024-06-03T14:24:39,83.637619,-43.165508,nan
2024-06-03T14:24:39,83.637627,-43.165737,nan
2024-06-03T14:24:38,83.637634,-43.165962,nan
2024-06-03T14:24:38,83.637650,-43.166183,nan
2024-06-03T14:24:37,83.637665,-43.166401,nan
2024-06-03T14:24:37,83.637672,-43.166622,nan
2024-06-03T14:24:36,83.637688,-43.166840,nan
2024-06-03T14:24:36,83.637703,-43.167053,nan
2024-06-03T14:24:35,83.637718,-43.167259,nan
2024-06-03T14:24:35,83.637733,-43.167454,nan
2024-06-03T14:24:34,83.637749,-43.167641,nan
2024-06-03T14:24:34,83.637764,-43.167824,nan
2024-06-03T14:24:33,83.637779,-43.168007,nan
2024-06-03T14:24:33,83.637802,-43.168186,nan
2024-06-03T14:24:32,83.637817,-43.168362,nan
2024-06-03T14:24:32,83.637833,-43.168537,nan
2024-06-03T14:24:31,83.637856,-43.168716,nan
2024-06-03T14:24:31,83.637871,-43.168896,nan
2024-06-03T14:24:30,83.637894,-43.169067,nan
2024-06-03T14:24:30,83.637909,-43.169243,nan
2024-06-03T14:24:29,83.637924,-43.169418,nan
2024-06-03T14:24:29,83.637947,-43.169594,nan
2024-06-03T14:24:28,83.637962,-43.169769,nan
2024-06-03T14:24:28,83.637985,-43.169945,nan
2024-06-03T14:24:27,83.638000,-43.170116,nan
2024-06-03T14:24:27,83.638023,-43.170284,nan
2024-06-03T14:24:26,83.638039,-43.170452,nan
2024-06-03T14:24:26,83.638062,-43.170620,nan
2024-06-03T14:24:25,83.638077,-43.170784,nan
2024-06-03T14:24:24,83.638115,-43.171104,nan
2024-06-03T14:24:24,83.638138,-43.171268,nan
2024-06-03T14:24:23,83.638153,-43.171429,nan
2024-06-03T14:24:23,83.638168,-43.171593,nan
2024-06-03T14:24:22,83.638184,-43.171761,nan
2024-06-03T14:24:22,83.638206,-43.171928,nan
2024-06-03T14:24:21,83.638222,-43.172100,nan
2024-06-03T14:24:21,83.638237,-43.172268,nan
2024-06-03T14:24:20,83.638252,-43.172436,nan
2024-06-03T14:24:20,83.638268,-43.172604,nan
2024-06-03T14:24:19,83.638283,-43.172771,nan
2024-06-03T14:24:19,83.638298,-43.172939,nan
2024-06-03T14:24:18,83.638313,-43.173100,nan
2024-06-03T14:24:18,83.638329,-43.173264,nan
2024-06-03T14:24:17,83.638344,-43.173424,nan
2024-06-03T14:24:17,83.638359,-43.173588,nan
2024-06-03T14:24:16,83.638374,-43.173756,nan
2024-06-03T14:24:16,83.638390,-43.173923,nan
2024-06-03T14:24:15,83.638405,-43.174099,nan
2024-06-03T14:24:15,83.638412,-43.174278,nan
2024-06-03T14:24:14,83.638428,-43.174461,nan
2024-06-03T14:24:14,83.638443,-43.174644,nan
2024-06-03T14:24:13,83.638458,-43.174835,nan
2024-06-03T14:24:13,83.638466,-43.175030,nan
2024-06-03T14:24:12,83.638481,-43.175232,nan
2024-06-03T14:24:12,83.638496,-43.175438,nan
2024-06-03T14:24:11,83.638512,-43.175652,nan
2024-06-03T14:24:11,83.638519,-43.175865,nan
2024-06-03T14:24:10,83.638535,-43.176083,nan
2024-06-03T14:24:10,83.638550,-43.176296,nan
2024-06-03T14:24:09,83.638565,-43.176514,nan
2024-06-03T14:24:09,83.638580,-43.176731,nan
2024-06-03T14:24:08,83.638596,-43.176945,nan
2024-06-03T14:24:08,83.638603,-43.177162,nan
2024-06-03T14:24:07,83.638618,-43.177376,nan
2024-06-03T14:24:07,83.638634,-43.177586,nan
2024-06-03T14:24:06,83.638649,-43.177792,nan
2024-06-03T14:24:06,83.638664,-43.178001,nan
2024-06-03T14:24:05,83.638680,-43.178204,nan
2024-06-03T14:24:05,83.638695,-43.178410,nan
2024-06-03T14:24:04,83.638710,-43.178612,nan
2024-06-03T14:24:04,83.638718,-43.178810,nan
2024-06-03T14:24:03,83.638733,-43.179012,nan
2024-06-03T14:24:03,83.638748,-43.179214,nan
2024-06-03T14:24:02,83.638763,-43.179413,nan
2024-06-03T14:24:02,83.638779,-43.179611,nan
2024-06-03T14:24:01,83.638794,-43.179810,nan
2024-06-03T14:24:01,83.638809,-43.180004,nan
2024-06-03T14:24:00,83.638824,-43.180202,nan
2024-06-03T14:24:00,83.638840,-43.180397,nan
2024-06-03T14:23:59,83.638855,-43.180595,nan
2024-06-03T14:23:59,83.638870,-43.180790,nan
2024-06-03T14:23:58,83.638885,-43.180988,nan
2024-06-03T14:23:58,83.638901,-43.181179,nan
2024-06-03T14:23:57,83.638916,-43.181374,nan
2024-06-03T14:23:57,83.638931,-43.181564,nan
2024-06-03T14:23:56,83.638947,-43.181751,nan
2024-06-03T14:23:56,83.638962,-43.181938,nan
2024-06-03T14:23:55,83.638977,-43.182117,nan
2024-06-03T14:23:55,83.638992,-43.182297,nan
2024-06-03T14:23:54,83.639008,-43.182476,nan
2024-06-03T14:23:54,83.639023,-43.182652,nan
2024-06-03T14:23:53,83.639038,-43.182831,nan
2024-06-03T14:23:53,83.639053,-43.183006,nan
2024-06-03T14:23:52,83.639069,-43.183186,nan
2024-06-03T14:23:52,83.639084,-43.183357,nan
2024-06-03T14:23:51,83.639099,-43.183537,nan
2024-06-03T14:23:51,83.639114,-43.183708,nan
2024-06-03T14:23:50,83.639130,-43.183880,nan
2024-06-03T14:23:50,83.639145,-43.184048,nan
2024-06-03T14:23:49,83.639160,-43.184212,nan
2024-06-03T14:23:49,83.639175,-43.184368,nan
2024-06-03T14:23:48,83.639183,-43.184528,nan
2024-06-03T14:23:48,83.639198,-43.184689,nan
2024-06-03T14:23:47,83.639214,-43.184849,nan
2024-06-03T14:23:47,83.639229,-43.185005,nan
2024-06-03T14:23:46,83.639236,-43.185165,nan
2024-06-03T14:23:46,83.639252,-43.185322,nan
2024-06-03T14:23:45,83.639267,-43.185474,nan
2024-06-03T14:23:45,83.639275,-43.185631,nan
2024-06-03T14:23:44,83.639290,-43.185780,nan
2024-06-03T14:23:44,83.639305,-43.185928,nan
2024-06-03T14:23:43,83.639313,-43.186077,nan
2024-06-03T14:23:43,83.639328,-43.186218,nan
2024-06-03T14:23:42,83.639336,-43.186359,nan
2024-06-03T14:23:42,83.639343,-43.186504,nan
2024-06-03T14:23:41,83.639359,-43.186646,nan
2024-06-03T14:23:41,83.639366,-43.186779,nan
2024-06-03T14:23:40,83.639381,-43.186909,nan
2024-06-03T14:23:40,83.639389,-43.187027,nan
2024-06-03T14:23:39,83.639404,-43.187141,nan
2024-06-03T14:23:39,83.639412,-43.187244,nan
2024-06-03T14:23:38,83.639420,-43.187347,nan
2024-06-03T14:23:38,83.639435,-43.187443,nan
2024-06-03T14:23:37,83.639442,-43.187534,nan
2024-06-03T14:23:37,83.639458,-43.187626,nan
2024-06-03T14:23:36,83.639465,-43.187717,nan
2024-06-03T14:23:36,83.639473,-43.187805,nan
2024-06-03T14:23:35,83.639496,-43.187981,nan
2024-06-03T14:23:34,83.639511,-43.188061,nan
2024-06-03T14:23:34,83.639519,-43.188137,nan
2024-06-03T14:23:33,83.639526,-43.188213,nan
2024-06-03T14:23:33,83.639542,-43.188286,nan
2024-06-03T14:23:32,83.639549,-43.188351,nan
2024-06-03T14:23:32,83.639557,-43.188416,nan
2024-06-03T14:23:31,83.639572,-43.188480,nan
2024-06-03T14:23:31,83.639580,-43.188538,nan
2024-06-03T14:23:30,83.639587,-43.188587,nan
2024-06-03T14:23:30,83.639595,-43.188629,nan
2024-06-03T14:23:29,83.639603,-43.188667,nan
2024-06-03T14:23:29,83.639610,-43.188705,nan
2024-06-03T14:23:28,83.639618,-43.188732,nan
2024-06-03T14:23:28,83.639626,-43.188755,nan
2024-06-03T14:23:27,83.639633,-43.188774,nan
2024-06-03T14:23:27,83.639641,-43.188789,nan
2024-06-03T14:23:26,83.639648,-43.188805,nan
2024-06-03T14:23:26,83.639656,-43.188812,nan
2024-06-03T14:23:25,83.639664,-43.188824,nan
2024-06-03T14:23:25,83.639671,-43.188828,nan
2024-06-03T14:23:24,83.639679,-43.188835,nan
2024-06-03T14:23:24,83.639687,-43.188839,nan
2024-06-03T14:23:23,83.639687,-43.188847,nan
2024-06-03T14:23:23,83.639694,-43.188862,nan
2024-06-03T14:23:22,83.639694,-43.188873,nan
2024-06-03T14:23:22,83.639702,-43.188889,nan
2024-06-03T14:23:21,83.639702,-43.188908,nan
2024-06-03T14:23:21,83.639709,-43.188927,nan
2024-06-03T14:23:20,83.639709,-43.188946,nan
2024-06-03T14:23:20,83.639709,-43.188969,nan
2024-06-03T14:23:19,83.639709,-43.188988,nan
2024-06-03T14:23:19,83.639709,-43.189011,nan
2024-06-03T14:23:18,83.639717,-43.189030,nan
2024-06-03T14:23:18,83.639717,-43.189053,nan
2024-06-03T14:23:17,83.639717,-43.189079,nan
2024-06-03T14:23:17,83.639717,-43.189110,nan
2024-06-03T14:23:16,83.639717,-43.189144,nan
2024-06-03T14:23:16,83.639717,-43.189182,nan
2024-06-03T14:23:15,83.639717,-43.189220,nan
2024-06-03T14:23:15,83.639717,-43.189255,nan
2024-06-03T14:23:14,83.639717,-43.189297,nan
2024-06-03T14:23:14,83.639717,-43.189335,nan
2024-06-03T14:23:13,83.639717,-43.189369,nan
2024-06-03T14:23:13,83.639717,-43.189396,nan
2024-06-03T14:23:12,83.639717,-43.189419,nan
2024-06-03T14:23:12,83.639709,-43.189438,nan
2024-06-03T14:23:11,83.639709,-43.189453,nan
2024-06-03T14:23:11,83.639702,-43.189468,nan
2024-06-03T14:23:10,83.639702,-43.189484,nan
2024-06-03T14:23:10,83.639694,-43.189495,nan
2024-06-03T14:23:09,83.639687,-43.189514,nan
2024-06-03T14:23:08,83.639679,-43.189522,nan
2024-06-03T14:23:08,83.639671,-43.189529,nan
2024-06-03T14:23:07,83.639671,-43.189533,nan
2024-06-03T14:23:07,83.639664,-43.189533,nan
2024-06-03T14:23:06,83.639656,-43.189529,nan
2024-06-03T14:23:06,83.639648,-43.189522,nan
2024-06-03T14:23:05,83.639641,-43.189514,nan
2024-06-03T14:23:05,83.639633,-43.189503,nan
2024-06-03T14:23:04,83.639633,-43.189491,nan
2024-06-03T14:23:04,83.639626,-43.189480,nan
2024-06-03T14:23:03,83.639618,-43.189465,nan
2024-06-03T14:23:03,83.639610,-43.189449,nan
2024-06-03T14:23:02,83.639610,-43.189430,nan
2024-06-03T14:23:02,83.639603,-43.189411,nan
2024-06-03T14:23:01,83.639603,-43.189392,nan
2024-06-03T14:23:01,83.639595,-43.189365,nan
2024-06-03T14:23:00,83.639595,-43.189335,nan
2024-06-03T14:23:00,83.639595,-43.189301,nan
2024-06-03T14:22:59,83.639587,-43.189259,nan
2024-06-03T14:22:59,83.639587,-43.189209,nan
2024-06-03T14:22:58,83.639587,-43.189156,nan
2024-06-03T14:22:58,83.639580,-43.189102,nan
2024-06-03T14:22:57,83.639580,-43.189049,nan
2024-06-03T14:22:57,83.639580,-43.188995,nan
2024-06-03T14:22:56,83.639580,-43.188950,nan
2024-06-03T14:22:56,83.639572,-43.188908,nan
2024-06-03T14:22:55,83.639572,-43.188866,nan
2024-06-03T14:22:55,83.639572,-43.188828,nan
2024-06-03T14:22:54,83.639572,-43.188793,nan
2024-06-03T14:22:54,83.639565,-43.188763,nan
2024-06-03T14:22:53,83.639565,-43.188736,nan
2024-06-03T14:22:53,83.639565,-43.188713,nan
2024-06-03T14:22:52,83.639565,-43.188698,nan
2024-06-03T14:22:52,83.639565,-43.188686,nan
2024-06-03T14:22:51,83.639565,-43.188679,nan
2024-06-03T14:22:51,83.639557,-43.188679,nan
2024-06-03T14:22:50,83.639557,-43.188683,nan
2024-06-03T14:22:50,83.639557,-43.188690,nan
2024-06-03T14:22:49,83.639557,-43.188702,nan
2024-06-03T14:22:49,83.639549,-43.188713,nan
2024-06-03T14:22:48,83.639549,-43.188728,nan
2024-06-03T14:22:48,83.639549,-43.188736,nan
2024-06-03T14:22:47,83.639549,-43.188744,nan
2024-06-03T14:22:47,83.639542,-43.188747,nan
2024-06-03T14:22:46,83.639542,-43.188747,nan
2024-06-03T14:22:46,83.639542,-43.188747,nan
2024-06-03T14:22:45,83.639542,-43.188744,nan
2024-06-03T14:22:45,83.639534,-43.188736,nan
2024-06-03T14:22:44,83.639534,-43.188725,nan
2024-06-03T14:22:44,83.639534,-43.188709,nan
2024-06-03T14:22:43,83.639534,-43.188683,nan
2024-06-03T14:22:43,83.639526,-43.188656,nan
2024-06-03T14:22:42,83.639526,-43.188625,nan
2024-06-03T14:22:42,83.639526,-43.188595,nan
2024-06-03T14:22:41,83.639519,-43.188557,nan
2024-06-03T14:22:41,83.639519,-43.188522,nan
2024-06-03T14:22:40,83.639519,-43.188480,nan
2024-06-03T14:22:40,83.639519,-43.188442,nan
2024-06-03T14:22:39,83.639519,-43.188404,nan
2024-06-03T14:22:39,83.639519,-43.188362,nan
2024-06-03T14:22:38,83.639511,-43.188320,nan
2024-06-03T14:22:38,83.639511,-43.188274,nan
2024-06-03T14:22:37,83.639511,-43.188225,nan
2024-06-03T14:22:37,83.639511,-43.188171,nan
2024-06-03T14:22:36,83.639511,-43.188114,nan
2024-06-03T14:22:36,83.639511,-43.188053,nan
2024-06-03T14:22:35,83.639511,-43.187988,nan
2024-06-03T14:22:35,83.639511,-43.187923,nan
2024-06-03T14:22:34,83.639511,-43.187851,nan
2024-06-03T14:22:34,83.639511,-43.187782,nan
2024-06-03T14:22:33,83.639503,-43.187710,nan
2024-06-03T14:22:33,83.639503,-43.187637,nan
2024-06-03T14:22:32,83.639503,-43.187569,nan
2024-06-03T14:22:32,83.639503,-43.187492,nan
2024-06-03T14:22:31,83.639503,-43.187412,nan
2024-06-03T14:22:31,83.639503,-43.187332,nan
2024-06-03T14:22:30,83.639503,-43.187248,nan
2024-06-03T14:22:30,83.639503,-43.187164,nan
2024-06-03T14:22:29,83.639503,-43.187077,nan
2024-06-03T14:22:29,83.639496,-43.186993,nan
2024-06-03T14:22:28,83.639496,-43.186901,nan
2024-06-03T14:22:28,83.639496,-43.186810,nan
2024-06-03T14:22:27,83.639496,-43.186718,nan
2024-06-03T14:22:27,83.639496,-43.186623,nan
2024-06-03T14:22:26,83.639488,-43.186531,nan
2024-06-03T14:22:26,83.639488,-43.186443,nan
2024-06-03T14:22:25,83.639488,-43.186363,nan
2024-06-03T14:22:25,83.639488,-43.186287,nan
2024-06-03T14:22:24,83.639488,-43.186214,nan
2024-06-03T14:22:24,83.639488,-43.186146,nan
2024-06-03T14:22:23,83.639488,-43.186085,nan
2024-06-03T14:22:23,83.639481,-43.186024,nan
2024-06-03T14:22:22,83.639481,-43.185963,nan
2024-06-03T14:22:22,83.639481,-43.185909,nan
2024-06-03T14:22:21,83.639481,-43.185863,nan
2024-06-03T14:22:21,83.639481,-43.185818,nan
2024-06-03T14:22:20,83.639481,-43.185776,nan
2024-06-03T14:22:20,83.639481,-43.185738,nan
2024-06-03T14:22:19,83.639473,-43.185699,nan
2024-06-03T14:22:19,83.639473,-43.185658,nan
2024-06-03T14:22:18,83.639473,-43.185616,nan
2024-06-03T14:22:18,83.639465,-43.185574,nan
2024-06-03T14:22:17,83.639465,-43.185532,nan
2024-06-03T14:22:17,83.639465,-43.185490,nan
2024-06-03T14:22:16,83.639458,-43.185444,nan
2024-06-03T14:22:16,83.639458,-43.185406,nan
2024-06-03T14:22:15,83.639450,-43.185364,nan
2024-06-03T14:22:15,83.639442,-43.185322,nan
2024-06-03T14:22:14,83.639435,-43.185284,nan
2024-06-03T14:22:14,83.639435,-43.185242,nan
2024-06-03T14:22:13,83.639427,-43.185196,nan
2024-06-03T14:22:13,83.639420,-43.185146,nan
2024-06-03T14:22:12,83.639420,-43.185097,nan
2024-06-03T14:22:12,83.639412,-43.185040,nan
2024-06-03T14:22:11,83.639404,-43.184986,nan
2024-06-03T14:22:11,83.639404,-43.184933,nan
2024-06-03T14:22:10,83.639397,-43.184879,nan
2024-06-03T14:22:10,83.639397,-43.184830,nan
2024-06-03T14:22:09,83.639389,-43.184788,nan
2024-06-03T14:22:09,83.639381,-43.184746,nan
2024-06-03T14:22:08,83.639381,-43.184708,nan
2024-06-03T14:22:08,83.639374,-43.184677,nan
2024-06-03T14:22:07,83.639374,-43.184647,nan
2024-06-03T14:22:07,83.639374,-43.184616,nan
2024-06-03T14:22:06,83.639366,-43.184593,nan
2024-06-03T14:22:06,83.639359,-43.184570,nan
2024-06-03T14:22:05,83.639359,-43.184547,nan
2024-06-03T14:22:05,83.639351,-43.184525,nan
2024-06-03T14:22:04,83.639343,-43.184502,nan
2024-06-03T14:22:04,83.639336,-43.184475,nan
2024-06-03T14:22:03,83.639336,-43.184448,nan
2024-06-03T14:22:03,83.639320,-43.184418,nan
2024-06-03T14:22:02,83.639313,-43.184380,nan
2024-06-03T14:22:02,83.639305,-43.184341,nan
2024-06-03T14:22:01,83.639290,-43.184299,nan
2024-06-03T14:22:01,83.639275,-43.184261,nan
2024-06-03T14:22:00,83.639267,-43.184219,nan
2024-06-03T14:22:00,83.639252,-43.184181,nan
2024-06-03T14:21:59,83.639236,-43.184143,nan
2024-06-03T14:21:59,83.639221,-43.184101,nan
2024-06-03T14:21:58,83.639206,-43.184055,nan
2024-06-03T14:21:58,83.639191,-43.184002,nan
2024-06-03T14:21:57,83.639175,-43.183945,nan
2024-06-03T14:21:57,83.639160,-43.183880,nan
2024-06-03T14:21:56,83.639145,-43.183807,nan
2024-06-03T14:21:56,83.639130,-43.183727,nan
2024-06-03T14:21:55,83.639114,-43.183643,nan
2024-06-03T14:21:55,83.639107,-43.183556,nan
2024-06-03T14:21:54,83.639091,-43.183460,nan
2024-06-03T14:21:54,83.639076,-43.183361,nan
2024-06-03T14:21:53,83.639061,-43.183266,nan
2024-06-03T14:21:53,83.639046,-43.183167,nan
2024-06-03T14:21:52,83.639038,-43.183064,nan
2024-06-03T14:21:52,83.639023,-43.182964,nan
2024-06-03T14:21:51,83.639008,-43.182865,nan
2024-06-03T14:21:50,83.638985,-43.182674,nan
2024-06-03T14:21:50,83.638969,-43.182583,nan
2024-06-03T14:21:49,83.638954,-43.182491,nan
2024-06-03T14:21:49,83.638939,-43.182400,nan
2024-06-03T14:21:48,83.638924,-43.182308,nan
2024-06-03T14:21:48,83.638908,-43.182220,nan
2024-06-03T14:21:47,83.638901,-43.182129,nan
2024-06-03T14:21:47,83.638885,-43.182034,nan
2024-06-03T14:21:46,83.638870,-43.181942,nan
2024-06-03T14:21:46,83.638855,-43.181847,nan
2024-06-03T14:21:45,83.638840,-43.181755,nan
2024-06-03T14:21:45,83.638824,-43.181664,nan
2024-06-03T14:21:44,83.638809,-43.181564,nan
2024-06-03T14:21:44,83.638802,-43.181473,nan
2024-06-03T14:21:43,83.638786,-43.181374,nan
2024-06-03T14:21:43,83.638771,-43.181282,nan
2024-06-03T14:21:42,83.638763,-43.181183,nan
2024-06-03T14:21:42,83.638748,-43.181087,nan
2024-06-03T14:21:41,83.638733,-43.180988,nan
2024-06-03T14:21:41,83.638718,-43.180889,nan
2024-06-03T14:21:40,83.638710,-43.180790,nan
2024-06-03T14:21:40,83.638695,-43.180691,nan
2024-06-03T14:21:39,83.638680,-43.180592,nan
2024-06-03T14:21:39,83.638672,-43.180489,nan
2024-06-03T14:21:38,83.638657,-43.180386,nan
2024-06-03T14:21:38,83.638649,-43.180286,nan
2024-06-03T14:21:37,83.638634,-43.180180,nan
2024-06-03T14:21:37,83.638618,-43.180077,nan
2024-06-03T14:21:36,83.638611,-43.179970,nan
2024-06-03T14:21:36,83.638596,-43.179867,nan
2024-06-03T14:21:35,83.638580,-43.179764,nan
2024-06-03T14:21:35,83.638565,-43.179661,nan
2024-06-03T14:21:34,83.638550,-43.179558,nan
2024-06-03T14:21:34,83.638535,-43.179459,nan
2024-06-03T14:21:33,83.638519,-43.179356,nan
2024-06-03T14:21:33,83.638504,-43.179256,nan
2024-06-03T14:21:32,83.638489,-43.179153,nan
2024-06-03T14:21:32,83.638474,-43.179047,nan
2024-06-03T14:21:31,83.638458,-43.178932,nan
2024-06-03T14:21:31,83.638443,-43.178814,nan
2024-06-03T14:21:30,83.638428,-43.178692,nan
2024-06-03T14:21:30,83.638412,-43.178566,nan
2024-06-03T14:21:29,83.638397,-43.178436,nan
2024-06-03T14:21:29,83.638390,-43.178299,nan
2024-06-03T14:21:28,83.638367,-43.178165,nan
2024-06-03T14:21:28,83.638351,-43.178028,nan
2024-06-03T14:21:27,83.638344,-43.177895,nan
2024-06-03T14:21:27,83.638329,-43.177765,nan
2024-06-03T14:21:26,83.638306,-43.177639,nan
2024-06-03T14:21:26,83.638290,-43.177521,nan
2024-06-03T14:21:25,83.638275,-43.177406,nan
2024-06-03T14:21:25,83.638260,-43.177296,nan
2024-06-03T14:21:24,83.638245,-43.177185,nan
2024-06-03T14:21:24,83.638222,-43.177078,nan
2024-06-03T14:21:23,83.638206,-43.176971,nan
2024-06-03T14:21:23,83.638184,-43.176865,nan
2024-06-03T14:21:22,83.638168,-43.176754,nan
2024-06-03T14:21:22,83.638145,-43.176643,nan
2024-06-03T14:21:21,83.638130,-43.176529,nan
2024-06-03T14:21:21,83.638107,-43.176411,nan
2024-06-03T14:21:20,83.638084,-43.176292,nan
2024-06-03T14:21:20,83.638062,-43.176167,nan
2024-06-03T14:21:19,83.638039,-43.176041,nan
2024-06-03T14:21:19,83.638016,-43.175915,nan
2024-06-03T14:21:18,83.637993,-43.175785,nan
2024-06-03T14:21:18,83.637978,-43.175652,nan
2024-06-03T14:21:17,83.637955,-43.175510,nan
2024-06-03T14:21:17,83.637924,-43.175365,nan
2024-06-03T14:21:16,83.637901,-43.175217,nan
2024-06-03T14:21:16,83.637878,-43.175060,nan
2024-06-03T14:21:15,83.637856,-43.174900,nan
2024-06-03T14:21:15,83.637833,-43.174732,nan
2024-06-03T14:21:14,83.637810,-43.174561,nan
2024-06-03T14:21:14,83.637779,-43.174381,nan
2024-06-03T14:21:13,83.637756,-43.174202,nan
2024-06-03T14:21:13,83.637733,-43.174019,nan
2024-06-03T14:21:12,83.637711,-43.173836,nan
2024-06-03T14:21:12,83.637680,-43.173649,nan
2024-06-03T14:21:11,83.637657,-43.173458,nan
2024-06-03T14:21:11,83.637634,-43.173260,nan
2024-06-03T14:21:10,83.637604,-43.173058,nan
2024-06-03T14:21:10,83.637581,-43.172852,nan
2024-06-03T14:21:09,83.637558,-43.172649,nan
2024-06-03T14:21:09,83.637535,-43.172443,nan
2024-06-03T14:21:08,83.637512,-43.172237,nan
2024-06-03T14:21:08,83.637489,-43.172028,nan
2024-06-03T14:21:07,83.637459,-43.171810,nan
2024-06-03T14:21:07,83.637436,-43.171597,nan
2024-06-03T14:21:06,83.637413,-43.171371,nan
2024-06-03T14:21:06,83.637390,-43.171150,nan
2024-06-03T14:21:05,83.637367,-43.170929,nan
2024-06-03T14:21:05,83.637337,-43.170712,nan
2024-06-03T14:21:04,83.637314,-43.170494,nan
2024-06-03T14:21:04,83.637291,-43.170277,nan
2024-06-03T14:21:03,83.637268,-43.170067,nan
2024-06-03T14:21:03,83.637245,-43.169853,nan
2024-06-03T14:21:02,83.637222,-43.169643,nan
2024-06-03T14:21:02,83.637199,-43.169437,nan
2024-06-03T14:21:01,83.637177,-43.169231,nan
2024-06-03T14:21:01,83.637154,-43.169029,nan
2024-06-03T14:21:00,83.637131,-43.168827,nan
2024-06-03T14:21:00,83.637108,-43.168633,nan
2024-06-03T14:20:59,83.637085,-43.168442,nan
2024-06-03T14:20:59,83.637062,-43.168247,nan
2024-06-03T14:20:58,83.637039,-43.168056,nan
2024-06-03T14:20:58,83.637016,-43.167873,nan
2024-06-03T14:20:57,83.636993,-43.167686,nan
2024-06-03T14:20:57,83.636971,-43.167500,nan
2024-06-03T14:20:56,83.636955,-43.167309,nan
2024-06-03T14:20:56,83.636932,-43.167118,nan
2024-06-03T14:20:55,83.636909,-43.166920,nan
2024-06-03T14:20:55,83.636894,-43.166721,nan
2024-06-03T14:20:54,83.636871,-43.166523,nan
2024-06-03T14:20:54,83.636856,-43.166325,nan
2024-06-03T14:20:53,83.636833,-43.166122,nan
2024-06-03T14:20:53,83.636818,-43.165920,nan
2024-06-03T14:20:52,83.636803,-43.165714,nan
2024-06-03T14:20:52,83.636787,-43.165512,nan
2024-06-03T14:20:51,83.636772,-43.165314,nan
2024-06-03T14:20:51,83.636757,-43.165112,nan
2024-06-03T14:20:50,83.636742,-43.164917,nan
2024-06-03T14:20:50,83.636726,-43.164722,nan
2024-06-03T14:20:49,83.636719,-43.164528,nan
2024-06-03T14:20:49,83.636703,-43.164337,nan
2024-06-03T14:20:48,83.636688,-43.164150,nan
2024-06-03T14:20:48,83.636673,-43.163967,nan
2024-06-03T14:20:47,83.636665,-43.163784,nan
2024-06-03T14:20:47,83.636650,-43.163605,nan
2024-06-03T14:20:46,83.636642,-43.163425,nan
2024-06-03T14:20:46,83.636627,-43.163254,nan
2024-06-03T14:20:45,83.636612,-43.163078,nan
2024-06-03T14:20:45,83.636604,-43.162910,nan
2024-06-03T14:20:44,83.636589,-43.162739,nan
2024-06-03T14:20:44,83.636574,-43.162571,nan
2024-06-03T14:20:43,83.636559,-43.162399,nan
2024-06-03T14:20:43,83.636543,-43.162231,nan
2024-06-03T14:20:42,83.636528,-43.162060,nan
2024-06-03T14:20:42,83.636513,-43.161892,nan
2024-06-03T14:20:41,83.636497,-43.161724,nan
2024-06-03T14:20:41,83.636482,-43.161556,nan
2024-06-03T14:20:40,83.636467,-43.161392,nan
2024-06-03T14:20:40,83.636452,-43.161228,nan
2024-06-03T14:20:39,83.636436,-43.161064,nan
2024-06-03T14:20:39,83.636414,-43.160904,nan
2024-06-03T14:20:38,83.636398,-43.160748,nan
2024-06-03T14:20:38,83.636383,-43.160599,nan
2024-06-03T14:20:37,83.636368,-43.160450,nan
2024-06-03T14:20:37,83.636345,-43.160305,nan
2024-06-03T14:20:36,83.636330,-43.160168,nan
2024-06-03T14:20:36,83.636314,-43.160027,nan
2024-06-03T14:20:35,83.636292,-43.159893,nan
2024-06-03T14:20:35,83.636276,-43.159760,nan
2024-06-03T14:20:34,83.636253,-43.159630,nan
2024-06-03T14:20:34,83.636238,-43.159500,nan
2024-06-03T14:20:33,83.636215,-43.159378,nan
2024-06-03T14:20:33,83.636200,-43.159260,nan
2024-06-03T14:20:32,83.636177,-43.159142,nan
2024-06-03T14:20:32,83.636162,-43.159023,nan
2024-06-03T14:20:31,83.636139,-43.158909,nan
2024-06-03T14:20:31,83.636116,-43.158798,nan
2024-06-03T14:20:30,83.636093,-43.158688,nan
2024-06-03T14:20:30,83.636070,-43.158573,nan
2024-06-03T14:20:29,83.636047,-43.158466,nan
2024-06-03T14:20:29,83.636024,-43.158356,nan
2024-06-03T14:20:28,83.636002,-43.158245,nan
2024-06-03T14:20:28,83.635979,-43.158134,nan
2024-06-03T14:20:27,83.635956,-43.158020,nan
2024-06-03T14:20:27,83.635925,-43.157898,nan
2024-06-03T14:20:26,83.635902,-43.157780,nan
2024-06-03T14:20:26,83.635880,-43.157658,nan
2024-06-03T14:20:25,83.635849,-43.157536,nan
2024-06-03T14:20:25,83.635826,-43.157413,nan
2024-06-03T14:20:24,83.635796,-43.157291,nan
2024-06-03T14:20:24,83.635773,-43.157169,nan
2024-06-03T14:20:23,83.635742,-43.157051,nan
2024-06-03T14:20:23,83.635719,-43.156929,nan
2024-06-03T14:20:22,83.635689,-43.156815,nan
2024-06-03T14:20:22,83.635666,-43.156696,nan
2024-06-03T14:20:21,83.635635,-43.156582,nan
2024-06-03T14:20:21,83.635612,-43.156464,nan
2024-06-03T14:20:20,83.635582,-43.156349,nan
2024-06-03T14:20:20,83.635551,-43.156227,nan
2024-06-03T14:20:19,83.635529,-43.156105,nan
2024-06-03T14:20:19,83.635498,-43.155979,nan
2024-06-03T14:20:18,83.635468,-43.155857,nan
2024-06-03T14:20:18,83.635437,-43.155727,nan
2024-06-03T14:20:17,83.635406,-43.155602,nan
2024-06-03T14:20:17,83.635376,-43.155472,nan
2024-06-03T14:20:16,83.635345,-43.155338,nan
2024-06-03T14:20:16,83.635315,-43.155201,nan
2024-06-03T14:20:15,83.635284,-43.155067,nan
2024-06-03T14:20:15,83.635254,-43.154938,nan
2024-06-03T14:20:14,83.635223,-43.154804,nan
2024-06-03T14:20:14,83.635185,-43.154675,nan
2024-06-03T14:20:13,83.635155,-43.154552,nan
2024-06-03T14:20:13,83.635117,-43.154430,nan
2024-06-03T14:20:12,83.635086,-43.154308,nan
2024-06-03T14:20:12,83.635048,-43.154194,nan
2024-06-03T14:20:11,83.635017,-43.154079,nan
2024-06-03T14:20:11,83.634979,-43.153973,nan
2024-06-03T14:20:10,83.634941,-43.153866,nan
2024-06-03T14:20:10,83.634903,-43.153763,nan
2024-06-03T14:20:09,83.634865,-43.153660,nan
2024-06-03T14:20:09,83.634827,-43.153568,nan
2024-06-03T14:20:08,83.634789,-43.153477,nan
2024-06-03T14:20:08,83.634750,-43.153385,nan
2024-06-03T14:20:07,83.634712,-43.153297,nan
2024-06-03T14:20:07,83.634674,-43.153214,nan
2024-06-03T14:20:06,83.634636,-43.153126,nan
2024-06-03T14:20:06,83.634590,-43.153042,nan
2024-06-03T14:20:05,83.634552,-43.152954,nan
2024-06-03T14:20:05,83.634514,-43.152866,nan
2024-06-03T14:20:04,83.634468,-43.152775,nan
2024-06-03T14:20:04,83.634430,-43.152683,nan
2024-06-03T14:20:03,83.634384,-43.152588,nan
2024-06-03T14:20:03,83.634346,-43.152485,nan
2024-06-03T14:20:02,83.634300,-43.152382,nan
2024-06-03T14:20:02,83.634254,-43.152271,nan
2024-06-03T14:20:01,83.634216,-43.152157,nan
2024-06-03T14:20:01,83.634171,-43.152039,nan
2024-06-03T14:20:00,83.634125,-43.151913,nan
2024-06-03T14:20:00,83.634087,-43.151783,nan
2024-06-03T14:19:59,83.634041,-43.151649,nan
2024-06-03T14:19:59,83.633995,-43.151512,nan
2024-06-03T14:19:58,83.633949,-43.151371,nan
2024-06-03T14:19:58,83.633904,-43.151222,nan
2024-06-03T14:19:57,83.633858,-43.151073,nan
2024-06-03T14:19:57,83.633812,-43.150913,nan
2024-06-03T14:19:56,83.633766,-43.150757,nan
2024-06-03T14:19:56,83.633720,-43.150593,nan
2024-06-03T14:19:55,83.633675,-43.150425,nan
2024-06-03T14:19:55,83.633629,-43.150253,nan
2024-06-03T14:19:54,83.633583,-43.150070,nan
2024-06-03T14:19:54,83.633537,-43.149887,nan
2024-06-03T14:19:53,83.633484,-43.149700,nan
2024-06-03T14:19:53,83.633438,-43.149509,nan
2024-06-03T14:19:52,83.633392,-43.149319,nan
2024-06-03T14:19:52,83.633339,-43.149124,nan
2024-06-03T14:19:51,83.633293,-43.148930,nan
2024-06-03T14:19:51,83.633240,-43.148735,nan
2024-06-03T14:19:50,83.633194,-43.148540,nan
2024-06-03T14:19:50,83.633148,-43.148346,nan
2024-06-03T14:19:49,83.633095,-43.148151,nan
2024-06-03T14:19:49,83.633041,-43.147949,nan
2024-06-03T14:19:48,83.632996,-43.147743,nan
2024-06-03T14:19:48,83.632942,-43.147530,nan
2024-06-03T14:19:47,83.632896,-43.147308,nan
2024-06-03T14:19:47,83.632851,-43.147083,nan
2024-06-03T14:19:46,83.632797,-43.146851,nan
2024-06-03T14:19:46,83.632751,-43.146618,nan
2024-06-03T14:19:45,83.632706,-43.146374,nan
2024-06-03T14:19:45,83.632652,-43.146126,nan
2024-06-03T14:19:44,83.632607,-43.145878,nan
2024-06-03T14:19:44,83.632561,-43.145618,nan
2024-06-03T14:19:43,83.632515,-43.145359,nan
2024-06-03T14:19:43,83.632469,-43.145092,nan
2024-06-03T14:19:42,83.632423,-43.144821,nan
2024-06-03T14:19:42,83.632378,-43.144543,nan
2024-06-03T14:19:41,83.632339,-43.144260,nan
2024-06-03T14:19:41,83.632294,-43.143974,nan
2024-06-03T14:19:40,83.632248,-43.143681,nan
2024-06-03T14:19:40,83.632202,-43.143387,nan
2024-06-03T14:19:39,83.632164,-43.143093,nan
2024-06-03T14:19:39,83.632118,-43.142799,nan
2024-06-03T14:19:38,83.632080,-43.142502,nan
2024-06-03T14:19:38,83.632034,-43.142204,nan
2024-06-03T14:19:37,83.631996,-43.141907,nan
2024-06-03T14:19:37,83.631950,-43.141613,nan
2024-06-03T14:19:36,83.631912,-43.141319,nan
2024-06-03T14:19:36,83.631874,-43.141026,nan
2024-06-03T14:19:35,83.631828,-43.140732,nan
2024-06-03T14:19:35,83.631790,-43.140438,nan
2024-06-03T14:19:34,83.631744,-43.140144,nan
2024-06-03T14:19:34,83.631706,-43.139851,nan
2024-06-03T14:19:33,83.631668,-43.139557,nan
2024-06-03T14:19:33,83.631622,-43.139263,nan
2024-06-03T14:19:32,83.631577,-43.138973,nan
2024-06-03T14:19:32,83.631538,-43.138683,nan
2024-06-03T14:19:31,83.631493,-43.138397,nan
2024-06-03T14:19:31,83.631454,-43.138111,nan
2024-06-03T14:19:30,83.631409,-43.137829,nan
2024-06-03T14:19:30,83.631371,-43.137550,nan
2024-06-03T14:19:29,83.631325,-43.137272,nan
2024-06-03T14:19:29,83.631279,-43.136993,nan
2024-06-03T14:19:28,83.631241,-43.136723,nan
2024-06-03T14:19:28,83.631195,-43.136452,nan
2024-06-03T14:19:27,83.631149,-43.136189,nan
2024-06-03T14:19:27,83.631104,-43.135925,nan
2024-06-03T14:19:26,83.631065,-43.135666,nan
2024-06-03T14:19:26,83.631020,-43.135410,nan
2024-06-03T14:19:25,83.630974,-43.135159,nan
2024-06-03T14:19:25,83.630936,-43.134911,nan
2024-06-03T14:19:24,83.630890,-43.134666,nan
2024-06-03T14:19:24,83.630844,-43.134422,nan
2024-06-03T14:19:23,83.630806,-43.134178,nan
2024-06-03T14:19:23,83.630760,-43.133938,nan
2024-06-03T14:19:22,83.630714,-43.133694,nan
2024-06-03T14:19:22,83.630669,-43.133453,nan
2024-06-03T14:19:21,83.630630,-43.133213,nan
2024-06-03T14:19:21,83.630585,-43.132973,nan
2024-06-03T14:19:20,83.630539,-43.132732,nan
2024-06-03T14:19:20,83.630493,-43.132488,nan
2024-06-03T14:19:19,83.630447,-43.132248,nan
2024-06-03T14:19:19,83.630409,-43.132008,nan
2024-06-03T14:19:18,83.630363,-43.131763,nan
2024-06-03T14:19:18,83.630318,-43.131516,nan
2024-06-03T14:19:17,83.630272,-43.131271,nan
2024-06-03T14:19:17,83.630226,-43.131027,nan
2024-06-03T14:19:16,83.630180,-43.130787,nan
2024-06-03T14:19:16,83.630135,-43.130547,nan
2024-06-03T14:19:15,83.630089,-43.130306,nan
2024-06-03T14:19:15,83.630035,-43.130074,nan
2024-06-03T14:19:14,83.629990,-43.129837,nan
2024-06-03T14:19:14,83.629944,-43.129604,nan
2024-06-03T14:19:13,83.629898,-43.129372,nan
2024-06-03T14:19:13,83.629852,-43.129139,nan
2024-06-03T14:19:12,83.629807,-43.128910,nan
2024-06-03T14:19:12,83.629753,-43.128681,nan
2024-06-03T14:19:11,83.629707,-43.128452,nan
2024-06-03T14:19:11,83.629662,-43.128223,nan
2024-06-03T14:19:10,83.629616,-43.127995,nan
2024-06-03T14:19:10,83.629570,-43.127762,nan
2024-06-03T14:19:09,83.629524,-43.127522,nan
2024-06-03T14:19:09,83.629478,-43.127285,nan
2024-06-03T14:19:08,83.629433,-43.127041,nan
2024-06-03T14:19:08,83.629379,-43.126801,nan
2024-06-03T14:19:07,83.629333,-43.126556,nan
2024-06-03T14:19:07,83.629288,-43.126312,nan
2024-06-03T14:19:06,83.629242,-43.126068,nan
2024-06-03T14:19:05,83.629089,-43.125336,nan
2024-06-03T14:19:04,83.629044,-43.125088,nan
2024-06-03T14:19:04,83.628998,-43.124840,nan
2024-06-03T14:19:03,83.628944,-43.124596,nan
2024-06-03T14:19:03,83.628899,-43.124348,nan
2024-06-03T14:19:02,83.628845,-43.124104,nan
2024-06-03T14:19:02,83.628799,-43.123859,nan
2024-06-03T14:19:01,83.628746,-43.123615,nan
2024-06-03T14:19:01,83.628693,-43.123371,nan
2024-06-03T14:19:00,83.628647,-43.123127,nan
2024-06-03T14:19:00,83.628593,-43.122879,nan
2024-06-03T14:18:59,83.628548,-43.122635,nan
2024-06-03T14:18:59,83.628494,-43.122391,nan
2024-06-03T14:18:58,83.628441,-43.122147,nan
2024-06-03T14:18:58,83.628387,-43.121906,nan
2024-06-03T14:18:57,83.628334,-43.121666,nan
2024-06-03T14:18:57,83.628281,-43.121433,nan
2024-06-03T14:18:56,83.628227,-43.121197,nan
2024-06-03T14:18:56,83.628174,-43.120964,nan
2024-06-03T14:18:55,83.628120,-43.120731,nan
2024-06-03T14:18:55,83.628067,-43.120499,nan
2024-06-03T14:18:54,83.628014,-43.120270,nan
2024-06-03T14:18:54,83.627960,-43.120041,nan
2024-06-03T14:18:53,83.627907,-43.119816,nan
2024-06-03T14:18:53,83.627853,-43.119591,nan
2024-06-03T14:18:52,83.627800,-43.119373,nan
2024-06-03T14:18:52,83.627747,-43.119160,nan
2024-06-03T14:18:51,83.627686,-43.118950,nan
2024-06-03T14:18:51,83.627632,-43.118740,nan
2024-06-03T14:18:50,83.627579,-43.118534,nan
2024-06-03T14:18:50,83.627518,-43.118328,nan
2024-06-03T14:18:49,83.627457,-43.118130,nan
2024-06-03T14:18:49,83.627403,-43.117928,nan
2024-06-03T14:18:48,83.627342,-43.117729,nan
2024-06-03T14:18:48,83.627281,-43.117538,nan
2024-06-03T14:18:47,83.627228,-43.117352,nan
2024-06-03T14:18:47,83.627159,-43.117165,nan
2024-06-03T14:18:46,83.627098,-43.116982,nan
2024-06-03T14:18:46,83.627037,-43.116802,nan
2024-06-03T14:18:45,83.626976,-43.116627,nan
2024-06-03T14:18:45,83.626907,-43.116451,nan
2024-06-03T14:18:44,83.626846,-43.116280,nan
2024-06-03T14:18:44,83.626785,-43.116108,nan
2024-06-03T14:18:43,83.626717,-43.115932,nan
2024-06-03T14:18:43,83.626656,-43.115757,nan
2024-06-03T14:18:42,83.626587,-43.115578,nan
2024-06-03T14:18:42,83.626518,-43.115395,nan
2024-06-03T14:18:41,83.626457,-43.115211,nan
2024-06-03T14:18:41,83.626389,-43.115025,nan
2024-06-03T14:18:40,83.626320,-43.114838,nan
2024-06-03T14:18:40,83.626251,-43.114643,nan
2024-06-03T14:18:39,83.626183,-43.114449,nan
2024-06-03T14:18:39,83.626122,-43.114250,nan
2024-06-03T14:18:38,83.626045,-43.114044,nan
2024-06-03T14:18:38,83.625984,-43.113834,nan
2024-06-03T14:18:37,83.625916,-43.113625,nan
2024-06-03T14:18:37,83.625847,-43.113407,nan
2024-06-03T14:18:36,83.625778,-43.113194,nan
2024-06-03T14:18:36,83.625702,-43.112976,nan
2024-06-03T14:18:35,83.625633,-43.112759,nan
2024-06-03T14:18:35,83.625565,-43.112534,nan
2024-06-03T14:18:34,83.625496,-43.112312,nan
2024-06-03T14:18:34,83.625427,-43.112087,nan
2024-06-03T14:18:33,83.625359,-43.111862,nan
2024-06-03T14:18:33,83.625290,-43.111637,nan
2024-06-03T14:18:32,83.625214,-43.111408,nan
2024-06-03T14:18:32,83.625145,-43.111183,nan
2024-06-03T14:18:31,83.625076,-43.110954,nan
2024-06-03T14:18:31,83.625008,-43.110725,nan
2024-06-03T14:18:30,83.624939,-43.110493,nan
2024-06-03T14:18:30,83.624863,-43.110260,nan
2024-06-03T14:18:29,83.624794,-43.110023,nan
2024-06-03T14:18:29,83.624725,-43.109787,nan
2024-06-03T14:18:28,83.624657,-43.109550,nan
2024-06-03T14:18:28,83.624588,-43.109318,nan
2024-06-03T14:18:27,83.624512,-43.109081,nan
2024-06-03T14:18:27,83.624443,-43.108845,nan
2024-06-03T14:18:26,83.624374,-43.108608,nan
2024-06-03T14:18:26,83.624306,-43.108372,nan
2024-06-03T14:18:25,83.624229,-43.108135,nan
2024-06-03T14:18:25,83.624161,-43.107895,nan
2024-06-03T14:18:24,83.624092,-43.107651,nan
2024-06-03T14:18:24,83.624016,-43.107410,nan
2024-06-03T14:18:23,83.623947,-43.107170,nan
2024-06-03T14:18:23,83.623878,-43.106934,nan
2024-06-03T14:18:22,83.623802,-43.106697,nan
2024-06-03T14:18:22,83.623734,-43.106461,nan
2024-06-03T14:18:21,83.623657,-43.106228,nan
2024-06-03T14:18:21,83.623589,-43.105995,nan
2024-06-03T14:18:20,83.623512,-43.105762,nan
2024-06-03T14:18:20,83.623444,-43.105537,nan
2024-06-03T14:18:19,83.623367,-43.105309,nan
2024-06-03T14:18:19,83.623299,-43.105080,nan
2024-06-03T14:18:18,83.623222,-43.104851,nan
2024-06-03T14:18:18,83.623154,-43.104622,nan
2024-06-03T14:18:17,83.623077,-43.104385,nan
2024-06-03T14:18:17,83.623009,-43.104156,nan
2024-06-03T14:18:16,83.622932,-43.103920,nan
2024-06-03T14:18:16,83.622864,-43.103687,nan
2024-06-03T14:18:15,83.622795,-43.103451,nan
2024-06-03T14:18:15,83.622719,-43.103210,nan
2024-06-03T14:18:14,83.622650,-43.102970,nan
2024-06-03T14:18:14,83.622574,-43.102730,nan
2024-06-03T14:18:13,83.622505,-43.102482,nan
2024-06-03T14:18:13,83.622429,-43.102234,nan
2024-06-03T14:18:12,83.622360,-43.101990,nan
2024-06-03T14:18:12,83.622284,-43.101746,nan
2024-06-03T14:18:11,83.622208,-43.101505,nan
2024-06-03T14:18:11,83.622139,-43.101265,nan
2024-06-03T14:18:10,83.622063,-43.101025,nan
2024-06-03T14:18:10,83.621986,-43.100780,nan
2024-06-03T14:18:09,83.621910,-43.100540,nan
2024-06-03T14:18:09,83.621841,-43.100304,nan
2024-06-03T14:18:08,83.621765,-43.100060,nan
2024-06-03T14:18:08,83.621689,-43.099815,nan
2024-06-03T14:18:07,83.621613,-43.099571,nan
2024-06-03T14:18:07,83.621536,-43.099335,nan
2024-06-03T14:18:06,83.621468,-43.099091,nan
2024-06-03T14:18:06,83.621391,-43.098846,nan
2024-06-03T14:18:05,83.621315,-43.098602,nan
2024-06-03T14:18:05,83.621239,-43.098351,nan
2024-06-03T14:18:04,83.621162,-43.098103,nan
2024-06-03T14:18:04,83.621086,-43.097851,nan
2024-06-03T14:18:03,83.621010,-43.097595,nan
2024-06-03T14:18:03,83.620934,-43.097340,nan
2024-06-03T14:18:02,83.620850,-43.097080,nan
2024-06-03T14:18:02,83.620773,-43.096821,nan
2024-06-03T14:18:01,83.620697,-43.096561,nan
2024-06-03T14:18:01,83.620621,-43.096302,nan
2024-06-03T14:18:00,83.620544,-43.096035,nan
2024-06-03T14:18:00,83.620461,-43.095764,nan
2024-06-03T14:17:59,83.620384,-43.095501,nan
2024-06-03T14:17:59,83.620308,-43.095230,nan
2024-06-03T14:17:58,83.620224,-43.094959,nan
2024-06-03T14:17:58,83.620148,-43.094685,nan
2024-06-03T14:17:57,83.620064,-43.094406,nan
2024-06-03T14:17:57,83.619987,-43.094128,nan
2024-06-03T14:17:56,83.619904,-43.093849,nan
2024-06-03T14:17:56,83.619827,-43.093567,nan
2024-06-03T14:17:55,83.619743,-43.093285,nan
2024-06-03T14:17:55,83.619667,-43.093006,nan
2024-06-03T14:17:54,83.619591,-43.092728,nan
2024-06-03T14:17:54,83.619507,-43.092453,nan
2024-06-03T14:17:53,83.619431,-43.092182,nan
2024-06-03T14:17:53,83.619347,-43.091911,nan
2024-06-03T14:17:52,83.619270,-43.091644,nan
2024-06-03T14:17:52,83.619186,-43.091377,nan
2024-06-03T14:17:51,83.619110,-43.091110,nan
2024-06-03T14:17:51,83.619026,-43.090843,nan
2024-06-03T14:17:50,83.618950,-43.090576,nan
2024-06-03T14:17:50,83.618874,-43.090313,nan
2024-06-03T14:17:49,83.618790,-43.090050,nan
2024-06-03T14:17:49,83.618713,-43.089787,nan
2024-06-03T14:17:48,83.618637,-43.089523,nan
2024-06-03T14:17:48,83.618553,-43.089256,nan
2024-06-03T14:17:47,83.618477,-43.088989,nan
2024-06-03T14:17:47,83.618401,-43.088722,nan
2024-06-03T14:17:46,83.618324,-43.088451,nan
2024-06-03T14:17:46,83.618240,-43.088181,nan
2024-06-03T14:17:45,83.618164,-43.087906,nan
2024-06-03T14:17:45,83.618088,-43.087627,nan
2024-06-03T14:17:44,83.618011,-43.087353,nan
2024-06-03T14:17:44,83.617928,-43.087074,nan
2024-06-03T14:17:43,83.617851,-43.086800,nan
2024-06-03T14:17:43,83.617767,-43.086521,nan
2024-06-03T14:17:42,83.617691,-43.086246,nan
2024-06-03T14:17:42,83.617615,-43.085972,nan
2024-06-03T14:17:41,83.617531,-43.085697,nan
2024-06-03T14:17:41,83.617455,-43.085426,nan
2024-06-03T14:17:40,83.617378,-43.085155,nan
2024-06-03T14:17:40,83.617294,-43.084885,nan
2024-06-03T14:17:39,83.617218,-43.084618,nan
2024-06-03T14:17:39,83.617134,-43.084351,nan
2024-06-03T14:17:38,83.617058,-43.084084,nan
2024-06-03T14:17:38,83.616974,-43.083820,nan
2024-06-03T14:17:37,83.616898,-43.083557,nan
2024-06-03T14:17:37,83.616821,-43.083290,nan
2024-06-03T14:17:36,83.616737,-43.083027,nan
2024-06-03T14:17:36,83.616661,-43.082760,nan
2024-06-03T14:17:35,83.616577,-43.082497,nan
2024-06-03T14:17:35,83.616501,-43.082230,nan
2024-06-03T14:17:34,83.616417,-43.081963,nan
2024-06-03T14:17:34,83.616341,-43.081696,nan
2024-06-03T14:17:33,83.616264,-43.081436,nan
2024-06-03T14:17:33,83.616180,-43.081173,nan
2024-06-03T14:17:32,83.616104,-43.080914,nan
2024-06-03T14:17:32,83.616020,-43.080650,nan
2024-06-03T14:17:31,83.615944,-43.080395,nan
2024-06-03T14:17:31,83.615868,-43.080139,nan
2024-06-03T14:17:30,83.615784,-43.079884,nan
2024-06-03T14:17:30,83.615707,-43.079636,nan
2024-06-03T14:17:29,83.615623,-43.079388,nan
2024-06-03T14:17:29,83.615547,-43.079144,nan
2024-06-03T14:17:28,83.615463,-43.078903,nan
2024-06-03T14:17:28,83.615387,-43.078663,nan
2024-06-03T14:17:27,83.615311,-43.078423,nan
2024-06-03T14:17:27,83.615227,-43.078186,nan
2024-06-03T14:17:26,83.615150,-43.077953,nan
2024-06-03T14:17:26,83.615067,-43.077721,nan
2024-06-03T14:17:25,83.614990,-43.077492,nan
2024-06-03T14:17:25,83.614906,-43.077267,nan
2024-06-03T14:17:24,83.614822,-43.077049,nan
2024-06-03T14:17:24,83.614746,-43.076836,nan
2024-06-03T14:17:23,83.614670,-43.076630,nan
2024-06-03T14:17:23,83.614586,-43.076427,nan
2024-06-03T14:17:22,83.614510,-43.076229,nan
2024-06-03T14:17:22,83.614426,-43.076035,nan
2024-06-03T14:17:21,83.614349,-43.075840,nan
2024-06-03T14:17:21,83.614273,-43.075645,nan
2024-06-03T14:17:20,83.614189,-43.075455,nan
2024-06-03T14:17:20,83.614113,-43.075264,nan
2024-06-03T14:17:19,83.614037,-43.075077,nan
2024-06-03T14:17:19,83.613960,-43.074898,nan
2024-06-03T14:17:18,83.613884,-43.074715,nan
2024-06-03T14:17:18,83.613815,-43.074524,nan
2024-06-03T14:17:17,83.613739,-43.074329,nan
2024-06-03T14:17:17,83.613663,-43.074131,nan
2024-06-03T14:17:16,83.613586,-43.073925,nan
2024-06-03T14:17:16,83.613518,-43.073719,nan
2024-06-03T14:17:15,83.613441,-43.073513,nan
2024-06-03T14:17:15,83.613373,-43.073303,nan
2024-06-03T14:17:14,83.613297,-43.073093,nan
2024-06-03T14:17:14,83.613228,-43.072868,nan
2024-06-03T14:17:13,83.613159,-43.072636,nan
2024-06-03T14:17:13,83.613083,-43.072395,nan
2024-06-03T14:17:12,83.613014,-43.072151,nan
2024-06-03T14:17:12,83.612946,-43.071896,nan
2024-06-03T14:17:11,83.612869,-43.071632,nan
2024-06-03T14:17:11,83.612801,-43.071365,nan
2024-06-03T14:17:10,83.612732,-43.071095,nan
2024-06-03T14:17:10,83.612663,-43.070827,nan
2024-06-03T14:17:09,83.612587,-43.070557,nan
2024-06-03T14:17:09,83.612518,-43.070286,nan
2024-06-03T14:17:08,83.612450,-43.070015,nan
2024-06-03T14:17:08,83.612373,-43.069740,nan
2024-06-03T14:17:07,83.612305,-43.069466,nan
2024-06-03T14:17:07,83.612236,-43.069180,nan
2024-06-03T14:17:06,83.612160,-43.068893,nan
2024-06-03T14:17:06,83.612091,-43.068604,nan
2024-06-03T14:17:05,83.612015,-43.068310,nan
2024-06-03T14:17:05,83.611946,-43.068008,nan
2024-06-03T14:17:04,83.611870,-43.067707,nan
2024-06-03T14:17:04,83.611794,-43.067402,nan
2024-06-03T14:17:03,83.611717,-43.067089,nan
2024-06-03T14:17:03,83.611649,-43.066769,nan
2024-06-03T14:17:02,83.611572,-43.066444,nan
2024-06-03T14:17:02,83.611496,-43.066109,nan
2024-06-03T14:17:01,83.611420,-43.065769,nan
2024-06-03T14:17:01,83.611343,-43.065426,nan
2024-06-03T14:17:00,83.611267,-43.065071,nan
2024-06-03T14:17:00,83.611191,-43.064713,nan
2024-06-03T14:16:59,83.611115,-43.064346,nan
2024-06-03T14:16:59,83.611038,-43.063976,nan
2024-06-03T14:16:58,83.610962,-43.063614,nan
2024-06-03T14:16:58,83.610886,-43.063244,nan
2024-06-03T14:16:57,83.610809,-43.062874,nan
2024-06-03T14:16:57,83.610733,-43.062504,nan
2024-06-03T14:16:56,83.610649,-43.062134,nan
2024-06-03T14:16:56,83.610573,-43.061768,nan
2024-06-03T14:16:55,83.610497,-43.061405,nan
2024-06-03T14:16:55,83.610413,-43.061043,nan
2024-06-03T14:16:54,83.610336,-43.060680,nan
2024-06-03T14:16:54,83.610252,-43.060322,nan
2024-06-03T14:16:53,83.610176,-43.059967,nan
2024-06-03T14:16:53,83.610092,-43.059612,nan
2024-06-03T14:16:52,83.610016,-43.059261,nan
2024-06-03T14:16:52,83.609932,-43.058910,nan
2024-06-03T14:16:51,83.609856,-43.058559,nan
2024-06-03T14:16:51,83.609772,-43.058212,nan
2024-06-03T14:16:50,83.609695,-43.057869,nan
2024-06-03T14:16:50,83.609612,-43.057529,nan
2024-06-03T14:16:49,83.609535,-43.057194,nan
2024-06-03T14:16:49,83.609459,-43.056862,nan
2024-06-03T14:16:48,83.609375,-43.056545,nan
2024-06-03T14:16:48,83.609299,-43.056236,nan
2024-06-03T14:16:47,83.609222,-43.055943,nan
2024-06-03T14:16:47,83.609138,-43.055653,nan
2024-06-03T14:16:46,83.609062,-43.055374,nan
2024-06-03T14:16:46,83.608986,-43.055103,nan
2024-06-03T14:16:45,83.608910,-43.054840,nan
2024-06-03T14:16:45,83.608841,-43.054577,nan
2024-06-03T14:16:44,83.608765,-43.054321,nan
2024-06-03T14:16:44,83.608696,-43.054070,nan
2024-06-03T14:16:43,83.608620,-43.053825,nan
2024-06-03T14:16:43,83.608551,-43.053600,nan
2024-06-03T14:16:42,83.608482,-43.053387,nan
2024-06-03T14:16:42,83.608414,-43.053181,nan
2024-06-03T14:16:41,83.608337,-43.052986,nan
2024-06-03T14:16:41,83.608269,-43.052799,nan
2024-06-03T14:16:40,83.608200,-43.052616,nan
2024-06-03T14:16:40,83.608131,-43.052437,nan
2024-06-03T14:16:39,83.608063,-43.052254,nan
2024-06-03T14:16:39,83.608002,-43.052071,nan
2024-06-03T14:16:38,83.607933,-43.051888,nan
2024-06-03T14:16:38,83.607864,-43.051704,nan
2024-06-03T14:16:37,83.607803,-43.051514,nan
2024-06-03T14:16:37,83.607742,-43.051315,nan
2024-06-03T14:16:36,83.607674,-43.051109,nan
2024-06-03T14:16:36,83.607613,-43.050900,nan
2024-06-03T14:16:35,83.607552,-43.050682,nan
2024-06-03T14:16:35,83.607491,-43.050453,nan
2024-06-03T14:16:34,83.607430,-43.050220,nan
2024-06-03T14:16:34,83.607368,-43.049992,nan
2024-06-03T14:16:33,83.607315,-43.049759,nan
2024-06-03T14:16:33,83.607254,-43.049526,nan
2024-06-03T14:16:32,83.607201,-43.049294,nan
2024-06-03T14:16:32,83.607147,-43.049065,nan
2024-06-03T14:16:31,83.607094,-43.048836,nan
2024-06-03T14:16:31,83.607040,-43.048599,nan
2024-06-03T14:16:30,83.606987,-43.048355,nan
2024-06-03T14:16:30,83.606941,-43.048103,nan
2024-06-03T14:16:29,83.606888,-43.047844,nan
2024-06-03T14:16:29,83.606834,-43.047573,nan
2024-06-03T14:16:28,83.606789,-43.047291,nan
2024-06-03T14:16:28,83.606735,-43.047009,nan
2024-06-03T14:16:27,83.606682,-43.046719,nan
2024-06-03T14:16:27,83.606628,-43.046429,nan
2024-06-03T14:16:26,83.606583,-43.046139,nan
2024-06-03T14:16:26,83.606529,-43.045849,nan
2024-06-03T14:16:25,83.606476,-43.045563,nan
2024-06-03T14:16:25,83.606422,-43.045284,nan
2024-06-03T14:16:24,83.606377,-43.045013,nan
2024-06-03T14:16:24,83.606323,-43.044746,nan
2024-06-03T14:16:23,83.606277,-43.044487,nan
2024-06-03T14:16:23,83.606224,-43.044231,nan
2024-06-03T14:16:22,83.606178,-43.043976,nan
2024-06-03T14:16:22,83.606133,-43.043724,nan
2024-06-03T14:16:21,83.606087,-43.043480,nan
2024-06-03T14:16:21,83.606041,-43.043247,nan
2024-06-03T14:16:20,83.605995,-43.043034,nan
2024-06-03T14:16:20,83.605942,-43.042824,nan
2024-06-03T14:16:19,83.605896,-43.042625,nan
2024-06-03T14:16:19,83.605850,-43.042435,nan
2024-06-03T14:16:18,83.605804,-43.042248,nan
2024-06-03T14:16:18,83.605759,-43.042065,nan
2024-06-03T14:16:17,83.605713,-43.041878,nan
2024-06-03T14:16:17,83.605675,-43.041695,nan
2024-06-03T14:16:16,83.605629,-43.041512,nan
2024-06-03T14:16:16,83.605583,-43.041328,nan
2024-06-03T14:16:15,83.605537,-43.041149,nan
2024-06-03T14:16:15,83.605499,-43.040970,nan
2024-06-03T14:16:14,83.605453,-43.040791,nan
2024-06-03T14:16:14,83.605415,-43.040611,nan
2024-06-03T14:16:13,83.605370,-43.040421,nan
2024-06-03T14:16:13,83.605331,-43.040230,nan
2024-06-03T14:16:12,83.605293,-43.040031,nan
2024-06-03T14:16:12,83.605255,-43.039841,nan
2024-06-03T14:16:11,83.605209,-43.039646,nan
2024-06-03T14:16:11,83.605171,-43.039452,nan
2024-06-03T14:16:10,83.605133,-43.039261,nan
2024-06-03T14:16:10,83.605095,-43.039070,nan
2024-06-03T14:16:09,83.605057,-43.038879,nan
2024-06-03T14:16:09,83.605026,-43.038685,nan
2024-06-03T14:16:08,83.604988,-43.038490,nan
2024-06-03T14:16:08,83.604950,-43.038288,nan
2024-06-03T14:16:07,83.604912,-43.038086,nan
2024-06-03T14:16:07,83.604881,-43.037880,nan
2024-06-03T14:16:06,83.604843,-43.037670,nan
2024-06-03T14:16:06,83.604805,-43.037460,nan
2024-06-03T14:16:05,83.604767,-43.037254,nan
2024-06-03T14:16:05,83.604736,-43.037045,nan
2024-06-03T14:16:04,83.604698,-43.036831,nan
2024-06-03T14:16:04,83.604660,-43.036617,nan
2024-06-03T14:16:03,83.604622,-43.036400,nan
2024-06-03T14:16:03,83.604576,-43.036179,nan
2024-06-03T14:16:02,83.604538,-43.035954,nan
2024-06-03T14:16:02,83.604500,-43.035732,nan
2024-06-03T14:16:01,83.604454,-43.035515,nan
2024-06-03T14:16:01,83.604416,-43.035297,nan
2024-06-03T14:16:00,83.604370,-43.035076,nan
2024-06-03T14:16:00,83.604332,-43.034855,nan
2024-06-03T14:15:59,83.604294,-43.034637,nan
2024-06-03T14:15:59,83.604256,-43.034424,nan
2024-06-03T14:15:58,83.604218,-43.034206,nan
2024-06-03T14:15:58,83.604172,-43.033989,nan
2024-06-03T14:15:57,83.604134,-43.033779,nan
2024-06-03T14:15:57,83.604103,-43.033566,nan
2024-06-03T14:15:56,83.604065,-43.033352,nan
2024-06-03T14:15:56,83.604027,-43.033142,nan
2024-06-03T14:15:55,83.603996,-43.032928,nan
2024-06-03T14:15:55,83.603966,-43.032715,nan
2024-06-03T14:15:54,83.603928,-43.032494,nan
2024-06-03T14:15:54,83.603897,-43.032269,nan
2024-06-03T14:15:53,83.603867,-43.032047,nan
2024-06-03T14:15:53,83.603836,-43.031818,nan
2024-06-03T14:15:52,83.603806,-43.031590,nan
2024-06-03T14:15:52,83.603783,-43.031368,nan
2024-06-03T14:15:51,83.603752,-43.031151,nan
2024-06-03T14:15:51,83.603722,-43.030922,nan
2024-06-03T14:15:50,83.603699,-43.030697,nan
2024-06-03T14:15:50,83.603668,-43.030472,nan
2024-06-03T14:15:49,83.603645,-43.030243,nan
2024-06-03T14:15:49,83.603615,-43.030022,nan
2024-06-03T14:15:48,83.603592,-43.029816,nan
2024-06-03T14:15:48,83.603569,-43.029617,nan
2024-06-03T14:15:47,83.603539,-43.029423,nan
2024-06-03T14:15:47,83.603516,-43.029221,nan
2024-06-03T14:15:46,83.603493,-43.029026,nan
2024-06-03T14:15:46,83.603470,-43.028820,nan
2024-06-03T14:15:45,83.603447,-43.028614,nan
2024-06-03T14:15:45,83.603424,-43.028400,nan
2024-06-03T14:15:44,83.603401,-43.028187,nan
2024-06-03T14:15:44,83.603378,-43.027969,nan
2024-06-03T14:15:43,83.603355,-43.027748,nan
2024-06-03T14:15:43,83.603333,-43.027519,nan
2024-06-03T14:15:42,83.603310,-43.027294,nan
2024-06-03T14:15:42,83.603287,-43.027073,nan
2024-06-03T14:15:41,83.603264,-43.026855,nan
2024-06-03T14:15:41,83.603241,-43.026638,nan
2024-06-03T14:15:40,83.603226,-43.026428,nan
2024-06-03T14:15:40,83.603203,-43.026218,nan
2024-06-03T14:15:39,83.603180,-43.026012,nan
2024-06-03T14:15:39,83.603165,-43.025814,nan
2024-06-03T14:15:38,83.603149,-43.025616,nan
2024-06-03T14:15:38,83.603127,-43.025414,nan
2024-06-03T14:15:37,83.603111,-43.025208,nan
2024-06-03T14:15:37,83.603096,-43.025009,nan
2024-06-03T14:15:36,83.603081,-43.024807,nan
2024-06-03T14:15:36,83.603058,-43.024601,nan
2024-06-03T14:15:35,83.603043,-43.024395,nan
2024-06-03T14:15:35,83.603020,-43.024197,nan
2024-06-03T14:15:34,83.603004,-43.023994,nan
2024-06-03T14:15:34,83.602982,-43.023788,nan
2024-06-03T14:15:33,83.602966,-43.023590,nan
2024-06-03T14:15:33,83.602943,-43.023392,nan
2024-06-03T14:15:32,83.602921,-43.023197,nan
2024-06-03T14:15:32,83.602898,-43.023003,nan
2024-06-03T14:15:31,83.602882,-43.022808,nan
2024-06-03T14:15:31,83.602859,-43.022614,nan
2024-06-03T14:15:30,83.602837,-43.022427,nan
2024-06-03T14:15:30,83.602821,-43.022243,nan
2024-06-03T14:15:29,83.602798,-43.022064,nan
2024-06-03T14:15:29,83.602783,-43.021896,nan
2024-06-03T14:15:28,83.602760,-43.021736,nan
2024-06-03T14:15:28,83.602737,-43.021568,nan
2024-06-03T14:15:27,83.602722,-43.021408,nan
2024-06-03T14:15:27,83.602699,-43.021244,nan
2024-06-03T14:15:26,83.602676,-43.021088,nan
2024-06-03T14:15:26,83.602661,-43.020939,nan
2024-06-03T14:15:25,83.602638,-43.020798,nan
2024-06-03T14:15:25,83.602623,-43.020657,nan
2024-06-03T14:15:24,83.602608,-43.020515,nan
2024-06-03T14:15:24,83.602585,-43.020378,nan
2024-06-03T14:15:23,83.602570,-43.020245,nan
2024-06-03T14:15:23,83.602554,-43.020103,nan
2024-06-03T14:15:22,83.602539,-43.019970,nan
2024-06-03T14:15:22,83.602524,-43.019840,nan
2024-06-03T14:15:21,83.602509,-43.019714,nan
2024-06-03T14:15:21,83.602493,-43.019588,nan
2024-06-03T14:15:20,83.602478,-43.019451,nan
2024-06-03T14:15:20,83.602463,-43.019314,nan
2024-06-03T14:15:19,83.602448,-43.019165,nan
2024-06-03T14:15:19,83.602432,-43.019009,nan
2024-06-03T14:15:18,83.602417,-43.018848,nan
2024-06-03T14:15:18,83.602402,-43.018681,nan
2024-06-03T14:15:17,83.602386,-43.018497,nan
2024-06-03T14:15:17,83.602371,-43.018318,nan
2024-06-03T14:15:16,83.602356,-43.018131,nan
2024-06-03T14:15:16,83.602341,-43.017929,nan
2024-06-03T14:15:15,83.602318,-43.017727,nan
2024-06-03T14:15:15,83.602303,-43.017521,nan
2024-06-03T14:15:14,83.602287,-43.017311,nan
2024-06-03T14:15:14,83.602264,-43.017090,nan
2024-06-03T14:15:13,83.602249,-43.016869,nan
2024-06-03T14:15:13,83.602226,-43.016647,nan
2024-06-03T14:15:12,83.602203,-43.016438,nan
2024-06-03T14:15:12,83.602188,-43.016235,nan
2024-06-03T14:15:11,83.602165,-43.016037,nan
2024-06-03T14:15:11,83.602142,-43.015839,nan
2024-06-03T14:15:10,83.602119,-43.015640,nan
2024-06-03T14:15:10,83.602104,-43.015438,nan
2024-06-03T14:15:09,83.602081,-43.015224,nan
2024-06-03T14:15:09,83.602058,-43.015015,nan
2024-06-03T14:15:08,83.602036,-43.014793,nan
2024-06-03T14:15:08,83.602013,-43.014572,nan
2024-06-03T14:15:07,83.601990,-43.014355,nan
2024-06-03T14:15:07,83.601967,-43.014133,nan
2024-06-03T14:15:06,83.601944,-43.013908,nan
2024-06-03T14:15:06,83.601929,-43.013691,nan
2024-06-03T14:15:05,83.601906,-43.013470,nan
2024-06-03T14:15:05,83.601883,-43.013252,nan
2024-06-03T14:15:04,83.601868,-43.013042,nan
2024-06-03T14:15:04,83.601845,-43.012836,nan
2024-06-03T14:15:03,83.601830,-43.012638,nan
2024-06-03T14:15:03,83.601814,-43.012444,nan
2024-06-03T14:15:02,83.601799,-43.012253,nan
2024-06-03T14:15:02,83.601791,-43.012062,nan
2024-06-03T14:15:01,83.601776,-43.011875,nan
2024-06-03T14:15:01,83.601768,-43.011681,nan
2024-06-03T14:15:00,83.601753,-43.011482,nan
2024-06-03T14:15:00,83.601753,-43.011284,nan
2024-06-03T14:14:59,83.601746,-43.011078,nan
2024-06-03T14:14:59,83.601738,-43.010868,nan
2024-06-03T14:14:58,83.601730,-43.010654,nan
2024-06-03T14:14:58,83.601723,-43.010441,nan
2024-06-03T14:14:57,83.601715,-43.010223,nan
2024-06-03T14:14:57,83.601707,-43.009991,nan
2024-06-03T14:14:56,83.601707,-43.009766,nan
2024-06-03T14:14:56,83.601707,-43.009537,nan
2024-06-03T14:14:55,83.601730,-43.009274,nan
2024-06-03T14:14:55,83.601822,-43.009003,nan
2024-06-03T14:14:54,83.602043,-43.008682,nan
2024-06-03T14:14:54,83.602631,-43.008293,nan
2024-06-03T14:14:53,83.603462,-43.007847,nan
2024-06-03T14:14:46,83.601601,-43.004982,nan
2024-06-03T14:14:46,83.600594,-43.004971,nan
2024-06-03T14:14:45,83.599579,-43.004906,nan
