datetime,lat,lon,elev
2024-08-16T12:25:54,72.413261,-64.195877,nan
2024-08-16T12:25:54,72.413284,-64.195946,nan
2024-08-16T12:25:53,72.413315,-64.196014,nan
2024-08-16T12:25:53,72.413345,-64.196083,nan
2024-08-16T12:25:52,72.413376,-64.196144,nan
2024-08-16T12:25:52,72.413406,-64.196213,nan
2024-08-16T12:25:51,72.413429,-64.196289,nan
2024-08-16T12:25:51,72.413460,-64.196365,nan
2024-08-16T12:25:50,72.413490,-64.196442,nan
2024-08-16T12:25:50,72.413521,-64.196518,nan
2024-08-16T12:25:49,72.413551,-64.196594,nan
2024-08-16T12:25:49,72.413582,-64.196671,nan
2024-08-16T12:25:48,72.413612,-64.196747,nan
2024-08-16T12:25:48,72.413643,-64.196815,nan
2024-08-16T12:25:47,72.413666,-64.196892,nan
2024-08-16T12:25:47,72.413696,-64.196968,nan
2024-08-16T12:25:46,72.413727,-64.197044,nan
2024-08-16T12:25:46,72.413757,-64.197121,nan
2024-08-16T12:25:45,72.413788,-64.197197,nan
2024-08-16T12:25:45,72.413818,-64.197273,nan
2024-08-16T12:25:44,72.413849,-64.197357,nan
2024-08-16T12:25:44,72.413879,-64.197433,nan
2024-08-16T12:25:43,72.413910,-64.197517,nan
2024-08-16T12:25:43,72.413933,-64.197601,nan
2024-08-16T12:25:42,72.413963,-64.197693,nan
2024-08-16T12:25:42,72.413994,-64.197777,nan
2024-08-16T12:25:41,72.414024,-64.197861,nan
2024-08-16T12:25:41,72.414055,-64.197945,nan
2024-08-16T12:25:40,72.414078,-64.198029,nan
2024-08-16T12:25:40,72.414108,-64.198112,nan
2024-08-16T12:25:39,72.414139,-64.198204,nan
2024-08-16T12:25:39,72.414169,-64.198288,nan
2024-08-16T12:25:38,72.414192,-64.198372,nan
2024-08-16T12:25:38,72.414223,-64.198456,nan
2024-08-16T12:25:37,72.414253,-64.198532,nan
2024-08-16T12:25:37,72.414276,-64.198624,nan
2024-08-16T12:25:36,72.414307,-64.198708,nan
2024-08-16T12:25:36,72.414330,-64.198792,nan
2024-08-16T12:25:35,72.414360,-64.198883,nan
2024-08-16T12:25:35,72.414383,-64.198975,nan
2024-08-16T12:25:34,72.414406,-64.199074,nan
2024-08-16T12:25:34,72.414429,-64.199165,nan
2024-08-16T12:25:33,72.414452,-64.199257,nan
2024-08-16T12:25:33,72.414474,-64.199348,nan
2024-08-16T12:25:32,72.414497,-64.199432,nan
2024-08-16T12:25:32,72.414520,-64.199516,nan
2024-08-16T12:25:31,72.414543,-64.199593,nan
2024-08-16T12:25:31,72.414558,-64.199677,nan
2024-08-16T12:25:30,72.414581,-64.199753,nan
2024-08-16T12:25:30,72.414604,-64.199821,nan
2024-08-16T12:25:29,72.414627,-64.199898,nan
2024-08-16T12:25:29,72.414650,-64.199974,nan
2024-08-16T12:25:28,72.414665,-64.200050,nan
2024-08-16T12:25:28,72.414688,-64.200127,nan
2024-08-16T12:25:27,72.414711,-64.200203,nan
2024-08-16T12:25:27,72.414734,-64.200279,nan
2024-08-16T12:25:26,72.414757,-64.200363,nan
2024-08-16T12:25:26,72.414772,-64.200439,nan
2024-08-16T12:25:25,72.414795,-64.200523,nan
2024-08-16T12:25:25,72.414818,-64.200607,nan
2024-08-16T12:25:24,72.414841,-64.200691,nan
2024-08-16T12:25:24,72.414864,-64.200775,nan
2024-08-16T12:25:23,72.414879,-64.200859,nan
2024-08-16T12:25:23,72.414902,-64.200943,nan
2024-08-16T12:25:22,72.414925,-64.201027,nan
2024-08-16T12:25:22,72.414940,-64.201111,nan
2024-08-16T12:25:21,72.414963,-64.201195,nan
2024-08-16T12:25:21,72.414978,-64.201279,nan
2024-08-16T12:25:20,72.415001,-64.201363,nan
2024-08-16T12:25:20,72.415016,-64.201447,nan
2024-08-16T12:25:19,72.415031,-64.201530,nan
2024-08-16T12:25:19,72.415054,-64.201614,nan
2024-08-16T12:25:18,72.415070,-64.201698,nan
2024-08-16T12:25:18,72.415085,-64.201782,nan
2024-08-16T12:25:17,72.415108,-64.201866,nan
2024-08-16T12:25:17,72.415123,-64.201942,nan
2024-08-16T12:25:16,72.415138,-64.202026,nan
2024-08-16T12:25:16,72.415161,-64.202110,nan
2024-08-16T12:25:15,72.415176,-64.202194,nan
2024-08-16T12:25:15,72.415199,-64.202286,nan
2024-08-16T12:25:14,72.415215,-64.202370,nan
2024-08-16T12:25:14,72.415237,-64.202461,nan
2024-08-16T12:25:13,72.415260,-64.202545,nan
2024-08-16T12:25:13,72.415276,-64.202629,nan
2024-08-16T12:25:12,72.415298,-64.202713,nan
2024-08-16T12:25:12,72.415321,-64.202797,nan
2024-08-16T12:25:11,72.415344,-64.202881,nan
2024-08-16T12:25:11,72.415367,-64.202965,nan
2024-08-16T12:25:10,72.415390,-64.203049,nan
2024-08-16T12:25:10,72.415421,-64.203133,nan
2024-08-16T12:25:09,72.415443,-64.203209,nan
2024-08-16T12:25:09,72.415474,-64.203293,nan
2024-08-16T12:25:08,72.415504,-64.203377,nan
2024-08-16T12:25:08,72.415535,-64.203461,nan
2024-08-16T12:25:07,72.415565,-64.203545,nan
2024-08-16T12:25:07,72.415588,-64.203629,nan
2024-08-16T12:25:06,72.415619,-64.203712,nan
2024-08-16T12:25:06,72.415649,-64.203804,nan
2024-08-16T12:25:05,72.415680,-64.203896,nan
2024-08-16T12:25:05,72.415710,-64.203979,nan
2024-08-16T12:25:04,72.415741,-64.204071,nan
2024-08-16T12:25:04,72.415771,-64.204163,nan
2024-08-16T12:25:03,72.415802,-64.204254,nan
2024-08-16T12:25:03,72.415833,-64.204338,nan
2024-08-16T12:25:02,72.415863,-64.204422,nan
2024-08-16T12:25:02,72.415894,-64.204514,nan
2024-08-16T12:25:01,72.415924,-64.204597,nan
2024-08-16T12:25:01,72.415947,-64.204689,nan
2024-08-16T12:25:00,72.415977,-64.204781,nan
2024-08-16T12:25:00,72.416008,-64.204865,nan
2024-08-16T12:24:59,72.416039,-64.204964,nan
2024-08-16T12:24:59,72.416069,-64.205055,nan
2024-08-16T12:24:58,72.416100,-64.205147,nan
2024-08-16T12:24:58,72.416122,-64.205246,nan
2024-08-16T12:24:57,72.416153,-64.205345,nan
2024-08-16T12:24:57,72.416183,-64.205437,nan
2024-08-16T12:24:56,72.416222,-64.205536,nan
2024-08-16T12:24:56,72.416245,-64.205627,nan
2024-08-16T12:24:55,72.416283,-64.205727,nan
2024-08-16T12:24:55,72.416306,-64.205826,nan
2024-08-16T12:24:54,72.416336,-64.205917,nan
2024-08-16T12:24:54,72.416367,-64.206017,nan
2024-08-16T12:24:53,72.416397,-64.206116,nan
2024-08-16T12:24:53,72.416428,-64.206207,nan
2024-08-16T12:24:52,72.416451,-64.206299,nan
2024-08-16T12:24:52,72.416481,-64.206390,nan
2024-08-16T12:24:51,72.416512,-64.206482,nan
2024-08-16T12:24:51,72.416534,-64.206573,nan
2024-08-16T12:24:50,72.416565,-64.206665,nan
2024-08-16T12:24:50,72.416588,-64.206757,nan
2024-08-16T12:24:49,72.416618,-64.206841,nan
2024-08-16T12:24:49,72.416641,-64.206932,nan
2024-08-16T12:24:48,72.416672,-64.207024,nan
2024-08-16T12:24:48,72.416702,-64.207115,nan
2024-08-16T12:24:47,72.416733,-64.207207,nan
2024-08-16T12:24:47,72.416756,-64.207298,nan
2024-08-16T12:24:46,72.416786,-64.207390,nan
2024-08-16T12:24:46,72.416817,-64.207481,nan
2024-08-16T12:24:45,72.416847,-64.207573,nan
2024-08-16T12:24:45,72.416878,-64.207664,nan
2024-08-16T12:24:44,72.416908,-64.207748,nan
2024-08-16T12:24:44,72.416939,-64.207832,nan
2024-08-16T12:24:43,72.416962,-64.207916,nan
2024-08-16T12:24:43,72.416992,-64.207993,nan
2024-08-16T12:24:42,72.417023,-64.208069,nan
2024-08-16T12:24:42,72.417053,-64.208145,nan
2024-08-16T12:24:41,72.417076,-64.208221,nan
2024-08-16T12:24:41,72.417107,-64.208298,nan
2024-08-16T12:24:40,72.417130,-64.208374,nan
2024-08-16T12:24:40,72.417160,-64.208450,nan
2024-08-16T12:24:39,72.417183,-64.208527,nan
2024-08-16T12:24:39,72.417206,-64.208603,nan
2024-08-16T12:24:38,72.417236,-64.208679,nan
2024-08-16T12:24:38,72.417259,-64.208755,nan
2024-08-16T12:24:37,72.417282,-64.208832,nan
2024-08-16T12:24:37,72.417313,-64.208908,nan
2024-08-16T12:24:36,72.417336,-64.208984,nan
2024-08-16T12:24:36,72.417366,-64.209061,nan
2024-08-16T12:24:35,72.417389,-64.209129,nan
2024-08-16T12:24:35,72.417419,-64.209206,nan
2024-08-16T12:24:34,72.417442,-64.209274,nan
2024-08-16T12:24:34,72.417465,-64.209343,nan
2024-08-16T12:24:33,72.417496,-64.209412,nan
2024-08-16T12:24:33,72.417519,-64.209480,nan
2024-08-16T12:24:32,72.417549,-64.209557,nan
2024-08-16T12:24:32,72.417572,-64.209625,nan
2024-08-16T12:24:31,72.417603,-64.209694,nan
2024-08-16T12:24:31,72.417625,-64.209763,nan
2024-08-16T12:24:30,72.417656,-64.209831,nan
2024-08-16T12:24:30,72.417679,-64.209900,nan
2024-08-16T12:24:29,72.417709,-64.209969,nan
2024-08-16T12:24:29,72.417740,-64.210030,nan
2024-08-16T12:24:28,72.417770,-64.210098,nan
2024-08-16T12:24:28,72.417793,-64.210159,nan
2024-08-16T12:24:27,72.417824,-64.210220,nan
2024-08-16T12:24:27,72.417854,-64.210281,nan
2024-08-16T12:24:26,72.417885,-64.210342,nan
2024-08-16T12:24:26,72.417915,-64.210411,nan
2024-08-16T12:24:25,72.417946,-64.210472,nan
2024-08-16T12:24:25,72.417976,-64.210533,nan
2024-08-16T12:24:24,72.417999,-64.210594,nan
2024-08-16T12:24:24,72.418030,-64.210655,nan
2024-08-16T12:24:23,72.418060,-64.210709,nan
2024-08-16T12:24:23,72.418091,-64.210770,nan
2024-08-16T12:24:22,72.418121,-64.210831,nan
2024-08-16T12:24:22,72.418152,-64.210892,nan
2024-08-16T12:24:21,72.418182,-64.210945,nan
2024-08-16T12:24:21,72.418205,-64.211006,nan
2024-08-16T12:24:20,72.418236,-64.211067,nan
2024-08-16T12:24:20,72.418266,-64.211128,nan
2024-08-16T12:24:19,72.418297,-64.211189,nan
2024-08-16T12:24:19,72.418327,-64.211250,nan
2024-08-16T12:24:18,72.418358,-64.211311,nan
2024-08-16T12:24:18,72.418388,-64.211372,nan
2024-08-16T12:24:17,72.418419,-64.211441,nan
2024-08-16T12:24:17,72.418449,-64.211502,nan
2024-08-16T12:24:16,72.418472,-64.211563,nan
2024-08-16T12:24:16,72.418503,-64.211624,nan
2024-08-16T12:24:15,72.418533,-64.211685,nan
2024-08-16T12:24:15,72.418564,-64.211746,nan
2024-08-16T12:24:14,72.418594,-64.211807,nan
2024-08-16T12:24:14,72.418625,-64.211868,nan
2024-08-16T12:24:13,72.418655,-64.211937,nan
2024-08-16T12:24:13,72.418678,-64.211998,nan
2024-08-16T12:24:12,72.418709,-64.212051,nan
2024-08-16T12:24:12,72.418739,-64.212112,nan
2024-08-16T12:24:11,72.418770,-64.212173,nan
2024-08-16T12:24:11,72.418800,-64.212234,nan
2024-08-16T12:24:10,72.418831,-64.212296,nan
2024-08-16T12:24:10,72.418861,-64.212349,nan
2024-08-16T12:24:09,72.418892,-64.212410,nan
2024-08-16T12:24:09,72.418922,-64.212463,nan
2024-08-16T12:24:08,72.418953,-64.212524,nan
2024-08-16T12:24:08,72.418983,-64.212578,nan
2024-08-16T12:24:07,72.419014,-64.212631,nan
2024-08-16T12:24:07,72.419044,-64.212677,nan
2024-08-16T12:24:06,72.419075,-64.212730,nan
2024-08-16T12:24:06,72.419106,-64.212776,nan
2024-08-16T12:24:05,72.419136,-64.212822,nan
2024-08-16T12:24:05,72.419167,-64.212875,nan
2024-08-16T12:24:04,72.419205,-64.212921,nan
2024-08-16T12:24:04,72.419235,-64.212967,nan
2024-08-16T12:24:03,72.419266,-64.213020,nan
2024-08-16T12:24:03,72.419296,-64.213074,nan
2024-08-16T12:24:02,72.419319,-64.213127,nan
2024-08-16T12:24:02,72.419350,-64.213181,nan
2024-08-16T12:24:01,72.419380,-64.213226,nan
2024-08-16T12:24:01,72.419411,-64.213280,nan
2024-08-16T12:24:00,72.419434,-64.213333,nan
2024-08-16T12:24:00,72.419464,-64.213387,nan
2024-08-16T12:23:59,72.419487,-64.213432,nan
2024-08-16T12:23:59,72.419518,-64.213486,nan
2024-08-16T12:23:58,72.419540,-64.213531,nan
2024-08-16T12:23:58,72.419563,-64.213577,nan
2024-08-16T12:23:57,72.419586,-64.213615,nan
2024-08-16T12:23:57,72.419609,-64.213661,nan
2024-08-16T12:23:56,72.419640,-64.213699,nan
2024-08-16T12:23:56,72.419662,-64.213745,nan
2024-08-16T12:23:55,72.419685,-64.213791,nan
2024-08-16T12:23:55,72.419708,-64.213837,nan
2024-08-16T12:23:54,72.419724,-64.213890,nan
2024-08-16T12:23:54,72.419746,-64.213943,nan
2024-08-16T12:23:53,72.419769,-64.213997,nan
2024-08-16T12:23:53,72.419792,-64.214050,nan
2024-08-16T12:23:52,72.419815,-64.214104,nan
2024-08-16T12:23:52,72.419838,-64.214157,nan
2024-08-16T12:23:51,72.419853,-64.214218,nan
2024-08-16T12:23:51,72.419876,-64.214272,nan
2024-08-16T12:23:50,72.419891,-64.214333,nan
2024-08-16T12:23:50,72.419914,-64.214386,nan
2024-08-16T12:23:49,72.419930,-64.214439,nan
2024-08-16T12:23:49,72.419952,-64.214493,nan
2024-08-16T12:23:48,72.419968,-64.214546,nan
2024-08-16T12:23:48,72.419983,-64.214600,nan
2024-08-16T12:23:47,72.420006,-64.214645,nan
2024-08-16T12:23:47,72.420021,-64.214691,nan
2024-08-16T12:23:46,72.420036,-64.214745,nan
2024-08-16T12:23:46,72.420059,-64.214790,nan
2024-08-16T12:23:45,72.420074,-64.214836,nan
2024-08-16T12:23:45,72.420090,-64.214890,nan
2024-08-16T12:23:44,72.420113,-64.214935,nan
2024-08-16T12:23:44,72.420128,-64.214981,nan
2024-08-16T12:23:42,72.420181,-64.215126,nan
2024-08-16T12:23:42,72.420204,-64.215164,nan
2024-08-16T12:23:41,72.420219,-64.215210,nan
2024-08-16T12:23:41,72.420242,-64.215248,nan
2024-08-16T12:23:40,72.420265,-64.215294,nan
2024-08-16T12:23:40,72.420288,-64.215332,nan
2024-08-16T12:23:39,72.420311,-64.215378,nan
2024-08-16T12:23:39,72.420334,-64.215424,nan
2024-08-16T12:23:38,72.420357,-64.215462,nan
2024-08-16T12:23:38,72.420380,-64.215508,nan
2024-08-16T12:23:37,72.420410,-64.215553,nan
2024-08-16T12:23:37,72.420433,-64.215607,nan
2024-08-16T12:23:36,72.420456,-64.215652,nan
2024-08-16T12:23:36,72.420479,-64.215698,nan
2024-08-16T12:23:35,72.420502,-64.215752,nan
2024-08-16T12:23:35,72.420525,-64.215805,nan
2024-08-16T12:23:34,72.420547,-64.215851,nan
2024-08-16T12:23:34,72.420578,-64.215904,nan
2024-08-16T12:23:33,72.420601,-64.215958,nan
2024-08-16T12:23:33,72.420624,-64.216003,nan
2024-08-16T12:23:32,72.420647,-64.216057,nan
2024-08-16T12:23:32,72.420670,-64.216110,nan
2024-08-16T12:23:31,72.420692,-64.216156,nan
2024-08-16T12:23:31,72.420723,-64.216209,nan
2024-08-16T12:23:30,72.420746,-64.216255,nan
2024-08-16T12:23:30,72.420769,-64.216309,nan
2024-08-16T12:23:29,72.420792,-64.216354,nan
2024-08-16T12:23:29,72.420815,-64.216408,nan
2024-08-16T12:23:28,72.420837,-64.216454,nan
2024-08-16T12:23:28,72.420868,-64.216507,nan
2024-08-16T12:23:27,72.420891,-64.216553,nan
2024-08-16T12:23:27,72.420914,-64.216599,nan
2024-08-16T12:23:26,72.420937,-64.216644,nan
2024-08-16T12:23:26,72.420967,-64.216690,nan
2024-08-16T12:23:25,72.420990,-64.216736,nan
2024-08-16T12:23:25,72.421013,-64.216782,nan
2024-08-16T12:23:24,72.421043,-64.216827,nan
2024-08-16T12:23:24,72.421066,-64.216873,nan
2024-08-16T12:23:23,72.421089,-64.216911,nan
2024-08-16T12:23:23,72.421120,-64.216957,nan
2024-08-16T12:23:22,72.421143,-64.217003,nan
2024-08-16T12:23:22,72.421165,-64.217049,nan
2024-08-16T12:23:21,72.421196,-64.217087,nan
2024-08-16T12:23:21,72.421219,-64.217133,nan
2024-08-16T12:23:20,72.421249,-64.217171,nan
2024-08-16T12:23:20,72.421272,-64.217209,nan
2024-08-16T12:23:19,72.421303,-64.217255,nan
2024-08-16T12:23:19,72.421326,-64.217293,nan
2024-08-16T12:23:18,72.421349,-64.217339,nan
2024-08-16T12:23:18,72.421379,-64.217384,nan
2024-08-16T12:23:17,72.421402,-64.217422,nan
2024-08-16T12:23:17,72.421432,-64.217468,nan
2024-08-16T12:23:16,72.421463,-64.217514,nan
2024-08-16T12:23:16,72.421486,-64.217552,nan
2024-08-16T12:23:15,72.421516,-64.217598,nan
2024-08-16T12:23:15,72.421539,-64.217636,nan
2024-08-16T12:23:14,72.421570,-64.217674,nan
2024-08-16T12:23:14,72.421600,-64.217720,nan
2024-08-16T12:23:13,72.421623,-64.217758,nan
2024-08-16T12:23:13,72.421654,-64.217796,nan
2024-08-16T12:23:12,72.421677,-64.217834,nan
2024-08-16T12:23:12,72.421707,-64.217873,nan
2024-08-16T12:23:11,72.421738,-64.217911,nan
2024-08-16T12:23:11,72.421761,-64.217949,nan
2024-08-16T12:23:10,72.421783,-64.217987,nan
2024-08-16T12:23:10,72.421814,-64.218025,nan
2024-08-16T12:23:09,72.421837,-64.218063,nan
2024-08-16T12:23:09,72.421867,-64.218102,nan
2024-08-16T12:23:08,72.421890,-64.218132,nan
2024-08-16T12:23:08,72.421921,-64.218170,nan
2024-08-16T12:23:07,72.421944,-64.218208,nan
2024-08-16T12:23:07,72.421967,-64.218246,nan
2024-08-16T12:23:06,72.421997,-64.218277,nan
2024-08-16T12:23:06,72.422020,-64.218315,nan
2024-08-16T12:23:05,72.422043,-64.218353,nan
2024-08-16T12:23:05,72.422073,-64.218391,nan
2024-08-16T12:23:04,72.422096,-64.218422,nan
2024-08-16T12:23:04,72.422127,-64.218460,nan
2024-08-16T12:23:03,72.422150,-64.218491,nan
2024-08-16T12:23:03,72.422173,-64.218521,nan
2024-08-16T12:23:02,72.422203,-64.218559,nan
2024-08-16T12:23:02,72.422226,-64.218590,nan
2024-08-16T12:23:01,72.422249,-64.218620,nan
2024-08-16T12:23:01,72.422279,-64.218651,nan
2024-08-16T12:23:00,72.422302,-64.218681,nan
2024-08-16T12:23:00,72.422325,-64.218712,nan
2024-08-16T12:22:59,72.422348,-64.218742,nan
2024-08-16T12:22:59,72.422379,-64.218781,nan
2024-08-16T12:22:58,72.422401,-64.218803,nan
2024-08-16T12:22:58,72.422424,-64.218834,nan
2024-08-16T12:22:57,72.422447,-64.218864,nan
2024-08-16T12:22:57,72.422478,-64.218895,nan
2024-08-16T12:22:56,72.422501,-64.218918,nan
2024-08-16T12:22:56,72.422531,-64.218948,nan
2024-08-16T12:22:55,72.422554,-64.218979,nan
2024-08-16T12:22:55,72.422577,-64.219009,nan
2024-08-16T12:22:54,72.422607,-64.219048,nan
2024-08-16T12:22:54,72.422630,-64.219078,nan
2024-08-16T12:22:53,72.422661,-64.219109,nan
2024-08-16T12:22:53,72.422684,-64.219147,nan
2024-08-16T12:22:52,72.422714,-64.219177,nan
2024-08-16T12:22:52,72.422737,-64.219215,nan
2024-08-16T12:22:51,72.422768,-64.219254,nan
2024-08-16T12:22:51,72.422791,-64.219284,nan
2024-08-16T12:22:50,72.422821,-64.219322,nan
2024-08-16T12:22:50,72.422844,-64.219360,nan
2024-08-16T12:22:49,72.422874,-64.219406,nan
2024-08-16T12:22:49,72.422897,-64.219444,nan
2024-08-16T12:22:48,72.422928,-64.219482,nan
2024-08-16T12:22:48,72.422958,-64.219528,nan
2024-08-16T12:22:47,72.422981,-64.219566,nan
2024-08-16T12:22:47,72.423012,-64.219612,nan
2024-08-16T12:22:46,72.423042,-64.219650,nan
2024-08-16T12:22:46,72.423065,-64.219696,nan
2024-08-16T12:22:45,72.423096,-64.219742,nan
2024-08-16T12:22:45,72.423119,-64.219788,nan
2024-08-16T12:22:44,72.423149,-64.219833,nan
2024-08-16T12:22:44,72.423180,-64.219887,nan
2024-08-16T12:22:43,72.423203,-64.219933,nan
2024-08-16T12:22:43,72.423233,-64.219986,nan
2024-08-16T12:22:42,72.423264,-64.220032,nan
2024-08-16T12:22:42,72.423286,-64.220085,nan
2024-08-16T12:22:41,72.423317,-64.220139,nan
2024-08-16T12:22:41,72.423347,-64.220192,nan
2024-08-16T12:22:40,72.423378,-64.220245,nan
2024-08-16T12:22:40,72.423409,-64.220299,nan
2024-08-16T12:22:39,72.423439,-64.220352,nan
2024-08-16T12:22:39,72.423470,-64.220406,nan
2024-08-16T12:22:38,72.423508,-64.220467,nan
2024-08-16T12:22:38,72.423538,-64.220520,nan
2024-08-16T12:22:37,72.423569,-64.220581,nan
2024-08-16T12:22:37,72.423599,-64.220642,nan
2024-08-16T12:22:36,72.423630,-64.220703,nan
2024-08-16T12:22:36,72.423653,-64.220764,nan
2024-08-16T12:22:35,72.423683,-64.220825,nan
2024-08-16T12:22:35,72.423714,-64.220894,nan
2024-08-16T12:22:34,72.423737,-64.220963,nan
2024-08-16T12:22:34,72.423767,-64.221031,nan
2024-08-16T12:22:33,72.423798,-64.221100,nan
2024-08-16T12:22:33,72.423820,-64.221169,nan
2024-08-16T12:22:32,72.423851,-64.221245,nan
2024-08-16T12:22:32,72.423874,-64.221313,nan
2024-08-16T12:22:31,72.423904,-64.221390,nan
2024-08-16T12:22:31,72.423927,-64.221466,nan
2024-08-16T12:22:30,72.423950,-64.221542,nan
2024-08-16T12:22:30,72.423981,-64.221619,nan
2024-08-16T12:22:29,72.424004,-64.221687,nan
2024-08-16T12:22:29,72.424026,-64.221764,nan
2024-08-16T12:22:28,72.424057,-64.221840,nan
2024-08-16T12:22:28,72.424080,-64.221909,nan
2024-08-16T12:22:27,72.424103,-64.221985,nan
2024-08-16T12:22:27,72.424133,-64.222054,nan
2024-08-16T12:22:26,72.424156,-64.222130,nan
2024-08-16T12:22:26,72.424179,-64.222206,nan
2024-08-16T12:22:25,72.424210,-64.222275,nan
2024-08-16T12:22:25,72.424232,-64.222351,nan
2024-08-16T12:22:24,72.424263,-64.222427,nan
2024-08-16T12:22:24,72.424286,-64.222496,nan
2024-08-16T12:22:23,72.424316,-64.222572,nan
2024-08-16T12:22:23,72.424339,-64.222641,nan
2024-08-16T12:22:22,72.424370,-64.222710,nan
2024-08-16T12:22:22,72.424393,-64.222778,nan
2024-08-16T12:22:21,72.424423,-64.222847,nan
2024-08-16T12:22:21,72.424454,-64.222916,nan
2024-08-16T12:22:20,72.424477,-64.222984,nan
2024-08-16T12:22:20,72.424500,-64.223053,nan
2024-08-16T12:22:19,72.424530,-64.223122,nan
2024-08-16T12:22:19,72.424553,-64.223183,nan
2024-08-16T12:22:18,72.424583,-64.223244,nan
2024-08-16T12:22:18,72.424606,-64.223312,nan
2024-08-16T12:22:17,72.424629,-64.223373,nan
2024-08-16T12:22:17,72.424652,-64.223442,nan
2024-08-16T12:22:16,72.424683,-64.223511,nan
2024-08-16T12:22:16,72.424706,-64.223579,nan
2024-08-16T12:22:15,72.424728,-64.223640,nan
2024-08-16T12:22:15,72.424759,-64.223709,nan
2024-08-16T12:22:14,72.424782,-64.223778,nan
2024-08-16T12:22:14,72.424805,-64.223839,nan
2024-08-16T12:22:13,72.424835,-64.223900,nan
2024-08-16T12:22:13,72.424858,-64.223969,nan
2024-08-16T12:22:12,72.424889,-64.224030,nan
2024-08-16T12:22:12,72.424919,-64.224098,nan
2024-08-16T12:22:11,72.424942,-64.224159,nan
2024-08-16T12:22:11,72.424973,-64.224220,nan
2024-08-16T12:22:10,72.425003,-64.224289,nan
2024-08-16T12:22:10,72.425034,-64.224350,nan
2024-08-16T12:22:09,72.425064,-64.224411,nan
2024-08-16T12:22:09,72.425095,-64.224472,nan
2024-08-16T12:22:08,72.425125,-64.224533,nan
2024-08-16T12:22:08,72.425156,-64.224594,nan
2024-08-16T12:22:07,72.425186,-64.224655,nan
2024-08-16T12:22:07,72.425217,-64.224716,nan
2024-08-16T12:22:06,72.425247,-64.224777,nan
2024-08-16T12:22:06,72.425278,-64.224831,nan
2024-08-16T12:22:05,72.425308,-64.224892,nan
2024-08-16T12:22:05,72.425346,-64.224945,nan
2024-08-16T12:22:04,72.425377,-64.224998,nan
2024-08-16T12:22:04,72.425407,-64.225052,nan
2024-08-16T12:22:03,72.425438,-64.225105,nan
2024-08-16T12:22:03,72.425468,-64.225151,nan
2024-08-16T12:22:02,72.425499,-64.225197,nan
2024-08-16T12:22:02,72.425529,-64.225243,nan
2024-08-16T12:22:01,72.425560,-64.225288,nan
2024-08-16T12:22:01,72.425598,-64.225327,nan
2024-08-16T12:22:00,72.425629,-64.225365,nan
2024-08-16T12:22:00,72.425659,-64.225403,nan
2024-08-16T12:21:59,72.425690,-64.225433,nan
2024-08-16T12:21:59,72.425720,-64.225471,nan
2024-08-16T12:21:58,72.425751,-64.225502,nan
2024-08-16T12:21:58,72.425781,-64.225525,nan
2024-08-16T12:21:57,72.425819,-64.225555,nan
2024-08-16T12:21:57,72.425850,-64.225578,nan
2024-08-16T12:21:56,72.425880,-64.225601,nan
2024-08-16T12:21:56,72.425919,-64.225624,nan
2024-08-16T12:21:55,72.425949,-64.225639,nan
2024-08-16T12:21:55,72.425980,-64.225662,nan
2024-08-16T12:21:54,72.426010,-64.225677,nan
2024-08-16T12:21:54,72.426041,-64.225693,nan
2024-08-16T12:21:53,72.426079,-64.225716,nan
2024-08-16T12:21:53,72.426109,-64.225731,nan
2024-08-16T12:21:52,72.426140,-64.225754,nan
2024-08-16T12:21:52,72.426170,-64.225769,nan
2024-08-16T12:21:51,72.426201,-64.225784,nan
2024-08-16T12:21:51,72.426231,-64.225800,nan
2024-08-16T12:21:50,72.426262,-64.225815,nan
2024-08-16T12:21:50,72.426292,-64.225830,nan
2024-08-16T12:21:49,72.426323,-64.225845,nan
2024-08-16T12:21:49,72.426353,-64.225861,nan
2024-08-16T12:21:48,72.426384,-64.225876,nan
2024-08-16T12:21:48,72.426414,-64.225891,nan
2024-08-16T12:21:47,72.426445,-64.225906,nan
2024-08-16T12:21:47,72.426476,-64.225922,nan
2024-08-16T12:21:46,72.426506,-64.225929,nan
2024-08-16T12:21:46,72.426537,-64.225945,nan
2024-08-16T12:21:45,72.426567,-64.225952,nan
2024-08-16T12:21:45,72.426598,-64.225967,nan
2024-08-16T12:21:44,72.426636,-64.225975,nan
2024-08-16T12:21:44,72.426666,-64.225990,nan
2024-08-16T12:21:43,72.426697,-64.225998,nan
2024-08-16T12:21:43,72.426727,-64.226013,nan
2024-08-16T12:21:42,72.426758,-64.226028,nan
2024-08-16T12:21:42,72.426788,-64.226036,nan
2024-08-16T12:21:41,72.426819,-64.226051,nan
2024-08-16T12:21:41,72.426849,-64.226067,nan
2024-08-16T12:21:40,72.426880,-64.226074,nan
2024-08-16T12:21:40,72.426910,-64.226089,nan
2024-08-16T12:21:39,72.426941,-64.226105,nan
2024-08-16T12:21:39,72.426971,-64.226112,nan
2024-08-16T12:21:38,72.427002,-64.226128,nan
2024-08-16T12:21:38,72.427032,-64.226135,nan
2024-08-16T12:21:37,72.427063,-64.226151,nan
2024-08-16T12:21:37,72.427101,-64.226158,nan
2024-08-16T12:21:36,72.427132,-64.226166,nan
2024-08-16T12:21:36,72.427162,-64.226173,nan
2024-08-16T12:21:35,72.427193,-64.226181,nan
2024-08-16T12:21:35,72.427231,-64.226189,nan
2024-08-16T12:21:34,72.427261,-64.226189,nan
2024-08-16T12:21:34,72.427299,-64.226196,nan
2024-08-16T12:21:33,72.427330,-64.226196,nan
2024-08-16T12:21:33,72.427368,-64.226196,nan
2024-08-16T12:21:32,72.427399,-64.226196,nan
2024-08-16T12:21:32,72.427429,-64.226189,nan
2024-08-16T12:21:31,72.427467,-64.226189,nan
2024-08-16T12:21:31,72.427498,-64.226189,nan
2024-08-16T12:21:30,72.427536,-64.226181,nan
2024-08-16T12:21:30,72.427574,-64.226181,nan
2024-08-16T12:21:29,72.427605,-64.226173,nan
2024-08-16T12:21:29,72.427643,-64.226173,nan
2024-08-16T12:21:28,72.427681,-64.226166,nan
2024-08-16T12:21:28,72.427719,-64.226166,nan
2024-08-16T12:21:27,72.427750,-64.226158,nan
2024-08-16T12:21:27,72.427788,-64.226158,nan
2024-08-16T12:21:26,72.427826,-64.226158,nan
2024-08-16T12:21:26,72.427856,-64.226151,nan
2024-08-16T12:21:25,72.427895,-64.226151,nan
2024-08-16T12:21:25,72.427933,-64.226151,nan
2024-08-16T12:21:24,72.427971,-64.226143,nan
2024-08-16T12:21:24,72.428009,-64.226143,nan
2024-08-16T12:21:23,72.428040,-64.226143,nan
2024-08-16T12:21:23,72.428078,-64.226135,nan
2024-08-16T12:21:22,72.428116,-64.226135,nan
2024-08-16T12:21:22,72.428154,-64.226128,nan
2024-08-16T12:21:21,72.428192,-64.226128,nan
2024-08-16T12:21:21,72.428230,-64.226128,nan
2024-08-16T12:21:20,72.428261,-64.226120,nan
2024-08-16T12:21:20,72.428299,-64.226120,nan
2024-08-16T12:21:19,72.428337,-64.226112,nan
2024-08-16T12:21:19,72.428375,-64.226112,nan
2024-08-16T12:21:18,72.428406,-64.226105,nan
2024-08-16T12:21:18,72.428444,-64.226105,nan
2024-08-16T12:21:17,72.428482,-64.226097,nan
2024-08-16T12:21:17,72.428520,-64.226097,nan
2024-08-16T12:21:16,72.428551,-64.226089,nan
2024-08-16T12:21:16,72.428589,-64.226089,nan
2024-08-16T12:21:15,72.428627,-64.226082,nan
2024-08-16T12:21:15,72.428658,-64.226082,nan
2024-08-16T12:21:14,72.428696,-64.226074,nan
2024-08-16T12:21:14,72.428734,-64.226074,nan
2024-08-16T12:21:13,72.428772,-64.226067,nan
2024-08-16T12:21:13,72.428802,-64.226067,nan
2024-08-16T12:21:12,72.428841,-64.226067,nan
2024-08-16T12:21:12,72.428879,-64.226059,nan
2024-08-16T12:21:11,72.428917,-64.226059,nan
2024-08-16T12:21:11,72.428947,-64.226051,nan
2024-08-16T12:21:10,72.428986,-64.226051,nan
2024-08-16T12:21:10,72.429024,-64.226044,nan
2024-08-16T12:21:09,72.429062,-64.226044,nan
2024-08-16T12:21:09,72.429100,-64.226036,nan
2024-08-16T12:21:08,72.429131,-64.226036,nan
2024-08-16T12:21:08,72.429169,-64.226028,nan
2024-08-16T12:21:07,72.429207,-64.226028,nan
2024-08-16T12:21:07,72.429245,-64.226021,nan
2024-08-16T12:21:06,72.429283,-64.226021,nan
2024-08-16T12:21:06,72.429314,-64.226013,nan
2024-08-16T12:21:05,72.429352,-64.226013,nan
2024-08-16T12:21:05,72.429390,-64.226006,nan
2024-08-16T12:21:04,72.429428,-64.225998,nan
2024-08-16T12:21:04,72.429466,-64.225998,nan
2024-08-16T12:21:03,72.429504,-64.225990,nan
2024-08-16T12:21:03,72.429543,-64.225983,nan
2024-08-16T12:21:02,72.429573,-64.225975,nan
2024-08-16T12:21:02,72.429611,-64.225967,nan
2024-08-16T12:21:01,72.429649,-64.225960,nan
2024-08-16T12:21:01,72.429688,-64.225952,nan
2024-08-16T12:21:00,72.429726,-64.225937,nan
2024-08-16T12:21:00,72.429764,-64.225929,nan
2024-08-16T12:20:59,72.429794,-64.225922,nan
2024-08-16T12:20:59,72.429832,-64.225914,nan
2024-08-16T12:20:58,72.429871,-64.225899,nan
2024-08-16T12:20:58,72.429909,-64.225891,nan
2024-08-16T12:20:57,72.429947,-64.225883,nan
2024-08-16T12:20:57,72.429985,-64.225876,nan
2024-08-16T12:20:56,72.430023,-64.225861,nan
2024-08-16T12:20:56,72.430061,-64.225853,nan
2024-08-16T12:20:55,72.430099,-64.225845,nan
2024-08-16T12:20:55,72.430138,-64.225838,nan
2024-08-16T12:20:54,72.430168,-64.225822,nan
2024-08-16T12:20:54,72.430206,-64.225815,nan
2024-08-16T12:20:53,72.430244,-64.225807,nan
2024-08-16T12:20:53,72.430283,-64.225792,nan
2024-08-16T12:20:52,72.430321,-64.225784,nan
2024-08-16T12:20:52,72.430359,-64.225777,nan
2024-08-16T12:20:51,72.430397,-64.225761,nan
2024-08-16T12:20:51,72.430435,-64.225754,nan
2024-08-16T12:20:50,72.430473,-64.225739,nan
2024-08-16T12:20:50,72.430511,-64.225723,nan
2024-08-16T12:20:49,72.430550,-64.225716,nan
2024-08-16T12:20:49,72.430588,-64.225700,nan
2024-08-16T12:20:48,72.430618,-64.225685,nan
2024-08-16T12:20:48,72.430664,-64.225677,nan
2024-08-16T12:20:47,72.430702,-64.225662,nan
2024-08-16T12:20:47,72.430740,-64.225647,nan
2024-08-16T12:20:46,72.430779,-64.225639,nan
2024-08-16T12:20:46,72.430817,-64.225624,nan
2024-08-16T12:20:45,72.430855,-64.225609,nan
2024-08-16T12:20:45,72.430893,-64.225594,nan
2024-08-16T12:20:44,72.430931,-64.225586,nan
2024-08-16T12:20:44,72.430969,-64.225571,nan
2024-08-16T12:20:43,72.431007,-64.225555,nan
2024-08-16T12:20:43,72.431053,-64.225548,nan
2024-08-16T12:20:42,72.431091,-64.225533,nan
2024-08-16T12:20:42,72.431129,-64.225525,nan
2024-08-16T12:20:41,72.431168,-64.225510,nan
2024-08-16T12:20:41,72.431206,-64.225494,nan
2024-08-16T12:20:40,72.431252,-64.225487,nan
2024-08-16T12:20:40,72.431290,-64.225471,nan
2024-08-16T12:20:39,72.431328,-64.225456,nan
2024-08-16T12:20:39,72.431366,-64.225449,nan
2024-08-16T12:20:38,72.431404,-64.225441,nan
2024-08-16T12:20:38,72.431442,-64.225426,nan
2024-08-16T12:20:37,72.431488,-64.225418,nan
2024-08-16T12:20:37,72.431526,-64.225410,nan
2024-08-16T12:20:36,72.431564,-64.225403,nan
2024-08-16T12:20:36,72.431602,-64.225395,nan
2024-08-16T12:20:35,72.431648,-64.225388,nan
2024-08-16T12:20:35,72.431686,-64.225372,nan
2024-08-16T12:20:34,72.431725,-64.225365,nan
2024-08-16T12:20:34,72.431770,-64.225357,nan
2024-08-16T12:20:33,72.431808,-64.225349,nan
2024-08-16T12:20:33,72.431847,-64.225342,nan
2024-08-16T12:20:32,72.431892,-64.225327,nan
2024-08-16T12:20:32,72.431931,-64.225319,nan
2024-08-16T12:20:31,72.431969,-64.225311,nan
2024-08-16T12:20:31,72.432014,-64.225304,nan
2024-08-16T12:20:30,72.432053,-64.225296,nan
2024-08-16T12:20:30,72.432098,-64.225288,nan
2024-08-16T12:20:29,72.432137,-64.225288,nan
2024-08-16T12:20:29,72.432182,-64.225281,nan
2024-08-16T12:20:28,72.432228,-64.225273,nan
2024-08-16T12:20:28,72.432266,-64.225273,nan
2024-08-16T12:20:27,72.432312,-64.225266,nan
2024-08-16T12:20:27,72.432358,-64.225266,nan
2024-08-16T12:20:26,72.432404,-64.225266,nan
2024-08-16T12:20:26,72.432442,-64.225258,nan
2024-08-16T12:20:25,72.432487,-64.225258,nan
2024-08-16T12:20:25,72.432533,-64.225250,nan
2024-08-16T12:20:24,72.432571,-64.225250,nan
2024-08-16T12:20:24,72.432617,-64.225250,nan
2024-08-16T12:20:23,72.432655,-64.225243,nan
2024-08-16T12:20:23,72.432701,-64.225235,nan
2024-08-16T12:20:22,72.432739,-64.225227,nan
2024-08-16T12:20:22,72.432785,-64.225220,nan
2024-08-16T12:20:21,72.432831,-64.225212,nan
2024-08-16T12:20:21,72.432869,-64.225197,nan
2024-08-16T12:20:20,72.432915,-64.225189,nan
2024-08-16T12:20:20,72.432953,-64.225182,nan
2024-08-16T12:20:19,72.432999,-64.225174,nan
2024-08-16T12:20:19,72.433044,-64.225166,nan
2024-08-16T12:20:18,72.433083,-64.225159,nan
2024-08-16T12:20:18,72.433128,-64.225159,nan
2024-08-16T12:20:17,72.433167,-64.225151,nan
2024-08-16T12:20:17,72.433212,-64.225143,nan
2024-08-16T12:20:16,72.433250,-64.225136,nan
2024-08-16T12:20:16,72.433296,-64.225121,nan
2024-08-16T12:20:15,72.433334,-64.225113,nan
2024-08-16T12:20:15,72.433380,-64.225105,nan
2024-08-16T12:20:14,72.433418,-64.225098,nan
2024-08-16T12:20:14,72.433456,-64.225082,nan
2024-08-16T12:20:13,72.433502,-64.225075,nan
2024-08-16T12:20:13,72.433540,-64.225060,nan
2024-08-16T12:20:12,72.433578,-64.225044,nan
2024-08-16T12:20:12,72.433617,-64.225037,nan
2024-08-16T12:20:11,72.433662,-64.225021,nan
2024-08-16T12:20:11,72.433701,-64.225006,nan
2024-08-16T12:20:10,72.433739,-64.224983,nan
2024-08-16T12:20:10,72.433777,-64.224968,nan
2024-08-16T12:20:09,72.433815,-64.224953,nan
2024-08-16T12:20:09,72.433861,-64.224930,nan
2024-08-16T12:20:08,72.433899,-64.224915,nan
2024-08-16T12:20:08,72.433937,-64.224892,nan
2024-08-16T12:20:07,72.433975,-64.224876,nan
2024-08-16T12:20:07,72.434013,-64.224854,nan
2024-08-16T12:20:06,72.434059,-64.224838,nan
2024-08-16T12:20:06,72.434097,-64.224815,nan
2024-08-16T12:20:05,72.434135,-64.224800,nan
2024-08-16T12:20:05,72.434174,-64.224777,nan
2024-08-16T12:20:04,72.434219,-64.224754,nan
2024-08-16T12:20:04,72.434258,-64.224739,nan
2024-08-16T12:20:03,72.434296,-64.224716,nan
2024-08-16T12:20:03,72.434334,-64.224693,nan
2024-08-16T12:20:02,72.434372,-64.224670,nan
2024-08-16T12:20:02,72.434418,-64.224648,nan
2024-08-16T12:20:01,72.434456,-64.224617,nan
2024-08-16T12:20:01,72.434494,-64.224586,nan
2024-08-16T12:20:00,72.434532,-64.224556,nan
2024-08-16T12:20:00,72.434570,-64.224525,nan
2024-08-16T12:19:59,72.434608,-64.224495,nan
2024-08-16T12:19:59,72.434647,-64.224457,nan
2024-08-16T12:19:58,72.434685,-64.224426,nan
2024-08-16T12:19:58,72.434715,-64.224396,nan
2024-08-16T12:19:57,72.434753,-64.224365,nan
2024-08-16T12:19:57,72.434792,-64.224327,nan
2024-08-16T12:19:56,72.434830,-64.224297,nan
2024-08-16T12:19:56,72.434860,-64.224266,nan
2024-08-16T12:19:55,72.434898,-64.224228,nan
2024-08-16T12:19:55,72.434937,-64.224197,nan
2024-08-16T12:19:54,72.434975,-64.224159,nan
2024-08-16T12:19:54,72.435013,-64.224121,nan
2024-08-16T12:19:53,72.435051,-64.224083,nan
2024-08-16T12:19:53,72.435089,-64.224045,nan
2024-08-16T12:19:52,72.435127,-64.224007,nan
2024-08-16T12:19:52,72.435165,-64.223961,nan
2024-08-16T12:19:51,72.435204,-64.223923,nan
2024-08-16T12:19:51,72.435242,-64.223885,nan
2024-08-16T12:19:50,72.435272,-64.223846,nan
2024-08-16T12:19:50,72.435310,-64.223808,nan
2024-08-16T12:19:49,72.435349,-64.223763,nan
2024-08-16T12:19:49,72.435387,-64.223724,nan
2024-08-16T12:19:48,72.435425,-64.223679,nan
2024-08-16T12:19:48,72.435463,-64.223640,nan
2024-08-16T12:19:47,72.435501,-64.223595,nan
2024-08-16T12:19:47,72.435539,-64.223549,nan
2024-08-16T12:19:46,72.435577,-64.223511,nan
2024-08-16T12:19:46,72.435616,-64.223457,nan
2024-08-16T12:19:45,72.435646,-64.223419,nan
2024-08-16T12:19:45,72.435684,-64.223373,nan
2024-08-16T12:19:44,72.435722,-64.223328,nan
2024-08-16T12:19:44,72.435753,-64.223282,nan
2024-08-16T12:19:43,72.435791,-64.223236,nan
2024-08-16T12:19:43,72.435829,-64.223190,nan
2024-08-16T12:19:42,72.435867,-64.223152,nan
2024-08-16T12:19:42,72.435898,-64.223106,nan
2024-08-16T12:19:41,72.435936,-64.223068,nan
2024-08-16T12:19:41,72.435974,-64.223022,nan
2024-08-16T12:19:40,72.436012,-64.222977,nan
2024-08-16T12:19:40,72.436050,-64.222939,nan
2024-08-16T12:19:39,72.436081,-64.222893,nan
2024-08-16T12:19:39,72.436119,-64.222855,nan
2024-08-16T12:19:38,72.436157,-64.222809,nan
2024-08-16T12:19:38,72.436195,-64.222771,nan
2024-08-16T12:19:37,72.436234,-64.222733,nan
2024-08-16T12:19:37,72.436264,-64.222694,nan
2024-08-16T12:19:36,72.436302,-64.222649,nan
2024-08-16T12:19:36,72.436340,-64.222618,nan
2024-08-16T12:19:35,72.436371,-64.222580,nan
2024-08-16T12:19:35,72.436409,-64.222542,nan
2024-08-16T12:19:34,72.436440,-64.222511,nan
2024-08-16T12:19:34,72.436470,-64.222481,nan
2024-08-16T12:19:33,72.436508,-64.222450,nan
2024-08-16T12:19:33,72.436539,-64.222420,nan
2024-08-16T12:19:32,72.436569,-64.222397,nan
2024-08-16T12:19:32,72.436607,-64.222366,nan
2024-08-16T12:19:31,72.436638,-64.222343,nan
2024-08-16T12:19:31,72.436668,-64.222313,nan
2024-08-16T12:19:30,72.436699,-64.222290,nan
2024-08-16T12:19:30,72.436737,-64.222260,nan
2024-08-16T12:19:29,72.436768,-64.222237,nan
2024-08-16T12:19:29,72.436798,-64.222206,nan
2024-08-16T12:19:28,72.436829,-64.222176,nan
2024-08-16T12:19:28,72.436867,-64.222153,nan
2024-08-16T12:19:27,72.436897,-64.222122,nan
2024-08-16T12:19:27,72.436928,-64.222092,nan
2024-08-16T12:19:26,72.436958,-64.222061,nan
2024-08-16T12:19:26,72.436996,-64.222031,nan
2024-08-16T12:19:25,72.437057,-64.221977,nan
2024-08-16T12:19:24,72.437096,-64.221947,nan
2024-08-16T12:19:24,72.437126,-64.221916,nan
2024-08-16T12:19:23,72.437157,-64.221886,nan
2024-08-16T12:19:23,72.437195,-64.221855,nan
2024-08-16T12:19:22,72.437225,-64.221825,nan
2024-08-16T12:19:22,72.437256,-64.221794,nan
2024-08-16T12:19:21,72.437294,-64.221764,nan
2024-08-16T12:19:21,72.437325,-64.221733,nan
2024-08-16T12:19:20,72.437363,-64.221703,nan
2024-08-16T12:19:20,72.437393,-64.221672,nan
2024-08-16T12:19:19,72.437424,-64.221649,nan
2024-08-16T12:19:19,72.437462,-64.221619,nan
2024-08-16T12:19:18,72.437492,-64.221596,nan
2024-08-16T12:19:18,72.437531,-64.221565,nan
2024-08-16T12:19:17,72.437561,-64.221542,nan
2024-08-16T12:19:17,72.437599,-64.221519,nan
2024-08-16T12:19:16,72.437630,-64.221497,nan
2024-08-16T12:19:16,72.437668,-64.221474,nan
2024-08-16T12:19:15,72.437698,-64.221451,nan
2024-08-16T12:19:15,72.437729,-64.221428,nan
2024-08-16T12:19:14,72.437767,-64.221413,nan
2024-08-16T12:19:14,72.437798,-64.221390,nan
2024-08-16T12:19:13,72.437836,-64.221375,nan
2024-08-16T12:19:13,72.437866,-64.221359,nan
2024-08-16T12:19:12,72.437897,-64.221336,nan
2024-08-16T12:19:12,72.437927,-64.221321,nan
2024-08-16T12:19:11,72.437965,-64.221298,nan
2024-08-16T12:19:11,72.437996,-64.221283,nan
2024-08-16T12:19:10,72.438026,-64.221268,nan
2024-08-16T12:19:10,72.438057,-64.221245,nan
2024-08-16T12:19:09,72.438087,-64.221230,nan
2024-08-16T12:19:09,72.438118,-64.221214,nan
2024-08-16T12:19:08,72.438156,-64.221199,nan
2024-08-16T12:19:08,72.438187,-64.221184,nan
2024-08-16T12:19:07,72.438217,-64.221161,nan
2024-08-16T12:19:07,72.438248,-64.221146,nan
2024-08-16T12:19:06,72.438278,-64.221123,nan
2024-08-16T12:19:06,72.438309,-64.221107,nan
2024-08-16T12:19:05,72.438339,-64.221085,nan
2024-08-16T12:19:05,72.438370,-64.221069,nan
2024-08-16T12:19:04,72.438400,-64.221046,nan
2024-08-16T12:19:04,72.438431,-64.221031,nan
2024-08-16T12:19:03,72.438461,-64.221008,nan
2024-08-16T12:19:03,72.438492,-64.220993,nan
2024-08-16T12:19:02,72.438522,-64.220978,nan
2024-08-16T12:19:02,72.438553,-64.220955,nan
2024-08-16T12:19:01,72.438583,-64.220940,nan
2024-08-16T12:19:01,72.438614,-64.220917,nan
2024-08-16T12:19:00,72.438644,-64.220901,nan
2024-08-16T12:19:00,72.438675,-64.220886,nan
2024-08-16T12:18:59,72.438705,-64.220871,nan
2024-08-16T12:18:59,72.438744,-64.220856,nan
2024-08-16T12:18:58,72.438774,-64.220840,nan
2024-08-16T12:18:58,72.438805,-64.220825,nan
2024-08-16T12:18:57,72.438835,-64.220818,nan
2024-08-16T12:18:57,72.438866,-64.220802,nan
2024-08-16T12:18:56,72.438896,-64.220787,nan
2024-08-16T12:18:56,72.438927,-64.220772,nan
2024-08-16T12:18:55,72.438950,-64.220757,nan
2024-08-16T12:18:55,72.438988,-64.220749,nan
2024-08-16T12:18:54,72.439049,-64.220718,nan
2024-08-16T12:18:53,72.439079,-64.220703,nan
2024-08-16T12:18:53,72.439110,-64.220688,nan
2024-08-16T12:18:52,72.439140,-64.220673,nan
2024-08-16T12:18:52,72.439171,-64.220657,nan
2024-08-16T12:18:51,72.439201,-64.220634,nan
2024-08-16T12:18:51,72.439232,-64.220619,nan
2024-08-16T12:18:50,72.439262,-64.220604,nan
2024-08-16T12:18:50,72.439293,-64.220581,nan
2024-08-16T12:18:49,72.439323,-64.220566,nan
2024-08-16T12:18:49,72.439354,-64.220543,nan
2024-08-16T12:18:48,72.439384,-64.220520,nan
2024-08-16T12:18:48,72.439415,-64.220497,nan
2024-08-16T12:18:47,72.439445,-64.220474,nan
2024-08-16T12:18:47,72.439476,-64.220459,nan
2024-08-16T12:18:46,72.439507,-64.220436,nan
2024-08-16T12:18:46,72.439537,-64.220413,nan
2024-08-16T12:18:45,72.439568,-64.220398,nan
2024-08-16T12:18:45,72.439598,-64.220383,nan
2024-08-16T12:18:44,72.439629,-64.220360,nan
2024-08-16T12:18:44,72.439659,-64.220345,nan
2024-08-16T12:18:43,72.439690,-64.220322,nan
2024-08-16T12:18:43,72.439720,-64.220306,nan
2024-08-16T12:18:42,72.439751,-64.220284,nan
2024-08-16T12:18:42,72.439781,-64.220261,nan
2024-08-16T12:18:41,72.439812,-64.220238,nan
2024-08-16T12:18:41,72.439842,-64.220207,nan
2024-08-16T12:18:40,72.439873,-64.220177,nan
2024-08-16T12:18:40,72.439896,-64.220146,nan
2024-08-16T12:18:39,72.439919,-64.220116,nan
2024-08-16T12:18:39,72.439941,-64.220085,nan
2024-08-16T12:18:38,72.439964,-64.220055,nan
2024-08-16T12:18:38,72.439987,-64.220016,nan
2024-08-16T12:18:37,72.440010,-64.219986,nan
2024-08-16T12:18:37,72.440033,-64.219948,nan
2024-08-16T12:18:36,72.440056,-64.219917,nan
2024-08-16T12:18:36,72.440079,-64.219872,nan
2024-08-16T12:18:35,72.440094,-64.219833,nan
2024-08-16T12:18:35,72.440117,-64.219788,nan
2024-08-16T12:18:34,72.440140,-64.219749,nan
2024-08-16T12:18:34,72.440163,-64.219704,nan
2024-08-16T12:18:33,72.440186,-64.219658,nan
2024-08-16T12:18:33,72.440208,-64.219612,nan
2024-08-16T12:18:32,72.440254,-64.219521,nan
2024-08-16T12:18:31,72.440285,-64.219475,nan
2024-08-16T12:18:31,72.440308,-64.219429,nan
2024-08-16T12:18:30,72.440331,-64.219383,nan
2024-08-16T12:18:30,72.440353,-64.219337,nan
2024-08-16T12:18:29,72.440384,-64.219292,nan
2024-08-16T12:18:29,72.440407,-64.219246,nan
2024-08-16T12:18:28,72.440430,-64.219200,nan
2024-08-16T12:18:28,72.440453,-64.219154,nan
2024-08-16T12:18:27,72.440475,-64.219116,nan
2024-08-16T12:18:27,72.440498,-64.219070,nan
2024-08-16T12:18:26,72.440521,-64.219025,nan
2024-08-16T12:18:26,72.440536,-64.218979,nan
2024-08-16T12:18:25,72.440559,-64.218933,nan
2024-08-16T12:18:25,72.440582,-64.218887,nan
2024-08-16T12:18:24,72.440598,-64.218834,nan
2024-08-16T12:18:24,72.440620,-64.218788,nan
2024-08-16T12:18:23,72.440636,-64.218735,nan
2024-08-16T12:18:23,72.440651,-64.218689,nan
2024-08-16T12:18:22,72.440666,-64.218636,nan
2024-08-16T12:18:22,72.440681,-64.218582,nan
2024-08-16T12:18:21,72.440697,-64.218529,nan
2024-08-16T12:18:21,72.440712,-64.218475,nan
2024-08-16T12:18:20,72.440727,-64.218422,nan
2024-08-16T12:18:20,72.440742,-64.218369,nan
2024-08-16T12:18:19,72.440758,-64.218307,nan
2024-08-16T12:18:19,72.440773,-64.218262,nan
2024-08-16T12:18:18,72.440788,-64.218208,nan
2024-08-16T12:18:18,72.440804,-64.218155,nan
2024-08-16T12:18:17,72.440819,-64.218109,nan
2024-08-16T12:18:17,72.440834,-64.218056,nan
2024-08-16T12:18:16,72.440849,-64.218010,nan
2024-08-16T12:18:16,72.440865,-64.217964,nan
2024-08-16T12:18:15,72.440880,-64.217918,nan
2024-08-16T12:18:15,72.440895,-64.217873,nan
2024-08-16T12:18:14,72.440926,-64.217781,nan
2024-08-16T12:18:13,72.440948,-64.217735,nan
2024-08-16T12:18:13,72.440956,-64.217690,nan
2024-08-16T12:18:12,72.440971,-64.217644,nan
2024-08-16T12:18:12,72.440987,-64.217598,nan
2024-08-16T12:18:11,72.441002,-64.217552,nan
2024-08-16T12:18:11,72.441017,-64.217506,nan
2024-08-16T12:18:10,72.441025,-64.217453,nan
2024-08-16T12:18:10,72.441040,-64.217407,nan
2024-08-16T12:18:09,72.441055,-64.217354,nan
2024-08-16T12:18:09,72.441071,-64.217300,nan
2024-08-16T12:18:08,72.441086,-64.217255,nan
2024-08-16T12:18:08,72.441093,-64.217201,nan
2024-08-16T12:18:07,72.441109,-64.217155,nan
2024-08-16T12:18:07,72.441124,-64.217110,nan
2024-08-16T12:18:06,72.441139,-64.217056,nan
2024-08-16T12:18:06,72.441154,-64.217010,nan
2024-08-16T12:18:05,72.441170,-64.216965,nan
2024-08-16T12:18:05,72.441185,-64.216919,nan
2024-08-16T12:18:04,72.441200,-64.216873,nan
2024-08-16T12:18:04,72.441223,-64.216827,nan
2024-08-16T12:18:03,72.441238,-64.216782,nan
2024-08-16T12:18:03,72.441254,-64.216736,nan
2024-08-16T12:18:02,72.441269,-64.216698,nan
2024-08-16T12:18:02,72.441292,-64.216652,nan
2024-08-16T12:18:01,72.441307,-64.216614,nan
2024-08-16T12:18:01,72.441322,-64.216568,nan
2024-08-16T12:18:00,72.441345,-64.216530,nan
2024-08-16T12:18:00,72.441360,-64.216484,nan
2024-08-16T12:17:59,72.441383,-64.216446,nan
2024-08-16T12:17:59,72.441399,-64.216408,nan
2024-08-16T12:17:58,72.441422,-64.216370,nan
2024-08-16T12:17:58,72.441437,-64.216331,nan
2024-08-16T12:17:57,72.441460,-64.216293,nan
2024-08-16T12:17:57,72.441483,-64.216263,nan
2024-08-16T12:17:56,72.441505,-64.216225,nan
2024-08-16T12:17:56,72.441521,-64.216187,nan
2024-08-16T12:17:55,72.441544,-64.216156,nan
2024-08-16T12:17:55,72.441566,-64.216118,nan
2024-08-16T12:17:54,72.441589,-64.216087,nan
2024-08-16T12:17:54,72.441605,-64.216049,nan
2024-08-16T12:17:53,72.441628,-64.216011,nan
2024-08-16T12:17:53,72.441650,-64.215981,nan
2024-08-16T12:17:52,72.441666,-64.215942,nan
2024-08-16T12:17:52,72.441689,-64.215904,nan
2024-08-16T12:17:51,72.441734,-64.215836,nan
2024-08-16T12:17:50,72.441750,-64.215797,nan
2024-08-16T12:17:50,72.441772,-64.215759,nan
2024-08-16T12:17:49,72.441795,-64.215721,nan
2024-08-16T12:17:49,72.441818,-64.215683,nan
2024-08-16T12:17:48,72.441841,-64.215645,nan
2024-08-16T12:17:48,72.441864,-64.215614,nan
2024-08-16T12:17:47,72.441887,-64.215576,nan
2024-08-16T12:17:47,72.441910,-64.215538,nan
2024-08-16T12:17:46,72.441933,-64.215500,nan
2024-08-16T12:17:45,72.441978,-64.215424,nan
2024-08-16T12:17:45,72.442001,-64.215385,nan
2024-08-16T12:17:44,72.442024,-64.215347,nan
2024-08-16T12:17:44,72.442039,-64.215302,nan
2024-08-16T12:17:43,72.442062,-64.215263,nan
2024-08-16T12:17:43,72.442085,-64.215225,nan
2024-08-16T12:17:42,72.442108,-64.215179,nan
2024-08-16T12:17:42,72.442131,-64.215141,nan
2024-08-16T12:17:41,72.442154,-64.215096,nan
2024-08-16T12:17:41,72.442177,-64.215057,nan
2024-08-16T12:17:40,72.442200,-64.215012,nan
2024-08-16T12:17:40,72.442215,-64.214973,nan
2024-08-16T12:17:39,72.442238,-64.214935,nan
2024-08-16T12:17:39,72.442261,-64.214897,nan
2024-08-16T12:17:38,72.442284,-64.214859,nan
2024-08-16T12:17:38,72.442299,-64.214821,nan
2024-08-16T12:17:37,72.442322,-64.214783,nan
2024-08-16T12:17:37,72.442345,-64.214745,nan
2024-08-16T12:17:36,72.442368,-64.214714,nan
2024-08-16T12:17:36,72.442383,-64.214676,nan
2024-08-16T12:17:35,72.442406,-64.214638,nan
2024-08-16T12:17:35,72.442429,-64.214607,nan
2024-08-16T12:17:34,72.442451,-64.214569,nan
2024-08-16T12:17:34,72.442474,-64.214531,nan
2024-08-16T12:17:33,72.442497,-64.214493,nan
2024-08-16T12:17:33,72.442520,-64.214455,nan
2024-08-16T12:17:32,72.442543,-64.214417,nan
2024-08-16T12:17:32,72.442566,-64.214378,nan
2024-08-16T12:17:31,72.442589,-64.214340,nan
2024-08-16T12:17:31,72.442612,-64.214302,nan
2024-08-16T12:17:30,72.442635,-64.214264,nan
2024-08-16T12:17:30,72.442657,-64.214226,nan
2024-08-16T12:17:29,72.442680,-64.214188,nan
2024-08-16T12:17:29,72.442703,-64.214149,nan
2024-08-16T12:17:28,72.442726,-64.214111,nan
2024-08-16T12:17:28,72.442749,-64.214073,nan
2024-08-16T12:17:27,72.442772,-64.214035,nan
2024-08-16T12:17:27,72.442795,-64.213997,nan
2024-08-16T12:17:26,72.442818,-64.213959,nan
2024-08-16T12:17:26,72.442841,-64.213921,nan
2024-08-16T12:17:25,72.442863,-64.213882,nan
2024-08-16T12:17:25,72.442886,-64.213844,nan
2024-08-16T12:17:24,72.442902,-64.213799,nan
2024-08-16T12:17:24,72.442924,-64.213753,nan
2024-08-16T12:17:23,72.442947,-64.213715,nan
2024-08-16T12:17:23,72.442963,-64.213669,nan
2024-08-16T12:17:22,72.442986,-64.213623,nan
2024-08-16T12:17:22,72.443001,-64.213577,nan
2024-08-16T12:17:21,72.443024,-64.213524,nan
2024-08-16T12:17:21,72.443039,-64.213478,nan
2024-08-16T12:17:20,72.443054,-64.213432,nan
2024-08-16T12:17:20,72.443077,-64.213387,nan
2024-08-16T12:17:19,72.443092,-64.213341,nan
2024-08-16T12:17:19,72.443108,-64.213287,nan
2024-08-16T12:17:18,72.443123,-64.213242,nan
2024-08-16T12:17:18,72.443146,-64.213188,nan
2024-08-16T12:17:17,72.443161,-64.213142,nan
2024-08-16T12:17:17,72.443176,-64.213089,nan
2024-08-16T12:17:16,72.443192,-64.213043,nan
2024-08-16T12:17:16,72.443207,-64.212997,nan
2024-08-16T12:17:15,72.443230,-64.212944,nan
2024-08-16T12:17:15,72.443245,-64.212898,nan
2024-08-16T12:17:14,72.443260,-64.212852,nan
2024-08-16T12:17:14,72.443275,-64.212807,nan
2024-08-16T12:17:13,72.443291,-64.212753,nan
2024-08-16T12:17:13,72.443314,-64.212708,nan
2024-08-16T12:17:12,72.443329,-64.212662,nan
2024-08-16T12:17:12,72.443344,-64.212608,nan
2024-08-16T12:17:11,72.443359,-64.212563,nan
2024-08-16T12:17:11,72.443375,-64.212509,nan
2024-08-16T12:17:10,72.443390,-64.212456,nan
2024-08-16T12:17:10,72.443405,-64.212402,nan
2024-08-16T12:17:09,72.443420,-64.212341,nan
2024-08-16T12:17:08,72.443451,-64.212234,nan
2024-08-16T12:17:08,72.443466,-64.212173,nan
2024-08-16T12:17:07,72.443481,-64.212120,nan
2024-08-16T12:17:07,72.443497,-64.212059,nan
2024-08-16T12:17:06,72.443512,-64.211998,nan
2024-08-16T12:17:06,72.443527,-64.211937,nan
2024-08-16T12:17:05,72.443542,-64.211876,nan
2024-08-16T12:17:05,72.443558,-64.211815,nan
2024-08-16T12:17:04,72.443573,-64.211754,nan
2024-08-16T12:17:04,72.443588,-64.211693,nan
2024-08-16T12:17:03,72.443604,-64.211632,nan
2024-08-16T12:17:03,72.443626,-64.211571,nan
2024-08-16T12:17:02,72.443642,-64.211510,nan
2024-08-16T12:17:02,72.443657,-64.211449,nan
2024-08-16T12:17:01,72.443672,-64.211380,nan
2024-08-16T12:17:01,72.443687,-64.211319,nan
2024-08-16T12:17:00,72.443703,-64.211258,nan
2024-08-16T12:17:00,72.443718,-64.211197,nan
2024-08-16T12:16:59,72.443733,-64.211136,nan
2024-08-16T12:16:59,72.443756,-64.211075,nan
2024-08-16T12:16:58,72.443771,-64.211006,nan
2024-08-16T12:16:58,72.443787,-64.210945,nan
2024-08-16T12:16:57,72.443802,-64.210884,nan
2024-08-16T12:16:57,72.443825,-64.210815,nan
2024-08-16T12:16:56,72.443840,-64.210747,nan
2024-08-16T12:16:56,72.443855,-64.210686,nan
2024-08-16T12:16:55,72.443878,-64.210617,nan
2024-08-16T12:16:55,72.443893,-64.210548,nan
2024-08-16T12:16:54,72.443909,-64.210480,nan
2024-08-16T12:16:54,72.443932,-64.210403,nan
2024-08-16T12:16:53,72.443947,-64.210335,nan
2024-08-16T12:16:53,72.443970,-64.210266,nan
2024-08-16T12:16:52,72.443985,-64.210190,nan
2024-08-16T12:16:52,72.444008,-64.210121,nan
2024-08-16T12:16:51,72.444023,-64.210045,nan
2024-08-16T12:16:51,72.444046,-64.209969,nan
2024-08-16T12:16:50,72.444061,-64.209892,nan
2024-08-16T12:16:50,72.444084,-64.209816,nan
2024-08-16T12:16:49,72.444107,-64.209732,nan
2024-08-16T12:16:49,72.444122,-64.209656,nan
2024-08-16T12:16:48,72.444145,-64.209572,nan
2024-08-16T12:16:48,72.444160,-64.209488,nan
2024-08-16T12:16:47,72.444183,-64.209396,nan
2024-08-16T12:16:47,72.444199,-64.209312,nan
2024-08-16T12:16:46,72.444221,-64.209221,nan
2024-08-16T12:16:46,72.444237,-64.209137,nan
2024-08-16T12:16:45,72.444260,-64.209045,nan
2024-08-16T12:16:44,72.444298,-64.208878,nan
2024-08-16T12:16:44,72.444313,-64.208794,nan
2024-08-16T12:16:43,72.444336,-64.208702,nan
2024-08-16T12:16:43,72.444351,-64.208611,nan
2024-08-16T12:16:42,72.444366,-64.208527,nan
2024-08-16T12:16:42,72.444382,-64.208435,nan
2024-08-16T12:16:41,72.444397,-64.208351,nan
2024-08-16T12:16:41,72.444412,-64.208260,nan
2024-08-16T12:16:40,72.444427,-64.208168,nan
2024-08-16T12:16:40,72.444443,-64.208084,nan
2024-08-16T12:16:39,72.444450,-64.207993,nan
2024-08-16T12:16:39,72.444466,-64.207909,nan
2024-08-16T12:16:38,72.444473,-64.207817,nan
2024-08-16T12:16:38,72.444489,-64.207726,nan
2024-08-16T12:16:37,72.444496,-64.207634,nan
2024-08-16T12:16:37,72.444511,-64.207542,nan
2024-08-16T12:16:36,72.444519,-64.207458,nan
2024-08-16T12:16:36,72.444527,-64.207359,nan
2024-08-16T12:16:35,72.444542,-64.207268,nan
2024-08-16T12:16:35,72.444550,-64.207176,nan
2024-08-16T12:16:34,72.444565,-64.207085,nan
2024-08-16T12:16:34,72.444572,-64.206993,nan
2024-08-16T12:16:33,72.444588,-64.206894,nan
2024-08-16T12:16:33,72.444595,-64.206802,nan
2024-08-16T12:16:32,72.444603,-64.206711,nan
2024-08-16T12:16:32,72.444618,-64.206619,nan
2024-08-16T12:16:31,72.444626,-64.206528,nan
2024-08-16T12:16:31,72.444633,-64.206429,nan
2024-08-16T12:16:30,72.444649,-64.206345,nan
2024-08-16T12:16:30,72.444656,-64.206253,nan
2024-08-16T12:16:29,72.444664,-64.206161,nan
2024-08-16T12:16:29,72.444672,-64.206078,nan
2024-08-16T12:16:28,72.444679,-64.205986,nan
2024-08-16T12:16:28,72.444687,-64.205902,nan
2024-08-16T12:16:27,72.444695,-64.205818,nan
2024-08-16T12:16:27,72.444695,-64.205727,nan
2024-08-16T12:16:26,72.444710,-64.205559,nan
2024-08-16T12:16:25,72.444717,-64.205475,nan
2024-08-16T12:16:25,72.444717,-64.205383,nan
2024-08-16T12:16:24,72.444725,-64.205299,nan
2024-08-16T12:16:24,72.444733,-64.205208,nan
2024-08-16T12:16:23,72.444740,-64.205124,nan
2024-08-16T12:16:23,72.444748,-64.205032,nan
2024-08-16T12:16:22,72.444756,-64.204941,nan
2024-08-16T12:16:22,72.444763,-64.204849,nan
2024-08-16T12:16:21,72.444771,-64.204758,nan
2024-08-16T12:16:21,72.444771,-64.204666,nan
2024-08-16T12:16:20,72.444778,-64.204575,nan
2024-08-16T12:16:20,72.444786,-64.204491,nan
2024-08-16T12:16:19,72.444801,-64.204300,nan
2024-08-16T12:16:18,72.444809,-64.204208,nan
2024-08-16T12:16:18,72.444809,-64.204117,nan
2024-08-16T12:16:17,72.444817,-64.204018,nan
2024-08-16T12:16:17,72.444824,-64.203926,nan
2024-08-16T12:16:16,72.444832,-64.203835,nan
2024-08-16T12:16:16,72.444839,-64.203735,nan
2024-08-16T12:16:15,72.444847,-64.203644,nan
2024-08-16T12:16:15,72.444855,-64.203552,nan
2024-08-16T12:16:14,72.444862,-64.203453,nan
2024-08-16T12:16:14,72.444870,-64.203362,nan
2024-08-16T12:16:13,72.444878,-64.203270,nan
2024-08-16T12:16:13,72.444885,-64.203178,nan
2024-08-16T12:16:12,72.444893,-64.203079,nan
2024-08-16T12:16:12,72.444901,-64.202988,nan
2024-08-16T12:16:11,72.444908,-64.202888,nan
2024-08-16T12:16:11,72.444916,-64.202789,nan
2024-08-16T12:16:10,72.444923,-64.202698,nan
2024-08-16T12:16:10,72.444931,-64.202599,nan
2024-08-16T12:16:09,72.444939,-64.202499,nan
2024-08-16T12:16:09,72.444946,-64.202400,nan
2024-08-16T12:16:08,72.444962,-64.202293,nan
2024-08-16T12:16:08,72.444969,-64.202194,nan
2024-08-16T12:16:07,72.444977,-64.202103,nan
2024-08-16T12:16:07,72.444984,-64.202003,nan
2024-08-16T12:16:06,72.444992,-64.201904,nan
2024-08-16T12:16:06,72.445000,-64.201805,nan
2024-08-16T12:16:05,72.445007,-64.201706,nan
2024-08-16T12:16:05,72.445015,-64.201614,nan
2024-08-16T12:16:04,72.445023,-64.201515,nan
2024-08-16T12:16:04,72.445030,-64.201424,nan
2024-08-16T12:16:03,72.445038,-64.201332,nan
2024-08-16T12:16:03,72.445053,-64.201233,nan
2024-08-16T12:16:02,72.445061,-64.201141,nan
2024-08-16T12:16:02,72.445068,-64.201050,nan
2024-08-16T12:16:01,72.445084,-64.200958,nan
2024-08-16T12:16:01,72.445091,-64.200867,nan
2024-08-16T12:16:00,72.445099,-64.200775,nan
2024-08-16T12:16:00,72.445114,-64.200684,nan
2024-08-16T12:15:59,72.445122,-64.200592,nan
2024-08-16T12:15:59,72.445129,-64.200493,nan
2024-08-16T12:15:58,72.445145,-64.200401,nan
2024-08-16T12:15:58,72.445152,-64.200310,nan
2024-08-16T12:15:57,72.445160,-64.200218,nan
2024-08-16T12:15:57,72.445168,-64.200127,nan
2024-08-16T12:15:56,72.445175,-64.200027,nan
2024-08-16T12:15:56,72.445190,-64.199936,nan
2024-08-16T12:15:55,72.445198,-64.199844,nan
2024-08-16T12:15:55,72.445206,-64.199745,nan
2024-08-16T12:15:54,72.445213,-64.199654,nan
2024-08-16T12:15:54,72.445221,-64.199562,nan
2024-08-16T12:15:53,72.445236,-64.199463,nan
2024-08-16T12:15:52,72.445251,-64.199280,nan
2024-08-16T12:15:52,72.445259,-64.199181,nan
2024-08-16T12:15:51,72.445274,-64.199089,nan
2024-08-16T12:15:51,72.445282,-64.198997,nan
2024-08-16T12:15:50,72.445290,-64.198906,nan
2024-08-16T12:15:50,72.445305,-64.198814,nan
2024-08-16T12:15:49,72.445312,-64.198723,nan
2024-08-16T12:15:49,72.445320,-64.198624,nan
2024-08-16T12:15:48,72.445335,-64.198532,nan
2024-08-16T12:15:47,72.445366,-64.198250,nan
2024-08-16T12:15:46,72.445381,-64.198151,nan
2024-08-16T12:15:46,72.445389,-64.198059,nan
2024-08-16T12:15:45,72.445396,-64.197968,nan
2024-08-16T12:15:45,72.445412,-64.197868,nan
2024-08-16T12:15:44,72.445419,-64.197777,nan
2024-08-16T12:15:44,72.445435,-64.197678,nan
2024-08-16T12:15:43,72.445442,-64.197578,nan
2024-08-16T12:15:43,72.445457,-64.197479,nan
2024-08-16T12:15:42,72.445465,-64.197388,nan
2024-08-16T12:15:42,72.445473,-64.197289,nan
2024-08-16T12:15:41,72.445488,-64.197189,nan
2024-08-16T12:15:41,72.445496,-64.197098,nan
2024-08-16T12:15:40,72.445503,-64.196999,nan
2024-08-16T12:15:40,72.445511,-64.196907,nan
2024-08-16T12:15:39,72.445526,-64.196808,nan
2024-08-16T12:15:39,72.445534,-64.196709,nan
2024-08-16T12:15:38,72.445541,-64.196617,nan
2024-08-16T12:15:38,72.445549,-64.196518,nan
2024-08-16T12:15:37,72.445557,-64.196419,nan
2024-08-16T12:15:37,72.445564,-64.196320,nan
2024-08-16T12:15:36,72.445572,-64.196220,nan
2024-08-16T12:15:35,72.445587,-64.196030,nan
2024-08-16T12:15:35,72.445595,-64.195930,nan
2024-08-16T12:15:34,72.445602,-64.195831,nan
2024-08-16T12:15:34,72.445610,-64.195740,nan
2024-08-16T12:15:33,72.445618,-64.195641,nan
2024-08-16T12:15:33,72.445625,-64.195541,nan
2024-08-16T12:15:32,72.445633,-64.195450,nan
2024-08-16T12:15:32,72.445641,-64.195358,nan
2024-08-16T12:15:31,72.445648,-64.195267,nan
2024-08-16T12:15:31,72.445656,-64.195183,nan
2024-08-16T12:15:30,72.445663,-64.195091,nan
2024-08-16T12:15:30,72.445671,-64.195000,nan
2024-08-16T12:15:29,72.445679,-64.194916,nan
2024-08-16T12:15:29,72.445686,-64.194824,nan
2024-08-16T12:15:28,72.445694,-64.194733,nan
2024-08-16T12:15:28,72.445702,-64.194649,nan
2024-08-16T12:15:27,72.445717,-64.194557,nan
2024-08-16T12:15:27,72.445724,-64.194466,nan
2024-08-16T12:15:26,72.445732,-64.194374,nan
2024-08-16T12:15:26,72.445740,-64.194283,nan
2024-08-16T12:15:25,72.445747,-64.194183,nan
2024-08-16T12:15:25,72.445755,-64.194092,nan
2024-08-16T12:15:24,72.445770,-64.193993,nan
2024-08-16T12:15:24,72.445778,-64.193901,nan
2024-08-16T12:15:23,72.445786,-64.193802,nan
2024-08-16T12:15:23,72.445793,-64.193703,nan
2024-08-16T12:15:22,72.445808,-64.193604,nan
2024-08-16T12:15:22,72.445816,-64.193504,nan
2024-08-16T12:15:21,72.445824,-64.193405,nan
2024-08-16T12:15:21,72.445831,-64.193306,nan
2024-08-16T12:15:20,72.445847,-64.193207,nan
2024-08-16T12:15:20,72.445854,-64.193108,nan
2024-08-16T12:15:19,72.445869,-64.193008,nan
2024-08-16T12:15:19,72.445877,-64.192909,nan
2024-08-16T12:15:18,72.445892,-64.192802,nan
2024-08-16T12:15:18,72.445900,-64.192703,nan
2024-08-16T12:15:17,72.445915,-64.192596,nan
2024-08-16T12:15:17,72.445923,-64.192497,nan
2024-08-16T12:15:16,72.445938,-64.192390,nan
2024-08-16T12:15:16,72.445946,-64.192284,nan
2024-08-16T12:15:15,72.445961,-64.192177,nan
2024-08-16T12:15:15,72.445969,-64.192070,nan
2024-08-16T12:15:14,72.445984,-64.191963,nan
2024-08-16T12:15:14,72.445992,-64.191856,nan
2024-08-16T12:15:13,72.445999,-64.191757,nan
2024-08-16T12:15:13,72.446007,-64.191650,nan
2024-08-16T12:15:12,72.446014,-64.191551,nan
2024-08-16T12:15:12,72.446030,-64.191444,nan
2024-08-16T12:15:11,72.446037,-64.191345,nan
2024-08-16T12:15:11,72.446045,-64.191246,nan
2024-08-16T12:15:10,72.446060,-64.191055,nan
2024-08-16T12:15:09,72.446068,-64.190964,nan
2024-08-16T12:15:09,72.446083,-64.190872,nan
2024-08-16T12:15:08,72.446091,-64.190788,nan
2024-08-16T12:15:08,72.446098,-64.190704,nan
2024-08-16T12:15:07,72.446114,-64.190613,nan
2024-08-16T12:15:07,72.446121,-64.190529,nan
2024-08-16T12:15:06,72.446129,-64.190453,nan
2024-08-16T12:15:06,72.446144,-64.190369,nan
2024-08-16T12:15:05,72.446152,-64.190292,nan
2024-08-16T12:15:05,72.446167,-64.190208,nan
2024-08-16T12:15:04,72.446175,-64.190132,nan
2024-08-16T12:15:04,72.446190,-64.190056,nan
2024-08-16T12:15:03,72.446205,-64.189980,nan
2024-08-16T12:15:03,72.446213,-64.189903,nan
2024-08-16T12:15:02,72.446228,-64.189835,nan
2024-08-16T12:15:02,72.446243,-64.189758,nan
2024-08-16T12:15:01,72.446259,-64.189682,nan
2024-08-16T12:15:01,72.446274,-64.189606,nan
2024-08-16T12:15:00,72.446289,-64.189529,nan
2024-08-16T12:15:00,72.446304,-64.189453,nan
2024-08-16T12:14:59,72.446320,-64.189369,nan
2024-08-16T12:14:59,72.446342,-64.189293,nan
2024-08-16T12:14:58,72.446358,-64.189217,nan
2024-08-16T12:14:58,72.446373,-64.189133,nan
2024-08-16T12:14:57,72.446396,-64.189056,nan
2024-08-16T12:14:57,72.446411,-64.188972,nan
2024-08-16T12:14:56,72.446434,-64.188889,nan
2024-08-16T12:14:56,72.446457,-64.188797,nan
2024-08-16T12:14:55,72.446480,-64.188713,nan
2024-08-16T12:14:55,72.446503,-64.188629,nan
2024-08-16T12:14:54,72.446526,-64.188538,nan
2024-08-16T12:14:54,72.446548,-64.188454,nan
2024-08-16T12:14:53,72.446571,-64.188362,nan
2024-08-16T12:14:53,72.446594,-64.188271,nan
2024-08-16T12:14:52,72.446617,-64.188179,nan
2024-08-16T12:14:52,72.446648,-64.188087,nan
2024-08-16T12:14:51,72.446671,-64.187996,nan
2024-08-16T12:14:51,72.446693,-64.187897,nan
2024-08-16T12:14:50,72.446716,-64.187805,nan
2024-08-16T12:14:50,72.446739,-64.187714,nan
2024-08-16T12:14:49,72.446762,-64.187614,nan
2024-08-16T12:14:49,72.446785,-64.187523,nan
2024-08-16T12:14:48,72.446808,-64.187431,nan
2024-08-16T12:14:48,72.446831,-64.187340,nan
2024-08-16T12:14:47,72.446854,-64.187248,nan
2024-08-16T12:14:47,72.446877,-64.187164,nan
2024-08-16T12:14:46,72.446899,-64.187080,nan
2024-08-16T12:14:46,72.446922,-64.186996,nan
2024-08-16T12:14:45,72.446945,-64.186913,nan
2024-08-16T12:14:45,72.446976,-64.186829,nan
2024-08-16T12:14:44,72.446999,-64.186752,nan
2024-08-16T12:14:44,72.447029,-64.186668,nan
2024-08-16T12:14:43,72.447060,-64.186592,nan
2024-08-16T12:14:43,72.447090,-64.186508,nan
2024-08-16T12:14:42,72.447121,-64.186432,nan
2024-08-16T12:14:42,72.447151,-64.186356,nan
2024-08-16T12:14:41,72.447182,-64.186279,nan
2024-08-16T12:14:41,72.447212,-64.186203,nan
2024-08-16T12:14:40,72.447243,-64.186127,nan
2024-08-16T12:14:40,72.447281,-64.186050,nan
2024-08-16T12:14:39,72.447311,-64.185974,nan
2024-08-16T12:14:39,72.447342,-64.185898,nan
2024-08-16T12:14:38,72.447380,-64.185822,nan
2024-08-16T12:14:38,72.447411,-64.185753,nan
2024-08-16T12:14:37,72.447449,-64.185684,nan
2024-08-16T12:14:37,72.447487,-64.185616,nan
2024-08-16T12:14:36,72.447525,-64.185547,nan
2024-08-16T12:14:36,72.447563,-64.185486,nan
2024-08-16T12:14:35,72.447601,-64.185425,nan
2024-08-16T12:14:35,72.447639,-64.185364,nan
2024-08-16T12:14:34,72.447678,-64.185303,nan
2024-08-16T12:14:34,72.447716,-64.185249,nan
2024-08-16T12:14:33,72.447754,-64.185188,nan
2024-08-16T12:14:33,72.447792,-64.185135,nan
2024-08-16T12:14:32,72.447830,-64.185074,nan
2024-08-16T12:14:32,72.447868,-64.185013,nan
2024-08-16T12:14:31,72.447906,-64.184959,nan
2024-08-16T12:14:31,72.447945,-64.184898,nan
2024-08-16T12:14:30,72.447983,-64.184837,nan
2024-08-16T12:14:30,72.448013,-64.184776,nan
2024-08-16T12:14:29,72.448051,-64.184723,nan
2024-08-16T12:14:29,72.448090,-64.184662,nan
2024-08-16T12:14:28,72.448128,-64.184601,nan
2024-08-16T12:14:28,72.448158,-64.184547,nan
2024-08-16T12:14:27,72.448196,-64.184486,nan
2024-08-16T12:14:27,72.448235,-64.184433,nan
2024-08-16T12:14:26,72.448265,-64.184380,nan
2024-08-16T12:14:26,72.448303,-64.184334,nan
2024-08-16T12:14:25,72.448341,-64.184280,nan
2024-08-16T12:14:25,72.448372,-64.184235,nan
2024-08-16T12:14:24,72.448410,-64.184189,nan
2024-08-16T12:14:24,72.448448,-64.184135,nan
2024-08-16T12:14:23,72.448486,-64.184090,nan
2024-08-16T12:14:23,72.448517,-64.184044,nan
2024-08-16T12:14:22,72.448555,-64.183998,nan
2024-08-16T12:14:22,72.448593,-64.183952,nan
2024-08-16T12:14:21,72.448631,-64.183899,nan
2024-08-16T12:14:21,72.448669,-64.183853,nan
2024-08-16T12:14:20,72.448708,-64.183800,nan
2024-08-16T12:14:20,72.448746,-64.183746,nan
2024-08-16T12:14:19,72.448784,-64.183701,nan
2024-08-16T12:14:19,72.448822,-64.183655,nan
2024-08-16T12:14:18,72.448860,-64.183609,nan
2024-08-16T12:14:18,72.448898,-64.183571,nan
2024-08-16T12:14:17,72.448936,-64.183533,nan
2024-08-16T12:14:17,72.448982,-64.183502,nan
2024-08-16T12:14:16,72.449020,-64.183472,nan
2024-08-16T12:14:16,72.449066,-64.183441,nan
2024-08-16T12:14:15,72.449104,-64.183411,nan
2024-08-16T12:14:15,72.449150,-64.183380,nan
2024-08-16T12:14:14,72.449196,-64.183357,nan
2024-08-16T12:14:14,72.449242,-64.183327,nan
2024-08-16T12:14:13,72.449287,-64.183289,nan
2024-08-16T12:14:13,72.449333,-64.183258,nan
2024-08-16T12:14:12,72.449379,-64.183220,nan
2024-08-16T12:14:12,72.449425,-64.183182,nan
2024-08-16T12:14:11,72.449463,-64.183136,nan
2024-08-16T12:14:11,72.449509,-64.183090,nan
2024-08-16T12:14:10,72.449554,-64.183037,nan
2024-08-16T12:14:10,72.449593,-64.182991,nan
2024-08-16T12:14:09,72.449638,-64.182938,nan
2024-08-16T12:14:09,72.449677,-64.182877,nan
2024-08-16T12:14:08,72.449722,-64.182816,nan
2024-08-16T12:14:08,72.449760,-64.182762,nan
2024-08-16T12:14:07,72.449806,-64.182701,nan
2024-08-16T12:14:07,72.449844,-64.182640,nan
2024-08-16T12:14:06,72.449883,-64.182587,nan
2024-08-16T12:14:06,72.449928,-64.182533,nan
2024-08-16T12:14:05,72.449966,-64.182480,nan
2024-08-16T12:14:05,72.450005,-64.182426,nan
2024-08-16T12:14:04,72.450043,-64.182381,nan
2024-08-16T12:14:04,72.450081,-64.182335,nan
2024-08-16T12:14:03,72.450119,-64.182289,nan
2024-08-16T12:14:03,72.450157,-64.182236,nan
2024-08-16T12:14:02,72.450188,-64.182190,nan
2024-08-16T12:14:02,72.450226,-64.182137,nan
2024-08-16T12:14:01,72.450264,-64.182091,nan
2024-08-16T12:14:01,72.450302,-64.182037,nan
2024-08-16T12:14:00,72.450333,-64.181984,nan
2024-08-16T12:14:00,72.450371,-64.181931,nan
2024-08-16T12:13:59,72.450409,-64.181870,nan
2024-08-16T12:13:59,72.450439,-64.181816,nan
2024-08-16T12:13:58,72.450478,-64.181763,nan
2024-08-16T12:13:58,72.450516,-64.181702,nan
2024-08-16T12:13:57,72.450546,-64.181641,nan
2024-08-16T12:13:57,72.450577,-64.181580,nan
2024-08-16T12:13:56,72.450607,-64.181519,nan
2024-08-16T12:13:56,72.450638,-64.181458,nan
2024-08-16T12:13:55,72.450668,-64.181396,nan
2024-08-16T12:13:55,72.450699,-64.181335,nan
2024-08-16T12:13:54,72.450729,-64.181282,nan
2024-08-16T12:13:54,72.450760,-64.181236,nan
2024-08-16T12:13:53,72.450790,-64.181190,nan
2024-08-16T12:13:53,72.450829,-64.181145,nan
2024-08-16T12:13:52,72.450859,-64.181107,nan
2024-08-16T12:13:52,72.450890,-64.181068,nan
2024-08-16T12:13:51,72.450928,-64.181030,nan
2024-08-16T12:13:51,72.450966,-64.180992,nan
2024-08-16T12:13:50,72.451004,-64.180954,nan
2024-08-16T12:13:50,72.451042,-64.180916,nan
2024-08-16T12:13:49,72.451080,-64.180878,nan
2024-08-16T12:13:49,72.451118,-64.180832,nan
2024-08-16T12:13:48,72.451157,-64.180779,nan
2024-08-16T12:13:48,72.451195,-64.180733,nan
2024-08-16T12:13:47,72.451233,-64.180672,nan
2024-08-16T12:13:47,72.451271,-64.180618,nan
2024-08-16T12:13:46,72.451309,-64.180550,nan
2024-08-16T12:13:46,72.451347,-64.180489,nan
2024-08-16T12:13:45,72.451378,-64.180428,nan
2024-08-16T12:13:45,72.451416,-64.180367,nan
2024-08-16T12:13:44,72.451447,-64.180290,nan
2024-08-16T12:13:44,72.451477,-64.180229,nan
2024-08-16T12:13:43,72.451508,-64.180168,nan
2024-08-16T12:13:43,72.451523,-64.180099,nan
2024-08-16T12:13:42,72.451553,-64.180031,nan
2024-08-16T12:13:42,72.451561,-64.179947,nan
2024-08-16T12:13:41,72.451569,-64.179886,nan
2024-08-16T12:13:41,72.451561,-64.179802,nan
2024-08-16T12:13:40,72.451553,-64.179710,nan
2024-08-16T12:13:40,72.451538,-64.179626,nan
2024-08-16T12:13:39,72.451515,-64.179535,nan
2024-08-16T12:13:39,72.451447,-64.179359,nan
2024-08-16T12:13:38,72.451363,-64.179146,nan
2024-08-16T12:13:38,72.451233,-64.178833,nan
2024-08-16T12:13:37,72.451164,-64.178619,nan
2024-08-16T12:13:37,72.450943,-64.178169,nan
2024-08-16T12:13:36,72.450638,-64.177582,nan
2024-08-16T12:13:36,72.450417,-64.177071,nan
2024-08-16T12:13:35,72.450302,-64.176689,nan
2024-08-16T12:13:35,72.450226,-64.176453,nan
2024-08-16T12:13:34,72.450195,-64.176224,nan
2024-08-16T12:13:34,72.450096,-64.175949,nan
2024-08-16T12:13:33,72.450134,-64.175835,nan
2024-08-16T12:13:33,72.450180,-64.175751,nan
2024-08-16T12:13:31,72.451393,-64.177048,nan
2024-08-16T12:13:31,72.452133,-64.178047,nan
2024-08-16T12:13:30,72.453011,-64.179329,nan
2024-08-16T12:13:30,72.453949,-64.180748,nan
2024-08-16T12:13:29,72.454895,-64.182236,nan
2024-08-16T12:13:29,72.455879,-64.183739,nan
