datetime,lat,lon,elev
2024-08-07T15:42:46,81.918945,-90.433777,nan
2024-08-07T15:42:45,81.918953,-90.433945,nan
2024-08-07T15:42:44,81.918961,-90.434029,nan
2024-08-07T15:42:43,81.918968,-90.434196,nan
2024-08-07T15:42:43,81.918968,-90.434273,nan
2024-08-07T15:42:42,81.918976,-90.434349,nan
2024-08-07T15:42:41,81.918983,-90.434494,nan
2024-08-07T15:42:41,81.918983,-90.434578,nan
2024-08-07T15:42:40,81.918983,-90.434662,nan
2024-08-07T15:42:39,81.918991,-90.434853,nan
2024-08-07T15:42:39,81.918991,-90.434952,nan
2024-08-07T15:42:38,81.918991,-90.435043,nan
2024-08-07T15:42:38,81.918991,-90.435127,nan
2024-08-07T15:42:37,81.918991,-90.435226,nan
2024-08-07T15:42:37,81.918991,-90.435318,nan
2024-08-07T15:42:36,81.918991,-90.435417,nan
2024-08-07T15:42:36,81.918991,-90.435516,nan
2024-08-07T15:42:35,81.918991,-90.435608,nan
2024-08-07T15:42:35,81.918991,-90.435707,nan
2024-08-07T15:42:34,81.918991,-90.435799,nan
2024-08-07T15:42:34,81.918991,-90.435890,nan
2024-08-07T15:42:33,81.918991,-90.435982,nan
2024-08-07T15:42:33,81.918991,-90.436073,nan
2024-08-07T15:42:32,81.918991,-90.436165,nan
2024-08-07T15:42:32,81.918991,-90.436264,nan
2024-08-07T15:42:31,81.918983,-90.436462,nan
2024-08-07T15:42:30,81.918983,-90.436569,nan
2024-08-07T15:42:30,81.918983,-90.436668,nan
2024-08-07T15:42:29,81.918983,-90.436768,nan
2024-08-07T15:42:29,81.918983,-90.436867,nan
2024-08-07T15:42:28,81.918976,-90.436966,nan
2024-08-07T15:42:27,81.918976,-90.437187,nan
2024-08-07T15:42:25,81.918968,-90.437622,nan
2024-08-07T15:42:25,81.918968,-90.437721,nan
2024-08-07T15:42:24,81.918961,-90.437927,nan
2024-08-07T15:42:23,81.918961,-90.438042,nan
2024-08-07T15:42:23,81.918961,-90.438148,nan
2024-08-07T15:42:22,81.918953,-90.438255,nan
2024-08-07T15:42:22,81.918953,-90.438362,nan
2024-08-07T15:42:21,81.918945,-90.438477,nan
2024-08-07T15:42:21,81.918945,-90.438583,nan
2024-08-07T15:42:20,81.918938,-90.438690,nan
2024-08-07T15:42:20,81.918938,-90.438805,nan
2024-08-07T15:42:19,81.918938,-90.438919,nan
2024-08-07T15:42:19,81.918930,-90.439041,nan
2024-08-07T15:42:18,81.918922,-90.439270,nan
2024-08-07T15:42:17,81.918922,-90.439384,nan
2024-08-07T15:42:17,81.918915,-90.439491,nan
2024-08-07T15:42:16,81.918915,-90.439606,nan
2024-08-07T15:42:14,81.918892,-90.440170,nan
2024-08-07T15:42:12,81.918877,-90.440514,nan
2024-08-07T15:42:12,81.918869,-90.440636,nan
2024-08-07T15:42:10,81.918854,-90.441017,nan
2024-08-07T15:42:10,81.918846,-90.441154,nan
2024-08-07T15:42:09,81.918839,-90.441292,nan
2024-08-07T15:42:09,81.918831,-90.441422,nan
2024-08-07T15:42:08,81.918823,-90.441551,nan
2024-08-07T15:42:08,81.918816,-90.441689,nan
2024-08-07T15:42:07,81.918808,-90.441826,nan
2024-08-07T15:42:07,81.918800,-90.441956,nan
2024-08-07T15:42:06,81.918785,-90.442093,nan
2024-08-07T15:42:06,81.918777,-90.442223,nan
2024-08-07T15:42:05,81.918762,-90.442352,nan
2024-08-07T15:42:05,81.918755,-90.442490,nan
2024-08-07T15:42:04,81.918747,-90.442612,nan
2024-08-07T15:42:04,81.918732,-90.442741,nan
2024-08-07T15:42:03,81.918724,-90.442871,nan
2024-08-07T15:42:03,81.918716,-90.443001,nan
2024-08-07T15:42:02,81.918701,-90.443130,nan
2024-08-07T15:42:02,81.918686,-90.443260,nan
2024-08-07T15:42:01,81.918678,-90.443375,nan
2024-08-07T15:42:01,81.918663,-90.443497,nan
2024-08-07T15:42:00,81.918648,-90.443604,nan
2024-08-07T15:41:59,81.918625,-90.443832,nan
2024-08-07T15:41:59,81.918610,-90.443939,nan
2024-08-07T15:41:58,81.918594,-90.444038,nan
2024-08-07T15:41:58,81.918579,-90.444130,nan
2024-08-07T15:41:57,81.918564,-90.444221,nan
2024-08-07T15:41:57,81.918556,-90.444298,nan
2024-08-07T15:41:56,81.918541,-90.444374,nan
2024-08-07T15:41:56,81.918526,-90.444443,nan
2024-08-07T15:41:55,81.918510,-90.444519,nan
2024-08-07T15:41:55,81.918495,-90.444580,nan
2024-08-07T15:41:54,81.918480,-90.444641,nan
2024-08-07T15:41:54,81.918465,-90.444702,nan
2024-08-07T15:41:53,81.918449,-90.444756,nan
2024-08-07T15:41:53,81.918434,-90.444801,nan
2024-08-07T15:41:52,81.918419,-90.444839,nan
2024-08-07T15:41:52,81.918404,-90.444885,nan
2024-08-07T15:41:51,81.918365,-90.444962,nan
2024-08-07T15:41:50,81.918350,-90.445007,nan
2024-08-07T15:41:50,81.918327,-90.445045,nan
2024-08-07T15:41:49,81.918304,-90.445084,nan
2024-08-07T15:41:49,81.918289,-90.445114,nan
2024-08-07T15:41:48,81.918266,-90.445145,nan
2024-08-07T15:41:48,81.918243,-90.445175,nan
2024-08-07T15:41:47,81.918228,-90.445206,nan
2024-08-07T15:41:47,81.918205,-90.445236,nan
2024-08-07T15:41:46,81.918182,-90.445274,nan
2024-08-07T15:41:46,81.918159,-90.445305,nan
2024-08-07T15:41:45,81.918137,-90.445335,nan
2024-08-07T15:41:45,81.918114,-90.445358,nan
2024-08-07T15:41:44,81.918091,-90.445381,nan
2024-08-07T15:41:44,81.918068,-90.445412,nan
2024-08-07T15:41:43,81.918045,-90.445435,nan
2024-08-07T15:41:43,81.918030,-90.445465,nan
2024-08-07T15:41:42,81.917976,-90.445518,nan
2024-08-07T15:41:41,81.917953,-90.445541,nan
2024-08-07T15:41:41,81.917931,-90.445564,nan
2024-08-07T15:41:40,81.917908,-90.445595,nan
2024-08-07T15:41:40,81.917892,-90.445625,nan
2024-08-07T15:41:39,81.917870,-90.445663,nan
2024-08-07T15:41:38,81.917824,-90.445740,nan
2024-08-07T15:41:37,81.917778,-90.445824,nan
2024-08-07T15:41:37,81.917755,-90.445869,nan
2024-08-07T15:41:36,81.917740,-90.445908,nan
2024-08-07T15:41:36,81.917717,-90.445953,nan
2024-08-07T15:41:35,81.917702,-90.445999,nan
2024-08-07T15:41:35,81.917679,-90.446045,nan
2024-08-07T15:41:34,81.917656,-90.446091,nan
2024-08-07T15:41:34,81.917641,-90.446136,nan
2024-08-07T15:41:33,81.917618,-90.446175,nan
2024-08-07T15:41:33,81.917595,-90.446213,nan
2024-08-07T15:41:32,81.917580,-90.446259,nan
2024-08-07T15:41:31,81.917542,-90.446388,nan
2024-08-07T15:41:31,81.917526,-90.446465,nan
2024-08-07T15:41:30,81.917511,-90.446533,nan
2024-08-07T15:41:30,81.917496,-90.446609,nan
2024-08-07T15:41:29,81.917480,-90.446678,nan
2024-08-07T15:41:29,81.917465,-90.446754,nan
2024-08-07T15:41:28,81.917450,-90.446823,nan
2024-08-07T15:41:28,81.917435,-90.446899,nan
2024-08-07T15:41:27,81.917419,-90.446968,nan
2024-08-07T15:41:27,81.917404,-90.447044,nan
2024-08-07T15:41:26,81.917389,-90.447113,nan
2024-08-07T15:41:26,81.917374,-90.447182,nan
2024-08-07T15:41:25,81.917358,-90.447250,nan
2024-08-07T15:41:25,81.917343,-90.447319,nan
2024-08-07T15:41:24,81.917328,-90.447395,nan
2024-08-07T15:41:24,81.917320,-90.447472,nan
2024-08-07T15:41:23,81.917305,-90.447548,nan
2024-08-07T15:41:23,81.917290,-90.447639,nan
2024-08-07T15:41:22,81.917282,-90.447731,nan
2024-08-07T15:41:22,81.917267,-90.447830,nan
2024-08-07T15:41:21,81.917259,-90.447937,nan
2024-08-07T15:41:20,81.917244,-90.448174,nan
2024-08-07T15:41:20,81.917236,-90.448303,nan
2024-08-07T15:41:19,81.917236,-90.448441,nan
2024-08-07T15:41:19,81.917229,-90.448586,nan
2024-08-07T15:41:17,81.917213,-90.448997,nan
2024-08-07T15:41:17,81.917213,-90.449142,nan
2024-08-07T15:41:16,81.917213,-90.449287,nan
2024-08-07T15:41:16,81.917206,-90.449440,nan
2024-08-07T15:41:15,81.917206,-90.449600,nan
2024-08-07T15:41:15,81.917198,-90.449753,nan
2024-08-07T15:41:14,81.917198,-90.449913,nan
2024-08-07T15:41:14,81.917198,-90.450066,nan
2024-08-07T15:41:13,81.917191,-90.450218,nan
2024-08-07T15:41:13,81.917191,-90.450371,nan
2024-08-07T15:41:12,81.917191,-90.450523,nan
2024-08-07T15:41:11,81.917191,-90.450836,nan
2024-08-07T15:41:11,81.917183,-90.450989,nan
2024-08-07T15:41:10,81.917183,-90.451134,nan
2024-08-07T15:41:10,81.917183,-90.451286,nan
2024-08-07T15:41:09,81.917183,-90.451431,nan
2024-08-07T15:41:09,81.917191,-90.451584,nan
2024-08-07T15:41:08,81.917191,-90.451736,nan
2024-08-07T15:41:08,81.917191,-90.451897,nan
2024-08-07T15:41:07,81.917191,-90.452065,nan
2024-08-07T15:41:07,81.917191,-90.452240,nan
2024-08-07T15:41:06,81.917191,-90.452408,nan
2024-08-07T15:41:06,81.917191,-90.452576,nan
2024-08-07T15:41:05,81.917198,-90.452751,nan
2024-08-07T15:41:05,81.917198,-90.452927,nan
2024-08-07T15:41:04,81.917198,-90.453094,nan
2024-08-07T15:41:04,81.917206,-90.453278,nan
2024-08-07T15:41:03,81.917206,-90.453453,nan
2024-08-07T15:41:03,81.917206,-90.453629,nan
2024-08-07T15:41:02,81.917206,-90.453804,nan
2024-08-07T15:41:02,81.917213,-90.453972,nan
2024-08-07T15:41:01,81.917213,-90.454147,nan
2024-08-07T15:41:01,81.917221,-90.454330,nan
2024-08-07T15:41:00,81.917229,-90.454697,nan
2024-08-07T15:40:59,81.917236,-90.454880,nan
2024-08-07T15:40:59,81.917236,-90.455055,nan
2024-08-07T15:40:58,81.917252,-90.455406,nan
2024-08-07T15:40:57,81.917259,-90.455589,nan
2024-08-07T15:40:57,81.917267,-90.455772,nan
2024-08-07T15:40:56,81.917274,-90.455956,nan
2024-08-07T15:40:56,81.917282,-90.456139,nan
2024-08-07T15:40:55,81.917290,-90.456505,nan
2024-08-07T15:40:54,81.917297,-90.456688,nan
2024-08-07T15:40:54,81.917305,-90.456871,nan
2024-08-07T15:40:53,81.917313,-90.457062,nan
2024-08-07T15:40:53,81.917320,-90.457253,nan
2024-08-07T15:40:52,81.917328,-90.457458,nan
2024-08-07T15:40:52,81.917336,-90.457657,nan
2024-08-07T15:40:51,81.917343,-90.457863,nan
2024-08-07T15:40:51,81.917351,-90.458061,nan
2024-08-07T15:40:50,81.917366,-90.458267,nan
2024-08-07T15:40:50,81.917374,-90.458466,nan
2024-08-07T15:40:49,81.917389,-90.458893,nan
2024-08-07T15:40:48,81.917397,-90.459106,nan
2024-08-07T15:40:48,81.917404,-90.459328,nan
2024-08-07T15:40:47,81.917412,-90.459541,nan
2024-08-07T15:40:46,81.917435,-90.459976,nan
2024-08-07T15:40:46,81.917442,-90.460197,nan
2024-08-07T15:40:45,81.917450,-90.460411,nan
2024-08-07T15:40:45,81.917458,-90.460632,nan
2024-08-07T15:40:44,81.917473,-90.460854,nan
2024-08-07T15:40:44,81.917480,-90.461067,nan
2024-08-07T15:40:43,81.917488,-90.461281,nan
2024-08-07T15:40:43,81.917496,-90.461494,nan
2024-08-07T15:40:42,81.917511,-90.461700,nan
2024-08-07T15:40:42,81.917519,-90.461922,nan
2024-08-07T15:40:41,81.917526,-90.462135,nan
2024-08-07T15:40:41,81.917542,-90.462357,nan
2024-08-07T15:40:40,81.917549,-90.462578,nan
2024-08-07T15:40:40,81.917557,-90.462791,nan
2024-08-07T15:40:39,81.917564,-90.463013,nan
2024-08-07T15:40:39,81.917572,-90.463226,nan
2024-08-07T15:40:38,81.917587,-90.463448,nan
2024-08-07T15:40:38,81.917595,-90.463669,nan
2024-08-07T15:40:37,81.917603,-90.463898,nan
2024-08-07T15:40:37,81.917618,-90.464119,nan
2024-08-07T15:40:36,81.917625,-90.464340,nan
2024-08-07T15:40:36,81.917633,-90.464561,nan
2024-08-07T15:40:35,81.917641,-90.464783,nan
2024-08-07T15:40:35,81.917656,-90.464996,nan
2024-08-07T15:40:34,81.917664,-90.465225,nan
2024-08-07T15:40:34,81.917671,-90.465446,nan
2024-08-07T15:40:33,81.917686,-90.465675,nan
2024-08-07T15:40:33,81.917694,-90.465897,nan
2024-08-07T15:40:32,81.917702,-90.466125,nan
2024-08-07T15:40:32,81.917709,-90.466347,nan
2024-08-07T15:40:31,81.917725,-90.466568,nan
2024-08-07T15:40:31,81.917732,-90.466789,nan
2024-08-07T15:40:30,81.917747,-90.467018,nan
2024-08-07T15:40:30,81.917763,-90.467247,nan
2024-08-07T15:40:29,81.917770,-90.467476,nan
2024-08-07T15:40:29,81.917786,-90.467705,nan
2024-08-07T15:40:28,81.917793,-90.467926,nan
2024-08-07T15:40:28,81.917801,-90.468155,nan
2024-08-07T15:40:27,81.917816,-90.468376,nan
2024-08-07T15:40:27,81.917831,-90.468605,nan
2024-08-07T15:40:26,81.917839,-90.468834,nan
2024-08-07T15:40:26,81.917854,-90.469070,nan
2024-08-07T15:40:25,81.917862,-90.469307,nan
2024-08-07T15:40:25,81.917877,-90.469543,nan
2024-08-07T15:40:24,81.917885,-90.469780,nan
2024-08-07T15:40:24,81.917900,-90.470016,nan
2024-08-07T15:40:23,81.917908,-90.470253,nan
2024-08-07T15:40:23,81.917923,-90.470497,nan
2024-08-07T15:40:22,81.917931,-90.470741,nan
2024-08-07T15:40:22,81.917946,-90.470978,nan
2024-08-07T15:40:21,81.917953,-90.471222,nan
2024-08-07T15:40:20,81.917992,-90.471931,nan
2024-08-07T15:40:19,81.917999,-90.472176,nan
2024-08-07T15:40:19,81.918007,-90.472412,nan
2024-08-07T15:40:18,81.918015,-90.472656,nan
2024-08-07T15:40:18,81.918030,-90.472893,nan
2024-08-07T15:40:17,81.918037,-90.473122,nan
2024-08-07T15:40:16,81.918060,-90.473595,nan
2024-08-07T15:40:16,81.918068,-90.473839,nan
2024-08-07T15:40:15,81.918083,-90.474075,nan
2024-08-07T15:40:14,81.918098,-90.474548,nan
2024-08-07T15:40:14,81.918114,-90.474785,nan
2024-08-07T15:40:13,81.918121,-90.475021,nan
2024-08-07T15:40:13,81.918137,-90.475266,nan
2024-08-07T15:40:12,81.918144,-90.475510,nan
2024-08-07T15:40:12,81.918152,-90.475746,nan
2024-08-07T15:40:11,81.918167,-90.475990,nan
2024-08-07T15:40:11,81.918175,-90.476227,nan
2024-08-07T15:40:10,81.918182,-90.476463,nan
2024-08-07T15:40:10,81.918198,-90.476707,nan
2024-08-07T15:40:09,81.918205,-90.476952,nan
2024-08-07T15:40:09,81.918221,-90.477196,nan
2024-08-07T15:40:08,81.918228,-90.477440,nan
2024-08-07T15:40:08,81.918243,-90.477692,nan
2024-08-07T15:40:07,81.918251,-90.477936,nan
2024-08-07T15:40:07,81.918266,-90.478172,nan
2024-08-07T15:40:06,81.918274,-90.478424,nan
2024-08-07T15:40:06,81.918289,-90.478668,nan
2024-08-07T15:40:05,81.918297,-90.478920,nan
2024-08-07T15:40:05,81.918304,-90.479172,nan
2024-08-07T15:40:04,81.918320,-90.479416,nan
2024-08-07T15:40:04,81.918327,-90.479668,nan
2024-08-07T15:40:03,81.918343,-90.479919,nan
2024-08-07T15:40:03,81.918350,-90.480164,nan
2024-08-07T15:40:02,81.918365,-90.480415,nan
2024-08-07T15:40:02,81.918381,-90.480667,nan
2024-08-07T15:40:01,81.918396,-90.480927,nan
2024-08-07T15:40:01,81.918404,-90.481186,nan
2024-08-07T15:40:00,81.918419,-90.481438,nan
2024-08-07T15:40:00,81.918442,-90.481697,nan
2024-08-07T15:39:59,81.918457,-90.481949,nan
2024-08-07T15:39:59,81.918472,-90.482208,nan
2024-08-07T15:39:58,81.918495,-90.482475,nan
2024-08-07T15:39:58,81.918518,-90.482742,nan
2024-08-07T15:39:57,81.918533,-90.483017,nan
2024-08-07T15:39:57,81.918556,-90.483292,nan
2024-08-07T15:39:56,81.918571,-90.483566,nan
2024-08-07T15:39:56,81.918594,-90.483841,nan
2024-08-07T15:39:55,81.918610,-90.484123,nan
2024-08-07T15:39:55,81.918633,-90.484406,nan
2024-08-07T15:39:54,81.918648,-90.484688,nan
2024-08-07T15:39:54,81.918663,-90.484970,nan
2024-08-07T15:39:53,81.918686,-90.485252,nan
2024-08-07T15:39:53,81.918701,-90.485535,nan
2024-08-07T15:39:52,81.918716,-90.485825,nan
2024-08-07T15:39:52,81.918739,-90.486107,nan
2024-08-07T15:39:51,81.918755,-90.486389,nan
2024-08-07T15:39:51,81.918770,-90.486679,nan
2024-08-07T15:39:50,81.918793,-90.486961,nan
2024-08-07T15:39:50,81.918808,-90.487244,nan
2024-08-07T15:39:49,81.918823,-90.487526,nan
2024-08-07T15:39:49,81.918846,-90.487808,nan
2024-08-07T15:39:48,81.918861,-90.488091,nan
2024-08-07T15:39:48,81.918877,-90.488380,nan
2024-08-07T15:39:47,81.918900,-90.488663,nan
2024-08-07T15:39:47,81.918915,-90.488953,nan
2024-08-07T15:39:46,81.918930,-90.489243,nan
2024-08-07T15:39:46,81.918945,-90.489532,nan
2024-08-07T15:39:45,81.918968,-90.489822,nan
2024-08-07T15:39:45,81.918983,-90.490120,nan
2024-08-07T15:39:44,81.918999,-90.490417,nan
2024-08-07T15:39:44,81.919022,-90.490723,nan
2024-08-07T15:39:43,81.919037,-90.491020,nan
2024-08-07T15:39:43,81.919052,-90.491318,nan
2024-08-07T15:39:42,81.919067,-90.491615,nan
2024-08-07T15:39:42,81.919083,-90.491913,nan
2024-08-07T15:39:41,81.919098,-90.492218,nan
2024-08-07T15:39:41,81.919121,-90.492523,nan
2024-08-07T15:39:40,81.919136,-90.492836,nan
2024-08-07T15:39:40,81.919151,-90.493149,nan
2024-08-07T15:39:39,81.919167,-90.493454,nan
2024-08-07T15:39:38,81.919197,-90.494080,nan
2024-08-07T15:39:37,81.919235,-90.494705,nan
2024-08-07T15:39:35,81.919304,-90.495964,nan
2024-08-07T15:39:35,81.919319,-90.496277,nan
2024-08-07T15:39:34,81.919342,-90.496597,nan
2024-08-07T15:39:34,81.919357,-90.496910,nan
2024-08-07T15:39:33,81.919373,-90.497231,nan
2024-08-07T15:39:33,81.919395,-90.497543,nan
2024-08-07T15:39:32,81.919411,-90.497856,nan
2024-08-07T15:39:32,81.919434,-90.498177,nan
2024-08-07T15:39:31,81.919449,-90.498489,nan
2024-08-07T15:39:31,81.919472,-90.498810,nan
2024-08-07T15:39:30,81.919487,-90.499130,nan
2024-08-07T15:39:30,81.919510,-90.499451,nan
2024-08-07T15:39:29,81.919533,-90.499771,nan
2024-08-07T15:39:28,81.919571,-90.500397,nan
2024-08-07T15:39:28,81.919586,-90.500717,nan
2024-08-07T15:39:27,81.919609,-90.501045,nan
2024-08-07T15:39:27,81.919632,-90.501366,nan
2024-08-07T15:39:26,81.919647,-90.501694,nan
2024-08-07T15:39:26,81.919670,-90.502014,nan
2024-08-07T15:39:25,81.919693,-90.502335,nan
2024-08-07T15:39:25,81.919708,-90.502655,nan
2024-08-07T15:39:24,81.919731,-90.502975,nan
2024-08-07T15:39:24,81.919754,-90.503304,nan
2024-08-07T15:39:23,81.919777,-90.503639,nan
2024-08-07T15:39:22,81.919838,-90.504623,nan
2024-08-07T15:39:21,81.919861,-90.504959,nan
2024-08-07T15:39:21,81.919884,-90.505287,nan
2024-08-07T15:39:20,81.919907,-90.505623,nan
2024-08-07T15:39:20,81.919922,-90.505959,nan
2024-08-07T15:39:19,81.919945,-90.506294,nan
2024-08-07T15:39:19,81.919968,-90.506622,nan
2024-08-07T15:39:18,81.919991,-90.506950,nan
2024-08-07T15:39:18,81.920013,-90.507286,nan
2024-08-07T15:39:17,81.920044,-90.507614,nan
2024-08-07T15:39:17,81.920067,-90.507942,nan
2024-08-07T15:39:16,81.920090,-90.508278,nan
2024-08-07T15:39:16,81.920113,-90.508614,nan
2024-08-07T15:39:15,81.920135,-90.508949,nan
2024-08-07T15:39:15,81.920158,-90.509293,nan
2024-08-07T15:39:14,81.920181,-90.509644,nan
2024-08-07T15:39:14,81.920204,-90.510002,nan
2024-08-07T15:39:13,81.920227,-90.510361,nan
2024-08-07T15:39:13,81.920258,-90.510719,nan
2024-08-07T15:39:12,81.920280,-90.511070,nan
2024-08-07T15:39:12,81.920311,-90.511429,nan
2024-08-07T15:39:11,81.920334,-90.511787,nan
2024-08-07T15:39:11,81.920364,-90.512154,nan
2024-08-07T15:39:10,81.920387,-90.512505,nan
2024-08-07T15:39:10,81.920410,-90.512863,nan
2024-08-07T15:39:09,81.920441,-90.513222,nan
2024-08-07T15:39:09,81.920464,-90.513580,nan
2024-08-07T15:39:08,81.920494,-90.513939,nan
2024-08-07T15:39:08,81.920517,-90.514305,nan
2024-08-07T15:39:07,81.920547,-90.514664,nan
2024-08-07T15:39:07,81.920570,-90.515030,nan
2024-08-07T15:39:06,81.920593,-90.515388,nan
2024-08-07T15:39:06,81.920616,-90.515747,nan
2024-08-07T15:39:05,81.920647,-90.516106,nan
2024-08-07T15:39:05,81.920670,-90.516464,nan
2024-08-07T15:39:04,81.920692,-90.516823,nan
2024-08-07T15:39:04,81.920715,-90.517189,nan
2024-08-07T15:39:03,81.920769,-90.517921,nan
2024-08-07T15:39:02,81.920792,-90.518288,nan
2024-08-07T15:39:02,81.920815,-90.518646,nan
2024-08-07T15:39:01,81.920837,-90.519005,nan
2024-08-07T15:39:01,81.920860,-90.519371,nan
2024-08-07T15:39:00,81.920891,-90.519730,nan
2024-08-07T15:39:00,81.920914,-90.520088,nan
2024-08-07T15:38:59,81.920937,-90.520439,nan
2024-08-07T15:38:59,81.920959,-90.520790,nan
2024-08-07T15:38:58,81.920990,-90.521149,nan
2024-08-07T15:38:58,81.921013,-90.521500,nan
2024-08-07T15:38:57,81.921043,-90.521866,nan
2024-08-07T15:38:57,81.921066,-90.522232,nan
2024-08-07T15:38:56,81.921097,-90.522598,nan
2024-08-07T15:38:56,81.921120,-90.522964,nan
2024-08-07T15:38:55,81.921150,-90.523331,nan
2024-08-07T15:38:55,81.921181,-90.523697,nan
2024-08-07T15:38:54,81.921204,-90.524071,nan
2024-08-07T15:38:54,81.921234,-90.524452,nan
2024-08-07T15:38:53,81.921257,-90.524826,nan
2024-08-07T15:38:53,81.921288,-90.525200,nan
2024-08-07T15:38:52,81.921310,-90.525574,nan
2024-08-07T15:38:52,81.921341,-90.525948,nan
2024-08-07T15:38:51,81.921364,-90.526321,nan
2024-08-07T15:38:51,81.921394,-90.526703,nan
2024-08-07T15:38:50,81.921417,-90.527092,nan
2024-08-07T15:38:50,81.921440,-90.527473,nan
2024-08-07T15:38:49,81.921471,-90.527855,nan
2024-08-07T15:38:49,81.921494,-90.528236,nan
2024-08-07T15:38:48,81.921516,-90.528610,nan
2024-08-07T15:38:48,81.921539,-90.528992,nan
2024-08-07T15:38:47,81.921570,-90.529373,nan
2024-08-07T15:38:47,81.921593,-90.529755,nan
2024-08-07T15:38:46,81.921616,-90.530136,nan
2024-08-07T15:38:46,81.921646,-90.530518,nan
2024-08-07T15:38:45,81.921669,-90.530899,nan
2024-08-07T15:38:45,81.921692,-90.531281,nan
2024-08-07T15:38:44,81.921722,-90.531670,nan
2024-08-07T15:38:44,81.921745,-90.532059,nan
2024-08-07T15:38:43,81.921768,-90.532440,nan
2024-08-07T15:38:43,81.921799,-90.532829,nan
2024-08-07T15:38:42,81.921822,-90.533211,nan
2024-08-07T15:38:42,81.921852,-90.533592,nan
2024-08-07T15:38:41,81.921883,-90.533974,nan
2024-08-07T15:38:41,81.921906,-90.534370,nan
2024-08-07T15:38:40,81.921936,-90.534760,nan
2024-08-07T15:38:40,81.921967,-90.535149,nan
2024-08-07T15:38:39,81.921989,-90.535538,nan
2024-08-07T15:38:39,81.922020,-90.535927,nan
2024-08-07T15:38:38,81.922050,-90.536324,nan
2024-08-07T15:38:38,81.922081,-90.536728,nan
2024-08-07T15:38:37,81.922112,-90.537125,nan
2024-08-07T15:38:37,81.922142,-90.537529,nan
2024-08-07T15:38:36,81.922173,-90.537926,nan
2024-08-07T15:38:36,81.922203,-90.538330,nan
2024-08-07T15:38:35,81.922234,-90.538734,nan
2024-08-07T15:38:35,81.922264,-90.539154,nan
2024-08-07T15:38:34,81.922295,-90.539574,nan
2024-08-07T15:38:34,81.922325,-90.540001,nan
2024-08-07T15:38:33,81.922356,-90.540421,nan
2024-08-07T15:38:33,81.922386,-90.540833,nan
2024-08-07T15:38:32,81.922417,-90.541260,nan
2024-08-07T15:38:32,81.922447,-90.541679,nan
2024-08-07T15:38:31,81.922478,-90.542107,nan
2024-08-07T15:38:31,81.922508,-90.542526,nan
2024-08-07T15:38:30,81.922539,-90.542953,nan
2024-08-07T15:38:30,81.922569,-90.543381,nan
2024-08-07T15:38:29,81.922600,-90.543800,nan
2024-08-07T15:38:29,81.922630,-90.544235,nan
2024-08-07T15:38:28,81.922668,-90.544662,nan
2024-08-07T15:38:28,81.922699,-90.545097,nan
2024-08-07T15:38:27,81.922729,-90.545532,nan
2024-08-07T15:38:27,81.922760,-90.545959,nan
2024-08-07T15:38:26,81.922798,-90.546394,nan
2024-08-07T15:38:26,81.922829,-90.546829,nan
2024-08-07T15:38:25,81.922859,-90.547264,nan
2024-08-07T15:38:25,81.922897,-90.547707,nan
2024-08-07T15:38:24,81.922928,-90.548134,nan
2024-08-07T15:38:24,81.922958,-90.548569,nan
2024-08-07T15:38:23,81.922997,-90.548988,nan
2024-08-07T15:38:23,81.923027,-90.549416,nan
2024-08-07T15:38:22,81.923058,-90.549843,nan
2024-08-07T15:38:22,81.923096,-90.550270,nan
2024-08-07T15:38:21,81.923126,-90.550697,nan
2024-08-07T15:38:21,81.923157,-90.551117,nan
2024-08-07T15:38:20,81.923187,-90.551537,nan
2024-08-07T15:38:20,81.923218,-90.551956,nan
2024-08-07T15:38:19,81.923248,-90.552376,nan
2024-08-07T15:38:19,81.923286,-90.552795,nan
2024-08-07T15:38:18,81.923317,-90.553215,nan
2024-08-07T15:38:18,81.923347,-90.553635,nan
2024-08-07T15:38:17,81.923378,-90.554047,nan
2024-08-07T15:38:17,81.923416,-90.554459,nan
2024-08-07T15:38:16,81.923447,-90.554878,nan
2024-08-07T15:38:16,81.923477,-90.555290,nan
2024-08-07T15:38:15,81.923508,-90.555710,nan
2024-08-07T15:38:15,81.923538,-90.556122,nan
2024-08-07T15:38:14,81.923569,-90.556541,nan
2024-08-07T15:38:14,81.923599,-90.556946,nan
2024-08-07T15:38:13,81.923637,-90.557358,nan
2024-08-07T15:38:13,81.923668,-90.557770,nan
2024-08-07T15:38:12,81.923698,-90.558182,nan
2024-08-07T15:38:12,81.923729,-90.558594,nan
2024-08-07T15:38:11,81.923759,-90.559006,nan
2024-08-07T15:38:11,81.923790,-90.559418,nan
2024-08-07T15:38:10,81.923820,-90.559830,nan
2024-08-07T15:38:10,81.923851,-90.560242,nan
2024-08-07T15:38:09,81.923882,-90.560661,nan
2024-08-07T15:38:09,81.923912,-90.561081,nan
2024-08-07T15:38:08,81.923943,-90.561501,nan
2024-08-07T15:38:08,81.923973,-90.561920,nan
2024-08-07T15:38:07,81.924004,-90.562340,nan
2024-08-07T15:38:07,81.924034,-90.562759,nan
2024-08-07T15:38:06,81.924065,-90.563179,nan
2024-08-07T15:38:06,81.924088,-90.563606,nan
2024-08-07T15:38:05,81.924118,-90.564034,nan
2024-08-07T15:38:05,81.924149,-90.564453,nan
2024-08-07T15:38:04,81.924179,-90.564873,nan
2024-08-07T15:38:04,81.924210,-90.565300,nan
2024-08-07T15:38:03,81.924240,-90.565727,nan
2024-08-07T15:38:03,81.924271,-90.566162,nan
2024-08-07T15:38:02,81.924301,-90.566589,nan
2024-08-07T15:38:02,81.924332,-90.567009,nan
2024-08-07T15:38:01,81.924393,-90.567863,nan
2024-08-07T15:38:00,81.924423,-90.568291,nan
2024-08-07T15:38:00,81.924454,-90.568726,nan
2024-08-07T15:37:59,81.924484,-90.569153,nan
2024-08-07T15:37:59,81.924515,-90.569580,nan
2024-08-07T15:37:58,81.924538,-90.570007,nan
2024-08-07T15:37:58,81.924576,-90.570435,nan
2024-08-07T15:37:57,81.924599,-90.570869,nan
2024-08-07T15:37:57,81.924629,-90.571304,nan
2024-08-07T15:37:56,81.924660,-90.571747,nan
2024-08-07T15:37:56,81.924690,-90.572189,nan
2024-08-07T15:37:55,81.924721,-90.572624,nan
2024-08-07T15:37:55,81.924751,-90.573067,nan
2024-08-07T15:37:54,81.924782,-90.573517,nan
2024-08-07T15:37:54,81.924812,-90.573967,nan
2024-08-07T15:37:53,81.924843,-90.574417,nan
2024-08-07T15:37:53,81.924873,-90.574860,nan
2024-08-07T15:37:52,81.924904,-90.575317,nan
2024-08-07T15:37:52,81.924934,-90.575768,nan
2024-08-07T15:37:51,81.924965,-90.576233,nan
2024-08-07T15:37:51,81.924988,-90.576691,nan
2024-08-07T15:37:50,81.925018,-90.577148,nan
2024-08-07T15:37:50,81.925049,-90.577606,nan
2024-08-07T15:37:49,81.925079,-90.578064,nan
2024-08-07T15:37:49,81.925102,-90.578529,nan
2024-08-07T15:37:48,81.925133,-90.579002,nan
2024-08-07T15:37:48,81.925163,-90.579468,nan
2024-08-07T15:37:47,81.925194,-90.579941,nan
2024-08-07T15:37:47,81.925217,-90.580406,nan
2024-08-07T15:37:46,81.925247,-90.580887,nan
2024-08-07T15:37:46,81.925278,-90.581367,nan
2024-08-07T15:37:45,81.925301,-90.581848,nan
2024-08-07T15:37:45,81.925331,-90.582329,nan
2024-08-07T15:37:44,81.925362,-90.582802,nan
2024-08-07T15:37:44,81.925385,-90.583282,nan
2024-08-07T15:37:43,81.925415,-90.583771,nan
2024-08-07T15:37:43,81.925446,-90.584251,nan
2024-08-07T15:37:42,81.925476,-90.584747,nan
2024-08-07T15:37:42,81.925507,-90.585236,nan
2024-08-07T15:37:41,81.925529,-90.585732,nan
2024-08-07T15:37:41,81.925560,-90.586227,nan
2024-08-07T15:37:40,81.925583,-90.586723,nan
2024-08-07T15:37:40,81.925613,-90.587234,nan
2024-08-07T15:37:39,81.925644,-90.587746,nan
2024-08-07T15:37:39,81.925667,-90.588257,nan
2024-08-07T15:37:38,81.925697,-90.588768,nan
2024-08-07T15:37:38,81.925720,-90.589279,nan
2024-08-07T15:37:37,81.925751,-90.589798,nan
2024-08-07T15:37:37,81.925781,-90.590309,nan
2024-08-07T15:37:36,81.925812,-90.590828,nan
2024-08-07T15:37:36,81.925835,-90.591339,nan
2024-08-07T15:37:35,81.925865,-90.591843,nan
2024-08-07T15:37:35,81.925888,-90.592354,nan
2024-08-07T15:37:34,81.925919,-90.592857,nan
2024-08-07T15:37:34,81.925941,-90.593376,nan
2024-08-07T15:37:33,81.925972,-90.593887,nan
2024-08-07T15:37:33,81.926003,-90.594406,nan
2024-08-07T15:37:32,81.926025,-90.594917,nan
2024-08-07T15:37:32,81.926056,-90.595436,nan
2024-08-07T15:37:31,81.926086,-90.595955,nan
2024-08-07T15:37:31,81.926117,-90.596474,nan
2024-08-07T15:37:30,81.926147,-90.596985,nan
2024-08-07T15:37:30,81.926178,-90.597504,nan
2024-08-07T15:37:29,81.926201,-90.598015,nan
2024-08-07T15:37:29,81.926231,-90.598526,nan
2024-08-07T15:37:28,81.926262,-90.599045,nan
2024-08-07T15:37:28,81.926292,-90.599556,nan
2024-08-07T15:37:27,81.926323,-90.600067,nan
2024-08-07T15:37:27,81.926353,-90.600578,nan
2024-08-07T15:37:26,81.926376,-90.601089,nan
2024-08-07T15:37:26,81.926407,-90.601601,nan
2024-08-07T15:37:25,81.926437,-90.602119,nan
2024-08-07T15:37:25,81.926468,-90.602638,nan
2024-08-07T15:37:24,81.926498,-90.603149,nan
2024-08-07T15:37:24,81.926529,-90.603661,nan
2024-08-07T15:37:23,81.926559,-90.604172,nan
2024-08-07T15:37:23,81.926590,-90.604691,nan
2024-08-07T15:37:22,81.926620,-90.605209,nan
2024-08-07T15:37:22,81.926651,-90.605721,nan
2024-08-07T15:37:21,81.926682,-90.606232,nan
2024-08-07T15:37:21,81.926704,-90.606743,nan
2024-08-07T15:37:20,81.926735,-90.607254,nan
2024-08-07T15:37:20,81.926765,-90.607765,nan
2024-08-07T15:37:19,81.926796,-90.608276,nan
2024-08-07T15:37:19,81.926826,-90.608788,nan
2024-08-07T15:37:18,81.926857,-90.609306,nan
2024-08-07T15:37:18,81.926888,-90.609818,nan
2024-08-07T15:37:17,81.926918,-90.610336,nan
2024-08-07T15:37:17,81.926949,-90.610855,nan
2024-08-07T15:37:16,81.926979,-90.611382,nan
2024-08-07T15:37:16,81.927010,-90.611908,nan
2024-08-07T15:37:15,81.927032,-90.612434,nan
2024-08-07T15:37:15,81.927063,-90.612961,nan
2024-08-07T15:37:14,81.927094,-90.613495,nan
2024-08-07T15:37:14,81.927124,-90.614029,nan
2024-08-07T15:37:13,81.927155,-90.614571,nan
2024-08-07T15:37:13,81.927185,-90.615105,nan
2024-08-07T15:37:12,81.927216,-90.615639,nan
2024-08-07T15:37:12,81.927246,-90.616173,nan
2024-08-07T15:37:11,81.927277,-90.616714,nan
2024-08-07T15:37:11,81.927307,-90.617264,nan
2024-08-07T15:37:10,81.927345,-90.617805,nan
2024-08-07T15:37:10,81.927376,-90.618347,nan
2024-08-07T15:37:09,81.927414,-90.618889,nan
2024-08-07T15:37:09,81.927452,-90.619438,nan
2024-08-07T15:37:08,81.927490,-90.619987,nan
2024-08-07T15:37:08,81.927521,-90.620537,nan
2024-08-07T15:37:07,81.927567,-90.621094,nan
2024-08-07T15:37:07,81.927605,-90.621643,nan
2024-08-07T15:37:06,81.927643,-90.622192,nan
2024-08-07T15:37:06,81.927681,-90.622749,nan
2024-08-07T15:37:05,81.927727,-90.623306,nan
2024-08-07T15:37:05,81.927765,-90.623863,nan
2024-08-07T15:37:04,81.927811,-90.624413,nan
2024-08-07T15:37:04,81.927849,-90.624962,nan
2024-08-07T15:37:03,81.927895,-90.625511,nan
2024-08-07T15:37:03,81.927933,-90.626060,nan
2024-08-07T15:37:02,81.927979,-90.626617,nan
2024-08-07T15:37:02,81.928017,-90.627174,nan
2024-08-07T15:37:01,81.928062,-90.627724,nan
2024-08-07T15:37:01,81.928101,-90.628273,nan
2024-08-07T15:37:00,81.928146,-90.628822,nan
2024-08-07T15:37:00,81.928185,-90.629372,nan
2024-08-07T15:36:59,81.928230,-90.629929,nan
2024-08-07T15:36:59,81.928268,-90.630486,nan
2024-08-07T15:36:58,81.928314,-90.631050,nan
2024-08-07T15:36:58,81.928360,-90.631615,nan
2024-08-07T15:36:57,81.928398,-90.632179,nan
2024-08-07T15:36:57,81.928444,-90.632751,nan
2024-08-07T15:36:56,81.928490,-90.633324,nan
2024-08-07T15:36:56,81.928535,-90.633904,nan
2024-08-07T15:36:55,81.928581,-90.634476,nan
2024-08-07T15:36:55,81.928627,-90.635040,nan
2024-08-07T15:36:54,81.928673,-90.635612,nan
2024-08-07T15:36:54,81.928719,-90.636185,nan
2024-08-07T15:36:53,81.928764,-90.636765,nan
2024-08-07T15:36:53,81.928810,-90.637329,nan
2024-08-07T15:36:52,81.928856,-90.637894,nan
2024-08-07T15:36:52,81.928902,-90.638458,nan
2024-08-07T15:36:51,81.928955,-90.639015,nan
2024-08-07T15:36:51,81.929001,-90.639587,nan
2024-08-07T15:36:50,81.929047,-90.640160,nan
2024-08-07T15:36:50,81.929092,-90.640732,nan
2024-08-07T15:36:49,81.929146,-90.641312,nan
2024-08-07T15:36:49,81.929192,-90.641907,nan
2024-08-07T15:36:48,81.929237,-90.642509,nan
2024-08-07T15:36:48,81.929291,-90.643120,nan
2024-08-07T15:36:47,81.929337,-90.643723,nan
2024-08-07T15:36:47,81.929382,-90.644325,nan
2024-08-07T15:36:46,81.929436,-90.644936,nan
2024-08-07T15:36:46,81.929482,-90.645546,nan
2024-08-07T15:36:45,81.929535,-90.646156,nan
2024-08-07T15:36:45,81.929581,-90.646767,nan
2024-08-07T15:36:44,81.929626,-90.647377,nan
2024-08-07T15:36:44,81.929680,-90.647980,nan
2024-08-07T15:36:43,81.929726,-90.648590,nan
2024-08-07T15:36:43,81.929771,-90.649200,nan
2024-08-07T15:36:42,81.929825,-90.649811,nan
2024-08-07T15:36:42,81.929871,-90.650421,nan
2024-08-07T15:36:41,81.929924,-90.651031,nan
2024-08-07T15:36:41,81.929970,-90.651642,nan
2024-08-07T15:36:40,81.930023,-90.652252,nan
2024-08-07T15:36:40,81.930069,-90.652855,nan
2024-08-07T15:36:39,81.930122,-90.653465,nan
2024-08-07T15:36:39,81.930168,-90.654068,nan
2024-08-07T15:36:38,81.930222,-90.654678,nan
2024-08-07T15:36:38,81.930267,-90.655296,nan
2024-08-07T15:36:37,81.930321,-90.655914,nan
2024-08-07T15:36:37,81.930367,-90.656548,nan
2024-08-07T15:36:36,81.930420,-90.657166,nan
2024-08-07T15:36:36,81.930466,-90.657799,nan
2024-08-07T15:36:35,81.930519,-90.658432,nan
2024-08-07T15:36:35,81.930565,-90.659065,nan
2024-08-07T15:36:34,81.930618,-90.659714,nan
2024-08-07T15:36:34,81.930672,-90.660355,nan
2024-08-07T15:36:33,81.930717,-90.661003,nan
2024-08-07T15:36:33,81.930771,-90.661644,nan
2024-08-07T15:36:32,81.930817,-90.662292,nan
2024-08-07T15:36:32,81.930870,-90.662941,nan
2024-08-07T15:36:31,81.930916,-90.663597,nan
2024-08-07T15:36:31,81.930969,-90.664246,nan
2024-08-07T15:36:30,81.931015,-90.664894,nan
2024-08-07T15:36:30,81.931068,-90.665550,nan
2024-08-07T15:36:29,81.931122,-90.666199,nan
2024-08-07T15:36:29,81.931168,-90.666855,nan
2024-08-07T15:36:28,81.931221,-90.667503,nan
2024-08-07T15:36:28,81.931267,-90.668159,nan
2024-08-07T15:36:27,81.931320,-90.668808,nan
2024-08-07T15:36:27,81.931366,-90.669464,nan
2024-08-07T15:36:26,81.931419,-90.670113,nan
2024-08-07T15:36:26,81.931465,-90.670761,nan
2024-08-07T15:36:25,81.931519,-90.671402,nan
2024-08-07T15:36:25,81.931564,-90.672050,nan
2024-08-07T15:36:24,81.931618,-90.672707,nan
2024-08-07T15:36:24,81.931664,-90.673355,nan
2024-08-07T15:36:23,81.931709,-90.674004,nan
2024-08-07T15:36:23,81.931763,-90.674660,nan
2024-08-07T15:36:22,81.931808,-90.675323,nan
2024-08-07T15:36:22,81.931854,-90.675987,nan
2024-08-07T15:36:21,81.931908,-90.676659,nan
2024-08-07T15:36:21,81.931953,-90.677322,nan
2024-08-07T15:36:20,81.931999,-90.677994,nan
2024-08-07T15:36:20,81.932053,-90.678673,nan
2024-08-07T15:36:19,81.932098,-90.679359,nan
2024-08-07T15:36:19,81.932152,-90.680038,nan
2024-08-07T15:36:18,81.932198,-90.680725,nan
2024-08-07T15:36:18,81.932251,-90.681412,nan
2024-08-07T15:36:17,81.932297,-90.682106,nan
2024-08-07T15:36:17,81.932350,-90.682808,nan
2024-08-07T15:36:16,81.932404,-90.683510,nan
2024-08-07T15:36:16,81.932457,-90.684219,nan
2024-08-07T15:36:15,81.932503,-90.684921,nan
2024-08-07T15:36:15,81.932556,-90.685638,nan
2024-08-07T15:36:14,81.932610,-90.686356,nan
2024-08-07T15:36:14,81.932655,-90.687080,nan
2024-08-07T15:36:13,81.932709,-90.687798,nan
2024-08-07T15:36:13,81.932762,-90.688522,nan
2024-08-07T15:36:12,81.932808,-90.689255,nan
2024-08-07T15:36:12,81.932861,-90.689987,nan
2024-08-07T15:36:11,81.932915,-90.690720,nan
2024-08-07T15:36:11,81.932968,-90.691460,nan
2024-08-07T15:36:10,81.933022,-90.692192,nan
2024-08-07T15:36:10,81.933075,-90.692924,nan
2024-08-07T15:36:09,81.933136,-90.693665,nan
2024-08-07T15:36:09,81.933189,-90.694412,nan
2024-08-07T15:36:08,81.933243,-90.695168,nan
2024-08-07T15:36:08,81.933296,-90.695915,nan
2024-08-07T15:36:07,81.933357,-90.696678,nan
2024-08-07T15:36:07,81.933411,-90.697441,nan
2024-08-07T15:36:06,81.933464,-90.698204,nan
2024-08-07T15:36:06,81.933517,-90.698967,nan
2024-08-07T15:36:05,81.933578,-90.699722,nan
2024-08-07T15:36:05,81.933632,-90.700478,nan
2024-08-07T15:36:04,81.933685,-90.701233,nan
2024-08-07T15:36:04,81.933746,-90.701988,nan
2024-08-07T15:36:03,81.933807,-90.702751,nan
2024-08-07T15:36:03,81.933861,-90.703506,nan
2024-08-07T15:36:02,81.933922,-90.704269,nan
2024-08-07T15:36:02,81.933983,-90.705025,nan
2024-08-07T15:36:01,81.934044,-90.705788,nan
2024-08-07T15:36:01,81.934097,-90.706535,nan
2024-08-07T15:36:00,81.934158,-90.707291,nan
2024-08-07T15:36:00,81.934219,-90.708046,nan
2024-08-07T15:35:59,81.934273,-90.708801,nan
2024-08-07T15:35:59,81.934334,-90.709557,nan
2024-08-07T15:35:58,81.934387,-90.710320,nan
2024-08-07T15:35:58,81.934448,-90.711082,nan
2024-08-07T15:35:57,81.934509,-90.711845,nan
2024-08-07T15:35:57,81.934563,-90.712624,nan
2024-08-07T15:35:56,81.934616,-90.713402,nan
2024-08-07T15:35:56,81.934677,-90.714188,nan
2024-08-07T15:35:55,81.934731,-90.714966,nan
2024-08-07T15:35:55,81.934792,-90.715759,nan
2024-08-07T15:35:54,81.934845,-90.716553,nan
2024-08-07T15:35:54,81.934898,-90.717354,nan
2024-08-07T15:35:53,81.934959,-90.718155,nan
2024-08-07T15:35:53,81.935013,-90.718948,nan
2024-08-07T15:35:52,81.935066,-90.719742,nan
2024-08-07T15:35:52,81.935127,-90.720543,nan
2024-08-07T15:35:51,81.935181,-90.721344,nan
2024-08-07T15:35:51,81.935234,-90.722153,nan
2024-08-07T15:35:50,81.935295,-90.722961,nan
2024-08-07T15:35:50,81.935349,-90.723770,nan
2024-08-07T15:35:49,81.935410,-90.724586,nan
2024-08-07T15:35:49,81.935463,-90.725418,nan
2024-08-07T15:35:48,81.935516,-90.726242,nan
2024-08-07T15:35:48,81.935577,-90.727074,nan
2024-08-07T15:35:47,81.935638,-90.727905,nan
2024-08-07T15:35:47,81.935692,-90.728737,nan
2024-08-07T15:35:46,81.935753,-90.729576,nan
2024-08-07T15:35:46,81.935814,-90.730415,nan
2024-08-07T15:35:45,81.935875,-90.731247,nan
2024-08-07T15:35:45,81.935928,-90.732086,nan
2024-08-07T15:35:44,81.935989,-90.732918,nan
2024-08-07T15:35:44,81.936050,-90.733757,nan
2024-08-07T15:35:43,81.936111,-90.734589,nan
2024-08-07T15:35:43,81.936172,-90.735420,nan
2024-08-07T15:35:42,81.936234,-90.736259,nan
2024-08-07T15:35:42,81.936287,-90.737099,nan
2024-08-07T15:35:41,81.936348,-90.737946,nan
2024-08-07T15:35:41,81.936409,-90.738800,nan
2024-08-07T15:35:40,81.936470,-90.739647,nan
2024-08-07T15:35:40,81.936531,-90.740494,nan
2024-08-07T15:35:39,81.936592,-90.741348,nan
2024-08-07T15:35:39,81.936653,-90.742203,nan
2024-08-07T15:35:38,81.936707,-90.743065,nan
2024-08-07T15:35:38,81.936768,-90.743919,nan
2024-08-07T15:35:37,81.936829,-90.744781,nan
2024-08-07T15:35:37,81.936890,-90.745644,nan
2024-08-07T15:35:36,81.936958,-90.746513,nan
2024-08-07T15:35:36,81.937019,-90.747383,nan
2024-08-07T15:35:35,81.937080,-90.748253,nan
2024-08-07T15:35:35,81.937141,-90.749123,nan
2024-08-07T15:35:34,81.937202,-90.749992,nan
2024-08-07T15:35:34,81.937271,-90.750870,nan
2024-08-07T15:35:33,81.937332,-90.751755,nan
2024-08-07T15:35:33,81.937401,-90.752632,nan
2024-08-07T15:35:32,81.937462,-90.753502,nan
2024-08-07T15:35:32,81.937531,-90.754372,nan
2024-08-07T15:35:31,81.937599,-90.755249,nan
2024-08-07T15:35:31,81.937660,-90.756126,nan
2024-08-07T15:35:30,81.937729,-90.756996,nan
2024-08-07T15:35:30,81.937798,-90.757874,nan
2024-08-07T15:35:29,81.937859,-90.758743,nan
2024-08-07T15:35:29,81.937927,-90.759621,nan
2024-08-07T15:35:28,81.937988,-90.760506,nan
2024-08-07T15:35:28,81.938057,-90.761398,nan
2024-08-07T15:35:27,81.938126,-90.762299,nan
2024-08-07T15:35:27,81.938187,-90.763191,nan
2024-08-07T15:35:26,81.938255,-90.764099,nan
2024-08-07T15:35:26,81.938324,-90.765007,nan
2024-08-07T15:35:25,81.938393,-90.765915,nan
2024-08-07T15:35:25,81.938454,-90.766823,nan
2024-08-07T15:35:24,81.938522,-90.767731,nan
2024-08-07T15:35:24,81.938591,-90.768646,nan
2024-08-07T15:35:23,81.938660,-90.769562,nan
2024-08-07T15:35:23,81.938728,-90.770477,nan
2024-08-07T15:35:22,81.938797,-90.771385,nan
2024-08-07T15:35:22,81.938866,-90.772308,nan
2024-08-07T15:35:21,81.938934,-90.773232,nan
2024-08-07T15:35:21,81.939003,-90.774162,nan
2024-08-07T15:35:20,81.939079,-90.775085,nan
2024-08-07T15:35:20,81.939148,-90.776016,nan
2024-08-07T15:35:19,81.939217,-90.776955,nan
2024-08-07T15:35:19,81.939293,-90.777885,nan
2024-08-07T15:35:18,81.939369,-90.778824,nan
2024-08-07T15:35:18,81.939438,-90.779762,nan
2024-08-07T15:35:17,81.939514,-90.780701,nan
2024-08-07T15:35:17,81.939583,-90.781639,nan
2024-08-07T15:35:16,81.939659,-90.782578,nan
2024-08-07T15:35:16,81.939735,-90.783524,nan
2024-08-07T15:35:15,81.939812,-90.784462,nan
2024-08-07T15:35:15,81.939880,-90.785408,nan
2024-08-07T15:35:14,81.939957,-90.786354,nan
2024-08-07T15:35:14,81.940033,-90.787308,nan
2024-08-07T15:35:13,81.940109,-90.788261,nan
2024-08-07T15:35:13,81.940178,-90.789215,nan
2024-08-07T15:35:12,81.940254,-90.790169,nan
2024-08-07T15:35:12,81.940331,-90.791130,nan
2024-08-07T15:35:11,81.940407,-90.792091,nan
2024-08-07T15:35:11,81.940475,-90.793053,nan
2024-08-07T15:35:10,81.940552,-90.794006,nan
2024-08-07T15:35:10,81.940628,-90.794960,nan
2024-08-07T15:35:09,81.940704,-90.795921,nan
2024-08-07T15:35:09,81.940773,-90.796875,nan
2024-08-07T15:35:08,81.940849,-90.797829,nan
2024-08-07T15:35:08,81.940926,-90.798782,nan
2024-08-07T15:35:07,81.941002,-90.799728,nan
2024-08-07T15:35:07,81.941078,-90.800682,nan
2024-08-07T15:35:06,81.941154,-90.801636,nan
2024-08-07T15:35:06,81.941231,-90.802589,nan
2024-08-07T15:35:05,81.941307,-90.803543,nan
2024-08-07T15:35:05,81.941383,-90.804497,nan
2024-08-07T15:35:04,81.941460,-90.805450,nan
2024-08-07T15:35:04,81.941536,-90.806412,nan
2024-08-07T15:35:03,81.941612,-90.807365,nan
2024-08-07T15:35:03,81.941689,-90.808327,nan
2024-08-07T15:35:02,81.941765,-90.809288,nan
2024-08-07T15:35:02,81.941841,-90.810257,nan
2024-08-07T15:35:01,81.941917,-90.811218,nan
2024-08-07T15:35:01,81.941994,-90.812187,nan
2024-08-07T15:35:00,81.942070,-90.813148,nan
2024-08-07T15:35:00,81.942146,-90.814117,nan
2024-08-07T15:34:59,81.942223,-90.815086,nan
2024-08-07T15:34:59,81.942307,-90.816071,nan
2024-08-07T15:34:58,81.942383,-90.817047,nan
2024-08-07T15:34:58,81.942459,-90.818024,nan
2024-08-07T15:34:57,81.942535,-90.819000,nan
2024-08-07T15:34:57,81.942612,-90.819984,nan
2024-08-07T15:34:56,81.942688,-90.820969,nan
2024-08-07T15:34:56,81.942764,-90.821953,nan
2024-08-07T15:34:55,81.942848,-90.822929,nan
2024-08-07T15:34:55,81.942924,-90.823914,nan
2024-08-07T15:34:54,81.943001,-90.824905,nan
2024-08-07T15:34:54,81.943077,-90.825890,nan
2024-08-07T15:34:53,81.943161,-90.826874,nan
2024-08-07T15:34:53,81.943237,-90.827858,nan
2024-08-07T15:34:52,81.943314,-90.828850,nan
2024-08-07T15:34:52,81.943398,-90.829842,nan
2024-08-07T15:34:51,81.943474,-90.830841,nan
2024-08-07T15:34:51,81.943550,-90.831833,nan
2024-08-07T15:34:50,81.943634,-90.832825,nan
2024-08-07T15:34:50,81.943710,-90.833824,nan
2024-08-07T15:34:49,81.943794,-90.834824,nan
2024-08-07T15:34:49,81.943871,-90.835823,nan
2024-08-07T15:34:48,81.943954,-90.836823,nan
2024-08-07T15:34:48,81.944031,-90.837822,nan
2024-08-07T15:34:47,81.944115,-90.838829,nan
2024-08-07T15:34:47,81.944199,-90.839836,nan
2024-08-07T15:34:46,81.944275,-90.840843,nan
2024-08-07T15:34:46,81.944359,-90.841850,nan
2024-08-07T15:34:45,81.944443,-90.842865,nan
2024-08-07T15:34:45,81.944527,-90.843880,nan
2024-08-07T15:34:44,81.944603,-90.844894,nan
2024-08-07T15:34:44,81.944687,-90.845917,nan
2024-08-07T15:34:43,81.944771,-90.846947,nan
2024-08-07T15:34:43,81.944855,-90.847977,nan
2024-08-07T15:34:42,81.944939,-90.849014,nan
2024-08-07T15:34:42,81.945023,-90.850052,nan
2024-08-07T15:34:41,81.945107,-90.851082,nan
2024-08-07T15:34:41,81.945183,-90.852119,nan
2024-08-07T15:34:40,81.945267,-90.853165,nan
2024-08-07T15:34:40,81.945351,-90.854210,nan
2024-08-07T15:34:39,81.945435,-90.855263,nan
2024-08-07T15:34:39,81.945518,-90.856308,nan
2024-08-07T15:34:38,81.945602,-90.857361,nan
2024-08-07T15:34:38,81.945686,-90.858421,nan
2024-08-07T15:34:37,81.945763,-90.859482,nan
2024-08-07T15:34:37,81.945847,-90.860535,nan
2024-08-07T15:34:36,81.945930,-90.861603,nan
2024-08-07T15:34:36,81.946014,-90.862663,nan
2024-08-07T15:34:35,81.946098,-90.863731,nan
2024-08-07T15:34:35,81.946182,-90.864807,nan
2024-08-07T15:34:34,81.946266,-90.865883,nan
2024-08-07T15:34:34,81.946350,-90.866959,nan
2024-08-07T15:34:33,81.946434,-90.868042,nan
2024-08-07T15:34:33,81.946518,-90.869125,nan
2024-08-07T15:34:32,81.946609,-90.870209,nan
2024-08-07T15:34:32,81.946693,-90.871284,nan
2024-08-07T15:34:31,81.946777,-90.872368,nan
2024-08-07T15:34:31,81.946861,-90.873459,nan
2024-08-07T15:34:30,81.946953,-90.874550,nan
2024-08-07T15:34:30,81.947037,-90.875641,nan
2024-08-07T15:34:29,81.947128,-90.876740,nan
2024-08-07T15:34:29,81.947212,-90.877838,nan
2024-08-07T15:34:28,81.947304,-90.878937,nan
2024-08-07T15:34:28,81.947395,-90.880035,nan
2024-08-07T15:34:27,81.947479,-90.881134,nan
2024-08-07T15:34:27,81.947571,-90.882240,nan
2024-08-07T15:34:26,81.947662,-90.883339,nan
2024-08-07T15:34:26,81.947754,-90.884445,nan
2024-08-07T15:34:25,81.947838,-90.885551,nan
2024-08-07T15:34:25,81.947929,-90.886665,nan
2024-08-07T15:34:24,81.948021,-90.887779,nan
2024-08-07T15:34:24,81.948112,-90.888885,nan
2024-08-07T15:34:23,81.948196,-90.889992,nan
2024-08-07T15:34:23,81.948296,-90.891106,nan
2024-08-07T15:34:22,81.948380,-90.892220,nan
2024-08-07T15:34:22,81.948479,-90.893333,nan
2024-08-07T15:34:21,81.948563,-90.894447,nan
2024-08-07T15:34:21,81.948662,-90.895561,nan
2024-08-07T15:34:20,81.948753,-90.896683,nan
2024-08-07T15:34:20,81.948845,-90.897804,nan
2024-08-07T15:34:19,81.948936,-90.898926,nan
2024-08-07T15:34:19,81.949020,-90.900047,nan
2024-08-07T15:34:18,81.949112,-90.901169,nan
2024-08-07T15:34:18,81.949203,-90.902290,nan
2024-08-07T15:34:17,81.949295,-90.903419,nan
2024-08-07T15:34:17,81.949387,-90.904549,nan
2024-08-07T15:34:16,81.949478,-90.905678,nan
2024-08-07T15:34:16,81.949570,-90.906807,nan
2024-08-07T15:34:15,81.949661,-90.907944,nan
2024-08-07T15:34:15,81.949753,-90.909081,nan
2024-08-07T15:34:14,81.949837,-90.910210,nan
2024-08-07T15:34:14,81.949928,-90.911346,nan
2024-08-07T15:34:13,81.950020,-90.912483,nan
2024-08-07T15:34:13,81.950111,-90.913628,nan
2024-08-07T15:34:12,81.950203,-90.914772,nan
2024-08-07T15:34:12,81.950294,-90.915909,nan
2024-08-07T15:34:11,81.950386,-90.917061,nan
2024-08-07T15:34:11,81.950478,-90.918213,nan
2024-08-07T15:34:10,81.950569,-90.919365,nan
2024-08-07T15:34:10,81.950661,-90.920517,nan
2024-08-07T15:34:09,81.950752,-90.921669,nan
2024-08-07T15:34:09,81.950844,-90.922829,nan
2024-08-07T15:34:08,81.950935,-90.923981,nan
2024-08-07T15:34:08,81.951027,-90.925133,nan
2024-08-07T15:34:07,81.951118,-90.926285,nan
2024-08-07T15:34:07,81.951210,-90.927437,nan
2024-08-07T15:34:06,81.951302,-90.928596,nan
2024-08-07T15:34:06,81.951393,-90.929756,nan
2024-08-07T15:34:05,81.951485,-90.930923,nan
2024-08-07T15:34:05,81.951576,-90.932083,nan
2024-08-07T15:34:04,81.951668,-90.933250,nan
2024-08-07T15:34:04,81.951759,-90.934418,nan
2024-08-07T15:34:03,81.951851,-90.935585,nan
2024-08-07T15:34:03,81.951942,-90.936752,nan
2024-08-07T15:34:02,81.952034,-90.937920,nan
2024-08-07T15:34:02,81.952126,-90.939095,nan
2024-08-07T15:34:01,81.952217,-90.940269,nan
2024-08-07T15:34:01,81.952309,-90.941444,nan
2024-08-07T15:34:00,81.952400,-90.942627,nan
2024-08-07T15:34:00,81.952492,-90.943817,nan
2024-08-07T15:33:59,81.952583,-90.945007,nan
2024-08-07T15:33:59,81.952675,-90.946205,nan
2024-08-07T15:33:58,81.952766,-90.947411,nan
2024-08-07T15:33:58,81.952858,-90.948631,nan
2024-08-07T15:33:57,81.952950,-90.949844,nan
2024-08-07T15:33:57,81.953049,-90.951073,nan
2024-08-07T15:33:56,81.953140,-90.952301,nan
2024-08-07T15:33:56,81.953239,-90.953545,nan
2024-08-07T15:33:55,81.953331,-90.954781,nan
2024-08-07T15:33:55,81.953430,-90.956024,nan
2024-08-07T15:33:54,81.953522,-90.957275,nan
2024-08-07T15:33:54,81.953621,-90.958534,nan
2024-08-07T15:33:53,81.953720,-90.959801,nan
2024-08-07T15:33:53,81.953812,-90.961075,nan
2024-08-07T15:33:52,81.953911,-90.962357,nan
2024-08-07T15:33:52,81.954010,-90.963646,nan
2024-08-07T15:33:51,81.954109,-90.964943,nan
2024-08-07T15:33:51,81.954208,-90.966248,nan
2024-08-07T15:33:50,81.954308,-90.967567,nan
2024-08-07T15:33:50,81.954407,-90.968895,nan
2024-08-07T15:33:49,81.954506,-90.970230,nan
2024-08-07T15:33:49,81.954613,-90.971581,nan
2024-08-07T15:33:48,81.954712,-90.972931,nan
2024-08-07T15:33:48,81.954819,-90.974297,nan
2024-08-07T15:33:47,81.954926,-90.975670,nan
2024-08-07T15:33:47,81.955032,-90.977051,nan
2024-08-07T15:33:46,81.955139,-90.978439,nan
2024-08-07T15:33:46,81.955246,-90.979843,nan
2024-08-07T15:33:45,81.955353,-90.981239,nan
2024-08-07T15:33:45,81.955460,-90.982651,nan
2024-08-07T15:33:44,81.955574,-90.984062,nan
2024-08-07T15:33:44,81.955688,-90.985481,nan
2024-08-07T15:33:43,81.955795,-90.986908,nan
2024-08-07T15:33:43,81.955910,-90.988342,nan
2024-08-07T15:33:42,81.956024,-90.989769,nan
2024-08-07T15:33:42,81.956139,-90.991211,nan
2024-08-07T15:33:41,81.956245,-90.992661,nan
2024-08-07T15:33:41,81.956367,-90.994110,nan
2024-08-07T15:33:40,81.956482,-90.995560,nan
2024-08-07T15:33:40,81.956596,-90.997025,nan
2024-08-07T15:33:39,81.956718,-90.998489,nan
2024-08-07T15:33:39,81.956833,-90.999954,nan
2024-08-07T15:33:38,81.956947,-91.001427,nan
2024-08-07T15:33:38,81.957069,-91.002907,nan
2024-08-07T15:33:37,81.957191,-91.004395,nan
2024-08-07T15:33:37,81.957314,-91.005882,nan
2024-08-07T15:33:36,81.957436,-91.007378,nan
2024-08-07T15:33:36,81.957558,-91.008881,nan
2024-08-07T15:33:35,81.957680,-91.010391,nan
2024-08-07T15:33:35,81.957809,-91.011902,nan
2024-08-07T15:33:34,81.957932,-91.013420,nan
2024-08-07T15:33:34,81.958061,-91.014946,nan
2024-08-07T15:33:33,81.958183,-91.016472,nan
2024-08-07T15:33:33,81.958313,-91.017998,nan
2024-08-07T15:33:32,81.958435,-91.019531,nan
2024-08-07T15:33:32,81.958565,-91.021065,nan
2024-08-07T15:33:31,81.958694,-91.022606,nan
2024-08-07T15:33:31,81.958824,-91.024139,nan
2024-08-07T15:33:30,81.958954,-91.025681,nan
2024-08-07T15:33:30,81.959084,-91.027222,nan
2024-08-07T15:33:29,81.959213,-91.028770,nan
2024-08-07T15:33:29,81.959351,-91.030319,nan
2024-08-07T15:33:28,81.959480,-91.031868,nan
2024-08-07T15:33:28,81.959618,-91.033417,nan
2024-08-07T15:33:27,81.959747,-91.034973,nan
2024-08-07T15:33:27,81.959885,-91.036530,nan
2024-08-07T15:33:26,81.960014,-91.038086,nan
2024-08-07T15:33:26,81.960152,-91.039650,nan
2024-08-07T15:33:25,81.960281,-91.041222,nan
2024-08-07T15:33:25,81.960419,-91.042801,nan
2024-08-07T15:33:24,81.960548,-91.044373,nan
2024-08-07T15:33:24,81.960686,-91.045952,nan
2024-08-07T15:33:23,81.960815,-91.047539,nan
2024-08-07T15:33:23,81.960953,-91.049118,nan
2024-08-07T15:33:22,81.961082,-91.050697,nan
2024-08-07T15:33:22,81.961220,-91.052284,nan
2024-08-07T15:33:21,81.961349,-91.053864,nan
2024-08-07T15:33:21,81.961479,-91.055450,nan
2024-08-07T15:33:20,81.961609,-91.057037,nan
2024-08-07T15:33:20,81.961746,-91.058624,nan
2024-08-07T15:33:19,81.961876,-91.060219,nan
2024-08-07T15:33:19,81.962006,-91.061806,nan
2024-08-07T15:33:18,81.962135,-91.063400,nan
2024-08-07T15:33:18,81.962265,-91.064995,nan
2024-08-07T15:33:17,81.962395,-91.066597,nan
2024-08-07T15:33:17,81.962524,-91.068199,nan
2024-08-07T15:33:16,81.962662,-91.069801,nan
2024-08-07T15:33:16,81.962791,-91.071411,nan
2024-08-07T15:33:15,81.962921,-91.073021,nan
2024-08-07T15:33:15,81.963051,-91.074631,nan
2024-08-07T15:33:14,81.963181,-91.076241,nan
2024-08-07T15:33:14,81.963310,-91.077850,nan
2024-08-07T15:33:13,81.963440,-91.079468,nan
2024-08-07T15:33:13,81.963562,-91.081085,nan
2024-08-07T15:33:12,81.963692,-91.082703,nan
2024-08-07T15:33:12,81.963821,-91.084328,nan
2024-08-07T15:33:11,81.963951,-91.085953,nan
2024-08-07T15:33:11,81.964081,-91.087578,nan
2024-08-07T15:33:10,81.964211,-91.089211,nan
2024-08-07T15:33:10,81.964340,-91.090843,nan
2024-08-07T15:33:09,81.964470,-91.092484,nan
2024-08-07T15:33:09,81.964600,-91.094131,nan
2024-08-07T15:33:08,81.964729,-91.095779,nan
2024-08-07T15:33:08,81.964859,-91.097427,nan
2024-08-07T15:33:07,81.964989,-91.099091,nan
2024-08-07T15:33:07,81.965126,-91.100754,nan
2024-08-07T15:33:06,81.965256,-91.102417,nan
2024-08-07T15:33:06,81.965393,-91.104088,nan
2024-08-07T15:33:05,81.965523,-91.105751,nan
2024-08-07T15:33:05,81.965660,-91.107422,nan
2024-08-07T15:33:04,81.965790,-91.109100,nan
2024-08-07T15:33:04,81.965927,-91.110771,nan
2024-08-07T15:33:03,81.966057,-91.112442,nan
2024-08-07T15:33:03,81.966194,-91.114120,nan
2024-08-07T15:33:02,81.966331,-91.115791,nan
2024-08-07T15:33:02,81.966469,-91.117470,nan
2024-08-07T15:33:01,81.966606,-91.119141,nan
2024-08-07T15:33:01,81.966743,-91.120819,nan
2024-08-07T15:33:00,81.966881,-91.122498,nan
2024-08-07T15:33:00,81.967010,-91.124176,nan
2024-08-07T15:32:59,81.967148,-91.125854,nan
2024-08-07T15:32:59,81.967285,-91.127525,nan
2024-08-07T15:32:58,81.967422,-91.129211,nan
2024-08-07T15:32:58,81.967560,-91.130882,nan
2024-08-07T15:32:57,81.967697,-91.132561,nan
2024-08-07T15:32:57,81.967834,-91.134239,nan
2024-08-07T15:32:56,81.967972,-91.135918,nan
2024-08-07T15:32:56,81.968109,-91.137596,nan
2024-08-07T15:32:55,81.968246,-91.139267,nan
2024-08-07T15:32:55,81.968391,-91.140945,nan
2024-08-07T15:32:54,81.968529,-91.142624,nan
2024-08-07T15:32:54,81.968666,-91.144302,nan
2024-08-07T15:32:53,81.968803,-91.145973,nan
2024-08-07T15:32:53,81.968941,-91.147652,nan
2024-08-07T15:32:52,81.969078,-91.149330,nan
2024-08-07T15:32:52,81.969223,-91.151009,nan
2024-08-07T15:32:51,81.969360,-91.152679,nan
2024-08-07T15:32:51,81.969498,-91.154358,nan
2024-08-07T15:32:50,81.969635,-91.156036,nan
2024-08-07T15:32:50,81.969780,-91.157715,nan
2024-08-07T15:32:49,81.969917,-91.159393,nan
2024-08-07T15:32:49,81.970055,-91.161079,nan
2024-08-07T15:32:48,81.970200,-91.162766,nan
2024-08-07T15:32:48,81.970337,-91.164444,nan
2024-08-07T15:32:47,81.970482,-91.166130,nan
2024-08-07T15:32:47,81.970619,-91.167816,nan
2024-08-07T15:32:46,81.970757,-91.169495,nan
2024-08-07T15:32:46,81.970901,-91.171173,nan
2024-08-07T15:32:45,81.971039,-91.172859,nan
2024-08-07T15:32:45,81.971184,-91.174538,nan
2024-08-07T15:32:44,81.971329,-91.176224,nan
2024-08-07T15:32:44,81.971466,-91.177910,nan
2024-08-07T15:32:43,81.971611,-91.179596,nan
2024-08-07T15:32:43,81.971748,-91.181290,nan
2024-08-07T15:32:42,81.971893,-91.182976,nan
2024-08-07T15:32:42,81.972038,-91.184669,nan
2024-08-07T15:32:41,81.972183,-91.186371,nan
2024-08-07T15:32:41,81.972328,-91.188072,nan
2024-08-07T15:32:40,81.972473,-91.189781,nan
2024-08-07T15:32:40,81.972618,-91.191483,nan
2024-08-07T15:32:39,81.972763,-91.193184,nan
2024-08-07T15:32:39,81.972908,-91.194885,nan
2024-08-07T15:32:38,81.973053,-91.196594,nan
2024-08-07T15:32:38,81.973198,-91.198303,nan
2024-08-07T15:32:37,81.973343,-91.200005,nan
2024-08-07T15:32:37,81.973488,-91.201714,nan
2024-08-07T15:32:36,81.973633,-91.203415,nan
2024-08-07T15:32:36,81.973778,-91.205116,nan
2024-08-07T15:32:35,81.973923,-91.206818,nan
2024-08-07T15:32:35,81.974068,-91.208519,nan
2024-08-07T15:32:34,81.974213,-91.210220,nan
2024-08-07T15:32:34,81.974358,-91.211914,nan
2024-08-07T15:32:33,81.974503,-91.213608,nan
2024-08-07T15:32:33,81.974648,-91.215302,nan
2024-08-07T15:32:32,81.974792,-91.216995,nan
2024-08-07T15:32:32,81.974937,-91.218681,nan
2024-08-07T15:32:31,81.975082,-91.220375,nan
2024-08-07T15:32:31,81.975227,-91.222061,nan
2024-08-07T15:32:30,81.975372,-91.223747,nan
2024-08-07T15:32:30,81.975517,-91.225433,nan
2024-08-07T15:32:29,81.975662,-91.227119,nan
2024-08-07T15:32:29,81.975807,-91.228806,nan
2024-08-07T15:32:28,81.975960,-91.230492,nan
2024-08-07T15:32:28,81.976105,-91.232178,nan
2024-08-07T15:32:27,81.976250,-91.233856,nan
2024-08-07T15:32:27,81.976402,-91.235542,nan
2024-08-07T15:32:26,81.976547,-91.237213,nan
2024-08-07T15:32:26,81.976700,-91.238884,nan
2024-08-07T15:32:25,81.976845,-91.240555,nan
2024-08-07T15:32:25,81.976997,-91.242218,nan
2024-08-07T15:32:24,81.977142,-91.243874,nan
2024-08-07T15:32:24,81.977287,-91.245529,nan
2024-08-07T15:32:23,81.977432,-91.247177,nan
2024-08-07T15:32:23,81.977585,-91.248825,nan
2024-08-07T15:32:22,81.977730,-91.250465,nan
2024-08-07T15:32:22,81.977875,-91.252106,nan
2024-08-07T15:32:21,81.978020,-91.253746,nan
2024-08-07T15:32:21,81.978165,-91.255386,nan
2024-08-07T15:32:20,81.978310,-91.257019,nan
2024-08-07T15:32:20,81.978455,-91.258659,nan
2024-08-07T15:32:19,81.978600,-91.260292,nan
2024-08-07T15:32:19,81.978745,-91.261932,nan
2024-08-07T15:32:18,81.978889,-91.263565,nan
2024-08-07T15:32:18,81.979034,-91.265198,nan
2024-08-07T15:32:17,81.979172,-91.266830,nan
2024-08-07T15:32:17,81.979317,-91.268456,nan
2024-08-07T15:32:16,81.979462,-91.270081,nan
2024-08-07T15:32:16,81.979599,-91.271713,nan
2024-08-07T15:32:15,81.979736,-91.273338,nan
2024-08-07T15:32:15,81.979881,-91.274956,nan
2024-08-07T15:32:14,81.980019,-91.276581,nan
2024-08-07T15:32:14,81.980156,-91.278206,nan
2024-08-07T15:32:13,81.980293,-91.279823,nan
2024-08-07T15:32:13,81.980431,-91.281433,nan
2024-08-07T15:32:12,81.980568,-91.283051,nan
2024-08-07T15:32:12,81.980705,-91.284660,nan
2024-08-07T15:32:11,81.980843,-91.286270,nan
2024-08-07T15:32:11,81.980972,-91.287872,nan
2024-08-07T15:32:10,81.981110,-91.289474,nan
2024-08-07T15:32:10,81.981247,-91.291069,nan
2024-08-07T15:32:09,81.981377,-91.292664,nan
2024-08-07T15:32:09,81.981514,-91.294250,nan
2024-08-07T15:32:08,81.981644,-91.295830,nan
2024-08-07T15:32:08,81.981781,-91.297409,nan
2024-08-07T15:32:07,81.981918,-91.298981,nan
2024-08-07T15:32:07,81.982056,-91.300552,nan
2024-08-07T15:32:06,81.982185,-91.302116,nan
2024-08-07T15:32:06,81.982323,-91.303673,nan
2024-08-07T15:32:05,81.982460,-91.305237,nan
2024-08-07T15:32:05,81.982597,-91.306801,nan
2024-08-07T15:32:04,81.982727,-91.308365,nan
2024-08-07T15:32:04,81.982864,-91.309929,nan
2024-08-07T15:32:03,81.982994,-91.311485,nan
2024-08-07T15:32:03,81.983131,-91.313042,nan
2024-08-07T15:32:02,81.983261,-91.314590,nan
2024-08-07T15:32:02,81.983391,-91.316139,nan
2024-08-07T15:32:01,81.983528,-91.317680,nan
2024-08-07T15:32:01,81.983658,-91.319221,nan
2024-08-07T15:32:00,81.983788,-91.320747,nan
2024-08-07T15:32:00,81.983917,-91.322266,nan
2024-08-07T15:31:59,81.984055,-91.323784,nan
2024-08-07T15:31:59,81.984184,-91.325294,nan
2024-08-07T15:31:58,81.984314,-91.326790,nan
2024-08-07T15:31:58,81.984444,-91.328285,nan
2024-08-07T15:31:57,81.984573,-91.329781,nan
2024-08-07T15:31:57,81.984703,-91.331268,nan
2024-08-07T15:31:56,81.984833,-91.332756,nan
2024-08-07T15:31:56,81.984955,-91.334236,nan
2024-08-07T15:31:55,81.985085,-91.335724,nan
2024-08-07T15:31:55,81.985207,-91.337204,nan
2024-08-07T15:31:54,81.985336,-91.338676,nan
2024-08-07T15:31:54,81.985458,-91.340157,nan
2024-08-07T15:31:53,81.985588,-91.341637,nan
2024-08-07T15:31:53,81.985710,-91.343109,nan
2024-08-07T15:31:52,81.985832,-91.344582,nan
2024-08-07T15:31:52,81.985954,-91.346046,nan
2024-08-07T15:31:51,81.986076,-91.347511,nan
2024-08-07T15:31:51,81.986198,-91.348976,nan
2024-08-07T15:31:50,81.986320,-91.350433,nan
2024-08-07T15:31:50,81.986443,-91.351891,nan
2024-08-07T15:31:49,81.986557,-91.353333,nan
2024-08-07T15:31:49,81.986679,-91.354774,nan
2024-08-07T15:31:48,81.986794,-91.356209,nan
2024-08-07T15:31:48,81.986908,-91.357635,nan
2024-08-07T15:31:47,81.987030,-91.359062,nan
2024-08-07T15:31:47,81.987144,-91.360474,nan
2024-08-07T15:31:46,81.987251,-91.361885,nan
2024-08-07T15:31:46,81.987366,-91.363297,nan
2024-08-07T15:31:45,81.987480,-91.364700,nan
2024-08-07T15:31:45,81.987595,-91.366089,nan
2024-08-07T15:31:44,81.987701,-91.367477,nan
2024-08-07T15:31:44,81.987808,-91.368851,nan
2024-08-07T15:31:43,81.987915,-91.370224,nan
2024-08-07T15:31:43,81.988029,-91.371597,nan
2024-08-07T15:31:42,81.988136,-91.372955,nan
2024-08-07T15:31:42,81.988235,-91.374313,nan
2024-08-07T15:31:41,81.988342,-91.375656,nan
2024-08-07T15:31:41,81.988449,-91.376999,nan
2024-08-07T15:31:40,81.988548,-91.378342,nan
2024-08-07T15:31:40,81.988655,-91.379669,nan
2024-08-07T15:31:39,81.988754,-91.380989,nan
2024-08-07T15:31:39,81.988853,-91.382301,nan
2024-08-07T15:31:38,81.988960,-91.383606,nan
2024-08-07T15:31:38,81.989059,-91.384895,nan
2024-08-07T15:31:37,81.989159,-91.386185,nan
2024-08-07T15:31:37,81.989258,-91.387466,nan
2024-08-07T15:31:36,81.989357,-91.388748,nan
2024-08-07T15:31:36,81.989464,-91.390022,nan
2024-08-07T15:31:35,81.989563,-91.391289,nan
2024-08-07T15:31:35,81.989662,-91.392555,nan
2024-08-07T15:31:34,81.989761,-91.393814,nan
2024-08-07T15:31:34,81.989861,-91.395065,nan
2024-08-07T15:31:33,81.989960,-91.396324,nan
2024-08-07T15:31:33,81.990051,-91.397568,nan
2024-08-07T15:31:32,81.990150,-91.398811,nan
2024-08-07T15:31:32,81.990242,-91.400032,nan
2024-08-07T15:31:31,81.990341,-91.401260,nan
2024-08-07T15:31:31,81.990433,-91.402473,nan
2024-08-07T15:31:30,81.990524,-91.403671,nan
2024-08-07T15:31:30,81.990616,-91.404869,nan
2024-08-07T15:31:29,81.990707,-91.406059,nan
2024-08-07T15:31:29,81.990799,-91.407234,nan
2024-08-07T15:31:28,81.990883,-91.408409,nan
2024-08-07T15:31:28,81.990974,-91.409576,nan
2024-08-07T15:31:27,81.991066,-91.410736,nan
2024-08-07T15:31:27,81.991158,-91.411888,nan
2024-08-07T15:31:26,81.991241,-91.413033,nan
2024-08-07T15:31:26,81.991333,-91.414162,nan
2024-08-07T15:31:25,81.991425,-91.415283,nan
2024-08-07T15:31:25,81.991508,-91.416389,nan
2024-08-07T15:31:24,81.991600,-91.417496,nan
2024-08-07T15:31:24,81.991684,-91.418587,nan
2024-08-07T15:31:23,81.991776,-91.419670,nan
2024-08-07T15:31:23,81.991867,-91.420738,nan
2024-08-07T15:31:22,81.991959,-91.421806,nan
2024-08-07T15:31:22,81.992043,-91.422882,nan
2024-08-07T15:31:21,81.992134,-91.423943,nan
2024-08-07T15:31:21,81.992226,-91.425003,nan
2024-08-07T15:31:20,81.992310,-91.426056,nan
2024-08-07T15:31:20,81.992393,-91.427109,nan
2024-08-07T15:31:19,81.992485,-91.428162,nan
2024-08-07T15:31:19,81.992561,-91.429214,nan
2024-08-07T15:31:18,81.992645,-91.430267,nan
2024-08-07T15:31:18,81.992729,-91.431313,nan
2024-08-07T15:31:17,81.992805,-91.432358,nan
2024-08-07T15:31:17,81.992889,-91.433403,nan
2024-08-07T15:31:16,81.992966,-91.434441,nan
2024-08-07T15:31:16,81.993042,-91.435471,nan
2024-08-07T15:31:15,81.993118,-91.436485,nan
2024-08-07T15:31:15,81.993195,-91.437508,nan
2024-08-07T15:31:14,81.993271,-91.438522,nan
2024-08-07T15:31:14,81.993347,-91.439537,nan
2024-08-07T15:31:13,81.993423,-91.440552,nan
2024-08-07T15:31:13,81.993500,-91.441559,nan
2024-08-07T15:31:12,81.993568,-91.442574,nan
2024-08-07T15:31:12,81.993645,-91.443596,nan
2024-08-07T15:31:11,81.993721,-91.444611,nan
2024-08-07T15:31:11,81.993797,-91.445625,nan
2024-08-07T15:31:10,81.993866,-91.446648,nan
2024-08-07T15:31:10,81.993942,-91.447670,nan
2024-08-07T15:31:09,81.994019,-91.448685,nan
2024-08-07T15:31:09,81.994095,-91.449699,nan
2024-08-07T15:31:08,81.994164,-91.450706,nan
2024-08-07T15:31:08,81.994240,-91.451706,nan
2024-08-07T15:31:07,81.994316,-91.452698,nan
2024-08-07T15:31:07,81.994392,-91.453690,nan
2024-08-07T15:31:06,81.994461,-91.454674,nan
2024-08-07T15:31:06,81.994537,-91.455658,nan
2024-08-07T15:31:05,81.994606,-91.456642,nan
2024-08-07T15:31:05,81.994675,-91.457619,nan
2024-08-07T15:31:04,81.994743,-91.458595,nan
2024-08-07T15:31:04,81.994820,-91.459579,nan
2024-08-07T15:31:03,81.994888,-91.460548,nan
2024-08-07T15:31:03,81.994957,-91.461525,nan
2024-08-07T15:31:02,81.995026,-91.462486,nan
2024-08-07T15:31:02,81.995094,-91.463448,nan
2024-08-07T15:31:01,81.995155,-91.464401,nan
2024-08-07T15:31:01,81.995224,-91.465355,nan
2024-08-07T15:31:00,81.995293,-91.466301,nan
2024-08-07T15:31:00,81.995369,-91.467239,nan
2024-08-07T15:30:59,81.995438,-91.468178,nan
2024-08-07T15:30:59,81.995506,-91.469109,nan
2024-08-07T15:30:58,81.995575,-91.470024,nan
2024-08-07T15:30:58,81.995644,-91.470940,nan
2024-08-07T15:30:57,81.995720,-91.471848,nan
2024-08-07T15:30:57,81.995789,-91.472748,nan
2024-08-07T15:30:56,81.995857,-91.473640,nan
2024-08-07T15:30:56,81.995926,-91.474541,nan
2024-08-07T15:30:55,81.995995,-91.475441,nan
2024-08-07T15:30:55,81.996063,-91.476341,nan
2024-08-07T15:30:54,81.996132,-91.477242,nan
2024-08-07T15:30:54,81.996201,-91.478134,nan
2024-08-07T15:30:53,81.996262,-91.479019,nan
2024-08-07T15:30:53,81.996330,-91.479904,nan
2024-08-07T15:30:52,81.996399,-91.480789,nan
2024-08-07T15:30:52,81.996468,-91.481667,nan
2024-08-07T15:30:51,81.996536,-91.482552,nan
2024-08-07T15:30:51,81.996597,-91.483437,nan
2024-08-07T15:30:50,81.996666,-91.484314,nan
2024-08-07T15:30:50,81.996735,-91.485191,nan
2024-08-07T15:30:49,81.996803,-91.486053,nan
2024-08-07T15:30:49,81.996872,-91.486916,nan
2024-08-07T15:30:48,81.996941,-91.487770,nan
2024-08-07T15:30:48,81.997009,-91.488617,nan
2024-08-07T15:30:47,81.997078,-91.489449,nan
2024-08-07T15:30:47,81.997147,-91.490288,nan
2024-08-07T15:30:46,81.997215,-91.491104,nan
2024-08-07T15:30:46,81.997276,-91.491928,nan
2024-08-07T15:30:45,81.997345,-91.492744,nan
2024-08-07T15:30:45,81.997414,-91.493561,nan
2024-08-07T15:30:44,81.997482,-91.494385,nan
2024-08-07T15:30:44,81.997543,-91.495201,nan
2024-08-07T15:30:43,81.997612,-91.496010,nan
2024-08-07T15:30:43,81.997673,-91.496826,nan
2024-08-07T15:30:42,81.997734,-91.497643,nan
2024-08-07T15:30:42,81.997795,-91.498451,nan
2024-08-07T15:30:41,81.997856,-91.499268,nan
2024-08-07T15:30:41,81.997917,-91.500084,nan
2024-08-07T15:30:40,81.997978,-91.500900,nan
2024-08-07T15:30:40,81.998039,-91.501724,nan
2024-08-07T15:30:39,81.998100,-91.502541,nan
2024-08-07T15:30:39,81.998161,-91.503365,nan
2024-08-07T15:30:38,81.998215,-91.504181,nan
2024-08-07T15:30:38,81.998276,-91.504990,nan
2024-08-07T15:30:37,81.998337,-91.505798,nan
2024-08-07T15:30:37,81.998390,-91.506599,nan
2024-08-07T15:30:36,81.998451,-91.507393,nan
2024-08-07T15:30:36,81.998512,-91.508186,nan
2024-08-07T15:30:35,81.998573,-91.508972,nan
2024-08-07T15:30:35,81.998634,-91.509750,nan
2024-08-07T15:30:34,81.998695,-91.510513,nan
2024-08-07T15:30:34,81.998756,-91.511269,nan
2024-08-07T15:30:33,81.998817,-91.512024,nan
2024-08-07T15:30:33,81.998871,-91.512764,nan
2024-08-07T15:30:32,81.998940,-91.513496,nan
2024-08-07T15:30:32,81.999001,-91.514229,nan
2024-08-07T15:30:31,81.999054,-91.514954,nan
2024-08-07T15:30:31,81.999115,-91.515678,nan
2024-08-07T15:30:30,81.999168,-91.516396,nan
2024-08-07T15:30:30,81.999229,-91.517120,nan
2024-08-07T15:30:29,81.999283,-91.517845,nan
2024-08-07T15:30:29,81.999336,-91.518539,nan
2024-08-07T15:30:28,81.999390,-91.519241,nan
2024-08-07T15:30:28,81.999443,-91.519913,nan
2024-08-07T15:30:27,81.999504,-91.520569,nan
2024-08-07T15:30:27,81.999588,-91.521103,nan
2024-08-07T15:30:26,81.999771,-91.521347,nan
2024-08-07T15:30:26,82.000252,-91.520699,nan
2024-08-07T15:30:25,82.001137,-91.518875,nan
