datetime,lat,lon,elev
2024-08-08T15:35:40,84.112541,-39.409824,nan
2024-08-08T15:35:40,84.112541,-39.409756,nan
2024-08-08T15:35:39,84.112541,-39.409695,nan
2024-08-08T15:35:39,84.112541,-39.409630,nan
2024-08-08T15:35:38,84.112541,-39.409569,nan
2024-08-08T15:35:38,84.112541,-39.409512,nan
2024-08-08T15:35:37,84.112541,-39.409454,nan
2024-08-08T15:35:37,84.112541,-39.409405,nan
2024-08-08T15:35:36,84.112541,-39.409348,nan
2024-08-08T15:35:36,84.112534,-39.409298,nan
2024-08-08T15:35:35,84.112534,-39.409248,nan
2024-08-08T15:35:35,84.112534,-39.409199,nan
2024-08-08T15:35:34,84.112534,-39.409149,nan
2024-08-08T15:35:34,84.112534,-39.409100,nan
2024-08-08T15:35:33,84.112526,-39.409046,nan
2024-08-08T15:35:33,84.112526,-39.408997,nan
2024-08-08T15:35:32,84.112526,-39.408943,nan
2024-08-08T15:35:32,84.112518,-39.408894,nan
2024-08-08T15:35:31,84.112518,-39.408840,nan
2024-08-08T15:35:31,84.112518,-39.408791,nan
2024-08-08T15:35:30,84.112518,-39.408737,nan
2024-08-08T15:35:29,84.112518,-39.408642,nan
2024-08-08T15:35:29,84.112518,-39.408600,nan
2024-08-08T15:35:28,84.112518,-39.408554,nan
2024-08-08T15:35:28,84.112518,-39.408516,nan
2024-08-08T15:35:27,84.112518,-39.408478,nan
2024-08-08T15:35:27,84.112518,-39.408447,nan
2024-08-08T15:35:26,84.112518,-39.408417,nan
2024-08-08T15:35:26,84.112526,-39.408398,nan
2024-08-08T15:35:25,84.112526,-39.408382,nan
2024-08-08T15:35:25,84.112526,-39.408375,nan
2024-08-08T15:35:24,84.112534,-39.408371,nan
2024-08-08T15:35:24,84.112534,-39.408379,nan
2024-08-08T15:35:23,84.112534,-39.408386,nan
2024-08-08T15:35:23,84.112541,-39.408394,nan
2024-08-08T15:35:22,84.112541,-39.408401,nan
2024-08-08T15:35:22,84.112541,-39.408409,nan
2024-08-08T15:35:21,84.112549,-39.408417,nan
2024-08-08T15:35:21,84.112549,-39.408424,nan
2024-08-08T15:35:20,84.112549,-39.408432,nan
2024-08-08T15:35:20,84.112549,-39.408440,nan
2024-08-08T15:35:19,84.112549,-39.408447,nan
2024-08-08T15:35:19,84.112549,-39.408459,nan
2024-08-08T15:35:18,84.112556,-39.408470,nan
2024-08-08T15:35:18,84.112556,-39.408485,nan
2024-08-08T15:35:17,84.112556,-39.408504,nan
2024-08-08T15:35:17,84.112556,-39.408527,nan
2024-08-08T15:35:16,84.112556,-39.408554,nan
2024-08-08T15:35:16,84.112556,-39.408577,nan
2024-08-08T15:35:15,84.112556,-39.408600,nan
2024-08-08T15:35:15,84.112564,-39.408627,nan
2024-08-08T15:35:14,84.112564,-39.408661,nan
2024-08-08T15:35:14,84.112564,-39.408699,nan
2024-08-08T15:35:13,84.112564,-39.408749,nan
2024-08-08T15:35:13,84.112572,-39.408813,nan
2024-08-08T15:35:12,84.112572,-39.408886,nan
2024-08-08T15:35:12,84.112572,-39.408978,nan
2024-08-08T15:35:11,84.112572,-39.409077,nan
2024-08-08T15:35:11,84.112572,-39.409187,nan
2024-08-08T15:35:10,84.112572,-39.409306,nan
2024-08-08T15:35:10,84.112572,-39.409424,nan
2024-08-08T15:35:09,84.112572,-39.409546,nan
2024-08-08T15:35:09,84.112572,-39.409672,nan
2024-08-08T15:35:08,84.112572,-39.409798,nan
2024-08-08T15:35:08,84.112564,-39.409924,nan
2024-08-08T15:35:07,84.112564,-39.410046,nan
2024-08-08T15:35:07,84.112564,-39.410172,nan
2024-08-08T15:35:06,84.112556,-39.410294,nan
2024-08-08T15:35:06,84.112556,-39.410416,nan
2024-08-08T15:35:05,84.112549,-39.410545,nan
2024-08-08T15:35:05,84.112549,-39.410671,nan
2024-08-08T15:35:04,84.112541,-39.410801,nan
2024-08-08T15:35:04,84.112541,-39.410931,nan
2024-08-08T15:35:03,84.112534,-39.411060,nan
2024-08-08T15:35:03,84.112526,-39.411194,nan
2024-08-08T15:35:02,84.112518,-39.411324,nan
2024-08-08T15:35:02,84.112511,-39.411453,nan
2024-08-08T15:35:01,84.112511,-39.411587,nan
2024-08-08T15:35:01,84.112503,-39.411720,nan
2024-08-08T15:35:00,84.112495,-39.411846,nan
2024-08-08T15:35:00,84.112488,-39.411976,nan
2024-08-08T15:34:59,84.112480,-39.412106,nan
2024-08-08T15:34:59,84.112473,-39.412235,nan
2024-08-08T15:34:58,84.112465,-39.412365,nan
2024-08-08T15:34:58,84.112457,-39.412491,nan
2024-08-08T15:34:57,84.112450,-39.412617,nan
2024-08-08T15:34:57,84.112442,-39.412743,nan
2024-08-08T15:34:56,84.112434,-39.412868,nan
2024-08-08T15:34:56,84.112427,-39.412994,nan
2024-08-08T15:34:55,84.112427,-39.413116,nan
2024-08-08T15:34:55,84.112419,-39.413235,nan
2024-08-08T15:34:54,84.112411,-39.413353,nan
2024-08-08T15:34:54,84.112404,-39.413471,nan
2024-08-08T15:34:53,84.112396,-39.413586,nan
2024-08-08T15:34:53,84.112389,-39.413700,nan
2024-08-08T15:34:52,84.112381,-39.413811,nan
2024-08-08T15:34:52,84.112373,-39.413918,nan
2024-08-08T15:34:51,84.112373,-39.414024,nan
2024-08-08T15:34:51,84.112366,-39.414124,nan
2024-08-08T15:34:50,84.112358,-39.414227,nan
2024-08-08T15:34:50,84.112350,-39.414326,nan
2024-08-08T15:34:49,84.112343,-39.414433,nan
2024-08-08T15:34:49,84.112335,-39.414536,nan
2024-08-08T15:34:48,84.112335,-39.414642,nan
2024-08-08T15:34:48,84.112328,-39.414753,nan
2024-08-08T15:34:47,84.112320,-39.414864,nan
2024-08-08T15:34:47,84.112320,-39.414982,nan
2024-08-08T15:34:46,84.112312,-39.415104,nan
2024-08-08T15:34:46,84.112312,-39.415230,nan
2024-08-08T15:34:45,84.112305,-39.415359,nan
2024-08-08T15:34:45,84.112305,-39.415485,nan
2024-08-08T15:34:44,84.112297,-39.415611,nan
2024-08-08T15:34:44,84.112289,-39.415741,nan
2024-08-08T15:34:43,84.112289,-39.415871,nan
2024-08-08T15:34:43,84.112282,-39.416004,nan
2024-08-08T15:34:42,84.112274,-39.416134,nan
2024-08-08T15:34:42,84.112267,-39.416264,nan
2024-08-08T15:34:41,84.112267,-39.416389,nan
2024-08-08T15:34:41,84.112259,-39.416515,nan
2024-08-08T15:34:40,84.112251,-39.416637,nan
2024-08-08T15:34:40,84.112244,-39.416759,nan
2024-08-08T15:34:39,84.112236,-39.416882,nan
2024-08-08T15:34:39,84.112228,-39.417007,nan
2024-08-08T15:34:38,84.112228,-39.417133,nan
2024-08-08T15:34:38,84.112221,-39.417255,nan
2024-08-08T15:34:37,84.112213,-39.417385,nan
2024-08-08T15:34:37,84.112213,-39.417511,nan
2024-08-08T15:34:36,84.112206,-39.417637,nan
2024-08-08T15:34:36,84.112206,-39.417763,nan
2024-08-08T15:34:35,84.112198,-39.417892,nan
2024-08-08T15:34:35,84.112198,-39.418022,nan
2024-08-08T15:34:34,84.112190,-39.418152,nan
2024-08-08T15:34:34,84.112190,-39.418285,nan
2024-08-08T15:34:33,84.112190,-39.418415,nan
2024-08-08T15:34:33,84.112190,-39.418545,nan
2024-08-08T15:34:32,84.112190,-39.418678,nan
2024-08-08T15:34:32,84.112190,-39.418812,nan
2024-08-08T15:34:31,84.112190,-39.418949,nan
2024-08-08T15:34:31,84.112198,-39.419090,nan
2024-08-08T15:34:30,84.112198,-39.419231,nan
2024-08-08T15:34:30,84.112206,-39.419380,nan
2024-08-08T15:34:29,84.112206,-39.419529,nan
2024-08-08T15:34:29,84.112213,-39.419682,nan
2024-08-08T15:34:28,84.112213,-39.419838,nan
2024-08-08T15:34:28,84.112221,-39.419998,nan
2024-08-08T15:34:27,84.112228,-39.420166,nan
2024-08-08T15:34:27,84.112228,-39.420334,nan
2024-08-08T15:34:26,84.112236,-39.420509,nan
2024-08-08T15:34:26,84.112244,-39.420689,nan
2024-08-08T15:34:25,84.112251,-39.420864,nan
2024-08-08T15:34:25,84.112251,-39.421051,nan
2024-08-08T15:34:24,84.112259,-39.421234,nan
2024-08-08T15:34:24,84.112267,-39.421429,nan
2024-08-08T15:34:23,84.112274,-39.421619,nan
2024-08-08T15:34:23,84.112282,-39.421818,nan
2024-08-08T15:34:22,84.112289,-39.422012,nan
2024-08-08T15:34:22,84.112289,-39.422211,nan
2024-08-08T15:34:21,84.112297,-39.422413,nan
2024-08-08T15:34:21,84.112305,-39.422615,nan
2024-08-08T15:34:20,84.112312,-39.422817,nan
2024-08-08T15:34:20,84.112312,-39.423016,nan
2024-08-08T15:34:19,84.112320,-39.423218,nan
2024-08-08T15:34:19,84.112328,-39.423409,nan
2024-08-08T15:34:18,84.112328,-39.423599,nan
2024-08-08T15:34:18,84.112335,-39.423790,nan
2024-08-08T15:34:17,84.112335,-39.423981,nan
2024-08-08T15:34:17,84.112343,-39.424168,nan
2024-08-08T15:34:16,84.112350,-39.424358,nan
2024-08-08T15:34:16,84.112350,-39.424553,nan
2024-08-08T15:34:15,84.112350,-39.424751,nan
2024-08-08T15:34:15,84.112358,-39.424957,nan
2024-08-08T15:34:14,84.112358,-39.425171,nan
2024-08-08T15:34:14,84.112366,-39.425388,nan
2024-08-08T15:34:13,84.112366,-39.425617,nan
2024-08-08T15:34:13,84.112373,-39.425850,nan
2024-08-08T15:34:12,84.112373,-39.426094,nan
2024-08-08T15:34:12,84.112381,-39.426346,nan
2024-08-08T15:34:11,84.112381,-39.426605,nan
2024-08-08T15:34:11,84.112389,-39.426872,nan
2024-08-08T15:34:10,84.112389,-39.427151,nan
2024-08-08T15:34:10,84.112396,-39.427437,nan
2024-08-08T15:34:09,84.112396,-39.427727,nan
2024-08-08T15:34:09,84.112396,-39.428017,nan
2024-08-08T15:34:08,84.112404,-39.428314,nan
2024-08-08T15:34:08,84.112404,-39.428608,nan
2024-08-08T15:34:07,84.112411,-39.428905,nan
2024-08-08T15:34:07,84.112411,-39.429203,nan
2024-08-08T15:34:06,84.112411,-39.429501,nan
2024-08-08T15:34:06,84.112411,-39.429798,nan
2024-08-08T15:34:05,84.112419,-39.430092,nan
2024-08-08T15:34:05,84.112419,-39.430386,nan
2024-08-08T15:34:04,84.112419,-39.430676,nan
2024-08-08T15:34:04,84.112419,-39.430958,nan
2024-08-08T15:34:03,84.112419,-39.431232,nan
2024-08-08T15:34:03,84.112419,-39.431503,nan
2024-08-08T15:34:02,84.112419,-39.431774,nan
2024-08-08T15:34:02,84.112419,-39.432037,nan
2024-08-08T15:34:01,84.112419,-39.432301,nan
2024-08-08T15:34:01,84.112419,-39.432564,nan
2024-08-08T15:34:00,84.112419,-39.432831,nan
2024-08-08T15:34:00,84.112419,-39.433102,nan
2024-08-08T15:33:59,84.112419,-39.433380,nan
2024-08-08T15:33:59,84.112419,-39.433662,nan
2024-08-08T15:33:58,84.112411,-39.433945,nan
2024-08-08T15:33:58,84.112411,-39.434231,nan
2024-08-08T15:33:57,84.112411,-39.434521,nan
2024-08-08T15:33:57,84.112411,-39.434814,nan
2024-08-08T15:33:56,84.112404,-39.435108,nan
2024-08-08T15:33:56,84.112404,-39.435406,nan
2024-08-08T15:33:55,84.112396,-39.435703,nan
2024-08-08T15:33:55,84.112396,-39.436008,nan
2024-08-08T15:33:54,84.112389,-39.436317,nan
2024-08-08T15:33:54,84.112389,-39.436630,nan
2024-08-08T15:33:53,84.112381,-39.436947,nan
2024-08-08T15:33:53,84.112381,-39.437260,nan
2024-08-08T15:33:52,84.112373,-39.437580,nan
2024-08-08T15:33:52,84.112366,-39.437901,nan
2024-08-08T15:33:51,84.112366,-39.438229,nan
2024-08-08T15:33:51,84.112358,-39.438557,nan
2024-08-08T15:33:50,84.112350,-39.438889,nan
2024-08-08T15:33:50,84.112350,-39.439220,nan
2024-08-08T15:33:49,84.112343,-39.439552,nan
2024-08-08T15:33:49,84.112335,-39.439884,nan
2024-08-08T15:33:48,84.112328,-39.440220,nan
2024-08-08T15:33:48,84.112328,-39.440548,nan
2024-08-08T15:33:47,84.112320,-39.440876,nan
2024-08-08T15:33:47,84.112312,-39.441200,nan
2024-08-08T15:33:46,84.112305,-39.441528,nan
2024-08-08T15:33:46,84.112305,-39.441853,nan
2024-08-08T15:33:45,84.112297,-39.442169,nan
2024-08-08T15:33:45,84.112289,-39.442490,nan
2024-08-08T15:33:44,84.112282,-39.442810,nan
2024-08-08T15:33:44,84.112274,-39.443127,nan
2024-08-08T15:33:43,84.112267,-39.443447,nan
2024-08-08T15:33:43,84.112259,-39.443764,nan
2024-08-08T15:33:42,84.112251,-39.444084,nan
2024-08-08T15:33:42,84.112244,-39.444405,nan
2024-08-08T15:33:41,84.112228,-39.444721,nan
2024-08-08T15:33:41,84.112221,-39.445042,nan
2024-08-08T15:33:40,84.112213,-39.445358,nan
2024-08-08T15:33:40,84.112198,-39.445679,nan
2024-08-08T15:33:39,84.112190,-39.445995,nan
2024-08-08T15:33:39,84.112175,-39.446316,nan
2024-08-08T15:33:38,84.112160,-39.446636,nan
2024-08-08T15:33:38,84.112144,-39.446957,nan
2024-08-08T15:33:37,84.112137,-39.447277,nan
2024-08-08T15:33:37,84.112122,-39.447598,nan
2024-08-08T15:33:36,84.112106,-39.447922,nan
2024-08-08T15:33:36,84.112091,-39.448242,nan
2024-08-08T15:33:35,84.112076,-39.448563,nan
2024-08-08T15:33:35,84.112061,-39.448883,nan
2024-08-08T15:33:34,84.112045,-39.449200,nan
2024-08-08T15:33:34,84.112030,-39.449516,nan
2024-08-08T15:33:33,84.112015,-39.449825,nan
2024-08-08T15:33:33,84.112000,-39.450134,nan
2024-08-08T15:33:32,84.111984,-39.450439,nan
2024-08-08T15:33:32,84.111961,-39.450737,nan
2024-08-08T15:33:31,84.111946,-39.451031,nan
2024-08-08T15:33:31,84.111931,-39.451324,nan
2024-08-08T15:33:30,84.111908,-39.451618,nan
2024-08-08T15:33:30,84.111893,-39.451920,nan
2024-08-08T15:33:29,84.111877,-39.452229,nan
2024-08-08T15:33:29,84.111855,-39.452549,nan
2024-08-08T15:33:28,84.111839,-39.452873,nan
2024-08-08T15:33:28,84.111816,-39.453205,nan
2024-08-08T15:33:27,84.111801,-39.453541,nan
2024-08-08T15:33:27,84.111786,-39.453880,nan
2024-08-08T15:33:26,84.111763,-39.454227,nan
2024-08-08T15:33:26,84.111748,-39.454578,nan
2024-08-08T15:33:25,84.111732,-39.454933,nan
2024-08-08T15:33:25,84.111710,-39.455292,nan
2024-08-08T15:33:24,84.111694,-39.455654,nan
2024-08-08T15:33:24,84.111679,-39.456024,nan
2024-08-08T15:33:23,84.111656,-39.456398,nan
2024-08-08T15:33:23,84.111641,-39.456779,nan
2024-08-08T15:33:22,84.111626,-39.457165,nan
2024-08-08T15:33:22,84.111603,-39.457561,nan
2024-08-08T15:33:21,84.111580,-39.457962,nan
2024-08-08T15:33:21,84.111565,-39.458363,nan
2024-08-08T15:33:20,84.111542,-39.458775,nan
2024-08-08T15:33:20,84.111526,-39.459183,nan
2024-08-08T15:33:19,84.111504,-39.459587,nan
2024-08-08T15:33:19,84.111481,-39.459995,nan
2024-08-08T15:33:18,84.111458,-39.460403,nan
2024-08-08T15:33:18,84.111443,-39.460812,nan
2024-08-08T15:33:17,84.111420,-39.461220,nan
2024-08-08T15:33:17,84.111404,-39.461620,nan
2024-08-08T15:33:16,84.111382,-39.462017,nan
2024-08-08T15:33:16,84.111359,-39.462414,nan
2024-08-08T15:33:15,84.111343,-39.462807,nan
2024-08-08T15:33:15,84.111328,-39.463203,nan
2024-08-08T15:33:14,84.111305,-39.463596,nan
2024-08-08T15:33:14,84.111290,-39.463993,nan
2024-08-08T15:33:13,84.111267,-39.464390,nan
2024-08-08T15:33:13,84.111252,-39.464790,nan
2024-08-08T15:33:12,84.111237,-39.465191,nan
2024-08-08T15:33:12,84.111214,-39.465588,nan
2024-08-08T15:33:11,84.111198,-39.465992,nan
2024-08-08T15:33:11,84.111183,-39.466400,nan
2024-08-08T15:33:10,84.111160,-39.466812,nan
2024-08-08T15:33:10,84.111145,-39.467232,nan
2024-08-08T15:33:09,84.111130,-39.467655,nan
2024-08-08T15:33:09,84.111115,-39.468079,nan
2024-08-08T15:33:08,84.111099,-39.468498,nan
2024-08-08T15:33:08,84.111084,-39.468922,nan
2024-08-08T15:33:07,84.111069,-39.469349,nan
2024-08-08T15:33:07,84.111053,-39.469776,nan
2024-08-08T15:33:06,84.111038,-39.470200,nan
2024-08-08T15:33:06,84.111023,-39.470623,nan
2024-08-08T15:33:05,84.111008,-39.471046,nan
2024-08-08T15:33:05,84.110992,-39.471470,nan
2024-08-08T15:33:04,84.110977,-39.471893,nan
2024-08-08T15:33:04,84.110962,-39.472313,nan
2024-08-08T15:33:03,84.110947,-39.472729,nan
2024-08-08T15:33:03,84.110931,-39.473145,nan
2024-08-08T15:33:02,84.110916,-39.473557,nan
2024-08-08T15:33:02,84.110909,-39.473969,nan
2024-08-08T15:33:01,84.110893,-39.474377,nan
2024-08-08T15:33:01,84.110878,-39.474789,nan
2024-08-08T15:33:00,84.110863,-39.475197,nan
2024-08-08T15:33:00,84.110847,-39.475601,nan
2024-08-08T15:32:59,84.110832,-39.476009,nan
2024-08-08T15:32:59,84.110825,-39.476418,nan
2024-08-08T15:32:58,84.110809,-39.476826,nan
2024-08-08T15:32:58,84.110794,-39.477234,nan
2024-08-08T15:32:57,84.110779,-39.477638,nan
2024-08-08T15:32:57,84.110764,-39.478039,nan
2024-08-08T15:32:56,84.110748,-39.478439,nan
2024-08-08T15:32:56,84.110741,-39.478836,nan
2024-08-08T15:32:55,84.110718,-39.479237,nan
2024-08-08T15:32:55,84.110703,-39.479637,nan
2024-08-08T15:32:54,84.110687,-39.480042,nan
2024-08-08T15:32:54,84.110680,-39.480450,nan
2024-08-08T15:32:53,84.110657,-39.480865,nan
2024-08-08T15:32:53,84.110641,-39.481281,nan
2024-08-08T15:32:52,84.110626,-39.481709,nan
2024-08-08T15:32:52,84.110611,-39.482136,nan
2024-08-08T15:32:51,84.110596,-39.482563,nan
2024-08-08T15:32:51,84.110580,-39.482986,nan
2024-08-08T15:32:50,84.110565,-39.483418,nan
2024-08-08T15:32:50,84.110550,-39.483852,nan
2024-08-08T15:32:49,84.110535,-39.484295,nan
2024-08-08T15:32:49,84.110519,-39.484745,nan
2024-08-08T15:32:48,84.110504,-39.485195,nan
2024-08-08T15:32:48,84.110489,-39.485649,nan
2024-08-08T15:32:47,84.110474,-39.486099,nan
2024-08-08T15:32:47,84.110458,-39.486553,nan
2024-08-08T15:32:46,84.110443,-39.487007,nan
2024-08-08T15:32:46,84.110428,-39.487457,nan
2024-08-08T15:32:45,84.110413,-39.487911,nan
2024-08-08T15:32:45,84.110397,-39.488361,nan
2024-08-08T15:32:44,84.110382,-39.488811,nan
2024-08-08T15:32:44,84.110367,-39.489254,nan
2024-08-08T15:32:43,84.110352,-39.489697,nan
2024-08-08T15:32:43,84.110336,-39.490131,nan
2024-08-08T15:32:42,84.110329,-39.490566,nan
2024-08-08T15:32:42,84.110313,-39.490997,nan
2024-08-08T15:32:41,84.110306,-39.491425,nan
2024-08-08T15:32:41,84.110291,-39.491844,nan
2024-08-08T15:32:40,84.110283,-39.492268,nan
2024-08-08T15:32:40,84.110275,-39.492687,nan
2024-08-08T15:32:39,84.110268,-39.493099,nan
2024-08-08T15:32:39,84.110268,-39.493511,nan
2024-08-08T15:32:38,84.110260,-39.493923,nan
2024-08-08T15:32:38,84.110260,-39.494328,nan
2024-08-08T15:32:37,84.110252,-39.494728,nan
2024-08-08T15:32:37,84.110245,-39.495121,nan
2024-08-08T15:32:36,84.110237,-39.495506,nan
2024-08-08T15:32:36,84.110229,-39.495888,nan
2024-08-08T15:32:35,84.110214,-39.496269,nan
2024-08-08T15:32:35,84.110207,-39.496651,nan
2024-08-08T15:32:34,84.110199,-39.497028,nan
2024-08-08T15:32:34,84.110191,-39.497406,nan
2024-08-08T15:32:33,84.110176,-39.497784,nan
2024-08-08T15:32:33,84.110168,-39.498161,nan
2024-08-08T15:32:32,84.110161,-39.498539,nan
2024-08-08T15:32:32,84.110153,-39.498917,nan
2024-08-08T15:32:31,84.110146,-39.499290,nan
2024-08-08T15:32:31,84.110138,-39.499668,nan
2024-08-08T15:32:30,84.110130,-39.500046,nan
2024-08-08T15:32:30,84.110123,-39.500427,nan
2024-08-08T15:32:29,84.110115,-39.500809,nan
2024-08-08T15:32:29,84.110107,-39.501190,nan
2024-08-08T15:32:28,84.110100,-39.501572,nan
2024-08-08T15:32:28,84.110092,-39.501961,nan
2024-08-08T15:32:27,84.110085,-39.502350,nan
2024-08-08T15:32:27,84.110077,-39.502739,nan
2024-08-08T15:32:26,84.110069,-39.503124,nan
2024-08-08T15:32:26,84.110069,-39.503510,nan
2024-08-08T15:32:25,84.110062,-39.503895,nan
2024-08-08T15:32:25,84.110054,-39.504276,nan
2024-08-08T15:32:24,84.110046,-39.504658,nan
2024-08-08T15:32:24,84.110039,-39.505035,nan
2024-08-08T15:32:23,84.110031,-39.505413,nan
2024-08-08T15:32:23,84.110023,-39.505787,nan
2024-08-08T15:32:22,84.110016,-39.506161,nan
2024-08-08T15:32:22,84.110008,-39.506535,nan
2024-08-08T15:32:21,84.110001,-39.506905,nan
2024-08-08T15:32:21,84.109993,-39.507275,nan
2024-08-08T15:32:20,84.109985,-39.507641,nan
2024-08-08T15:32:20,84.109985,-39.508003,nan
2024-08-08T15:32:19,84.109978,-39.508369,nan
2024-08-08T15:32:19,84.109970,-39.508732,nan
2024-08-08T15:32:18,84.109962,-39.509098,nan
2024-08-08T15:32:18,84.109962,-39.509460,nan
2024-08-08T15:32:17,84.109955,-39.509823,nan
2024-08-08T15:32:17,84.109947,-39.510185,nan
2024-08-08T15:32:16,84.109947,-39.510548,nan
2024-08-08T15:32:16,84.109940,-39.510910,nan
2024-08-08T15:32:15,84.109932,-39.511269,nan
2024-08-08T15:32:15,84.109932,-39.511631,nan
2024-08-08T15:32:14,84.109924,-39.511993,nan
2024-08-08T15:32:14,84.109917,-39.512356,nan
2024-08-08T15:32:13,84.109917,-39.512718,nan
2024-08-08T15:32:13,84.109909,-39.513084,nan
2024-08-08T15:32:12,84.109901,-39.513451,nan
2024-08-08T15:32:12,84.109894,-39.513817,nan
2024-08-08T15:32:11,84.109886,-39.514187,nan
2024-08-08T15:32:11,84.109879,-39.514557,nan
2024-08-08T15:32:10,84.109871,-39.514935,nan
2024-08-08T15:32:10,84.109863,-39.515308,nan
2024-08-08T15:32:09,84.109848,-39.515682,nan
2024-08-08T15:32:09,84.109840,-39.516056,nan
2024-08-08T15:32:08,84.109833,-39.516430,nan
2024-08-08T15:32:08,84.109818,-39.516796,nan
2024-08-08T15:32:07,84.109802,-39.517166,nan
2024-08-08T15:32:07,84.109795,-39.517529,nan
2024-08-08T15:32:06,84.109779,-39.517895,nan
2024-08-08T15:32:06,84.109764,-39.518257,nan
2024-08-08T15:32:05,84.109749,-39.518620,nan
2024-08-08T15:32:05,84.109741,-39.518986,nan
2024-08-08T15:32:04,84.109726,-39.519356,nan
2024-08-08T15:32:04,84.109711,-39.519722,nan
2024-08-08T15:32:03,84.109695,-39.520103,nan
2024-08-08T15:32:03,84.109688,-39.520485,nan
2024-08-08T15:32:02,84.109673,-39.520878,nan
2024-08-08T15:32:02,84.109657,-39.521275,nan
2024-08-08T15:32:01,84.109642,-39.521675,nan
2024-08-08T15:32:01,84.109627,-39.522076,nan
2024-08-08T15:32:00,84.109612,-39.522484,nan
2024-08-08T15:32:00,84.109596,-39.522892,nan
2024-08-08T15:31:59,84.109581,-39.523304,nan
2024-08-08T15:31:59,84.109566,-39.523720,nan
2024-08-08T15:31:58,84.109550,-39.524139,nan
2024-08-08T15:31:58,84.109535,-39.524563,nan
2024-08-08T15:31:57,84.109520,-39.524986,nan
2024-08-08T15:31:57,84.109505,-39.525414,nan
2024-08-08T15:31:56,84.109489,-39.525845,nan
2024-08-08T15:31:56,84.109474,-39.526272,nan
2024-08-08T15:31:55,84.109459,-39.526699,nan
2024-08-08T15:31:55,84.109444,-39.527126,nan
2024-08-08T15:31:54,84.109428,-39.527554,nan
2024-08-08T15:31:54,84.109406,-39.527981,nan
2024-08-08T15:31:53,84.109390,-39.528400,nan
2024-08-08T15:31:53,84.109375,-39.528820,nan
2024-08-08T15:31:52,84.109360,-39.529240,nan
2024-08-08T15:31:52,84.109344,-39.529655,nan
2024-08-08T15:31:51,84.109329,-39.530071,nan
2024-08-08T15:31:51,84.109314,-39.530487,nan
2024-08-08T15:31:50,84.109283,-39.531319,nan
2024-08-08T15:31:49,84.109268,-39.531731,nan
2024-08-08T15:31:49,84.109253,-39.532150,nan
2024-08-08T15:31:48,84.109238,-39.532566,nan
2024-08-08T15:31:48,84.109222,-39.532986,nan
2024-08-08T15:31:47,84.109207,-39.533401,nan
2024-08-08T15:31:47,84.109200,-39.533821,nan
2024-08-08T15:31:46,84.109184,-39.534241,nan
2024-08-08T15:31:46,84.109177,-39.534660,nan
2024-08-08T15:31:45,84.109169,-39.535076,nan
2024-08-08T15:31:45,84.109154,-39.535496,nan
2024-08-08T15:31:44,84.109146,-39.535912,nan
2024-08-08T15:31:44,84.109138,-39.536327,nan
2024-08-08T15:31:43,84.109123,-39.536739,nan
2024-08-08T15:31:43,84.109116,-39.537144,nan
2024-08-08T15:31:42,84.109100,-39.537544,nan
2024-08-08T15:31:42,84.109085,-39.537933,nan
2024-08-08T15:31:41,84.109070,-39.538315,nan
2024-08-08T15:31:41,84.109055,-39.538685,nan
2024-08-08T15:31:40,84.109039,-39.539051,nan
2024-08-08T15:31:40,84.109016,-39.539410,nan
2024-08-08T15:31:39,84.109001,-39.539764,nan
2024-08-08T15:31:39,84.108986,-39.540119,nan
2024-08-08T15:31:38,84.108963,-39.540470,nan
2024-08-08T15:31:38,84.108948,-39.540821,nan
2024-08-08T15:31:37,84.108932,-39.541168,nan
2024-08-08T15:31:37,84.108917,-39.541515,nan
2024-08-08T15:31:36,84.108894,-39.541859,nan
2024-08-08T15:31:36,84.108879,-39.542198,nan
2024-08-08T15:31:35,84.108864,-39.542538,nan
2024-08-08T15:31:35,84.108849,-39.542873,nan
2024-08-08T15:31:34,84.108826,-39.543205,nan
2024-08-08T15:31:34,84.108810,-39.543545,nan
2024-08-08T15:31:33,84.108795,-39.543880,nan
2024-08-08T15:31:33,84.108772,-39.544220,nan
2024-08-08T15:31:32,84.108757,-39.544559,nan
2024-08-08T15:31:32,84.108742,-39.544899,nan
2024-08-08T15:31:31,84.108727,-39.545242,nan
2024-08-08T15:31:31,84.108711,-39.545589,nan
2024-08-08T15:31:30,84.108688,-39.545940,nan
2024-08-08T15:31:30,84.108673,-39.546291,nan
2024-08-08T15:31:29,84.108658,-39.546646,nan
2024-08-08T15:31:29,84.108635,-39.547001,nan
2024-08-08T15:31:28,84.108620,-39.547356,nan
2024-08-08T15:31:28,84.108604,-39.547710,nan
2024-08-08T15:31:27,84.108582,-39.548069,nan
2024-08-08T15:31:27,84.108566,-39.548424,nan
2024-08-08T15:31:26,84.108543,-39.548782,nan
2024-08-08T15:31:26,84.108528,-39.549137,nan
2024-08-08T15:31:25,84.108513,-39.549492,nan
2024-08-08T15:31:25,84.108490,-39.549850,nan
2024-08-08T15:31:24,84.108475,-39.550209,nan
2024-08-08T15:31:24,84.108452,-39.550568,nan
2024-08-08T15:31:23,84.108437,-39.550926,nan
2024-08-08T15:31:23,84.108414,-39.551285,nan
2024-08-08T15:31:22,84.108398,-39.551640,nan
2024-08-08T15:31:22,84.108383,-39.551994,nan
2024-08-08T15:31:21,84.108360,-39.552353,nan
2024-08-08T15:31:21,84.108345,-39.552715,nan
2024-08-08T15:31:20,84.108330,-39.553078,nan
2024-08-08T15:31:20,84.108307,-39.553444,nan
2024-08-08T15:31:19,84.108292,-39.553810,nan
2024-08-08T15:31:19,84.108269,-39.554180,nan
2024-08-08T15:31:18,84.108253,-39.554558,nan
2024-08-08T15:31:18,84.108231,-39.554935,nan
2024-08-08T15:31:17,84.108215,-39.555321,nan
2024-08-08T15:31:17,84.108192,-39.555710,nan
2024-08-08T15:31:16,84.108177,-39.556099,nan
2024-08-08T15:31:16,84.108154,-39.556496,nan
2024-08-08T15:31:15,84.108131,-39.556900,nan
2024-08-08T15:31:15,84.108116,-39.557312,nan
2024-08-08T15:31:14,84.108093,-39.557728,nan
2024-08-08T15:31:14,84.108070,-39.558147,nan
2024-08-08T15:31:13,84.108047,-39.558571,nan
2024-08-08T15:31:13,84.108025,-39.558998,nan
2024-08-08T15:31:12,84.108002,-39.559425,nan
2024-08-08T15:31:12,84.107979,-39.559856,nan
2024-08-08T15:31:11,84.107964,-39.560287,nan
2024-08-08T15:31:11,84.107941,-39.560719,nan
2024-08-08T15:31:10,84.107918,-39.561153,nan
2024-08-08T15:31:10,84.107895,-39.561592,nan
2024-08-08T15:31:09,84.107872,-39.562035,nan
2024-08-08T15:31:09,84.107849,-39.562477,nan
2024-08-08T15:31:08,84.107826,-39.562927,nan
2024-08-08T15:31:08,84.107803,-39.563381,nan
2024-08-08T15:31:07,84.107788,-39.563835,nan
2024-08-08T15:31:07,84.107765,-39.564293,nan
2024-08-08T15:31:06,84.107742,-39.564747,nan
2024-08-08T15:31:06,84.107719,-39.565205,nan
2024-08-08T15:31:05,84.107697,-39.565659,nan
2024-08-08T15:31:05,84.107674,-39.566113,nan
2024-08-08T15:31:04,84.107651,-39.566563,nan
2024-08-08T15:31:04,84.107628,-39.567013,nan
2024-08-08T15:31:03,84.107605,-39.567471,nan
2024-08-08T15:31:03,84.107582,-39.567932,nan
2024-08-08T15:31:02,84.107559,-39.568394,nan
2024-08-08T15:31:02,84.107536,-39.568855,nan
2024-08-08T15:31:01,84.107513,-39.569324,nan
2024-08-08T15:31:01,84.107491,-39.569794,nan
2024-08-08T15:31:00,84.107468,-39.570267,nan
2024-08-08T15:31:00,84.107445,-39.570744,nan
2024-08-08T15:30:59,84.107422,-39.571220,nan
2024-08-08T15:30:59,84.107399,-39.571697,nan
2024-08-08T15:30:58,84.107376,-39.572178,nan
2024-08-08T15:30:58,84.107353,-39.572655,nan
2024-08-08T15:30:57,84.107330,-39.573135,nan
2024-08-08T15:30:57,84.107307,-39.573616,nan
2024-08-08T15:30:55,84.107239,-39.575062,nan
2024-08-08T15:30:55,84.107216,-39.575542,nan
2024-08-08T15:30:54,84.107193,-39.576027,nan
2024-08-08T15:30:54,84.107170,-39.576508,nan
2024-08-08T15:30:53,84.107147,-39.576992,nan
2024-08-08T15:30:53,84.107117,-39.577473,nan
2024-08-08T15:30:52,84.107071,-39.578449,nan
2024-08-08T15:30:51,84.107048,-39.578938,nan
2024-08-08T15:30:51,84.107025,-39.579430,nan
2024-08-08T15:30:50,84.107002,-39.579918,nan
2024-08-08T15:30:50,84.106972,-39.580410,nan
2024-08-08T15:30:49,84.106949,-39.580906,nan
2024-08-08T15:30:49,84.106926,-39.581402,nan
2024-08-08T15:30:48,84.106903,-39.581898,nan
2024-08-08T15:30:48,84.106880,-39.582397,nan
2024-08-08T15:30:47,84.106857,-39.582901,nan
2024-08-08T15:30:47,84.106827,-39.583405,nan
2024-08-08T15:30:46,84.106804,-39.583916,nan
2024-08-08T15:30:46,84.106781,-39.584431,nan
2024-08-08T15:30:45,84.106758,-39.584946,nan
2024-08-08T15:30:45,84.106735,-39.585464,nan
2024-08-08T15:30:44,84.106705,-39.585987,nan
2024-08-08T15:30:44,84.106682,-39.586510,nan
2024-08-08T15:30:43,84.106659,-39.587032,nan
2024-08-08T15:30:43,84.106636,-39.587551,nan
2024-08-08T15:30:42,84.106606,-39.588070,nan
2024-08-08T15:30:42,84.106583,-39.588581,nan
2024-08-08T15:30:41,84.106560,-39.589088,nan
2024-08-08T15:30:41,84.106537,-39.589588,nan
2024-08-08T15:30:40,84.106506,-39.590084,nan
2024-08-08T15:30:40,84.106483,-39.590576,nan
2024-08-08T15:30:39,84.106461,-39.591061,nan
2024-08-08T15:30:39,84.106438,-39.591545,nan
2024-08-08T15:30:38,84.106415,-39.592033,nan
2024-08-08T15:30:38,84.106384,-39.592514,nan
2024-08-08T15:30:37,84.106361,-39.592999,nan
2024-08-08T15:30:37,84.106339,-39.593483,nan
2024-08-08T15:30:36,84.106316,-39.593967,nan
2024-08-08T15:30:35,84.106270,-39.594933,nan
2024-08-08T15:30:35,84.106247,-39.595409,nan
2024-08-08T15:30:34,84.106224,-39.595890,nan
2024-08-08T15:30:34,84.106201,-39.596371,nan
2024-08-08T15:30:33,84.106178,-39.596851,nan
2024-08-08T15:30:33,84.106155,-39.597336,nan
2024-08-08T15:30:32,84.106133,-39.597820,nan
2024-08-08T15:30:32,84.106110,-39.598309,nan
2024-08-08T15:30:31,84.106087,-39.598801,nan
2024-08-08T15:30:31,84.106064,-39.599297,nan
2024-08-08T15:30:30,84.106041,-39.599789,nan
2024-08-08T15:30:30,84.106018,-39.600285,nan
2024-08-08T15:30:29,84.105995,-39.600780,nan
2024-08-08T15:30:29,84.105972,-39.601273,nan
2024-08-08T15:30:28,84.105949,-39.601768,nan
2024-08-08T15:30:28,84.105927,-39.602268,nan
2024-08-08T15:30:27,84.105904,-39.602772,nan
2024-08-08T15:30:27,84.105881,-39.603279,nan
2024-08-08T15:30:26,84.105850,-39.603783,nan
2024-08-08T15:30:26,84.105827,-39.604294,nan
2024-08-08T15:30:25,84.105804,-39.604809,nan
2024-08-08T15:30:25,84.105782,-39.605320,nan
2024-08-08T15:30:24,84.105759,-39.605831,nan
2024-08-08T15:30:24,84.105728,-39.606342,nan
2024-08-08T15:30:23,84.105705,-39.606853,nan
2024-08-08T15:30:23,84.105682,-39.607365,nan
2024-08-08T15:30:22,84.105652,-39.607872,nan
2024-08-08T15:30:22,84.105629,-39.608383,nan
2024-08-08T15:30:21,84.105598,-39.608891,nan
2024-08-08T15:30:21,84.105576,-39.609402,nan
2024-08-08T15:30:20,84.105553,-39.609913,nan
2024-08-08T15:30:20,84.105522,-39.610420,nan
2024-08-08T15:30:19,84.105499,-39.610928,nan
2024-08-08T15:30:19,84.105469,-39.611435,nan
2024-08-08T15:30:18,84.105446,-39.611938,nan
2024-08-08T15:30:18,84.105415,-39.612438,nan
2024-08-08T15:30:17,84.105392,-39.612942,nan
2024-08-08T15:30:17,84.105370,-39.613438,nan
2024-08-08T15:30:16,84.105339,-39.613937,nan
2024-08-08T15:30:16,84.105316,-39.614429,nan
2024-08-08T15:30:15,84.105293,-39.614925,nan
2024-08-08T15:30:15,84.105270,-39.615417,nan
2024-08-08T15:30:14,84.105240,-39.615910,nan
2024-08-08T15:30:14,84.105217,-39.616398,nan
2024-08-08T15:30:13,84.105186,-39.616890,nan
2024-08-08T15:30:13,84.105164,-39.617378,nan
2024-08-08T15:30:12,84.105141,-39.617870,nan
2024-08-08T15:30:12,84.105118,-39.618359,nan
2024-08-08T15:30:11,84.105087,-39.618851,nan
2024-08-08T15:30:11,84.105064,-39.619343,nan
2024-08-08T15:30:10,84.105042,-39.619839,nan
2024-08-08T15:30:10,84.105011,-39.620342,nan
2024-08-08T15:30:09,84.104988,-39.620846,nan
2024-08-08T15:30:09,84.104965,-39.621349,nan
2024-08-08T15:30:08,84.104935,-39.621853,nan
2024-08-08T15:30:08,84.104912,-39.622353,nan
2024-08-08T15:30:07,84.104881,-39.622852,nan
2024-08-08T15:30:07,84.104858,-39.623356,nan
2024-08-08T15:30:06,84.104828,-39.623859,nan
2024-08-08T15:30:06,84.104805,-39.624363,nan
2024-08-08T15:30:05,84.104774,-39.624870,nan
2024-08-08T15:30:05,84.104752,-39.625378,nan
2024-08-08T15:30:04,84.104721,-39.625881,nan
2024-08-08T15:30:04,84.104698,-39.626385,nan
2024-08-08T15:30:03,84.104668,-39.626892,nan
2024-08-08T15:30:03,84.104637,-39.627396,nan
2024-08-08T15:30:02,84.104614,-39.627899,nan
2024-08-08T15:30:02,84.104584,-39.628403,nan
2024-08-08T15:30:01,84.104553,-39.628906,nan
2024-08-08T15:30:01,84.104523,-39.629414,nan
2024-08-08T15:30:00,84.104492,-39.629917,nan
2024-08-08T15:30:00,84.104462,-39.630421,nan
2024-08-08T15:29:59,84.104431,-39.630924,nan
2024-08-08T15:29:59,84.104401,-39.631424,nan
2024-08-08T15:29:58,84.104370,-39.631924,nan
2024-08-08T15:29:58,84.104340,-39.632416,nan
2024-08-08T15:29:57,84.104309,-39.632904,nan
2024-08-08T15:29:57,84.104279,-39.633392,nan
2024-08-08T15:29:56,84.104248,-39.633881,nan
2024-08-08T15:29:56,84.104210,-39.634361,nan
2024-08-08T15:29:55,84.104179,-39.634846,nan
2024-08-08T15:29:55,84.104149,-39.635330,nan
2024-08-08T15:29:54,84.104111,-39.635818,nan
2024-08-08T15:29:54,84.104080,-39.636307,nan
2024-08-08T15:29:53,84.104050,-39.636803,nan
2024-08-08T15:29:53,84.104012,-39.637302,nan
2024-08-08T15:29:52,84.103981,-39.637806,nan
2024-08-08T15:29:52,84.103951,-39.638313,nan
2024-08-08T15:29:51,84.103912,-39.638824,nan
2024-08-08T15:29:51,84.103882,-39.639339,nan
2024-08-08T15:29:50,84.103844,-39.639854,nan
2024-08-08T15:29:50,84.103806,-39.640377,nan
2024-08-08T15:29:49,84.103767,-39.640903,nan
2024-08-08T15:29:49,84.103729,-39.641438,nan
2024-08-08T15:29:48,84.103691,-39.641972,nan
2024-08-08T15:29:48,84.103645,-39.642506,nan
2024-08-08T15:29:47,84.103607,-39.643044,nan
2024-08-08T15:29:47,84.103561,-39.643581,nan
2024-08-08T15:29:46,84.103523,-39.644119,nan
2024-08-08T15:29:46,84.103477,-39.644657,nan
2024-08-08T15:29:45,84.103432,-39.645199,nan
2024-08-08T15:29:45,84.103394,-39.645737,nan
2024-08-08T15:29:44,84.103348,-39.646278,nan
2024-08-08T15:29:44,84.103302,-39.646824,nan
2024-08-08T15:29:43,84.103256,-39.647362,nan
2024-08-08T15:29:43,84.103210,-39.647900,nan
2024-08-08T15:29:42,84.103165,-39.648441,nan
2024-08-08T15:29:42,84.103119,-39.648983,nan
2024-08-08T15:29:41,84.103073,-39.649529,nan
2024-08-08T15:29:41,84.103027,-39.650070,nan
2024-08-08T15:29:40,84.102982,-39.650616,nan
2024-08-08T15:29:40,84.102936,-39.651161,nan
2024-08-08T15:29:39,84.102890,-39.651707,nan
2024-08-08T15:29:39,84.102844,-39.652252,nan
2024-08-08T15:29:38,84.102798,-39.652805,nan
2024-08-08T15:29:38,84.102753,-39.653355,nan
2024-08-08T15:29:37,84.102707,-39.653908,nan
2024-08-08T15:29:37,84.102661,-39.654461,nan
2024-08-08T15:29:36,84.102615,-39.655014,nan
2024-08-08T15:29:36,84.102570,-39.655567,nan
2024-08-08T15:29:35,84.102524,-39.656116,nan
2024-08-08T15:29:35,84.102478,-39.656666,nan
2024-08-08T15:29:34,84.102432,-39.657215,nan
2024-08-08T15:29:34,84.102386,-39.657764,nan
2024-08-08T15:29:33,84.102341,-39.658314,nan
2024-08-08T15:29:33,84.102287,-39.658863,nan
2024-08-08T15:29:32,84.102242,-39.659409,nan
2024-08-08T15:29:32,84.102196,-39.659954,nan
2024-08-08T15:29:31,84.102142,-39.660496,nan
2024-08-08T15:29:31,84.102097,-39.661037,nan
2024-08-08T15:29:30,84.102051,-39.661583,nan
2024-08-08T15:29:30,84.101997,-39.662125,nan
2024-08-08T15:29:29,84.101952,-39.662666,nan
2024-08-08T15:29:29,84.101906,-39.663208,nan
2024-08-08T15:29:28,84.101860,-39.663750,nan
2024-08-08T15:29:28,84.101807,-39.664291,nan
2024-08-08T15:29:27,84.101761,-39.664833,nan
2024-08-08T15:29:27,84.101707,-39.665375,nan
2024-08-08T15:29:26,84.101662,-39.665920,nan
2024-08-08T15:29:26,84.101608,-39.666473,nan
2024-08-08T15:29:25,84.101562,-39.667027,nan
2024-08-08T15:29:25,84.101509,-39.667580,nan
2024-08-08T15:29:24,84.101456,-39.668133,nan
2024-08-08T15:29:24,84.101410,-39.668682,nan
2024-08-08T15:29:23,84.101357,-39.669231,nan
2024-08-08T15:29:23,84.101303,-39.669785,nan
2024-08-08T15:29:22,84.101250,-39.670334,nan
2024-08-08T15:29:22,84.101204,-39.670879,nan
2024-08-08T15:29:21,84.101151,-39.671425,nan
2024-08-08T15:29:21,84.101097,-39.671970,nan
2024-08-08T15:29:20,84.101044,-39.672516,nan
2024-08-08T15:29:20,84.100998,-39.673061,nan
2024-08-08T15:29:19,84.100945,-39.673611,nan
2024-08-08T15:29:19,84.100899,-39.674156,nan
2024-08-08T15:29:18,84.100845,-39.674706,nan
2024-08-08T15:29:18,84.100800,-39.675259,nan
2024-08-08T15:29:17,84.100746,-39.675816,nan
2024-08-08T15:29:17,84.100700,-39.676373,nan
2024-08-08T15:29:16,84.100655,-39.676933,nan
2024-08-08T15:29:16,84.100601,-39.677494,nan
2024-08-08T15:29:15,84.100548,-39.678062,nan
2024-08-08T15:29:15,84.100502,-39.678623,nan
2024-08-08T15:29:14,84.100449,-39.679188,nan
2024-08-08T15:29:14,84.100395,-39.679756,nan
2024-08-08T15:29:13,84.100349,-39.680325,nan
2024-08-08T15:29:13,84.100296,-39.680893,nan
2024-08-08T15:29:12,84.100243,-39.681465,nan
2024-08-08T15:29:12,84.100189,-39.682034,nan
2024-08-08T15:29:11,84.100136,-39.682598,nan
2024-08-08T15:29:11,84.100082,-39.683163,nan
2024-08-08T15:29:10,84.100029,-39.683727,nan
2024-08-08T15:29:10,84.099976,-39.684284,nan
2024-08-08T15:29:09,84.099930,-39.684841,nan
2024-08-08T15:29:09,84.099869,-39.685394,nan
2024-08-08T15:29:08,84.099815,-39.685944,nan
2024-08-08T15:29:08,84.099770,-39.686493,nan
2024-08-08T15:29:07,84.099716,-39.687038,nan
2024-08-08T15:29:07,84.099663,-39.687584,nan
2024-08-08T15:29:06,84.099609,-39.688129,nan
2024-08-08T15:29:06,84.099556,-39.688671,nan
2024-08-08T15:29:05,84.099503,-39.689217,nan
2024-08-08T15:29:05,84.099442,-39.689762,nan
2024-08-08T15:29:04,84.099388,-39.690311,nan
2024-08-08T15:29:04,84.099335,-39.690861,nan
2024-08-08T15:29:03,84.099281,-39.691410,nan
2024-08-08T15:29:03,84.099220,-39.691959,nan
2024-08-08T15:29:02,84.099159,-39.692513,nan
2024-08-08T15:29:02,84.099106,-39.693062,nan
2024-08-08T15:29:01,84.099045,-39.693611,nan
2024-08-08T15:29:01,84.098991,-39.694160,nan
2024-08-08T15:29:00,84.098930,-39.694714,nan
2024-08-08T15:29:00,84.098869,-39.695263,nan
2024-08-08T15:28:59,84.098808,-39.695812,nan
2024-08-08T15:28:59,84.098747,-39.696365,nan
2024-08-08T15:28:58,84.098686,-39.696911,nan
2024-08-08T15:28:58,84.098625,-39.697456,nan
2024-08-08T15:28:57,84.098572,-39.697998,nan
2024-08-08T15:28:57,84.098511,-39.698536,nan
2024-08-08T15:28:56,84.098450,-39.699074,nan
2024-08-08T15:28:56,84.098389,-39.699608,nan
2024-08-08T15:28:55,84.098328,-39.700138,nan
2024-08-08T15:28:55,84.098267,-39.700665,nan
2024-08-08T15:28:54,84.098206,-39.701195,nan
2024-08-08T15:28:54,84.098145,-39.701721,nan
2024-08-08T15:28:53,84.098083,-39.702248,nan
2024-08-08T15:28:53,84.098022,-39.702778,nan
2024-08-08T15:28:52,84.097961,-39.703304,nan
2024-08-08T15:28:52,84.097900,-39.703838,nan
2024-08-08T15:28:51,84.097847,-39.704369,nan
2024-08-08T15:28:51,84.097786,-39.704903,nan
2024-08-08T15:28:50,84.097725,-39.705437,nan
2024-08-08T15:28:50,84.097664,-39.705975,nan
2024-08-08T15:28:49,84.097603,-39.706512,nan
2024-08-08T15:28:49,84.097542,-39.707050,nan
2024-08-08T15:28:48,84.097481,-39.707592,nan
2024-08-08T15:28:48,84.097420,-39.708134,nan
2024-08-08T15:28:47,84.097359,-39.708675,nan
2024-08-08T15:28:47,84.097298,-39.709225,nan
2024-08-08T15:28:46,84.097229,-39.709770,nan
2024-08-08T15:28:46,84.097168,-39.710320,nan
2024-08-08T15:28:45,84.097107,-39.710865,nan
2024-08-08T15:28:45,84.097038,-39.711414,nan
2024-08-08T15:28:44,84.096977,-39.711960,nan
2024-08-08T15:28:44,84.096916,-39.712502,nan
2024-08-08T15:28:43,84.096848,-39.713043,nan
2024-08-08T15:28:43,84.096786,-39.713585,nan
2024-08-08T15:28:42,84.096718,-39.714123,nan
2024-08-08T15:28:42,84.096649,-39.714657,nan
2024-08-08T15:28:41,84.096581,-39.715187,nan
2024-08-08T15:28:41,84.096519,-39.715721,nan
2024-08-08T15:28:40,84.096451,-39.716248,nan
2024-08-08T15:28:40,84.096382,-39.716782,nan
2024-08-08T15:28:39,84.096321,-39.717312,nan
2024-08-08T15:28:39,84.096252,-39.717846,nan
2024-08-08T15:28:38,84.096184,-39.718380,nan
2024-08-08T15:28:38,84.096123,-39.718922,nan
2024-08-08T15:28:37,84.096054,-39.719463,nan
2024-08-08T15:28:37,84.095985,-39.720009,nan
2024-08-08T15:28:36,84.095917,-39.720554,nan
2024-08-08T15:28:36,84.095856,-39.721104,nan
2024-08-08T15:28:35,84.095787,-39.721657,nan
2024-08-08T15:28:35,84.095718,-39.722206,nan
2024-08-08T15:28:34,84.095650,-39.722759,nan
2024-08-08T15:28:34,84.095581,-39.723309,nan
2024-08-08T15:28:33,84.095512,-39.723862,nan
2024-08-08T15:28:33,84.095436,-39.724411,nan
2024-08-08T15:28:32,84.095367,-39.724964,nan
2024-08-08T15:28:32,84.095299,-39.725513,nan
2024-08-08T15:28:31,84.095230,-39.726063,nan
2024-08-08T15:28:31,84.095154,-39.726612,nan
2024-08-08T15:28:30,84.095085,-39.727158,nan
2024-08-08T15:28:30,84.095016,-39.727699,nan
2024-08-08T15:28:29,84.094948,-39.728241,nan
2024-08-08T15:28:29,84.094872,-39.728779,nan
2024-08-08T15:28:28,84.094803,-39.729313,nan
2024-08-08T15:28:28,84.094734,-39.729843,nan
2024-08-08T15:28:27,84.094666,-39.730377,nan
2024-08-08T15:28:27,84.094597,-39.730904,nan
2024-08-08T15:28:26,84.094528,-39.731434,nan
2024-08-08T15:28:26,84.094460,-39.731964,nan
2024-08-08T15:28:25,84.094383,-39.732498,nan
2024-08-08T15:28:25,84.094315,-39.733032,nan
2024-08-08T15:28:24,84.094246,-39.733570,nan
2024-08-08T15:28:24,84.094177,-39.734112,nan
2024-08-08T15:28:23,84.094109,-39.734661,nan
2024-08-08T15:28:23,84.094040,-39.735210,nan
2024-08-08T15:28:22,84.093971,-39.735760,nan
2024-08-08T15:28:22,84.093903,-39.736313,nan
2024-08-08T15:28:21,84.093834,-39.736862,nan
2024-08-08T15:28:21,84.093765,-39.737411,nan
2024-08-08T15:28:20,84.093689,-39.737968,nan
2024-08-08T15:28:20,84.093620,-39.738518,nan
2024-08-08T15:28:19,84.093552,-39.739071,nan
2024-08-08T15:28:19,84.093475,-39.739616,nan
2024-08-08T15:28:18,84.093407,-39.740170,nan
2024-08-08T15:28:18,84.093338,-39.740719,nan
2024-08-08T15:28:17,84.093262,-39.741264,nan
2024-08-08T15:28:17,84.093193,-39.741814,nan
2024-08-08T15:28:16,84.093124,-39.742363,nan
2024-08-08T15:28:16,84.093048,-39.742912,nan
2024-08-08T15:28:15,84.092979,-39.743462,nan
2024-08-08T15:28:15,84.092903,-39.744007,nan
2024-08-08T15:28:14,84.092834,-39.744549,nan
2024-08-08T15:28:14,84.092758,-39.745090,nan
2024-08-08T15:28:13,84.092690,-39.745632,nan
2024-08-08T15:28:13,84.092613,-39.746178,nan
2024-08-08T15:28:12,84.092545,-39.746723,nan
2024-08-08T15:28:12,84.092468,-39.747269,nan
2024-08-08T15:28:11,84.092400,-39.747814,nan
2024-08-08T15:28:11,84.092323,-39.748367,nan
2024-08-08T15:28:10,84.092255,-39.748920,nan
2024-08-08T15:28:10,84.092178,-39.749481,nan
2024-08-08T15:28:09,84.092102,-39.750046,nan
2024-08-08T15:28:09,84.092033,-39.750607,nan
2024-08-08T15:28:08,84.091957,-39.751171,nan
2024-08-08T15:28:08,84.091881,-39.751736,nan
2024-08-08T15:28:07,84.091805,-39.752300,nan
2024-08-08T15:28:07,84.091728,-39.752872,nan
2024-08-08T15:28:06,84.091652,-39.753452,nan
2024-08-08T15:28:06,84.091576,-39.754036,nan
2024-08-08T15:28:05,84.091499,-39.754623,nan
2024-08-08T15:28:05,84.091423,-39.755211,nan
2024-08-08T15:28:04,84.091347,-39.755798,nan
2024-08-08T15:28:04,84.091270,-39.756390,nan
2024-08-08T15:28:03,84.091194,-39.756977,nan
2024-08-08T15:28:03,84.091118,-39.757565,nan
2024-08-08T15:28:02,84.091042,-39.758156,nan
2024-08-08T15:28:02,84.090958,-39.758743,nan
2024-08-08T15:28:01,84.090881,-39.759338,nan
2024-08-08T15:28:01,84.090797,-39.759926,nan
2024-08-08T15:28:00,84.090714,-39.760513,nan
2024-08-08T15:28:00,84.090630,-39.761097,nan
2024-08-08T15:27:59,84.090546,-39.761677,nan
2024-08-08T15:27:59,84.090462,-39.762257,nan
2024-08-08T15:27:58,84.090378,-39.762833,nan
2024-08-08T15:27:58,84.090294,-39.763409,nan
2024-08-08T15:27:57,84.090210,-39.763977,nan
2024-08-08T15:27:57,84.090118,-39.764538,nan
2024-08-08T15:27:56,84.090034,-39.765095,nan
2024-08-08T15:27:56,84.089951,-39.765648,nan
2024-08-08T15:27:55,84.089859,-39.766197,nan
2024-08-08T15:27:55,84.089775,-39.766750,nan
2024-08-08T15:27:54,84.089684,-39.767303,nan
2024-08-08T15:27:54,84.089600,-39.767857,nan
2024-08-08T15:27:53,84.089516,-39.768414,nan
2024-08-08T15:27:53,84.089424,-39.768970,nan
2024-08-08T15:27:52,84.089340,-39.769531,nan
2024-08-08T15:27:52,84.089256,-39.770096,nan
2024-08-08T15:27:51,84.089165,-39.770664,nan
2024-08-08T15:27:51,84.089081,-39.771236,nan
2024-08-08T15:27:50,84.088997,-39.771809,nan
2024-08-08T15:27:50,84.088913,-39.772381,nan
2024-08-08T15:27:49,84.088821,-39.772957,nan
2024-08-08T15:27:49,84.088737,-39.773537,nan
2024-08-08T15:27:48,84.088654,-39.774117,nan
2024-08-08T15:27:48,84.088570,-39.774700,nan
2024-08-08T15:27:47,84.088486,-39.775284,nan
2024-08-08T15:27:47,84.088402,-39.775871,nan
2024-08-08T15:27:46,84.088318,-39.776459,nan
2024-08-08T15:27:46,84.088226,-39.777042,nan
2024-08-08T15:27:45,84.088142,-39.777622,nan
2024-08-08T15:27:45,84.088058,-39.778198,nan
2024-08-08T15:27:44,84.087975,-39.778774,nan
2024-08-08T15:27:44,84.087883,-39.779350,nan
2024-08-08T15:27:43,84.087799,-39.779919,nan
2024-08-08T15:27:43,84.087708,-39.780487,nan
2024-08-08T15:27:42,84.087624,-39.781052,nan
2024-08-08T15:27:42,84.087532,-39.781612,nan
2024-08-08T15:27:41,84.087440,-39.782173,nan
2024-08-08T15:27:41,84.087357,-39.782738,nan
2024-08-08T15:27:40,84.087265,-39.783295,nan
2024-08-08T15:27:40,84.087181,-39.783852,nan
2024-08-08T15:27:39,84.087090,-39.784409,nan
2024-08-08T15:27:39,84.087006,-39.784966,nan
2024-08-08T15:27:38,84.086914,-39.785519,nan
2024-08-08T15:27:38,84.086830,-39.786072,nan
2024-08-08T15:27:37,84.086739,-39.786629,nan
2024-08-08T15:27:37,84.086647,-39.787182,nan
2024-08-08T15:27:36,84.086563,-39.787743,nan
2024-08-08T15:27:36,84.086472,-39.788300,nan
2024-08-08T15:27:35,84.086380,-39.788857,nan
2024-08-08T15:27:35,84.086288,-39.789413,nan
2024-08-08T15:27:34,84.086197,-39.789970,nan
2024-08-08T15:27:34,84.086105,-39.790527,nan
2024-08-08T15:27:33,84.086014,-39.791084,nan
2024-08-08T15:27:33,84.085915,-39.791645,nan
2024-08-08T15:27:32,84.085823,-39.792202,nan
2024-08-08T15:27:32,84.085732,-39.792751,nan
2024-08-08T15:27:31,84.085640,-39.793304,nan
2024-08-08T15:27:31,84.085548,-39.793854,nan
2024-08-08T15:27:30,84.085457,-39.794399,nan
2024-08-08T15:27:30,84.085365,-39.794945,nan
2024-08-08T15:27:29,84.085274,-39.795490,nan
2024-08-08T15:27:29,84.085182,-39.796040,nan
2024-08-08T15:27:28,84.085091,-39.796593,nan
2024-08-08T15:27:28,84.084991,-39.797146,nan
2024-08-08T15:27:27,84.084900,-39.797703,nan
2024-08-08T15:27:27,84.084808,-39.798252,nan
2024-08-08T15:27:26,84.084717,-39.798805,nan
2024-08-08T15:27:26,84.084625,-39.799358,nan
2024-08-08T15:27:25,84.084534,-39.799908,nan
2024-08-08T15:27:25,84.084442,-39.800457,nan
2024-08-08T15:27:24,84.084351,-39.801006,nan
2024-08-08T15:27:24,84.084259,-39.801559,nan
2024-08-08T15:27:23,84.084167,-39.802113,nan
2024-08-08T15:27:23,84.084076,-39.802670,nan
2024-08-08T15:27:22,84.083984,-39.803226,nan
2024-08-08T15:27:22,84.083893,-39.803787,nan
2024-08-08T15:27:21,84.083801,-39.804344,nan
2024-08-08T15:27:21,84.083710,-39.804905,nan
2024-08-08T15:27:20,84.083618,-39.805466,nan
2024-08-08T15:27:20,84.083527,-39.806026,nan
2024-08-08T15:27:19,84.083435,-39.806587,nan
2024-08-08T15:27:19,84.083336,-39.807148,nan
2024-08-08T15:27:18,84.083244,-39.807709,nan
2024-08-08T15:27:18,84.083153,-39.808270,nan
2024-08-08T15:27:17,84.083061,-39.808830,nan
2024-08-08T15:27:17,84.082970,-39.809391,nan
2024-08-08T15:27:16,84.082870,-39.809952,nan
2024-08-08T15:27:16,84.082779,-39.810513,nan
2024-08-08T15:27:15,84.082687,-39.811066,nan
2024-08-08T15:27:15,84.082588,-39.811615,nan
2024-08-08T15:27:14,84.082497,-39.812157,nan
2024-08-08T15:27:14,84.082397,-39.812691,nan
2024-08-08T15:27:13,84.082306,-39.813217,nan
2024-08-08T15:27:13,84.082207,-39.813740,nan
2024-08-08T15:27:12,84.082108,-39.814262,nan
2024-08-08T15:27:12,84.082016,-39.814785,nan
2024-08-08T15:27:11,84.081917,-39.815304,nan
2024-08-08T15:27:11,84.081825,-39.815823,nan
2024-08-08T15:27:10,84.081734,-39.816341,nan
2024-08-08T15:27:10,84.081635,-39.816864,nan
2024-08-08T15:27:09,84.081543,-39.817387,nan
2024-08-08T15:27:09,84.081444,-39.817913,nan
2024-08-08T15:27:08,84.081352,-39.818443,nan
2024-08-08T15:27:08,84.081261,-39.818981,nan
2024-08-08T15:27:07,84.081161,-39.819515,nan
2024-08-08T15:27:07,84.081062,-39.820049,nan
2024-08-08T15:27:06,84.080971,-39.820576,nan
2024-08-08T15:27:06,84.080879,-39.821102,nan
2024-08-08T15:27:05,84.080780,-39.821625,nan
2024-08-08T15:27:05,84.080681,-39.822147,nan
2024-08-08T15:27:04,84.080589,-39.822662,nan
2024-08-08T15:27:04,84.080490,-39.823181,nan
2024-08-08T15:27:03,84.080399,-39.823696,nan
2024-08-08T15:27:03,84.080299,-39.824211,nan
2024-08-08T15:27:02,84.080208,-39.824726,nan
2024-08-08T15:27:02,84.080109,-39.825241,nan
2024-08-08T15:27:01,84.080017,-39.825756,nan
2024-08-08T15:27:01,84.079918,-39.826271,nan
2024-08-08T15:27:00,84.079826,-39.826786,nan
2024-08-08T15:27:00,84.079735,-39.827297,nan
2024-08-08T15:26:59,84.079643,-39.827816,nan
2024-08-08T15:26:59,84.079544,-39.828339,nan
2024-08-08T15:26:58,84.079453,-39.828857,nan
2024-08-08T15:26:58,84.079361,-39.829384,nan
2024-08-08T15:26:57,84.079269,-39.829910,nan
2024-08-08T15:26:57,84.079170,-39.830437,nan
2024-08-08T15:26:56,84.079079,-39.830971,nan
2024-08-08T15:26:56,84.078987,-39.831501,nan
2024-08-08T15:26:55,84.078896,-39.832039,nan
2024-08-08T15:26:55,84.078804,-39.832581,nan
2024-08-08T15:26:54,84.078712,-39.833122,nan
2024-08-08T15:26:54,84.078621,-39.833672,nan
2024-08-08T15:26:53,84.078529,-39.834225,nan
2024-08-08T15:26:53,84.078438,-39.834778,nan
2024-08-08T15:26:52,84.078346,-39.835335,nan
2024-08-08T15:26:52,84.078255,-39.835896,nan
2024-08-08T15:26:51,84.078163,-39.836460,nan
2024-08-08T15:26:51,84.078072,-39.837021,nan
2024-08-08T15:26:50,84.077980,-39.837578,nan
2024-08-08T15:26:50,84.077888,-39.838135,nan
2024-08-08T15:26:49,84.077797,-39.838680,nan
2024-08-08T15:26:47,84.077431,-39.840836,nan
2024-08-08T15:26:47,84.077339,-39.841358,nan
2024-08-08T15:26:46,84.077248,-39.841877,nan
2024-08-08T15:26:46,84.077156,-39.842384,nan
2024-08-08T15:26:45,84.077065,-39.842888,nan
2024-08-08T15:26:45,84.076973,-39.843391,nan
2024-08-08T15:26:44,84.076881,-39.843887,nan
2024-08-08T15:26:44,84.076782,-39.844387,nan
2024-08-08T15:26:43,84.076691,-39.844883,nan
2024-08-08T15:26:43,84.076599,-39.845375,nan
2024-08-08T15:26:42,84.076508,-39.845860,nan
2024-08-08T15:26:42,84.076408,-39.846344,nan
2024-08-08T15:26:41,84.076317,-39.846825,nan
2024-08-08T15:26:41,84.076218,-39.847301,nan
2024-08-08T15:26:40,84.076126,-39.847775,nan
2024-08-08T15:26:40,84.076027,-39.848244,nan
2024-08-08T15:26:39,84.075935,-39.848713,nan
2024-08-08T15:26:39,84.075836,-39.849182,nan
2024-08-08T15:26:38,84.075745,-39.849655,nan
2024-08-08T15:26:38,84.075653,-39.850128,nan
2024-08-08T15:26:37,84.075562,-39.850609,nan
2024-08-08T15:26:37,84.075462,-39.851089,nan
2024-08-08T15:26:36,84.075371,-39.851578,nan
2024-08-08T15:26:36,84.075279,-39.852070,nan
2024-08-08T15:26:35,84.075195,-39.852566,nan
2024-08-08T15:26:35,84.075104,-39.853073,nan
2024-08-08T15:26:34,84.075012,-39.853580,nan
2024-08-08T15:26:34,84.074921,-39.854088,nan
2024-08-08T15:26:33,84.074829,-39.854588,nan
2024-08-08T15:26:33,84.074738,-39.855087,nan
2024-08-08T15:26:32,84.074638,-39.855583,nan
2024-08-08T15:26:32,84.074547,-39.856075,nan
2024-08-08T15:26:31,84.074455,-39.856564,nan
2024-08-08T15:26:31,84.074364,-39.857052,nan
2024-08-08T15:26:30,84.074265,-39.857536,nan
2024-08-08T15:26:30,84.074173,-39.858025,nan
2024-08-08T15:26:29,84.074081,-39.858505,nan
2024-08-08T15:26:29,84.073990,-39.858990,nan
2024-08-08T15:26:28,84.073898,-39.859474,nan
2024-08-08T15:26:28,84.073807,-39.859966,nan
2024-08-08T15:26:27,84.073715,-39.860462,nan
2024-08-08T15:26:27,84.073624,-39.860966,nan
2024-08-08T15:26:26,84.073540,-39.861477,nan
2024-08-08T15:26:26,84.073448,-39.861992,nan
2024-08-08T15:26:25,84.073357,-39.862511,nan
2024-08-08T15:26:25,84.073273,-39.863037,nan
2024-08-08T15:26:24,84.073181,-39.863564,nan
2024-08-08T15:26:24,84.073097,-39.864098,nan
2024-08-08T15:26:23,84.073006,-39.864624,nan
2024-08-08T15:26:23,84.072922,-39.865154,nan
2024-08-08T15:26:22,84.072830,-39.865685,nan
2024-08-08T15:26:22,84.072746,-39.866215,nan
2024-08-08T15:26:21,84.072655,-39.866741,nan
2024-08-08T15:26:21,84.072563,-39.867271,nan
2024-08-08T15:26:20,84.072472,-39.867802,nan
2024-08-08T15:26:20,84.072388,-39.868324,nan
2024-08-08T15:26:19,84.072296,-39.868843,nan
2024-08-08T15:26:19,84.072205,-39.869354,nan
2024-08-08T15:26:18,84.072113,-39.869865,nan
2024-08-08T15:26:18,84.072029,-39.870373,nan
2024-08-08T15:26:17,84.071938,-39.870876,nan
2024-08-08T15:26:17,84.071846,-39.871376,nan
2024-08-08T15:26:16,84.071754,-39.871876,nan
2024-08-08T15:26:16,84.071663,-39.872375,nan
2024-08-08T15:26:15,84.071579,-39.872879,nan
2024-08-08T15:26:15,84.071487,-39.873379,nan
2024-08-08T15:26:14,84.071396,-39.873882,nan
2024-08-08T15:26:14,84.071304,-39.874393,nan
2024-08-08T15:26:13,84.071213,-39.874908,nan
2024-08-08T15:26:13,84.071121,-39.875427,nan
2024-08-08T15:26:12,84.071037,-39.875950,nan
2024-08-08T15:26:12,84.070946,-39.876472,nan
2024-08-08T15:26:11,84.070854,-39.876995,nan
2024-08-08T15:26:11,84.070763,-39.877522,nan
2024-08-08T15:26:10,84.070671,-39.878044,nan
2024-08-08T15:26:10,84.070580,-39.878571,nan
2024-08-08T15:26:09,84.070488,-39.879089,nan
2024-08-08T15:26:09,84.070396,-39.879604,nan
2024-08-08T15:26:08,84.070312,-39.880116,nan
2024-08-08T15:26:08,84.070221,-39.880627,nan
2024-08-08T15:26:07,84.070129,-39.881138,nan
2024-08-08T15:26:07,84.070038,-39.881641,nan
2024-08-08T15:26:06,84.069954,-39.882145,nan
2024-08-08T15:26:06,84.069862,-39.882652,nan
2024-08-08T15:26:05,84.069771,-39.883156,nan
2024-08-08T15:26:05,84.069679,-39.883663,nan
2024-08-08T15:26:04,84.069595,-39.884178,nan
2024-08-08T15:26:04,84.069504,-39.884693,nan
2024-08-08T15:26:03,84.069412,-39.885208,nan
2024-08-08T15:26:03,84.069321,-39.885723,nan
2024-08-08T15:26:02,84.069229,-39.886238,nan
2024-08-08T15:26:02,84.069138,-39.886745,nan
2024-08-08T15:26:01,84.069046,-39.887249,nan
2024-08-08T15:26:01,84.068954,-39.887749,nan
2024-08-08T15:26:00,84.068863,-39.888241,nan
2024-08-08T15:26:00,84.068771,-39.888733,nan
2024-08-08T15:25:59,84.068680,-39.889225,nan
2024-08-08T15:25:59,84.068581,-39.889717,nan
2024-08-08T15:25:58,84.068489,-39.890213,nan
2024-08-08T15:25:58,84.068390,-39.890713,nan
2024-08-08T15:25:57,84.068298,-39.891209,nan
2024-08-08T15:25:57,84.068199,-39.891712,nan
2024-08-08T15:25:56,84.068100,-39.892212,nan
2024-08-08T15:25:56,84.068001,-39.892708,nan
2024-08-08T15:25:55,84.067902,-39.893204,nan
2024-08-08T15:25:55,84.067802,-39.893700,nan
2024-08-08T15:25:54,84.067703,-39.894196,nan
2024-08-08T15:25:54,84.067604,-39.894688,nan
2024-08-08T15:25:53,84.067505,-39.895176,nan
2024-08-08T15:25:53,84.067406,-39.895664,nan
2024-08-08T15:25:52,84.067307,-39.896152,nan
2024-08-08T15:25:52,84.067207,-39.896641,nan
2024-08-08T15:25:51,84.067116,-39.897133,nan
2024-08-08T15:25:51,84.067017,-39.897633,nan
2024-08-08T15:25:50,84.066917,-39.898136,nan
2024-08-08T15:25:50,84.066818,-39.898647,nan
2024-08-08T15:25:49,84.066719,-39.899170,nan
2024-08-08T15:25:49,84.066620,-39.899693,nan
2024-08-08T15:25:48,84.066521,-39.900223,nan
2024-08-08T15:25:48,84.066422,-39.900749,nan
2024-08-08T15:25:47,84.066322,-39.901272,nan
2024-08-08T15:25:47,84.066223,-39.901787,nan
2024-08-08T15:25:46,84.066124,-39.902298,nan
2024-08-08T15:25:46,84.066025,-39.902802,nan
2024-08-08T15:25:45,84.065926,-39.903301,nan
2024-08-08T15:25:45,84.065819,-39.903801,nan
2024-08-08T15:25:44,84.065720,-39.904297,nan
2024-08-08T15:25:44,84.065620,-39.904793,nan
2024-08-08T15:25:43,84.065521,-39.905289,nan
2024-08-08T15:25:43,84.065422,-39.905781,nan
2024-08-08T15:25:42,84.065323,-39.906277,nan
2024-08-08T15:25:42,84.065224,-39.906773,nan
2024-08-08T15:25:41,84.065125,-39.907272,nan
2024-08-08T15:25:41,84.065025,-39.907776,nan
2024-08-08T15:25:40,84.064926,-39.908291,nan
2024-08-08T15:25:40,84.064819,-39.908806,nan
2024-08-08T15:25:39,84.064720,-39.909328,nan
2024-08-08T15:25:39,84.064621,-39.909855,nan
2024-08-08T15:25:38,84.064522,-39.910385,nan
2024-08-08T15:25:38,84.064415,-39.910915,nan
2024-08-08T15:25:37,84.064316,-39.911446,nan
2024-08-08T15:25:37,84.064209,-39.911972,nan
2024-08-08T15:25:36,84.064102,-39.912502,nan
2024-08-08T15:25:36,84.064003,-39.913029,nan
2024-08-08T15:25:35,84.063896,-39.913563,nan
2024-08-08T15:25:35,84.063789,-39.914097,nan
2024-08-08T15:25:34,84.063690,-39.914635,nan
2024-08-08T15:25:34,84.063591,-39.915173,nan
2024-08-08T15:25:33,84.063484,-39.915710,nan
2024-08-08T15:25:33,84.063385,-39.916248,nan
2024-08-08T15:25:32,84.063286,-39.916786,nan
2024-08-08T15:25:32,84.063187,-39.917324,nan
2024-08-08T15:25:31,84.063087,-39.917866,nan
2024-08-08T15:25:31,84.062988,-39.918404,nan
2024-08-08T15:25:30,84.062889,-39.918941,nan
2024-08-08T15:25:30,84.062790,-39.919476,nan
2024-08-08T15:25:29,84.062691,-39.920006,nan
2024-08-08T15:25:29,84.062592,-39.920528,nan
2024-08-08T15:25:28,84.062500,-39.921051,nan
2024-08-08T15:25:28,84.062401,-39.921570,nan
2024-08-08T15:25:27,84.062302,-39.922085,nan
2024-08-08T15:25:27,84.062210,-39.922600,nan
2024-08-08T15:25:26,84.062111,-39.923107,nan
2024-08-08T15:25:26,84.062012,-39.923615,nan
2024-08-08T15:25:25,84.061913,-39.924118,nan
2024-08-08T15:25:25,84.061813,-39.924618,nan
2024-08-08T15:25:24,84.061714,-39.925106,nan
2024-08-08T15:25:24,84.061615,-39.925591,nan
2024-08-08T15:25:23,84.061516,-39.926064,nan
2024-08-08T15:25:23,84.061409,-39.926537,nan
2024-08-08T15:25:22,84.061310,-39.927006,nan
2024-08-08T15:25:22,84.061203,-39.927475,nan
2024-08-08T15:25:21,84.061104,-39.927940,nan
2024-08-08T15:25:21,84.060997,-39.928402,nan
2024-08-08T15:25:20,84.060898,-39.928864,nan
2024-08-08T15:25:20,84.060791,-39.929321,nan
2024-08-08T15:25:19,84.060692,-39.929787,nan
2024-08-08T15:25:19,84.060585,-39.930256,nan
2024-08-08T15:25:18,84.060486,-39.930729,nan
2024-08-08T15:25:18,84.060387,-39.931210,nan
2024-08-08T15:25:17,84.060280,-39.931694,nan
2024-08-08T15:25:17,84.060181,-39.932186,nan
2024-08-08T15:25:16,84.060081,-39.932686,nan
2024-08-08T15:25:16,84.059975,-39.933186,nan
2024-08-08T15:25:15,84.059875,-39.933697,nan
2024-08-08T15:25:15,84.059776,-39.934216,nan
2024-08-08T15:25:14,84.059677,-39.934742,nan
2024-08-08T15:25:14,84.059578,-39.935272,nan
2024-08-08T15:25:13,84.059479,-39.935814,nan
2024-08-08T15:25:13,84.059380,-39.936356,nan
2024-08-08T15:25:12,84.059288,-39.936905,nan
2024-08-08T15:25:12,84.059196,-39.937450,nan
2024-08-08T15:25:11,84.059097,-39.938004,nan
2024-08-08T15:25:11,84.059006,-39.938560,nan
2024-08-08T15:25:10,84.058914,-39.939121,nan
2024-08-08T15:25:10,84.058823,-39.939682,nan
2024-08-08T15:25:09,84.058731,-39.940243,nan
2024-08-08T15:25:09,84.058647,-39.940807,nan
2024-08-08T15:25:08,84.058556,-39.941368,nan
2024-08-08T15:25:08,84.058464,-39.941929,nan
2024-08-08T15:25:07,84.058380,-39.942482,nan
2024-08-08T15:25:07,84.058296,-39.943031,nan
2024-08-08T15:25:06,84.058205,-39.943581,nan
2024-08-08T15:25:06,84.058121,-39.944130,nan
2024-08-08T15:25:05,84.058037,-39.944672,nan
2024-08-08T15:25:05,84.057945,-39.945206,nan
2024-08-08T15:25:04,84.057861,-39.945736,nan
2024-08-08T15:25:04,84.057777,-39.946262,nan
2024-08-08T15:25:03,84.057693,-39.946781,nan
2024-08-08T15:25:03,84.057602,-39.947296,nan
2024-08-08T15:25:02,84.057518,-39.947807,nan
2024-08-08T15:25:02,84.057426,-39.948311,nan
2024-08-08T15:25:01,84.057335,-39.948811,nan
2024-08-08T15:25:01,84.057243,-39.949306,nan
2024-08-08T15:25:00,84.057152,-39.949791,nan
2024-08-08T15:25:00,84.057060,-39.950268,nan
2024-08-08T15:24:59,84.056961,-39.950733,nan
2024-08-08T15:24:59,84.056862,-39.951191,nan
2024-08-08T15:24:58,84.056770,-39.951641,nan
2024-08-08T15:24:58,84.056671,-39.952091,nan
2024-08-08T15:24:57,84.056572,-39.952545,nan
2024-08-08T15:24:57,84.056473,-39.952999,nan
2024-08-08T15:24:56,84.056374,-39.953457,nan
2024-08-08T15:24:56,84.056274,-39.953918,nan
2024-08-08T15:24:55,84.056183,-39.954384,nan
2024-08-08T15:24:55,84.056084,-39.954857,nan
2024-08-08T15:24:54,84.055984,-39.955334,nan
2024-08-08T15:24:54,84.055893,-39.955818,nan
2024-08-08T15:24:53,84.055794,-39.956306,nan
2024-08-08T15:24:53,84.055702,-39.956795,nan
2024-08-08T15:24:52,84.055611,-39.957283,nan
2024-08-08T15:24:52,84.055519,-39.957764,nan
2024-08-08T15:24:51,84.055435,-39.958241,nan
2024-08-08T15:24:51,84.055344,-39.958710,nan
2024-08-08T15:24:50,84.055260,-39.959187,nan
2024-08-08T15:24:50,84.055176,-39.959663,nan
2024-08-08T15:24:49,84.055092,-39.960148,nan
2024-08-08T15:24:49,84.055008,-39.960636,nan
2024-08-08T15:24:48,84.054932,-39.961136,nan
2024-08-08T15:24:48,84.054848,-39.961639,nan
2024-08-08T15:24:47,84.054771,-39.962147,nan
2024-08-08T15:24:47,84.054688,-39.962662,nan
2024-08-08T15:24:46,84.054611,-39.963177,nan
2024-08-08T15:24:46,84.054535,-39.963692,nan
2024-08-08T15:24:45,84.054459,-39.964199,nan
2024-08-08T15:24:45,84.054382,-39.964710,nan
2024-08-08T15:24:44,84.054298,-39.965218,nan
2024-08-08T15:24:44,84.054230,-39.965717,nan
2024-08-08T15:24:43,84.054153,-39.966213,nan
2024-08-08T15:24:43,84.054077,-39.966702,nan
2024-08-08T15:24:42,84.054008,-39.967194,nan
2024-08-08T15:24:42,84.053932,-39.967682,nan
2024-08-08T15:24:41,84.053864,-39.968178,nan
2024-08-08T15:24:41,84.053795,-39.968678,nan
2024-08-08T15:24:40,84.053726,-39.969181,nan
2024-08-08T15:24:40,84.053658,-39.969685,nan
2024-08-08T15:24:39,84.053589,-39.970188,nan
2024-08-08T15:24:39,84.053520,-39.970680,nan
2024-08-08T15:24:38,84.053444,-39.971169,nan
2024-08-08T15:24:38,84.053375,-39.971653,nan
2024-08-08T15:24:37,84.053307,-39.972130,nan
2024-08-08T15:24:37,84.053238,-39.972607,nan
2024-08-08T15:24:36,84.053162,-39.973080,nan
2024-08-08T15:24:36,84.053093,-39.973553,nan
2024-08-08T15:24:35,84.053024,-39.974030,nan
2024-08-08T15:24:35,84.052956,-39.974503,nan
2024-08-08T15:24:34,84.052887,-39.974972,nan
2024-08-08T15:24:34,84.052818,-39.975433,nan
2024-08-08T15:24:33,84.052750,-39.975887,nan
2024-08-08T15:24:33,84.052681,-39.976334,nan
2024-08-08T15:24:32,84.052612,-39.976768,nan
2024-08-08T15:24:32,84.052536,-39.977192,nan
2024-08-08T15:24:31,84.052467,-39.977604,nan
2024-08-08T15:24:31,84.052399,-39.978016,nan
2024-08-08T15:24:30,84.052330,-39.978413,nan
2024-08-08T15:24:30,84.052254,-39.978813,nan
2024-08-08T15:24:29,84.052185,-39.979214,nan
2024-08-08T15:24:29,84.052116,-39.979622,nan
2024-08-08T15:24:28,84.052048,-39.980042,nan
2024-08-08T15:24:28,84.051979,-39.980473,nan
2024-08-08T15:24:27,84.051910,-39.980915,nan
2024-08-08T15:24:27,84.051842,-39.981369,nan
2024-08-08T15:24:26,84.051773,-39.981827,nan
2024-08-08T15:24:26,84.051712,-39.982292,nan
2024-08-08T15:24:25,84.051643,-39.982758,nan
2024-08-08T15:24:25,84.051582,-39.983215,nan
2024-08-08T15:24:24,84.051521,-39.983673,nan
2024-08-08T15:24:24,84.051460,-39.984123,nan
2024-08-08T15:24:23,84.051399,-39.984570,nan
2024-08-08T15:24:23,84.051338,-39.985020,nan
2024-08-08T15:24:22,84.051285,-39.985462,nan
2024-08-08T15:24:22,84.051231,-39.985905,nan
2024-08-08T15:24:21,84.051170,-39.986340,nan
2024-08-08T15:24:21,84.051117,-39.986763,nan
2024-08-08T15:24:20,84.051056,-39.987179,nan
2024-08-08T15:24:20,84.051003,-39.987579,nan
2024-08-08T15:24:19,84.050941,-39.987976,nan
2024-08-08T15:24:19,84.050888,-39.988358,nan
2024-08-08T15:24:18,84.050827,-39.988724,nan
2024-08-08T15:24:18,84.050766,-39.989086,nan
2024-08-08T15:24:17,84.050713,-39.989445,nan
2024-08-08T15:24:17,84.050652,-39.989796,nan
2024-08-08T15:24:16,84.050591,-39.990139,nan
2024-08-08T15:24:16,84.050537,-39.990482,nan
2024-08-08T15:24:15,84.050476,-39.990822,nan
2024-08-08T15:24:15,84.050423,-39.991154,nan
2024-08-08T15:24:14,84.050362,-39.991489,nan
2024-08-08T15:24:14,84.050301,-39.991821,nan
2024-08-08T15:24:13,84.050240,-39.992157,nan
2024-08-08T15:24:13,84.050186,-39.992493,nan
2024-08-08T15:24:12,84.050125,-39.992828,nan
2024-08-08T15:24:12,84.050064,-39.993172,nan
2024-08-08T15:24:11,84.050003,-39.993523,nan
2024-08-08T15:24:11,84.049942,-39.993889,nan
2024-08-08T15:24:10,84.049881,-39.994259,nan
2024-08-08T15:24:10,84.049828,-39.994644,nan
2024-08-08T15:24:09,84.049767,-39.995026,nan
2024-08-08T15:24:09,84.049706,-39.995415,nan
2024-08-08T15:24:08,84.049644,-39.995804,nan
2024-08-08T15:24:08,84.049583,-39.996189,nan
2024-08-08T15:24:07,84.049522,-39.996567,nan
2024-08-08T15:24:07,84.049454,-39.996941,nan
2024-08-08T15:24:06,84.049393,-39.997314,nan
2024-08-08T15:24:06,84.049332,-39.997700,nan
2024-08-08T15:24:05,84.049271,-39.998085,nan
2024-08-08T15:24:05,84.049210,-39.998482,nan
2024-08-08T15:24:04,84.049149,-39.998878,nan
2024-08-08T15:24:04,84.049088,-39.999279,nan
2024-08-08T15:24:03,84.049026,-39.999680,nan
2024-08-08T15:24:03,84.048965,-40.000072,nan
2024-08-08T15:24:02,84.048904,-40.000465,nan
2024-08-08T15:24:02,84.048843,-40.000858,nan
2024-08-08T15:24:01,84.048782,-40.001244,nan
2024-08-08T15:24:01,84.048721,-40.001625,nan
2024-08-08T15:24:00,84.048668,-40.001999,nan
2024-08-08T15:24:00,84.048607,-40.002373,nan
2024-08-08T15:23:59,84.048553,-40.002735,nan
2024-08-08T15:23:59,84.048492,-40.003098,nan
2024-08-08T15:23:58,84.048439,-40.003464,nan
2024-08-08T15:23:58,84.048378,-40.003834,nan
2024-08-08T15:23:57,84.048325,-40.004208,nan
2024-08-08T15:23:57,84.048271,-40.004585,nan
2024-08-08T15:23:56,84.048210,-40.004959,nan
2024-08-08T15:23:56,84.048157,-40.005341,nan
2024-08-08T15:23:55,84.048103,-40.005718,nan
2024-08-08T15:23:55,84.048050,-40.006088,nan
2024-08-08T15:23:54,84.047997,-40.006451,nan
2024-08-08T15:23:54,84.047935,-40.006805,nan
2024-08-08T15:23:53,84.047882,-40.007153,nan
2024-08-08T15:23:53,84.047829,-40.007484,nan
2024-08-08T15:23:52,84.047783,-40.007812,nan
2024-08-08T15:23:52,84.047729,-40.008133,nan
2024-08-08T15:23:51,84.047676,-40.008450,nan
2024-08-08T15:23:51,84.047623,-40.008762,nan
2024-08-08T15:23:50,84.047577,-40.009071,nan
2024-08-08T15:23:50,84.047523,-40.009384,nan
2024-08-08T15:23:49,84.047478,-40.009697,nan
2024-08-08T15:23:49,84.047424,-40.010006,nan
2024-08-08T15:23:48,84.047379,-40.010319,nan
2024-08-08T15:23:48,84.047325,-40.010639,nan
2024-08-08T15:23:47,84.047279,-40.010967,nan
2024-08-08T15:23:47,84.047226,-40.011299,nan
2024-08-08T15:23:46,84.047180,-40.011639,nan
2024-08-08T15:23:46,84.047127,-40.011982,nan
2024-08-08T15:23:45,84.047081,-40.012337,nan
2024-08-08T15:23:45,84.047035,-40.012680,nan
2024-08-08T15:23:44,84.046989,-40.013020,nan
2024-08-08T15:23:44,84.046944,-40.013351,nan
2024-08-08T15:23:43,84.046890,-40.013691,nan
2024-08-08T15:23:43,84.046844,-40.014027,nan
2024-08-08T15:23:42,84.046799,-40.014362,nan
2024-08-08T15:23:42,84.046753,-40.014694,nan
2024-08-08T15:23:41,84.046707,-40.015022,nan
2024-08-08T15:23:41,84.046661,-40.015347,nan
2024-08-08T15:23:40,84.046616,-40.015663,nan
2024-08-08T15:23:40,84.046570,-40.015972,nan
2024-08-08T15:23:39,84.046524,-40.016277,nan
2024-08-08T15:23:39,84.046478,-40.016567,nan
2024-08-08T15:23:38,84.046440,-40.016857,nan
2024-08-08T15:23:38,84.046394,-40.017132,nan
2024-08-08T15:23:37,84.046349,-40.017399,nan
2024-08-08T15:23:37,84.046303,-40.017666,nan
2024-08-08T15:23:36,84.046249,-40.017921,nan
2024-08-08T15:23:36,84.046204,-40.018177,nan
2024-08-08T15:23:35,84.046150,-40.018436,nan
2024-08-08T15:23:35,84.046104,-40.018688,nan
2024-08-08T15:23:34,84.046051,-40.018936,nan
2024-08-08T15:23:34,84.045998,-40.019184,nan
2024-08-08T15:23:33,84.045952,-40.019432,nan
2024-08-08T15:23:33,84.045898,-40.019680,nan
2024-08-08T15:23:32,84.045845,-40.019928,nan
2024-08-08T15:23:32,84.045792,-40.020176,nan
2024-08-08T15:23:31,84.045738,-40.020424,nan
2024-08-08T15:23:31,84.045685,-40.020676,nan
2024-08-08T15:23:30,84.045631,-40.020931,nan
2024-08-08T15:23:30,84.045578,-40.021191,nan
2024-08-08T15:23:29,84.045525,-40.021458,nan
2024-08-08T15:23:29,84.045471,-40.021729,nan
2024-08-08T15:23:28,84.045418,-40.022003,nan
2024-08-08T15:23:28,84.045357,-40.022278,nan
2024-08-08T15:23:27,84.045296,-40.022549,nan
2024-08-08T15:23:27,84.045235,-40.022793,nan
2024-08-08T15:23:26,84.045174,-40.023029,nan
2024-08-08T15:23:26,84.045113,-40.023273,nan
2024-08-08T15:23:25,84.045059,-40.023544,nan
2024-08-08T15:23:25,84.044991,-40.023827,nan
2024-08-08T15:23:24,84.044914,-40.024101,nan
2024-08-08T15:23:24,84.044846,-40.024368,nan
2024-08-08T15:23:23,84.044685,-40.024506,nan
2024-08-08T15:23:23,84.044365,-40.024639,nan
2024-08-08T15:23:22,84.044113,-40.024662,nan
2024-08-08T15:23:22,84.043884,-40.024292,nan
2024-08-08T15:23:21,84.043716,-40.024536,nan
2024-08-08T15:23:21,84.043617,-40.024658,nan
2024-08-08T15:23:20,84.043556,-40.024864,nan
2024-08-08T15:23:20,84.043571,-40.024868,nan
2024-08-08T15:23:19,84.043686,-40.025028,nan
2024-08-08T15:23:17,84.045113,-40.026726,nan
2024-08-08T15:23:17,84.045876,-40.027027,nan
2024-08-08T15:23:16,84.046669,-40.027035,nan
