datetime,lat,lon,elev
2024-08-09T14:52:34,80.698639,-101.990791,nan
2024-08-09T14:52:34,80.698669,-101.990746,nan
2024-08-09T14:52:33,80.698700,-101.990707,nan
2024-08-09T14:52:33,80.698730,-101.990662,nan
2024-08-09T14:52:32,80.698761,-101.990616,nan
2024-08-09T14:52:32,80.698792,-101.990570,nan
2024-08-09T14:52:31,80.698822,-101.990524,nan
2024-08-09T14:52:31,80.698853,-101.990486,nan
2024-08-09T14:52:30,80.698883,-101.990448,nan
2024-08-09T14:52:30,80.698914,-101.990410,nan
2024-08-09T14:52:29,80.698952,-101.990364,nan
2024-08-09T14:52:29,80.698982,-101.990326,nan
2024-08-09T14:52:28,80.699013,-101.990280,nan
2024-08-09T14:52:28,80.699051,-101.990234,nan
2024-08-09T14:52:27,80.699081,-101.990189,nan
2024-08-09T14:52:27,80.699120,-101.990150,nan
2024-08-09T14:52:26,80.699150,-101.990105,nan
2024-08-09T14:52:26,80.699181,-101.990059,nan
2024-08-09T14:52:25,80.699219,-101.990021,nan
2024-08-09T14:52:25,80.699249,-101.989983,nan
2024-08-09T14:52:24,80.699287,-101.989944,nan
2024-08-09T14:52:24,80.699318,-101.989906,nan
2024-08-09T14:52:23,80.699348,-101.989868,nan
2024-08-09T14:52:23,80.699379,-101.989838,nan
2024-08-09T14:52:22,80.699409,-101.989799,nan
2024-08-09T14:52:22,80.699448,-101.989761,nan
2024-08-09T14:52:21,80.699478,-101.989723,nan
2024-08-09T14:52:21,80.699509,-101.989685,nan
2024-08-09T14:52:20,80.699539,-101.989639,nan
2024-08-09T14:52:20,80.699577,-101.989601,nan
2024-08-09T14:52:19,80.699608,-101.989555,nan
2024-08-09T14:52:19,80.699638,-101.989510,nan
2024-08-09T14:52:18,80.699677,-101.989464,nan
2024-08-09T14:52:18,80.699707,-101.989418,nan
2024-08-09T14:52:17,80.699738,-101.989372,nan
2024-08-09T14:52:17,80.699768,-101.989319,nan
2024-08-09T14:52:16,80.699799,-101.989273,nan
2024-08-09T14:52:16,80.699829,-101.989227,nan
2024-08-09T14:52:15,80.699860,-101.989182,nan
2024-08-09T14:52:15,80.699890,-101.989136,nan
2024-08-09T14:52:14,80.699921,-101.989090,nan
2024-08-09T14:52:14,80.699951,-101.989044,nan
2024-08-09T14:52:13,80.699982,-101.988998,nan
2024-08-09T14:52:13,80.700012,-101.988945,nan
2024-08-09T14:52:12,80.700043,-101.988884,nan
2024-08-09T14:52:12,80.700073,-101.988823,nan
2024-08-09T14:52:11,80.700104,-101.988754,nan
2024-08-09T14:52:11,80.700134,-101.988693,nan
2024-08-09T14:52:10,80.700165,-101.988625,nan
2024-08-09T14:52:10,80.700195,-101.988548,nan
2024-08-09T14:52:09,80.700226,-101.988480,nan
2024-08-09T14:52:09,80.700256,-101.988411,nan
2024-08-09T14:52:08,80.700294,-101.988342,nan
2024-08-09T14:52:08,80.700325,-101.988274,nan
2024-08-09T14:52:07,80.700356,-101.988213,nan
2024-08-09T14:52:07,80.700386,-101.988144,nan
2024-08-09T14:52:06,80.700417,-101.988075,nan
2024-08-09T14:52:06,80.700447,-101.988014,nan
2024-08-09T14:52:05,80.700478,-101.987961,nan
2024-08-09T14:52:05,80.700508,-101.987900,nan
2024-08-09T14:52:04,80.700539,-101.987839,nan
2024-08-09T14:52:04,80.700569,-101.987778,nan
2024-08-09T14:52:03,80.700600,-101.987717,nan
2024-08-09T14:52:03,80.700638,-101.987656,nan
2024-08-09T14:52:02,80.700668,-101.987595,nan
2024-08-09T14:52:02,80.700699,-101.987526,nan
2024-08-09T14:52:01,80.700729,-101.987457,nan
2024-08-09T14:52:01,80.700768,-101.987389,nan
2024-08-09T14:52:00,80.700798,-101.987328,nan
2024-08-09T14:52:00,80.700829,-101.987259,nan
2024-08-09T14:51:59,80.700859,-101.987206,nan
2024-08-09T14:51:59,80.700897,-101.987144,nan
2024-08-09T14:51:58,80.700928,-101.987083,nan
2024-08-09T14:51:58,80.700958,-101.987015,nan
2024-08-09T14:51:57,80.700989,-101.986954,nan
2024-08-09T14:51:57,80.701019,-101.986893,nan
2024-08-09T14:51:56,80.701057,-101.986816,nan
2024-08-09T14:51:56,80.701088,-101.986748,nan
2024-08-09T14:51:55,80.701118,-101.986671,nan
2024-08-09T14:51:55,80.701149,-101.986595,nan
2024-08-09T14:51:54,80.701187,-101.986526,nan
2024-08-09T14:51:54,80.701218,-101.986450,nan
2024-08-09T14:51:53,80.701248,-101.986374,nan
2024-08-09T14:51:53,80.701279,-101.986305,nan
2024-08-09T14:51:52,80.701317,-101.986229,nan
2024-08-09T14:51:52,80.701347,-101.986153,nan
2024-08-09T14:51:51,80.701378,-101.986076,nan
2024-08-09T14:51:51,80.701408,-101.985992,nan
2024-08-09T14:51:50,80.701439,-101.985909,nan
2024-08-09T14:51:50,80.701469,-101.985817,nan
2024-08-09T14:51:49,80.701500,-101.985725,nan
2024-08-09T14:51:49,80.701530,-101.985634,nan
2024-08-09T14:51:48,80.701553,-101.985550,nan
2024-08-09T14:51:48,80.701584,-101.985458,nan
2024-08-09T14:51:47,80.701614,-101.985382,nan
2024-08-09T14:51:47,80.701637,-101.985306,nan
2024-08-09T14:51:46,80.701668,-101.985229,nan
2024-08-09T14:51:46,80.701691,-101.985153,nan
2024-08-09T14:51:45,80.701721,-101.985085,nan
2024-08-09T14:51:45,80.701744,-101.985008,nan
2024-08-09T14:51:44,80.701775,-101.984932,nan
2024-08-09T14:51:44,80.701797,-101.984863,nan
2024-08-09T14:51:43,80.701828,-101.984787,nan
2024-08-09T14:51:43,80.701851,-101.984718,nan
2024-08-09T14:51:42,80.701881,-101.984650,nan
2024-08-09T14:51:42,80.701904,-101.984581,nan
2024-08-09T14:51:41,80.701927,-101.984512,nan
2024-08-09T14:51:41,80.701958,-101.984444,nan
2024-08-09T14:51:40,80.701981,-101.984375,nan
2024-08-09T14:51:40,80.702003,-101.984314,nan
2024-08-09T14:51:39,80.702034,-101.984253,nan
2024-08-09T14:51:39,80.702057,-101.984184,nan
2024-08-09T14:51:38,80.702087,-101.984123,nan
2024-08-09T14:51:38,80.702110,-101.984055,nan
2024-08-09T14:51:37,80.702133,-101.983986,nan
2024-08-09T14:51:37,80.702156,-101.983910,nan
2024-08-09T14:51:36,80.702187,-101.983833,nan
2024-08-09T14:51:36,80.702209,-101.983757,nan
2024-08-09T14:51:35,80.702232,-101.983681,nan
2024-08-09T14:51:35,80.702263,-101.983597,nan
2024-08-09T14:51:34,80.702293,-101.983521,nan
2024-08-09T14:51:33,80.702354,-101.983368,nan
2024-08-09T14:51:33,80.702393,-101.983299,nan
2024-08-09T14:51:32,80.702423,-101.983231,nan
2024-08-09T14:51:32,80.702454,-101.983170,nan
2024-08-09T14:51:31,80.702484,-101.983109,nan
2024-08-09T14:51:31,80.702522,-101.983040,nan
2024-08-09T14:51:30,80.702553,-101.982979,nan
2024-08-09T14:51:30,80.702583,-101.982910,nan
2024-08-09T14:51:29,80.702614,-101.982841,nan
2024-08-09T14:51:29,80.702644,-101.982773,nan
2024-08-09T14:51:28,80.702682,-101.982704,nan
2024-08-09T14:51:28,80.702713,-101.982635,nan
2024-08-09T14:51:27,80.702744,-101.982567,nan
2024-08-09T14:51:27,80.702774,-101.982498,nan
2024-08-09T14:51:26,80.702805,-101.982430,nan
2024-08-09T14:51:26,80.702835,-101.982368,nan
2024-08-09T14:51:25,80.702866,-101.982300,nan
2024-08-09T14:51:25,80.702896,-101.982239,nan
2024-08-09T14:51:24,80.702927,-101.982170,nan
2024-08-09T14:51:23,80.702995,-101.982033,nan
2024-08-09T14:51:23,80.703026,-101.981964,nan
2024-08-09T14:51:22,80.703064,-101.981895,nan
2024-08-09T14:51:22,80.703094,-101.981827,nan
2024-08-09T14:51:21,80.703133,-101.981758,nan
2024-08-09T14:51:21,80.703163,-101.981689,nan
2024-08-09T14:51:20,80.703201,-101.981613,nan
2024-08-09T14:51:20,80.703232,-101.981544,nan
2024-08-09T14:51:19,80.703270,-101.981483,nan
2024-08-09T14:51:19,80.703308,-101.981422,nan
2024-08-09T14:51:18,80.703339,-101.981361,nan
2024-08-09T14:51:18,80.703377,-101.981308,nan
2024-08-09T14:51:17,80.703415,-101.981247,nan
2024-08-09T14:51:17,80.703445,-101.981194,nan
2024-08-09T14:51:16,80.703484,-101.981133,nan
2024-08-09T14:51:16,80.703522,-101.981079,nan
2024-08-09T14:51:15,80.703560,-101.981018,nan
2024-08-09T14:51:15,80.703590,-101.980965,nan
2024-08-09T14:51:14,80.703629,-101.980911,nan
2024-08-09T14:51:14,80.703667,-101.980850,nan
2024-08-09T14:51:13,80.703697,-101.980797,nan
2024-08-09T14:51:13,80.703735,-101.980736,nan
2024-08-09T14:51:12,80.703773,-101.980675,nan
2024-08-09T14:51:12,80.703812,-101.980621,nan
2024-08-09T14:51:11,80.703842,-101.980560,nan
2024-08-09T14:51:11,80.703880,-101.980507,nan
2024-08-09T14:51:10,80.703918,-101.980446,nan
2024-08-09T14:51:10,80.703949,-101.980392,nan
2024-08-09T14:51:09,80.703987,-101.980331,nan
2024-08-09T14:51:09,80.704025,-101.980278,nan
2024-08-09T14:51:08,80.704063,-101.980217,nan
2024-08-09T14:51:08,80.704102,-101.980148,nan
2024-08-09T14:51:07,80.704132,-101.980087,nan
2024-08-09T14:51:07,80.704170,-101.980019,nan
2024-08-09T14:51:06,80.704208,-101.979942,nan
2024-08-09T14:51:06,80.704239,-101.979874,nan
2024-08-09T14:51:05,80.704277,-101.979797,nan
2024-08-09T14:51:05,80.704308,-101.979721,nan
2024-08-09T14:51:04,80.704346,-101.979645,nan
2024-08-09T14:51:04,80.704376,-101.979568,nan
2024-08-09T14:51:03,80.704414,-101.979485,nan
2024-08-09T14:51:03,80.704453,-101.979408,nan
2024-08-09T14:51:02,80.704483,-101.979332,nan
2024-08-09T14:51:02,80.704521,-101.979256,nan
2024-08-09T14:51:01,80.704559,-101.979179,nan
2024-08-09T14:51:01,80.704597,-101.979111,nan
2024-08-09T14:51:00,80.704628,-101.979034,nan
2024-08-09T14:51:00,80.704666,-101.978966,nan
2024-08-09T14:50:59,80.704704,-101.978889,nan
2024-08-09T14:50:59,80.704742,-101.978813,nan
2024-08-09T14:50:58,80.704773,-101.978737,nan
2024-08-09T14:50:58,80.704811,-101.978661,nan
2024-08-09T14:50:57,80.704849,-101.978577,nan
2024-08-09T14:50:57,80.704887,-101.978500,nan
2024-08-09T14:50:56,80.704926,-101.978416,nan
2024-08-09T14:50:56,80.704956,-101.978325,nan
2024-08-09T14:50:55,80.704994,-101.978241,nan
2024-08-09T14:50:55,80.705032,-101.978149,nan
2024-08-09T14:50:54,80.705070,-101.978058,nan
2024-08-09T14:50:54,80.705109,-101.977959,nan
2024-08-09T14:50:53,80.705147,-101.977859,nan
2024-08-09T14:50:53,80.705185,-101.977768,nan
2024-08-09T14:50:52,80.705223,-101.977676,nan
2024-08-09T14:50:52,80.705261,-101.977577,nan
2024-08-09T14:50:51,80.705292,-101.977493,nan
2024-08-09T14:50:51,80.705330,-101.977402,nan
2024-08-09T14:50:50,80.705368,-101.977310,nan
2024-08-09T14:50:50,80.705406,-101.977219,nan
2024-08-09T14:50:49,80.705444,-101.977135,nan
2024-08-09T14:50:49,80.705482,-101.977043,nan
2024-08-09T14:50:48,80.705521,-101.976952,nan
2024-08-09T14:50:48,80.705559,-101.976860,nan
2024-08-09T14:50:47,80.705589,-101.976761,nan
2024-08-09T14:50:47,80.705627,-101.976662,nan
2024-08-09T14:50:46,80.705666,-101.976562,nan
2024-08-09T14:50:46,80.705704,-101.976463,nan
2024-08-09T14:50:45,80.705734,-101.976364,nan
2024-08-09T14:50:45,80.705772,-101.976265,nan
2024-08-09T14:50:44,80.705811,-101.976166,nan
2024-08-09T14:50:44,80.705841,-101.976074,nan
2024-08-09T14:50:43,80.705879,-101.975975,nan
2024-08-09T14:50:43,80.705910,-101.975883,nan
2024-08-09T14:50:42,80.705948,-101.975792,nan
2024-08-09T14:50:42,80.705978,-101.975700,nan
2024-08-09T14:50:41,80.706017,-101.975616,nan
2024-08-09T14:50:41,80.706055,-101.975525,nan
2024-08-09T14:50:40,80.706085,-101.975433,nan
2024-08-09T14:50:40,80.706123,-101.975342,nan
2024-08-09T14:50:39,80.706161,-101.975250,nan
2024-08-09T14:50:39,80.706200,-101.975151,nan
2024-08-09T14:50:38,80.706238,-101.975052,nan
2024-08-09T14:50:38,80.706268,-101.974953,nan
2024-08-09T14:50:37,80.706306,-101.974854,nan
2024-08-09T14:50:37,80.706345,-101.974754,nan
2024-08-09T14:50:36,80.706383,-101.974655,nan
2024-08-09T14:50:36,80.706421,-101.974548,nan
2024-08-09T14:50:35,80.706451,-101.974449,nan
2024-08-09T14:50:35,80.706490,-101.974350,nan
2024-08-09T14:50:34,80.706520,-101.974243,nan
2024-08-09T14:50:34,80.706558,-101.974144,nan
2024-08-09T14:50:33,80.706589,-101.974052,nan
2024-08-09T14:50:33,80.706627,-101.973953,nan
2024-08-09T14:50:32,80.706657,-101.973862,nan
2024-08-09T14:50:32,80.706696,-101.973770,nan
2024-08-09T14:50:31,80.706726,-101.973671,nan
2024-08-09T14:50:31,80.706764,-101.973579,nan
2024-08-09T14:50:30,80.706795,-101.973488,nan
2024-08-09T14:50:30,80.706833,-101.973396,nan
2024-08-09T14:50:29,80.706871,-101.973312,nan
2024-08-09T14:50:29,80.706909,-101.973221,nan
2024-08-09T14:50:28,80.706940,-101.973137,nan
2024-08-09T14:50:28,80.706978,-101.973053,nan
2024-08-09T14:50:27,80.707008,-101.972977,nan
2024-08-09T14:50:27,80.707047,-101.972900,nan
2024-08-09T14:50:26,80.707085,-101.972832,nan
2024-08-09T14:50:26,80.707123,-101.972763,nan
2024-08-09T14:50:25,80.707153,-101.972694,nan
2024-08-09T14:50:25,80.707191,-101.972626,nan
2024-08-09T14:50:24,80.707230,-101.972565,nan
2024-08-09T14:50:24,80.707260,-101.972504,nan
2024-08-09T14:50:23,80.707298,-101.972443,nan
2024-08-09T14:50:23,80.707329,-101.972382,nan
2024-08-09T14:50:22,80.707367,-101.972321,nan
2024-08-09T14:50:22,80.707405,-101.972260,nan
2024-08-09T14:50:21,80.707436,-101.972198,nan
2024-08-09T14:50:21,80.707474,-101.972137,nan
2024-08-09T14:50:20,80.707504,-101.972076,nan
2024-08-09T14:50:20,80.707542,-101.972023,nan
2024-08-09T14:50:19,80.707573,-101.971962,nan
2024-08-09T14:50:19,80.707611,-101.971901,nan
2024-08-09T14:50:18,80.707642,-101.971848,nan
2024-08-09T14:50:18,80.707672,-101.971786,nan
2024-08-09T14:50:17,80.707710,-101.971733,nan
2024-08-09T14:50:17,80.707741,-101.971680,nan
2024-08-09T14:50:16,80.707771,-101.971626,nan
2024-08-09T14:50:16,80.707802,-101.971573,nan
2024-08-09T14:50:15,80.707840,-101.971512,nan
2024-08-09T14:50:15,80.707870,-101.971451,nan
2024-08-09T14:50:14,80.707901,-101.971397,nan
2024-08-09T14:50:14,80.707932,-101.971329,nan
2024-08-09T14:50:13,80.707970,-101.971268,nan
2024-08-09T14:50:13,80.707993,-101.971207,nan
2024-08-09T14:50:12,80.708031,-101.971138,nan
2024-08-09T14:50:12,80.708054,-101.971069,nan
2024-08-09T14:50:11,80.708084,-101.971008,nan
2024-08-09T14:50:11,80.708115,-101.970940,nan
2024-08-09T14:50:10,80.708145,-101.970871,nan
2024-08-09T14:50:10,80.708176,-101.970810,nan
2024-08-09T14:50:09,80.708206,-101.970749,nan
2024-08-09T14:50:09,80.708237,-101.970688,nan
2024-08-09T14:50:08,80.708267,-101.970627,nan
2024-08-09T14:50:08,80.708298,-101.970573,nan
2024-08-09T14:50:07,80.708328,-101.970512,nan
2024-08-09T14:50:07,80.708359,-101.970451,nan
2024-08-09T14:50:06,80.708389,-101.970390,nan
2024-08-09T14:50:06,80.708420,-101.970322,nan
2024-08-09T14:50:05,80.708450,-101.970261,nan
2024-08-09T14:50:05,80.708481,-101.970200,nan
2024-08-09T14:50:04,80.708504,-101.970139,nan
2024-08-09T14:50:04,80.708534,-101.970078,nan
2024-08-09T14:50:03,80.708565,-101.970016,nan
2024-08-09T14:50:03,80.708588,-101.969963,nan
2024-08-09T14:50:02,80.708618,-101.969902,nan
2024-08-09T14:50:02,80.708641,-101.969849,nan
2024-08-09T14:50:01,80.708672,-101.969788,nan
2024-08-09T14:50:01,80.708702,-101.969719,nan
2024-08-09T14:50:00,80.708725,-101.969658,nan
2024-08-09T14:50:00,80.708755,-101.969582,nan
2024-08-09T14:49:59,80.708778,-101.969505,nan
2024-08-09T14:49:59,80.708809,-101.969429,nan
2024-08-09T14:49:58,80.708839,-101.969353,nan
2024-08-09T14:49:58,80.708862,-101.969269,nan
2024-08-09T14:49:57,80.708893,-101.969193,nan
2024-08-09T14:49:57,80.708923,-101.969109,nan
2024-08-09T14:49:56,80.708946,-101.969032,nan
2024-08-09T14:49:56,80.708977,-101.968948,nan
2024-08-09T14:49:55,80.709007,-101.968872,nan
2024-08-09T14:49:55,80.709030,-101.968796,nan
2024-08-09T14:49:54,80.709061,-101.968719,nan
2024-08-09T14:49:54,80.709091,-101.968651,nan
2024-08-09T14:49:53,80.709114,-101.968575,nan
2024-08-09T14:49:53,80.709145,-101.968506,nan
2024-08-09T14:49:52,80.709175,-101.968437,nan
2024-08-09T14:49:52,80.709198,-101.968369,nan
2024-08-09T14:49:51,80.709229,-101.968300,nan
2024-08-09T14:49:51,80.709259,-101.968224,nan
2024-08-09T14:49:50,80.709282,-101.968155,nan
2024-08-09T14:49:50,80.709312,-101.968079,nan
2024-08-09T14:49:49,80.709335,-101.968002,nan
2024-08-09T14:49:49,80.709366,-101.967934,nan
2024-08-09T14:49:48,80.709389,-101.967857,nan
2024-08-09T14:49:48,80.709419,-101.967789,nan
2024-08-09T14:49:47,80.709442,-101.967720,nan
2024-08-09T14:49:47,80.709473,-101.967659,nan
2024-08-09T14:49:46,80.709496,-101.967598,nan
2024-08-09T14:49:46,80.709518,-101.967537,nan
2024-08-09T14:49:45,80.709549,-101.967476,nan
2024-08-09T14:49:45,80.709572,-101.967415,nan
2024-08-09T14:49:44,80.709602,-101.967346,nan
2024-08-09T14:49:44,80.709625,-101.967285,nan
2024-08-09T14:49:43,80.709656,-101.967216,nan
2024-08-09T14:49:43,80.709679,-101.967148,nan
2024-08-09T14:49:42,80.709709,-101.967079,nan
2024-08-09T14:49:42,80.709732,-101.967010,nan
2024-08-09T14:49:41,80.709755,-101.966942,nan
2024-08-09T14:49:41,80.709778,-101.966873,nan
2024-08-09T14:49:40,80.709801,-101.966797,nan
2024-08-09T14:49:40,80.709831,-101.966721,nan
2024-08-09T14:49:39,80.709854,-101.966644,nan
2024-08-09T14:49:39,80.709877,-101.966568,nan
2024-08-09T14:49:38,80.709900,-101.966484,nan
2024-08-09T14:49:38,80.709923,-101.966393,nan
2024-08-09T14:49:37,80.709946,-101.966309,nan
2024-08-09T14:49:37,80.709969,-101.966209,nan
2024-08-09T14:49:36,80.709991,-101.966110,nan
2024-08-09T14:49:36,80.710007,-101.966011,nan
2024-08-09T14:49:35,80.710030,-101.965912,nan
2024-08-09T14:49:35,80.710052,-101.965813,nan
2024-08-09T14:49:34,80.710075,-101.965721,nan
2024-08-09T14:49:34,80.710091,-101.965614,nan
2024-08-09T14:49:33,80.710114,-101.965515,nan
2024-08-09T14:49:33,80.710136,-101.965416,nan
2024-08-09T14:49:32,80.710152,-101.965309,nan
2024-08-09T14:49:32,80.710175,-101.965202,nan
2024-08-09T14:49:31,80.710197,-101.965096,nan
2024-08-09T14:49:31,80.710213,-101.964989,nan
2024-08-09T14:49:30,80.710236,-101.964882,nan
2024-08-09T14:49:30,80.710258,-101.964775,nan
2024-08-09T14:49:29,80.710281,-101.964668,nan
2024-08-09T14:49:29,80.710304,-101.964554,nan
2024-08-09T14:49:28,80.710327,-101.964439,nan
2024-08-09T14:49:28,80.710350,-101.964317,nan
2024-08-09T14:49:27,80.710373,-101.964203,nan
2024-08-09T14:49:27,80.710396,-101.964073,nan
2024-08-09T14:49:26,80.710419,-101.963951,nan
2024-08-09T14:49:26,80.710442,-101.963829,nan
2024-08-09T14:49:25,80.710464,-101.963699,nan
2024-08-09T14:49:25,80.710487,-101.963577,nan
2024-08-09T14:49:24,80.710510,-101.963455,nan
2024-08-09T14:49:24,80.710533,-101.963341,nan
2024-08-09T14:49:23,80.710556,-101.963226,nan
2024-08-09T14:49:23,80.710579,-101.963120,nan
2024-08-09T14:49:22,80.710602,-101.963020,nan
2024-08-09T14:49:22,80.710625,-101.962929,nan
2024-08-09T14:49:21,80.710648,-101.962845,nan
2024-08-09T14:49:21,80.710678,-101.962761,nan
2024-08-09T14:49:20,80.710701,-101.962685,nan
2024-08-09T14:49:20,80.710724,-101.962608,nan
2024-08-09T14:49:19,80.710747,-101.962532,nan
2024-08-09T14:49:19,80.710770,-101.962463,nan
2024-08-09T14:49:18,80.710793,-101.962387,nan
2024-08-09T14:49:18,80.710815,-101.962318,nan
2024-08-09T14:49:17,80.710838,-101.962242,nan
2024-08-09T14:49:17,80.710861,-101.962173,nan
2024-08-09T14:49:16,80.710884,-101.962105,nan
2024-08-09T14:49:16,80.710907,-101.962036,nan
2024-08-09T14:49:15,80.710930,-101.961967,nan
2024-08-09T14:49:15,80.710953,-101.961899,nan
2024-08-09T14:49:14,80.710976,-101.961830,nan
2024-08-09T14:49:14,80.710999,-101.961761,nan
2024-08-09T14:49:13,80.711014,-101.961693,nan
2024-08-09T14:49:13,80.711037,-101.961624,nan
2024-08-09T14:49:12,80.711060,-101.961555,nan
2024-08-09T14:49:12,80.711082,-101.961487,nan
2024-08-09T14:49:11,80.711105,-101.961426,nan
2024-08-09T14:49:11,80.711128,-101.961357,nan
2024-08-09T14:49:10,80.711143,-101.961296,nan
2024-08-09T14:49:10,80.711166,-101.961235,nan
2024-08-09T14:49:09,80.711189,-101.961174,nan
2024-08-09T14:49:09,80.711212,-101.961113,nan
2024-08-09T14:49:08,80.711235,-101.961052,nan
2024-08-09T14:49:08,80.711258,-101.960991,nan
2024-08-09T14:49:07,80.711281,-101.960938,nan
2024-08-09T14:49:07,80.711304,-101.960876,nan
2024-08-09T14:49:06,80.711334,-101.960815,nan
2024-08-09T14:49:06,80.711357,-101.960762,nan
2024-08-09T14:49:05,80.711380,-101.960709,nan
2024-08-09T14:49:05,80.711403,-101.960663,nan
2024-08-09T14:49:04,80.711426,-101.960617,nan
2024-08-09T14:49:04,80.711449,-101.960571,nan
2024-08-09T14:49:03,80.711472,-101.960526,nan
2024-08-09T14:49:03,80.711494,-101.960480,nan
2024-08-09T14:49:02,80.711525,-101.960442,nan
2024-08-09T14:49:02,80.711548,-101.960403,nan
2024-08-09T14:49:01,80.711578,-101.960373,nan
2024-08-09T14:49:01,80.711601,-101.960342,nan
2024-08-09T14:49:00,80.711632,-101.960320,nan
2024-08-09T14:49:00,80.711655,-101.960304,nan
2024-08-09T14:48:59,80.711685,-101.960289,nan
2024-08-09T14:48:59,80.711708,-101.960289,nan
2024-08-09T14:48:58,80.711739,-101.960297,nan
2024-08-09T14:48:58,80.711761,-101.960320,nan
2024-08-09T14:48:57,80.711792,-101.960350,nan
2024-08-09T14:48:57,80.711823,-101.960381,nan
2024-08-09T14:48:56,80.711853,-101.960434,nan
2024-08-09T14:48:56,80.711876,-101.960487,nan
2024-08-09T14:48:55,80.711906,-101.960548,nan
2024-08-09T14:48:55,80.711937,-101.960617,nan
2024-08-09T14:48:54,80.711967,-101.960693,nan
2024-08-09T14:48:54,80.711998,-101.960762,nan
2024-08-09T14:48:53,80.712029,-101.960838,nan
2024-08-09T14:48:53,80.712051,-101.960915,nan
2024-08-09T14:48:52,80.712082,-101.960991,nan
2024-08-09T14:48:52,80.712112,-101.961082,nan
2024-08-09T14:48:51,80.712143,-101.961166,nan
2024-08-09T14:48:51,80.712173,-101.961258,nan
2024-08-09T14:48:50,80.712204,-101.961349,nan
2024-08-09T14:48:50,80.712234,-101.961441,nan
2024-08-09T14:48:49,80.712257,-101.961525,nan
2024-08-09T14:48:49,80.712288,-101.961617,nan
2024-08-09T14:48:48,80.712318,-101.961700,nan
2024-08-09T14:48:48,80.712349,-101.961784,nan
2024-08-09T14:48:47,80.712379,-101.961868,nan
2024-08-09T14:48:47,80.712402,-101.961952,nan
2024-08-09T14:48:46,80.712433,-101.962036,nan
2024-08-09T14:48:46,80.712463,-101.962120,nan
2024-08-09T14:48:45,80.712494,-101.962196,nan
2024-08-09T14:48:45,80.712524,-101.962280,nan
2024-08-09T14:48:44,80.712555,-101.962357,nan
2024-08-09T14:48:44,80.712578,-101.962433,nan
2024-08-09T14:48:43,80.712608,-101.962517,nan
2024-08-09T14:48:43,80.712639,-101.962593,nan
2024-08-09T14:48:42,80.712669,-101.962677,nan
2024-08-09T14:48:42,80.712692,-101.962761,nan
2024-08-09T14:48:41,80.712723,-101.962852,nan
2024-08-09T14:48:41,80.712753,-101.962944,nan
2024-08-09T14:48:40,80.712784,-101.963043,nan
2024-08-09T14:48:40,80.712814,-101.963158,nan
2024-08-09T14:48:39,80.712845,-101.963264,nan
2024-08-09T14:48:39,80.712875,-101.963387,nan
2024-08-09T14:48:38,80.712914,-101.963501,nan
2024-08-09T14:48:38,80.712944,-101.963623,nan
2024-08-09T14:48:37,80.712975,-101.963745,nan
2024-08-09T14:48:37,80.713005,-101.963860,nan
2024-08-09T14:48:36,80.713043,-101.963982,nan
2024-08-09T14:48:36,80.713074,-101.964104,nan
2024-08-09T14:48:35,80.713104,-101.964226,nan
2024-08-09T14:48:35,80.713135,-101.964348,nan
2024-08-09T14:48:34,80.713173,-101.964470,nan
2024-08-09T14:48:34,80.713203,-101.964592,nan
2024-08-09T14:48:33,80.713242,-101.964722,nan
2024-08-09T14:48:33,80.713272,-101.964859,nan
2024-08-09T14:48:32,80.713303,-101.964996,nan
2024-08-09T14:48:32,80.713341,-101.965141,nan
2024-08-09T14:48:31,80.713371,-101.965286,nan
2024-08-09T14:48:31,80.713409,-101.965431,nan
2024-08-09T14:48:30,80.713440,-101.965584,nan
2024-08-09T14:48:30,80.713478,-101.965736,nan
2024-08-09T14:48:29,80.713509,-101.965897,nan
2024-08-09T14:48:29,80.713547,-101.966064,nan
2024-08-09T14:48:28,80.713577,-101.966240,nan
2024-08-09T14:48:28,80.713615,-101.966423,nan
2024-08-09T14:48:27,80.713646,-101.966606,nan
2024-08-09T14:48:27,80.713684,-101.966797,nan
2024-08-09T14:48:26,80.713715,-101.966995,nan
2024-08-09T14:48:26,80.713753,-101.967186,nan
2024-08-09T14:48:25,80.713783,-101.967384,nan
2024-08-09T14:48:25,80.713821,-101.967583,nan
2024-08-09T14:48:24,80.713860,-101.967781,nan
2024-08-09T14:48:24,80.713898,-101.967979,nan
2024-08-09T14:48:23,80.713936,-101.968185,nan
2024-08-09T14:48:23,80.713966,-101.968384,nan
2024-08-09T14:48:22,80.714005,-101.968597,nan
2024-08-09T14:48:22,80.714043,-101.968803,nan
2024-08-09T14:48:21,80.714081,-101.969017,nan
2024-08-09T14:48:21,80.714119,-101.969231,nan
2024-08-09T14:48:20,80.714157,-101.969437,nan
2024-08-09T14:48:20,80.714195,-101.969650,nan
2024-08-09T14:48:19,80.714233,-101.969864,nan
2024-08-09T14:48:19,80.714272,-101.970085,nan
2024-08-09T14:48:18,80.714310,-101.970306,nan
2024-08-09T14:48:18,80.714340,-101.970528,nan
2024-08-09T14:48:17,80.714378,-101.970757,nan
2024-08-09T14:48:17,80.714417,-101.970978,nan
2024-08-09T14:48:16,80.714455,-101.971207,nan
2024-08-09T14:48:16,80.714500,-101.971436,nan
2024-08-09T14:48:15,80.714539,-101.971664,nan
2024-08-09T14:48:15,80.714577,-101.971893,nan
2024-08-09T14:48:14,80.714615,-101.972122,nan
2024-08-09T14:48:14,80.714653,-101.972351,nan
2024-08-09T14:48:13,80.714691,-101.972580,nan
2024-08-09T14:48:13,80.714722,-101.972816,nan
2024-08-09T14:48:12,80.714760,-101.973053,nan
2024-08-09T14:48:12,80.714798,-101.973297,nan
2024-08-09T14:48:11,80.714836,-101.973541,nan
2024-08-09T14:48:11,80.714874,-101.973785,nan
2024-08-09T14:48:10,80.714912,-101.974037,nan
2024-08-09T14:48:10,80.714951,-101.974281,nan
2024-08-09T14:48:09,80.714989,-101.974533,nan
2024-08-09T14:48:09,80.715019,-101.974785,nan
2024-08-09T14:48:08,80.715057,-101.975044,nan
2024-08-09T14:48:08,80.715096,-101.975304,nan
2024-08-09T14:48:07,80.715134,-101.975571,nan
2024-08-09T14:48:07,80.715172,-101.975830,nan
2024-08-09T14:48:06,80.715202,-101.976097,nan
2024-08-09T14:48:06,80.715240,-101.976364,nan
2024-08-09T14:48:05,80.715279,-101.976631,nan
2024-08-09T14:48:05,80.715317,-101.976898,nan
2024-08-09T14:48:04,80.715355,-101.977180,nan
2024-08-09T14:48:04,80.715393,-101.977463,nan
2024-08-09T14:48:03,80.715424,-101.977737,nan
2024-08-09T14:48:03,80.715462,-101.978027,nan
2024-08-09T14:48:02,80.715500,-101.978317,nan
2024-08-09T14:48:02,80.715538,-101.978600,nan
2024-08-09T14:48:01,80.715584,-101.978889,nan
2024-08-09T14:48:01,80.715622,-101.979172,nan
2024-08-09T14:48:00,80.715660,-101.979462,nan
2024-08-09T14:48:00,80.715698,-101.979744,nan
2024-08-09T14:47:59,80.715736,-101.980026,nan
2024-08-09T14:47:59,80.715775,-101.980309,nan
2024-08-09T14:47:58,80.715813,-101.980591,nan
2024-08-09T14:47:58,80.715851,-101.980881,nan
2024-08-09T14:47:57,80.715889,-101.981163,nan
2024-08-09T14:47:57,80.715935,-101.981453,nan
2024-08-09T14:47:56,80.715973,-101.981735,nan
2024-08-09T14:47:56,80.716011,-101.982025,nan
2024-08-09T14:47:55,80.716049,-101.982307,nan
2024-08-09T14:47:55,80.716087,-101.982582,nan
2024-08-09T14:47:54,80.716133,-101.982857,nan
2024-08-09T14:47:54,80.716171,-101.983131,nan
2024-08-09T14:47:53,80.716209,-101.983414,nan
2024-08-09T14:47:53,80.716248,-101.983688,nan
2024-08-09T14:47:52,80.716286,-101.983971,nan
2024-08-09T14:47:52,80.716324,-101.984261,nan
2024-08-09T14:47:51,80.716362,-101.984550,nan
2024-08-09T14:47:51,80.716400,-101.984840,nan
2024-08-09T14:47:50,80.716438,-101.985130,nan
2024-08-09T14:47:50,80.716476,-101.985420,nan
2024-08-09T14:47:49,80.716515,-101.985718,nan
2024-08-09T14:47:49,80.716553,-101.986015,nan
2024-08-09T14:47:48,80.716591,-101.986313,nan
2024-08-09T14:47:48,80.716629,-101.986610,nan
2024-08-09T14:47:47,80.716667,-101.986916,nan
2024-08-09T14:47:47,80.716705,-101.987213,nan
2024-08-09T14:47:46,80.716743,-101.987518,nan
2024-08-09T14:47:45,80.716850,-101.988426,nan
2024-08-09T14:47:44,80.716888,-101.988739,nan
2024-08-09T14:47:44,80.716927,-101.989052,nan
2024-08-09T14:47:43,80.716957,-101.989372,nan
2024-08-09T14:47:43,80.716995,-101.989700,nan
2024-08-09T14:47:42,80.717033,-101.990021,nan
2024-08-09T14:47:42,80.717064,-101.990341,nan
2024-08-09T14:47:41,80.717102,-101.990654,nan
2024-08-09T14:47:41,80.717133,-101.990974,nan
2024-08-09T14:47:40,80.717171,-101.991287,nan
2024-08-09T14:47:40,80.717209,-101.991592,nan
2024-08-09T14:47:39,80.717239,-101.991905,nan
2024-08-09T14:47:39,80.717278,-101.992218,nan
2024-08-09T14:47:38,80.717316,-101.992531,nan
2024-08-09T14:47:38,80.717346,-101.992844,nan
2024-08-09T14:47:37,80.717384,-101.993164,nan
2024-08-09T14:47:37,80.717422,-101.993477,nan
2024-08-09T14:47:36,80.717499,-101.994102,nan
2024-08-09T14:47:35,80.717529,-101.994415,nan
2024-08-09T14:47:35,80.717567,-101.994728,nan
2024-08-09T14:47:34,80.717606,-101.995049,nan
2024-08-09T14:47:34,80.717636,-101.995369,nan
2024-08-09T14:47:33,80.717674,-101.995689,nan
2024-08-09T14:47:33,80.717712,-101.996010,nan
2024-08-09T14:47:32,80.717743,-101.996330,nan
2024-08-09T14:47:32,80.717781,-101.996651,nan
2024-08-09T14:47:31,80.717819,-101.996964,nan
2024-08-09T14:47:31,80.717850,-101.997276,nan
2024-08-09T14:47:30,80.717888,-101.997589,nan
2024-08-09T14:47:30,80.717926,-101.997910,nan
2024-08-09T14:47:29,80.717964,-101.998222,nan
2024-08-09T14:47:29,80.717995,-101.998535,nan
2024-08-09T14:47:28,80.718033,-101.998856,nan
2024-08-09T14:47:28,80.718071,-101.999176,nan
2024-08-09T14:47:27,80.718109,-101.999489,nan
2024-08-09T14:47:27,80.718147,-101.999802,nan
2024-08-09T14:47:26,80.718185,-102.000114,nan
2024-08-09T14:47:26,80.718224,-102.000427,nan
2024-08-09T14:47:25,80.718262,-102.000740,nan
2024-08-09T14:47:25,80.718300,-102.001053,nan
2024-08-09T14:47:24,80.718338,-102.001366,nan
2024-08-09T14:47:24,80.718376,-102.001671,nan
2024-08-09T14:47:23,80.718414,-102.001976,nan
2024-08-09T14:47:23,80.718452,-102.002281,nan
2024-08-09T14:47:22,80.718498,-102.002586,nan
2024-08-09T14:47:22,80.718536,-102.002892,nan
2024-08-09T14:47:21,80.718575,-102.003197,nan
2024-08-09T14:47:21,80.718613,-102.003502,nan
2024-08-09T14:47:20,80.718651,-102.003807,nan
2024-08-09T14:47:20,80.718689,-102.004120,nan
2024-08-09T14:47:19,80.718727,-102.004433,nan
2024-08-09T14:47:19,80.718765,-102.004753,nan
2024-08-09T14:47:18,80.718803,-102.005066,nan
2024-08-09T14:47:18,80.718849,-102.005386,nan
2024-08-09T14:47:17,80.718887,-102.005707,nan
2024-08-09T14:47:17,80.718925,-102.006042,nan
2024-08-09T14:47:16,80.718964,-102.006371,nan
2024-08-09T14:47:16,80.719002,-102.006714,nan
2024-08-09T14:47:15,80.719040,-102.007057,nan
2024-08-09T14:47:15,80.719070,-102.007408,nan
2024-08-09T14:47:14,80.719109,-102.007751,nan
2024-08-09T14:47:14,80.719147,-102.008102,nan
2024-08-09T14:47:13,80.719185,-102.008453,nan
2024-08-09T14:47:13,80.719223,-102.008804,nan
2024-08-09T14:47:12,80.719254,-102.009155,nan
2024-08-09T14:47:12,80.719292,-102.009521,nan
2024-08-09T14:47:11,80.719330,-102.009880,nan
2024-08-09T14:47:11,80.719360,-102.010246,nan
2024-08-09T14:47:10,80.719398,-102.010612,nan
2024-08-09T14:47:10,80.719437,-102.010986,nan
2024-08-09T14:47:09,80.719475,-102.011360,nan
2024-08-09T14:47:09,80.719505,-102.011742,nan
2024-08-09T14:47:08,80.719543,-102.012115,nan
2024-08-09T14:47:08,80.719582,-102.012497,nan
2024-08-09T14:47:07,80.719612,-102.012878,nan
2024-08-09T14:47:07,80.719650,-102.013252,nan
2024-08-09T14:47:06,80.719688,-102.013626,nan
2024-08-09T14:47:06,80.719719,-102.014008,nan
2024-08-09T14:47:05,80.719757,-102.014389,nan
2024-08-09T14:47:05,80.719788,-102.014771,nan
2024-08-09T14:47:04,80.719826,-102.015152,nan
2024-08-09T14:47:04,80.719856,-102.015533,nan
2024-08-09T14:47:03,80.719894,-102.015915,nan
2024-08-09T14:47:03,80.719933,-102.016296,nan
2024-08-09T14:47:02,80.719963,-102.016678,nan
2024-08-09T14:47:02,80.720001,-102.017059,nan
2024-08-09T14:47:01,80.720032,-102.017441,nan
2024-08-09T14:47:01,80.720070,-102.017830,nan
2024-08-09T14:47:00,80.720100,-102.018219,nan
2024-08-09T14:47:00,80.720139,-102.018608,nan
2024-08-09T14:46:59,80.720177,-102.019005,nan
2024-08-09T14:46:59,80.720207,-102.019394,nan
2024-08-09T14:46:58,80.720238,-102.019791,nan
2024-08-09T14:46:58,80.720276,-102.020187,nan
2024-08-09T14:46:57,80.720306,-102.020584,nan
2024-08-09T14:46:57,80.720345,-102.020988,nan
2024-08-09T14:46:56,80.720375,-102.021385,nan
2024-08-09T14:46:55,80.720444,-102.022179,nan
2024-08-09T14:46:55,80.720474,-102.022575,nan
2024-08-09T14:46:54,80.720512,-102.022972,nan
2024-08-09T14:46:54,80.720551,-102.023361,nan
2024-08-09T14:46:53,80.720581,-102.023758,nan
2024-08-09T14:46:53,80.720619,-102.024155,nan
2024-08-09T14:46:52,80.720657,-102.024551,nan
2024-08-09T14:46:52,80.720695,-102.024956,nan
2024-08-09T14:46:51,80.720734,-102.025352,nan
2024-08-09T14:46:51,80.720772,-102.025749,nan
2024-08-09T14:46:50,80.720810,-102.026146,nan
2024-08-09T14:46:50,80.720848,-102.026543,nan
2024-08-09T14:46:49,80.720886,-102.026939,nan
2024-08-09T14:46:49,80.720924,-102.027344,nan
2024-08-09T14:46:48,80.720963,-102.027748,nan
2024-08-09T14:46:48,80.721001,-102.028152,nan
2024-08-09T14:46:47,80.721039,-102.028557,nan
2024-08-09T14:46:47,80.721077,-102.028969,nan
2024-08-09T14:46:46,80.721115,-102.029373,nan
2024-08-09T14:46:46,80.721153,-102.029785,nan
2024-08-09T14:46:45,80.721199,-102.030197,nan
2024-08-09T14:46:45,80.721237,-102.030617,nan
2024-08-09T14:46:44,80.721275,-102.031036,nan
2024-08-09T14:46:44,80.721321,-102.031456,nan
2024-08-09T14:46:43,80.721359,-102.031883,nan
2024-08-09T14:46:43,80.721397,-102.032303,nan
2024-08-09T14:46:42,80.721443,-102.032730,nan
2024-08-09T14:46:42,80.721481,-102.033150,nan
2024-08-09T14:46:41,80.721527,-102.033585,nan
2024-08-09T14:46:41,80.721565,-102.034012,nan
2024-08-09T14:46:40,80.721611,-102.034439,nan
2024-08-09T14:46:40,80.721649,-102.034866,nan
2024-08-09T14:46:39,80.721695,-102.035294,nan
2024-08-09T14:46:39,80.721733,-102.035721,nan
2024-08-09T14:46:38,80.721771,-102.036148,nan
2024-08-09T14:46:38,80.721817,-102.036575,nan
2024-08-09T14:46:37,80.721855,-102.036995,nan
2024-08-09T14:46:37,80.721901,-102.037422,nan
2024-08-09T14:46:36,80.721939,-102.037842,nan
2024-08-09T14:46:36,80.721977,-102.038261,nan
2024-08-09T14:46:35,80.722023,-102.038689,nan
2024-08-09T14:46:35,80.722061,-102.039108,nan
2024-08-09T14:46:34,80.722099,-102.039536,nan
2024-08-09T14:46:34,80.722137,-102.039963,nan
2024-08-09T14:46:33,80.722183,-102.040398,nan
2024-08-09T14:46:33,80.722221,-102.040833,nan
2024-08-09T14:46:32,80.722260,-102.041267,nan
2024-08-09T14:46:32,80.722298,-102.041702,nan
2024-08-09T14:46:31,80.722336,-102.042145,nan
2024-08-09T14:46:31,80.722374,-102.042587,nan
2024-08-09T14:46:30,80.722420,-102.043030,nan
2024-08-09T14:46:30,80.722458,-102.043480,nan
2024-08-09T14:46:29,80.722496,-102.043922,nan
2024-08-09T14:46:29,80.722534,-102.044365,nan
2024-08-09T14:46:28,80.722572,-102.044807,nan
2024-08-09T14:46:28,80.722618,-102.045250,nan
2024-08-09T14:46:27,80.722656,-102.045692,nan
2024-08-09T14:46:27,80.722694,-102.046143,nan
2024-08-09T14:46:26,80.722733,-102.046585,nan
2024-08-09T14:46:26,80.722778,-102.047020,nan
2024-08-09T14:46:25,80.722816,-102.047462,nan
2024-08-09T14:46:25,80.722855,-102.047897,nan
2024-08-09T14:46:24,80.722900,-102.048332,nan
2024-08-09T14:46:24,80.722939,-102.048767,nan
2024-08-09T14:46:23,80.722977,-102.049210,nan
2024-08-09T14:46:23,80.723022,-102.049644,nan
2024-08-09T14:46:22,80.723061,-102.050079,nan
2024-08-09T14:46:22,80.723106,-102.050514,nan
2024-08-09T14:46:21,80.723145,-102.050941,nan
2024-08-09T14:46:21,80.723190,-102.051376,nan
2024-08-09T14:46:20,80.723228,-102.051819,nan
2024-08-09T14:46:20,80.723274,-102.052254,nan
2024-08-09T14:46:19,80.723312,-102.052689,nan
2024-08-09T14:46:19,80.723351,-102.053123,nan
2024-08-09T14:46:18,80.723396,-102.053558,nan
2024-08-09T14:46:18,80.723434,-102.053993,nan
2024-08-09T14:46:17,80.723480,-102.054428,nan
2024-08-09T14:46:17,80.723518,-102.054871,nan
2024-08-09T14:46:16,80.723557,-102.055305,nan
2024-08-09T14:46:16,80.723602,-102.055748,nan
2024-08-09T14:46:15,80.723640,-102.056190,nan
2024-08-09T14:46:15,80.723686,-102.056633,nan
2024-08-09T14:46:14,80.723724,-102.057076,nan
2024-08-09T14:46:14,80.723763,-102.057526,nan
2024-08-09T14:46:13,80.723808,-102.057976,nan
2024-08-09T14:46:13,80.723846,-102.058426,nan
2024-08-09T14:46:12,80.723892,-102.058891,nan
2024-08-09T14:46:12,80.723930,-102.059349,nan
2024-08-09T14:46:11,80.723969,-102.059814,nan
2024-08-09T14:46:11,80.724014,-102.060287,nan
2024-08-09T14:46:10,80.724052,-102.060760,nan
2024-08-09T14:46:10,80.724098,-102.061234,nan
2024-08-09T14:46:09,80.724136,-102.061707,nan
2024-08-09T14:46:09,80.724182,-102.062187,nan
2024-08-09T14:46:08,80.724228,-102.062675,nan
2024-08-09T14:46:08,80.724274,-102.063156,nan
2024-08-09T14:46:07,80.724312,-102.063637,nan
2024-08-09T14:46:07,80.724358,-102.064125,nan
2024-08-09T14:46:06,80.724403,-102.064606,nan
2024-08-09T14:46:06,80.724442,-102.065086,nan
2024-08-09T14:46:05,80.724487,-102.065575,nan
2024-08-09T14:46:05,80.724533,-102.066063,nan
2024-08-09T14:46:04,80.724579,-102.066551,nan
2024-08-09T14:46:04,80.724625,-102.067039,nan
2024-08-09T14:46:03,80.724663,-102.067528,nan
2024-08-09T14:46:03,80.724709,-102.068024,nan
2024-08-09T14:46:02,80.724754,-102.068527,nan
2024-08-09T14:46:02,80.724800,-102.069031,nan
2024-08-09T14:46:01,80.724846,-102.069534,nan
2024-08-09T14:46:01,80.724892,-102.070038,nan
2024-08-09T14:46:00,80.724937,-102.070557,nan
2024-08-09T14:46:00,80.724983,-102.071068,nan
2024-08-09T14:45:59,80.725021,-102.071587,nan
2024-08-09T14:45:59,80.725067,-102.072113,nan
2024-08-09T14:45:58,80.725113,-102.072639,nan
2024-08-09T14:45:58,80.725159,-102.073166,nan
2024-08-09T14:45:57,80.725204,-102.073700,nan
2024-08-09T14:45:57,80.725250,-102.074234,nan
2024-08-09T14:45:56,80.725304,-102.074760,nan
2024-08-09T14:45:56,80.725349,-102.075302,nan
2024-08-09T14:45:55,80.725395,-102.075836,nan
2024-08-09T14:45:55,80.725441,-102.076378,nan
2024-08-09T14:45:54,80.725540,-102.077461,nan
2024-08-09T14:45:53,80.725586,-102.077995,nan
2024-08-09T14:45:53,80.725632,-102.078537,nan
2024-08-09T14:45:52,80.725685,-102.079079,nan
2024-08-09T14:45:52,80.725731,-102.079628,nan
2024-08-09T14:45:51,80.725777,-102.080177,nan
2024-08-09T14:45:51,80.725822,-102.080734,nan
2024-08-09T14:45:50,80.725868,-102.081284,nan
2024-08-09T14:45:50,80.725922,-102.081848,nan
2024-08-09T14:45:49,80.725967,-102.082413,nan
2024-08-09T14:45:49,80.726013,-102.082977,nan
2024-08-09T14:45:48,80.726059,-102.083542,nan
2024-08-09T14:45:48,80.726105,-102.084106,nan
2024-08-09T14:45:47,80.726151,-102.084679,nan
2024-08-09T14:45:47,80.726196,-102.085243,nan
2024-08-09T14:45:46,80.726242,-102.085808,nan
2024-08-09T14:45:46,80.726288,-102.086372,nan
2024-08-09T14:45:45,80.726334,-102.086945,nan
2024-08-09T14:45:45,80.726379,-102.087509,nan
2024-08-09T14:45:44,80.726433,-102.088066,nan
2024-08-09T14:45:44,80.726479,-102.088631,nan
2024-08-09T14:45:43,80.726524,-102.089195,nan
2024-08-09T14:45:43,80.726570,-102.089752,nan
2024-08-09T14:45:42,80.726624,-102.090324,nan
2024-08-09T14:45:42,80.726669,-102.090889,nan
2024-08-09T14:45:41,80.726715,-102.091454,nan
2024-08-09T14:45:41,80.726768,-102.092010,nan
2024-08-09T14:45:40,80.726814,-102.092575,nan
2024-08-09T14:45:40,80.726860,-102.093140,nan
2024-08-09T14:45:39,80.726913,-102.093712,nan
2024-08-09T14:45:39,80.726959,-102.094284,nan
2024-08-09T14:45:38,80.727005,-102.094856,nan
2024-08-09T14:45:38,80.727058,-102.095436,nan
2024-08-09T14:45:37,80.727104,-102.096016,nan
2024-08-09T14:45:37,80.727158,-102.096596,nan
2024-08-09T14:45:36,80.727211,-102.097168,nan
2024-08-09T14:45:36,80.727257,-102.097748,nan
2024-08-09T14:45:35,80.727310,-102.098328,nan
2024-08-09T14:45:35,80.727364,-102.098915,nan
2024-08-09T14:45:34,80.727409,-102.099495,nan
2024-08-09T14:45:34,80.727463,-102.100082,nan
2024-08-09T14:45:33,80.727516,-102.100662,nan
2024-08-09T14:45:33,80.727570,-102.101250,nan
2024-08-09T14:45:32,80.727615,-102.101830,nan
2024-08-09T14:45:32,80.727669,-102.102417,nan
2024-08-09T14:45:31,80.727722,-102.103012,nan
2024-08-09T14:45:31,80.727768,-102.103600,nan
2024-08-09T14:45:30,80.727821,-102.104187,nan
2024-08-09T14:45:30,80.727875,-102.104782,nan
2024-08-09T14:45:29,80.727928,-102.105370,nan
2024-08-09T14:45:29,80.727974,-102.105965,nan
2024-08-09T14:45:28,80.728027,-102.106560,nan
2024-08-09T14:45:28,80.728081,-102.107162,nan
2024-08-09T14:45:27,80.728134,-102.107758,nan
2024-08-09T14:45:27,80.728188,-102.108360,nan
2024-08-09T14:45:26,80.728233,-102.108955,nan
2024-08-09T14:45:26,80.728287,-102.109550,nan
2024-08-09T14:45:25,80.728340,-102.110153,nan
2024-08-09T14:45:25,80.728394,-102.110748,nan
2024-08-09T14:45:24,80.728439,-102.111351,nan
2024-08-09T14:45:24,80.728493,-102.111954,nan
2024-08-09T14:45:23,80.728546,-102.112549,nan
2024-08-09T14:45:23,80.728600,-102.113152,nan
2024-08-09T14:45:22,80.728645,-102.113754,nan
2024-08-09T14:45:22,80.728699,-102.114357,nan
2024-08-09T14:45:21,80.728752,-102.114967,nan
2024-08-09T14:45:21,80.728806,-102.115578,nan
2024-08-09T14:45:20,80.728859,-102.116196,nan
2024-08-09T14:45:20,80.728912,-102.116806,nan
2024-08-09T14:45:19,80.728966,-102.117424,nan
2024-08-09T14:45:19,80.729012,-102.118050,nan
2024-08-09T14:45:18,80.729065,-102.118675,nan
2024-08-09T14:45:18,80.729118,-102.119308,nan
2024-08-09T14:45:17,80.729172,-102.119934,nan
2024-08-09T14:45:17,80.729233,-102.120567,nan
2024-08-09T14:45:16,80.729286,-102.121201,nan
2024-08-09T14:45:16,80.729340,-102.121834,nan
2024-08-09T14:45:15,80.729393,-102.122467,nan
2024-08-09T14:45:15,80.729454,-102.123108,nan
2024-08-09T14:45:14,80.729507,-102.123749,nan
2024-08-09T14:45:14,80.729568,-102.124390,nan
2024-08-09T14:45:13,80.729622,-102.125031,nan
2024-08-09T14:45:13,80.729683,-102.125679,nan
2024-08-09T14:45:12,80.729744,-102.126328,nan
2024-08-09T14:45:12,80.729797,-102.126976,nan
2024-08-09T14:45:11,80.729858,-102.127632,nan
2024-08-09T14:45:11,80.729919,-102.128296,nan
2024-08-09T14:45:10,80.729980,-102.128960,nan
2024-08-09T14:45:10,80.730042,-102.129623,nan
2024-08-09T14:45:09,80.730103,-102.130287,nan
2024-08-09T14:45:09,80.730156,-102.130959,nan
2024-08-09T14:45:08,80.730217,-102.131630,nan
2024-08-09T14:45:08,80.730278,-102.132301,nan
2024-08-09T14:45:07,80.730339,-102.132980,nan
2024-08-09T14:45:07,80.730400,-102.133659,nan
2024-08-09T14:45:06,80.730461,-102.134338,nan
2024-08-09T14:45:06,80.730522,-102.135017,nan
2024-08-09T14:45:05,80.730583,-102.135696,nan
2024-08-09T14:45:05,80.730644,-102.136383,nan
2024-08-09T14:45:04,80.730705,-102.137070,nan
2024-08-09T14:45:04,80.730766,-102.137764,nan
2024-08-09T14:45:03,80.730827,-102.138451,nan
2024-08-09T14:45:03,80.730896,-102.139145,nan
2024-08-09T14:45:02,80.730957,-102.139839,nan
2024-08-09T14:45:02,80.731018,-102.140541,nan
2024-08-09T14:45:01,80.731079,-102.141235,nan
2024-08-09T14:45:01,80.731148,-102.141937,nan
2024-08-09T14:45:00,80.731209,-102.142647,nan
2024-08-09T14:45:00,80.731270,-102.143349,nan
2024-08-09T14:44:59,80.731331,-102.144051,nan
2024-08-09T14:44:59,80.731400,-102.144760,nan
2024-08-09T14:44:58,80.731461,-102.145470,nan
2024-08-09T14:44:58,80.731522,-102.146179,nan
2024-08-09T14:44:57,80.731590,-102.146889,nan
2024-08-09T14:44:57,80.731651,-102.147606,nan
2024-08-09T14:44:56,80.731712,-102.148315,nan
2024-08-09T14:44:56,80.731781,-102.149033,nan
2024-08-09T14:44:55,80.731842,-102.149750,nan
2024-08-09T14:44:55,80.731903,-102.150467,nan
2024-08-09T14:44:54,80.731972,-102.151184,nan
2024-08-09T14:44:54,80.732033,-102.151901,nan
2024-08-09T14:44:53,80.732101,-102.152618,nan
2024-08-09T14:44:53,80.732162,-102.153343,nan
2024-08-09T14:44:52,80.732231,-102.154060,nan
2024-08-09T14:44:52,80.732300,-102.154793,nan
2024-08-09T14:44:51,80.732361,-102.155518,nan
2024-08-09T14:44:51,80.732430,-102.156250,nan
2024-08-09T14:44:50,80.732491,-102.156975,nan
2024-08-09T14:44:50,80.732552,-102.157700,nan
2024-08-09T14:44:49,80.732620,-102.158432,nan
2024-08-09T14:44:49,80.732681,-102.159164,nan
2024-08-09T14:44:48,80.732750,-102.159897,nan
2024-08-09T14:44:48,80.732811,-102.160629,nan
2024-08-09T14:44:47,80.732880,-102.161369,nan
2024-08-09T14:44:47,80.732941,-102.162102,nan
2024-08-09T14:44:46,80.733002,-102.162842,nan
2024-08-09T14:44:46,80.733070,-102.163574,nan
2024-08-09T14:44:45,80.733139,-102.164314,nan
2024-08-09T14:44:45,80.733200,-102.165054,nan
2024-08-09T14:44:44,80.733269,-102.165802,nan
2024-08-09T14:44:44,80.733330,-102.166542,nan
2024-08-09T14:44:43,80.733398,-102.167282,nan
2024-08-09T14:44:43,80.733459,-102.168022,nan
2024-08-09T14:44:42,80.733528,-102.168770,nan
2024-08-09T14:44:42,80.733589,-102.169518,nan
2024-08-09T14:44:41,80.733658,-102.170265,nan
2024-08-09T14:44:41,80.733719,-102.171021,nan
2024-08-09T14:44:40,80.733780,-102.171768,nan
2024-08-09T14:44:40,80.733849,-102.172523,nan
2024-08-09T14:44:39,80.733910,-102.173279,nan
2024-08-09T14:44:39,80.733971,-102.174034,nan
2024-08-09T14:44:38,80.734032,-102.174789,nan
2024-08-09T14:44:38,80.734100,-102.175552,nan
2024-08-09T14:44:37,80.734161,-102.176315,nan
2024-08-09T14:44:37,80.734222,-102.177078,nan
2024-08-09T14:44:36,80.734291,-102.177849,nan
2024-08-09T14:44:36,80.734352,-102.178612,nan
2024-08-09T14:44:35,80.734413,-102.179382,nan
2024-08-09T14:44:35,80.734482,-102.180153,nan
2024-08-09T14:44:34,80.734543,-102.180923,nan
2024-08-09T14:44:34,80.734612,-102.181702,nan
2024-08-09T14:44:33,80.734673,-102.182472,nan
2024-08-09T14:44:33,80.734741,-102.183243,nan
2024-08-09T14:44:32,80.734810,-102.184021,nan
2024-08-09T14:44:32,80.734871,-102.184792,nan
2024-08-09T14:44:31,80.734940,-102.185570,nan
2024-08-09T14:44:31,80.735008,-102.186340,nan
2024-08-09T14:44:30,80.735069,-102.187111,nan
2024-08-09T14:44:30,80.735138,-102.187889,nan
2024-08-09T14:44:29,80.735207,-102.188667,nan
2024-08-09T14:44:29,80.735275,-102.189445,nan
2024-08-09T14:44:28,80.735344,-102.190231,nan
2024-08-09T14:44:28,80.735413,-102.191010,nan
2024-08-09T14:44:27,80.735481,-102.191788,nan
2024-08-09T14:44:27,80.735550,-102.192574,nan
2024-08-09T14:44:26,80.735619,-102.193359,nan
2024-08-09T14:44:26,80.735687,-102.194145,nan
2024-08-09T14:44:25,80.735764,-102.194939,nan
2024-08-09T14:44:25,80.735832,-102.195732,nan
2024-08-09T14:44:24,80.735901,-102.196518,nan
2024-08-09T14:44:24,80.735970,-102.197311,nan
2024-08-09T14:44:23,80.736038,-102.198105,nan
2024-08-09T14:44:23,80.736115,-102.198898,nan
2024-08-09T14:44:22,80.736183,-102.199699,nan
2024-08-09T14:44:22,80.736252,-102.200500,nan
2024-08-09T14:44:21,80.736328,-102.201309,nan
2024-08-09T14:44:21,80.736397,-102.202118,nan
2024-08-09T14:44:20,80.736473,-102.202934,nan
2024-08-09T14:44:20,80.736542,-102.203751,nan
2024-08-09T14:44:19,80.736610,-102.204575,nan
2024-08-09T14:44:19,80.736679,-102.205391,nan
2024-08-09T14:44:18,80.736748,-102.206215,nan
2024-08-09T14:44:18,80.736824,-102.207039,nan
2024-08-09T14:44:17,80.736893,-102.207863,nan
2024-08-09T14:44:17,80.736961,-102.208687,nan
2024-08-09T14:44:16,80.737030,-102.209511,nan
2024-08-09T14:44:16,80.737099,-102.210342,nan
2024-08-09T14:44:15,80.737167,-102.211166,nan
2024-08-09T14:44:15,80.737228,-102.211990,nan
2024-08-09T14:44:14,80.737297,-102.212822,nan
2024-08-09T14:44:14,80.737366,-102.213646,nan
2024-08-09T14:44:13,80.737434,-102.214470,nan
2024-08-09T14:44:13,80.737495,-102.215294,nan
2024-08-09T14:44:12,80.737564,-102.216125,nan
2024-08-09T14:44:12,80.737633,-102.216949,nan
2024-08-09T14:44:11,80.737694,-102.217773,nan
2024-08-09T14:44:11,80.737762,-102.218605,nan
2024-08-09T14:44:10,80.737831,-102.219437,nan
2024-08-09T14:44:10,80.737900,-102.220261,nan
2024-08-09T14:44:09,80.737961,-102.221100,nan
2024-08-09T14:44:09,80.738029,-102.221931,nan
2024-08-09T14:44:08,80.738098,-102.222771,nan
2024-08-09T14:44:08,80.738167,-102.223602,nan
2024-08-09T14:44:07,80.738235,-102.224442,nan
2024-08-09T14:44:07,80.738304,-102.225273,nan
2024-08-09T14:44:06,80.738373,-102.226112,nan
2024-08-09T14:44:06,80.738441,-102.226952,nan
2024-08-09T14:44:05,80.738510,-102.227791,nan
2024-08-09T14:44:05,80.738579,-102.228630,nan
2024-08-09T14:44:04,80.738647,-102.229469,nan
2024-08-09T14:44:04,80.738716,-102.230309,nan
2024-08-09T14:44:03,80.738785,-102.231148,nan
2024-08-09T14:44:03,80.738861,-102.231979,nan
2024-08-09T14:44:02,80.738930,-102.232819,nan
2024-08-09T14:44:02,80.738998,-102.233658,nan
2024-08-09T14:44:01,80.739067,-102.234489,nan
2024-08-09T14:44:01,80.739136,-102.235321,nan
2024-08-09T14:44:00,80.739204,-102.236160,nan
2024-08-09T14:44:00,80.739281,-102.237000,nan
2024-08-09T14:43:59,80.739349,-102.237831,nan
2024-08-09T14:43:59,80.739418,-102.238670,nan
2024-08-09T14:43:58,80.739487,-102.239502,nan
2024-08-09T14:43:58,80.739555,-102.240349,nan
2024-08-09T14:43:57,80.739624,-102.241188,nan
2024-08-09T14:43:57,80.739693,-102.242043,nan
2024-08-09T14:43:56,80.739761,-102.242897,nan
2024-08-09T14:43:56,80.739830,-102.243744,nan
2024-08-09T14:43:55,80.739899,-102.244598,nan
2024-08-09T14:43:55,80.739967,-102.245461,nan
2024-08-09T14:43:54,80.740036,-102.246315,nan
2024-08-09T14:43:54,80.740105,-102.247169,nan
2024-08-09T14:43:53,80.740173,-102.248032,nan
2024-08-09T14:43:53,80.740242,-102.248894,nan
2024-08-09T14:43:52,80.740311,-102.249756,nan
2024-08-09T14:43:52,80.740379,-102.250618,nan
2024-08-09T14:43:51,80.740448,-102.251480,nan
2024-08-09T14:43:51,80.740517,-102.252350,nan
2024-08-09T14:43:50,80.740578,-102.253220,nan
2024-08-09T14:43:50,80.740646,-102.254097,nan
2024-08-09T14:43:49,80.740715,-102.254974,nan
2024-08-09T14:43:49,80.740784,-102.255852,nan
2024-08-09T14:43:48,80.740852,-102.256737,nan
2024-08-09T14:43:48,80.740921,-102.257622,nan
2024-08-09T14:43:47,80.740990,-102.258522,nan
2024-08-09T14:43:47,80.741058,-102.259422,nan
2024-08-09T14:43:46,80.741127,-102.260338,nan
2024-08-09T14:43:46,80.741196,-102.261261,nan
2024-08-09T14:43:45,80.741272,-102.262199,nan
2024-08-09T14:43:45,80.741341,-102.263138,nan
2024-08-09T14:43:44,80.741417,-102.264084,nan
2024-08-09T14:43:44,80.741486,-102.265038,nan
2024-08-09T14:43:43,80.741562,-102.266006,nan
2024-08-09T14:43:43,80.741631,-102.266975,nan
2024-08-09T14:43:42,80.741707,-102.267952,nan
2024-08-09T14:43:42,80.741783,-102.268936,nan
2024-08-09T14:43:41,80.741859,-102.269928,nan
2024-08-09T14:43:41,80.741936,-102.270927,nan
2024-08-09T14:43:40,80.742012,-102.271927,nan
2024-08-09T14:43:40,80.742088,-102.272934,nan
2024-08-09T14:43:39,80.742165,-102.273941,nan
2024-08-09T14:43:39,80.742241,-102.274956,nan
2024-08-09T14:43:38,80.742317,-102.275970,nan
2024-08-09T14:43:38,80.742393,-102.276985,nan
2024-08-09T14:43:37,80.742470,-102.278000,nan
2024-08-09T14:43:37,80.742554,-102.279015,nan
2024-08-09T14:43:36,80.742630,-102.280037,nan
2024-08-09T14:43:36,80.742706,-102.281059,nan
2024-08-09T14:43:35,80.742783,-102.282082,nan
2024-08-09T14:43:35,80.742859,-102.283104,nan
2024-08-09T14:43:34,80.742943,-102.284134,nan
2024-08-09T14:43:34,80.743019,-102.285164,nan
2024-08-09T14:43:33,80.743095,-102.286194,nan
2024-08-09T14:43:33,80.743179,-102.287224,nan
2024-08-09T14:43:32,80.743263,-102.288261,nan
2024-08-09T14:43:32,80.743340,-102.289307,nan
2024-08-09T14:43:31,80.743423,-102.290352,nan
2024-08-09T14:43:31,80.743507,-102.291405,nan
2024-08-09T14:43:30,80.743591,-102.292465,nan
2024-08-09T14:43:30,80.743675,-102.293526,nan
2024-08-09T14:43:29,80.743759,-102.294594,nan
2024-08-09T14:43:29,80.743843,-102.295662,nan
2024-08-09T14:43:28,80.743927,-102.296745,nan
2024-08-09T14:43:28,80.744019,-102.297829,nan
2024-08-09T14:43:27,80.744102,-102.298927,nan
2024-08-09T14:43:27,80.744186,-102.300026,nan
2024-08-09T14:43:26,80.744270,-102.301140,nan
2024-08-09T14:43:26,80.744354,-102.302254,nan
2024-08-09T14:43:25,80.744438,-102.303375,nan
2024-08-09T14:43:25,80.744522,-102.304512,nan
2024-08-09T14:43:24,80.744614,-102.305649,nan
2024-08-09T14:43:24,80.744698,-102.306801,nan
2024-08-09T14:43:23,80.744781,-102.307953,nan
2024-08-09T14:43:23,80.744873,-102.309113,nan
2024-08-09T14:43:22,80.744965,-102.310280,nan
2024-08-09T14:43:22,80.745056,-102.311455,nan
2024-08-09T14:43:21,80.745148,-102.312637,nan
2024-08-09T14:43:21,80.745239,-102.313828,nan
2024-08-09T14:43:20,80.745331,-102.315018,nan
2024-08-09T14:43:20,80.745422,-102.316216,nan
2024-08-09T14:43:19,80.745514,-102.317413,nan
2024-08-09T14:43:19,80.745605,-102.318619,nan
2024-08-09T14:43:18,80.745705,-102.319824,nan
2024-08-09T14:43:18,80.745796,-102.321045,nan
2024-08-09T14:43:17,80.745888,-102.322258,nan
2024-08-09T14:43:17,80.745987,-102.323479,nan
2024-08-09T14:43:16,80.746078,-102.324692,nan
2024-08-09T14:43:16,80.746178,-102.325920,nan
2024-08-09T14:43:15,80.746277,-102.327148,nan
2024-08-09T14:43:15,80.746368,-102.328377,nan
2024-08-09T14:43:14,80.746468,-102.329613,nan
2024-08-09T14:43:14,80.746567,-102.330849,nan
2024-08-09T14:43:13,80.746666,-102.332092,nan
2024-08-09T14:43:13,80.746765,-102.333344,nan
2024-08-09T14:43:12,80.746864,-102.334595,nan
2024-08-09T14:43:12,80.746964,-102.335846,nan
2024-08-09T14:43:11,80.747063,-102.337105,nan
2024-08-09T14:43:11,80.747162,-102.338364,nan
2024-08-09T14:43:10,80.747261,-102.339630,nan
2024-08-09T14:43:10,80.747360,-102.340904,nan
2024-08-09T14:43:09,80.747467,-102.342178,nan
2024-08-09T14:43:09,80.747566,-102.343460,nan
2024-08-09T14:43:08,80.747665,-102.344742,nan
2024-08-09T14:43:08,80.747772,-102.346024,nan
2024-08-09T14:43:07,80.747871,-102.347313,nan
2024-08-09T14:43:07,80.747978,-102.348602,nan
2024-08-09T14:43:06,80.748184,-102.351189,nan
2024-08-09T14:43:05,80.748283,-102.352486,nan
2024-08-09T14:43:05,80.748390,-102.353783,nan
2024-08-09T14:43:04,80.748489,-102.355087,nan
2024-08-09T14:43:04,80.748596,-102.356400,nan
2024-08-09T14:43:03,80.748695,-102.357712,nan
2024-08-09T14:43:03,80.748795,-102.359032,nan
2024-08-09T14:43:02,80.748894,-102.360359,nan
2024-08-09T14:43:02,80.749001,-102.361687,nan
2024-08-09T14:43:01,80.749100,-102.363014,nan
2024-08-09T14:43:01,80.749191,-102.364349,nan
2024-08-09T14:43:00,80.749290,-102.365685,nan
2024-08-09T14:43:00,80.749390,-102.367020,nan
2024-08-09T14:42:59,80.749481,-102.368362,nan
2024-08-09T14:42:59,80.749580,-102.369705,nan
2024-08-09T14:42:58,80.749672,-102.371048,nan
2024-08-09T14:42:58,80.749763,-102.372391,nan
2024-08-09T14:42:57,80.749855,-102.373734,nan
2024-08-09T14:42:57,80.749947,-102.375084,nan
2024-08-09T14:42:56,80.750038,-102.376427,nan
2024-08-09T14:42:56,80.750130,-102.377769,nan
2024-08-09T14:42:55,80.750221,-102.379112,nan
2024-08-09T14:42:55,80.750305,-102.380455,nan
2024-08-09T14:42:54,80.750397,-102.381798,nan
2024-08-09T14:42:54,80.750488,-102.383148,nan
2024-08-09T14:42:53,80.750572,-102.384506,nan
2024-08-09T14:42:53,80.750664,-102.385857,nan
2024-08-09T14:42:52,80.750748,-102.387215,nan
2024-08-09T14:42:52,80.750839,-102.388580,nan
2024-08-09T14:42:51,80.750923,-102.389954,nan
2024-08-09T14:42:51,80.751015,-102.391327,nan
2024-08-09T14:42:50,80.751099,-102.392708,nan
2024-08-09T14:42:50,80.751190,-102.394089,nan
2024-08-09T14:42:49,80.751274,-102.395477,nan
2024-08-09T14:42:49,80.751366,-102.396873,nan
2024-08-09T14:42:48,80.751457,-102.398262,nan
2024-08-09T14:42:48,80.751549,-102.399658,nan
2024-08-09T14:42:47,80.751640,-102.401062,nan
2024-08-09T14:42:47,80.751732,-102.402473,nan
2024-08-09T14:42:46,80.751823,-102.403877,nan
2024-08-09T14:42:46,80.751923,-102.405289,nan
2024-08-09T14:42:45,80.752014,-102.406708,nan
2024-08-09T14:42:45,80.752106,-102.408127,nan
2024-08-09T14:42:44,80.752205,-102.409554,nan
2024-08-09T14:42:44,80.752296,-102.410988,nan
2024-08-09T14:42:43,80.752396,-102.412430,nan
2024-08-09T14:42:43,80.752495,-102.413864,nan
2024-08-09T14:42:42,80.752586,-102.415306,nan
2024-08-09T14:42:42,80.752686,-102.416748,nan
2024-08-09T14:42:41,80.752777,-102.418190,nan
2024-08-09T14:42:41,80.752869,-102.419640,nan
2024-08-09T14:42:40,80.752968,-102.421089,nan
2024-08-09T14:42:40,80.753059,-102.422539,nan
2024-08-09T14:42:39,80.753159,-102.423988,nan
2024-08-09T14:42:39,80.753258,-102.425438,nan
2024-08-09T14:42:38,80.753349,-102.426888,nan
2024-08-09T14:42:38,80.753448,-102.428345,nan
2024-08-09T14:42:37,80.753548,-102.429802,nan
2024-08-09T14:42:37,80.753639,-102.431259,nan
2024-08-09T14:42:36,80.753738,-102.432716,nan
2024-08-09T14:42:36,80.753838,-102.434181,nan
2024-08-09T14:42:35,80.753937,-102.435638,nan
2024-08-09T14:42:35,80.754028,-102.437111,nan
2024-08-09T14:42:34,80.754128,-102.438576,nan
2024-08-09T14:42:34,80.754227,-102.440048,nan
2024-08-09T14:42:33,80.754318,-102.441513,nan
2024-08-09T14:42:33,80.754417,-102.442986,nan
2024-08-09T14:42:32,80.754517,-102.444450,nan
2024-08-09T14:42:32,80.754608,-102.445923,nan
2024-08-09T14:42:31,80.754707,-102.447388,nan
2024-08-09T14:42:31,80.754807,-102.448860,nan
2024-08-09T14:42:30,80.754906,-102.450333,nan
2024-08-09T14:42:30,80.754997,-102.451797,nan
2024-08-09T14:42:29,80.755096,-102.453270,nan
2024-08-09T14:42:29,80.755196,-102.454735,nan
2024-08-09T14:42:28,80.755295,-102.456207,nan
2024-08-09T14:42:28,80.755394,-102.457672,nan
2024-08-09T14:42:27,80.755486,-102.459129,nan
2024-08-09T14:42:27,80.755585,-102.460594,nan
2024-08-09T14:42:26,80.755684,-102.462051,nan
2024-08-09T14:42:26,80.755783,-102.463509,nan
2024-08-09T14:42:25,80.755882,-102.464958,nan
2024-08-09T14:42:25,80.755981,-102.466400,nan
2024-08-09T14:42:24,80.756073,-102.467834,nan
2024-08-09T14:42:24,80.756172,-102.469276,nan
2024-08-09T14:42:23,80.756271,-102.470703,nan
2024-08-09T14:42:23,80.756363,-102.472137,nan
2024-08-09T14:42:22,80.756462,-102.473564,nan
2024-08-09T14:42:22,80.756554,-102.474998,nan
2024-08-09T14:42:21,80.756653,-102.476433,nan
2024-08-09T14:42:21,80.756744,-102.477859,nan
2024-08-09T14:42:20,80.756844,-102.479294,nan
2024-08-09T14:42:20,80.756943,-102.480721,nan
2024-08-09T14:42:19,80.757034,-102.482155,nan
2024-08-09T14:42:19,80.757126,-102.483582,nan
2024-08-09T14:42:18,80.757225,-102.485016,nan
2024-08-09T14:42:18,80.757317,-102.486450,nan
2024-08-09T14:42:17,80.757416,-102.487885,nan
2024-08-09T14:42:17,80.757507,-102.489319,nan
2024-08-09T14:42:16,80.757599,-102.490761,nan
2024-08-09T14:42:16,80.757698,-102.492203,nan
2024-08-09T14:42:15,80.757790,-102.493652,nan
2024-08-09T14:42:15,80.757889,-102.495102,nan
2024-08-09T14:42:14,80.757980,-102.496559,nan
2024-08-09T14:42:14,80.758080,-102.498024,nan
2024-08-09T14:42:13,80.758171,-102.499489,nan
2024-08-09T14:42:13,80.758263,-102.500969,nan
2024-08-09T14:42:12,80.758362,-102.502441,nan
2024-08-09T14:42:12,80.758453,-102.503922,nan
2024-08-09T14:42:11,80.758553,-102.505402,nan
2024-08-09T14:42:11,80.758644,-102.506889,nan
2024-08-09T14:42:10,80.758736,-102.508377,nan
2024-08-09T14:42:10,80.758835,-102.509857,nan
2024-08-09T14:42:09,80.758926,-102.511353,nan
2024-08-09T14:42:09,80.759018,-102.512840,nan
2024-08-09T14:42:08,80.759109,-102.514336,nan
2024-08-09T14:42:08,80.759201,-102.515823,nan
2024-08-09T14:42:07,80.759293,-102.517319,nan
2024-08-09T14:42:07,80.759384,-102.518814,nan
2024-08-09T14:42:06,80.759476,-102.520309,nan
2024-08-09T14:42:06,80.759567,-102.521805,nan
2024-08-09T14:42:05,80.759659,-102.523300,nan
2024-08-09T14:42:05,80.759750,-102.524796,nan
2024-08-09T14:42:04,80.759834,-102.526283,nan
2024-08-09T14:42:04,80.759926,-102.527779,nan
2024-08-09T14:42:03,80.760017,-102.529259,nan
2024-08-09T14:42:03,80.760109,-102.530746,nan
2024-08-09T14:42:02,80.760201,-102.532242,nan
2024-08-09T14:42:02,80.760284,-102.533730,nan
2024-08-09T14:42:01,80.760376,-102.535217,nan
2024-08-09T14:42:01,80.760468,-102.536705,nan
2024-08-09T14:42:00,80.760559,-102.538193,nan
2024-08-09T14:42:00,80.760643,-102.539673,nan
2024-08-09T14:41:59,80.760735,-102.541161,nan
2024-08-09T14:41:59,80.760826,-102.542641,nan
2024-08-09T14:41:58,80.760918,-102.544128,nan
2024-08-09T14:41:58,80.761009,-102.545616,nan
2024-08-09T14:41:57,80.761093,-102.547096,nan
2024-08-09T14:41:57,80.761185,-102.548584,nan
2024-08-09T14:41:56,80.761276,-102.550072,nan
2024-08-09T14:41:56,80.761368,-102.551559,nan
2024-08-09T14:41:55,80.761459,-102.553040,nan
2024-08-09T14:41:55,80.761551,-102.554527,nan
2024-08-09T14:41:54,80.761635,-102.556015,nan
2024-08-09T14:41:54,80.761726,-102.557503,nan
2024-08-09T14:41:53,80.761818,-102.558975,nan
2024-08-09T14:41:53,80.761909,-102.560448,nan
2024-08-09T14:41:52,80.762001,-102.561920,nan
2024-08-09T14:41:52,80.762093,-102.563385,nan
2024-08-09T14:41:51,80.762184,-102.564842,nan
2024-08-09T14:41:51,80.762283,-102.566307,nan
2024-08-09T14:41:50,80.762375,-102.567764,nan
2024-08-09T14:41:50,80.762466,-102.569221,nan
2024-08-09T14:41:49,80.762558,-102.570679,nan
2024-08-09T14:41:49,80.762650,-102.572136,nan
2024-08-09T14:41:48,80.762749,-102.573593,nan
2024-08-09T14:41:48,80.762840,-102.575058,nan
2024-08-09T14:41:47,80.762939,-102.576515,nan
2024-08-09T14:41:47,80.763031,-102.577988,nan
2024-08-09T14:41:46,80.763123,-102.579445,nan
2024-08-09T14:41:46,80.763222,-102.580910,nan
2024-08-09T14:41:45,80.763313,-102.582367,nan
2024-08-09T14:41:45,80.763405,-102.583832,nan
2024-08-09T14:41:44,80.763504,-102.585289,nan
2024-08-09T14:41:44,80.763596,-102.586754,nan
2024-08-09T14:41:43,80.763695,-102.588211,nan
2024-08-09T14:41:43,80.763786,-102.589661,nan
2024-08-09T14:41:42,80.763885,-102.591110,nan
2024-08-09T14:41:42,80.763977,-102.592552,nan
2024-08-09T14:41:41,80.764069,-102.593994,nan
2024-08-09T14:41:41,80.764168,-102.595428,nan
2024-08-09T14:41:40,80.764259,-102.596870,nan
2024-08-09T14:41:40,80.764351,-102.598305,nan
2024-08-09T14:41:39,80.764450,-102.599739,nan
2024-08-09T14:41:39,80.764542,-102.601166,nan
2024-08-09T14:41:38,80.764633,-102.602592,nan
2024-08-09T14:41:38,80.764725,-102.604012,nan
2024-08-09T14:41:37,80.764816,-102.605438,nan
2024-08-09T14:41:37,80.764908,-102.606865,nan
2024-08-09T14:41:36,80.764999,-102.608292,nan
2024-08-09T14:41:36,80.765091,-102.609711,nan
2024-08-09T14:41:35,80.765182,-102.611122,nan
2024-08-09T14:41:35,80.765274,-102.612534,nan
2024-08-09T14:41:34,80.765366,-102.613945,nan
2024-08-09T14:41:34,80.765457,-102.615356,nan
2024-08-09T14:41:33,80.765549,-102.616760,nan
2024-08-09T14:41:33,80.765648,-102.618164,nan
2024-08-09T14:41:32,80.765739,-102.619560,nan
2024-08-09T14:41:32,80.765831,-102.620956,nan
2024-08-09T14:41:31,80.765923,-102.622345,nan
2024-08-09T14:41:31,80.766014,-102.623741,nan
2024-08-09T14:41:30,80.766106,-102.625122,nan
2024-08-09T14:41:30,80.766197,-102.626503,nan
2024-08-09T14:41:29,80.766289,-102.627876,nan
2024-08-09T14:41:29,80.766380,-102.629227,nan
2024-08-09T14:41:28,80.766479,-102.630585,nan
2024-08-09T14:41:28,80.766571,-102.631935,nan
2024-08-09T14:41:27,80.766663,-102.633270,nan
2024-08-09T14:41:27,80.766754,-102.634598,nan
2024-08-09T14:41:26,80.766846,-102.635925,nan
2024-08-09T14:41:26,80.766937,-102.637238,nan
2024-08-09T14:41:25,80.767036,-102.638550,nan
2024-08-09T14:41:25,80.767120,-102.639854,nan
2024-08-09T14:41:24,80.767212,-102.641151,nan
2024-08-09T14:41:24,80.767303,-102.642441,nan
2024-08-09T14:41:23,80.767395,-102.643730,nan
2024-08-09T14:41:23,80.767487,-102.645012,nan
2024-08-09T14:41:22,80.767570,-102.646294,nan
2024-08-09T14:41:22,80.767654,-102.647568,nan
2024-08-09T14:41:21,80.767738,-102.648827,nan
2024-08-09T14:41:21,80.767822,-102.650085,nan
2024-08-09T14:41:20,80.767906,-102.651337,nan
2024-08-09T14:41:20,80.767990,-102.652588,nan
2024-08-09T14:41:19,80.768066,-102.653839,nan
2024-08-09T14:41:19,80.768143,-102.655083,nan
2024-08-09T14:41:18,80.768227,-102.656319,nan
2024-08-09T14:41:18,80.768303,-102.657555,nan
2024-08-09T14:41:17,80.768379,-102.658791,nan
2024-08-09T14:41:17,80.768448,-102.660027,nan
2024-08-09T14:41:16,80.768524,-102.661270,nan
2024-08-09T14:41:16,80.768593,-102.662514,nan
2024-08-09T14:41:15,80.768669,-102.663757,nan
2024-08-09T14:41:15,80.768738,-102.665009,nan
2024-08-09T14:41:14,80.768806,-102.666252,nan
2024-08-09T14:41:14,80.768875,-102.667503,nan
2024-08-09T14:41:13,80.768936,-102.668762,nan
2024-08-09T14:41:13,80.769005,-102.670021,nan
2024-08-09T14:41:12,80.769066,-102.671288,nan
2024-08-09T14:41:12,80.769135,-102.672546,nan
2024-08-09T14:41:11,80.769196,-102.673813,nan
2024-08-09T14:41:11,80.769257,-102.675079,nan
2024-08-09T14:41:10,80.769325,-102.676346,nan
2024-08-09T14:41:10,80.769386,-102.677612,nan
2024-08-09T14:41:09,80.769455,-102.678879,nan
2024-08-09T14:41:09,80.769524,-102.680145,nan
2024-08-09T14:41:08,80.769585,-102.681404,nan
2024-08-09T14:41:08,80.769653,-102.682655,nan
2024-08-09T14:41:07,80.769722,-102.683907,nan
2024-08-09T14:41:07,80.769791,-102.685158,nan
2024-08-09T14:41:06,80.769859,-102.686394,nan
2024-08-09T14:41:06,80.769928,-102.687630,nan
2024-08-09T14:41:05,80.769997,-102.688858,nan
2024-08-09T14:41:05,80.770065,-102.690079,nan
2024-08-09T14:41:04,80.770134,-102.691299,nan
2024-08-09T14:41:04,80.770203,-102.692505,nan
2024-08-09T14:41:03,80.770271,-102.693718,nan
2024-08-09T14:41:03,80.770340,-102.694939,nan
2024-08-09T14:41:02,80.770409,-102.696152,nan
2024-08-09T14:41:02,80.770470,-102.697365,nan
2024-08-09T14:41:01,80.770538,-102.698586,nan
2024-08-09T14:41:01,80.770607,-102.699806,nan
2024-08-09T14:41:00,80.770676,-102.701035,nan
2024-08-09T14:41:00,80.770737,-102.702263,nan
2024-08-09T14:40:59,80.770805,-102.703499,nan
2024-08-09T14:40:59,80.770874,-102.704735,nan
2024-08-09T14:40:58,80.770935,-102.705963,nan
2024-08-09T14:40:58,80.771004,-102.707191,nan
2024-08-09T14:40:57,80.771072,-102.708427,nan
2024-08-09T14:40:57,80.771141,-102.709656,nan
2024-08-09T14:40:56,80.771210,-102.710876,nan
2024-08-09T14:40:56,80.771278,-102.712097,nan
2024-08-09T14:40:55,80.771355,-102.713303,nan
2024-08-09T14:40:55,80.771423,-102.714485,nan
2024-08-09T14:40:54,80.771500,-102.715652,nan
2024-08-09T14:40:54,80.771576,-102.716805,nan
2024-08-09T14:40:53,80.771652,-102.717941,nan
2024-08-09T14:40:53,80.771729,-102.719055,nan
2024-08-09T14:40:52,80.771812,-102.720161,nan
2024-08-09T14:40:52,80.771889,-102.721252,nan
2024-08-09T14:40:51,80.771965,-102.722328,nan
2024-08-09T14:40:51,80.772041,-102.723396,nan
2024-08-09T14:40:50,80.772118,-102.724457,nan
2024-08-09T14:40:50,80.772194,-102.725502,nan
2024-08-09T14:40:49,80.772270,-102.726532,nan
2024-08-09T14:40:49,80.772354,-102.727554,nan
2024-08-09T14:40:48,80.772430,-102.728561,nan
2024-08-09T14:40:48,80.772499,-102.729561,nan
2024-08-09T14:40:47,80.772575,-102.730553,nan
2024-08-09T14:40:47,80.772652,-102.731529,nan
2024-08-09T14:40:46,80.772720,-102.732498,nan
2024-08-09T14:40:46,80.772797,-102.733452,nan
2024-08-09T14:40:45,80.772865,-102.734390,nan
2024-08-09T14:40:45,80.772942,-102.735313,nan
2024-08-09T14:40:44,80.773010,-102.736229,nan
2024-08-09T14:40:44,80.773079,-102.737144,nan
2024-08-09T14:40:43,80.773148,-102.738052,nan
2024-08-09T14:40:43,80.773216,-102.738953,nan
2024-08-09T14:40:42,80.773285,-102.739845,nan
2024-08-09T14:40:42,80.773354,-102.740738,nan
2024-08-09T14:40:41,80.773422,-102.741623,nan
2024-08-09T14:40:41,80.773483,-102.742516,nan
2024-08-09T14:40:40,80.773552,-102.743408,nan
2024-08-09T14:40:40,80.773613,-102.744301,nan
2024-08-09T14:40:39,80.773674,-102.745201,nan
2024-08-09T14:40:39,80.773735,-102.746094,nan
2024-08-09T14:40:38,80.773796,-102.746986,nan
2024-08-09T14:40:38,80.773857,-102.747887,nan
2024-08-09T14:40:37,80.773918,-102.748787,nan
2024-08-09T14:40:37,80.773979,-102.749680,nan
2024-08-09T14:40:36,80.774040,-102.750572,nan
2024-08-09T14:40:36,80.774101,-102.751457,nan
2024-08-09T14:40:35,80.774162,-102.752335,nan
2024-08-09T14:40:35,80.774223,-102.753204,nan
2024-08-09T14:40:34,80.774284,-102.754082,nan
2024-08-09T14:40:34,80.774345,-102.754951,nan
2024-08-09T14:40:33,80.774406,-102.755814,nan
2024-08-09T14:40:33,80.774467,-102.756668,nan
2024-08-09T14:40:32,80.774536,-102.757523,nan
2024-08-09T14:40:32,80.774597,-102.758377,nan
2024-08-09T14:40:31,80.774658,-102.759232,nan
2024-08-09T14:40:31,80.774719,-102.760078,nan
2024-08-09T14:40:30,80.774780,-102.760925,nan
2024-08-09T14:40:30,80.774841,-102.761772,nan
2024-08-09T14:40:29,80.774902,-102.762611,nan
2024-08-09T14:40:29,80.774963,-102.763451,nan
2024-08-09T14:40:28,80.775024,-102.764297,nan
2024-08-09T14:40:28,80.775085,-102.765137,nan
2024-08-09T14:40:27,80.775146,-102.765976,nan
2024-08-09T14:40:27,80.775208,-102.766808,nan
2024-08-09T14:40:26,80.775269,-102.767624,nan
2024-08-09T14:40:26,80.775337,-102.768433,nan
2024-08-09T14:40:25,80.775398,-102.769234,nan
2024-08-09T14:40:25,80.775459,-102.770027,nan
2024-08-09T14:40:24,80.775520,-102.770813,nan
2024-08-09T14:40:24,80.775581,-102.771599,nan
2024-08-09T14:40:23,80.775642,-102.772385,nan
2024-08-09T14:40:23,80.775703,-102.773163,nan
2024-08-09T14:40:22,80.775764,-102.773926,nan
2024-08-09T14:40:22,80.775826,-102.774696,nan
2024-08-09T14:40:21,80.775887,-102.775459,nan
2024-08-09T14:40:21,80.775940,-102.776222,nan
2024-08-09T14:40:20,80.776001,-102.776985,nan
2024-08-09T14:40:20,80.776054,-102.777740,nan
2024-08-09T14:40:19,80.776115,-102.778519,nan
2024-08-09T14:40:19,80.776169,-102.779289,nan
2024-08-09T14:40:18,80.776222,-102.780060,nan
2024-08-09T14:40:18,80.776276,-102.780830,nan
2024-08-09T14:40:17,80.776321,-102.781609,nan
2024-08-09T14:40:17,80.776375,-102.782394,nan
2024-08-09T14:40:16,80.776421,-102.783211,nan
2024-08-09T14:40:16,80.776474,-102.784027,nan
2024-08-09T14:40:15,80.776527,-102.784828,nan
2024-08-09T14:40:15,80.776573,-102.785645,nan
2024-08-09T14:40:14,80.776619,-102.786392,nan
2024-08-09T14:40:14,80.776657,-102.787148,nan
2024-08-09T14:40:13,80.776657,-102.787971,nan
2024-08-09T14:40:13,80.776604,-102.788696,nan
2024-08-09T14:40:12,80.776314,-102.788651,nan
2024-08-09T14:40:12,80.775742,-102.787987,nan
2024-08-09T14:40:11,80.775162,-102.787392,nan
2024-08-09T14:40:07,80.777176,-102.796440,nan
2024-08-09T14:40:07,80.778069,-102.798714,nan
2024-08-09T14:40:06,80.779007,-102.800850,nan
2024-08-09T14:40:06,80.779961,-102.802895,nan
