datetime,lat,lon,elev
2024-06-07T15:32:02,84.204025,-38.277775,nan
2024-06-07T15:32:02,84.204041,-38.277439,nan
2024-06-07T15:32:01,84.204063,-38.277042,nan
2024-06-07T15:32:01,84.204079,-38.276611,nan
2024-06-07T15:32:00,84.204102,-38.276173,nan
2024-06-07T15:32:00,84.204124,-38.275730,nan
2024-06-07T15:31:59,84.204147,-38.275295,nan
2024-06-07T15:31:59,84.204170,-38.274857,nan
2024-06-07T15:31:58,84.204193,-38.274418,nan
2024-06-07T15:31:58,84.204208,-38.273975,nan
2024-06-07T15:31:57,84.204231,-38.273540,nan
2024-06-07T15:31:57,84.204254,-38.273087,nan
2024-06-07T15:31:56,84.204277,-38.272617,nan
2024-06-07T15:31:56,84.204292,-38.272141,nan
2024-06-07T15:31:55,84.204315,-38.271664,nan
2024-06-07T15:31:55,84.204338,-38.271187,nan
2024-06-07T15:31:54,84.204361,-38.270718,nan
2024-06-07T15:31:54,84.204384,-38.270241,nan
2024-06-07T15:31:53,84.204407,-38.269753,nan
2024-06-07T15:31:53,84.204430,-38.269260,nan
2024-06-07T15:31:52,84.204453,-38.268768,nan
2024-06-07T15:31:52,84.204475,-38.268280,nan
2024-06-07T15:31:51,84.204498,-38.267796,nan
2024-06-07T15:31:51,84.204521,-38.267315,nan
2024-06-07T15:31:50,84.204544,-38.266834,nan
2024-06-07T15:31:50,84.204567,-38.266357,nan
2024-06-07T15:31:49,84.204582,-38.265884,nan
2024-06-07T15:31:49,84.204605,-38.265408,nan
2024-06-07T15:31:48,84.204620,-38.264938,nan
2024-06-07T15:31:48,84.204643,-38.264462,nan
2024-06-07T15:31:47,84.204659,-38.263985,nan
2024-06-07T15:31:47,84.204681,-38.263508,nan
2024-06-07T15:31:46,84.204697,-38.263039,nan
2024-06-07T15:31:46,84.204712,-38.262558,nan
2024-06-07T15:31:45,84.204727,-38.262054,nan
2024-06-07T15:31:45,84.204742,-38.261528,nan
2024-06-07T15:31:44,84.204765,-38.260975,nan
2024-06-07T15:31:44,84.204781,-38.260422,nan
2024-06-07T15:31:43,84.204796,-38.259869,nan
2024-06-07T15:31:43,84.204811,-38.259323,nan
2024-06-07T15:31:42,84.204826,-38.258778,nan
2024-06-07T15:31:42,84.204842,-38.258224,nan
2024-06-07T15:31:41,84.204849,-38.257671,nan
2024-06-07T15:31:41,84.204865,-38.257114,nan
2024-06-07T15:31:40,84.204880,-38.256557,nan
2024-06-07T15:31:40,84.204895,-38.256001,nan
2024-06-07T15:31:39,84.204903,-38.255444,nan
2024-06-07T15:31:39,84.204918,-38.254883,nan
2024-06-07T15:31:38,84.204933,-38.254314,nan
2024-06-07T15:31:38,84.204941,-38.253738,nan
2024-06-07T15:31:37,84.204956,-38.253159,nan
2024-06-07T15:31:37,84.204971,-38.252571,nan
2024-06-07T15:31:36,84.204987,-38.251972,nan
2024-06-07T15:31:36,84.205002,-38.251377,nan
2024-06-07T15:31:35,84.205017,-38.250771,nan
2024-06-07T15:31:35,84.205025,-38.250160,nan
2024-06-07T15:31:34,84.205040,-38.249550,nan
2024-06-07T15:31:34,84.205055,-38.248932,nan
2024-06-07T15:31:33,84.205070,-38.248310,nan
2024-06-07T15:31:33,84.205078,-38.247681,nan
2024-06-07T15:31:32,84.205093,-38.247055,nan
2024-06-07T15:31:32,84.205109,-38.246426,nan
2024-06-07T15:31:31,84.205116,-38.245811,nan
2024-06-07T15:31:31,84.205132,-38.245197,nan
2024-06-07T15:31:30,84.205139,-38.244591,nan
2024-06-07T15:31:30,84.205154,-38.243984,nan
2024-06-07T15:31:29,84.205162,-38.243378,nan
2024-06-07T15:31:29,84.205177,-38.242771,nan
2024-06-07T15:31:28,84.205185,-38.242165,nan
2024-06-07T15:31:28,84.205193,-38.241550,nan
2024-06-07T15:31:27,84.205208,-38.240936,nan
2024-06-07T15:31:27,84.205215,-38.240330,nan
2024-06-07T15:31:26,84.205231,-38.239727,nan
2024-06-07T15:31:26,84.205238,-38.239128,nan
2024-06-07T15:31:25,84.205246,-38.238529,nan
2024-06-07T15:31:25,84.205261,-38.237934,nan
2024-06-07T15:31:24,84.205269,-38.237347,nan
2024-06-07T15:31:24,84.205276,-38.236759,nan
2024-06-07T15:31:23,84.205292,-38.236176,nan
2024-06-07T15:31:23,84.205299,-38.235592,nan
2024-06-07T15:31:22,84.205307,-38.235004,nan
2024-06-07T15:31:22,84.205315,-38.234413,nan
2024-06-07T15:31:21,84.205322,-38.233822,nan
2024-06-07T15:31:21,84.205330,-38.233227,nan
2024-06-07T15:31:20,84.205338,-38.232628,nan
2024-06-07T15:31:20,84.205353,-38.232018,nan
2024-06-07T15:31:19,84.205360,-38.231407,nan
2024-06-07T15:31:19,84.205360,-38.230793,nan
2024-06-07T15:31:18,84.205368,-38.230183,nan
2024-06-07T15:31:18,84.205376,-38.229568,nan
2024-06-07T15:31:17,84.205376,-38.228951,nan
2024-06-07T15:31:17,84.205376,-38.228329,nan
2024-06-07T15:31:16,84.205376,-38.227707,nan
2024-06-07T15:31:16,84.205376,-38.227089,nan
2024-06-07T15:31:15,84.205368,-38.226471,nan
2024-06-07T15:31:15,84.205368,-38.225861,nan
2024-06-07T15:31:14,84.205360,-38.225254,nan
2024-06-07T15:31:14,84.205353,-38.224644,nan
2024-06-07T15:31:13,84.205353,-38.224030,nan
2024-06-07T15:31:13,84.205345,-38.223419,nan
2024-06-07T15:31:12,84.205345,-38.222813,nan
2024-06-07T15:31:12,84.205338,-38.222214,nan
2024-06-07T15:31:11,84.205338,-38.221622,nan
2024-06-07T15:31:11,84.205338,-38.221031,nan
2024-06-07T15:31:10,84.205338,-38.220444,nan
2024-06-07T15:31:10,84.205330,-38.219856,nan
2024-06-07T15:31:09,84.205330,-38.219269,nan
2024-06-07T15:31:09,84.205330,-38.218681,nan
2024-06-07T15:31:08,84.205330,-38.218102,nan
2024-06-07T15:31:08,84.205330,-38.217525,nan
2024-06-07T15:31:07,84.205330,-38.216953,nan
2024-06-07T15:31:07,84.205330,-38.216377,nan
2024-06-07T15:31:06,84.205330,-38.215797,nan
2024-06-07T15:31:06,84.205330,-38.215221,nan
2024-06-07T15:31:05,84.205338,-38.214638,nan
2024-06-07T15:31:05,84.205338,-38.214054,nan
2024-06-07T15:31:04,84.205338,-38.213467,nan
2024-06-07T15:31:04,84.205338,-38.212872,nan
2024-06-07T15:31:03,84.205338,-38.211689,nan
2024-06-07T15:31:02,84.205338,-38.211094,nan
2024-06-07T15:31:02,84.205338,-38.210495,nan
2024-06-07T15:31:01,84.205345,-38.209900,nan
2024-06-07T15:31:01,84.205345,-38.209297,nan
2024-06-07T15:31:00,84.205353,-38.208691,nan
2024-06-07T15:31:00,84.205353,-38.208088,nan
2024-06-07T15:30:59,84.205360,-38.207481,nan
2024-06-07T15:30:59,84.205360,-38.206879,nan
2024-06-07T15:30:58,84.205368,-38.206272,nan
2024-06-07T15:30:58,84.205376,-38.205666,nan
2024-06-07T15:30:57,84.205383,-38.205063,nan
2024-06-07T15:30:57,84.205391,-38.204456,nan
2024-06-07T15:30:56,84.205399,-38.203854,nan
2024-06-07T15:30:56,84.205399,-38.203251,nan
2024-06-07T15:30:55,84.205406,-38.202648,nan
2024-06-07T15:30:55,84.205414,-38.202053,nan
2024-06-07T15:30:54,84.205421,-38.201454,nan
2024-06-07T15:30:54,84.205437,-38.200859,nan
2024-06-07T15:30:53,84.205444,-38.200264,nan
2024-06-07T15:30:53,84.205444,-38.199673,nan
2024-06-07T15:30:52,84.205452,-38.199081,nan
2024-06-07T15:30:52,84.205460,-38.198498,nan
2024-06-07T15:30:51,84.205467,-38.197914,nan
2024-06-07T15:30:51,84.205475,-38.197338,nan
2024-06-07T15:30:50,84.205482,-38.196762,nan
2024-06-07T15:30:50,84.205482,-38.196190,nan
2024-06-07T15:30:49,84.205490,-38.195621,nan
2024-06-07T15:30:49,84.205498,-38.195049,nan
2024-06-07T15:30:48,84.205505,-38.194481,nan
2024-06-07T15:30:48,84.205513,-38.193913,nan
2024-06-07T15:30:47,84.205521,-38.193352,nan
2024-06-07T15:30:47,84.205528,-38.192795,nan
2024-06-07T15:30:46,84.205528,-38.192245,nan
2024-06-07T15:30:46,84.205536,-38.191696,nan
2024-06-07T15:30:45,84.205544,-38.191147,nan
2024-06-07T15:30:45,84.205559,-38.190601,nan
2024-06-07T15:30:44,84.205566,-38.190052,nan
2024-06-07T15:30:44,84.205574,-38.189503,nan
2024-06-07T15:30:43,84.205582,-38.188953,nan
2024-06-07T15:30:43,84.205589,-38.188400,nan
2024-06-07T15:30:42,84.205597,-38.187859,nan
2024-06-07T15:30:42,84.205605,-38.187321,nan
2024-06-07T15:30:41,84.205620,-38.186787,nan
2024-06-07T15:30:41,84.205627,-38.186249,nan
2024-06-07T15:30:40,84.205643,-38.185711,nan
2024-06-07T15:30:40,84.205650,-38.185177,nan
2024-06-07T15:30:39,84.205658,-38.184639,nan
2024-06-07T15:30:39,84.205666,-38.184109,nan
2024-06-07T15:30:38,84.205673,-38.183578,nan
2024-06-07T15:30:38,84.205688,-38.183052,nan
2024-06-07T15:30:37,84.205696,-38.182529,nan
2024-06-07T15:30:37,84.205704,-38.182007,nan
2024-06-07T15:30:36,84.205711,-38.181484,nan
2024-06-07T15:30:36,84.205719,-38.180962,nan
2024-06-07T15:30:35,84.205727,-38.180443,nan
2024-06-07T15:30:35,84.205734,-38.179920,nan
2024-06-07T15:30:34,84.205742,-38.179401,nan
2024-06-07T15:30:34,84.205750,-38.178886,nan
2024-06-07T15:30:33,84.205757,-38.178371,nan
2024-06-07T15:30:33,84.205765,-38.177860,nan
2024-06-07T15:30:32,84.205772,-38.177349,nan
2024-06-07T15:30:32,84.205780,-38.176834,nan
2024-06-07T15:30:31,84.205788,-38.176319,nan
2024-06-07T15:30:31,84.205795,-38.175800,nan
2024-06-07T15:30:30,84.205811,-38.175282,nan
2024-06-07T15:30:30,84.205811,-38.174767,nan
2024-06-07T15:30:29,84.205818,-38.174252,nan
2024-06-07T15:30:29,84.205826,-38.173737,nan
2024-06-07T15:30:28,84.205833,-38.173225,nan
2024-06-07T15:30:28,84.205833,-38.172718,nan
2024-06-07T15:30:27,84.205841,-38.172211,nan
2024-06-07T15:30:27,84.205841,-38.171711,nan
2024-06-07T15:30:26,84.205841,-38.171211,nan
2024-06-07T15:30:26,84.205849,-38.170719,nan
2024-06-07T15:30:25,84.205849,-38.170235,nan
2024-06-07T15:30:25,84.205849,-38.169754,nan
2024-06-07T15:30:24,84.205849,-38.169281,nan
2024-06-07T15:30:24,84.205849,-38.168808,nan
2024-06-07T15:30:23,84.205849,-38.168343,nan
2024-06-07T15:30:23,84.205849,-38.167885,nan
2024-06-07T15:30:22,84.205849,-38.167435,nan
2024-06-07T15:30:22,84.205841,-38.166985,nan
2024-06-07T15:30:21,84.205841,-38.166542,nan
2024-06-07T15:30:21,84.205841,-38.166103,nan
2024-06-07T15:30:20,84.205841,-38.165668,nan
2024-06-07T15:30:20,84.205841,-38.165230,nan
2024-06-07T15:30:19,84.205841,-38.164795,nan
2024-06-07T15:30:19,84.205841,-38.164364,nan
2024-06-07T15:30:18,84.205841,-38.163933,nan
2024-06-07T15:30:18,84.205841,-38.163502,nan
2024-06-07T15:30:17,84.205833,-38.163078,nan
2024-06-07T15:30:17,84.205833,-38.162651,nan
2024-06-07T15:30:16,84.205833,-38.162228,nan
2024-06-07T15:30:16,84.205826,-38.161804,nan
2024-06-07T15:30:15,84.205826,-38.161385,nan
2024-06-07T15:30:15,84.205818,-38.160969,nan
2024-06-07T15:30:14,84.205818,-38.160557,nan
2024-06-07T15:30:14,84.205811,-38.160149,nan
2024-06-07T15:30:13,84.205811,-38.159740,nan
2024-06-07T15:30:13,84.205803,-38.159340,nan
2024-06-07T15:30:12,84.205803,-38.158939,nan
2024-06-07T15:30:12,84.205795,-38.158543,nan
2024-06-07T15:30:11,84.205795,-38.158154,nan
2024-06-07T15:30:11,84.205795,-38.157772,nan
2024-06-07T15:30:10,84.205795,-38.157391,nan
2024-06-07T15:30:10,84.205795,-38.157009,nan
2024-06-07T15:30:09,84.205795,-38.156631,nan
2024-06-07T15:30:09,84.205803,-38.156250,nan
2024-06-07T15:30:08,84.205803,-38.155869,nan
2024-06-07T15:30:08,84.205803,-38.155491,nan
2024-06-07T15:30:07,84.205811,-38.155109,nan
2024-06-07T15:30:07,84.205811,-38.154728,nan
2024-06-07T15:30:06,84.205811,-38.154346,nan
2024-06-07T15:30:06,84.205818,-38.153965,nan
2024-06-07T15:30:05,84.205826,-38.153580,nan
2024-06-07T15:30:05,84.205826,-38.153187,nan
2024-06-07T15:30:04,84.205833,-38.152794,nan
2024-06-07T15:30:04,84.205841,-38.152393,nan
2024-06-07T15:30:03,84.205849,-38.151989,nan
2024-06-07T15:30:03,84.205849,-38.151588,nan
2024-06-07T15:30:02,84.205856,-38.151188,nan
2024-06-07T15:30:02,84.205864,-38.150780,nan
2024-06-07T15:30:01,84.205872,-38.150375,nan
2024-06-07T15:30:01,84.205872,-38.149960,nan
2024-06-07T15:30:00,84.205879,-38.149544,nan
2024-06-07T15:30:00,84.205887,-38.149120,nan
2024-06-07T15:29:59,84.205887,-38.148701,nan
2024-06-07T15:29:59,84.205894,-38.148281,nan
2024-06-07T15:29:58,84.205894,-38.147861,nan
2024-06-07T15:29:58,84.205902,-38.147446,nan
2024-06-07T15:29:57,84.205902,-38.147030,nan
2024-06-07T15:29:57,84.205910,-38.146614,nan
2024-06-07T15:29:56,84.205910,-38.146202,nan
2024-06-07T15:29:56,84.205910,-38.145786,nan
2024-06-07T15:29:55,84.205917,-38.145370,nan
2024-06-07T15:29:55,84.205917,-38.144955,nan
2024-06-07T15:29:54,84.205917,-38.144543,nan
2024-06-07T15:29:54,84.205917,-38.144127,nan
2024-06-07T15:29:53,84.205917,-38.143299,nan
2024-06-07T15:29:52,84.205925,-38.142883,nan
2024-06-07T15:29:52,84.205925,-38.142471,nan
2024-06-07T15:29:51,84.205925,-38.142063,nan
2024-06-07T15:29:51,84.205925,-38.141659,nan
2024-06-07T15:29:50,84.205933,-38.141258,nan
2024-06-07T15:29:50,84.205933,-38.140858,nan
2024-06-07T15:29:49,84.205933,-38.140465,nan
2024-06-07T15:29:49,84.205933,-38.140068,nan
2024-06-07T15:29:48,84.205940,-38.139679,nan
2024-06-07T15:29:48,84.205940,-38.139294,nan
2024-06-07T15:29:47,84.205940,-38.138912,nan
2024-06-07T15:29:47,84.205940,-38.138535,nan
2024-06-07T15:29:46,84.205940,-38.138165,nan
2024-06-07T15:29:46,84.205940,-38.137794,nan
2024-06-07T15:29:45,84.205940,-38.137428,nan
2024-06-07T15:29:44,84.205948,-38.136707,nan
2024-06-07T15:29:44,84.205948,-38.136356,nan
2024-06-07T15:29:43,84.205948,-38.136009,nan
2024-06-07T15:29:43,84.205948,-38.135666,nan
2024-06-07T15:29:42,84.205948,-38.135330,nan
2024-06-07T15:29:42,84.205948,-38.134995,nan
2024-06-07T15:29:41,84.205948,-38.134663,nan
2024-06-07T15:29:41,84.205948,-38.134331,nan
2024-06-07T15:29:40,84.205948,-38.134007,nan
2024-06-07T15:29:40,84.205948,-38.133678,nan
2024-06-07T15:29:39,84.205948,-38.133350,nan
2024-06-07T15:29:39,84.205948,-38.133022,nan
2024-06-07T15:29:38,84.205948,-38.132694,nan
2024-06-07T15:29:38,84.205956,-38.132370,nan
2024-06-07T15:29:37,84.205956,-38.132046,nan
2024-06-07T15:29:37,84.205956,-38.131725,nan
2024-06-07T15:29:36,84.205956,-38.131416,nan
2024-06-07T15:29:36,84.205956,-38.131104,nan
2024-06-07T15:29:35,84.205963,-38.130791,nan
2024-06-07T15:29:35,84.205963,-38.130482,nan
2024-06-07T15:29:34,84.205963,-38.130169,nan
2024-06-07T15:29:34,84.205963,-38.129856,nan
2024-06-07T15:29:33,84.205971,-38.129543,nan
2024-06-07T15:29:33,84.205971,-38.129234,nan
2024-06-07T15:29:32,84.205971,-38.128925,nan
2024-06-07T15:29:32,84.205971,-38.128624,nan
2024-06-07T15:29:31,84.205971,-38.128330,nan
2024-06-07T15:29:31,84.205978,-38.128044,nan
2024-06-07T15:29:30,84.205978,-38.127766,nan
2024-06-07T15:29:30,84.205978,-38.127499,nan
2024-06-07T15:29:29,84.205978,-38.127235,nan
2024-06-07T15:29:29,84.205986,-38.126980,nan
2024-06-07T15:29:28,84.205986,-38.126736,nan
2024-06-07T15:29:28,84.205986,-38.126499,nan
2024-06-07T15:29:27,84.205994,-38.126270,nan
2024-06-07T15:29:27,84.205994,-38.126053,nan
2024-06-07T15:29:26,84.206001,-38.125843,nan
2024-06-07T15:29:26,84.206001,-38.125633,nan
2024-06-07T15:29:25,84.206001,-38.125427,nan
2024-06-07T15:29:25,84.206009,-38.125225,nan
2024-06-07T15:29:24,84.206009,-38.125027,nan
2024-06-07T15:29:24,84.206017,-38.124832,nan
2024-06-07T15:29:23,84.206017,-38.124645,nan
2024-06-07T15:29:23,84.206024,-38.124458,nan
2024-06-07T15:29:22,84.206032,-38.124275,nan
2024-06-07T15:29:22,84.206032,-38.124096,nan
2024-06-07T15:29:21,84.206039,-38.123913,nan
2024-06-07T15:29:21,84.206047,-38.123734,nan
2024-06-07T15:29:20,84.206047,-38.123547,nan
2024-06-07T15:29:20,84.206055,-38.123360,nan
2024-06-07T15:29:19,84.206055,-38.123165,nan
2024-06-07T15:29:18,84.206070,-38.122768,nan
2024-06-07T15:29:18,84.206070,-38.122559,nan
2024-06-07T15:29:17,84.206078,-38.122349,nan
2024-06-07T15:29:17,84.206078,-38.122143,nan
2024-06-07T15:29:16,84.206085,-38.121925,nan
2024-06-07T15:29:16,84.206085,-38.121704,nan
2024-06-07T15:29:15,84.206093,-38.121483,nan
2024-06-07T15:29:15,84.206093,-38.121246,nan
2024-06-07T15:29:12,84.206108,-38.119755,nan
2024-06-07T15:29:11,84.206116,-38.119225,nan
2024-06-07T15:29:10,84.206116,-38.118958,nan
2024-06-07T15:29:10,84.206123,-38.118694,nan
2024-06-07T15:29:09,84.206123,-38.118439,nan
2024-06-07T15:29:09,84.206123,-38.118187,nan
2024-06-07T15:29:08,84.206131,-38.117931,nan
2024-06-07T15:29:08,84.206131,-38.117687,nan
2024-06-07T15:29:07,84.206131,-38.117447,nan
2024-06-07T15:29:07,84.206131,-38.117210,nan
2024-06-07T15:29:06,84.206139,-38.116974,nan
2024-06-07T15:29:06,84.206139,-38.116745,nan
2024-06-07T15:29:05,84.206146,-38.116512,nan
2024-06-07T15:29:05,84.206146,-38.116276,nan
2024-06-07T15:29:04,84.206146,-38.116039,nan
2024-06-07T15:29:04,84.206154,-38.115807,nan
2024-06-07T15:29:03,84.206154,-38.115570,nan
2024-06-07T15:29:03,84.206161,-38.115334,nan
2024-06-07T15:29:02,84.206161,-38.115089,nan
2024-06-07T15:29:02,84.206169,-38.114845,nan
2024-06-07T15:29:01,84.206169,-38.114601,nan
2024-06-07T15:29:00,84.206177,-38.113846,nan
2024-06-07T15:28:58,84.206184,-38.113098,nan
2024-06-07T15:28:57,84.206184,-38.112614,nan
2024-06-07T15:28:57,84.206184,-38.112377,nan
2024-06-07T15:28:56,84.206192,-38.111916,nan
2024-06-07T15:28:55,84.206192,-38.111687,nan
2024-06-07T15:28:55,84.206192,-38.111462,nan
2024-06-07T15:28:54,84.206192,-38.111237,nan
2024-06-07T15:28:54,84.206200,-38.111015,nan
2024-06-07T15:28:53,84.206200,-38.110790,nan
2024-06-07T15:28:53,84.206200,-38.110569,nan
2024-06-07T15:28:52,84.206207,-38.110348,nan
2024-06-07T15:28:52,84.206207,-38.110119,nan
2024-06-07T15:28:51,84.206207,-38.109890,nan
2024-06-07T15:28:51,84.206215,-38.109657,nan
2024-06-07T15:28:49,84.206223,-38.108948,nan
2024-06-07T15:28:49,84.206230,-38.108715,nan
2024-06-07T15:28:48,84.206230,-38.108482,nan
2024-06-07T15:28:48,84.206238,-38.108250,nan
2024-06-07T15:28:47,84.206238,-38.108017,nan
2024-06-07T15:28:47,84.206245,-38.107788,nan
2024-06-07T15:28:46,84.206245,-38.107555,nan
2024-06-07T15:28:46,84.206245,-38.107327,nan
2024-06-07T15:28:45,84.206253,-38.107094,nan
2024-06-07T15:28:45,84.206253,-38.106861,nan
2024-06-07T15:28:44,84.206253,-38.106628,nan
2024-06-07T15:28:44,84.206261,-38.106396,nan
2024-06-07T15:28:43,84.206261,-38.106163,nan
2024-06-07T15:28:43,84.206261,-38.105930,nan
2024-06-07T15:28:42,84.206268,-38.105705,nan
2024-06-07T15:28:42,84.206268,-38.105476,nan
2024-06-07T15:28:41,84.206268,-38.105247,nan
2024-06-07T15:28:41,84.206276,-38.105022,nan
2024-06-07T15:28:40,84.206276,-38.104790,nan
2024-06-07T15:28:40,84.206276,-38.104557,nan
2024-06-07T15:28:39,84.206284,-38.104321,nan
2024-06-07T15:28:39,84.206284,-38.104080,nan
2024-06-07T15:28:38,84.206284,-38.103840,nan
2024-06-07T15:28:38,84.206291,-38.103596,nan
2024-06-07T15:28:37,84.206291,-38.103348,nan
2024-06-07T15:28:37,84.206291,-38.103100,nan
2024-06-07T15:28:36,84.206299,-38.102852,nan
2024-06-07T15:28:36,84.206299,-38.102596,nan
2024-06-07T15:28:35,84.206299,-38.102345,nan
2024-06-07T15:28:35,84.206306,-38.102089,nan
2024-06-07T15:28:34,84.206306,-38.101837,nan
2024-06-07T15:28:34,84.206306,-38.101585,nan
2024-06-07T15:28:33,84.206314,-38.101334,nan
2024-06-07T15:28:33,84.206314,-38.101089,nan
2024-06-07T15:28:32,84.206322,-38.100842,nan
2024-06-07T15:28:32,84.206322,-38.100601,nan
2024-06-07T15:28:31,84.206322,-38.100361,nan
2024-06-07T15:28:31,84.206329,-38.100128,nan
2024-06-07T15:28:30,84.206329,-38.099895,nan
2024-06-07T15:28:30,84.206329,-38.099667,nan
2024-06-07T15:28:29,84.206329,-38.099438,nan
2024-06-07T15:28:29,84.206337,-38.099213,nan
2024-06-07T15:28:28,84.206337,-38.098988,nan
2024-06-07T15:28:28,84.206337,-38.098766,nan
2024-06-07T15:28:27,84.206337,-38.098553,nan
2024-06-07T15:28:27,84.206337,-38.098339,nan
2024-06-07T15:28:26,84.206337,-38.097919,nan
2024-06-07T15:28:25,84.206337,-38.097713,nan
2024-06-07T15:28:25,84.206337,-38.097507,nan
2024-06-07T15:28:24,84.206337,-38.097301,nan
2024-06-07T15:28:24,84.206337,-38.097099,nan
2024-06-07T15:28:23,84.206337,-38.096901,nan
2024-06-07T15:28:23,84.206337,-38.096703,nan
2024-06-07T15:28:22,84.206337,-38.096504,nan
2024-06-07T15:28:22,84.206337,-38.096306,nan
2024-06-07T15:28:21,84.206337,-38.096104,nan
2024-06-07T15:28:21,84.206337,-38.095909,nan
2024-06-07T15:28:20,84.206337,-38.095715,nan
2024-06-07T15:28:20,84.206337,-38.095516,nan
2024-06-07T15:28:19,84.206345,-38.095322,nan
2024-06-07T15:28:19,84.206345,-38.095127,nan
2024-06-07T15:28:18,84.206345,-38.094929,nan
2024-06-07T15:28:18,84.206345,-38.094730,nan
2024-06-07T15:28:17,84.206345,-38.094536,nan
2024-06-07T15:28:17,84.206345,-38.094341,nan
2024-06-07T15:28:16,84.206352,-38.094151,nan
2024-06-07T15:28:16,84.206352,-38.093952,nan
2024-06-07T15:28:15,84.206352,-38.093758,nan
2024-06-07T15:28:15,84.206352,-38.093559,nan
2024-06-07T15:28:14,84.206360,-38.093369,nan
2024-06-07T15:28:14,84.206360,-38.093178,nan
2024-06-07T15:28:13,84.206360,-38.092987,nan
2024-06-07T15:28:13,84.206360,-38.092800,nan
2024-06-07T15:28:12,84.206367,-38.092617,nan
2024-06-07T15:28:12,84.206367,-38.092434,nan
2024-06-07T15:28:11,84.206367,-38.092255,nan
2024-06-07T15:28:11,84.206367,-38.092075,nan
2024-06-07T15:28:10,84.206367,-38.091892,nan
2024-06-07T15:28:10,84.206375,-38.091717,nan
2024-06-07T15:28:09,84.206375,-38.091541,nan
2024-06-07T15:28:09,84.206375,-38.091362,nan
2024-06-07T15:28:08,84.206375,-38.091187,nan
2024-06-07T15:28:08,84.206375,-38.091007,nan
2024-06-07T15:28:07,84.206383,-38.090832,nan
2024-06-07T15:28:07,84.206383,-38.090652,nan
2024-06-07T15:28:06,84.206383,-38.090481,nan
2024-06-07T15:28:06,84.206375,-38.090305,nan
2024-06-07T15:28:05,84.206375,-38.090134,nan
2024-06-07T15:28:05,84.206375,-38.089962,nan
2024-06-07T15:28:04,84.206375,-38.089790,nan
2024-06-07T15:28:04,84.206375,-38.089615,nan
2024-06-07T15:28:03,84.206375,-38.089443,nan
2024-06-07T15:28:02,84.206367,-38.089100,nan
2024-06-07T15:28:02,84.206367,-38.088928,nan
2024-06-07T15:28:01,84.206360,-38.088760,nan
2024-06-07T15:28:01,84.206360,-38.088589,nan
2024-06-07T15:28:00,84.206360,-38.088417,nan
2024-06-07T15:28:00,84.206352,-38.088249,nan
2024-06-07T15:27:59,84.206352,-38.088078,nan
2024-06-07T15:27:59,84.206352,-38.087914,nan
2024-06-07T15:27:58,84.206345,-38.087749,nan
2024-06-07T15:27:58,84.206345,-38.087585,nan
2024-06-07T15:27:57,84.206345,-38.087418,nan
2024-06-07T15:27:57,84.206345,-38.087254,nan
2024-06-07T15:27:56,84.206337,-38.087090,nan
2024-06-07T15:27:56,84.206337,-38.086929,nan
2024-06-07T15:27:55,84.206337,-38.086765,nan
2024-06-07T15:27:55,84.206337,-38.086605,nan
2024-06-07T15:27:54,84.206329,-38.086445,nan
2024-06-07T15:27:54,84.206329,-38.086288,nan
2024-06-07T15:27:53,84.206329,-38.086132,nan
2024-06-07T15:27:53,84.206329,-38.085983,nan
2024-06-07T15:27:52,84.206329,-38.085838,nan
2024-06-07T15:27:52,84.206329,-38.085690,nan
2024-06-07T15:27:51,84.206329,-38.085552,nan
2024-06-07T15:27:51,84.206329,-38.085419,nan
2024-06-07T15:27:50,84.206329,-38.085289,nan
2024-06-07T15:27:50,84.206329,-38.085163,nan
2024-06-07T15:27:49,84.206329,-38.085045,nan
2024-06-07T15:27:49,84.206322,-38.084923,nan
2024-06-07T15:27:48,84.206322,-38.084808,nan
2024-06-07T15:27:48,84.206322,-38.084698,nan
2024-06-07T15:27:47,84.206322,-38.084583,nan
2024-06-07T15:27:47,84.206322,-38.084473,nan
2024-06-07T15:27:46,84.206322,-38.084366,nan
2024-06-07T15:27:46,84.206322,-38.084255,nan
2024-06-07T15:27:45,84.206322,-38.084148,nan
2024-06-07T15:27:45,84.206322,-38.084045,nan
2024-06-07T15:27:44,84.206322,-38.083942,nan
2024-06-07T15:27:44,84.206322,-38.083847,nan
2024-06-07T15:27:43,84.206322,-38.083752,nan
2024-06-07T15:27:43,84.206329,-38.083660,nan
2024-06-07T15:27:42,84.206329,-38.083569,nan
2024-06-07T15:27:42,84.206337,-38.083473,nan
2024-06-07T15:27:41,84.206337,-38.083378,nan
2024-06-07T15:27:41,84.206345,-38.083282,nan
2024-06-07T15:27:40,84.206345,-38.083195,nan
2024-06-07T15:27:40,84.206352,-38.083111,nan
2024-06-07T15:27:39,84.206352,-38.083031,nan
2024-06-07T15:27:39,84.206360,-38.082947,nan
2024-06-07T15:27:38,84.206360,-38.082870,nan
2024-06-07T15:27:38,84.206360,-38.082794,nan
2024-06-07T15:27:37,84.206360,-38.082718,nan
2024-06-07T15:27:37,84.206360,-38.082645,nan
2024-06-07T15:27:36,84.206360,-38.082573,nan
2024-06-07T15:27:36,84.206360,-38.082504,nan
2024-06-07T15:27:35,84.206360,-38.082436,nan
2024-06-07T15:27:35,84.206360,-38.082367,nan
2024-06-07T15:27:34,84.206360,-38.082298,nan
2024-06-07T15:27:34,84.206360,-38.082233,nan
2024-06-07T15:27:33,84.206360,-38.082169,nan
2024-06-07T15:27:33,84.206352,-38.082108,nan
2024-06-07T15:27:32,84.206352,-38.082047,nan
2024-06-07T15:27:32,84.206352,-38.081985,nan
2024-06-07T15:27:31,84.206352,-38.081932,nan
2024-06-07T15:27:31,84.206352,-38.081879,nan
2024-06-07T15:27:30,84.206352,-38.081833,nan
2024-06-07T15:27:30,84.206352,-38.081791,nan
2024-06-07T15:27:29,84.206352,-38.081753,nan
2024-06-07T15:27:29,84.206360,-38.081718,nan
2024-06-07T15:27:28,84.206360,-38.081688,nan
2024-06-07T15:27:28,84.206360,-38.081661,nan
2024-06-07T15:27:27,84.206360,-38.081638,nan
2024-06-07T15:27:27,84.206360,-38.081627,nan
2024-06-07T15:27:26,84.206360,-38.081612,nan
2024-06-07T15:27:26,84.206360,-38.081604,nan
2024-06-07T15:27:25,84.206360,-38.081604,nan
2024-06-07T15:27:25,84.206367,-38.081604,nan
2024-06-07T15:27:24,84.206367,-38.081608,nan
2024-06-07T15:27:24,84.206367,-38.081612,nan
2024-06-07T15:27:23,84.206367,-38.081615,nan
2024-06-07T15:27:23,84.206367,-38.081612,nan
2024-06-07T15:27:22,84.206367,-38.081612,nan
2024-06-07T15:27:22,84.206367,-38.081608,nan
2024-06-07T15:27:21,84.206375,-38.081600,nan
2024-06-07T15:27:21,84.206375,-38.081600,nan
2024-06-07T15:27:20,84.206375,-38.081596,nan
2024-06-07T15:27:20,84.206383,-38.081593,nan
2024-06-07T15:27:19,84.206383,-38.081600,nan
2024-06-07T15:27:19,84.206383,-38.081608,nan
2024-06-07T15:27:18,84.206383,-38.081619,nan
2024-06-07T15:27:18,84.206383,-38.081631,nan
2024-06-07T15:27:17,84.206390,-38.081646,nan
2024-06-07T15:27:17,84.206390,-38.081657,nan
2024-06-07T15:27:16,84.206398,-38.081673,nan
2024-06-07T15:27:16,84.206398,-38.081692,nan
2024-06-07T15:27:15,84.206406,-38.081715,nan
2024-06-07T15:27:15,84.206406,-38.081741,nan
2024-06-07T15:27:14,84.206413,-38.081772,nan
2024-06-07T15:27:14,84.206421,-38.081802,nan
2024-06-07T15:27:13,84.206421,-38.081833,nan
2024-06-07T15:27:13,84.206429,-38.081860,nan
2024-06-07T15:27:12,84.206436,-38.081886,nan
2024-06-07T15:27:12,84.206444,-38.081913,nan
2024-06-07T15:27:11,84.206444,-38.081940,nan
2024-06-07T15:27:11,84.206451,-38.081966,nan
2024-06-07T15:27:10,84.206459,-38.081993,nan
2024-06-07T15:27:10,84.206467,-38.082016,nan
2024-06-07T15:27:09,84.206467,-38.082039,nan
2024-06-07T15:27:09,84.206474,-38.082062,nan
2024-06-07T15:27:08,84.206482,-38.082081,nan
2024-06-07T15:27:08,84.206482,-38.082104,nan
2024-06-07T15:27:07,84.206490,-38.082127,nan
2024-06-07T15:27:07,84.206497,-38.082146,nan
2024-06-07T15:27:06,84.206497,-38.082169,nan
2024-06-07T15:27:06,84.206505,-38.082195,nan
2024-06-07T15:27:05,84.206512,-38.082226,nan
2024-06-07T15:27:05,84.206520,-38.082253,nan
2024-06-07T15:27:04,84.206520,-38.082287,nan
2024-06-07T15:27:04,84.206528,-38.082321,nan
2024-06-07T15:27:03,84.206535,-38.082359,nan
2024-06-07T15:27:03,84.206543,-38.082401,nan
2024-06-07T15:27:02,84.206551,-38.082443,nan
2024-06-07T15:27:02,84.206558,-38.082485,nan
2024-06-07T15:27:01,84.206558,-38.082531,nan
2024-06-07T15:27:01,84.206566,-38.082577,nan
2024-06-07T15:27:00,84.206573,-38.082626,nan
2024-06-07T15:27:00,84.206581,-38.082684,nan
2024-06-07T15:26:59,84.206589,-38.082741,nan
2024-06-07T15:26:59,84.206596,-38.082802,nan
2024-06-07T15:26:58,84.206604,-38.082863,nan
2024-06-07T15:26:58,84.206612,-38.082924,nan
2024-06-07T15:26:57,84.206619,-38.082985,nan
2024-06-07T15:26:57,84.206627,-38.083046,nan
2024-06-07T15:26:56,84.206635,-38.083107,nan
2024-06-07T15:26:56,84.206642,-38.083172,nan
2024-06-07T15:26:55,84.206650,-38.083241,nan
2024-06-07T15:26:55,84.206657,-38.083309,nan
2024-06-07T15:26:54,84.206673,-38.083385,nan
2024-06-07T15:26:54,84.206673,-38.083462,nan
2024-06-07T15:26:53,84.206680,-38.083538,nan
2024-06-07T15:26:53,84.206696,-38.083614,nan
2024-06-07T15:26:52,84.206696,-38.083698,nan
2024-06-07T15:26:52,84.206703,-38.083782,nan
2024-06-07T15:26:51,84.206711,-38.083862,nan
2024-06-07T15:26:51,84.206718,-38.083942,nan
2024-06-07T15:26:50,84.206726,-38.084023,nan
2024-06-07T15:26:50,84.206734,-38.084103,nan
2024-06-07T15:26:49,84.206734,-38.084187,nan
2024-06-07T15:26:49,84.206741,-38.084267,nan
2024-06-07T15:26:48,84.206749,-38.084347,nan
2024-06-07T15:26:48,84.206757,-38.084427,nan
2024-06-07T15:26:47,84.206764,-38.084511,nan
2024-06-07T15:26:47,84.206764,-38.084587,nan
2024-06-07T15:26:46,84.206772,-38.084667,nan
2024-06-07T15:26:46,84.206779,-38.084747,nan
2024-06-07T15:26:45,84.206787,-38.084827,nan
2024-06-07T15:26:45,84.206795,-38.084904,nan
2024-06-07T15:26:44,84.206802,-38.084984,nan
2024-06-07T15:26:44,84.206802,-38.085064,nan
2024-06-07T15:26:43,84.206810,-38.085140,nan
2024-06-07T15:26:43,84.206818,-38.085224,nan
2024-06-07T15:26:42,84.206825,-38.085300,nan
2024-06-07T15:26:42,84.206825,-38.085384,nan
2024-06-07T15:26:41,84.206833,-38.085472,nan
2024-06-07T15:26:41,84.206841,-38.085556,nan
2024-06-07T15:26:40,84.206848,-38.085644,nan
2024-06-07T15:26:40,84.206856,-38.085735,nan
2024-06-07T15:26:39,84.206856,-38.085823,nan
2024-06-07T15:26:39,84.206863,-38.085915,nan
2024-06-07T15:26:38,84.206871,-38.086006,nan
2024-06-07T15:26:38,84.206879,-38.086102,nan
2024-06-07T15:26:37,84.206879,-38.086197,nan
2024-06-07T15:26:37,84.206886,-38.086292,nan
2024-06-07T15:26:36,84.206894,-38.086388,nan
2024-06-07T15:26:36,84.206902,-38.086483,nan
2024-06-07T15:26:35,84.206902,-38.086578,nan
2024-06-07T15:26:35,84.206909,-38.086674,nan
2024-06-07T15:26:34,84.206917,-38.086769,nan
2024-06-07T15:26:34,84.206924,-38.086872,nan
2024-06-07T15:26:33,84.206924,-38.086975,nan
2024-06-07T15:26:33,84.206932,-38.087082,nan
2024-06-07T15:26:32,84.206940,-38.087196,nan
2024-06-07T15:26:32,84.206940,-38.087311,nan
2024-06-07T15:26:31,84.206947,-38.087429,nan
2024-06-07T15:26:31,84.206955,-38.087547,nan
2024-06-07T15:26:30,84.206955,-38.087669,nan
2024-06-07T15:26:30,84.206963,-38.087788,nan
2024-06-07T15:26:29,84.206970,-38.087910,nan
2024-06-07T15:26:29,84.206970,-38.088028,nan
2024-06-07T15:26:28,84.206978,-38.088146,nan
2024-06-07T15:26:28,84.206985,-38.088264,nan
2024-06-07T15:26:27,84.206985,-38.088387,nan
2024-06-07T15:26:27,84.206993,-38.088505,nan
2024-06-07T15:26:26,84.207001,-38.088631,nan
2024-06-07T15:26:26,84.207008,-38.088757,nan
2024-06-07T15:26:25,84.207016,-38.088886,nan
2024-06-07T15:26:25,84.207024,-38.089020,nan
2024-06-07T15:26:24,84.207031,-38.089157,nan
2024-06-07T15:26:24,84.207039,-38.089302,nan
2024-06-07T15:26:23,84.207047,-38.089451,nan
2024-06-07T15:26:23,84.207054,-38.089603,nan
2024-06-07T15:26:22,84.207062,-38.089764,nan
2024-06-07T15:26:22,84.207069,-38.089920,nan
2024-06-07T15:26:21,84.207077,-38.090076,nan
2024-06-07T15:26:21,84.207085,-38.090237,nan
2024-06-07T15:26:20,84.207092,-38.090393,nan
2024-06-07T15:26:20,84.207100,-38.090553,nan
2024-06-07T15:26:19,84.207108,-38.090710,nan
2024-06-07T15:26:19,84.207115,-38.090866,nan
2024-06-07T15:26:18,84.207123,-38.091022,nan
2024-06-07T15:26:18,84.207130,-38.091179,nan
2024-06-07T15:26:17,84.207146,-38.091335,nan
2024-06-07T15:26:17,84.207153,-38.091488,nan
2024-06-07T15:26:16,84.207161,-38.091644,nan
2024-06-07T15:26:16,84.207169,-38.091797,nan
2024-06-07T15:26:15,84.207176,-38.091961,nan
2024-06-07T15:26:15,84.207184,-38.092125,nan
2024-06-07T15:26:14,84.207191,-38.092293,nan
2024-06-07T15:26:14,84.207207,-38.092464,nan
2024-06-07T15:26:13,84.207214,-38.092644,nan
2024-06-07T15:26:13,84.207222,-38.092827,nan
2024-06-07T15:26:12,84.207230,-38.093018,nan
2024-06-07T15:26:12,84.207237,-38.093216,nan
2024-06-07T15:26:11,84.207253,-38.093426,nan
2024-06-07T15:26:11,84.207260,-38.093632,nan
2024-06-07T15:26:10,84.207268,-38.093842,nan
2024-06-07T15:26:10,84.207275,-38.094059,nan
2024-06-07T15:26:09,84.207283,-38.094276,nan
2024-06-07T15:26:09,84.207298,-38.094490,nan
2024-06-07T15:26:08,84.207306,-38.094715,nan
2024-06-07T15:26:08,84.207314,-38.094940,nan
2024-06-07T15:26:07,84.207329,-38.095177,nan
2024-06-07T15:26:07,84.207336,-38.095413,nan
2024-06-07T15:26:06,84.207344,-38.095657,nan
2024-06-07T15:26:06,84.207352,-38.095901,nan
2024-06-07T15:26:05,84.207359,-38.096153,nan
2024-06-07T15:26:05,84.207375,-38.096413,nan
2024-06-07T15:26:04,84.207382,-38.096672,nan
2024-06-07T15:26:04,84.207390,-38.096935,nan
2024-06-07T15:26:03,84.207397,-38.097206,nan
2024-06-07T15:26:03,84.207405,-38.097481,nan
2024-06-07T15:26:02,84.207413,-38.097755,nan
2024-06-07T15:26:02,84.207420,-38.098038,nan
2024-06-07T15:26:01,84.207428,-38.098320,nan
2024-06-07T15:26:01,84.207436,-38.098606,nan
2024-06-07T15:26:00,84.207443,-38.098896,nan
2024-06-07T15:26:00,84.207451,-38.099190,nan
2024-06-07T15:25:59,84.207458,-38.099487,nan
2024-06-07T15:25:59,84.207466,-38.099789,nan
2024-06-07T15:25:58,84.207474,-38.100090,nan
2024-06-07T15:25:58,84.207481,-38.100395,nan
2024-06-07T15:25:57,84.207489,-38.100708,nan
2024-06-07T15:25:57,84.207497,-38.101017,nan
2024-06-07T15:25:56,84.207497,-38.101334,nan
2024-06-07T15:25:56,84.207504,-38.101654,nan
2024-06-07T15:25:55,84.207512,-38.101974,nan
2024-06-07T15:25:55,84.207520,-38.102299,nan
2024-06-07T15:25:54,84.207527,-38.102627,nan
2024-06-07T15:25:54,84.207535,-38.102955,nan
2024-06-07T15:25:53,84.207542,-38.103291,nan
2024-06-07T15:25:53,84.207542,-38.103630,nan
2024-06-07T15:25:52,84.207550,-38.103973,nan
2024-06-07T15:25:52,84.207558,-38.104321,nan
2024-06-07T15:25:51,84.207565,-38.104668,nan
2024-06-07T15:25:51,84.207573,-38.105015,nan
2024-06-07T15:25:50,84.207573,-38.105362,nan
2024-06-07T15:25:50,84.207581,-38.105705,nan
2024-06-07T15:25:49,84.207588,-38.106049,nan
2024-06-07T15:25:49,84.207596,-38.106396,nan
2024-06-07T15:25:48,84.207603,-38.106739,nan
2024-06-07T15:25:48,84.207603,-38.107082,nan
2024-06-07T15:25:47,84.207611,-38.107426,nan
2024-06-07T15:25:47,84.207619,-38.107777,nan
2024-06-07T15:25:46,84.207626,-38.108128,nan
2024-06-07T15:25:46,84.207634,-38.108479,nan
2024-06-07T15:25:45,84.207634,-38.108826,nan
2024-06-07T15:25:45,84.207642,-38.109177,nan
2024-06-07T15:25:44,84.207649,-38.109528,nan
2024-06-07T15:25:44,84.207649,-38.109875,nan
2024-06-07T15:25:43,84.207657,-38.110226,nan
2024-06-07T15:25:43,84.207664,-38.110580,nan
2024-06-07T15:25:42,84.207664,-38.110931,nan
2024-06-07T15:25:42,84.207664,-38.111279,nan
2024-06-07T15:25:41,84.207664,-38.111629,nan
2024-06-07T15:25:41,84.207672,-38.111980,nan
2024-06-07T15:25:40,84.207672,-38.112328,nan
2024-06-07T15:25:40,84.207672,-38.112679,nan
2024-06-07T15:25:39,84.207672,-38.113029,nan
2024-06-07T15:25:39,84.207680,-38.113380,nan
2024-06-07T15:25:38,84.207680,-38.113735,nan
2024-06-07T15:25:38,84.207680,-38.114082,nan
2024-06-07T15:25:37,84.207680,-38.114437,nan
2024-06-07T15:25:37,84.207687,-38.114792,nan
2024-06-07T15:25:36,84.207687,-38.115143,nan
2024-06-07T15:25:36,84.207687,-38.115498,nan
2024-06-07T15:25:35,84.207687,-38.115856,nan
2024-06-07T15:25:35,84.207695,-38.116219,nan
2024-06-07T15:25:34,84.207695,-38.116585,nan
2024-06-07T15:25:34,84.207695,-38.116947,nan
2024-06-07T15:25:33,84.207703,-38.117313,nan
2024-06-07T15:25:33,84.207703,-38.117680,nan
2024-06-07T15:25:32,84.207703,-38.118046,nan
2024-06-07T15:25:32,84.207710,-38.118412,nan
2024-06-07T15:25:31,84.207710,-38.118774,nan
2024-06-07T15:25:31,84.207710,-38.119137,nan
2024-06-07T15:25:30,84.207718,-38.119499,nan
2024-06-07T15:25:30,84.207718,-38.119862,nan
2024-06-07T15:25:29,84.207726,-38.120228,nan
2024-06-07T15:25:29,84.207726,-38.120598,nan
2024-06-07T15:25:28,84.207733,-38.120968,nan
2024-06-07T15:25:28,84.207733,-38.121338,nan
2024-06-07T15:25:27,84.207741,-38.121708,nan
2024-06-07T15:25:27,84.207741,-38.122082,nan
2024-06-07T15:25:26,84.207748,-38.122456,nan
2024-06-07T15:25:26,84.207748,-38.122833,nan
2024-06-07T15:25:25,84.207756,-38.123215,nan
2024-06-07T15:25:25,84.207764,-38.123592,nan
2024-06-07T15:25:24,84.207764,-38.123978,nan
2024-06-07T15:25:24,84.207764,-38.124359,nan
2024-06-07T15:25:23,84.207771,-38.124744,nan
2024-06-07T15:25:23,84.207771,-38.125130,nan
2024-06-07T15:25:22,84.207771,-38.125511,nan
2024-06-07T15:25:22,84.207771,-38.125900,nan
2024-06-07T15:25:21,84.207779,-38.126286,nan
2024-06-07T15:25:21,84.207779,-38.126671,nan
2024-06-07T15:25:20,84.207779,-38.127056,nan
2024-06-07T15:25:20,84.207779,-38.127441,nan
2024-06-07T15:25:19,84.207787,-38.127827,nan
2024-06-07T15:25:19,84.207787,-38.128220,nan
2024-06-07T15:25:18,84.207787,-38.128609,nan
2024-06-07T15:25:18,84.207787,-38.128998,nan
2024-06-07T15:25:17,84.207794,-38.129395,nan
2024-06-07T15:25:17,84.207794,-38.129795,nan
2024-06-07T15:25:16,84.207794,-38.130199,nan
2024-06-07T15:25:16,84.207802,-38.130608,nan
2024-06-07T15:25:15,84.207802,-38.131016,nan
2024-06-07T15:25:15,84.207809,-38.131424,nan
2024-06-07T15:25:14,84.207809,-38.131832,nan
2024-06-07T15:25:14,84.207809,-38.132248,nan
2024-06-07T15:25:13,84.207817,-38.132664,nan
2024-06-07T15:25:13,84.207817,-38.133083,nan
2024-06-07T15:25:12,84.207817,-38.133503,nan
2024-06-07T15:25:12,84.207817,-38.133926,nan
2024-06-07T15:25:11,84.207817,-38.134354,nan
2024-06-07T15:25:11,84.207817,-38.134781,nan
2024-06-07T15:25:10,84.207817,-38.135212,nan
2024-06-07T15:25:10,84.207817,-38.135647,nan
2024-06-07T15:25:09,84.207817,-38.136082,nan
2024-06-07T15:25:09,84.207817,-38.136520,nan
2024-06-07T15:25:08,84.207817,-38.136955,nan
2024-06-07T15:25:08,84.207817,-38.137398,nan
2024-06-07T15:25:07,84.207817,-38.137840,nan
2024-06-07T15:25:07,84.207817,-38.138287,nan
2024-06-07T15:25:06,84.207817,-38.138737,nan
2024-06-07T15:25:06,84.207809,-38.139187,nan
2024-06-07T15:25:05,84.207809,-38.139641,nan
2024-06-07T15:25:05,84.207809,-38.140099,nan
2024-06-07T15:25:04,84.207809,-38.140560,nan
2024-06-07T15:25:04,84.207802,-38.141026,nan
2024-06-07T15:25:03,84.207802,-38.141495,nan
2024-06-07T15:25:03,84.207794,-38.141964,nan
2024-06-07T15:25:02,84.207794,-38.142433,nan
2024-06-07T15:25:02,84.207787,-38.142910,nan
2024-06-07T15:25:01,84.207787,-38.143391,nan
2024-06-07T15:25:01,84.207787,-38.143867,nan
2024-06-07T15:25:00,84.207779,-38.144348,nan
2024-06-07T15:25:00,84.207771,-38.144833,nan
2024-06-07T15:24:59,84.207771,-38.145317,nan
2024-06-07T15:24:59,84.207764,-38.145805,nan
2024-06-07T15:24:58,84.207764,-38.146301,nan
2024-06-07T15:24:58,84.207756,-38.146797,nan
2024-06-07T15:24:57,84.207756,-38.147297,nan
2024-06-07T15:24:57,84.207756,-38.147797,nan
2024-06-07T15:24:56,84.207748,-38.148296,nan
2024-06-07T15:24:56,84.207748,-38.148800,nan
2024-06-07T15:24:55,84.207748,-38.149300,nan
2024-06-07T15:24:55,84.207741,-38.149799,nan
2024-06-07T15:24:54,84.207741,-38.150303,nan
2024-06-07T15:24:54,84.207741,-38.150799,nan
2024-06-07T15:24:53,84.207741,-38.151299,nan
2024-06-07T15:24:53,84.207741,-38.151794,nan
2024-06-07T15:24:52,84.207741,-38.152290,nan
2024-06-07T15:24:52,84.207741,-38.152786,nan
2024-06-07T15:24:51,84.207741,-38.153282,nan
2024-06-07T15:24:51,84.207741,-38.153782,nan
2024-06-07T15:24:50,84.207741,-38.154282,nan
2024-06-07T15:24:50,84.207741,-38.154781,nan
2024-06-07T15:24:49,84.207741,-38.155285,nan
2024-06-07T15:24:49,84.207741,-38.155785,nan
2024-06-07T15:24:48,84.207741,-38.156288,nan
2024-06-07T15:24:48,84.207741,-38.156792,nan
2024-06-07T15:24:47,84.207741,-38.157291,nan
2024-06-07T15:24:47,84.207741,-38.157799,nan
2024-06-07T15:24:46,84.207741,-38.158302,nan
2024-06-07T15:24:46,84.207748,-38.158810,nan
2024-06-07T15:24:45,84.207748,-38.159317,nan
2024-06-07T15:24:45,84.207748,-38.159824,nan
2024-06-07T15:24:44,84.207748,-38.160336,nan
2024-06-07T15:24:44,84.207748,-38.160847,nan
2024-06-07T15:24:43,84.207748,-38.161354,nan
2024-06-07T15:24:43,84.207748,-38.161865,nan
2024-06-07T15:24:42,84.207748,-38.162376,nan
2024-06-07T15:24:42,84.207748,-38.162895,nan
2024-06-07T15:24:41,84.207748,-38.163410,nan
2024-06-07T15:24:41,84.207748,-38.163925,nan
2024-06-07T15:24:40,84.207748,-38.164436,nan
2024-06-07T15:24:40,84.207748,-38.164948,nan
2024-06-07T15:24:39,84.207748,-38.165462,nan
2024-06-07T15:24:39,84.207748,-38.165977,nan
2024-06-07T15:24:38,84.207748,-38.166489,nan
2024-06-07T15:24:38,84.207748,-38.167000,nan
2024-06-07T15:24:37,84.207748,-38.167507,nan
2024-06-07T15:24:37,84.207748,-38.168018,nan
2024-06-07T15:24:36,84.207741,-38.168530,nan
2024-06-07T15:24:36,84.207741,-38.169044,nan
2024-06-07T15:24:35,84.207741,-38.169559,nan
2024-06-07T15:24:35,84.207741,-38.170071,nan
2024-06-07T15:24:34,84.207741,-38.170582,nan
2024-06-07T15:24:34,84.207733,-38.171089,nan
2024-06-07T15:24:33,84.207733,-38.171600,nan
2024-06-07T15:24:33,84.207733,-38.172108,nan
2024-06-07T15:24:32,84.207733,-38.172615,nan
2024-06-07T15:24:32,84.207733,-38.173122,nan
2024-06-07T15:24:31,84.207733,-38.173630,nan
2024-06-07T15:24:31,84.207726,-38.174133,nan
2024-06-07T15:24:30,84.207726,-38.174637,nan
2024-06-07T15:24:30,84.207726,-38.175144,nan
2024-06-07T15:24:29,84.207726,-38.175655,nan
2024-06-07T15:24:29,84.207726,-38.176170,nan
2024-06-07T15:24:28,84.207718,-38.176689,nan
2024-06-07T15:24:28,84.207718,-38.177208,nan
2024-06-07T15:24:27,84.207718,-38.177734,nan
2024-06-07T15:24:27,84.207718,-38.178261,nan
2024-06-07T15:24:26,84.207710,-38.178791,nan
2024-06-07T15:24:26,84.207710,-38.179325,nan
2024-06-07T15:24:25,84.207710,-38.179863,nan
2024-06-07T15:24:25,84.207710,-38.180401,nan
2024-06-07T15:24:24,84.207710,-38.180943,nan
2024-06-07T15:24:24,84.207703,-38.181484,nan
2024-06-07T15:24:23,84.207703,-38.182026,nan
2024-06-07T15:24:23,84.207703,-38.182571,nan
2024-06-07T15:24:22,84.207703,-38.183125,nan
2024-06-07T15:24:22,84.207703,-38.183678,nan
2024-06-07T15:24:21,84.207703,-38.184238,nan
2024-06-07T15:24:21,84.207703,-38.184807,nan
2024-06-07T15:24:20,84.207703,-38.185375,nan
2024-06-07T15:24:20,84.207695,-38.185955,nan
2024-06-07T15:24:19,84.207695,-38.186535,nan
2024-06-07T15:24:19,84.207695,-38.187122,nan
2024-06-07T15:24:18,84.207695,-38.187714,nan
2024-06-07T15:24:18,84.207695,-38.188305,nan
2024-06-07T15:24:17,84.207695,-38.188900,nan
2024-06-07T15:24:17,84.207695,-38.189491,nan
2024-06-07T15:24:16,84.207695,-38.190083,nan
2024-06-07T15:24:16,84.207695,-38.190674,nan
2024-06-07T15:24:15,84.207687,-38.191261,nan
2024-06-07T15:24:15,84.207687,-38.191856,nan
2024-06-07T15:24:14,84.207687,-38.192448,nan
2024-06-07T15:24:14,84.207687,-38.193035,nan
2024-06-07T15:24:13,84.207687,-38.193626,nan
2024-06-07T15:24:13,84.207695,-38.194218,nan
2024-06-07T15:24:12,84.207695,-38.194805,nan
2024-06-07T15:24:12,84.207695,-38.195393,nan
2024-06-07T15:24:11,84.207695,-38.195984,nan
2024-06-07T15:24:11,84.207695,-38.196571,nan
2024-06-07T15:24:10,84.207695,-38.197163,nan
2024-06-07T15:24:10,84.207695,-38.197746,nan
2024-06-07T15:24:09,84.207695,-38.198338,nan
2024-06-07T15:24:09,84.207695,-38.198925,nan
2024-06-07T15:24:08,84.207695,-38.199516,nan
2024-06-07T15:24:08,84.207703,-38.200108,nan
2024-06-07T15:24:07,84.207703,-38.200706,nan
2024-06-07T15:24:07,84.207703,-38.201298,nan
2024-06-07T15:24:06,84.207703,-38.201897,nan
2024-06-07T15:24:06,84.207703,-38.202492,nan
2024-06-07T15:24:05,84.207703,-38.203087,nan
2024-06-07T15:24:05,84.207703,-38.203682,nan
2024-06-07T15:24:04,84.207703,-38.204281,nan
2024-06-07T15:24:04,84.207703,-38.204876,nan
2024-06-07T15:24:03,84.207703,-38.205475,nan
2024-06-07T15:24:03,84.207710,-38.206074,nan
2024-06-07T15:24:02,84.207710,-38.206673,nan
2024-06-07T15:24:02,84.207710,-38.207272,nan
2024-06-07T15:24:01,84.207710,-38.207870,nan
2024-06-07T15:24:01,84.207710,-38.208473,nan
2024-06-07T15:24:00,84.207710,-38.209072,nan
2024-06-07T15:24:00,84.207710,-38.209675,nan
2024-06-07T15:23:59,84.207710,-38.210274,nan
2024-06-07T15:23:59,84.207718,-38.210873,nan
2024-06-07T15:23:58,84.207718,-38.211472,nan
2024-06-07T15:23:58,84.207718,-38.212074,nan
2024-06-07T15:23:57,84.207718,-38.212677,nan
2024-06-07T15:23:57,84.207718,-38.213280,nan
2024-06-07T15:23:56,84.207718,-38.213886,nan
2024-06-07T15:23:56,84.207718,-38.214497,nan
2024-06-07T15:23:55,84.207718,-38.215103,nan
2024-06-07T15:23:55,84.207718,-38.215717,nan
2024-06-07T15:23:54,84.207718,-38.216328,nan
2024-06-07T15:23:54,84.207710,-38.216949,nan
2024-06-07T15:23:53,84.207710,-38.217567,nan
2024-06-07T15:23:53,84.207710,-38.218189,nan
2024-06-07T15:23:52,84.207710,-38.218815,nan
2024-06-07T15:23:52,84.207710,-38.219437,nan
2024-06-07T15:23:51,84.207703,-38.220062,nan
2024-06-07T15:23:51,84.207703,-38.220688,nan
2024-06-07T15:23:50,84.207703,-38.221313,nan
2024-06-07T15:23:50,84.207703,-38.221939,nan
2024-06-07T15:23:49,84.207695,-38.222561,nan
2024-06-07T15:23:49,84.207695,-38.223186,nan
2024-06-07T15:23:48,84.207695,-38.223812,nan
2024-06-07T15:23:48,84.207687,-38.224445,nan
2024-06-07T15:23:47,84.207687,-38.225079,nan
2024-06-07T15:23:47,84.207687,-38.225716,nan
2024-06-07T15:23:46,84.207687,-38.226353,nan
2024-06-07T15:23:46,84.207687,-38.226990,nan
2024-06-07T15:23:45,84.207687,-38.227623,nan
2024-06-07T15:23:45,84.207680,-38.228256,nan
2024-06-07T15:23:44,84.207680,-38.228889,nan
2024-06-07T15:23:44,84.207680,-38.229515,nan
2024-06-07T15:23:43,84.207680,-38.230137,nan
2024-06-07T15:23:43,84.207680,-38.230759,nan
2024-06-07T15:23:42,84.207680,-38.231380,nan
2024-06-07T15:23:42,84.207680,-38.231998,nan
2024-06-07T15:23:41,84.207680,-38.232616,nan
2024-06-07T15:23:41,84.207680,-38.233238,nan
2024-06-07T15:23:40,84.207680,-38.233856,nan
2024-06-07T15:23:40,84.207672,-38.234474,nan
2024-06-07T15:23:39,84.207672,-38.235096,nan
2024-06-07T15:23:39,84.207672,-38.235722,nan
2024-06-07T15:23:38,84.207664,-38.236347,nan
2024-06-07T15:23:38,84.207664,-38.236977,nan
2024-06-07T15:23:37,84.207657,-38.237606,nan
2024-06-07T15:23:37,84.207657,-38.238239,nan
2024-06-07T15:23:36,84.207649,-38.238876,nan
2024-06-07T15:23:36,84.207649,-38.239513,nan
2024-06-07T15:23:35,84.207649,-38.240147,nan
2024-06-07T15:23:35,84.207642,-38.240784,nan
2024-06-07T15:23:34,84.207642,-38.241417,nan
2024-06-07T15:23:34,84.207634,-38.242050,nan
2024-06-07T15:23:33,84.207634,-38.242683,nan
2024-06-07T15:23:33,84.207634,-38.243313,nan
2024-06-07T15:23:32,84.207626,-38.243942,nan
2024-06-07T15:23:32,84.207626,-38.244568,nan
2024-06-07T15:23:31,84.207626,-38.245197,nan
2024-06-07T15:23:31,84.207626,-38.245823,nan
2024-06-07T15:23:30,84.207619,-38.246445,nan
2024-06-07T15:23:30,84.207619,-38.247063,nan
2024-06-07T15:23:29,84.207619,-38.247681,nan
2024-06-07T15:23:29,84.207619,-38.248295,nan
2024-06-07T15:23:28,84.207619,-38.248909,nan
2024-06-07T15:23:28,84.207611,-38.249516,nan
2024-06-07T15:23:27,84.207611,-38.250122,nan
2024-06-07T15:23:27,84.207611,-38.250729,nan
2024-06-07T15:23:26,84.207611,-38.251331,nan
2024-06-07T15:23:26,84.207611,-38.251934,nan
2024-06-07T15:23:25,84.207611,-38.252537,nan
2024-06-07T15:23:25,84.207611,-38.253139,nan
2024-06-07T15:23:24,84.207611,-38.253742,nan
2024-06-07T15:23:24,84.207611,-38.254341,nan
2024-06-07T15:23:23,84.207611,-38.254944,nan
2024-06-07T15:23:23,84.207611,-38.255543,nan
2024-06-07T15:23:22,84.207611,-38.256142,nan
2024-06-07T15:23:22,84.207619,-38.256744,nan
2024-06-07T15:23:21,84.207619,-38.257343,nan
2024-06-07T15:23:21,84.207619,-38.257942,nan
2024-06-07T15:23:20,84.207619,-38.258541,nan
2024-06-07T15:23:20,84.207619,-38.259140,nan
2024-06-07T15:23:19,84.207619,-38.259735,nan
2024-06-07T15:23:19,84.207626,-38.260338,nan
2024-06-07T15:23:18,84.207626,-38.260941,nan
2024-06-07T15:23:18,84.207626,-38.261547,nan
2024-06-07T15:23:17,84.207626,-38.262154,nan
2024-06-07T15:23:17,84.207626,-38.262760,nan
2024-06-07T15:23:16,84.207634,-38.263371,nan
2024-06-07T15:23:16,84.207634,-38.263988,nan
2024-06-07T15:23:15,84.207634,-38.264614,nan
2024-06-07T15:23:15,84.207634,-38.265240,nan
2024-06-07T15:23:14,84.207634,-38.265869,nan
2024-06-07T15:23:14,84.207634,-38.266502,nan
2024-06-07T15:23:13,84.207634,-38.267139,nan
2024-06-07T15:23:13,84.207634,-38.267776,nan
2024-06-07T15:23:12,84.207634,-38.268417,nan
2024-06-07T15:23:12,84.207634,-38.269066,nan
2024-06-07T15:23:11,84.207634,-38.269718,nan
2024-06-07T15:23:11,84.207626,-38.270374,nan
2024-06-07T15:23:10,84.207626,-38.271034,nan
2024-06-07T15:23:10,84.207626,-38.271706,nan
2024-06-07T15:23:09,84.207619,-38.272381,nan
2024-06-07T15:23:09,84.207619,-38.273064,nan
2024-06-07T15:23:08,84.207611,-38.273750,nan
2024-06-07T15:23:08,84.207611,-38.274448,nan
2024-06-07T15:23:07,84.207603,-38.275150,nan
2024-06-07T15:23:07,84.207603,-38.275856,nan
2024-06-07T15:23:06,84.207596,-38.276581,nan
2024-06-07T15:23:06,84.207596,-38.277306,nan
2024-06-07T15:23:05,84.207588,-38.278042,nan
2024-06-07T15:23:05,84.207588,-38.278782,nan
2024-06-07T15:23:04,84.207581,-38.279530,nan
2024-06-07T15:23:04,84.207581,-38.280285,nan
2024-06-07T15:23:03,84.207573,-38.281040,nan
2024-06-07T15:23:03,84.207573,-38.281803,nan
2024-06-07T15:23:02,84.207565,-38.282562,nan
2024-06-07T15:23:02,84.207565,-38.283321,nan
2024-06-07T15:23:01,84.207565,-38.284081,nan
2024-06-07T15:23:01,84.207558,-38.284843,nan
2024-06-07T15:23:00,84.207558,-38.285610,nan
2024-06-07T15:23:00,84.207558,-38.286377,nan
2024-06-07T15:22:59,84.207558,-38.287151,nan
2024-06-07T15:22:59,84.207550,-38.287930,nan
2024-06-07T15:22:58,84.207550,-38.288719,nan
2024-06-07T15:22:58,84.207550,-38.289501,nan
2024-06-07T15:22:57,84.207550,-38.290291,nan
2024-06-07T15:22:57,84.207550,-38.291084,nan
2024-06-07T15:22:56,84.207550,-38.291882,nan
2024-06-07T15:22:56,84.207550,-38.292683,nan
2024-06-07T15:22:55,84.207542,-38.293484,nan
2024-06-07T15:22:55,84.207550,-38.294292,nan
2024-06-07T15:22:54,84.207550,-38.295101,nan
2024-06-07T15:22:54,84.207550,-38.295918,nan
2024-06-07T15:22:53,84.207550,-38.296734,nan
2024-06-07T15:22:53,84.207550,-38.297562,nan
2024-06-07T15:22:52,84.207550,-38.298386,nan
2024-06-07T15:22:52,84.207550,-38.299206,nan
2024-06-07T15:22:51,84.207550,-38.300030,nan
2024-06-07T15:22:51,84.207550,-38.300846,nan
2024-06-07T15:22:50,84.207550,-38.301662,nan
2024-06-07T15:22:50,84.207550,-38.302471,nan
2024-06-07T15:22:49,84.207550,-38.303280,nan
2024-06-07T15:22:49,84.207550,-38.304081,nan
2024-06-07T15:22:48,84.207550,-38.304882,nan
2024-06-07T15:22:48,84.207550,-38.305679,nan
2024-06-07T15:22:47,84.207550,-38.306477,nan
2024-06-07T15:22:47,84.207542,-38.307270,nan
2024-06-07T15:22:46,84.207542,-38.308064,nan
2024-06-07T15:22:46,84.207542,-38.308857,nan
2024-06-07T15:22:45,84.207535,-38.309650,nan
2024-06-07T15:22:45,84.207535,-38.310455,nan
2024-06-07T15:22:44,84.207527,-38.311256,nan
2024-06-07T15:22:44,84.207520,-38.312061,nan
2024-06-07T15:22:43,84.207520,-38.312878,nan
2024-06-07T15:22:43,84.207512,-38.313698,nan
2024-06-07T15:22:42,84.207504,-38.314526,nan
2024-06-07T15:22:42,84.207504,-38.315357,nan
2024-06-07T15:22:41,84.207497,-38.316196,nan
2024-06-07T15:22:41,84.207489,-38.317039,nan
2024-06-07T15:22:40,84.207481,-38.317886,nan
2024-06-07T15:22:40,84.207474,-38.318741,nan
2024-06-07T15:22:39,84.207466,-38.319595,nan
2024-06-07T15:22:39,84.207458,-38.320454,nan
2024-06-07T15:22:38,84.207451,-38.321320,nan
2024-06-07T15:22:38,84.207443,-38.322186,nan
2024-06-07T15:22:37,84.207436,-38.323055,nan
2024-06-07T15:22:37,84.207428,-38.323929,nan
2024-06-07T15:22:36,84.207420,-38.324806,nan
2024-06-07T15:22:36,84.207413,-38.325687,nan
2024-06-07T15:22:35,84.207397,-38.326565,nan
2024-06-07T15:22:35,84.207390,-38.327446,nan
2024-06-07T15:22:34,84.207382,-38.328327,nan
2024-06-07T15:22:34,84.207375,-38.329208,nan
2024-06-07T15:22:33,84.207367,-38.330097,nan
2024-06-07T15:22:33,84.207359,-38.330986,nan
2024-06-07T15:22:32,84.207352,-38.331886,nan
2024-06-07T15:22:32,84.207344,-38.332790,nan
2024-06-07T15:22:31,84.207336,-38.333706,nan
2024-06-07T15:22:31,84.207329,-38.334621,nan
2024-06-07T15:22:30,84.207321,-38.335545,nan
2024-06-07T15:22:30,84.207314,-38.336472,nan
2024-06-07T15:22:29,84.207306,-38.337399,nan
2024-06-07T15:22:29,84.207298,-38.338329,nan
2024-06-07T15:22:28,84.207291,-38.339260,nan
2024-06-07T15:22:28,84.207291,-38.340195,nan
2024-06-07T15:22:27,84.207283,-38.341129,nan
2024-06-07T15:22:27,84.207275,-38.342060,nan
2024-06-07T15:22:26,84.207268,-38.342995,nan
2024-06-07T15:22:26,84.207260,-38.343933,nan
2024-06-07T15:22:25,84.207253,-38.344875,nan
2024-06-07T15:22:25,84.207245,-38.345814,nan
2024-06-07T15:22:24,84.207237,-38.346760,nan
2024-06-07T15:22:24,84.207237,-38.347702,nan
2024-06-07T15:22:23,84.207230,-38.348652,nan
2024-06-07T15:22:23,84.207222,-38.349606,nan
2024-06-07T15:22:22,84.207222,-38.350559,nan
2024-06-07T15:22:22,84.207214,-38.351517,nan
2024-06-07T15:22:21,84.207207,-38.352474,nan
2024-06-07T15:22:21,84.207207,-38.353436,nan
2024-06-07T15:22:20,84.207199,-38.354397,nan
2024-06-07T15:22:20,84.207191,-38.355354,nan
2024-06-07T15:22:19,84.207184,-38.356316,nan
2024-06-07T15:22:19,84.207184,-38.357273,nan
2024-06-07T15:22:18,84.207176,-38.358234,nan
2024-06-07T15:22:18,84.207169,-38.359192,nan
2024-06-07T15:22:17,84.207161,-38.360146,nan
2024-06-07T15:22:17,84.207153,-38.361099,nan
2024-06-07T15:22:16,84.207153,-38.362049,nan
2024-06-07T15:22:16,84.207146,-38.362999,nan
2024-06-07T15:22:15,84.207138,-38.363949,nan
2024-06-07T15:22:15,84.207138,-38.364895,nan
2024-06-07T15:22:14,84.207130,-38.365841,nan
2024-06-07T15:22:14,84.207123,-38.366787,nan
2024-06-07T15:22:13,84.207115,-38.367733,nan
2024-06-07T15:22:13,84.207115,-38.368679,nan
2024-06-07T15:22:12,84.207108,-38.369621,nan
2024-06-07T15:22:12,84.207108,-38.370571,nan
2024-06-07T15:22:11,84.207100,-38.371517,nan
2024-06-07T15:22:11,84.207100,-38.372467,nan
2024-06-07T15:22:10,84.207092,-38.373421,nan
2024-06-07T15:22:10,84.207092,-38.374367,nan
2024-06-07T15:22:09,84.207085,-38.375317,nan
2024-06-07T15:22:09,84.207085,-38.376266,nan
2024-06-07T15:22:08,84.207085,-38.377216,nan
2024-06-07T15:22:08,84.207077,-38.378174,nan
2024-06-07T15:22:07,84.207077,-38.379128,nan
2024-06-07T15:22:07,84.207069,-38.380081,nan
2024-06-07T15:22:06,84.207069,-38.381035,nan
2024-06-07T15:22:06,84.207062,-38.381989,nan
2024-06-07T15:22:05,84.207062,-38.382942,nan
2024-06-07T15:22:05,84.207054,-38.383896,nan
2024-06-07T15:22:04,84.207047,-38.384853,nan
2024-06-07T15:22:04,84.207039,-38.385811,nan
2024-06-07T15:22:03,84.207039,-38.386768,nan
2024-06-07T15:22:03,84.207031,-38.387730,nan
2024-06-07T15:22:02,84.207024,-38.388687,nan
2024-06-07T15:22:02,84.207016,-38.389645,nan
2024-06-07T15:22:01,84.207008,-38.390602,nan
2024-06-07T15:22:01,84.207001,-38.391560,nan
2024-06-07T15:22:00,84.206993,-38.392513,nan
2024-06-07T15:22:00,84.206985,-38.393471,nan
2024-06-07T15:21:59,84.206978,-38.394421,nan
2024-06-07T15:21:59,84.206970,-38.395374,nan
2024-06-07T15:21:58,84.206963,-38.396328,nan
2024-06-07T15:21:58,84.206963,-38.397278,nan
2024-06-07T15:21:57,84.206955,-38.398232,nan
2024-06-07T15:21:57,84.206947,-38.399185,nan
2024-06-07T15:21:56,84.206940,-38.400139,nan
2024-06-07T15:21:56,84.206932,-38.401089,nan
2024-06-07T15:21:55,84.206932,-38.402039,nan
2024-06-07T15:21:55,84.206924,-38.402985,nan
2024-06-07T15:21:54,84.206924,-38.403927,nan
2024-06-07T15:21:54,84.206917,-38.404869,nan
2024-06-07T15:21:53,84.206909,-38.405807,nan
2024-06-07T15:21:53,84.206909,-38.406742,nan
2024-06-07T15:21:52,84.206902,-38.407673,nan
2024-06-07T15:21:52,84.206894,-38.408604,nan
2024-06-07T15:21:51,84.206894,-38.409527,nan
2024-06-07T15:21:51,84.206886,-38.410458,nan
2024-06-07T15:21:50,84.206879,-38.411385,nan
2024-06-07T15:21:50,84.206871,-38.412319,nan
2024-06-07T15:21:49,84.206871,-38.413258,nan
2024-06-07T15:21:49,84.206863,-38.414192,nan
2024-06-07T15:21:48,84.206856,-38.415138,nan
2024-06-07T15:21:48,84.206848,-38.416084,nan
2024-06-07T15:21:47,84.206848,-38.417034,nan
2024-06-07T15:21:47,84.206841,-38.417992,nan
2024-06-07T15:21:46,84.206833,-38.418945,nan
2024-06-07T15:21:46,84.206825,-38.419907,nan
2024-06-07T15:21:45,84.206818,-38.420860,nan
2024-06-07T15:21:45,84.206818,-38.421810,nan
2024-06-07T15:21:44,84.206810,-38.422756,nan
2024-06-07T15:21:44,84.206802,-38.423698,nan
2024-06-07T15:21:43,84.206795,-38.424641,nan
2024-06-07T15:21:43,84.206795,-38.425571,nan
2024-06-07T15:21:42,84.206787,-38.426506,nan
2024-06-07T15:21:42,84.206779,-38.427429,nan
2024-06-07T15:21:41,84.206779,-38.428345,nan
2024-06-07T15:21:41,84.206772,-38.429245,nan
2024-06-07T15:21:40,84.206764,-38.430141,nan
2024-06-07T15:21:40,84.206764,-38.431026,nan
2024-06-07T15:21:39,84.206757,-38.431904,nan
2024-06-07T15:21:39,84.206757,-38.432774,nan
2024-06-07T15:21:38,84.206749,-38.433636,nan
2024-06-07T15:21:38,84.206749,-38.434490,nan
2024-06-07T15:21:37,84.206741,-38.435337,nan
2024-06-07T15:21:37,84.206741,-38.436169,nan
2024-06-07T15:21:36,84.206734,-38.436989,nan
2024-06-07T15:21:34,84.206718,-38.440189,nan
2024-06-07T15:21:34,84.206718,-38.440975,nan
2024-06-07T15:21:33,84.206711,-38.441757,nan
2024-06-07T15:21:33,84.206711,-38.442532,nan
2024-06-07T15:21:32,84.206703,-38.443306,nan
2024-06-07T15:21:32,84.206696,-38.444080,nan
2024-06-07T15:21:31,84.206688,-38.444855,nan
2024-06-07T15:21:31,84.206688,-38.445629,nan
2024-06-07T15:21:30,84.206680,-38.446404,nan
2024-06-07T15:21:30,84.206673,-38.447174,nan
2024-06-07T15:21:29,84.206665,-38.447941,nan
2024-06-07T15:21:29,84.206657,-38.448708,nan
2024-06-07T15:21:28,84.206650,-38.449463,nan
2024-06-07T15:21:28,84.206642,-38.450214,nan
2024-06-07T15:21:27,84.206635,-38.450958,nan
2024-06-07T15:21:27,84.206627,-38.451702,nan
2024-06-07T15:21:26,84.206612,-38.452438,nan
2024-06-07T15:21:26,84.206604,-38.453167,nan
2024-06-07T15:21:25,84.206596,-38.453888,nan
2024-06-07T15:21:25,84.206589,-38.454609,nan
2024-06-07T15:21:24,84.206581,-38.455318,nan
2024-06-07T15:21:24,84.206573,-38.456024,nan
2024-06-07T15:21:23,84.206573,-38.456722,nan
2024-06-07T15:21:23,84.206566,-38.457409,nan
2024-06-07T15:21:22,84.206558,-38.458092,nan
2024-06-07T15:21:22,84.206558,-38.458771,nan
2024-06-07T15:21:21,84.206551,-38.459442,nan
2024-06-07T15:21:21,84.206551,-38.460106,nan
2024-06-07T15:21:20,84.206543,-38.460758,nan
2024-06-07T15:21:20,84.206543,-38.461403,nan
2024-06-07T15:21:19,84.206543,-38.462036,nan
2024-06-07T15:21:19,84.206535,-38.462666,nan
2024-06-07T15:21:18,84.206535,-38.463284,nan
2024-06-07T15:21:18,84.206543,-38.463898,nan
2024-06-07T15:21:17,84.206543,-38.464508,nan
2024-06-07T15:21:17,84.206543,-38.465115,nan
2024-06-07T15:21:16,84.206543,-38.465714,nan
2024-06-07T15:21:16,84.206551,-38.466309,nan
2024-06-07T15:21:15,84.206551,-38.466896,nan
2024-06-07T15:21:15,84.206558,-38.467476,nan
2024-06-07T15:21:14,84.206558,-38.468052,nan
2024-06-07T15:21:14,84.206558,-38.468616,nan
2024-06-07T15:21:13,84.206566,-38.469173,nan
2024-06-07T15:21:13,84.206573,-38.469723,nan
2024-06-07T15:21:12,84.206573,-38.470264,nan
2024-06-07T15:21:12,84.206581,-38.470802,nan
2024-06-07T15:21:11,84.206589,-38.471340,nan
2024-06-07T15:21:11,84.206589,-38.471874,nan
2024-06-07T15:21:10,84.206596,-38.472408,nan
2024-06-07T15:21:10,84.206604,-38.472939,nan
2024-06-07T15:21:09,84.206604,-38.473457,nan
2024-06-07T15:21:09,84.206612,-38.473965,nan
2024-06-07T15:21:08,84.206619,-38.474461,nan
2024-06-07T15:21:08,84.206627,-38.474945,nan
2024-06-07T15:21:07,84.206627,-38.475422,nan
2024-06-07T15:21:07,84.206635,-38.475891,nan
2024-06-07T15:21:06,84.206642,-38.476353,nan
2024-06-07T15:21:06,84.206642,-38.476803,nan
2024-06-07T15:21:05,84.206650,-38.477249,nan
2024-06-07T15:21:05,84.206657,-38.477692,nan
2024-06-07T15:21:04,84.206657,-38.478127,nan
2024-06-07T15:21:04,84.206657,-38.478550,nan
2024-06-07T15:21:03,84.206665,-38.478970,nan
2024-06-07T15:21:03,84.206673,-38.479378,nan
2024-06-07T15:21:02,84.206673,-38.479782,nan
2024-06-07T15:21:02,84.206673,-38.480183,nan
2024-06-07T15:21:01,84.206680,-38.480579,nan
2024-06-07T15:21:01,84.206680,-38.480976,nan
2024-06-07T15:21:00,84.206688,-38.481373,nan
2024-06-07T15:21:00,84.206688,-38.481758,nan
2024-06-07T15:20:59,84.206696,-38.482140,nan
2024-06-07T15:20:59,84.206696,-38.482521,nan
2024-06-07T15:20:58,84.206703,-38.482899,nan
2024-06-07T15:20:58,84.206703,-38.483273,nan
2024-06-07T15:20:57,84.206711,-38.483643,nan
2024-06-07T15:20:57,84.206711,-38.484005,nan
2024-06-07T15:20:56,84.206718,-38.484364,nan
2024-06-07T15:20:56,84.206718,-38.484722,nan
2024-06-07T15:20:55,84.206726,-38.485069,nan
2024-06-07T15:20:55,84.206726,-38.485416,nan
2024-06-07T15:20:54,84.206734,-38.485764,nan
2024-06-07T15:20:54,84.206734,-38.486115,nan
2024-06-07T15:20:53,84.206741,-38.486458,nan
2024-06-07T15:20:53,84.206741,-38.486809,nan
2024-06-07T15:20:52,84.206741,-38.487164,nan
2024-06-07T15:20:52,84.206749,-38.487518,nan
2024-06-07T15:20:51,84.206749,-38.487865,nan
2024-06-07T15:20:51,84.206757,-38.488213,nan
2024-06-07T15:20:50,84.206757,-38.488556,nan
2024-06-07T15:20:50,84.206757,-38.488892,nan
2024-06-07T15:20:49,84.206757,-38.489220,nan
2024-06-07T15:20:49,84.206764,-38.489540,nan
2024-06-07T15:20:48,84.206764,-38.489861,nan
2024-06-07T15:20:48,84.206764,-38.490177,nan
2024-06-07T15:20:47,84.206764,-38.490490,nan
2024-06-07T15:20:47,84.206764,-38.490799,nan
2024-06-07T15:20:46,84.206772,-38.491100,nan
2024-06-07T15:20:46,84.206772,-38.491405,nan
2024-06-07T15:20:45,84.206772,-38.491692,nan
2024-06-07T15:20:45,84.206772,-38.491985,nan
2024-06-07T15:20:44,84.206779,-38.492275,nan
2024-06-07T15:20:44,84.206779,-38.492558,nan
2024-06-07T15:20:43,84.206779,-38.492832,nan
2024-06-07T15:20:43,84.206779,-38.493103,nan
2024-06-07T15:20:42,84.206779,-38.493366,nan
2024-06-07T15:20:42,84.206779,-38.493629,nan
2024-06-07T15:20:41,84.206779,-38.493881,nan
2024-06-07T15:20:41,84.206772,-38.494125,nan
2024-06-07T15:20:40,84.206772,-38.494354,nan
2024-06-07T15:20:40,84.206772,-38.494572,nan
2024-06-07T15:20:39,84.206764,-38.494785,nan
2024-06-07T15:20:39,84.206764,-38.494991,nan
2024-06-07T15:20:38,84.206757,-38.495190,nan
2024-06-07T15:20:38,84.206757,-38.495384,nan
2024-06-07T15:20:37,84.206749,-38.495579,nan
2024-06-07T15:20:37,84.206749,-38.495770,nan
2024-06-07T15:20:36,84.206741,-38.495960,nan
2024-06-07T15:20:36,84.206741,-38.496155,nan
2024-06-07T15:20:35,84.206734,-38.496353,nan
2024-06-07T15:20:35,84.206726,-38.496548,nan
2024-06-07T15:20:34,84.206726,-38.496742,nan
2024-06-07T15:20:34,84.206718,-38.496937,nan
2024-06-07T15:20:33,84.206711,-38.497135,nan
2024-06-07T15:20:33,84.206703,-38.497337,nan
2024-06-07T15:20:32,84.206696,-38.497540,nan
2024-06-07T15:20:32,84.206688,-38.497742,nan
2024-06-07T15:20:31,84.206688,-38.497940,nan
2024-06-07T15:20:31,84.206680,-38.498150,nan
2024-06-07T15:20:30,84.206673,-38.498360,nan
2024-06-07T15:20:30,84.206673,-38.498569,nan
2024-06-07T15:20:29,84.206665,-38.498779,nan
2024-06-07T15:20:29,84.206657,-38.498985,nan
2024-06-07T15:20:28,84.206657,-38.499195,nan
2024-06-07T15:20:28,84.206657,-38.499405,nan
2024-06-07T15:20:27,84.206650,-38.499615,nan
2024-06-07T15:20:27,84.206650,-38.499821,nan
2024-06-07T15:20:26,84.206650,-38.500011,nan
2024-06-07T15:20:26,84.206642,-38.500195,nan
2024-06-07T15:20:25,84.206642,-38.500370,nan
2024-06-07T15:20:25,84.206642,-38.500538,nan
2024-06-07T15:20:24,84.206642,-38.500706,nan
2024-06-07T15:20:24,84.206642,-38.500870,nan
2024-06-07T15:20:23,84.206642,-38.501026,nan
2024-06-07T15:20:23,84.206642,-38.501186,nan
2024-06-07T15:20:22,84.206642,-38.501347,nan
2024-06-07T15:20:22,84.206642,-38.501514,nan
2024-06-07T15:20:21,84.206650,-38.501675,nan
2024-06-07T15:20:21,84.206650,-38.501839,nan
2024-06-07T15:20:20,84.206650,-38.501995,nan
2024-06-07T15:20:20,84.206657,-38.502148,nan
2024-06-07T15:20:19,84.206657,-38.502296,nan
2024-06-07T15:20:19,84.206665,-38.502434,nan
2024-06-07T15:20:18,84.206665,-38.502571,nan
2024-06-07T15:20:18,84.206673,-38.502712,nan
2024-06-07T15:20:17,84.206673,-38.502850,nan
2024-06-07T15:20:17,84.206680,-38.502987,nan
2024-06-07T15:20:16,84.206680,-38.503124,nan
2024-06-07T15:20:16,84.206680,-38.503269,nan
2024-06-07T15:20:15,84.206688,-38.503410,nan
2024-06-07T15:20:15,84.206688,-38.503555,nan
2024-06-07T15:20:14,84.206688,-38.503700,nan
2024-06-07T15:20:14,84.206688,-38.503853,nan
2024-06-07T15:20:13,84.206688,-38.504002,nan
2024-06-07T15:20:13,84.206688,-38.504154,nan
2024-06-07T15:20:12,84.206688,-38.504295,nan
2024-06-07T15:20:12,84.206688,-38.504433,nan
2024-06-07T15:20:11,84.206688,-38.504570,nan
2024-06-07T15:20:11,84.206688,-38.504700,nan
2024-06-07T15:20:10,84.206688,-38.504829,nan
2024-06-07T15:20:10,84.206688,-38.504955,nan
2024-06-07T15:20:09,84.206688,-38.505074,nan
2024-06-07T15:20:09,84.206680,-38.505180,nan
2024-06-07T15:20:08,84.206680,-38.505276,nan
2024-06-07T15:20:08,84.206680,-38.505367,nan
2024-06-07T15:20:07,84.206673,-38.505466,nan
2024-06-07T15:20:07,84.206673,-38.505558,nan
2024-06-07T15:20:06,84.206665,-38.505650,nan
2024-06-07T15:20:06,84.206665,-38.505730,nan
2024-06-07T15:20:05,84.206657,-38.505810,nan
2024-06-07T15:20:05,84.206650,-38.505886,nan
2024-06-07T15:20:04,84.206650,-38.505959,nan
2024-06-07T15:20:04,84.206642,-38.506039,nan
2024-06-07T15:20:03,84.206635,-38.506115,nan
2024-06-07T15:20:03,84.206627,-38.506199,nan
2024-06-07T15:20:02,84.206619,-38.506271,nan
2024-06-07T15:20:02,84.206612,-38.506340,nan
2024-06-07T15:20:01,84.206612,-38.506401,nan
2024-06-07T15:20:01,84.206604,-38.506447,nan
2024-06-07T15:20:00,84.206589,-38.506485,nan
2024-06-07T15:20:00,84.206581,-38.506508,nan
2024-06-07T15:19:59,84.206573,-38.506523,nan
2024-06-07T15:19:59,84.206566,-38.506527,nan
2024-06-07T15:19:58,84.206551,-38.506527,nan
2024-06-07T15:19:58,84.206543,-38.506531,nan
2024-06-07T15:19:57,84.206528,-38.506535,nan
2024-06-07T15:19:57,84.206512,-38.506535,nan
2024-06-07T15:19:56,84.206505,-38.506538,nan
2024-06-07T15:19:56,84.206490,-38.506554,nan
2024-06-07T15:19:55,84.206474,-38.506573,nan
2024-06-07T15:19:55,84.206459,-38.506596,nan
2024-06-07T15:19:54,84.206444,-38.506611,nan
2024-06-07T15:19:54,84.206429,-38.506626,nan
2024-06-07T15:19:53,84.206413,-38.506638,nan
2024-06-07T15:19:53,84.206406,-38.506649,nan
2024-06-07T15:19:52,84.206390,-38.506653,nan
2024-06-07T15:19:52,84.206375,-38.506653,nan
2024-06-07T15:19:51,84.206360,-38.506657,nan
2024-06-07T15:19:51,84.206345,-38.506660,nan
2024-06-07T15:19:50,84.206329,-38.506660,nan
2024-06-07T15:19:50,84.206314,-38.506657,nan
2024-06-07T15:19:49,84.206299,-38.506657,nan
2024-06-07T15:19:49,84.206284,-38.506657,nan
2024-06-07T15:19:48,84.206268,-38.506649,nan
2024-06-07T15:19:48,84.206261,-38.506641,nan
2024-06-07T15:19:47,84.206245,-38.506630,nan
2024-06-07T15:19:47,84.206238,-38.506618,nan
2024-06-07T15:19:46,84.206223,-38.506615,nan
2024-06-07T15:19:46,84.206215,-38.506615,nan
2024-06-07T15:19:45,84.206200,-38.506611,nan
2024-06-07T15:19:45,84.206184,-38.506618,nan
2024-06-07T15:19:44,84.206177,-38.506622,nan
2024-06-07T15:19:44,84.206161,-38.506634,nan
2024-06-07T15:19:43,84.206154,-38.506649,nan
2024-06-07T15:19:43,84.206139,-38.506672,nan
2024-06-07T15:19:42,84.206131,-38.506687,nan
2024-06-07T15:19:42,84.206116,-38.506710,nan
2024-06-07T15:19:41,84.206108,-38.506741,nan
2024-06-07T15:19:41,84.206100,-38.506760,nan
2024-06-07T15:19:40,84.206085,-38.506771,nan
2024-06-07T15:19:40,84.206078,-38.506775,nan
2024-06-07T15:19:39,84.206070,-38.506763,nan
2024-06-07T15:19:39,84.206062,-38.506752,nan
2024-06-07T15:19:38,84.206055,-38.506737,nan
2024-06-07T15:19:38,84.206055,-38.506714,nan
2024-06-07T15:19:37,84.206047,-38.506668,nan
2024-06-07T15:19:37,84.206039,-38.506634,nan
2024-06-07T15:19:36,84.206039,-38.506599,nan
2024-06-07T15:19:36,84.206039,-38.506573,nan
2024-06-07T15:19:35,84.206032,-38.506554,nan
2024-06-07T15:19:35,84.206032,-38.506519,nan
2024-06-07T15:19:34,84.206032,-38.506474,nan
2024-06-07T15:19:34,84.206032,-38.506416,nan
2024-06-07T15:19:33,84.206032,-38.506367,nan
2024-06-07T15:19:33,84.206032,-38.506325,nan
2024-06-07T15:19:32,84.206032,-38.506191,nan
2024-06-07T15:19:32,84.206032,-38.506065,nan
2024-06-07T15:19:31,84.206032,-38.505856,nan
2024-06-07T15:19:31,84.206039,-38.505486,nan
2024-06-07T15:19:30,84.206055,-38.505093,nan
2024-06-07T15:19:30,84.206062,-38.504375,nan
2024-06-07T15:19:29,84.206078,-38.503532,nan
2024-06-07T15:19:29,84.206108,-38.502308,nan
2024-06-07T15:19:28,84.206139,-38.500984,nan
2024-06-07T15:19:28,84.206161,-38.499252,nan
2024-06-07T15:19:27,84.206215,-38.497261,nan
2024-06-07T15:19:27,84.206215,-38.496494,nan
2024-06-07T15:19:23,84.205513,-38.518002,nan
2024-06-07T15:19:22,84.205238,-38.527824,nan
