datetime,lat,lon,elev
2024-06-11T14:54:06,83.909431,-25.236071,nan
2024-06-11T14:54:05,83.909439,-25.236078,nan
2024-06-11T14:54:05,83.909447,-25.236088,nan
2024-06-11T14:54:04,83.909462,-25.236095,nan
2024-06-11T14:54:04,83.909470,-25.236101,nan
2024-06-11T14:54:03,83.909485,-25.236105,nan
2024-06-11T14:54:03,83.909492,-25.236101,nan
2024-06-11T14:54:02,83.909508,-25.236090,nan
2024-06-11T14:54:02,83.909523,-25.236071,nan
2024-06-11T14:54:01,83.909531,-25.236038,nan
2024-06-11T14:54:01,83.909546,-25.235996,nan
2024-06-11T14:54:00,83.909561,-25.235947,nan
2024-06-11T14:54:00,83.909576,-25.235889,nan
2024-06-11T14:53:59,83.909584,-25.235826,nan
2024-06-11T14:53:59,83.909592,-25.235762,nan
2024-06-11T14:53:58,83.909607,-25.235706,nan
2024-06-11T14:53:58,83.909615,-25.235661,nan
2024-06-11T14:53:57,83.909622,-25.235622,nan
2024-06-11T14:53:57,83.909637,-25.235592,nan
2024-06-11T14:53:56,83.909653,-25.235558,nan
2024-06-11T14:53:56,83.909668,-25.235525,nan
2024-06-11T14:53:55,83.909676,-25.235493,nan
2024-06-11T14:53:55,83.909691,-25.235458,nan
2024-06-11T14:53:54,83.909706,-25.235430,nan
2024-06-11T14:53:54,83.909721,-25.235397,nan
2024-06-11T14:53:53,83.909737,-25.235369,nan
2024-06-11T14:53:53,83.909752,-25.235340,nan
2024-06-11T14:53:52,83.909767,-25.235312,nan
2024-06-11T14:53:52,83.909782,-25.235285,nan
2024-06-11T14:53:51,83.909798,-25.235258,nan
2024-06-11T14:53:51,83.909813,-25.235233,nan
2024-06-11T14:53:50,83.909828,-25.235210,nan
2024-06-11T14:53:50,83.909843,-25.235184,nan
2024-06-11T14:53:49,83.909859,-25.235155,nan
2024-06-11T14:53:49,83.909866,-25.235130,nan
2024-06-11T14:53:48,83.909882,-25.235104,nan
2024-06-11T14:53:48,83.909897,-25.235071,nan
2024-06-11T14:53:47,83.909912,-25.235041,nan
2024-06-11T14:53:47,83.909927,-25.235006,nan
2024-06-11T14:53:46,83.909943,-25.234970,nan
2024-06-11T14:53:46,83.909950,-25.234934,nan
2024-06-11T14:53:45,83.909966,-25.234892,nan
2024-06-11T14:53:45,83.909981,-25.234846,nan
2024-06-11T14:53:44,83.909988,-25.234800,nan
2024-06-11T14:53:44,83.910004,-25.234753,nan
2024-06-11T14:53:43,83.910019,-25.234699,nan
2024-06-11T14:53:43,83.910027,-25.234644,nan
2024-06-11T14:53:42,83.910042,-25.234592,nan
2024-06-11T14:53:42,83.910049,-25.234541,nan
2024-06-11T14:53:41,83.910065,-25.234488,nan
2024-06-11T14:53:41,83.910072,-25.234434,nan
2024-06-11T14:53:40,83.910088,-25.234386,nan
2024-06-11T14:53:40,83.910095,-25.234343,nan
2024-06-11T14:53:39,83.910110,-25.234299,nan
2024-06-11T14:53:39,83.910118,-25.234253,nan
2024-06-11T14:53:38,83.910126,-25.234209,nan
2024-06-11T14:53:38,83.910141,-25.234171,nan
2024-06-11T14:53:37,83.910149,-25.234129,nan
2024-06-11T14:53:37,83.910164,-25.234089,nan
2024-06-11T14:53:36,83.910172,-25.234047,nan
2024-06-11T14:53:36,83.910187,-25.234001,nan
2024-06-11T14:53:35,83.910194,-25.233953,nan
2024-06-11T14:53:35,83.910210,-25.233908,nan
2024-06-11T14:53:34,83.910217,-25.233862,nan
2024-06-11T14:53:34,83.910225,-25.233816,nan
2024-06-11T14:53:33,83.910240,-25.233772,nan
2024-06-11T14:53:33,83.910248,-25.233727,nan
2024-06-11T14:53:32,83.910263,-25.233681,nan
2024-06-11T14:53:32,83.910271,-25.233635,nan
2024-06-11T14:53:31,83.910278,-25.233587,nan
2024-06-11T14:53:31,83.910294,-25.233540,nan
2024-06-11T14:53:30,83.910301,-25.233494,nan
2024-06-11T14:53:30,83.910309,-25.233444,nan
2024-06-11T14:53:29,83.910324,-25.233398,nan
2024-06-11T14:53:29,83.910332,-25.233355,nan
2024-06-11T14:53:28,83.910339,-25.233307,nan
2024-06-11T14:53:28,83.910355,-25.233257,nan
2024-06-11T14:53:27,83.910362,-25.233210,nan
2024-06-11T14:53:27,83.910378,-25.233160,nan
2024-06-11T14:53:26,83.910393,-25.233109,nan
2024-06-11T14:53:26,83.910400,-25.233059,nan
2024-06-11T14:53:25,83.910416,-25.233009,nan
2024-06-11T14:53:25,83.910423,-25.232964,nan
2024-06-11T14:53:24,83.910439,-25.232918,nan
2024-06-11T14:53:24,83.910454,-25.232872,nan
2024-06-11T14:53:23,83.910469,-25.232824,nan
2024-06-11T14:53:23,83.910477,-25.232773,nan
2024-06-11T14:53:22,83.910492,-25.232718,nan
2024-06-11T14:53:22,83.910507,-25.232658,nan
2024-06-11T14:53:21,83.910522,-25.232599,nan
2024-06-11T14:53:21,83.910538,-25.232538,nan
2024-06-11T14:53:20,83.910553,-25.232470,nan
2024-06-11T14:53:20,83.910568,-25.232397,nan
2024-06-11T14:53:19,83.910583,-25.232321,nan
2024-06-11T14:53:19,83.910606,-25.232243,nan
2024-06-11T14:53:18,83.910622,-25.232162,nan
2024-06-11T14:53:18,83.910637,-25.232080,nan
2024-06-11T14:53:17,83.910652,-25.231995,nan
2024-06-11T14:53:17,83.910667,-25.231907,nan
2024-06-11T14:53:16,83.910690,-25.231817,nan
2024-06-11T14:53:16,83.910706,-25.231728,nan
2024-06-11T14:53:15,83.910721,-25.231632,nan
2024-06-11T14:53:15,83.910736,-25.231539,nan
2024-06-11T14:53:14,83.910759,-25.231443,nan
2024-06-11T14:53:14,83.910774,-25.231350,nan
2024-06-11T14:53:13,83.910789,-25.231258,nan
2024-06-11T14:53:13,83.910812,-25.231167,nan
2024-06-11T14:53:12,83.910828,-25.231073,nan
2024-06-11T14:53:12,83.910851,-25.230982,nan
2024-06-11T14:53:11,83.910866,-25.230886,nan
2024-06-11T14:53:11,83.910889,-25.230789,nan
2024-06-11T14:53:10,83.910904,-25.230692,nan
2024-06-11T14:53:10,83.910927,-25.230589,nan
2024-06-11T14:53:09,83.910942,-25.230488,nan
2024-06-11T14:53:09,83.910957,-25.230383,nan
2024-06-11T14:53:08,83.910980,-25.230282,nan
2024-06-11T14:53:08,83.910995,-25.230181,nan
2024-06-11T14:53:07,83.911018,-25.230080,nan
2024-06-11T14:53:07,83.911034,-25.229980,nan
2024-06-11T14:53:06,83.911057,-25.229881,nan
2024-06-11T14:53:06,83.911079,-25.229786,nan
2024-06-11T14:53:05,83.911095,-25.229691,nan
2024-06-11T14:53:05,83.911118,-25.229597,nan
2024-06-11T14:53:04,83.911133,-25.229506,nan
2024-06-11T14:53:04,83.911156,-25.229412,nan
2024-06-11T14:53:03,83.911171,-25.229317,nan
2024-06-11T14:53:03,83.911194,-25.229223,nan
2024-06-11T14:53:02,83.911209,-25.229128,nan
2024-06-11T14:53:02,83.911232,-25.229036,nan
2024-06-11T14:53:01,83.911247,-25.228943,nan
2024-06-11T14:53:01,83.911270,-25.228851,nan
2024-06-11T14:53:00,83.911285,-25.228760,nan
2024-06-11T14:53:00,83.911308,-25.228670,nan
2024-06-11T14:52:59,83.911324,-25.228579,nan
2024-06-11T14:52:59,83.911346,-25.228489,nan
2024-06-11T14:52:58,83.911362,-25.228401,nan
2024-06-11T14:52:58,83.911385,-25.228315,nan
2024-06-11T14:52:57,83.911400,-25.228231,nan
2024-06-11T14:52:57,83.911423,-25.228149,nan
2024-06-11T14:52:56,83.911461,-25.227976,nan
2024-06-11T14:52:55,83.911476,-25.227888,nan
2024-06-11T14:52:55,83.911499,-25.227798,nan
2024-06-11T14:52:54,83.911514,-25.227709,nan
2024-06-11T14:52:54,83.911537,-25.227615,nan
2024-06-11T14:52:53,83.911552,-25.227520,nan
2024-06-11T14:52:53,83.911575,-25.227425,nan
2024-06-11T14:52:52,83.911591,-25.227327,nan
2024-06-11T14:52:52,83.911613,-25.227228,nan
2024-06-11T14:52:51,83.911636,-25.227131,nan
2024-06-11T14:52:51,83.911652,-25.227032,nan
2024-06-11T14:52:50,83.911674,-25.226933,nan
2024-06-11T14:52:50,83.911690,-25.226835,nan
2024-06-11T14:52:49,83.911713,-25.226736,nan
2024-06-11T14:52:49,83.911728,-25.226637,nan
2024-06-11T14:52:48,83.911751,-25.226534,nan
2024-06-11T14:52:48,83.911774,-25.226431,nan
2024-06-11T14:52:47,83.911789,-25.226324,nan
2024-06-11T14:52:47,83.911812,-25.226219,nan
2024-06-11T14:52:46,83.911835,-25.226112,nan
2024-06-11T14:52:46,83.911850,-25.226004,nan
2024-06-11T14:52:45,83.911873,-25.225893,nan
2024-06-11T14:52:45,83.911896,-25.225779,nan
2024-06-11T14:52:44,83.911911,-25.225662,nan
2024-06-11T14:52:44,83.911934,-25.225546,nan
2024-06-11T14:52:43,83.911957,-25.225428,nan
2024-06-11T14:52:43,83.911972,-25.225307,nan
2024-06-11T14:52:42,83.911995,-25.225189,nan
2024-06-11T14:52:42,83.912018,-25.225067,nan
2024-06-11T14:52:41,83.912033,-25.224945,nan
2024-06-11T14:52:41,83.912056,-25.224825,nan
2024-06-11T14:52:40,83.912079,-25.224705,nan
2024-06-11T14:52:40,83.912094,-25.224581,nan
2024-06-11T14:52:39,83.912117,-25.224459,nan
2024-06-11T14:52:39,83.912140,-25.224335,nan
2024-06-11T14:52:38,83.912155,-25.224213,nan
2024-06-11T14:52:38,83.912178,-25.224091,nan
2024-06-11T14:52:37,83.912193,-25.223969,nan
2024-06-11T14:52:37,83.912216,-25.223846,nan
2024-06-11T14:52:36,83.912239,-25.223721,nan
2024-06-11T14:52:36,83.912262,-25.223593,nan
2024-06-11T14:52:35,83.912277,-25.223461,nan
2024-06-11T14:52:35,83.912300,-25.223330,nan
2024-06-11T14:52:34,83.912323,-25.223200,nan
2024-06-11T14:52:34,83.912346,-25.223066,nan
2024-06-11T14:52:33,83.912369,-25.222937,nan
2024-06-11T14:52:33,83.912392,-25.222803,nan
2024-06-11T14:52:32,83.912415,-25.222672,nan
2024-06-11T14:52:32,83.912437,-25.222540,nan
2024-06-11T14:52:31,83.912460,-25.222406,nan
2024-06-11T14:52:31,83.912483,-25.222279,nan
2024-06-11T14:52:30,83.912506,-25.222153,nan
2024-06-11T14:52:30,83.912537,-25.222027,nan
2024-06-11T14:52:29,83.912560,-25.221903,nan
2024-06-11T14:52:29,83.912582,-25.221781,nan
2024-06-11T14:52:28,83.912605,-25.221661,nan
2024-06-11T14:52:28,83.912628,-25.221539,nan
2024-06-11T14:52:27,83.912651,-25.221422,nan
2024-06-11T14:52:27,83.912682,-25.221308,nan
2024-06-11T14:52:26,83.912704,-25.221195,nan
2024-06-11T14:52:26,83.912727,-25.221085,nan
2024-06-11T14:52:25,83.912750,-25.220976,nan
2024-06-11T14:52:25,83.912773,-25.220871,nan
2024-06-11T14:52:24,83.912804,-25.220770,nan
2024-06-11T14:52:24,83.912827,-25.220669,nan
2024-06-11T14:52:23,83.912849,-25.220568,nan
2024-06-11T14:52:23,83.912872,-25.220467,nan
2024-06-11T14:52:22,83.912895,-25.220369,nan
2024-06-11T14:52:22,83.912918,-25.220278,nan
2024-06-11T14:52:21,83.912941,-25.220186,nan
2024-06-11T14:52:21,83.912964,-25.220100,nan
2024-06-11T14:52:20,83.912987,-25.220015,nan
2024-06-11T14:52:20,83.913010,-25.219936,nan
2024-06-11T14:52:19,83.913033,-25.219860,nan
2024-06-11T14:52:19,83.913055,-25.219786,nan
2024-06-11T14:52:18,83.913078,-25.219713,nan
2024-06-11T14:52:18,83.913101,-25.219645,nan
2024-06-11T14:52:17,83.913124,-25.219580,nan
2024-06-11T14:52:17,83.913147,-25.219515,nan
2024-06-11T14:52:16,83.913170,-25.219454,nan
2024-06-11T14:52:16,83.913193,-25.219393,nan
2024-06-11T14:52:15,83.913216,-25.219336,nan
2024-06-11T14:52:15,83.913231,-25.219280,nan
2024-06-11T14:52:14,83.913254,-25.219231,nan
2024-06-11T14:52:14,83.913277,-25.219185,nan
2024-06-11T14:52:13,83.913300,-25.219139,nan
2024-06-11T14:52:13,83.913322,-25.219095,nan
2024-06-11T14:52:12,83.913338,-25.219051,nan
2024-06-11T14:52:12,83.913361,-25.219007,nan
2024-06-11T14:52:11,83.913383,-25.218962,nan
2024-06-11T14:52:11,83.913406,-25.218916,nan
2024-06-11T14:52:10,83.913429,-25.218866,nan
2024-06-11T14:52:10,83.913445,-25.218815,nan
2024-06-11T14:52:09,83.913467,-25.218761,nan
2024-06-11T14:52:09,83.913490,-25.218702,nan
2024-06-11T14:52:08,83.913513,-25.218641,nan
2024-06-11T14:52:08,83.913536,-25.218576,nan
2024-06-11T14:52:07,83.913559,-25.218508,nan
2024-06-11T14:52:07,83.913582,-25.218431,nan
2024-06-11T14:52:06,83.913605,-25.218355,nan
2024-06-11T14:52:06,83.913620,-25.218281,nan
2024-06-11T14:52:05,83.913643,-25.218203,nan
2024-06-11T14:52:05,83.913666,-25.218126,nan
2024-06-11T14:52:04,83.913689,-25.218048,nan
2024-06-11T14:52:04,83.913704,-25.217970,nan
2024-06-11T14:52:03,83.913727,-25.217890,nan
2024-06-11T14:52:03,83.913750,-25.217810,nan
2024-06-11T14:52:02,83.913765,-25.217726,nan
2024-06-11T14:52:02,83.913788,-25.217644,nan
2024-06-11T14:52:01,83.913811,-25.217562,nan
2024-06-11T14:52:01,83.913834,-25.217478,nan
2024-06-11T14:52:00,83.913849,-25.217392,nan
2024-06-11T14:52:00,83.913872,-25.217310,nan
2024-06-11T14:51:59,83.913895,-25.217224,nan
2024-06-11T14:51:59,83.913910,-25.217142,nan
2024-06-11T14:51:58,83.913933,-25.217056,nan
2024-06-11T14:51:58,83.913956,-25.216970,nan
2024-06-11T14:51:57,83.913971,-25.216879,nan
2024-06-11T14:51:57,83.913994,-25.216785,nan
2024-06-11T14:51:56,83.914017,-25.216694,nan
2024-06-11T14:51:56,83.914032,-25.216604,nan
2024-06-11T14:51:55,83.914055,-25.216516,nan
2024-06-11T14:51:55,83.914078,-25.216431,nan
2024-06-11T14:51:54,83.914093,-25.216347,nan
2024-06-11T14:51:54,83.914108,-25.216261,nan
2024-06-11T14:51:53,83.914131,-25.216175,nan
2024-06-11T14:51:53,83.914154,-25.216089,nan
2024-06-11T14:51:52,83.914169,-25.216000,nan
2024-06-11T14:51:52,83.914192,-25.215910,nan
2024-06-11T14:51:51,83.914207,-25.215818,nan
2024-06-11T14:51:51,83.914230,-25.215723,nan
2024-06-11T14:51:50,83.914253,-25.215628,nan
2024-06-11T14:51:50,83.914268,-25.215527,nan
2024-06-11T14:51:49,83.914291,-25.215425,nan
2024-06-11T14:51:49,83.914307,-25.215324,nan
2024-06-11T14:51:48,83.914330,-25.215223,nan
2024-06-11T14:51:48,83.914345,-25.215122,nan
2024-06-11T14:51:47,83.914368,-25.215019,nan
2024-06-11T14:51:47,83.914391,-25.214914,nan
2024-06-11T14:51:46,83.914406,-25.214808,nan
2024-06-11T14:51:46,83.914429,-25.214697,nan
2024-06-11T14:51:45,83.914444,-25.214584,nan
2024-06-11T14:51:45,83.914467,-25.214468,nan
2024-06-11T14:51:44,83.914482,-25.214352,nan
2024-06-11T14:51:44,83.914505,-25.214233,nan
2024-06-11T14:51:42,83.914558,-25.213875,nan
2024-06-11T14:51:42,83.914581,-25.213751,nan
2024-06-11T14:51:41,83.914604,-25.213625,nan
2024-06-11T14:51:41,83.914619,-25.213497,nan
2024-06-11T14:51:40,83.914642,-25.213366,nan
2024-06-11T14:51:40,83.914665,-25.213234,nan
2024-06-11T14:51:39,83.914680,-25.213102,nan
2024-06-11T14:51:39,83.914703,-25.212967,nan
2024-06-11T14:51:38,83.914726,-25.212830,nan
2024-06-11T14:51:36,83.914810,-25.212284,nan
2024-06-11T14:51:36,83.914833,-25.212156,nan
2024-06-11T14:51:35,83.914856,-25.212036,nan
2024-06-11T14:51:35,83.914879,-25.211916,nan
2024-06-11T14:51:34,83.914902,-25.211802,nan
2024-06-11T14:51:34,83.914917,-25.211693,nan
2024-06-11T14:51:33,83.914940,-25.211590,nan
2024-06-11T14:51:33,83.914963,-25.211487,nan
2024-06-11T14:51:32,83.914978,-25.211388,nan
2024-06-11T14:51:32,83.915001,-25.211292,nan
2024-06-11T14:51:31,83.915016,-25.211199,nan
2024-06-11T14:51:31,83.915039,-25.211103,nan
2024-06-11T14:51:30,83.915054,-25.211006,nan
2024-06-11T14:51:29,83.915092,-25.210810,nan
2024-06-11T14:51:28,83.915131,-25.210609,nan
2024-06-11T14:51:27,83.915169,-25.210405,nan
2024-06-11T14:51:27,83.915192,-25.210304,nan
2024-06-11T14:51:26,83.915207,-25.210205,nan
2024-06-11T14:51:26,83.915230,-25.210104,nan
2024-06-11T14:51:25,83.915245,-25.210005,nan
2024-06-11T14:51:24,83.915283,-25.209799,nan
2024-06-11T14:51:24,83.915298,-25.209694,nan
2024-06-11T14:51:23,83.915321,-25.209587,nan
2024-06-11T14:51:22,83.915359,-25.209375,nan
2024-06-11T14:51:22,83.915382,-25.209269,nan
2024-06-11T14:51:21,83.915398,-25.209154,nan
2024-06-11T14:51:21,83.915421,-25.209042,nan
2024-06-11T14:51:20,83.915466,-25.208813,nan
2024-06-11T14:51:19,83.915489,-25.208698,nan
2024-06-11T14:51:18,83.915558,-25.208344,nan
2024-06-11T14:51:17,83.915581,-25.208223,nan
2024-06-11T14:51:17,83.915596,-25.208099,nan
2024-06-11T14:51:16,83.915619,-25.207973,nan
2024-06-11T14:51:16,83.915642,-25.207848,nan
2024-06-11T14:51:15,83.915665,-25.207720,nan
2024-06-11T14:51:15,83.915688,-25.207588,nan
2024-06-11T14:51:14,83.915703,-25.207457,nan
2024-06-11T14:51:14,83.915726,-25.207319,nan
2024-06-11T14:51:13,83.915771,-25.207041,nan
2024-06-11T14:51:12,83.915794,-25.206898,nan
2024-06-11T14:51:11,83.915863,-25.206438,nan
2024-06-11T14:51:09,83.915955,-25.205753,nan
2024-06-11T14:51:07,83.916031,-25.205227,nan
2024-06-11T14:51:07,83.916054,-25.205053,nan
2024-06-11T14:51:06,83.916077,-25.204880,nan
2024-06-11T14:51:06,83.916107,-25.204706,nan
2024-06-11T14:51:05,83.916130,-25.204533,nan
2024-06-11T14:51:05,83.916161,-25.204359,nan
2024-06-11T14:51:04,83.916183,-25.204185,nan
2024-06-11T14:51:04,83.916214,-25.204014,nan
2024-06-11T14:51:03,83.916245,-25.203844,nan
2024-06-11T14:51:03,83.916267,-25.203676,nan
2024-06-11T14:51:02,83.916298,-25.203508,nan
2024-06-11T14:51:02,83.916328,-25.203344,nan
2024-06-11T14:51:01,83.916359,-25.203178,nan
2024-06-11T14:51:00,83.916412,-25.202858,nan
2024-06-11T14:51:00,83.916443,-25.202698,nan
2024-06-11T14:50:59,83.916473,-25.202539,nan
2024-06-11T14:50:58,83.916527,-25.202225,nan
2024-06-11T14:50:58,83.916557,-25.202066,nan
2024-06-11T14:50:57,83.916588,-25.201912,nan
2024-06-11T14:50:57,83.916618,-25.201757,nan
2024-06-11T14:50:56,83.916649,-25.201605,nan
2024-06-11T14:50:56,83.916672,-25.201452,nan
2024-06-11T14:50:55,83.916702,-25.201302,nan
2024-06-11T14:50:55,83.916733,-25.201155,nan
2024-06-11T14:50:54,83.916794,-25.200865,nan
2024-06-11T14:50:52,83.916878,-25.200443,nan
2024-06-11T14:50:52,83.916908,-25.200308,nan
2024-06-11T14:50:51,83.916969,-25.200037,nan
2024-06-11T14:50:50,83.917000,-25.199905,nan
2024-06-11T14:50:50,83.917030,-25.199776,nan
2024-06-11T14:50:49,83.917061,-25.199652,nan
2024-06-11T14:50:49,83.917091,-25.199528,nan
2024-06-11T14:50:48,83.917122,-25.199409,nan
2024-06-11T14:50:48,83.917152,-25.199295,nan
2024-06-11T14:50:47,83.917183,-25.199183,nan
2024-06-11T14:50:47,83.917213,-25.199072,nan
2024-06-11T14:50:46,83.917244,-25.198959,nan
2024-06-11T14:50:45,83.917305,-25.198742,nan
2024-06-11T14:50:44,83.917366,-25.198532,nan
2024-06-11T14:50:44,83.917389,-25.198431,nan
2024-06-11T14:50:43,83.917419,-25.198330,nan
2024-06-11T14:50:43,83.917450,-25.198225,nan
2024-06-11T14:50:42,83.917473,-25.198118,nan
2024-06-11T14:50:42,83.917503,-25.198009,nan
2024-06-11T14:50:41,83.917526,-25.197897,nan
2024-06-11T14:50:41,83.917557,-25.197783,nan
2024-06-11T14:50:40,83.917580,-25.197666,nan
2024-06-11T14:50:40,83.917610,-25.197548,nan
2024-06-11T14:50:39,83.917633,-25.197428,nan
2024-06-11T14:50:39,83.917664,-25.197306,nan
2024-06-11T14:50:38,83.917686,-25.197180,nan
2024-06-11T14:50:38,83.917717,-25.197050,nan
2024-06-11T14:50:37,83.917740,-25.196918,nan
2024-06-11T14:50:37,83.917770,-25.196781,nan
2024-06-11T14:50:36,83.917793,-25.196640,nan
2024-06-11T14:50:36,83.917824,-25.196499,nan
2024-06-11T14:50:35,83.917847,-25.196350,nan
2024-06-11T14:50:35,83.917877,-25.196198,nan
2024-06-11T14:50:34,83.917900,-25.196041,nan
2024-06-11T14:50:34,83.917931,-25.195881,nan
2024-06-11T14:50:33,83.917961,-25.195715,nan
2024-06-11T14:50:33,83.917984,-25.195547,nan
2024-06-11T14:50:32,83.918015,-25.195379,nan
2024-06-11T14:50:32,83.918045,-25.195210,nan
2024-06-11T14:50:31,83.918068,-25.195038,nan
2024-06-11T14:50:31,83.918098,-25.194860,nan
2024-06-11T14:50:30,83.918129,-25.194679,nan
2024-06-11T14:50:30,83.918152,-25.194494,nan
2024-06-11T14:50:29,83.918182,-25.194302,nan
2024-06-11T14:50:29,83.918213,-25.194105,nan
2024-06-11T14:50:28,83.918243,-25.193907,nan
2024-06-11T14:50:27,83.918304,-25.193493,nan
2024-06-11T14:50:27,83.918335,-25.193275,nan
2024-06-11T14:50:26,83.918365,-25.193052,nan
2024-06-11T14:50:25,83.918457,-25.192362,nan
2024-06-11T14:50:24,83.918518,-25.191895,nan
2024-06-11T14:50:23,83.918579,-25.191427,nan
2024-06-11T14:50:22,83.918610,-25.191193,nan
2024-06-11T14:50:22,83.918640,-25.190960,nan
2024-06-11T14:50:21,83.918671,-25.190729,nan
2024-06-11T14:50:21,83.918701,-25.190500,nan
2024-06-11T14:50:20,83.918732,-25.190273,nan
2024-06-11T14:50:20,83.918762,-25.190048,nan
2024-06-11T14:50:19,83.918793,-25.189829,nan
2024-06-11T14:50:19,83.918823,-25.189613,nan
2024-06-11T14:50:18,83.918854,-25.189405,nan
2024-06-11T14:50:18,83.918884,-25.189201,nan
2024-06-11T14:50:17,83.918915,-25.188999,nan
2024-06-11T14:50:17,83.918945,-25.188801,nan
2024-06-11T14:50:16,83.918976,-25.188604,nan
2024-06-11T14:50:16,83.919006,-25.188412,nan
2024-06-11T14:50:15,83.919044,-25.188219,nan
2024-06-11T14:50:15,83.919075,-25.188034,nan
2024-06-11T14:50:14,83.919106,-25.187855,nan
2024-06-11T14:50:14,83.919136,-25.187675,nan
2024-06-11T14:50:13,83.919167,-25.187502,nan
2024-06-11T14:50:13,83.919197,-25.187328,nan
2024-06-11T14:50:12,83.919228,-25.187160,nan
2024-06-11T14:50:12,83.919258,-25.186996,nan
2024-06-11T14:50:11,83.919289,-25.186836,nan
2024-06-11T14:50:11,83.919319,-25.186678,nan
2024-06-11T14:50:10,83.919350,-25.186523,nan
2024-06-11T14:50:10,83.919373,-25.186375,nan
2024-06-11T14:50:09,83.919403,-25.186228,nan
2024-06-11T14:50:09,83.919426,-25.186087,nan
2024-06-11T14:50:08,83.919456,-25.185951,nan
2024-06-11T14:50:08,83.919479,-25.185818,nan
2024-06-11T14:50:07,83.919510,-25.185686,nan
2024-06-11T14:50:07,83.919533,-25.185555,nan
2024-06-11T14:50:06,83.919556,-25.185423,nan
2024-06-11T14:50:06,83.919586,-25.185289,nan
2024-06-11T14:50:05,83.919609,-25.185156,nan
2024-06-11T14:50:05,83.919632,-25.185019,nan
2024-06-11T14:50:04,83.919655,-25.184877,nan
2024-06-11T14:50:03,83.919701,-25.184574,nan
2024-06-11T14:50:03,83.919724,-25.184416,nan
2024-06-11T14:50:02,83.919746,-25.184252,nan
2024-06-11T14:50:02,83.919769,-25.184080,nan
2024-06-11T14:50:01,83.919792,-25.183907,nan
2024-06-11T14:50:00,83.919830,-25.183548,nan
2024-06-11T14:50:00,83.919853,-25.183367,nan
2024-06-11T14:49:59,83.919876,-25.183184,nan
2024-06-11T14:49:59,83.919899,-25.182999,nan
2024-06-11T14:49:58,83.919914,-25.182816,nan
2024-06-11T14:49:58,83.919937,-25.182634,nan
2024-06-11T14:49:57,83.919960,-25.182453,nan
2024-06-11T14:49:57,83.919975,-25.182270,nan
2024-06-11T14:49:56,83.919998,-25.182089,nan
2024-06-11T14:49:56,83.920021,-25.181908,nan
2024-06-11T14:49:55,83.920044,-25.181725,nan
2024-06-11T14:49:55,83.920059,-25.181540,nan
2024-06-11T14:49:54,83.920082,-25.181353,nan
2024-06-11T14:49:54,83.920105,-25.181160,nan
2024-06-11T14:49:53,83.920128,-25.180964,nan
2024-06-11T14:49:53,83.920151,-25.180758,nan
2024-06-11T14:49:52,83.920174,-25.180550,nan
2024-06-11T14:49:52,83.920197,-25.180340,nan
2024-06-11T14:49:51,83.920219,-25.180134,nan
2024-06-11T14:49:51,83.920242,-25.179932,nan
2024-06-11T14:49:50,83.920265,-25.179731,nan
2024-06-11T14:49:50,83.920296,-25.179535,nan
2024-06-11T14:49:49,83.920319,-25.179338,nan
2024-06-11T14:49:49,83.920341,-25.179150,nan
2024-06-11T14:49:48,83.920364,-25.178965,nan
2024-06-11T14:49:48,83.920387,-25.178787,nan
2024-06-11T14:49:47,83.920418,-25.178621,nan
2024-06-11T14:49:47,83.920441,-25.178461,nan
2024-06-11T14:49:46,83.920464,-25.178307,nan
2024-06-11T14:49:46,83.920486,-25.178152,nan
2024-06-11T14:49:45,83.920509,-25.178001,nan
2024-06-11T14:49:45,83.920532,-25.177851,nan
2024-06-11T14:49:44,83.920547,-25.177706,nan
2024-06-11T14:49:44,83.920570,-25.177561,nan
2024-06-11T14:49:43,83.920593,-25.177418,nan
2024-06-11T14:49:43,83.920609,-25.177275,nan
2024-06-11T14:49:42,83.920631,-25.177134,nan
2024-06-11T14:49:42,83.920647,-25.176994,nan
2024-06-11T14:49:41,83.920670,-25.176853,nan
2024-06-11T14:49:41,83.920685,-25.176710,nan
2024-06-11T14:49:40,83.920708,-25.176565,nan
2024-06-11T14:49:40,83.920723,-25.176420,nan
2024-06-11T14:49:39,83.920746,-25.176270,nan
2024-06-11T14:49:39,83.920761,-25.176113,nan
2024-06-11T14:49:38,83.920776,-25.175957,nan
2024-06-11T14:49:38,83.920799,-25.175795,nan
2024-06-11T14:49:37,83.920815,-25.175631,nan
2024-06-11T14:49:37,83.920830,-25.175467,nan
2024-06-11T14:49:36,83.920845,-25.175299,nan
2024-06-11T14:49:36,83.920868,-25.175129,nan
2024-06-11T14:49:35,83.920898,-25.174784,nan
2024-06-11T14:49:34,83.920914,-25.174614,nan
2024-06-11T14:49:33,83.920952,-25.174280,nan
2024-06-11T14:49:33,83.920967,-25.174120,nan
2024-06-11T14:49:32,83.920990,-25.173962,nan
2024-06-11T14:49:32,83.921005,-25.173809,nan
2024-06-11T14:49:31,83.921021,-25.173660,nan
2024-06-11T14:49:31,83.921036,-25.173517,nan
2024-06-11T14:49:30,83.921059,-25.173382,nan
2024-06-11T14:49:30,83.921074,-25.173250,nan
2024-06-11T14:49:29,83.921089,-25.173124,nan
2024-06-11T14:49:29,83.921104,-25.173000,nan
2024-06-11T14:49:28,83.921127,-25.172880,nan
2024-06-11T14:49:28,83.921143,-25.172762,nan
2024-06-11T14:49:27,83.921158,-25.172644,nan
2024-06-11T14:49:27,83.921173,-25.172525,nan
2024-06-11T14:49:26,83.921188,-25.172407,nan
2024-06-11T14:49:26,83.921204,-25.172285,nan
2024-06-11T14:49:25,83.921211,-25.172161,nan
2024-06-11T14:49:25,83.921227,-25.172037,nan
2024-06-11T14:49:24,83.921242,-25.171911,nan
2024-06-11T14:49:24,83.921257,-25.171782,nan
2024-06-11T14:49:23,83.921265,-25.171652,nan
2024-06-11T14:49:23,83.921280,-25.171520,nan
2024-06-11T14:49:22,83.921295,-25.171387,nan
2024-06-11T14:49:22,83.921310,-25.171253,nan
2024-06-11T14:49:21,83.921326,-25.171120,nan
2024-06-11T14:49:21,83.921333,-25.170986,nan
2024-06-11T14:49:20,83.921356,-25.170855,nan
2024-06-11T14:49:20,83.921371,-25.170725,nan
2024-06-11T14:49:19,83.921387,-25.170597,nan
2024-06-11T14:49:19,83.921402,-25.170475,nan
2024-06-11T14:49:18,83.921417,-25.170355,nan
2024-06-11T14:49:18,83.921440,-25.170233,nan
2024-06-11T14:49:17,83.921455,-25.170113,nan
2024-06-11T14:49:17,83.921471,-25.169994,nan
2024-06-11T14:49:16,83.921486,-25.169876,nan
2024-06-11T14:49:16,83.921494,-25.169752,nan
2024-06-11T14:49:15,83.921509,-25.169621,nan
2024-06-11T14:49:15,83.921516,-25.169481,nan
2024-06-11T14:49:14,83.921532,-25.169331,nan
2024-06-11T14:49:14,83.921539,-25.169170,nan
2024-06-11T14:49:13,83.921555,-25.169003,nan
2024-06-11T14:49:13,83.921562,-25.168829,nan
2024-06-11T14:49:12,83.921577,-25.168653,nan
2024-06-11T14:49:12,83.921593,-25.168478,nan
2024-06-11T14:49:11,83.921600,-25.168306,nan
2024-06-11T14:49:11,83.921616,-25.168142,nan
2024-06-11T14:49:10,83.921623,-25.167986,nan
2024-06-11T14:49:10,83.921638,-25.167835,nan
2024-06-11T14:49:09,83.921654,-25.167696,nan
2024-06-11T14:49:09,83.921661,-25.167562,nan
2024-06-11T14:49:08,83.921677,-25.167437,nan
2024-06-11T14:49:08,83.921692,-25.167311,nan
2024-06-11T14:49:07,83.921700,-25.167189,nan
2024-06-11T14:49:07,83.921715,-25.167065,nan
2024-06-11T14:49:06,83.921722,-25.166943,nan
2024-06-11T14:49:06,83.921730,-25.166815,nan
2024-06-11T14:49:05,83.921738,-25.166679,nan
2024-06-11T14:49:05,83.921753,-25.166538,nan
2024-06-11T14:49:04,83.921761,-25.166391,nan
2024-06-11T14:49:04,83.921768,-25.166237,nan
2024-06-11T14:49:03,83.921783,-25.166077,nan
2024-06-11T14:49:03,83.921799,-25.165915,nan
2024-06-11T14:49:02,83.921806,-25.165754,nan
2024-06-11T14:49:02,83.921822,-25.165598,nan
2024-06-11T14:49:01,83.921837,-25.165447,nan
2024-06-11T14:49:01,83.921852,-25.165304,nan
2024-06-11T14:49:00,83.921867,-25.165173,nan
2024-06-11T14:49:00,83.921883,-25.165049,nan
2024-06-11T14:48:59,83.921898,-25.164932,nan
2024-06-11T14:48:59,83.921906,-25.164824,nan
2024-06-11T14:48:58,83.921921,-25.164721,nan
2024-06-11T14:48:58,83.921936,-25.164616,nan
2024-06-11T14:48:57,83.921944,-25.164511,nan
2024-06-11T14:48:57,83.921951,-25.164404,nan
2024-06-11T14:48:56,83.921967,-25.164293,nan
2024-06-11T14:48:56,83.921974,-25.164177,nan
2024-06-11T14:48:55,83.921989,-25.164057,nan
2024-06-11T14:48:55,83.921997,-25.163931,nan
2024-06-11T14:48:54,83.922012,-25.163803,nan
2024-06-11T14:48:54,83.922020,-25.163671,nan
2024-06-11T14:48:53,83.922035,-25.163538,nan
2024-06-11T14:48:53,83.922050,-25.163404,nan
2024-06-11T14:48:52,83.922066,-25.163275,nan
2024-06-11T14:48:52,83.922081,-25.163149,nan
2024-06-11T14:48:51,83.922096,-25.163029,nan
2024-06-11T14:48:51,83.922112,-25.162914,nan
2024-06-11T14:48:50,83.922119,-25.162811,nan
2024-06-11T14:48:50,83.922134,-25.162710,nan
2024-06-11T14:48:49,83.922150,-25.162609,nan
2024-06-11T14:48:49,83.922157,-25.162502,nan
2024-06-11T14:48:48,83.922173,-25.162390,nan
2024-06-11T14:48:48,83.922188,-25.162273,nan
2024-06-11T14:48:47,83.922195,-25.162153,nan
2024-06-11T14:48:47,83.922211,-25.162029,nan
2024-06-11T14:48:46,83.922218,-25.161903,nan
2024-06-11T14:48:46,83.922234,-25.161774,nan
2024-06-11T14:48:45,83.922249,-25.161642,nan
2024-06-11T14:48:45,83.922264,-25.161510,nan
2024-06-11T14:48:44,83.922279,-25.161377,nan
2024-06-11T14:48:44,83.922295,-25.161242,nan
2024-06-11T14:48:43,83.922310,-25.161110,nan
2024-06-11T14:48:43,83.922325,-25.160978,nan
2024-06-11T14:48:42,83.922340,-25.160849,nan
2024-06-11T14:48:42,83.922356,-25.160721,nan
2024-06-11T14:48:41,83.922379,-25.160597,nan
2024-06-11T14:48:41,83.922394,-25.160469,nan
2024-06-11T14:48:40,83.922409,-25.160343,nan
2024-06-11T14:48:40,83.922424,-25.160213,nan
2024-06-11T14:48:39,83.922440,-25.160082,nan
2024-06-11T14:48:39,83.922447,-25.159941,nan
2024-06-11T14:48:38,83.922462,-25.159798,nan
2024-06-11T14:48:38,83.922478,-25.159649,nan
2024-06-11T14:48:37,83.922501,-25.159498,nan
2024-06-11T14:48:37,83.922508,-25.159346,nan
2024-06-11T14:48:36,83.922531,-25.159189,nan
2024-06-11T14:48:36,83.922546,-25.159037,nan
2024-06-11T14:48:35,83.922562,-25.158882,nan
2024-06-11T14:48:35,83.922577,-25.158730,nan
2024-06-11T14:48:34,83.922600,-25.158585,nan
2024-06-11T14:48:34,83.922615,-25.158442,nan
2024-06-11T14:48:33,83.922630,-25.158298,nan
2024-06-11T14:48:33,83.922646,-25.158157,nan
2024-06-11T14:48:32,83.922661,-25.158020,nan
2024-06-11T14:48:32,83.922676,-25.157881,nan
2024-06-11T14:48:31,83.922691,-25.157740,nan
2024-06-11T14:48:31,83.922707,-25.157595,nan
2024-06-11T14:48:30,83.922722,-25.157446,nan
2024-06-11T14:48:30,83.922737,-25.157291,nan
2024-06-11T14:48:29,83.922752,-25.157131,nan
2024-06-11T14:48:29,83.922775,-25.156963,nan
2024-06-11T14:48:28,83.922791,-25.156790,nan
2024-06-11T14:48:28,83.922806,-25.156612,nan
2024-06-11T14:48:27,83.922829,-25.156437,nan
2024-06-11T14:48:27,83.922844,-25.156254,nan
2024-06-11T14:48:26,83.922867,-25.156073,nan
2024-06-11T14:48:26,83.922882,-25.155888,nan
2024-06-11T14:48:25,83.922905,-25.155704,nan
2024-06-11T14:48:25,83.922928,-25.155525,nan
2024-06-11T14:48:24,83.922951,-25.155352,nan
2024-06-11T14:48:24,83.922966,-25.155180,nan
2024-06-11T14:48:23,83.922989,-25.155016,nan
2024-06-11T14:48:23,83.923012,-25.154854,nan
2024-06-11T14:48:22,83.923027,-25.154696,nan
2024-06-11T14:48:22,83.923050,-25.154539,nan
2024-06-11T14:48:21,83.923065,-25.154387,nan
2024-06-11T14:48:21,83.923080,-25.154236,nan
2024-06-11T14:48:20,83.923096,-25.154093,nan
2024-06-11T14:48:20,83.923111,-25.153952,nan
2024-06-11T14:48:19,83.923119,-25.153811,nan
2024-06-11T14:48:19,83.923134,-25.153669,nan
2024-06-11T14:48:18,83.923141,-25.153526,nan
2024-06-11T14:48:18,83.923157,-25.153381,nan
2024-06-11T14:48:17,83.923164,-25.153238,nan
2024-06-11T14:48:17,83.923172,-25.153095,nan
2024-06-11T14:48:16,83.923187,-25.152956,nan
2024-06-11T14:48:16,83.923195,-25.152822,nan
2024-06-11T14:48:15,83.923203,-25.152697,nan
2024-06-11T14:48:15,83.923218,-25.152576,nan
2024-06-11T14:48:14,83.923225,-25.152468,nan
2024-06-11T14:48:14,83.923233,-25.152365,nan
2024-06-11T14:48:13,83.923248,-25.152269,nan
2024-06-11T14:48:13,83.923256,-25.152184,nan
2024-06-11T14:48:12,83.923264,-25.152109,nan
2024-06-11T14:48:12,83.923279,-25.152044,nan
2024-06-11T14:48:11,83.923286,-25.151991,nan
2024-06-11T14:48:11,83.923294,-25.151941,nan
2024-06-11T14:48:10,83.923302,-25.151899,nan
2024-06-11T14:48:10,83.923309,-25.151859,nan
2024-06-11T14:48:09,83.923317,-25.151815,nan
2024-06-11T14:48:09,83.923325,-25.151766,nan
2024-06-11T14:48:08,83.923332,-25.151714,nan
2024-06-11T14:48:08,83.923340,-25.151665,nan
2024-06-11T14:48:07,83.923347,-25.151611,nan
2024-06-11T14:48:07,83.923355,-25.151558,nan
2024-06-11T14:48:06,83.923363,-25.151505,nan
2024-06-11T14:48:06,83.923370,-25.151451,nan
2024-06-11T14:48:05,83.923378,-25.151398,nan
2024-06-11T14:48:05,83.923386,-25.151342,nan
2024-06-11T14:48:04,83.923393,-25.151293,nan
2024-06-11T14:48:04,83.923401,-25.151245,nan
2024-06-11T14:48:03,83.923409,-25.151203,nan
2024-06-11T14:48:03,83.923416,-25.151163,nan
2024-06-11T14:48:02,83.923424,-25.151129,nan
2024-06-11T14:48:02,83.923431,-25.151098,nan
2024-06-11T14:48:01,83.923439,-25.151075,nan
2024-06-11T14:48:01,83.923447,-25.151054,nan
2024-06-11T14:48:00,83.923454,-25.151041,nan
2024-06-11T14:48:00,83.923462,-25.151030,nan
2024-06-11T14:47:59,83.923470,-25.151022,nan
2024-06-11T14:47:59,83.923477,-25.151016,nan
2024-06-11T14:47:58,83.923485,-25.151011,nan
2024-06-11T14:47:58,83.923485,-25.151005,nan
2024-06-11T14:47:57,83.923492,-25.150999,nan
2024-06-11T14:47:57,83.923500,-25.150993,nan
2024-06-11T14:47:56,83.923515,-25.150988,nan
2024-06-11T14:47:56,83.923523,-25.150984,nan
2024-06-11T14:47:55,83.923531,-25.150978,nan
2024-06-11T14:47:55,83.923538,-25.150978,nan
2024-06-11T14:47:54,83.923553,-25.150984,nan
2024-06-11T14:47:54,83.923569,-25.150997,nan
2024-06-11T14:47:53,83.923576,-25.151018,nan
2024-06-11T14:47:53,83.923592,-25.151049,nan
2024-06-11T14:47:52,83.923599,-25.151085,nan
2024-06-11T14:47:52,83.923615,-25.151127,nan
2024-06-11T14:47:51,83.923622,-25.151171,nan
2024-06-11T14:47:51,83.923637,-25.151213,nan
2024-06-11T14:47:50,83.923645,-25.151255,nan
2024-06-11T14:47:50,83.923653,-25.151297,nan
2024-06-11T14:47:49,83.923660,-25.151333,nan
2024-06-11T14:47:49,83.923676,-25.151367,nan
2024-06-11T14:47:48,83.923683,-25.151400,nan
2024-06-11T14:47:48,83.923698,-25.151438,nan
2024-06-11T14:47:47,83.923706,-25.151480,nan
2024-06-11T14:47:47,83.923721,-25.151529,nan
2024-06-11T14:47:46,83.923729,-25.151588,nan
2024-06-11T14:47:46,83.923744,-25.151657,nan
2024-06-11T14:47:45,83.923759,-25.151731,nan
2024-06-11T14:47:45,83.923775,-25.151814,nan
2024-06-11T14:47:44,83.923790,-25.151901,nan
2024-06-11T14:47:44,83.923798,-25.151993,nan
2024-06-11T14:47:43,83.923813,-25.152084,nan
2024-06-11T14:47:43,83.923828,-25.152178,nan
2024-06-11T14:47:42,83.923836,-25.152271,nan
2024-06-11T14:47:42,83.923851,-25.152365,nan
2024-06-11T14:47:41,83.923859,-25.152456,nan
2024-06-11T14:47:41,83.923874,-25.152546,nan
2024-06-11T14:47:40,83.923882,-25.152628,nan
2024-06-11T14:47:40,83.923897,-25.152700,nan
2024-06-11T14:47:39,83.923904,-25.152765,nan
2024-06-11T14:47:39,83.923912,-25.152821,nan
2024-06-11T14:47:38,83.923927,-25.152872,nan
2024-06-11T14:47:38,83.923935,-25.152920,nan
2024-06-11T14:47:37,83.923950,-25.152966,nan
2024-06-11T14:47:37,83.923965,-25.153011,nan
2024-06-11T14:47:36,83.923981,-25.153057,nan
2024-06-11T14:47:36,83.923996,-25.153109,nan
2024-06-11T14:47:35,83.924026,-25.153225,nan
2024-06-11T14:47:34,83.924042,-25.153290,nan
2024-06-11T14:47:34,83.924057,-25.153355,nan
2024-06-11T14:47:33,83.924072,-25.153418,nan
2024-06-11T14:47:33,83.924088,-25.153481,nan
2024-06-11T14:47:32,83.924110,-25.153538,nan
2024-06-11T14:47:32,83.924126,-25.153595,nan
2024-06-11T14:47:31,83.924141,-25.153648,nan
2024-06-11T14:47:31,83.924156,-25.153694,nan
2024-06-11T14:47:30,83.924171,-25.153734,nan
2024-06-11T14:47:30,83.924187,-25.153767,nan
2024-06-11T14:47:29,83.924202,-25.153795,nan
2024-06-11T14:47:29,83.924217,-25.153824,nan
2024-06-11T14:47:28,83.924240,-25.153847,nan
2024-06-11T14:47:28,83.924255,-25.153870,nan
2024-06-11T14:47:27,83.924278,-25.153896,nan
2024-06-11T14:47:27,83.924294,-25.153923,nan
2024-06-11T14:47:26,83.924316,-25.153952,nan
2024-06-11T14:47:26,83.924339,-25.153978,nan
2024-06-11T14:47:25,83.924355,-25.154005,nan
2024-06-11T14:47:25,83.924377,-25.154030,nan
2024-06-11T14:47:24,83.924400,-25.154049,nan
2024-06-11T14:47:24,83.924416,-25.154064,nan
2024-06-11T14:47:23,83.924438,-25.154074,nan
2024-06-11T14:47:23,83.924454,-25.154076,nan
2024-06-11T14:47:22,83.924477,-25.154072,nan
2024-06-11T14:47:22,83.924492,-25.154060,nan
2024-06-11T14:47:21,83.924515,-25.154036,nan
2024-06-11T14:47:21,83.924530,-25.153999,nan
2024-06-11T14:47:20,83.924553,-25.153954,nan
2024-06-11T14:47:20,83.924576,-25.153902,nan
2024-06-11T14:47:19,83.924599,-25.153847,nan
2024-06-11T14:47:19,83.924622,-25.153790,nan
2024-06-11T14:47:18,83.924644,-25.153736,nan
2024-06-11T14:47:18,83.924667,-25.153692,nan
2024-06-11T14:47:17,83.924690,-25.153654,nan
2024-06-11T14:47:17,83.924713,-25.153622,nan
2024-06-11T14:47:16,83.924736,-25.153591,nan
2024-06-11T14:47:16,83.924759,-25.153559,nan
2024-06-11T14:47:15,83.924774,-25.153522,nan
2024-06-11T14:47:15,83.924797,-25.153482,nan
2024-06-11T14:47:14,83.924820,-25.153433,nan
2024-06-11T14:47:14,83.924843,-25.153374,nan
2024-06-11T14:47:13,83.924866,-25.153311,nan
2024-06-11T14:47:13,83.924889,-25.153242,nan
2024-06-11T14:47:12,83.924911,-25.153172,nan
2024-06-11T14:47:12,83.924934,-25.153101,nan
2024-06-11T14:47:11,83.924957,-25.153028,nan
2024-06-11T14:47:11,83.924988,-25.152954,nan
2024-06-11T14:47:10,83.925011,-25.152876,nan
2024-06-11T14:47:10,83.925034,-25.152794,nan
2024-06-11T14:47:09,83.925056,-25.152704,nan
2024-06-11T14:47:09,83.925072,-25.152615,nan
2024-06-11T14:47:08,83.925095,-25.152519,nan
2024-06-11T14:47:08,83.925117,-25.152416,nan
2024-06-11T14:47:07,83.925140,-25.152308,nan
2024-06-11T14:47:07,83.925163,-25.152195,nan
2024-06-11T14:47:06,83.925186,-25.152081,nan
2024-06-11T14:47:06,83.925209,-25.151970,nan
2024-06-11T14:47:05,83.925232,-25.151861,nan
2024-06-11T14:47:05,83.925255,-25.151762,nan
2024-06-11T14:47:04,83.925285,-25.151663,nan
2024-06-11T14:47:04,83.925308,-25.151562,nan
2024-06-11T14:47:03,83.925331,-25.151463,nan
2024-06-11T14:47:03,83.925354,-25.151361,nan
2024-06-11T14:47:02,83.925377,-25.151257,nan
2024-06-11T14:47:02,83.925400,-25.151152,nan
2024-06-11T14:47:01,83.925423,-25.151041,nan
2024-06-11T14:47:01,83.925446,-25.150928,nan
2024-06-11T14:47:00,83.925468,-25.150806,nan
2024-06-11T14:47:00,83.925491,-25.150682,nan
2024-06-11T14:46:59,83.925514,-25.150553,nan
2024-06-11T14:46:59,83.925529,-25.150419,nan
2024-06-11T14:46:58,83.925560,-25.150284,nan
2024-06-11T14:46:58,83.925583,-25.150148,nan
2024-06-11T14:46:57,83.925606,-25.150015,nan
2024-06-11T14:46:57,83.925629,-25.149881,nan
2024-06-11T14:46:56,83.925652,-25.149748,nan
2024-06-11T14:46:56,83.925674,-25.149614,nan
2024-06-11T14:46:55,83.925697,-25.149481,nan
2024-06-11T14:46:55,83.925720,-25.149342,nan
2024-06-11T14:46:54,83.925735,-25.149197,nan
2024-06-11T14:46:54,83.925758,-25.149048,nan
2024-06-11T14:46:53,83.925781,-25.148893,nan
2024-06-11T14:46:53,83.925804,-25.148733,nan
2024-06-11T14:46:52,83.925819,-25.148575,nan
2024-06-11T14:46:52,83.925842,-25.148422,nan
2024-06-11T14:46:51,83.925865,-25.148275,nan
2024-06-11T14:46:51,83.925888,-25.148142,nan
2024-06-11T14:46:50,83.925911,-25.148018,nan
2024-06-11T14:46:50,83.925934,-25.147900,nan
2024-06-11T14:46:49,83.925957,-25.147785,nan
2024-06-11T14:46:49,83.925972,-25.147669,nan
2024-06-11T14:46:48,83.925995,-25.147549,nan
2024-06-11T14:46:48,83.926018,-25.147427,nan
2024-06-11T14:46:47,83.926033,-25.147301,nan
2024-06-11T14:46:47,83.926056,-25.147173,nan
2024-06-11T14:46:46,83.926079,-25.147045,nan
2024-06-11T14:46:46,83.926102,-25.146919,nan
2024-06-11T14:46:45,83.926125,-25.146797,nan
2024-06-11T14:46:45,83.926147,-25.146681,nan
2024-06-11T14:46:44,83.926170,-25.146566,nan
2024-06-11T14:46:44,83.926186,-25.146454,nan
2024-06-11T14:46:43,83.926208,-25.146341,nan
2024-06-11T14:46:43,83.926231,-25.146229,nan
2024-06-11T14:46:42,83.926247,-25.146111,nan
2024-06-11T14:46:42,83.926270,-25.145983,nan
2024-06-11T14:46:41,83.926292,-25.145849,nan
2024-06-11T14:46:41,83.926308,-25.145714,nan
2024-06-11T14:46:40,83.926331,-25.145580,nan
2024-06-11T14:46:40,83.926353,-25.145452,nan
2024-06-11T14:46:39,83.926376,-25.145327,nan
2024-06-11T14:46:39,83.926399,-25.145205,nan
2024-06-11T14:46:38,83.926422,-25.145088,nan
2024-06-11T14:46:38,83.926437,-25.144976,nan
2024-06-11T14:46:37,83.926460,-25.144867,nan
2024-06-11T14:46:37,83.926483,-25.144751,nan
2024-06-11T14:46:36,83.926506,-25.144630,nan
2024-06-11T14:46:36,83.926529,-25.144506,nan
2024-06-11T14:46:35,83.926552,-25.144377,nan
2024-06-11T14:46:35,83.926575,-25.144247,nan
2024-06-11T14:46:34,83.926598,-25.144114,nan
2024-06-11T14:46:34,83.926620,-25.143986,nan
2024-06-11T14:46:33,83.926643,-25.143858,nan
2024-06-11T14:46:33,83.926666,-25.143740,nan
2024-06-11T14:46:32,83.926697,-25.143625,nan
2024-06-11T14:46:32,83.926720,-25.143520,nan
2024-06-11T14:46:31,83.926735,-25.143419,nan
2024-06-11T14:46:31,83.926758,-25.143320,nan
2024-06-11T14:46:30,83.926781,-25.143223,nan
2024-06-11T14:46:30,83.926796,-25.143120,nan
2024-06-11T14:46:29,83.926819,-25.143021,nan
2024-06-11T14:46:29,83.926834,-25.142925,nan
2024-06-11T14:46:28,83.926857,-25.142839,nan
2024-06-11T14:46:28,83.926880,-25.142759,nan
2024-06-11T14:46:27,83.926903,-25.142687,nan
2024-06-11T14:46:27,83.926926,-25.142620,nan
2024-06-11T14:46:26,83.926941,-25.142553,nan
2024-06-11T14:46:26,83.926964,-25.142485,nan
2024-06-11T14:46:25,83.926987,-25.142412,nan
2024-06-11T14:46:25,83.927010,-25.142336,nan
2024-06-11T14:46:24,83.927025,-25.142248,nan
2024-06-11T14:46:24,83.927048,-25.142159,nan
2024-06-11T14:46:23,83.927071,-25.142067,nan
2024-06-11T14:46:23,83.927094,-25.141973,nan
2024-06-11T14:46:22,83.927116,-25.141886,nan
2024-06-11T14:46:22,83.927139,-25.141802,nan
2024-06-11T14:46:21,83.927170,-25.141724,nan
2024-06-11T14:46:21,83.927193,-25.141647,nan
2024-06-11T14:46:20,83.927216,-25.141575,nan
2024-06-11T14:46:20,83.927246,-25.141499,nan
2024-06-11T14:46:19,83.927269,-25.141422,nan
2024-06-11T14:46:19,83.927292,-25.141342,nan
2024-06-11T14:46:18,83.927315,-25.141256,nan
2024-06-11T14:46:18,83.927338,-25.141163,nan
2024-06-11T14:46:17,83.927361,-25.141066,nan
2024-06-11T14:46:17,83.927391,-25.140968,nan
2024-06-11T14:46:16,83.927414,-25.140877,nan
2024-06-11T14:46:16,83.927437,-25.140791,nan
2024-06-11T14:46:15,83.927460,-25.140713,nan
2024-06-11T14:46:15,83.927483,-25.140642,nan
2024-06-11T14:46:14,83.927505,-25.140577,nan
2024-06-11T14:46:14,83.927528,-25.140507,nan
2024-06-11T14:46:13,83.927551,-25.140430,nan
2024-06-11T14:46:13,83.927574,-25.140350,nan
2024-06-11T14:46:12,83.927597,-25.140266,nan
2024-06-11T14:46:12,83.927612,-25.140177,nan
2024-06-11T14:46:11,83.927635,-25.140091,nan
2024-06-11T14:46:11,83.927658,-25.140011,nan
2024-06-11T14:46:10,83.927681,-25.139936,nan
2024-06-11T14:46:10,83.927704,-25.139866,nan
2024-06-11T14:46:09,83.927727,-25.139797,nan
2024-06-11T14:46:09,83.927750,-25.139723,nan
2024-06-11T14:46:08,83.927773,-25.139641,nan
2024-06-11T14:46:08,83.927795,-25.139553,nan
2024-06-11T14:46:07,83.927818,-25.139469,nan
2024-06-11T14:46:07,83.927841,-25.139383,nan
2024-06-11T14:46:06,83.927864,-25.139305,nan
2024-06-11T14:46:06,83.927887,-25.139235,nan
2024-06-11T14:46:05,83.927910,-25.139172,nan
2024-06-11T14:46:05,83.927933,-25.139112,nan
2024-06-11T14:46:04,83.927956,-25.139059,nan
2024-06-11T14:46:04,83.927979,-25.139002,nan
2024-06-11T14:46:03,83.928001,-25.138939,nan
2024-06-11T14:46:03,83.928024,-25.138868,nan
2024-06-11T14:46:02,83.928040,-25.138798,nan
2024-06-11T14:46:02,83.928062,-25.138729,nan
2024-06-11T14:46:01,83.928085,-25.138662,nan
2024-06-11T14:46:01,83.928101,-25.138599,nan
2024-06-11T14:46:00,83.928123,-25.138540,nan
2024-06-11T14:46:00,83.928146,-25.138487,nan
2024-06-11T14:45:59,83.928162,-25.138437,nan
2024-06-11T14:45:59,83.928185,-25.138391,nan
2024-06-11T14:45:58,83.928200,-25.138346,nan
2024-06-11T14:45:58,83.928223,-25.138302,nan
2024-06-11T14:45:57,83.928238,-25.138258,nan
2024-06-11T14:45:57,83.928253,-25.138210,nan
2024-06-11T14:45:56,83.928276,-25.138157,nan
2024-06-11T14:45:56,83.928291,-25.138098,nan
2024-06-11T14:45:55,83.928307,-25.138035,nan
2024-06-11T14:45:55,83.928322,-25.137970,nan
2024-06-11T14:45:54,83.928337,-25.137911,nan
2024-06-11T14:45:54,83.928352,-25.137854,nan
2024-06-11T14:45:53,83.928368,-25.137796,nan
2024-06-11T14:45:53,83.928383,-25.137739,nan
2024-06-11T14:45:52,83.928398,-25.137678,nan
2024-06-11T14:45:52,83.928406,-25.137609,nan
2024-06-11T14:45:51,83.928421,-25.137535,nan
2024-06-11T14:45:51,83.928436,-25.137461,nan
2024-06-11T14:45:50,83.928452,-25.137386,nan
2024-06-11T14:45:50,83.928467,-25.137318,nan
2024-06-11T14:45:49,83.928474,-25.137251,nan
2024-06-11T14:45:49,83.928490,-25.137182,nan
2024-06-11T14:45:48,83.928505,-25.137114,nan
2024-06-11T14:45:48,83.928513,-25.137037,nan
2024-06-11T14:45:47,83.928528,-25.136953,nan
2024-06-11T14:45:47,83.928535,-25.136866,nan
2024-06-11T14:45:46,83.928551,-25.136782,nan
2024-06-11T14:45:46,83.928566,-25.136702,nan
2024-06-11T14:45:45,83.928581,-25.136625,nan
2024-06-11T14:45:45,83.928596,-25.136557,nan
2024-06-11T14:45:44,83.928612,-25.136492,nan
2024-06-11T14:45:44,83.928619,-25.136433,nan
2024-06-11T14:45:43,83.928635,-25.136374,nan
2024-06-11T14:45:43,83.928650,-25.136316,nan
2024-06-11T14:45:42,83.928665,-25.136263,nan
2024-06-11T14:45:42,83.928680,-25.136209,nan
2024-06-11T14:45:41,83.928703,-25.136162,nan
2024-06-11T14:45:41,83.928719,-25.136122,nan
2024-06-11T14:45:40,83.928741,-25.136091,nan
2024-06-11T14:45:40,83.928757,-25.136065,nan
2024-06-11T14:45:39,83.928772,-25.136038,nan
2024-06-11T14:45:39,83.928795,-25.136007,nan
2024-06-11T14:45:38,83.928810,-25.135979,nan
2024-06-11T14:45:38,83.928825,-25.135944,nan
2024-06-11T14:45:37,83.928848,-25.135914,nan
2024-06-11T14:45:37,83.928864,-25.135883,nan
2024-06-11T14:45:36,83.928879,-25.135855,nan
2024-06-11T14:45:36,83.928902,-25.135834,nan
2024-06-11T14:45:35,83.928917,-25.135822,nan
2024-06-11T14:45:35,83.928940,-25.135820,nan
2024-06-11T14:45:34,83.928955,-25.135822,nan
2024-06-11T14:45:34,83.928970,-25.135826,nan
2024-06-11T14:45:33,83.928986,-25.135832,nan
2024-06-11T14:45:33,83.929001,-25.135839,nan
2024-06-11T14:45:32,83.929024,-25.135851,nan
2024-06-11T14:45:32,83.929039,-25.135868,nan
2024-06-11T14:45:31,83.929054,-25.135897,nan
2024-06-11T14:45:31,83.929070,-25.135935,nan
2024-06-11T14:45:30,83.929092,-25.135971,nan
2024-06-11T14:45:30,83.929108,-25.136005,nan
2024-06-11T14:45:29,83.929123,-25.136034,nan
2024-06-11T14:45:29,83.929146,-25.136059,nan
2024-06-11T14:45:28,83.929161,-25.136086,nan
2024-06-11T14:45:28,83.929184,-25.136112,nan
2024-06-11T14:45:27,83.929207,-25.136147,nan
2024-06-11T14:45:27,83.929222,-25.136185,nan
2024-06-11T14:45:26,83.929245,-25.136223,nan
2024-06-11T14:45:26,83.929260,-25.136261,nan
2024-06-11T14:45:25,83.929276,-25.136297,nan
2024-06-11T14:45:25,83.929298,-25.136330,nan
2024-06-11T14:45:24,83.929314,-25.136362,nan
2024-06-11T14:45:24,83.929337,-25.136402,nan
2024-06-11T14:45:23,83.929352,-25.136448,nan
2024-06-11T14:45:23,83.929367,-25.136497,nan
2024-06-11T14:45:22,83.929382,-25.136555,nan
2024-06-11T14:45:22,83.929398,-25.136612,nan
2024-06-11T14:45:21,83.929413,-25.136665,nan
2024-06-11T14:45:21,83.929428,-25.136717,nan
2024-06-11T14:45:20,83.929443,-25.136763,nan
2024-06-11T14:45:20,83.929459,-25.136810,nan
2024-06-11T14:45:19,83.929466,-25.136864,nan
2024-06-11T14:45:19,83.929482,-25.136923,nan
2024-06-11T14:45:18,83.929497,-25.136986,nan
2024-06-11T14:45:18,83.929504,-25.137053,nan
2024-06-11T14:45:17,83.929520,-25.137117,nan
2024-06-11T14:45:17,83.929527,-25.137178,nan
2024-06-11T14:45:16,83.929535,-25.137234,nan
2024-06-11T14:45:16,83.929543,-25.137285,nan
2024-06-11T14:45:15,83.929558,-25.137339,nan
2024-06-11T14:45:15,83.929565,-25.137396,nan
2024-06-11T14:45:14,83.929573,-25.137451,nan
2024-06-11T14:45:14,83.929581,-25.137506,nan
2024-06-11T14:45:13,83.929588,-25.137560,nan
2024-06-11T14:45:13,83.929596,-25.137602,nan
2024-06-11T14:45:12,83.929611,-25.137640,nan
2024-06-11T14:45:12,83.929619,-25.137680,nan
2024-06-11T14:45:11,83.929626,-25.137720,nan
2024-06-11T14:45:11,83.929634,-25.137766,nan
2024-06-11T14:45:10,83.929642,-25.137815,nan
2024-06-11T14:45:10,83.929649,-25.137867,nan
2024-06-11T14:45:09,83.929657,-25.137918,nan
2024-06-11T14:45:09,83.929665,-25.137966,nan
2024-06-11T14:45:08,83.929672,-25.138008,nan
2024-06-11T14:45:08,83.929680,-25.138048,nan
2024-06-11T14:45:07,83.929688,-25.138090,nan
2024-06-11T14:45:07,83.929695,-25.138136,nan
2024-06-11T14:45:06,83.929703,-25.138187,nan
2024-06-11T14:45:06,83.929710,-25.138239,nan
2024-06-11T14:45:05,83.929718,-25.138287,nan
2024-06-11T14:45:05,83.929726,-25.138329,nan
2024-06-11T14:45:04,83.929733,-25.138369,nan
2024-06-11T14:45:04,83.929741,-25.138409,nan
2024-06-11T14:45:03,83.929749,-25.138453,nan
2024-06-11T14:45:03,83.929764,-25.138498,nan
2024-06-11T14:45:02,83.929771,-25.138550,nan
2024-06-11T14:45:02,83.929779,-25.138599,nan
2024-06-11T14:45:01,83.929787,-25.138647,nan
2024-06-11T14:45:01,83.929794,-25.138689,nan
2024-06-11T14:45:00,83.929802,-25.138727,nan
2024-06-11T14:45:00,83.929810,-25.138765,nan
2024-06-11T14:44:59,83.929825,-25.138807,nan
2024-06-11T14:44:59,83.929832,-25.138849,nan
2024-06-11T14:44:58,83.929840,-25.138891,nan
2024-06-11T14:44:58,83.929855,-25.138929,nan
2024-06-11T14:44:57,83.929863,-25.138956,nan
2024-06-11T14:44:57,83.929871,-25.138979,nan
2024-06-11T14:44:56,83.929886,-25.139002,nan
2024-06-11T14:44:56,83.929893,-25.139029,nan
2024-06-11T14:44:55,83.929901,-25.139055,nan
2024-06-11T14:44:55,83.929916,-25.139080,nan
2024-06-11T14:44:54,83.929924,-25.139097,nan
2024-06-11T14:44:54,83.929932,-25.139107,nan
2024-06-11T14:44:53,83.929947,-25.139114,nan
2024-06-11T14:44:53,83.929955,-25.139118,nan
2024-06-11T14:44:52,83.929962,-25.139128,nan
2024-06-11T14:44:52,83.929977,-25.139137,nan
2024-06-11T14:44:51,83.929985,-25.139149,nan
2024-06-11T14:44:51,83.929993,-25.139158,nan
2024-06-11T14:44:50,83.930000,-25.139164,nan
2024-06-11T14:44:50,83.930008,-25.139166,nan
2024-06-11T14:44:49,83.930016,-25.139168,nan
2024-06-11T14:44:49,83.930023,-25.139166,nan
2024-06-11T14:44:48,83.930038,-25.139168,nan
2024-06-11T14:44:48,83.930046,-25.139170,nan
2024-06-11T14:44:47,83.930054,-25.139172,nan
2024-06-11T14:44:47,83.930061,-25.139166,nan
2024-06-11T14:44:46,83.930077,-25.139154,nan
2024-06-11T14:44:46,83.930084,-25.139137,nan
2024-06-11T14:44:45,83.930092,-25.139111,nan
2024-06-11T14:44:45,83.930099,-25.139082,nan
2024-06-11T14:44:44,83.930107,-25.139055,nan
2024-06-11T14:44:44,83.930122,-25.139029,nan
2024-06-11T14:44:43,83.930130,-25.139004,nan
2024-06-11T14:44:43,83.930138,-25.138975,nan
2024-06-11T14:44:42,83.930145,-25.138945,nan
2024-06-11T14:44:42,83.930153,-25.138905,nan
2024-06-11T14:44:41,83.930161,-25.138865,nan
2024-06-11T14:44:41,83.930176,-25.138826,nan
2024-06-11T14:44:40,83.930183,-25.138794,nan
2024-06-11T14:44:40,83.930191,-25.138765,nan
2024-06-11T14:44:39,83.930199,-25.138733,nan
2024-06-11T14:44:39,83.930206,-25.138695,nan
2024-06-11T14:44:38,83.930214,-25.138655,nan
2024-06-11T14:44:38,83.930229,-25.138613,nan
2024-06-11T14:44:37,83.930237,-25.138575,nan
2024-06-11T14:44:37,83.930244,-25.138544,nan
2024-06-11T14:44:36,83.930260,-25.138517,nan
2024-06-11T14:44:36,83.930267,-25.138489,nan
2024-06-11T14:44:35,83.930275,-25.138456,nan
2024-06-11T14:44:35,83.930283,-25.138422,nan
2024-06-11T14:44:34,83.930290,-25.138390,nan
2024-06-11T14:44:34,83.930305,-25.138365,nan
2024-06-11T14:44:33,83.930313,-25.138344,nan
2024-06-11T14:44:33,83.930321,-25.138329,nan
2024-06-11T14:44:32,83.930336,-25.138317,nan
2024-06-11T14:44:32,83.930344,-25.138306,nan
2024-06-11T14:44:31,83.930351,-25.138292,nan
2024-06-11T14:44:31,83.930359,-25.138277,nan
2024-06-11T14:44:30,83.930367,-25.138262,nan
2024-06-11T14:44:30,83.930382,-25.138256,nan
2024-06-11T14:44:29,83.930389,-25.138260,nan
2024-06-11T14:44:29,83.930397,-25.138271,nan
2024-06-11T14:44:28,83.930405,-25.138287,nan
2024-06-11T14:44:28,83.930412,-25.138302,nan
2024-06-11T14:44:27,83.930420,-25.138315,nan
2024-06-11T14:44:27,83.930428,-25.138325,nan
2024-06-11T14:44:26,83.930435,-25.138330,nan
2024-06-11T14:44:26,83.930443,-25.138336,nan
2024-06-11T14:44:25,83.930450,-25.138344,nan
2024-06-11T14:44:25,83.930458,-25.138348,nan
2024-06-11T14:44:24,83.930466,-25.138346,nan
2024-06-11T14:44:24,83.930466,-25.138338,nan
2024-06-11T14:44:23,83.930473,-25.138325,nan
2024-06-11T14:44:23,83.930489,-25.138315,nan
2024-06-11T14:44:22,83.930496,-25.138306,nan
2024-06-11T14:44:22,83.930504,-25.138300,nan
2024-06-11T14:44:21,83.930511,-25.138290,nan
2024-06-11T14:44:21,83.930519,-25.138277,nan
2024-06-11T14:44:20,83.930534,-25.138266,nan
2024-06-11T14:44:20,83.930542,-25.138262,nan
2024-06-11T14:44:19,83.930550,-25.138262,nan
2024-06-11T14:44:19,83.930565,-25.138268,nan
2024-06-11T14:44:18,83.930573,-25.138275,nan
2024-06-11T14:44:18,83.930580,-25.138285,nan
2024-06-11T14:44:17,83.930595,-25.138292,nan
2024-06-11T14:44:17,83.930603,-25.138306,nan
2024-06-11T14:44:16,83.930618,-25.138327,nan
2024-06-11T14:44:16,83.930626,-25.138359,nan
2024-06-11T14:44:15,83.930634,-25.138391,nan
2024-06-11T14:44:15,83.930649,-25.138428,nan
2024-06-11T14:44:14,83.930656,-25.138464,nan
2024-06-11T14:44:14,83.930664,-25.138504,nan
2024-06-11T14:44:13,83.930672,-25.138548,nan
2024-06-11T14:44:13,83.930687,-25.138596,nan
2024-06-11T14:44:12,83.930695,-25.138647,nan
2024-06-11T14:44:12,83.930702,-25.138702,nan
2024-06-11T14:44:11,83.930710,-25.138754,nan
2024-06-11T14:44:11,83.930717,-25.138802,nan
2024-06-11T14:44:10,83.930733,-25.138840,nan
2024-06-11T14:44:10,83.930740,-25.138876,nan
2024-06-11T14:44:09,83.930748,-25.138912,nan
2024-06-11T14:44:09,83.930756,-25.138950,nan
2024-06-11T14:44:08,83.930763,-25.138992,nan
2024-06-11T14:44:08,83.930771,-25.139029,nan
2024-06-11T14:44:07,83.930779,-25.139059,nan
2024-06-11T14:44:07,83.930786,-25.139091,nan
2024-06-11T14:44:06,83.930801,-25.139120,nan
2024-06-11T14:44:06,83.930809,-25.139154,nan
2024-06-11T14:44:05,83.930817,-25.139194,nan
2024-06-11T14:44:05,83.930824,-25.139238,nan
2024-06-11T14:44:04,83.930840,-25.139280,nan
2024-06-11T14:44:04,83.930847,-25.139318,nan
2024-06-11T14:44:03,83.930855,-25.139351,nan
2024-06-11T14:44:03,83.930870,-25.139381,nan
2024-06-11T14:44:02,83.930878,-25.139418,nan
2024-06-11T14:44:02,83.930893,-25.139458,nan
2024-06-11T14:44:01,83.930901,-25.139502,nan
2024-06-11T14:44:01,83.930916,-25.139547,nan
2024-06-11T14:44:00,83.930923,-25.139591,nan
2024-06-11T14:44:00,83.930939,-25.139633,nan
2024-06-11T14:43:59,83.930946,-25.139675,nan
2024-06-11T14:43:59,83.930962,-25.139723,nan
2024-06-11T14:43:58,83.930969,-25.139774,nan
2024-06-11T14:43:58,83.930984,-25.139832,nan
2024-06-11T14:43:57,83.930992,-25.139894,nan
2024-06-11T14:43:57,83.931007,-25.139959,nan
2024-06-11T14:43:56,83.931015,-25.140024,nan
2024-06-11T14:43:56,83.931030,-25.140079,nan
2024-06-11T14:43:55,83.931046,-25.140127,nan
2024-06-11T14:43:55,83.931053,-25.140171,nan
2024-06-11T14:43:54,83.931068,-25.140219,nan
2024-06-11T14:43:54,83.931076,-25.140263,nan
2024-06-11T14:43:53,83.931091,-25.140305,nan
2024-06-11T14:43:53,83.931107,-25.140343,nan
2024-06-11T14:43:52,83.931114,-25.140371,nan
2024-06-11T14:43:52,83.931129,-25.140396,nan
2024-06-11T14:43:51,83.931137,-25.140421,nan
2024-06-11T14:43:51,83.931152,-25.140448,nan
2024-06-11T14:43:50,83.931168,-25.140474,nan
2024-06-11T14:43:50,83.931175,-25.140497,nan
2024-06-11T14:43:49,83.931190,-25.140512,nan
2024-06-11T14:43:49,83.931198,-25.140524,nan
2024-06-11T14:43:48,83.931213,-25.140530,nan
2024-06-11T14:43:48,83.931221,-25.140535,nan
2024-06-11T14:43:47,83.931236,-25.140545,nan
2024-06-11T14:43:47,83.931244,-25.140558,nan
2024-06-11T14:43:46,83.931259,-25.140572,nan
2024-06-11T14:43:46,83.931267,-25.140581,nan
2024-06-11T14:43:45,83.931282,-25.140585,nan
2024-06-11T14:43:45,83.931290,-25.140585,nan
2024-06-11T14:43:44,83.931305,-25.140575,nan
2024-06-11T14:43:44,83.931313,-25.140570,nan
2024-06-11T14:43:43,83.931328,-25.140566,nan
2024-06-11T14:43:43,83.931335,-25.140566,nan
2024-06-11T14:43:42,83.931343,-25.140570,nan
2024-06-11T14:43:42,83.931358,-25.140570,nan
2024-06-11T14:43:41,83.931366,-25.140568,nan
2024-06-11T14:43:41,83.931374,-25.140564,nan
2024-06-11T14:43:40,83.931381,-25.140560,nan
2024-06-11T14:43:40,83.931396,-25.140566,nan
2024-06-11T14:43:39,83.931404,-25.140572,nan
2024-06-11T14:43:39,83.931412,-25.140581,nan
2024-06-11T14:43:38,83.931427,-25.140589,nan
2024-06-11T14:43:38,83.931435,-25.140596,nan
2024-06-11T14:43:37,83.931442,-25.140610,nan
2024-06-11T14:43:37,83.931458,-25.140627,nan
2024-06-11T14:43:36,83.931465,-25.140648,nan
2024-06-11T14:43:36,83.931473,-25.140665,nan
2024-06-11T14:43:35,83.931480,-25.140680,nan
2024-06-11T14:43:35,83.931496,-25.140688,nan
2024-06-11T14:43:34,83.931503,-25.140694,nan
2024-06-11T14:43:34,83.931511,-25.140699,nan
2024-06-11T14:43:33,83.931519,-25.140709,nan
2024-06-11T14:43:33,83.931526,-25.140718,nan
2024-06-11T14:43:32,83.931534,-25.140728,nan
2024-06-11T14:43:32,83.931541,-25.140736,nan
2024-06-11T14:43:31,83.931549,-25.140745,nan
2024-06-11T14:43:31,83.931557,-25.140757,nan
2024-06-11T14:43:30,83.931564,-25.140774,nan
2024-06-11T14:43:30,83.931572,-25.140799,nan
2024-06-11T14:43:29,83.931572,-25.140827,nan
2024-06-11T14:43:29,83.931580,-25.140858,nan
2024-06-11T14:43:28,83.931587,-25.140890,nan
2024-06-11T14:43:28,83.931595,-25.140921,nan
2024-06-11T14:43:27,83.931602,-25.140953,nan
2024-06-11T14:43:27,83.931610,-25.140995,nan
2024-06-11T14:43:26,83.931618,-25.141037,nan
2024-06-11T14:43:26,83.931625,-25.141075,nan
2024-06-11T14:43:25,83.931633,-25.141106,nan
2024-06-11T14:43:25,83.931641,-25.141129,nan
2024-06-11T14:43:24,83.931656,-25.141150,nan
2024-06-11T14:43:24,83.931664,-25.141167,nan
2024-06-11T14:43:23,83.931671,-25.141174,nan
2024-06-11T14:43:23,83.931679,-25.141174,nan
2024-06-11T14:43:22,83.931686,-25.141169,nan
2024-06-11T14:43:22,83.931694,-25.141157,nan
2024-06-11T14:43:21,83.931709,-25.141148,nan
2024-06-11T14:43:21,83.931717,-25.141136,nan
2024-06-11T14:43:20,83.931725,-25.141123,nan
2024-06-11T14:43:20,83.931725,-25.141098,nan
2024-06-11T14:43:19,83.931732,-25.141068,nan
2024-06-11T14:43:19,83.931740,-25.141031,nan
2024-06-11T14:43:18,83.931747,-25.140999,nan
2024-06-11T14:43:18,83.931755,-25.140966,nan
2024-06-11T14:43:17,83.931763,-25.140934,nan
2024-06-11T14:43:17,83.931770,-25.140900,nan
2024-06-11T14:43:16,83.931770,-25.140863,nan
2024-06-11T14:43:16,83.931778,-25.140833,nan
2024-06-11T14:43:15,83.931786,-25.140804,nan
2024-06-11T14:43:15,83.931793,-25.140789,nan
2024-06-11T14:43:14,83.931793,-25.140779,nan
2024-06-11T14:43:14,83.931801,-25.140774,nan
2024-06-11T14:43:13,83.931808,-25.140768,nan
2024-06-11T14:43:13,83.931808,-25.140760,nan
2024-06-11T14:43:12,83.931816,-25.140751,nan
2024-06-11T14:43:12,83.931816,-25.140747,nan
2024-06-11T14:43:11,83.931824,-25.140745,nan
2024-06-11T14:43:11,83.931824,-25.140751,nan
2024-06-11T14:43:10,83.931831,-25.140759,nan
2024-06-11T14:43:10,83.931831,-25.140764,nan
2024-06-11T14:43:09,83.931839,-25.140764,nan
2024-06-11T14:43:09,83.931839,-25.140762,nan
2024-06-11T14:43:08,83.931847,-25.140760,nan
2024-06-11T14:43:08,83.931847,-25.140762,nan
2024-06-11T14:43:07,83.931847,-25.140768,nan
2024-06-11T14:43:07,83.931854,-25.140774,nan
2024-06-11T14:43:06,83.931854,-25.140774,nan
2024-06-11T14:43:06,83.931854,-25.140766,nan
2024-06-11T14:43:05,83.931862,-25.140762,nan
2024-06-11T14:43:05,83.931862,-25.140760,nan
2024-06-11T14:43:04,83.931870,-25.140760,nan
2024-06-11T14:43:04,83.931870,-25.140766,nan
2024-06-11T14:43:03,83.931870,-25.140770,nan
2024-06-11T14:43:03,83.931877,-25.140768,nan
2024-06-11T14:43:02,83.931885,-25.140768,nan
2024-06-11T14:43:02,83.931885,-25.140766,nan
2024-06-11T14:43:01,83.931892,-25.140768,nan
2024-06-11T14:43:01,83.931900,-25.140766,nan
2024-06-11T14:43:00,83.931900,-25.140760,nan
2024-06-11T14:43:00,83.931908,-25.140747,nan
2024-06-11T14:42:59,83.931908,-25.140726,nan
2024-06-11T14:42:59,83.931915,-25.140703,nan
2024-06-11T14:42:58,83.931923,-25.140678,nan
2024-06-11T14:42:58,83.931931,-25.140652,nan
2024-06-11T14:42:57,83.931938,-25.140612,nan
2024-06-11T14:42:57,83.931946,-25.140562,nan
2024-06-11T14:42:56,83.931953,-25.140505,nan
2024-06-11T14:42:56,83.931961,-25.140436,nan
2024-06-11T14:42:55,83.931976,-25.140366,nan
2024-06-11T14:42:55,83.931984,-25.140289,nan
2024-06-11T14:42:54,83.931992,-25.140209,nan
2024-06-11T14:42:54,83.931999,-25.140127,nan
2024-06-11T14:42:53,83.932007,-25.140034,nan
2024-06-11T14:42:53,83.932014,-25.139933,nan
2024-06-11T14:42:52,83.932030,-25.139830,nan
2024-06-11T14:42:52,83.932037,-25.139730,nan
2024-06-11T14:42:51,83.932045,-25.139635,nan
2024-06-11T14:42:51,83.932053,-25.139545,nan
2024-06-11T14:42:50,83.932060,-25.139456,nan
2024-06-11T14:42:50,83.932060,-25.139364,nan
2024-06-11T14:42:49,83.932068,-25.139273,nan
2024-06-11T14:42:49,83.932076,-25.139183,nan
2024-06-11T14:42:48,83.932091,-25.139099,nan
2024-06-11T14:42:48,83.932091,-25.139015,nan
2024-06-11T14:42:47,83.932098,-25.138927,nan
2024-06-11T14:42:47,83.932106,-25.138836,nan
2024-06-11T14:42:46,83.932114,-25.138741,nan
2024-06-11T14:42:46,83.932121,-25.138645,nan
2024-06-11T14:42:45,83.932129,-25.138556,nan
2024-06-11T14:42:45,83.932129,-25.138466,nan
2024-06-11T14:42:44,83.932137,-25.138374,nan
2024-06-11T14:42:44,83.932137,-25.138285,nan
2024-06-11T14:42:43,83.932144,-25.138201,nan
2024-06-11T14:42:43,83.932152,-25.138123,nan
2024-06-11T14:42:42,83.932152,-25.138046,nan
2024-06-11T14:42:42,83.932152,-25.137964,nan
2024-06-11T14:42:41,83.932159,-25.137880,nan
2024-06-11T14:42:41,83.932159,-25.137796,nan
2024-06-11T14:42:40,83.932167,-25.137714,nan
2024-06-11T14:42:40,83.932175,-25.137636,nan
2024-06-11T14:42:39,83.932182,-25.137554,nan
2024-06-11T14:42:39,83.932182,-25.137466,nan
2024-06-11T14:42:38,83.932190,-25.137367,nan
2024-06-11T14:42:38,83.932198,-25.137259,nan
2024-06-11T14:42:37,83.932205,-25.137144,nan
2024-06-11T14:42:37,83.932220,-25.137028,nan
2024-06-11T14:42:36,83.932228,-25.136904,nan
2024-06-11T14:42:36,83.932236,-25.136770,nan
2024-06-11T14:42:35,83.932243,-25.136627,nan
2024-06-11T14:42:35,83.932259,-25.136475,nan
2024-06-11T14:42:34,83.932266,-25.136318,nan
2024-06-11T14:42:34,83.932274,-25.136166,nan
2024-06-11T14:42:33,83.932289,-25.136015,nan
2024-06-11T14:42:33,83.932297,-25.135872,nan
2024-06-11T14:42:32,83.932304,-25.135731,nan
2024-06-11T14:42:32,83.932304,-25.135593,nan
2024-06-11T14:42:31,83.932312,-25.135454,nan
2024-06-11T14:42:31,83.932320,-25.135321,nan
2024-06-11T14:42:30,83.932327,-25.135189,nan
2024-06-11T14:42:30,83.932327,-25.135061,nan
2024-06-11T14:42:29,83.932335,-25.134935,nan
2024-06-11T14:42:29,83.932343,-25.134806,nan
2024-06-11T14:42:28,83.932350,-25.134668,nan
2024-06-11T14:42:28,83.932358,-25.134533,nan
2024-06-11T14:42:27,83.932358,-25.134394,nan
2024-06-11T14:42:27,83.932365,-25.134253,nan
2024-06-11T14:42:26,83.932373,-25.134109,nan
2024-06-11T14:42:26,83.932381,-25.133961,nan
2024-06-11T14:42:25,83.932388,-25.133812,nan
2024-06-11T14:42:25,83.932396,-25.133663,nan
2024-06-11T14:42:24,83.932404,-25.133518,nan
2024-06-11T14:42:24,83.932411,-25.133369,nan
2024-06-11T14:42:23,83.932411,-25.133221,nan
2024-06-11T14:42:23,83.932419,-25.133078,nan
2024-06-11T14:42:22,83.932426,-25.132942,nan
2024-06-11T14:42:22,83.932434,-25.132822,nan
2024-06-11T14:42:21,83.932442,-25.132710,nan
2024-06-11T14:42:21,83.932442,-25.132597,nan
2024-06-11T14:42:20,83.932449,-25.132488,nan
2024-06-11T14:42:20,83.932457,-25.132387,nan
2024-06-11T14:42:19,83.932465,-25.132301,nan
2024-06-11T14:42:19,83.932480,-25.132233,nan
2024-06-11T14:42:18,83.932487,-25.132174,nan
2024-06-11T14:42:18,83.932503,-25.132118,nan
2024-06-11T14:42:17,83.932510,-25.132072,nan
2024-06-11T14:42:17,83.932526,-25.132027,nan
2024-06-11T14:42:16,83.932541,-25.131985,nan
2024-06-11T14:42:16,83.932556,-25.131945,nan
2024-06-11T14:42:15,83.932571,-25.131893,nan
2024-06-11T14:42:15,83.932587,-25.131832,nan
2024-06-11T14:42:14,83.932602,-25.131769,nan
2024-06-11T14:42:14,83.932610,-25.131706,nan
2024-06-11T14:42:13,83.932625,-25.131636,nan
2024-06-11T14:42:13,83.932640,-25.131561,nan
2024-06-11T14:42:12,83.932648,-25.131479,nan
2024-06-11T14:42:12,83.932655,-25.131390,nan
2024-06-11T14:42:11,83.932671,-25.131296,nan
2024-06-11T14:42:11,83.932686,-25.131207,nan
2024-06-11T14:42:10,83.932701,-25.131113,nan
2024-06-11T14:42:10,83.932709,-25.131012,nan
2024-06-11T14:42:09,83.932724,-25.130896,nan
2024-06-11T14:42:09,83.932739,-25.130774,nan
2024-06-11T14:42:08,83.932755,-25.130651,nan
2024-06-11T14:42:08,83.932770,-25.130529,nan
2024-06-11T14:42:07,83.932785,-25.130411,nan
2024-06-11T14:42:07,83.932800,-25.130289,nan
2024-06-11T14:42:06,83.932808,-25.130169,nan
2024-06-11T14:42:06,83.932823,-25.130047,nan
2024-06-11T14:42:05,83.932831,-25.129929,nan
2024-06-11T14:42:05,83.932838,-25.129820,nan
2024-06-11T14:42:04,83.932846,-25.129721,nan
2024-06-11T14:42:04,83.932854,-25.129635,nan
2024-06-11T14:42:03,83.932861,-25.129549,nan
2024-06-11T14:42:03,83.932861,-25.129463,nan
2024-06-11T14:42:02,83.932869,-25.129389,nan
2024-06-11T14:42:02,83.932877,-25.129318,nan
2024-06-11T14:42:01,83.932884,-25.129257,nan
2024-06-11T14:42:01,83.932892,-25.129200,nan
2024-06-11T14:42:00,83.932899,-25.129143,nan
2024-06-11T14:42:00,83.932907,-25.129087,nan
2024-06-11T14:41:59,83.932915,-25.129038,nan
2024-06-11T14:41:59,83.932922,-25.128986,nan
2024-06-11T14:41:58,83.932938,-25.128939,nan
2024-06-11T14:41:58,83.932945,-25.128885,nan
2024-06-11T14:41:57,83.932953,-25.128832,nan
2024-06-11T14:41:57,83.932968,-25.128786,nan
2024-06-11T14:41:56,83.932976,-25.128756,nan
2024-06-11T14:41:56,83.932983,-25.128723,nan
2024-06-11T14:41:55,83.932999,-25.128689,nan
2024-06-11T14:41:55,83.933006,-25.128654,nan
2024-06-11T14:41:54,83.933022,-25.128616,nan
2024-06-11T14:41:54,83.933037,-25.128578,nan
2024-06-11T14:41:53,83.933044,-25.128542,nan
2024-06-11T14:41:53,83.933052,-25.128504,nan
2024-06-11T14:41:52,83.933060,-25.128456,nan
2024-06-11T14:41:52,83.933075,-25.128416,nan
2024-06-11T14:41:51,83.933083,-25.128382,nan
2024-06-11T14:41:51,83.933090,-25.128366,nan
2024-06-11T14:41:50,83.933098,-25.128359,nan
2024-06-11T14:41:50,83.933105,-25.128351,nan
2024-06-11T14:41:49,83.933113,-25.128342,nan
2024-06-11T14:41:49,83.933128,-25.128334,nan
2024-06-11T14:41:48,83.933136,-25.128325,nan
2024-06-11T14:41:48,83.933144,-25.128317,nan
2024-06-11T14:41:47,83.933151,-25.128302,nan
2024-06-11T14:41:47,83.933151,-25.128284,nan
2024-06-11T14:41:46,83.933159,-25.128260,nan
2024-06-11T14:41:46,83.933167,-25.128237,nan
2024-06-11T14:41:45,83.933174,-25.128216,nan
2024-06-11T14:41:45,83.933182,-25.128197,nan
2024-06-11T14:41:44,83.933189,-25.128178,nan
2024-06-11T14:41:44,83.933189,-25.128155,nan
2024-06-11T14:41:43,83.933197,-25.128134,nan
2024-06-11T14:41:43,83.933205,-25.128126,nan
2024-06-11T14:41:42,83.933205,-25.128126,nan
2024-06-11T14:41:42,83.933205,-25.128124,nan
2024-06-11T14:41:41,83.933205,-25.128124,nan
2024-06-11T14:41:41,83.933212,-25.128122,nan
2024-06-11T14:41:40,83.933212,-25.128119,nan
2024-06-11T14:41:40,83.933212,-25.128119,nan
2024-06-11T14:41:39,83.933220,-25.128103,nan
2024-06-11T14:41:39,83.933228,-25.128078,nan
2024-06-11T14:41:38,83.933235,-25.128040,nan
2024-06-11T14:41:38,83.933243,-25.128004,nan
2024-06-11T14:41:37,83.933250,-25.127960,nan
2024-06-11T14:41:37,83.933258,-25.127911,nan
2024-06-11T14:41:36,83.933266,-25.127850,nan
2024-06-11T14:41:36,83.933281,-25.127794,nan
2024-06-11T14:41:35,83.933289,-25.127733,nan
2024-06-11T14:41:35,83.933296,-25.127663,nan
2024-06-11T14:41:34,83.933296,-25.127586,nan
2024-06-11T14:41:34,83.933304,-25.127495,nan
2024-06-11T14:41:33,83.933311,-25.127415,nan
2024-06-11T14:41:33,83.933319,-25.127338,nan
2024-06-11T14:41:32,83.933327,-25.127256,nan
2024-06-11T14:41:32,83.933334,-25.127169,nan
2024-06-11T14:41:31,83.933334,-25.127073,nan
2024-06-11T14:41:31,83.933342,-25.126974,nan
2024-06-11T14:41:30,83.933350,-25.126879,nan
2024-06-11T14:41:30,83.933350,-25.126791,nan
2024-06-11T14:41:29,83.933350,-25.126698,nan
2024-06-11T14:41:29,83.933357,-25.126604,nan
2024-06-11T14:41:28,83.933357,-25.126514,nan
2024-06-11T14:41:28,83.933365,-25.126440,nan
2024-06-11T14:41:27,83.933365,-25.126369,nan
2024-06-11T14:41:27,83.933372,-25.126303,nan
2024-06-11T14:41:26,83.933380,-25.126232,nan
2024-06-11T14:41:26,83.933380,-25.126171,nan
2024-06-11T14:41:25,83.933388,-25.126131,nan
2024-06-11T14:41:25,83.933395,-25.126114,nan
2024-06-11T14:41:24,83.933403,-25.126104,nan
2024-06-11T14:41:24,83.933411,-25.126089,nan
2024-06-11T14:41:23,83.933418,-25.126064,nan
2024-06-11T14:41:23,83.933434,-25.126043,nan
2024-06-11T14:41:22,83.933441,-25.126034,nan
2024-06-11T14:41:22,83.933456,-25.126036,nan
2024-06-11T14:41:21,83.933464,-25.126032,nan
2024-06-11T14:41:21,83.933479,-25.126013,nan
2024-06-11T14:41:20,83.933487,-25.125971,nan
2024-06-11T14:41:20,83.933502,-25.125917,nan
2024-06-11T14:41:19,83.933517,-25.125872,nan
2024-06-11T14:41:19,83.933525,-25.125826,nan
2024-06-11T14:41:18,83.933540,-25.125757,nan
2024-06-11T14:41:18,83.933556,-25.125608,nan
2024-06-11T14:41:17,83.933571,-25.125441,nan
2024-06-11T14:41:17,83.933578,-25.125315,nan
2024-06-11T14:41:16,83.933594,-25.125189,nan
2024-06-11T14:41:16,83.933601,-25.125006,nan
2024-06-11T14:41:15,83.933617,-25.124640,nan
2024-06-11T14:41:15,83.933632,-25.124264,nan
2024-06-11T14:41:14,83.933647,-25.123735,nan
2024-06-11T14:41:14,83.933647,-25.122940,nan
2024-06-11T14:41:13,83.933632,-25.121826,nan
2024-06-11T14:41:13,83.933578,-25.120214,nan
2024-06-11T14:41:12,83.933479,-25.117170,nan
2024-06-11T14:41:12,83.933388,-25.114859,nan
2024-06-11T14:41:11,83.933342,-25.112942,nan
2024-06-11T14:41:07,83.933800,-25.123589,nan
2024-06-11T14:41:07,83.934074,-25.131870,nan
2024-06-11T14:41:06,83.934341,-25.140541,nan
