datetime,lat,lon,elev
2024-06-06T16:32:26,83.677757,-52.483444,nan
2024-06-06T16:32:26,83.677773,-52.483353,nan
2024-06-06T16:32:25,83.677788,-52.483261,nan
2024-06-06T16:32:25,83.677811,-52.483170,nan
2024-06-06T16:32:24,83.677826,-52.483074,nan
2024-06-06T16:32:24,83.677841,-52.482979,nan
2024-06-06T16:32:23,83.677856,-52.482883,nan
2024-06-06T16:32:23,83.677872,-52.482784,nan
2024-06-06T16:32:22,83.677887,-52.482681,nan
2024-06-06T16:32:22,83.677902,-52.482578,nan
2024-06-06T16:32:21,83.677917,-52.482471,nan
2024-06-06T16:32:21,83.677933,-52.482372,nan
2024-06-06T16:32:20,83.677948,-52.482269,nan
2024-06-06T16:32:20,83.677963,-52.482162,nan
2024-06-06T16:32:19,83.677986,-52.482059,nan
2024-06-06T16:32:19,83.678001,-52.481956,nan
2024-06-06T16:32:18,83.678017,-52.481857,nan
2024-06-06T16:32:18,83.678032,-52.481750,nan
2024-06-06T16:32:17,83.678055,-52.481640,nan
2024-06-06T16:32:17,83.678078,-52.481522,nan
2024-06-06T16:32:16,83.678093,-52.481403,nan
2024-06-06T16:32:16,83.678116,-52.481274,nan
2024-06-06T16:32:15,83.678139,-52.481129,nan
2024-06-06T16:32:15,83.678162,-52.480968,nan
2024-06-06T16:32:14,83.678185,-52.480793,nan
2024-06-06T16:32:14,83.678200,-52.480602,nan
2024-06-06T16:32:13,83.678223,-52.480404,nan
2024-06-06T16:32:13,83.678246,-52.480194,nan
2024-06-06T16:32:12,83.678268,-52.479969,nan
2024-06-06T16:32:12,83.678291,-52.479733,nan
2024-06-06T16:32:11,83.678314,-52.479488,nan
2024-06-06T16:32:11,83.678337,-52.479248,nan
2024-06-06T16:32:10,83.678360,-52.479012,nan
2024-06-06T16:32:10,83.678383,-52.478779,nan
2024-06-06T16:32:09,83.678406,-52.478546,nan
2024-06-06T16:32:09,83.678429,-52.478325,nan
2024-06-06T16:32:08,83.678459,-52.478100,nan
2024-06-06T16:32:08,83.678482,-52.477882,nan
2024-06-06T16:32:07,83.678513,-52.477665,nan
2024-06-06T16:32:07,83.678535,-52.477448,nan
2024-06-06T16:32:06,83.678566,-52.477230,nan
2024-06-06T16:32:06,83.678589,-52.477013,nan
2024-06-06T16:32:05,83.678619,-52.476795,nan
2024-06-06T16:32:05,83.678642,-52.476582,nan
2024-06-06T16:32:04,83.678673,-52.476372,nan
2024-06-06T16:32:04,83.678696,-52.476158,nan
2024-06-06T16:32:03,83.678726,-52.475948,nan
2024-06-06T16:32:03,83.678749,-52.475742,nan
2024-06-06T16:32:02,83.678772,-52.475536,nan
2024-06-06T16:32:02,83.678795,-52.475330,nan
2024-06-06T16:32:01,83.678825,-52.475128,nan
2024-06-06T16:32:01,83.678848,-52.474926,nan
2024-06-06T16:32:00,83.678871,-52.474728,nan
2024-06-06T16:32:00,83.678894,-52.474529,nan
2024-06-06T16:31:59,83.678917,-52.474331,nan
2024-06-06T16:31:59,83.678940,-52.474129,nan
2024-06-06T16:31:58,83.678963,-52.473930,nan
2024-06-06T16:31:58,83.678986,-52.473732,nan
2024-06-06T16:31:57,83.679008,-52.473530,nan
2024-06-06T16:31:57,83.679031,-52.473331,nan
2024-06-06T16:31:56,83.679054,-52.473125,nan
2024-06-06T16:31:56,83.679077,-52.472923,nan
2024-06-06T16:31:55,83.679092,-52.472725,nan
2024-06-06T16:31:55,83.679115,-52.472523,nan
2024-06-06T16:31:54,83.679138,-52.472324,nan
2024-06-06T16:31:54,83.679153,-52.472130,nan
2024-06-06T16:31:53,83.679176,-52.471931,nan
2024-06-06T16:31:53,83.679192,-52.471737,nan
2024-06-06T16:31:52,83.679207,-52.471550,nan
2024-06-06T16:31:52,83.679230,-52.471367,nan
2024-06-06T16:31:51,83.679245,-52.471184,nan
2024-06-06T16:31:51,83.679260,-52.471004,nan
2024-06-06T16:31:50,83.679276,-52.470821,nan
2024-06-06T16:31:50,83.679291,-52.470646,nan
2024-06-06T16:31:49,83.679306,-52.470470,nan
2024-06-06T16:31:49,83.679329,-52.470299,nan
2024-06-06T16:31:48,83.679344,-52.470127,nan
2024-06-06T16:31:48,83.679359,-52.469959,nan
2024-06-06T16:31:47,83.679382,-52.469795,nan
2024-06-06T16:31:47,83.679398,-52.469635,nan
2024-06-06T16:31:46,83.679413,-52.469479,nan
2024-06-06T16:31:46,83.679436,-52.469318,nan
2024-06-06T16:31:45,83.679451,-52.469158,nan
2024-06-06T16:31:45,83.679466,-52.469002,nan
2024-06-06T16:31:44,83.679489,-52.468842,nan
2024-06-06T16:31:44,83.679504,-52.468681,nan
2024-06-06T16:31:43,83.679520,-52.468521,nan
2024-06-06T16:31:43,83.679535,-52.468365,nan
2024-06-06T16:31:42,83.679558,-52.468204,nan
2024-06-06T16:31:42,83.679573,-52.468040,nan
2024-06-06T16:31:41,83.679588,-52.467876,nan
2024-06-06T16:31:41,83.679604,-52.467712,nan
2024-06-06T16:31:40,83.679626,-52.467548,nan
2024-06-06T16:31:40,83.679642,-52.467384,nan
2024-06-06T16:31:39,83.679665,-52.467220,nan
2024-06-06T16:31:39,83.679680,-52.467064,nan
2024-06-06T16:31:38,83.679703,-52.466908,nan
2024-06-06T16:31:38,83.679718,-52.466751,nan
2024-06-06T16:31:37,83.679741,-52.466602,nan
2024-06-06T16:31:37,83.679764,-52.466457,nan
2024-06-06T16:31:36,83.679787,-52.466316,nan
2024-06-06T16:31:36,83.679810,-52.466183,nan
2024-06-06T16:31:35,83.679825,-52.466049,nan
2024-06-06T16:31:35,83.679848,-52.465916,nan
2024-06-06T16:31:34,83.679871,-52.465786,nan
2024-06-06T16:31:34,83.679893,-52.465660,nan
2024-06-06T16:31:33,83.679916,-52.465530,nan
2024-06-06T16:31:33,83.679932,-52.465405,nan
2024-06-06T16:31:32,83.679955,-52.465279,nan
2024-06-06T16:31:32,83.679970,-52.465153,nan
2024-06-06T16:31:31,83.679993,-52.465027,nan
2024-06-06T16:31:31,83.680008,-52.464905,nan
2024-06-06T16:31:30,83.680031,-52.464779,nan
2024-06-06T16:31:30,83.680046,-52.464649,nan
2024-06-06T16:31:29,83.680061,-52.464523,nan
2024-06-06T16:31:29,83.680084,-52.464394,nan
2024-06-06T16:31:28,83.680099,-52.464264,nan
2024-06-06T16:31:28,83.680115,-52.464134,nan
2024-06-06T16:31:27,83.680130,-52.464005,nan
2024-06-06T16:31:27,83.680145,-52.463875,nan
2024-06-06T16:31:26,83.680161,-52.463745,nan
2024-06-06T16:31:26,83.680176,-52.463615,nan
2024-06-06T16:31:25,83.680199,-52.463486,nan
2024-06-06T16:31:25,83.680214,-52.463352,nan
2024-06-06T16:31:24,83.680229,-52.463215,nan
2024-06-06T16:31:24,83.680244,-52.463074,nan
2024-06-06T16:31:23,83.680260,-52.462933,nan
2024-06-06T16:31:23,83.680283,-52.462788,nan
2024-06-06T16:31:22,83.680298,-52.462646,nan
2024-06-06T16:31:22,83.680313,-52.462502,nan
2024-06-06T16:31:21,83.680328,-52.462360,nan
2024-06-06T16:31:21,83.680351,-52.462223,nan
2024-06-06T16:31:20,83.680367,-52.462086,nan
2024-06-06T16:31:20,83.680389,-52.461952,nan
2024-06-06T16:31:19,83.680405,-52.461823,nan
2024-06-06T16:31:19,83.680428,-52.461697,nan
2024-06-06T16:31:18,83.680443,-52.461571,nan
2024-06-06T16:31:18,83.680466,-52.461445,nan
2024-06-06T16:31:17,83.680489,-52.461319,nan
2024-06-06T16:31:17,83.680511,-52.461197,nan
2024-06-06T16:31:16,83.680527,-52.461071,nan
2024-06-06T16:31:16,83.680550,-52.460949,nan
2024-06-06T16:31:15,83.680573,-52.460823,nan
2024-06-06T16:31:15,83.680588,-52.460701,nan
2024-06-06T16:31:14,83.680611,-52.460579,nan
2024-06-06T16:31:14,83.680634,-52.460461,nan
2024-06-06T16:31:13,83.680649,-52.460339,nan
2024-06-06T16:31:13,83.680672,-52.460217,nan
2024-06-06T16:31:12,83.680695,-52.460091,nan
2024-06-06T16:31:12,83.680710,-52.459969,nan
2024-06-06T16:31:11,83.680733,-52.459843,nan
2024-06-06T16:31:11,83.680748,-52.459717,nan
2024-06-06T16:31:10,83.680763,-52.459591,nan
2024-06-06T16:31:10,83.680779,-52.459461,nan
2024-06-06T16:31:09,83.680801,-52.459335,nan
2024-06-06T16:31:09,83.680817,-52.459209,nan
2024-06-06T16:31:08,83.680832,-52.459080,nan
2024-06-06T16:31:08,83.680847,-52.458946,nan
2024-06-06T16:31:07,83.680862,-52.458813,nan
2024-06-06T16:31:07,83.680870,-52.458679,nan
2024-06-06T16:31:06,83.680885,-52.458549,nan
2024-06-06T16:31:06,83.680901,-52.458424,nan
2024-06-06T16:31:05,83.680916,-52.458298,nan
2024-06-06T16:31:05,83.680931,-52.458176,nan
2024-06-06T16:31:04,83.680946,-52.458054,nan
2024-06-06T16:31:04,83.680962,-52.457935,nan
2024-06-06T16:31:03,83.680977,-52.457817,nan
2024-06-06T16:31:03,83.680992,-52.457699,nan
2024-06-06T16:31:02,83.681007,-52.457577,nan
2024-06-06T16:31:02,83.681023,-52.457458,nan
2024-06-06T16:31:01,83.681046,-52.457336,nan
2024-06-06T16:31:01,83.681061,-52.457211,nan
2024-06-06T16:31:00,83.681076,-52.457085,nan
2024-06-06T16:31:00,83.681099,-52.456955,nan
2024-06-06T16:30:59,83.681114,-52.456829,nan
2024-06-06T16:30:59,83.681137,-52.456699,nan
2024-06-06T16:30:58,83.681152,-52.456573,nan
2024-06-06T16:30:58,83.681175,-52.456448,nan
2024-06-06T16:30:57,83.681190,-52.456322,nan
2024-06-06T16:30:57,83.681213,-52.456200,nan
2024-06-06T16:30:56,83.681236,-52.456078,nan
2024-06-06T16:30:56,83.681252,-52.455956,nan
2024-06-06T16:30:55,83.681274,-52.455833,nan
2024-06-06T16:30:55,83.681297,-52.455711,nan
2024-06-06T16:30:54,83.681320,-52.455589,nan
2024-06-06T16:30:54,83.681343,-52.455467,nan
2024-06-06T16:30:53,83.681366,-52.455345,nan
2024-06-06T16:30:53,83.681389,-52.455219,nan
2024-06-06T16:30:52,83.681412,-52.455093,nan
2024-06-06T16:30:52,83.681435,-52.454964,nan
2024-06-06T16:30:51,83.681458,-52.454826,nan
2024-06-06T16:30:51,83.681473,-52.454689,nan
2024-06-06T16:30:50,83.681496,-52.454552,nan
2024-06-06T16:30:50,83.681519,-52.454407,nan
2024-06-06T16:30:49,83.681534,-52.454266,nan
2024-06-06T16:30:49,83.681557,-52.454117,nan
2024-06-06T16:30:48,83.681572,-52.453964,nan
2024-06-06T16:30:48,83.681587,-52.453812,nan
2024-06-06T16:30:47,83.681610,-52.453663,nan
2024-06-06T16:30:47,83.681625,-52.453510,nan
2024-06-06T16:30:46,83.681641,-52.453358,nan
2024-06-06T16:30:46,83.681656,-52.453201,nan
2024-06-06T16:30:45,83.681679,-52.453049,nan
2024-06-06T16:30:45,83.681694,-52.452892,nan
2024-06-06T16:30:44,83.681709,-52.452740,nan
2024-06-06T16:30:44,83.681725,-52.452587,nan
2024-06-06T16:30:43,83.681740,-52.452435,nan
2024-06-06T16:30:43,83.681755,-52.452282,nan
2024-06-06T16:30:42,83.681778,-52.452129,nan
2024-06-06T16:30:42,83.681793,-52.451977,nan
2024-06-06T16:30:41,83.681808,-52.451824,nan
2024-06-06T16:30:41,83.681824,-52.451675,nan
2024-06-06T16:30:40,83.681847,-52.451523,nan
2024-06-06T16:30:40,83.681862,-52.451370,nan
2024-06-06T16:30:39,83.681877,-52.451214,nan
2024-06-06T16:30:39,83.681892,-52.451057,nan
2024-06-06T16:30:38,83.681908,-52.450901,nan
2024-06-06T16:30:38,83.681923,-52.450741,nan
2024-06-06T16:30:37,83.681938,-52.450577,nan
2024-06-06T16:30:37,83.681953,-52.450413,nan
2024-06-06T16:30:36,83.681969,-52.450245,nan
2024-06-06T16:30:36,83.681984,-52.450073,nan
2024-06-06T16:30:35,83.681999,-52.449902,nan
2024-06-06T16:30:35,83.682014,-52.449734,nan
2024-06-06T16:30:34,83.682022,-52.449562,nan
2024-06-06T16:30:34,83.682037,-52.449390,nan
2024-06-06T16:30:33,83.682053,-52.449211,nan
2024-06-06T16:30:33,83.682068,-52.449036,nan
2024-06-06T16:30:32,83.682083,-52.448860,nan
2024-06-06T16:30:32,83.682091,-52.448681,nan
2024-06-06T16:30:31,83.682106,-52.448498,nan
2024-06-06T16:30:31,83.682121,-52.448315,nan
2024-06-06T16:30:30,83.682137,-52.448124,nan
2024-06-06T16:30:30,83.682144,-52.447929,nan
2024-06-06T16:30:29,83.682159,-52.447731,nan
2024-06-06T16:30:29,83.682167,-52.447525,nan
2024-06-06T16:30:28,83.682182,-52.447315,nan
2024-06-06T16:30:28,83.682190,-52.447098,nan
2024-06-06T16:30:27,83.682205,-52.446877,nan
2024-06-06T16:30:27,83.682213,-52.446655,nan
2024-06-06T16:30:26,83.682228,-52.446430,nan
2024-06-06T16:30:26,83.682236,-52.446209,nan
2024-06-06T16:30:25,83.682243,-52.445992,nan
2024-06-06T16:30:25,83.682259,-52.445778,nan
2024-06-06T16:30:24,83.682266,-52.445564,nan
2024-06-06T16:30:24,83.682281,-52.445354,nan
2024-06-06T16:30:23,83.682289,-52.445148,nan
2024-06-06T16:30:23,83.682304,-52.444946,nan
2024-06-06T16:30:21,83.682358,-52.444168,nan
2024-06-06T16:30:20,83.682373,-52.443977,nan
2024-06-06T16:30:20,83.682388,-52.443790,nan
2024-06-06T16:30:19,83.682404,-52.443600,nan
2024-06-06T16:30:19,83.682419,-52.443413,nan
2024-06-06T16:30:18,83.682426,-52.443222,nan
2024-06-06T16:30:18,83.682442,-52.443035,nan
2024-06-06T16:30:17,83.682457,-52.442852,nan
2024-06-06T16:30:17,83.682472,-52.442665,nan
2024-06-06T16:30:16,83.682487,-52.442478,nan
2024-06-06T16:30:16,83.682503,-52.442295,nan
2024-06-06T16:30:15,83.682510,-52.442116,nan
2024-06-06T16:30:15,83.682526,-52.441936,nan
2024-06-06T16:30:14,83.682541,-52.441761,nan
2024-06-06T16:30:14,83.682549,-52.441586,nan
2024-06-06T16:30:13,83.682564,-52.441418,nan
2024-06-06T16:30:13,83.682579,-52.441246,nan
2024-06-06T16:30:12,83.682587,-52.441074,nan
2024-06-06T16:30:12,83.682602,-52.440907,nan
2024-06-06T16:30:11,83.682610,-52.440739,nan
2024-06-06T16:30:11,83.682625,-52.440571,nan
2024-06-06T16:30:10,83.682632,-52.440395,nan
2024-06-06T16:30:10,83.682648,-52.440231,nan
2024-06-06T16:30:09,83.682655,-52.440060,nan
2024-06-06T16:30:09,83.682663,-52.439892,nan
2024-06-06T16:30:08,83.682671,-52.439720,nan
2024-06-06T16:30:08,83.682678,-52.439545,nan
2024-06-06T16:30:07,83.682686,-52.439365,nan
2024-06-06T16:30:07,83.682701,-52.439186,nan
2024-06-06T16:30:06,83.682709,-52.439003,nan
2024-06-06T16:30:06,83.682716,-52.438820,nan
2024-06-06T16:30:05,83.682724,-52.438633,nan
2024-06-06T16:30:05,83.682732,-52.438450,nan
2024-06-06T16:30:03,83.682770,-52.437702,nan
2024-06-06T16:30:02,83.682770,-52.437515,nan
2024-06-06T16:30:02,83.682777,-52.437328,nan
2024-06-06T16:30:01,83.682785,-52.437138,nan
2024-06-06T16:30:01,83.682793,-52.436947,nan
2024-06-06T16:30:00,83.682800,-52.436752,nan
2024-06-06T16:30:00,83.682808,-52.436562,nan
2024-06-06T16:29:59,83.682816,-52.436371,nan
2024-06-06T16:29:59,83.682823,-52.436176,nan
2024-06-06T16:29:58,83.682831,-52.435982,nan
2024-06-06T16:29:58,83.682831,-52.435791,nan
2024-06-06T16:29:57,83.682838,-52.435596,nan
2024-06-06T16:29:57,83.682846,-52.435406,nan
2024-06-06T16:29:56,83.682854,-52.435211,nan
2024-06-06T16:29:56,83.682854,-52.435020,nan
2024-06-06T16:29:55,83.682861,-52.434830,nan
2024-06-06T16:29:55,83.682869,-52.434635,nan
2024-06-06T16:29:54,83.682877,-52.434444,nan
2024-06-06T16:29:54,83.682877,-52.434258,nan
2024-06-06T16:29:53,83.682884,-52.434067,nan
2024-06-06T16:29:53,83.682892,-52.433880,nan
2024-06-06T16:29:52,83.682899,-52.433693,nan
2024-06-06T16:29:52,83.682907,-52.433510,nan
2024-06-06T16:29:51,83.682915,-52.433319,nan
2024-06-06T16:29:51,83.682922,-52.433132,nan
2024-06-06T16:29:50,83.682922,-52.432949,nan
2024-06-06T16:29:50,83.682930,-52.432762,nan
2024-06-06T16:29:49,83.682938,-52.432575,nan
2024-06-06T16:29:49,83.682945,-52.432392,nan
2024-06-06T16:29:48,83.682953,-52.432201,nan
2024-06-06T16:29:48,83.682961,-52.432014,nan
2024-06-06T16:29:47,83.682961,-52.431824,nan
2024-06-06T16:29:47,83.682968,-52.431637,nan
2024-06-06T16:29:46,83.682976,-52.431450,nan
2024-06-06T16:29:46,83.682983,-52.431263,nan
2024-06-06T16:29:45,83.682991,-52.431076,nan
2024-06-06T16:29:45,83.682999,-52.430885,nan
2024-06-06T16:29:44,83.683006,-52.430698,nan
2024-06-06T16:29:44,83.683006,-52.430511,nan
2024-06-06T16:29:43,83.683014,-52.430325,nan
2024-06-06T16:29:43,83.683022,-52.430134,nan
2024-06-06T16:29:42,83.683029,-52.429943,nan
2024-06-06T16:29:42,83.683037,-52.429752,nan
2024-06-06T16:29:41,83.683044,-52.429565,nan
2024-06-06T16:29:41,83.683052,-52.429375,nan
2024-06-06T16:29:40,83.683060,-52.429188,nan
2024-06-06T16:29:40,83.683067,-52.429001,nan
2024-06-06T16:29:39,83.683075,-52.428822,nan
2024-06-06T16:29:39,83.683083,-52.428638,nan
2024-06-06T16:29:38,83.683098,-52.428455,nan
2024-06-06T16:29:38,83.683105,-52.428276,nan
2024-06-06T16:29:37,83.683113,-52.428097,nan
2024-06-06T16:29:37,83.683121,-52.427917,nan
2024-06-06T16:29:36,83.683128,-52.427742,nan
2024-06-06T16:29:36,83.683144,-52.427563,nan
2024-06-06T16:29:35,83.683151,-52.427383,nan
2024-06-06T16:29:35,83.683159,-52.427204,nan
2024-06-06T16:29:34,83.683167,-52.427029,nan
2024-06-06T16:29:34,83.683182,-52.426849,nan
2024-06-06T16:29:33,83.683189,-52.426670,nan
2024-06-06T16:29:33,83.683197,-52.426491,nan
2024-06-06T16:29:32,83.683212,-52.426311,nan
2024-06-06T16:29:32,83.683220,-52.426132,nan
2024-06-06T16:29:31,83.683228,-52.425957,nan
2024-06-06T16:29:31,83.683235,-52.425777,nan
2024-06-06T16:29:30,83.683250,-52.425598,nan
2024-06-06T16:29:30,83.683258,-52.425419,nan
2024-06-06T16:29:29,83.683266,-52.425243,nan
2024-06-06T16:29:29,83.683273,-52.425064,nan
2024-06-06T16:29:28,83.683281,-52.424885,nan
2024-06-06T16:29:28,83.683289,-52.424706,nan
2024-06-06T16:29:27,83.683296,-52.424530,nan
2024-06-06T16:29:27,83.683304,-52.424355,nan
2024-06-06T16:29:26,83.683311,-52.424175,nan
2024-06-06T16:29:26,83.683319,-52.424000,nan
2024-06-06T16:29:25,83.683327,-52.423824,nan
2024-06-06T16:29:25,83.683334,-52.423649,nan
2024-06-06T16:29:24,83.683334,-52.423470,nan
2024-06-06T16:29:24,83.683342,-52.423290,nan
2024-06-06T16:29:23,83.683350,-52.423115,nan
2024-06-06T16:29:23,83.683357,-52.422943,nan
2024-06-06T16:29:22,83.683365,-52.422771,nan
2024-06-06T16:29:22,83.683372,-52.422607,nan
2024-06-06T16:29:21,83.683380,-52.422447,nan
2024-06-06T16:29:21,83.683388,-52.422287,nan
2024-06-06T16:29:20,83.683395,-52.422123,nan
2024-06-06T16:29:20,83.683403,-52.421963,nan
2024-06-06T16:29:19,83.683411,-52.421799,nan
2024-06-06T16:29:19,83.683418,-52.421635,nan
2024-06-06T16:29:18,83.683426,-52.421467,nan
2024-06-06T16:29:18,83.683434,-52.421303,nan
2024-06-06T16:29:17,83.683441,-52.421139,nan
2024-06-06T16:29:17,83.683449,-52.420971,nan
2024-06-06T16:29:16,83.683456,-52.420803,nan
2024-06-06T16:29:16,83.683464,-52.420639,nan
2024-06-06T16:29:15,83.683472,-52.420475,nan
2024-06-06T16:29:15,83.683479,-52.420311,nan
2024-06-06T16:29:14,83.683487,-52.420155,nan
2024-06-06T16:29:14,83.683495,-52.419998,nan
2024-06-06T16:29:13,83.683502,-52.419846,nan
2024-06-06T16:29:13,83.683510,-52.419701,nan
2024-06-06T16:29:12,83.683517,-52.419556,nan
2024-06-06T16:29:12,83.683533,-52.419411,nan
2024-06-06T16:29:11,83.683540,-52.419266,nan
2024-06-06T16:29:11,83.683548,-52.419121,nan
2024-06-06T16:29:10,83.683556,-52.418976,nan
2024-06-06T16:29:10,83.683563,-52.418827,nan
2024-06-06T16:29:09,83.683571,-52.418678,nan
2024-06-06T16:29:09,83.683578,-52.418530,nan
2024-06-06T16:29:08,83.683594,-52.418377,nan
2024-06-06T16:29:08,83.683601,-52.418224,nan
2024-06-06T16:29:07,83.683609,-52.418072,nan
2024-06-06T16:29:07,83.683624,-52.417915,nan
2024-06-06T16:29:06,83.683632,-52.417755,nan
2024-06-06T16:29:06,83.683640,-52.417599,nan
2024-06-06T16:29:05,83.683655,-52.417439,nan
2024-06-06T16:29:05,83.683662,-52.417278,nan
2024-06-06T16:29:04,83.683670,-52.417122,nan
2024-06-06T16:29:04,83.683685,-52.416958,nan
2024-06-06T16:29:03,83.683693,-52.416798,nan
2024-06-06T16:29:03,83.683701,-52.416634,nan
2024-06-06T16:29:02,83.683708,-52.416473,nan
2024-06-06T16:29:02,83.683716,-52.416313,nan
2024-06-06T16:29:01,83.683723,-52.416157,nan
2024-06-06T16:29:01,83.683731,-52.415997,nan
2024-06-06T16:29:00,83.683739,-52.415836,nan
2024-06-06T16:29:00,83.683746,-52.415680,nan
2024-06-06T16:28:59,83.683746,-52.415520,nan
2024-06-06T16:28:59,83.683754,-52.415363,nan
2024-06-06T16:28:58,83.683754,-52.415199,nan
2024-06-06T16:28:58,83.683762,-52.415039,nan
2024-06-06T16:28:57,83.683762,-52.414875,nan
2024-06-06T16:28:57,83.683769,-52.414711,nan
2024-06-06T16:28:56,83.683769,-52.414543,nan
2024-06-06T16:28:56,83.683769,-52.414375,nan
2024-06-06T16:28:55,83.683769,-52.414211,nan
2024-06-06T16:28:55,83.683769,-52.414043,nan
2024-06-06T16:28:54,83.683769,-52.413876,nan
2024-06-06T16:28:54,83.683769,-52.413708,nan
2024-06-06T16:28:53,83.683769,-52.413540,nan
2024-06-06T16:28:53,83.683769,-52.413376,nan
2024-06-06T16:28:52,83.683769,-52.413212,nan
2024-06-06T16:28:52,83.683769,-52.413044,nan
2024-06-06T16:28:51,83.683769,-52.412880,nan
2024-06-06T16:28:51,83.683769,-52.412716,nan
2024-06-06T16:28:50,83.683769,-52.412556,nan
2024-06-06T16:28:50,83.683769,-52.412395,nan
2024-06-06T16:28:49,83.683769,-52.412235,nan
2024-06-06T16:28:49,83.683769,-52.412071,nan
2024-06-06T16:28:48,83.683777,-52.411915,nan
2024-06-06T16:28:48,83.683777,-52.411762,nan
2024-06-06T16:28:47,83.683777,-52.411610,nan
2024-06-06T16:28:47,83.683784,-52.411461,nan
2024-06-06T16:28:46,83.683784,-52.411312,nan
2024-06-06T16:28:46,83.683792,-52.411171,nan
2024-06-06T16:28:45,83.683800,-52.411030,nan
2024-06-06T16:28:45,83.683800,-52.410896,nan
2024-06-06T16:28:44,83.683807,-52.410763,nan
2024-06-06T16:28:44,83.683807,-52.410637,nan
2024-06-06T16:28:43,83.683815,-52.410511,nan
2024-06-06T16:28:43,83.683823,-52.410381,nan
2024-06-06T16:28:42,83.683823,-52.410255,nan
2024-06-06T16:28:42,83.683830,-52.410130,nan
2024-06-06T16:28:41,83.683830,-52.410004,nan
2024-06-06T16:28:41,83.683830,-52.409878,nan
2024-06-06T16:28:40,83.683838,-52.409752,nan
2024-06-06T16:28:40,83.683838,-52.409630,nan
2024-06-06T16:28:39,83.683846,-52.409508,nan
2024-06-06T16:28:39,83.683846,-52.409389,nan
2024-06-06T16:28:38,83.683853,-52.409271,nan
2024-06-06T16:28:38,83.683853,-52.409153,nan
2024-06-06T16:28:37,83.683861,-52.409031,nan
2024-06-06T16:28:37,83.683868,-52.408913,nan
2024-06-06T16:28:36,83.683868,-52.408791,nan
2024-06-06T16:28:36,83.683876,-52.408669,nan
2024-06-06T16:28:35,83.683884,-52.408543,nan
2024-06-06T16:28:35,83.683891,-52.408413,nan
2024-06-06T16:28:34,83.683891,-52.408283,nan
2024-06-06T16:28:34,83.683899,-52.408154,nan
2024-06-06T16:28:33,83.683907,-52.408020,nan
2024-06-06T16:28:33,83.683914,-52.407883,nan
2024-06-06T16:28:32,83.683922,-52.407742,nan
2024-06-06T16:28:32,83.683929,-52.407597,nan
2024-06-06T16:28:31,83.683937,-52.407452,nan
2024-06-06T16:28:31,83.683945,-52.407307,nan
2024-06-06T16:28:30,83.683945,-52.407154,nan
2024-06-06T16:28:30,83.683952,-52.407001,nan
2024-06-06T16:28:29,83.683960,-52.406845,nan
2024-06-06T16:28:29,83.683968,-52.406693,nan
2024-06-06T16:28:28,83.683975,-52.406544,nan
2024-06-06T16:28:28,83.683990,-52.406395,nan
2024-06-06T16:28:27,83.683998,-52.406254,nan
2024-06-06T16:28:27,83.684006,-52.406109,nan
2024-06-06T16:28:26,83.684013,-52.405972,nan
2024-06-06T16:28:26,83.684021,-52.405830,nan
2024-06-06T16:28:25,83.684029,-52.405693,nan
2024-06-06T16:28:25,83.684036,-52.405560,nan
2024-06-06T16:28:24,83.684044,-52.405426,nan
2024-06-06T16:28:24,83.684052,-52.405296,nan
2024-06-06T16:28:23,83.684059,-52.405174,nan
2024-06-06T16:28:23,83.684067,-52.405060,nan
2024-06-06T16:28:22,83.684074,-52.404953,nan
2024-06-06T16:28:22,83.684082,-52.404854,nan
2024-06-06T16:28:21,83.684090,-52.404762,nan
2024-06-06T16:28:21,83.684097,-52.404682,nan
2024-06-06T16:28:20,83.684105,-52.404602,nan
2024-06-06T16:28:20,83.684113,-52.404530,nan
2024-06-06T16:28:19,83.684120,-52.404461,nan
2024-06-06T16:28:19,83.684128,-52.404392,nan
2024-06-06T16:28:18,83.684135,-52.404327,nan
2024-06-06T16:28:18,83.684143,-52.404263,nan
2024-06-06T16:28:17,83.684151,-52.404202,nan
2024-06-06T16:28:17,83.684158,-52.404140,nan
2024-06-06T16:28:16,83.684174,-52.404079,nan
2024-06-06T16:28:16,83.684181,-52.404018,nan
2024-06-06T16:28:15,83.684189,-52.403961,nan
2024-06-06T16:28:15,83.684196,-52.403904,nan
2024-06-06T16:28:14,83.684204,-52.403851,nan
2024-06-06T16:28:14,83.684212,-52.403793,nan
2024-06-06T16:28:13,83.684219,-52.403736,nan
2024-06-06T16:28:13,83.684227,-52.403679,nan
2024-06-06T16:28:12,83.684235,-52.403622,nan
2024-06-06T16:28:12,83.684250,-52.403564,nan
2024-06-06T16:28:11,83.684258,-52.403503,nan
2024-06-06T16:28:11,83.684265,-52.403439,nan
2024-06-06T16:28:10,83.684273,-52.403370,nan
2024-06-06T16:28:10,83.684280,-52.403297,nan
2024-06-06T16:28:09,83.684288,-52.403217,nan
2024-06-06T16:28:09,83.684303,-52.403133,nan
2024-06-06T16:28:08,83.684311,-52.403046,nan
2024-06-06T16:28:08,83.684319,-52.402954,nan
2024-06-06T16:28:07,83.684326,-52.402855,nan
2024-06-06T16:28:07,83.684334,-52.402748,nan
2024-06-06T16:28:06,83.684341,-52.402637,nan
2024-06-06T16:28:06,83.684341,-52.402519,nan
2024-06-06T16:28:05,83.684349,-52.402390,nan
2024-06-06T16:28:05,83.684357,-52.402260,nan
2024-06-06T16:28:04,83.684364,-52.402122,nan
2024-06-06T16:28:04,83.684372,-52.401981,nan
2024-06-06T16:28:03,83.684380,-52.401840,nan
2024-06-06T16:28:03,83.684380,-52.401703,nan
2024-06-06T16:28:02,83.684387,-52.401566,nan
2024-06-06T16:28:02,83.684395,-52.401428,nan
2024-06-06T16:28:01,83.684395,-52.401295,nan
2024-06-06T16:28:01,83.684402,-52.401157,nan
2024-06-06T16:28:00,83.684410,-52.401024,nan
2024-06-06T16:28:00,83.684418,-52.400890,nan
2024-06-06T16:27:59,83.684418,-52.400753,nan
2024-06-06T16:27:59,83.684425,-52.400620,nan
2024-06-06T16:27:58,83.684433,-52.400486,nan
2024-06-06T16:27:58,83.684433,-52.400356,nan
2024-06-06T16:27:57,83.684441,-52.400230,nan
2024-06-06T16:27:57,83.684448,-52.400108,nan
2024-06-06T16:27:56,83.684448,-52.399986,nan
2024-06-06T16:27:56,83.684456,-52.399864,nan
2024-06-06T16:27:55,83.684464,-52.399742,nan
2024-06-06T16:27:55,83.684471,-52.399620,nan
2024-06-06T16:27:54,83.684479,-52.399498,nan
2024-06-06T16:27:54,83.684479,-52.399372,nan
2024-06-06T16:27:53,83.684486,-52.399246,nan
2024-06-06T16:27:53,83.684494,-52.399120,nan
2024-06-06T16:27:52,83.684502,-52.398991,nan
2024-06-06T16:27:52,83.684509,-52.398861,nan
2024-06-06T16:27:51,83.684517,-52.398731,nan
2024-06-06T16:27:51,83.684532,-52.398602,nan
2024-06-06T16:27:50,83.684540,-52.398472,nan
2024-06-06T16:27:50,83.684547,-52.398342,nan
2024-06-06T16:27:49,83.684555,-52.398216,nan
2024-06-06T16:27:49,83.684563,-52.398083,nan
2024-06-06T16:27:48,83.684578,-52.397949,nan
2024-06-06T16:27:48,83.684586,-52.397812,nan
2024-06-06T16:27:47,83.684593,-52.397675,nan
2024-06-06T16:27:47,83.684601,-52.397533,nan
2024-06-06T16:27:46,83.684616,-52.397392,nan
2024-06-06T16:27:46,83.684624,-52.397251,nan
2024-06-06T16:27:45,83.684631,-52.397110,nan
2024-06-06T16:27:45,83.684647,-52.396969,nan
2024-06-06T16:27:44,83.684654,-52.396828,nan
2024-06-06T16:27:44,83.684662,-52.396687,nan
2024-06-06T16:27:43,83.684677,-52.396549,nan
2024-06-06T16:27:43,83.684692,-52.396412,nan
2024-06-06T16:27:42,83.684700,-52.396275,nan
2024-06-06T16:27:42,83.684715,-52.396141,nan
2024-06-06T16:27:41,83.684723,-52.396008,nan
2024-06-06T16:27:41,83.684738,-52.395874,nan
2024-06-06T16:27:40,83.684746,-52.395741,nan
2024-06-06T16:27:40,83.684761,-52.395603,nan
2024-06-06T16:27:39,83.684769,-52.395470,nan
2024-06-06T16:27:39,83.684784,-52.395332,nan
2024-06-06T16:27:38,83.684792,-52.395195,nan
2024-06-06T16:27:38,83.684807,-52.395058,nan
2024-06-06T16:27:37,83.684814,-52.394913,nan
2024-06-06T16:27:37,83.684822,-52.394764,nan
2024-06-06T16:27:36,83.684830,-52.394615,nan
2024-06-06T16:27:36,83.684837,-52.394470,nan
2024-06-06T16:27:35,83.684853,-52.394321,nan
2024-06-06T16:27:35,83.684860,-52.394173,nan
2024-06-06T16:27:34,83.684860,-52.394024,nan
2024-06-06T16:27:34,83.684868,-52.393871,nan
2024-06-06T16:27:33,83.684875,-52.393719,nan
2024-06-06T16:27:33,83.684883,-52.393570,nan
2024-06-06T16:27:32,83.684891,-52.393421,nan
2024-06-06T16:27:32,83.684898,-52.393272,nan
2024-06-06T16:27:31,83.684898,-52.393124,nan
2024-06-06T16:27:31,83.684906,-52.392975,nan
2024-06-06T16:27:30,83.684906,-52.392830,nan
2024-06-06T16:27:30,83.684914,-52.392681,nan
2024-06-06T16:27:29,83.684914,-52.392536,nan
2024-06-06T16:27:29,83.684921,-52.392391,nan
2024-06-06T16:27:28,83.684921,-52.392242,nan
2024-06-06T16:27:28,83.684929,-52.392097,nan
2024-06-06T16:27:27,83.684937,-52.391949,nan
2024-06-06T16:27:27,83.684937,-52.391804,nan
2024-06-06T16:27:26,83.684944,-52.391659,nan
2024-06-06T16:27:26,83.684944,-52.391514,nan
2024-06-06T16:27:25,83.684952,-52.391369,nan
2024-06-06T16:27:25,83.684959,-52.391224,nan
2024-06-06T16:27:24,83.684959,-52.391083,nan
2024-06-06T16:27:24,83.684967,-52.390938,nan
2024-06-06T16:27:23,83.684975,-52.390797,nan
2024-06-06T16:27:23,83.684975,-52.390652,nan
2024-06-06T16:27:22,83.684982,-52.390507,nan
2024-06-06T16:27:22,83.684990,-52.390362,nan
2024-06-06T16:27:21,83.684990,-52.390217,nan
2024-06-06T16:27:21,83.684998,-52.390072,nan
2024-06-06T16:27:20,83.684998,-52.389919,nan
2024-06-06T16:27:20,83.685005,-52.389771,nan
2024-06-06T16:27:19,83.685005,-52.389626,nan
2024-06-06T16:27:19,83.685013,-52.389477,nan
2024-06-06T16:27:18,83.685020,-52.389328,nan
2024-06-06T16:27:18,83.685028,-52.389183,nan
2024-06-06T16:27:17,83.685028,-52.389034,nan
2024-06-06T16:27:17,83.685036,-52.388893,nan
2024-06-06T16:27:16,83.685043,-52.388748,nan
2024-06-06T16:27:16,83.685051,-52.388603,nan
2024-06-06T16:27:15,83.685059,-52.388458,nan
2024-06-06T16:27:15,83.685066,-52.388317,nan
2024-06-06T16:27:14,83.685074,-52.388176,nan
2024-06-06T16:27:14,83.685081,-52.388035,nan
2024-06-06T16:27:13,83.685097,-52.387894,nan
2024-06-06T16:27:13,83.685104,-52.387753,nan
2024-06-06T16:27:12,83.685112,-52.387611,nan
2024-06-06T16:27:12,83.685120,-52.387470,nan
2024-06-06T16:27:11,83.685127,-52.387329,nan
2024-06-06T16:27:11,83.685135,-52.387188,nan
2024-06-06T16:27:10,83.685143,-52.387051,nan
2024-06-06T16:27:10,83.685150,-52.386906,nan
2024-06-06T16:27:09,83.685158,-52.386765,nan
2024-06-06T16:27:09,83.685173,-52.386623,nan
2024-06-06T16:27:08,83.685181,-52.386482,nan
2024-06-06T16:27:08,83.685188,-52.386337,nan
2024-06-06T16:27:07,83.685196,-52.386192,nan
2024-06-06T16:27:07,83.685204,-52.386044,nan
2024-06-06T16:27:06,83.685219,-52.385899,nan
2024-06-06T16:27:06,83.685226,-52.385757,nan
2024-06-06T16:27:05,83.685234,-52.385612,nan
2024-06-06T16:27:05,83.685249,-52.385471,nan
2024-06-06T16:27:04,83.685257,-52.385326,nan
2024-06-06T16:27:04,83.685265,-52.385178,nan
2024-06-06T16:27:03,83.685280,-52.385033,nan
2024-06-06T16:27:03,83.685287,-52.384888,nan
2024-06-06T16:27:02,83.685303,-52.384743,nan
2024-06-06T16:27:02,83.685310,-52.384602,nan
2024-06-06T16:27:01,83.685326,-52.384460,nan
2024-06-06T16:27:01,83.685333,-52.384315,nan
2024-06-06T16:27:00,83.685349,-52.384174,nan
2024-06-06T16:27:00,83.685356,-52.384029,nan
2024-06-06T16:26:59,83.685364,-52.383884,nan
2024-06-06T16:26:59,83.685371,-52.383739,nan
2024-06-06T16:26:58,83.685387,-52.383595,nan
2024-06-06T16:26:58,83.685394,-52.383450,nan
2024-06-06T16:26:57,83.685402,-52.383305,nan
2024-06-06T16:26:57,83.685410,-52.383160,nan
2024-06-06T16:26:56,83.685417,-52.383018,nan
2024-06-06T16:26:56,83.685432,-52.382877,nan
2024-06-06T16:26:55,83.685440,-52.382740,nan
2024-06-06T16:26:55,83.685448,-52.382603,nan
2024-06-06T16:26:54,83.685455,-52.382465,nan
2024-06-06T16:26:54,83.685471,-52.382324,nan
2024-06-06T16:26:53,83.685478,-52.382191,nan
2024-06-06T16:26:53,83.685493,-52.382053,nan
2024-06-06T16:26:52,83.685509,-52.381916,nan
2024-06-06T16:26:52,83.685516,-52.381783,nan
2024-06-06T16:26:51,83.685532,-52.381649,nan
2024-06-06T16:26:51,83.685547,-52.381516,nan
2024-06-06T16:26:50,83.685555,-52.381386,nan
2024-06-06T16:26:50,83.685570,-52.381256,nan
2024-06-06T16:26:49,83.685585,-52.381130,nan
2024-06-06T16:26:49,83.685600,-52.381004,nan
2024-06-06T16:26:48,83.685616,-52.380882,nan
2024-06-06T16:26:48,83.685631,-52.380756,nan
2024-06-06T16:26:47,83.685646,-52.380630,nan
2024-06-06T16:26:47,83.685661,-52.380508,nan
2024-06-06T16:26:46,83.685677,-52.380383,nan
2024-06-06T16:26:46,83.685692,-52.380260,nan
2024-06-06T16:26:45,83.685707,-52.380135,nan
2024-06-06T16:26:45,83.685722,-52.380013,nan
2024-06-06T16:26:44,83.685738,-52.379887,nan
2024-06-06T16:26:44,83.685753,-52.379765,nan
2024-06-06T16:26:43,83.685768,-52.379642,nan
2024-06-06T16:26:43,83.685783,-52.379520,nan
2024-06-06T16:26:42,83.685799,-52.379402,nan
2024-06-06T16:26:42,83.685814,-52.379288,nan
2024-06-06T16:26:41,83.685829,-52.379177,nan
2024-06-06T16:26:41,83.685844,-52.379063,nan
2024-06-06T16:26:40,83.685860,-52.378952,nan
2024-06-06T16:26:40,83.685875,-52.378841,nan
2024-06-06T16:26:39,83.685883,-52.378735,nan
2024-06-06T16:26:39,83.685898,-52.378632,nan
2024-06-06T16:26:38,83.685913,-52.378536,nan
2024-06-06T16:26:38,83.685921,-52.378441,nan
2024-06-06T16:26:37,83.685928,-52.378342,nan
2024-06-06T16:26:37,83.685944,-52.378242,nan
2024-06-06T16:26:36,83.685951,-52.378147,nan
2024-06-06T16:26:36,83.685959,-52.378048,nan
2024-06-06T16:26:35,83.685966,-52.377949,nan
2024-06-06T16:26:35,83.685982,-52.377850,nan
2024-06-06T16:26:34,83.685989,-52.377747,nan
2024-06-06T16:26:34,83.685997,-52.377640,nan
2024-06-06T16:26:33,83.686005,-52.377533,nan
2024-06-06T16:26:33,83.686012,-52.377426,nan
2024-06-06T16:26:32,83.686020,-52.377319,nan
2024-06-06T16:26:32,83.686028,-52.377209,nan
2024-06-06T16:26:31,83.686035,-52.377098,nan
2024-06-06T16:26:31,83.686043,-52.376987,nan
2024-06-06T16:26:30,83.686050,-52.376881,nan
2024-06-06T16:26:30,83.686058,-52.376770,nan
2024-06-06T16:26:29,83.686066,-52.376656,nan
2024-06-06T16:26:29,83.686073,-52.376541,nan
2024-06-06T16:26:28,83.686081,-52.376419,nan
2024-06-06T16:26:28,83.686089,-52.376297,nan
2024-06-06T16:26:27,83.686089,-52.376171,nan
2024-06-06T16:26:27,83.686096,-52.376049,nan
2024-06-06T16:26:26,83.686104,-52.375923,nan
2024-06-06T16:26:26,83.686111,-52.375805,nan
2024-06-06T16:26:25,83.686119,-52.375683,nan
2024-06-06T16:26:25,83.686127,-52.375565,nan
2024-06-06T16:26:24,83.686134,-52.375439,nan
2024-06-06T16:26:24,83.686142,-52.375317,nan
2024-06-06T16:26:23,83.686150,-52.375195,nan
2024-06-06T16:26:23,83.686157,-52.375072,nan
2024-06-06T16:26:22,83.686165,-52.374954,nan
2024-06-06T16:26:22,83.686172,-52.374836,nan
2024-06-06T16:26:21,83.686180,-52.374718,nan
2024-06-06T16:26:21,83.686188,-52.374603,nan
2024-06-06T16:26:20,83.686195,-52.374493,nan
2024-06-06T16:26:20,83.686203,-52.374382,nan
2024-06-06T16:26:19,83.686211,-52.374275,nan
2024-06-06T16:26:19,83.686218,-52.374172,nan
2024-06-06T16:26:18,83.686226,-52.374073,nan
2024-06-06T16:26:18,83.686234,-52.373978,nan
2024-06-06T16:26:17,83.686241,-52.373882,nan
2024-06-06T16:26:17,83.686249,-52.373791,nan
2024-06-06T16:26:16,83.686256,-52.373703,nan
2024-06-06T16:26:16,83.686264,-52.373619,nan
2024-06-06T16:26:15,83.686272,-52.373539,nan
2024-06-06T16:26:15,83.686279,-52.373459,nan
2024-06-06T16:26:14,83.686287,-52.373375,nan
2024-06-06T16:26:14,83.686295,-52.373291,nan
2024-06-06T16:26:13,83.686295,-52.373207,nan
2024-06-06T16:26:13,83.686302,-52.373119,nan
2024-06-06T16:26:12,83.686310,-52.373032,nan
2024-06-06T16:26:12,83.686317,-52.372940,nan
2024-06-06T16:26:11,83.686325,-52.372849,nan
2024-06-06T16:26:11,83.686325,-52.372749,nan
2024-06-06T16:26:10,83.686333,-52.372650,nan
2024-06-06T16:26:10,83.686340,-52.372551,nan
2024-06-06T16:26:09,83.686356,-52.372448,nan
2024-06-06T16:26:09,83.686363,-52.372345,nan
2024-06-06T16:26:08,83.686371,-52.372238,nan
2024-06-06T16:26:08,83.686378,-52.372135,nan
2024-06-06T16:26:07,83.686394,-52.372032,nan
2024-06-06T16:26:07,83.686401,-52.371937,nan
2024-06-06T16:26:06,83.686417,-52.371841,nan
2024-06-06T16:26:06,83.686432,-52.371754,nan
2024-06-06T16:26:05,83.686447,-52.371666,nan
2024-06-06T16:26:05,83.686455,-52.371582,nan
2024-06-06T16:26:04,83.686470,-52.371502,nan
2024-06-06T16:26:04,83.686485,-52.371426,nan
2024-06-06T16:26:03,83.686501,-52.371349,nan
2024-06-06T16:26:03,83.686516,-52.371277,nan
2024-06-06T16:26:02,83.686531,-52.371204,nan
2024-06-06T16:26:02,83.686539,-52.371136,nan
2024-06-06T16:26:01,83.686554,-52.371067,nan
2024-06-06T16:26:01,83.686569,-52.370998,nan
2024-06-06T16:26:00,83.686584,-52.370934,nan
2024-06-06T16:26:00,83.686600,-52.370869,nan
2024-06-06T16:25:59,83.686615,-52.370808,nan
2024-06-06T16:25:59,83.686623,-52.370743,nan
2024-06-06T16:25:58,83.686638,-52.370674,nan
2024-06-06T16:25:58,83.686653,-52.370609,nan
2024-06-06T16:25:57,83.686668,-52.370541,nan
2024-06-06T16:25:57,83.686684,-52.370476,nan
2024-06-06T16:25:56,83.686691,-52.370407,nan
2024-06-06T16:25:56,83.686707,-52.370338,nan
2024-06-06T16:25:55,83.686722,-52.370262,nan
2024-06-06T16:25:55,83.686737,-52.370193,nan
2024-06-06T16:25:54,83.686752,-52.370132,nan
2024-06-06T16:25:54,83.686768,-52.370071,nan
2024-06-06T16:25:53,83.686783,-52.370007,nan
2024-06-06T16:25:53,83.686790,-52.369949,nan
2024-06-06T16:25:52,83.686806,-52.369888,nan
2024-06-06T16:25:52,83.686821,-52.369827,nan
2024-06-06T16:25:51,83.686829,-52.369762,nan
2024-06-06T16:25:51,83.686836,-52.369698,nan
2024-06-06T16:25:50,83.686852,-52.369633,nan
2024-06-06T16:25:50,83.686859,-52.369568,nan
2024-06-06T16:25:49,83.686867,-52.369499,nan
2024-06-06T16:25:49,83.686882,-52.369431,nan
2024-06-06T16:25:48,83.686890,-52.369366,nan
2024-06-06T16:25:48,83.686897,-52.369293,nan
2024-06-06T16:25:47,83.686905,-52.369225,nan
2024-06-06T16:25:47,83.686920,-52.369156,nan
2024-06-06T16:25:46,83.686928,-52.369083,nan
2024-06-06T16:25:46,83.686935,-52.369007,nan
2024-06-06T16:25:45,83.686951,-52.368927,nan
2024-06-06T16:25:45,83.686958,-52.368843,nan
2024-06-06T16:25:44,83.686966,-52.368759,nan
2024-06-06T16:25:44,83.686981,-52.368675,nan
2024-06-06T16:25:43,83.686989,-52.368591,nan
2024-06-06T16:25:43,83.687004,-52.368507,nan
2024-06-06T16:25:42,83.687019,-52.368427,nan
2024-06-06T16:25:42,83.687027,-52.368347,nan
2024-06-06T16:25:41,83.687042,-52.368263,nan
2024-06-06T16:25:41,83.687050,-52.368172,nan
2024-06-06T16:25:40,83.687065,-52.368080,nan
2024-06-06T16:25:40,83.687080,-52.367989,nan
2024-06-06T16:25:39,83.687096,-52.367889,nan
2024-06-06T16:25:39,83.687103,-52.367786,nan
2024-06-06T16:25:38,83.687119,-52.367683,nan
2024-06-06T16:25:38,83.687134,-52.367580,nan
2024-06-06T16:25:37,83.687149,-52.367481,nan
2024-06-06T16:25:37,83.687164,-52.367386,nan
2024-06-06T16:25:36,83.687180,-52.367283,nan
2024-06-06T16:25:36,83.687195,-52.367191,nan
2024-06-06T16:25:35,83.687210,-52.367096,nan
2024-06-06T16:25:35,83.687225,-52.367008,nan
2024-06-06T16:25:34,83.687241,-52.366920,nan
2024-06-06T16:25:34,83.687248,-52.366833,nan
2024-06-06T16:25:33,83.687263,-52.366745,nan
2024-06-06T16:25:33,83.687279,-52.366665,nan
2024-06-06T16:25:32,83.687294,-52.366589,nan
2024-06-06T16:25:32,83.687309,-52.366516,nan
2024-06-06T16:25:31,83.687325,-52.366455,nan
2024-06-06T16:25:31,83.687340,-52.366398,nan
2024-06-06T16:25:30,83.687355,-52.366344,nan
2024-06-06T16:25:30,83.687370,-52.366302,nan
2024-06-06T16:25:29,83.687386,-52.366261,nan
2024-06-06T16:25:29,83.687401,-52.366222,nan
2024-06-06T16:25:28,83.687416,-52.366188,nan
2024-06-06T16:25:28,83.687431,-52.366154,nan
2024-06-06T16:25:27,83.687447,-52.366119,nan
2024-06-06T16:25:27,83.687462,-52.366089,nan
2024-06-06T16:25:26,83.687477,-52.366051,nan
2024-06-06T16:25:26,83.687492,-52.366013,nan
2024-06-06T16:25:25,83.687508,-52.365974,nan
2024-06-06T16:25:25,83.687523,-52.365936,nan
2024-06-06T16:25:24,83.687538,-52.365898,nan
2024-06-06T16:25:24,83.687553,-52.365860,nan
2024-06-06T16:25:23,83.687569,-52.365818,nan
2024-06-06T16:25:23,83.687584,-52.365780,nan
2024-06-06T16:25:22,83.687599,-52.365742,nan
2024-06-06T16:25:22,83.687614,-52.365707,nan
2024-06-06T16:25:21,83.687630,-52.365669,nan
2024-06-06T16:25:21,83.687645,-52.365623,nan
2024-06-06T16:25:20,83.687660,-52.365582,nan
2024-06-06T16:25:20,83.687668,-52.365543,nan
2024-06-06T16:25:19,83.687683,-52.365505,nan
2024-06-06T16:25:19,83.687698,-52.365463,nan
2024-06-06T16:25:18,83.687706,-52.365421,nan
2024-06-06T16:25:18,83.687721,-52.365376,nan
2024-06-06T16:25:17,83.687729,-52.365326,nan
2024-06-06T16:25:17,83.687737,-52.365284,nan
2024-06-06T16:25:16,83.687752,-52.365242,nan
2024-06-06T16:25:16,83.687759,-52.365200,nan
2024-06-06T16:25:15,83.687767,-52.365158,nan
2024-06-06T16:25:15,83.687782,-52.365116,nan
2024-06-06T16:25:14,83.687790,-52.365078,nan
2024-06-06T16:25:14,83.687798,-52.365040,nan
2024-06-06T16:25:13,83.687813,-52.364998,nan
2024-06-06T16:25:13,83.687820,-52.364960,nan
2024-06-06T16:25:12,83.687836,-52.364922,nan
2024-06-06T16:25:12,83.687843,-52.364887,nan
2024-06-06T16:25:11,83.687859,-52.364853,nan
2024-06-06T16:25:11,83.687866,-52.364815,nan
2024-06-06T16:25:10,83.687881,-52.364777,nan
2024-06-06T16:25:10,83.687889,-52.364735,nan
2024-06-06T16:25:09,83.687904,-52.364693,nan
2024-06-06T16:25:09,83.687912,-52.364651,nan
2024-06-06T16:25:08,83.687927,-52.364597,nan
2024-06-06T16:25:08,83.687943,-52.364548,nan
2024-06-06T16:25:07,83.687950,-52.364494,nan
2024-06-06T16:25:07,83.687965,-52.364445,nan
2024-06-06T16:25:06,83.687981,-52.364395,nan
2024-06-06T16:25:06,83.687996,-52.364342,nan
2024-06-06T16:25:05,83.688011,-52.364292,nan
2024-06-06T16:25:05,83.688019,-52.364246,nan
2024-06-06T16:25:04,83.688034,-52.364201,nan
2024-06-06T16:25:04,83.688049,-52.364155,nan
2024-06-06T16:25:03,83.688065,-52.364109,nan
2024-06-06T16:25:03,83.688080,-52.364067,nan
2024-06-06T16:25:02,83.688095,-52.364029,nan
2024-06-06T16:25:02,83.688110,-52.363991,nan
2024-06-06T16:25:01,83.688126,-52.363960,nan
2024-06-06T16:25:01,83.688141,-52.363930,nan
2024-06-06T16:25:00,83.688156,-52.363903,nan
2024-06-06T16:25:00,83.688171,-52.363876,nan
2024-06-06T16:24:59,83.688187,-52.363853,nan
2024-06-06T16:24:59,83.688202,-52.363831,nan
2024-06-06T16:24:58,83.688217,-52.363808,nan
2024-06-06T16:24:58,83.688232,-52.363785,nan
2024-06-06T16:24:57,83.688248,-52.363758,nan
2024-06-06T16:24:57,83.688263,-52.363735,nan
2024-06-06T16:24:56,83.688278,-52.363720,nan
2024-06-06T16:24:56,83.688293,-52.363701,nan
2024-06-06T16:24:55,83.688309,-52.363682,nan
2024-06-06T16:24:55,83.688324,-52.363659,nan
2024-06-06T16:24:54,83.688332,-52.363632,nan
2024-06-06T16:24:54,83.688347,-52.363605,nan
2024-06-06T16:24:53,83.688354,-52.363586,nan
2024-06-06T16:24:53,83.688370,-52.363567,nan
2024-06-06T16:24:52,83.688385,-52.363548,nan
2024-06-06T16:24:52,83.688393,-52.363529,nan
2024-06-06T16:24:51,83.688400,-52.363514,nan
2024-06-06T16:24:51,83.688416,-52.363499,nan
2024-06-06T16:24:50,83.688423,-52.363480,nan
2024-06-06T16:24:50,83.688438,-52.363461,nan
2024-06-06T16:24:49,83.688446,-52.363445,nan
2024-06-06T16:24:49,83.688461,-52.363430,nan
2024-06-06T16:24:48,83.688469,-52.363415,nan
2024-06-06T16:24:48,83.688484,-52.363400,nan
2024-06-06T16:24:47,83.688499,-52.363384,nan
2024-06-06T16:24:47,83.688507,-52.363373,nan
2024-06-06T16:24:46,83.688522,-52.363361,nan
2024-06-06T16:24:46,83.688530,-52.363350,nan
2024-06-06T16:24:45,83.688545,-52.363338,nan
2024-06-06T16:24:45,83.688553,-52.363331,nan
2024-06-06T16:24:44,83.688568,-52.363316,nan
2024-06-06T16:24:44,83.688576,-52.363308,nan
2024-06-06T16:24:43,83.688591,-52.363297,nan
2024-06-06T16:24:43,83.688599,-52.363289,nan
2024-06-06T16:24:42,83.688606,-52.363277,nan
2024-06-06T16:24:42,83.688622,-52.363270,nan
2024-06-06T16:24:41,83.688629,-52.363258,nan
2024-06-06T16:24:41,83.688637,-52.363247,nan
2024-06-06T16:24:40,83.688652,-52.363232,nan
2024-06-06T16:24:40,83.688660,-52.363216,nan
2024-06-06T16:24:39,83.688667,-52.363201,nan
2024-06-06T16:24:39,83.688683,-52.363182,nan
2024-06-06T16:24:38,83.688690,-52.363159,nan
2024-06-06T16:24:38,83.688705,-52.363136,nan
2024-06-06T16:24:37,83.688713,-52.363113,nan
2024-06-06T16:24:37,83.688728,-52.363094,nan
2024-06-06T16:24:36,83.688744,-52.363071,nan
2024-06-06T16:24:36,83.688751,-52.363052,nan
2024-06-06T16:24:35,83.688766,-52.363033,nan
2024-06-06T16:24:35,83.688782,-52.363010,nan
2024-06-06T16:24:34,83.688797,-52.362991,nan
2024-06-06T16:24:34,83.688812,-52.362968,nan
2024-06-06T16:24:33,83.688828,-52.362946,nan
2024-06-06T16:24:33,83.688843,-52.362923,nan
2024-06-06T16:24:32,83.688858,-52.362904,nan
2024-06-06T16:24:32,83.688873,-52.362885,nan
2024-06-06T16:24:31,83.688889,-52.362869,nan
2024-06-06T16:24:31,83.688896,-52.362858,nan
2024-06-06T16:24:30,83.688911,-52.362850,nan
2024-06-06T16:24:30,83.688927,-52.362850,nan
2024-06-06T16:24:29,83.688942,-52.362850,nan
2024-06-06T16:24:29,83.688957,-52.362850,nan
2024-06-06T16:24:28,83.688965,-52.362850,nan
2024-06-06T16:24:28,83.688980,-52.362850,nan
2024-06-06T16:24:27,83.688995,-52.362850,nan
2024-06-06T16:24:27,83.689003,-52.362850,nan
2024-06-06T16:24:26,83.689018,-52.362858,nan
2024-06-06T16:24:26,83.689026,-52.362865,nan
2024-06-06T16:24:25,83.689041,-52.362877,nan
2024-06-06T16:24:25,83.689056,-52.362888,nan
2024-06-06T16:24:24,83.689064,-52.362900,nan
2024-06-06T16:24:24,83.689079,-52.362915,nan
2024-06-06T16:24:23,83.689087,-52.362926,nan
2024-06-06T16:24:23,83.689102,-52.362946,nan
2024-06-06T16:24:22,83.689110,-52.362965,nan
2024-06-06T16:24:22,83.689117,-52.362988,nan
2024-06-06T16:24:21,83.689133,-52.363010,nan
2024-06-06T16:24:21,83.689140,-52.363041,nan
2024-06-06T16:24:20,83.689156,-52.363068,nan
2024-06-06T16:24:20,83.689163,-52.363102,nan
2024-06-06T16:24:19,83.689171,-52.363140,nan
2024-06-06T16:24:19,83.689186,-52.363178,nan
2024-06-06T16:24:18,83.689194,-52.363216,nan
2024-06-06T16:24:18,83.689201,-52.363258,nan
2024-06-06T16:24:17,83.689217,-52.363308,nan
2024-06-06T16:24:17,83.689224,-52.363354,nan
2024-06-06T16:24:16,83.689240,-52.363403,nan
2024-06-06T16:24:16,83.689247,-52.363449,nan
2024-06-06T16:24:15,83.689262,-52.363499,nan
2024-06-06T16:24:15,83.689278,-52.363548,nan
2024-06-06T16:24:14,83.689285,-52.363602,nan
2024-06-06T16:24:14,83.689301,-52.363651,nan
2024-06-06T16:24:13,83.689316,-52.363701,nan
2024-06-06T16:24:13,83.689331,-52.363750,nan
2024-06-06T16:24:12,83.689339,-52.363800,nan
2024-06-06T16:24:12,83.689354,-52.363846,nan
2024-06-06T16:24:11,83.689369,-52.363888,nan
2024-06-06T16:24:11,83.689377,-52.363926,nan
2024-06-06T16:24:10,83.689392,-52.363964,nan
2024-06-06T16:24:10,83.689407,-52.364002,nan
2024-06-06T16:24:09,83.689415,-52.364033,nan
2024-06-06T16:24:09,83.689430,-52.364063,nan
2024-06-06T16:24:08,83.689438,-52.364086,nan
2024-06-06T16:24:08,83.689453,-52.364113,nan
2024-06-06T16:24:07,83.689461,-52.364132,nan
2024-06-06T16:24:07,83.689468,-52.364151,nan
2024-06-06T16:24:06,83.689484,-52.364166,nan
2024-06-06T16:24:06,83.689491,-52.364182,nan
2024-06-06T16:24:05,83.689507,-52.364201,nan
2024-06-06T16:24:05,83.689514,-52.364216,nan
2024-06-06T16:24:04,83.689522,-52.364235,nan
2024-06-06T16:24:04,83.689537,-52.364258,nan
2024-06-06T16:24:03,83.689545,-52.364277,nan
2024-06-06T16:24:03,83.689560,-52.364300,nan
2024-06-06T16:24:02,83.689568,-52.364326,nan
2024-06-06T16:24:02,83.689583,-52.364346,nan
2024-06-06T16:24:01,83.689598,-52.364365,nan
2024-06-06T16:24:01,83.689613,-52.364380,nan
2024-06-06T16:24:00,83.689629,-52.364399,nan
2024-06-06T16:24:00,83.689644,-52.364418,nan
2024-06-06T16:23:59,83.689659,-52.364437,nan
2024-06-06T16:23:59,83.689674,-52.364452,nan
2024-06-06T16:23:58,83.689697,-52.364471,nan
2024-06-06T16:23:58,83.689713,-52.364491,nan
2024-06-06T16:23:57,83.689735,-52.364513,nan
2024-06-06T16:23:57,83.689758,-52.364536,nan
2024-06-06T16:23:56,83.689774,-52.364563,nan
2024-06-06T16:23:56,83.689796,-52.364590,nan
2024-06-06T16:23:55,83.689819,-52.364616,nan
2024-06-06T16:23:55,83.689842,-52.364651,nan
2024-06-06T16:23:54,83.689857,-52.364685,nan
2024-06-06T16:23:54,83.689880,-52.364719,nan
2024-06-06T16:23:53,83.689903,-52.364761,nan
2024-06-06T16:23:53,83.689926,-52.364807,nan
2024-06-06T16:23:52,83.689941,-52.364853,nan
2024-06-06T16:23:52,83.689964,-52.364902,nan
2024-06-06T16:23:51,83.689987,-52.364956,nan
2024-06-06T16:23:51,83.690010,-52.365009,nan
2024-06-06T16:23:50,83.690025,-52.365067,nan
2024-06-06T16:23:50,83.690048,-52.365128,nan
2024-06-06T16:23:49,83.690071,-52.365189,nan
2024-06-06T16:23:49,83.690086,-52.365250,nan
2024-06-06T16:23:48,83.690109,-52.365307,nan
2024-06-06T16:23:48,83.690125,-52.365364,nan
2024-06-06T16:23:47,83.690147,-52.365421,nan
2024-06-06T16:23:47,83.690163,-52.365471,nan
2024-06-06T16:23:46,83.690186,-52.365520,nan
2024-06-06T16:23:46,83.690201,-52.365562,nan
2024-06-06T16:23:45,83.690224,-52.365608,nan
2024-06-06T16:23:45,83.690247,-52.365654,nan
2024-06-06T16:23:44,83.690262,-52.365700,nan
2024-06-06T16:23:44,83.690277,-52.365749,nan
2024-06-06T16:23:43,83.690300,-52.365795,nan
2024-06-06T16:23:43,83.690315,-52.365852,nan
2024-06-06T16:23:42,83.690331,-52.365906,nan
2024-06-06T16:23:42,83.690353,-52.365955,nan
2024-06-06T16:23:41,83.690369,-52.366009,nan
2024-06-06T16:23:41,83.690384,-52.366058,nan
2024-06-06T16:23:40,83.690407,-52.366108,nan
2024-06-06T16:23:40,83.690422,-52.366158,nan
2024-06-06T16:23:39,83.690437,-52.366203,nan
2024-06-06T16:23:39,83.690453,-52.366261,nan
2024-06-06T16:23:38,83.690475,-52.366310,nan
2024-06-06T16:23:38,83.690491,-52.366364,nan
2024-06-06T16:23:37,83.690506,-52.366413,nan
2024-06-06T16:23:37,83.690521,-52.366467,nan
2024-06-06T16:23:36,83.690544,-52.366512,nan
2024-06-06T16:23:36,83.690559,-52.366558,nan
2024-06-06T16:23:35,83.690575,-52.366604,nan
2024-06-06T16:23:35,83.690598,-52.366646,nan
2024-06-06T16:23:34,83.690613,-52.366680,nan
2024-06-06T16:23:34,83.690628,-52.366714,nan
2024-06-06T16:23:33,83.690651,-52.366745,nan
2024-06-06T16:23:33,83.690666,-52.366768,nan
2024-06-06T16:23:32,83.690689,-52.366791,nan
2024-06-06T16:23:32,83.690704,-52.366810,nan
2024-06-06T16:23:31,83.690727,-52.366821,nan
2024-06-06T16:23:31,83.690750,-52.366833,nan
2024-06-06T16:23:30,83.690765,-52.366840,nan
2024-06-06T16:23:30,83.690788,-52.366856,nan
2024-06-06T16:23:29,83.690811,-52.366871,nan
2024-06-06T16:23:29,83.690834,-52.366886,nan
2024-06-06T16:23:28,83.690857,-52.366901,nan
2024-06-06T16:23:28,83.690880,-52.366924,nan
2024-06-06T16:23:27,83.690903,-52.366947,nan
2024-06-06T16:23:27,83.690926,-52.366966,nan
2024-06-06T16:23:26,83.690948,-52.366982,nan
2024-06-06T16:23:26,83.690971,-52.366997,nan
2024-06-06T16:23:25,83.690994,-52.367020,nan
2024-06-06T16:23:25,83.691025,-52.367043,nan
2024-06-06T16:23:24,83.691048,-52.367073,nan
2024-06-06T16:23:24,83.691071,-52.367107,nan
2024-06-06T16:23:23,83.691093,-52.367146,nan
2024-06-06T16:23:23,83.691116,-52.367184,nan
2024-06-06T16:23:22,83.691139,-52.367229,nan
2024-06-06T16:23:22,83.691162,-52.367275,nan
2024-06-06T16:23:21,83.691185,-52.367329,nan
2024-06-06T16:23:21,83.691208,-52.367382,nan
2024-06-06T16:23:20,83.691231,-52.367439,nan
2024-06-06T16:23:20,83.691254,-52.367500,nan
2024-06-06T16:23:18,83.691315,-52.367683,nan
2024-06-06T16:23:18,83.691338,-52.367748,nan
2024-06-06T16:23:17,83.691360,-52.367821,nan
2024-06-06T16:23:17,83.691376,-52.367893,nan
2024-06-06T16:23:16,83.691399,-52.367962,nan
2024-06-06T16:23:16,83.691422,-52.368027,nan
2024-06-06T16:23:15,83.691437,-52.368092,nan
2024-06-06T16:23:15,83.691460,-52.368160,nan
2024-06-06T16:23:14,83.691475,-52.368225,nan
2024-06-06T16:23:14,83.691498,-52.368294,nan
2024-06-06T16:23:13,83.691513,-52.368359,nan
2024-06-06T16:23:13,83.691536,-52.368423,nan
2024-06-06T16:23:12,83.691551,-52.368488,nan
2024-06-06T16:23:12,83.691566,-52.368549,nan
2024-06-06T16:23:11,83.691589,-52.368607,nan
2024-06-06T16:23:11,83.691605,-52.368664,nan
2024-06-06T16:23:10,83.691620,-52.368717,nan
2024-06-06T16:23:10,83.691635,-52.368771,nan
2024-06-06T16:23:09,83.691650,-52.368828,nan
2024-06-06T16:23:09,83.691673,-52.368881,nan
2024-06-06T16:23:08,83.691689,-52.368938,nan
2024-06-06T16:23:08,83.691704,-52.368996,nan
2024-06-06T16:23:07,83.691719,-52.369053,nan
2024-06-06T16:23:07,83.691742,-52.369114,nan
2024-06-06T16:23:06,83.691757,-52.369179,nan
2024-06-06T16:23:06,83.691772,-52.369255,nan
2024-06-06T16:23:05,83.691788,-52.369335,nan
2024-06-06T16:23:05,83.691811,-52.369427,nan
2024-06-06T16:23:04,83.691826,-52.369526,nan
2024-06-06T16:23:04,83.691841,-52.369629,nan
2024-06-06T16:23:03,83.691864,-52.369743,nan
2024-06-06T16:23:03,83.691879,-52.369858,nan
2024-06-06T16:23:02,83.691917,-52.370117,nan
2024-06-06T16:23:01,83.691940,-52.370255,nan
2024-06-06T16:23:01,83.691956,-52.370399,nan
2024-06-06T16:23:00,83.691971,-52.370556,nan
2024-06-06T16:22:58,83.692047,-52.371243,nan
2024-06-06T16:22:57,83.692078,-52.371620,nan
2024-06-06T16:22:57,83.692093,-52.371811,nan
2024-06-06T16:22:56,83.692108,-52.372002,nan
2024-06-06T16:22:56,83.692123,-52.372192,nan
2024-06-06T16:22:55,83.692139,-52.372387,nan
2024-06-06T16:22:55,83.692154,-52.372578,nan
2024-06-06T16:22:54,83.692169,-52.372768,nan
2024-06-06T16:22:54,83.692184,-52.372959,nan
2024-06-06T16:22:53,83.692200,-52.373154,nan
2024-06-06T16:22:53,83.692207,-52.373341,nan
2024-06-06T16:22:52,83.692223,-52.373531,nan
2024-06-06T16:22:52,83.692238,-52.373722,nan
2024-06-06T16:22:51,83.692253,-52.373913,nan
2024-06-06T16:22:51,83.692261,-52.374104,nan
2024-06-06T16:22:50,83.692276,-52.374298,nan
2024-06-06T16:22:50,83.692291,-52.374496,nan
2024-06-06T16:22:49,83.692307,-52.374699,nan
2024-06-06T16:22:49,83.692322,-52.374901,nan
2024-06-06T16:22:48,83.692329,-52.375107,nan
2024-06-06T16:22:48,83.692345,-52.375317,nan
2024-06-06T16:22:47,83.692360,-52.375530,nan
2024-06-06T16:22:47,83.692375,-52.375748,nan
2024-06-06T16:22:46,83.692390,-52.375965,nan
2024-06-06T16:22:46,83.692398,-52.376183,nan
2024-06-06T16:22:45,83.692413,-52.376400,nan
2024-06-06T16:22:42,83.692490,-52.377701,nan
2024-06-06T16:22:40,83.692528,-52.378494,nan
2024-06-06T16:22:40,83.692535,-52.378677,nan
2024-06-06T16:22:39,83.692543,-52.378860,nan
2024-06-06T16:22:39,83.692558,-52.379032,nan
2024-06-06T16:22:38,83.692566,-52.379196,nan
2024-06-06T16:22:38,83.692574,-52.379356,nan
2024-06-06T16:22:37,83.692581,-52.379505,nan
2024-06-06T16:22:37,83.692589,-52.379654,nan
2024-06-06T16:22:36,83.692604,-52.379799,nan
2024-06-06T16:22:36,83.692612,-52.379936,nan
2024-06-06T16:22:35,83.692619,-52.380070,nan
2024-06-06T16:22:35,83.692635,-52.380196,nan
2024-06-06T16:22:34,83.692642,-52.380322,nan
2024-06-06T16:22:34,83.692657,-52.380447,nan
2024-06-06T16:22:33,83.692673,-52.380573,nan
2024-06-06T16:22:33,83.692680,-52.380703,nan
2024-06-06T16:22:32,83.692696,-52.380836,nan
2024-06-06T16:22:32,83.692711,-52.380978,nan
2024-06-06T16:22:31,83.692726,-52.381123,nan
2024-06-06T16:22:31,83.692741,-52.381271,nan
2024-06-06T16:22:30,83.692757,-52.381424,nan
2024-06-06T16:22:30,83.692764,-52.381577,nan
2024-06-06T16:22:29,83.692780,-52.381737,nan
2024-06-06T16:22:29,83.692795,-52.381893,nan
2024-06-06T16:22:28,83.692810,-52.382053,nan
2024-06-06T16:22:28,83.692825,-52.382214,nan
2024-06-06T16:22:27,83.692841,-52.382370,nan
2024-06-06T16:22:27,83.692856,-52.382526,nan
2024-06-06T16:22:26,83.692871,-52.382683,nan
2024-06-06T16:22:26,83.692886,-52.382839,nan
2024-06-06T16:22:25,83.692902,-52.382996,nan
2024-06-06T16:22:25,83.692909,-52.383152,nan
2024-06-06T16:22:24,83.692932,-52.383308,nan
2024-06-06T16:22:24,83.692947,-52.383465,nan
2024-06-06T16:22:23,83.692963,-52.383621,nan
2024-06-06T16:22:23,83.692978,-52.383778,nan
2024-06-06T16:22:22,83.693008,-52.384090,nan
2024-06-06T16:22:21,83.693031,-52.384251,nan
2024-06-06T16:22:21,83.693047,-52.384411,nan
2024-06-06T16:22:20,83.693062,-52.384567,nan
2024-06-06T16:22:20,83.693085,-52.384731,nan
2024-06-06T16:22:19,83.693100,-52.384892,nan
2024-06-06T16:22:19,83.693123,-52.385056,nan
2024-06-06T16:22:18,83.693138,-52.385227,nan
2024-06-06T16:22:18,83.693161,-52.385403,nan
2024-06-06T16:22:17,83.693176,-52.385586,nan
2024-06-06T16:22:17,83.693199,-52.385773,nan
2024-06-06T16:22:16,83.693214,-52.385967,nan
2024-06-06T16:22:16,83.693230,-52.386169,nan
2024-06-06T16:22:15,83.693245,-52.386372,nan
2024-06-06T16:22:15,83.693268,-52.386578,nan
2024-06-06T16:22:14,83.693283,-52.386784,nan
2024-06-06T16:22:14,83.693298,-52.386990,nan
2024-06-06T16:22:13,83.693314,-52.387196,nan
2024-06-06T16:22:13,83.693336,-52.387402,nan
2024-06-06T16:22:12,83.693352,-52.387604,nan
2024-06-06T16:22:12,83.693367,-52.387802,nan
2024-06-06T16:22:11,83.693382,-52.387997,nan
2024-06-06T16:22:11,83.693398,-52.388187,nan
2024-06-06T16:22:10,83.693420,-52.388371,nan
2024-06-06T16:22:10,83.693436,-52.388550,nan
2024-06-06T16:22:09,83.693451,-52.388729,nan
2024-06-06T16:22:09,83.693474,-52.388908,nan
2024-06-06T16:22:08,83.693489,-52.389080,nan
2024-06-06T16:22:08,83.693512,-52.389252,nan
2024-06-06T16:22:07,83.693535,-52.389420,nan
2024-06-06T16:22:07,83.693558,-52.389584,nan
2024-06-06T16:22:06,83.693581,-52.389744,nan
2024-06-06T16:22:06,83.693604,-52.389908,nan
2024-06-06T16:22:05,83.693626,-52.390064,nan
2024-06-06T16:22:05,83.693649,-52.390224,nan
2024-06-06T16:22:04,83.693672,-52.390377,nan
2024-06-06T16:22:04,83.693695,-52.390533,nan
2024-06-06T16:22:03,83.693718,-52.390690,nan
2024-06-06T16:22:03,83.693741,-52.390842,nan
2024-06-06T16:22:02,83.693771,-52.390995,nan
2024-06-06T16:22:02,83.693794,-52.391148,nan
2024-06-06T16:22:01,83.693817,-52.391300,nan
2024-06-06T16:22:01,83.693840,-52.391453,nan
2024-06-06T16:22:00,83.693863,-52.391605,nan
2024-06-06T16:22:00,83.693886,-52.391758,nan
2024-06-06T16:21:59,83.693909,-52.391907,nan
2024-06-06T16:21:59,83.693932,-52.392052,nan
2024-06-06T16:21:58,83.693954,-52.392189,nan
2024-06-06T16:21:58,83.693977,-52.392323,nan
2024-06-06T16:21:57,83.694000,-52.392456,nan
2024-06-06T16:21:57,83.694031,-52.392586,nan
2024-06-06T16:21:56,83.694054,-52.392712,nan
2024-06-06T16:21:56,83.694077,-52.392834,nan
2024-06-06T16:21:55,83.694099,-52.392952,nan
2024-06-06T16:21:55,83.694130,-52.393066,nan
2024-06-06T16:21:54,83.694153,-52.393185,nan
2024-06-06T16:21:54,83.694183,-52.393295,nan
2024-06-06T16:21:53,83.694206,-52.393406,nan
2024-06-06T16:21:53,83.694237,-52.393517,nan
2024-06-06T16:21:52,83.694260,-52.393627,nan
2024-06-06T16:21:52,83.694290,-52.393738,nan
2024-06-06T16:21:51,83.694313,-52.393848,nan
2024-06-06T16:21:51,83.694344,-52.393959,nan
2024-06-06T16:21:50,83.694366,-52.394070,nan
2024-06-06T16:21:50,83.694389,-52.394176,nan
2024-06-06T16:21:49,83.694412,-52.394283,nan
2024-06-06T16:21:49,83.694443,-52.394382,nan
2024-06-06T16:21:48,83.694466,-52.394482,nan
2024-06-06T16:21:48,83.694489,-52.394581,nan
2024-06-06T16:21:47,83.694504,-52.394676,nan
2024-06-06T16:21:47,83.694527,-52.394768,nan
2024-06-06T16:21:46,83.694550,-52.394859,nan
2024-06-06T16:21:46,83.694572,-52.394943,nan
2024-06-06T16:21:45,83.694588,-52.395023,nan
2024-06-06T16:21:45,83.694611,-52.395100,nan
2024-06-06T16:21:44,83.694626,-52.395176,nan
2024-06-06T16:21:44,83.694649,-52.395245,nan
2024-06-06T16:21:43,83.694664,-52.395309,nan
2024-06-06T16:21:43,83.694679,-52.395374,nan
2024-06-06T16:21:42,83.694702,-52.395435,nan
2024-06-06T16:21:42,83.694717,-52.395496,nan
2024-06-06T16:21:41,83.694740,-52.395557,nan
2024-06-06T16:21:41,83.694756,-52.395622,nan
2024-06-06T16:21:40,83.694778,-52.395687,nan
2024-06-06T16:21:40,83.694794,-52.395756,nan
2024-06-06T16:21:39,83.694817,-52.395821,nan
2024-06-06T16:21:39,83.694839,-52.395885,nan
2024-06-06T16:21:38,83.694855,-52.395947,nan
2024-06-06T16:21:38,83.694878,-52.396008,nan
2024-06-06T16:21:37,83.694893,-52.396065,nan
2024-06-06T16:21:37,83.694908,-52.396122,nan
2024-06-06T16:21:36,83.694931,-52.396179,nan
2024-06-06T16:21:36,83.694946,-52.396233,nan
2024-06-06T16:21:35,83.694962,-52.396282,nan
2024-06-06T16:21:35,83.694984,-52.396336,nan
2024-06-06T16:21:34,83.695000,-52.396393,nan
2024-06-06T16:21:34,83.695015,-52.396446,nan
2024-06-06T16:21:33,83.695030,-52.396507,nan
2024-06-06T16:21:33,83.695053,-52.396568,nan
2024-06-06T16:21:32,83.695068,-52.396629,nan
2024-06-06T16:21:32,83.695084,-52.396694,nan
2024-06-06T16:21:31,83.695107,-52.396759,nan
2024-06-06T16:21:31,83.695122,-52.396820,nan
2024-06-06T16:21:30,83.695137,-52.396877,nan
2024-06-06T16:21:30,83.695152,-52.396938,nan
2024-06-06T16:21:29,83.695168,-52.396996,nan
2024-06-06T16:21:29,83.695183,-52.397053,nan
2024-06-06T16:21:28,83.695198,-52.397106,nan
2024-06-06T16:21:28,83.695213,-52.397156,nan
2024-06-06T16:21:27,83.695229,-52.397205,nan
2024-06-06T16:21:27,83.695251,-52.397251,nan
2024-06-06T16:21:26,83.695267,-52.397289,nan
2024-06-06T16:21:26,83.695282,-52.397331,nan
2024-06-06T16:21:25,83.695297,-52.397369,nan
2024-06-06T16:21:25,83.695312,-52.397404,nan
2024-06-06T16:21:24,83.695328,-52.397438,nan
2024-06-06T16:21:24,83.695343,-52.397469,nan
2024-06-06T16:21:23,83.695358,-52.397503,nan
2024-06-06T16:21:23,83.695374,-52.397533,nan
2024-06-06T16:21:22,83.695389,-52.397568,nan
2024-06-06T16:21:22,83.695404,-52.397606,nan
2024-06-06T16:21:21,83.695419,-52.397640,nan
2024-06-06T16:21:21,83.695435,-52.397675,nan
2024-06-06T16:21:20,83.695450,-52.397709,nan
2024-06-06T16:21:20,83.695465,-52.397736,nan
2024-06-06T16:21:19,83.695473,-52.397762,nan
2024-06-06T16:21:19,83.695496,-52.397785,nan
2024-06-06T16:21:18,83.695511,-52.397808,nan
2024-06-06T16:21:18,83.695526,-52.397827,nan
2024-06-06T16:21:17,83.695549,-52.397846,nan
2024-06-06T16:21:17,83.695564,-52.397869,nan
2024-06-06T16:21:16,83.695587,-52.397892,nan
2024-06-06T16:21:16,83.695610,-52.397919,nan
2024-06-06T16:21:15,83.695633,-52.397938,nan
2024-06-06T16:21:15,83.695656,-52.397961,nan
2024-06-06T16:21:14,83.695679,-52.397976,nan
2024-06-06T16:21:14,83.695702,-52.397987,nan
2024-06-06T16:21:13,83.695724,-52.397995,nan
2024-06-06T16:21:13,83.695747,-52.397995,nan
2024-06-06T16:21:12,83.695770,-52.397999,nan
2024-06-06T16:21:12,83.695801,-52.398006,nan
2024-06-06T16:21:11,83.695824,-52.398018,nan
2024-06-06T16:21:11,83.695839,-52.398033,nan
2024-06-06T16:21:10,83.695862,-52.398052,nan
2024-06-06T16:21:10,83.695885,-52.398079,nan
2024-06-06T16:21:09,83.695908,-52.398113,nan
2024-06-06T16:21:09,83.695923,-52.398148,nan
2024-06-06T16:21:08,83.695946,-52.398186,nan
2024-06-06T16:21:08,83.695961,-52.398228,nan
2024-06-06T16:21:07,83.695984,-52.398270,nan
2024-06-06T16:21:07,83.695999,-52.398308,nan
2024-06-06T16:21:06,83.696014,-52.398346,nan
2024-06-06T16:21:06,83.696030,-52.398384,nan
2024-06-06T16:21:05,83.696053,-52.398422,nan
2024-06-06T16:21:05,83.696068,-52.398460,nan
2024-06-06T16:21:04,83.696083,-52.398491,nan
2024-06-06T16:21:04,83.696106,-52.398525,nan
2024-06-06T16:21:03,83.696121,-52.398560,nan
2024-06-06T16:21:03,83.696144,-52.398582,nan
2024-06-06T16:21:02,83.696159,-52.398602,nan
2024-06-06T16:21:02,83.696182,-52.398617,nan
2024-06-06T16:21:01,83.696205,-52.398624,nan
2024-06-06T16:21:01,83.696220,-52.398628,nan
2024-06-06T16:21:00,83.696243,-52.398628,nan
2024-06-06T16:21:00,83.696266,-52.398624,nan
2024-06-06T16:20:59,83.696289,-52.398613,nan
2024-06-06T16:20:59,83.696304,-52.398598,nan
2024-06-06T16:20:58,83.696327,-52.398579,nan
2024-06-06T16:20:58,83.696350,-52.398552,nan
2024-06-06T16:20:57,83.696373,-52.398521,nan
2024-06-06T16:20:57,83.696388,-52.398491,nan
2024-06-06T16:20:56,83.696411,-52.398460,nan
2024-06-06T16:20:56,83.696434,-52.398426,nan
2024-06-06T16:20:55,83.696457,-52.398396,nan
2024-06-06T16:20:55,83.696480,-52.398361,nan
2024-06-06T16:20:54,83.696495,-52.398327,nan
2024-06-06T16:20:54,83.696518,-52.398296,nan
2024-06-06T16:20:53,83.696541,-52.398262,nan
2024-06-06T16:20:53,83.696564,-52.398228,nan
2024-06-06T16:20:52,83.696579,-52.398190,nan
2024-06-06T16:20:52,83.696602,-52.398144,nan
2024-06-06T16:20:51,83.696625,-52.398098,nan
2024-06-06T16:20:51,83.696648,-52.398048,nan
2024-06-06T16:20:50,83.696671,-52.397991,nan
2024-06-06T16:20:50,83.696686,-52.397938,nan
2024-06-06T16:20:49,83.696709,-52.397873,nan
2024-06-06T16:20:49,83.696732,-52.397812,nan
2024-06-06T16:20:48,83.696754,-52.397751,nan
2024-06-06T16:20:48,83.696777,-52.397686,nan
2024-06-06T16:20:47,83.696800,-52.397621,nan
2024-06-06T16:20:47,83.696815,-52.397552,nan
2024-06-06T16:20:46,83.696838,-52.397488,nan
2024-06-06T16:20:46,83.696861,-52.397419,nan
2024-06-06T16:20:45,83.696877,-52.397350,nan
2024-06-06T16:20:45,83.696899,-52.397278,nan
2024-06-06T16:20:44,83.696915,-52.397202,nan
2024-06-06T16:20:44,83.696930,-52.397125,nan
2024-06-06T16:20:43,83.696945,-52.397053,nan
2024-06-06T16:20:43,83.696968,-52.396980,nan
2024-06-06T16:20:42,83.696983,-52.396919,nan
2024-06-06T16:20:42,83.696999,-52.396862,nan
2024-06-06T16:20:41,83.697021,-52.396816,nan
2024-06-06T16:20:41,83.697037,-52.396774,nan
2024-06-06T16:20:40,83.697060,-52.396736,nan
2024-06-06T16:20:40,83.697075,-52.396698,nan
2024-06-06T16:20:39,83.697098,-52.396656,nan
2024-06-06T16:20:39,83.697113,-52.396614,nan
2024-06-06T16:20:38,83.697136,-52.396572,nan
2024-06-06T16:20:38,83.697151,-52.396526,nan
2024-06-06T16:20:37,83.697166,-52.396477,nan
2024-06-06T16:20:37,83.697189,-52.396427,nan
2024-06-06T16:20:36,83.697205,-52.396378,nan
2024-06-06T16:20:36,83.697227,-52.396328,nan
2024-06-06T16:20:35,83.697243,-52.396278,nan
2024-06-06T16:20:35,83.697258,-52.396233,nan
2024-06-06T16:20:34,83.697273,-52.396187,nan
2024-06-06T16:20:34,83.697289,-52.396145,nan
2024-06-06T16:20:33,83.697304,-52.396099,nan
2024-06-06T16:20:33,83.697319,-52.396049,nan
2024-06-06T16:20:32,83.697334,-52.396000,nan
2024-06-06T16:20:32,83.697350,-52.395947,nan
2024-06-06T16:20:31,83.697365,-52.395889,nan
2024-06-06T16:20:31,83.697372,-52.395828,nan
2024-06-06T16:20:30,83.697388,-52.395771,nan
2024-06-06T16:20:30,83.697395,-52.395706,nan
2024-06-06T16:20:29,83.697403,-52.395638,nan
2024-06-06T16:20:29,83.697411,-52.395576,nan
2024-06-06T16:20:28,83.697426,-52.395519,nan
2024-06-06T16:20:28,83.697433,-52.395473,nan
2024-06-06T16:20:27,83.697441,-52.395432,nan
2024-06-06T16:20:27,83.697449,-52.395401,nan
2024-06-06T16:20:26,83.697464,-52.395378,nan
2024-06-06T16:20:26,83.697472,-52.395367,nan
2024-06-06T16:20:25,83.697479,-52.395359,nan
2024-06-06T16:20:25,83.697487,-52.395363,nan
2024-06-06T16:20:24,83.697495,-52.395367,nan
2024-06-06T16:20:24,83.697510,-52.395374,nan
2024-06-06T16:20:23,83.697510,-52.395374,nan
2024-06-06T16:20:23,83.697517,-52.395386,nan
2024-06-06T16:20:22,83.697525,-52.395393,nan
2024-06-06T16:20:22,83.697525,-52.395405,nan
2024-06-06T16:20:21,83.697533,-52.395416,nan
2024-06-06T16:20:21,83.697533,-52.395432,nan
2024-06-06T16:20:20,83.697540,-52.395439,nan
2024-06-06T16:20:20,83.697548,-52.395443,nan
2024-06-06T16:20:19,83.697556,-52.395443,nan
2024-06-06T16:20:19,83.697563,-52.395439,nan
2024-06-06T16:20:18,83.697571,-52.395428,nan
2024-06-06T16:20:18,83.697578,-52.395405,nan
2024-06-06T16:20:17,83.697594,-52.395374,nan
2024-06-06T16:20:17,83.697601,-52.395340,nan
2024-06-06T16:20:16,83.697617,-52.395294,nan
2024-06-06T16:20:16,83.697624,-52.395241,nan
2024-06-06T16:20:15,83.697639,-52.395180,nan
2024-06-06T16:20:15,83.697647,-52.395111,nan
2024-06-06T16:20:14,83.697662,-52.395039,nan
2024-06-06T16:20:14,83.697670,-52.394958,nan
2024-06-06T16:20:13,83.697678,-52.394875,nan
2024-06-06T16:20:13,83.697685,-52.394787,nan
2024-06-06T16:20:12,83.697693,-52.394699,nan
2024-06-06T16:20:12,83.697701,-52.394608,nan
2024-06-06T16:20:11,83.697708,-52.394516,nan
2024-06-06T16:20:11,83.697716,-52.394421,nan
2024-06-06T16:20:10,83.697716,-52.394337,nan
2024-06-06T16:20:10,83.697716,-52.394257,nan
2024-06-06T16:20:09,83.697716,-52.394176,nan
2024-06-06T16:20:09,83.697716,-52.394100,nan
2024-06-06T16:20:08,83.697716,-52.394028,nan
2024-06-06T16:20:08,83.697708,-52.393955,nan
2024-06-06T16:20:07,83.697701,-52.393883,nan
2024-06-06T16:20:07,83.697693,-52.393810,nan
2024-06-06T16:20:06,83.697685,-52.393742,nan
2024-06-06T16:20:06,83.697678,-52.393677,nan
2024-06-06T16:20:05,83.697678,-52.393616,nan
2024-06-06T16:20:05,83.697670,-52.393570,nan
2024-06-06T16:20:04,83.697662,-52.393528,nan
2024-06-06T16:20:04,83.697655,-52.393494,nan
2024-06-06T16:20:03,83.697639,-52.393471,nan
2024-06-06T16:20:03,83.697632,-52.393456,nan
2024-06-06T16:20:02,83.697624,-52.393448,nan
2024-06-06T16:20:02,83.697609,-52.393444,nan
2024-06-06T16:20:01,83.697601,-52.393452,nan
2024-06-06T16:20:01,83.697586,-52.393459,nan
2024-06-06T16:20:00,83.697571,-52.393475,nan
2024-06-06T16:20:00,83.697556,-52.393490,nan
2024-06-06T16:19:59,83.697540,-52.393505,nan
2024-06-06T16:19:59,83.697533,-52.393520,nan
2024-06-06T16:19:58,83.697517,-52.393524,nan
2024-06-06T16:19:58,83.697510,-52.393532,nan
2024-06-06T16:19:57,83.697495,-52.393536,nan
2024-06-06T16:19:57,83.697487,-52.393543,nan
2024-06-06T16:19:56,83.697479,-52.393551,nan
2024-06-06T16:19:56,83.697472,-52.393559,nan
2024-06-06T16:19:55,83.697464,-52.393566,nan
2024-06-06T16:19:55,83.697456,-52.393570,nan
2024-06-06T16:19:54,83.697449,-52.393562,nan
2024-06-06T16:19:54,83.697433,-52.393551,nan
2024-06-06T16:19:53,83.697426,-52.393532,nan
2024-06-06T16:19:53,83.697418,-52.393505,nan
2024-06-06T16:19:52,83.697418,-52.393475,nan
2024-06-06T16:19:52,83.697411,-52.393436,nan
2024-06-06T16:19:51,83.697403,-52.393391,nan
2024-06-06T16:19:51,83.697395,-52.393337,nan
2024-06-06T16:19:50,83.697388,-52.393276,nan
2024-06-06T16:19:50,83.697380,-52.393215,nan
2024-06-06T16:19:49,83.697372,-52.393143,nan
2024-06-06T16:19:49,83.697365,-52.393063,nan
2024-06-06T16:19:48,83.697357,-52.392979,nan
2024-06-06T16:19:48,83.697357,-52.392883,nan
2024-06-06T16:19:47,83.697350,-52.392780,nan
2024-06-06T16:19:47,83.697342,-52.392670,nan
2024-06-06T16:19:46,83.697342,-52.392555,nan
2024-06-06T16:19:46,83.697334,-52.392441,nan
2024-06-06T16:19:45,83.697334,-52.392323,nan
2024-06-06T16:19:45,83.697327,-52.392204,nan
2024-06-06T16:19:44,83.697327,-52.392082,nan
2024-06-06T16:19:44,83.697327,-52.391956,nan
2024-06-06T16:19:43,83.697327,-52.391834,nan
2024-06-06T16:19:43,83.697319,-52.391712,nan
2024-06-06T16:19:42,83.697319,-52.391590,nan
2024-06-06T16:19:42,83.697319,-52.391479,nan
2024-06-06T16:19:41,83.697319,-52.391376,nan
2024-06-06T16:19:41,83.697311,-52.391273,nan
2024-06-06T16:19:40,83.697311,-52.391178,nan
2024-06-06T16:19:40,83.697304,-52.391087,nan
2024-06-06T16:19:39,83.697304,-52.390991,nan
2024-06-06T16:19:39,83.697296,-52.390896,nan
2024-06-06T16:19:38,83.697289,-52.390800,nan
2024-06-06T16:19:38,83.697281,-52.390697,nan
2024-06-06T16:19:37,83.697273,-52.390591,nan
2024-06-06T16:19:37,83.697266,-52.390476,nan
2024-06-06T16:19:36,83.697250,-52.390354,nan
2024-06-06T16:19:36,83.697235,-52.390232,nan
2024-06-06T16:19:35,83.697227,-52.390106,nan
2024-06-06T16:19:35,83.697212,-52.389980,nan
2024-06-06T16:19:34,83.697197,-52.389854,nan
2024-06-06T16:19:34,83.697182,-52.389729,nan
2024-06-06T16:19:33,83.697159,-52.389599,nan
2024-06-06T16:19:33,83.697144,-52.389469,nan
2024-06-06T16:19:32,83.697121,-52.389339,nan
2024-06-06T16:19:32,83.697098,-52.389210,nan
2024-06-06T16:19:31,83.697075,-52.389088,nan
2024-06-06T16:19:31,83.697060,-52.388969,nan
2024-06-06T16:19:30,83.697037,-52.388863,nan
2024-06-06T16:19:30,83.697014,-52.388775,nan
2024-06-06T16:19:29,83.696991,-52.388706,nan
2024-06-06T16:19:29,83.696968,-52.388649,nan
2024-06-06T16:19:28,83.696945,-52.388599,nan
2024-06-06T16:19:28,83.696922,-52.388557,nan
2024-06-06T16:19:27,83.696899,-52.388515,nan
2024-06-06T16:19:27,83.696877,-52.388477,nan
2024-06-06T16:19:26,83.696861,-52.388451,nan
2024-06-06T16:19:26,83.696846,-52.388451,nan
2024-06-06T16:19:25,83.696823,-52.388477,nan
2024-06-06T16:19:25,83.696800,-52.388523,nan
2024-06-06T16:19:24,83.696777,-52.388565,nan
2024-06-06T16:19:24,83.696754,-52.388607,nan
2024-06-06T16:19:23,83.696739,-52.388645,nan
2024-06-06T16:19:23,83.696709,-52.388702,nan
2024-06-06T16:19:22,83.696693,-52.388805,nan
2024-06-06T16:19:22,83.696671,-52.389046,nan
2024-06-06T16:19:21,83.696640,-52.389469,nan
2024-06-06T16:19:21,83.696587,-52.390392,nan
2024-06-06T16:19:20,83.696518,-52.392212,nan
2024-06-06T16:19:20,83.696472,-52.394131,nan
2024-06-06T16:19:19,83.696426,-52.396023,nan
2024-06-06T16:19:19,83.696404,-52.397694,nan
2024-06-06T16:19:18,83.696381,-52.398491,nan
2024-06-06T16:19:16,83.696640,-52.392052,nan
2024-06-06T16:19:15,83.696846,-52.386284,nan
2024-06-06T16:19:15,83.697144,-52.378853,nan
2024-06-06T16:19:14,83.697510,-52.371002,nan
