datetime,lat,lon,elev
2024-08-07T15:02:03,82.826134,-98.469162,nan
2024-08-07T15:02:03,82.826134,-98.469299,nan
2024-08-07T15:02:02,82.826141,-98.469444,nan
2024-08-07T15:02:02,82.826141,-98.469589,nan
2024-08-07T15:02:01,82.826149,-98.469734,nan
2024-08-07T15:02:01,82.826157,-98.469894,nan
2024-08-07T15:02:00,82.826157,-98.470047,nan
2024-08-07T15:02:00,82.826164,-98.470192,nan
2024-08-07T15:01:59,82.826172,-98.470345,nan
2024-08-07T15:01:59,82.826180,-98.470505,nan
2024-08-07T15:01:58,82.826180,-98.470657,nan
2024-08-07T15:01:58,82.826187,-98.470802,nan
2024-08-07T15:01:57,82.826195,-98.470963,nan
2024-08-07T15:01:56,82.826210,-98.471245,nan
2024-08-07T15:01:56,82.826218,-98.471390,nan
2024-08-07T15:01:55,82.826225,-98.471535,nan
2024-08-07T15:01:55,82.826233,-98.471672,nan
2024-08-07T15:01:54,82.826241,-98.471817,nan
2024-08-07T15:01:54,82.826248,-98.471962,nan
2024-08-07T15:01:53,82.826256,-98.472115,nan
2024-08-07T15:01:53,82.826263,-98.472260,nan
2024-08-07T15:01:52,82.826271,-98.472420,nan
2024-08-07T15:01:51,82.826286,-98.472725,nan
2024-08-07T15:01:50,82.826309,-98.473190,nan
2024-08-07T15:01:49,82.826324,-98.473351,nan
2024-08-07T15:01:49,82.826332,-98.473503,nan
2024-08-07T15:01:48,82.826347,-98.473816,nan
2024-08-07T15:01:47,82.826355,-98.473969,nan
2024-08-07T15:01:47,82.826363,-98.474121,nan
2024-08-07T15:01:46,82.826370,-98.474274,nan
2024-08-07T15:01:46,82.826378,-98.474419,nan
2024-08-07T15:01:45,82.826393,-98.474571,nan
2024-08-07T15:01:45,82.826401,-98.474724,nan
2024-08-07T15:01:44,82.826408,-98.474869,nan
2024-08-07T15:01:44,82.826416,-98.475014,nan
2024-08-07T15:01:43,82.826424,-98.475159,nan
2024-08-07T15:01:43,82.826431,-98.475296,nan
2024-08-07T15:01:42,82.826439,-98.475433,nan
2024-08-07T15:01:42,82.826447,-98.475578,nan
2024-08-07T15:01:41,82.826454,-98.475716,nan
2024-08-07T15:01:41,82.826462,-98.475853,nan
2024-08-07T15:01:40,82.826469,-98.475990,nan
2024-08-07T15:01:40,82.826469,-98.476135,nan
2024-08-07T15:01:39,82.826485,-98.476402,nan
2024-08-07T15:01:38,82.826485,-98.476540,nan
2024-08-07T15:01:38,82.826492,-98.476669,nan
2024-08-07T15:01:37,82.826492,-98.476807,nan
2024-08-07T15:01:37,82.826500,-98.476936,nan
2024-08-07T15:01:36,82.826500,-98.477074,nan
2024-08-07T15:01:36,82.826508,-98.477211,nan
2024-08-07T15:01:35,82.826508,-98.477348,nan
2024-08-07T15:01:35,82.826515,-98.477493,nan
2024-08-07T15:01:34,82.826515,-98.477631,nan
2024-08-07T15:01:34,82.826523,-98.477776,nan
2024-08-07T15:01:33,82.826523,-98.477913,nan
2024-08-07T15:01:33,82.826530,-98.478058,nan
2024-08-07T15:01:32,82.826530,-98.478203,nan
2024-08-07T15:01:32,82.826538,-98.478340,nan
2024-08-07T15:01:31,82.826538,-98.478477,nan
2024-08-07T15:01:31,82.826546,-98.478622,nan
2024-08-07T15:01:30,82.826546,-98.478767,nan
2024-08-07T15:01:30,82.826553,-98.478912,nan
2024-08-07T15:01:29,82.826553,-98.479057,nan
2024-08-07T15:01:29,82.826561,-98.479202,nan
2024-08-07T15:01:28,82.826561,-98.479347,nan
2024-08-07T15:01:28,82.826569,-98.479507,nan
2024-08-07T15:01:27,82.826569,-98.479660,nan
2024-08-07T15:01:27,82.826576,-98.479813,nan
2024-08-07T15:01:25,82.826584,-98.480316,nan
2024-08-07T15:01:25,82.826591,-98.480476,nan
2024-08-07T15:01:24,82.826599,-98.480652,nan
2024-08-07T15:01:24,82.826599,-98.480820,nan
2024-08-07T15:01:23,82.826607,-98.480988,nan
2024-08-07T15:01:23,82.826614,-98.481155,nan
2024-08-07T15:01:22,82.826614,-98.481323,nan
2024-08-07T15:01:22,82.826622,-98.481499,nan
2024-08-07T15:01:21,82.826630,-98.481850,nan
2024-08-07T15:01:20,82.826630,-98.482025,nan
2024-08-07T15:01:20,82.826637,-98.482208,nan
2024-08-07T15:01:19,82.826637,-98.482391,nan
2024-08-07T15:01:19,82.826645,-98.482574,nan
2024-08-07T15:01:18,82.826645,-98.482758,nan
2024-08-07T15:01:18,82.826653,-98.482933,nan
2024-08-07T15:01:17,82.826653,-98.483116,nan
2024-08-07T15:01:14,82.826675,-98.484184,nan
2024-08-07T15:01:14,82.826675,-98.484360,nan
2024-08-07T15:01:13,82.826683,-98.484718,nan
2024-08-07T15:01:12,82.826691,-98.484894,nan
2024-08-07T15:01:12,82.826691,-98.485077,nan
2024-08-07T15:01:07,82.826706,-98.486801,nan
2024-08-07T15:01:07,82.826706,-98.487000,nan
2024-08-07T15:01:06,82.826706,-98.487190,nan
2024-08-07T15:01:06,82.826706,-98.487389,nan
2024-08-07T15:01:05,82.826714,-98.487572,nan
2024-08-07T15:01:05,82.826714,-98.487762,nan
2024-08-07T15:01:04,82.826714,-98.487961,nan
2024-08-07T15:01:04,82.826714,-98.488159,nan
2024-08-07T15:01:03,82.826714,-98.488358,nan
2024-08-07T15:01:03,82.826714,-98.488556,nan
2024-08-07T15:01:02,82.826714,-98.488754,nan
2024-08-07T15:01:02,82.826714,-98.488960,nan
2024-08-07T15:01:01,82.826714,-98.489166,nan
2024-08-07T15:01:01,82.826714,-98.489372,nan
2024-08-07T15:01:00,82.826721,-98.489586,nan
2024-08-07T15:01:00,82.826721,-98.489792,nan
2024-08-07T15:00:59,82.826721,-98.490013,nan
2024-08-07T15:00:59,82.826721,-98.490234,nan
2024-08-07T15:00:58,82.826729,-98.490456,nan
2024-08-07T15:00:57,82.826729,-98.490906,nan
2024-08-07T15:00:56,82.826729,-98.491333,nan
2024-08-07T15:00:54,82.826744,-98.492424,nan
2024-08-07T15:00:53,82.826752,-98.492661,nan
2024-08-07T15:00:53,82.826752,-98.492889,nan
2024-08-07T15:00:52,82.826759,-98.493126,nan
2024-08-07T15:00:51,82.826767,-98.493828,nan
2024-08-07T15:00:50,82.826767,-98.494049,nan
2024-08-07T15:00:50,82.826775,-98.494270,nan
2024-08-07T15:00:49,82.826775,-98.494499,nan
2024-08-07T15:00:49,82.826775,-98.494728,nan
2024-08-07T15:00:48,82.826775,-98.494957,nan
2024-08-07T15:00:48,82.826782,-98.495178,nan
2024-08-07T15:00:47,82.826782,-98.495415,nan
2024-08-07T15:00:47,82.826782,-98.495644,nan
2024-08-07T15:00:46,82.826782,-98.495872,nan
2024-08-07T15:00:46,82.826782,-98.496094,nan
2024-08-07T15:00:45,82.826790,-98.496315,nan
2024-08-07T15:00:45,82.826797,-98.496529,nan
2024-08-07T15:00:44,82.826805,-98.496750,nan
2024-08-07T15:00:44,82.826813,-98.496971,nan
2024-08-07T15:00:43,82.826820,-98.497192,nan
2024-08-07T15:00:43,82.826828,-98.497421,nan
2024-08-07T15:00:42,82.826836,-98.497643,nan
2024-08-07T15:00:42,82.826851,-98.497879,nan
2024-08-07T15:00:41,82.826859,-98.498108,nan
2024-08-07T15:00:41,82.826866,-98.498344,nan
2024-08-07T15:00:40,82.826881,-98.498589,nan
2024-08-07T15:00:40,82.826889,-98.498833,nan
2024-08-07T15:00:39,82.826897,-98.499069,nan
2024-08-07T15:00:39,82.826912,-98.499321,nan
2024-08-07T15:00:38,82.826920,-98.499573,nan
2024-08-07T15:00:38,82.826927,-98.499832,nan
2024-08-07T15:00:37,82.826942,-98.500099,nan
2024-08-07T15:00:37,82.826950,-98.500374,nan
2024-08-07T15:00:36,82.826965,-98.500656,nan
2024-08-07T15:00:36,82.826973,-98.500954,nan
2024-08-07T15:00:35,82.826988,-98.501259,nan
2024-08-07T15:00:35,82.826996,-98.501579,nan
2024-08-07T15:00:34,82.827011,-98.501907,nan
2024-08-07T15:00:34,82.827026,-98.502243,nan
2024-08-07T15:00:33,82.827034,-98.502586,nan
2024-08-07T15:00:33,82.827049,-98.502930,nan
2024-08-07T15:00:32,82.827065,-98.503281,nan
2024-08-07T15:00:32,82.827080,-98.503632,nan
2024-08-07T15:00:31,82.827087,-98.503983,nan
2024-08-07T15:00:31,82.827103,-98.504341,nan
2024-08-07T15:00:30,82.827118,-98.504692,nan
2024-08-07T15:00:30,82.827126,-98.505043,nan
2024-08-07T15:00:29,82.827141,-98.505394,nan
2024-08-07T15:00:29,82.827148,-98.505737,nan
2024-08-07T15:00:28,82.827156,-98.506096,nan
2024-08-07T15:00:28,82.827164,-98.506447,nan
2024-08-07T15:00:27,82.827179,-98.506798,nan
2024-08-07T15:00:27,82.827187,-98.507149,nan
2024-08-07T15:00:26,82.827194,-98.507500,nan
2024-08-07T15:00:26,82.827202,-98.507858,nan
2024-08-07T15:00:25,82.827209,-98.508217,nan
2024-08-07T15:00:25,82.827225,-98.508583,nan
2024-08-07T15:00:24,82.827232,-98.508949,nan
2024-08-07T15:00:24,82.827240,-98.509315,nan
2024-08-07T15:00:23,82.827248,-98.509689,nan
2024-08-07T15:00:23,82.827263,-98.510071,nan
2024-08-07T15:00:22,82.827271,-98.510445,nan
2024-08-07T15:00:22,82.827278,-98.510826,nan
2024-08-07T15:00:21,82.827293,-98.511208,nan
2024-08-07T15:00:21,82.827301,-98.511597,nan
2024-08-07T15:00:20,82.827316,-98.511986,nan
2024-08-07T15:00:20,82.827324,-98.512383,nan
2024-08-07T15:00:19,82.827339,-98.512779,nan
2024-08-07T15:00:19,82.827347,-98.513176,nan
2024-08-07T15:00:18,82.827362,-98.513573,nan
2024-08-07T15:00:18,82.827370,-98.513985,nan
2024-08-07T15:00:17,82.827377,-98.514389,nan
2024-08-07T15:00:17,82.827393,-98.514793,nan
2024-08-07T15:00:16,82.827400,-98.515205,nan
2024-08-07T15:00:16,82.827415,-98.515610,nan
2024-08-07T15:00:15,82.827423,-98.516022,nan
2024-08-07T15:00:15,82.827438,-98.516434,nan
2024-08-07T15:00:14,82.827446,-98.516846,nan
2024-08-07T15:00:14,82.827461,-98.517250,nan
2024-08-07T15:00:13,82.827469,-98.517654,nan
2024-08-07T15:00:13,82.827484,-98.518066,nan
2024-08-07T15:00:12,82.827499,-98.518471,nan
2024-08-07T15:00:12,82.827507,-98.518883,nan
2024-08-07T15:00:11,82.827522,-98.519287,nan
2024-08-07T15:00:11,82.827538,-98.519691,nan
2024-08-07T15:00:10,82.827545,-98.520096,nan
2024-08-07T15:00:10,82.827560,-98.520493,nan
2024-08-07T15:00:09,82.827576,-98.520897,nan
2024-08-07T15:00:09,82.827583,-98.521301,nan
2024-08-07T15:00:08,82.827599,-98.521706,nan
2024-08-07T15:00:08,82.827614,-98.522110,nan
2024-08-07T15:00:07,82.827621,-98.522507,nan
2024-08-07T15:00:07,82.827637,-98.522911,nan
2024-08-07T15:00:06,82.827652,-98.523308,nan
2024-08-07T15:00:06,82.827667,-98.523720,nan
2024-08-07T15:00:05,82.827675,-98.524117,nan
2024-08-07T15:00:05,82.827690,-98.524521,nan
2024-08-07T15:00:04,82.827705,-98.524918,nan
2024-08-07T15:00:04,82.827721,-98.525330,nan
2024-08-07T15:00:03,82.827728,-98.525734,nan
2024-08-07T15:00:03,82.827744,-98.526138,nan
2024-08-07T15:00:02,82.827759,-98.526543,nan
2024-08-07T15:00:02,82.827766,-98.526947,nan
2024-08-07T15:00:01,82.827782,-98.527351,nan
2024-08-07T15:00:01,82.827789,-98.527756,nan
2024-08-07T15:00:00,82.827805,-98.528160,nan
2024-08-07T15:00:00,82.827820,-98.528557,nan
2024-08-07T14:59:59,82.827827,-98.528954,nan
2024-08-07T14:59:58,82.827850,-98.529762,nan
2024-08-07T14:59:57,82.827881,-98.530571,nan
2024-08-07T14:59:57,82.827888,-98.530968,nan
2024-08-07T14:59:56,82.827904,-98.531364,nan
2024-08-07T14:59:55,82.827927,-98.532166,nan
2024-08-07T14:59:55,82.827942,-98.532555,nan
2024-08-07T14:59:54,82.827950,-98.532951,nan
2024-08-07T14:59:54,82.827965,-98.533340,nan
2024-08-07T14:59:53,82.827972,-98.533737,nan
2024-08-07T14:59:53,82.827988,-98.534126,nan
2024-08-07T14:59:52,82.827995,-98.534515,nan
2024-08-07T14:59:52,82.828011,-98.534897,nan
2024-08-07T14:59:51,82.828018,-98.535286,nan
2024-08-07T14:59:51,82.828033,-98.535683,nan
2024-08-07T14:59:50,82.828049,-98.536072,nan
2024-08-07T14:59:50,82.828056,-98.536461,nan
2024-08-07T14:59:49,82.828072,-98.536850,nan
2024-08-07T14:59:49,82.828079,-98.537239,nan
2024-08-07T14:59:48,82.828094,-98.537628,nan
2024-08-07T14:59:48,82.828110,-98.538025,nan
2024-08-07T14:59:47,82.828117,-98.538414,nan
2024-08-07T14:59:47,82.828133,-98.538803,nan
2024-08-07T14:59:46,82.828148,-98.539200,nan
2024-08-07T14:59:46,82.828156,-98.539597,nan
2024-08-07T14:59:45,82.828171,-98.539993,nan
2024-08-07T14:59:45,82.828186,-98.540390,nan
2024-08-07T14:59:44,82.828201,-98.540787,nan
2024-08-07T14:59:44,82.828209,-98.541183,nan
2024-08-07T14:59:43,82.828224,-98.541580,nan
2024-08-07T14:59:43,82.828232,-98.541985,nan
2024-08-07T14:59:42,82.828247,-98.542381,nan
2024-08-07T14:59:42,82.828255,-98.542778,nan
2024-08-07T14:59:41,82.828270,-98.543182,nan
2024-08-07T14:59:41,82.828278,-98.543579,nan
2024-08-07T14:59:40,82.828293,-98.543983,nan
2024-08-07T14:59:40,82.828300,-98.544388,nan
2024-08-07T14:59:39,82.828316,-98.544785,nan
2024-08-07T14:59:39,82.828323,-98.545189,nan
2024-08-07T14:59:38,82.828339,-98.545593,nan
2024-08-07T14:59:38,82.828354,-98.545998,nan
2024-08-07T14:59:37,82.828362,-98.546410,nan
2024-08-07T14:59:37,82.828377,-98.546814,nan
2024-08-07T14:59:36,82.828384,-98.547218,nan
2024-08-07T14:59:36,82.828400,-98.547630,nan
2024-08-07T14:59:35,82.828407,-98.548042,nan
2024-08-07T14:59:35,82.828423,-98.548454,nan
2024-08-07T14:59:34,82.828438,-98.548866,nan
2024-08-07T14:59:34,82.828445,-98.549271,nan
2024-08-07T14:59:33,82.828453,-98.549683,nan
2024-08-07T14:59:33,82.828468,-98.550095,nan
2024-08-07T14:59:32,82.828476,-98.550507,nan
2024-08-07T14:59:32,82.828484,-98.550926,nan
2024-08-07T14:59:31,82.828506,-98.551758,nan
2024-08-07T14:59:30,82.828522,-98.552177,nan
2024-08-07T14:59:30,82.828529,-98.552597,nan
2024-08-07T14:59:29,82.828545,-98.553017,nan
2024-08-07T14:59:29,82.828552,-98.553436,nan
2024-08-07T14:59:28,82.828568,-98.553856,nan
2024-08-07T14:59:28,82.828583,-98.554276,nan
2024-08-07T14:59:27,82.828590,-98.554688,nan
2024-08-07T14:59:27,82.828606,-98.555107,nan
2024-08-07T14:59:26,82.828621,-98.555527,nan
2024-08-07T14:59:26,82.828636,-98.555939,nan
2024-08-07T14:59:25,82.828651,-98.556366,nan
2024-08-07T14:59:25,82.828667,-98.556793,nan
2024-08-07T14:59:24,82.828682,-98.557228,nan
2024-08-07T14:59:24,82.828697,-98.557655,nan
2024-08-07T14:59:23,82.828712,-98.558083,nan
2024-08-07T14:59:23,82.828728,-98.558517,nan
2024-08-07T14:59:22,82.828743,-98.558952,nan
2024-08-07T14:59:22,82.828758,-98.559387,nan
2024-08-07T14:59:21,82.828773,-98.559814,nan
2024-08-07T14:59:21,82.828789,-98.560249,nan
2024-08-07T14:59:20,82.828804,-98.560684,nan
2024-08-07T14:59:20,82.828819,-98.561111,nan
2024-08-07T14:59:19,82.828835,-98.561546,nan
2024-08-07T14:59:19,82.828850,-98.561974,nan
2024-08-07T14:59:18,82.828865,-98.562401,nan
2024-08-07T14:59:18,82.828880,-98.562836,nan
2024-08-07T14:59:17,82.828896,-98.563263,nan
2024-08-07T14:59:17,82.828911,-98.563705,nan
2024-08-07T14:59:16,82.828918,-98.564140,nan
2024-08-07T14:59:16,82.828934,-98.564568,nan
2024-08-07T14:59:15,82.828949,-98.565002,nan
2024-08-07T14:59:15,82.828964,-98.565437,nan
2024-08-07T14:59:14,82.828979,-98.565872,nan
2024-08-07T14:59:14,82.828995,-98.566307,nan
2024-08-07T14:59:13,82.829002,-98.566750,nan
2024-08-07T14:59:13,82.829018,-98.567192,nan
2024-08-07T14:59:12,82.829033,-98.567627,nan
2024-08-07T14:59:12,82.829048,-98.568069,nan
2024-08-07T14:59:11,82.829071,-98.568512,nan
2024-08-07T14:59:11,82.829086,-98.568954,nan
2024-08-07T14:59:10,82.829102,-98.569397,nan
2024-08-07T14:59:10,82.829117,-98.569839,nan
2024-08-07T14:59:09,82.829140,-98.570290,nan
2024-08-07T14:59:09,82.829155,-98.570740,nan
2024-08-07T14:59:08,82.829170,-98.571182,nan
2024-08-07T14:59:08,82.829185,-98.571632,nan
2024-08-07T14:59:07,82.829208,-98.572090,nan
2024-08-07T14:59:07,82.829224,-98.572548,nan
2024-08-07T14:59:06,82.829239,-98.573006,nan
2024-08-07T14:59:06,82.829254,-98.573471,nan
2024-08-07T14:59:05,82.829277,-98.573929,nan
2024-08-07T14:59:05,82.829292,-98.574387,nan
2024-08-07T14:59:04,82.829308,-98.574844,nan
2024-08-07T14:59:04,82.829330,-98.575310,nan
2024-08-07T14:59:03,82.829346,-98.575775,nan
2024-08-07T14:59:03,82.829361,-98.576241,nan
2024-08-07T14:59:02,82.829376,-98.576706,nan
2024-08-07T14:59:02,82.829399,-98.577171,nan
2024-08-07T14:59:01,82.829414,-98.577629,nan
2024-08-07T14:59:01,82.829430,-98.578102,nan
2024-08-07T14:59:00,82.829445,-98.578568,nan
2024-08-07T14:59:00,82.829460,-98.579033,nan
2024-08-07T14:58:59,82.829475,-98.579498,nan
2024-08-07T14:58:59,82.829498,-98.579964,nan
2024-08-07T14:58:58,82.829514,-98.580437,nan
2024-08-07T14:58:58,82.829529,-98.580902,nan
2024-08-07T14:58:57,82.829544,-98.581360,nan
2024-08-07T14:58:57,82.829559,-98.581825,nan
2024-08-07T14:58:56,82.829575,-98.582291,nan
2024-08-07T14:58:56,82.829590,-98.582764,nan
2024-08-07T14:58:55,82.829605,-98.583237,nan
2024-08-07T14:58:55,82.829620,-98.583702,nan
2024-08-07T14:58:54,82.829636,-98.584175,nan
2024-08-07T14:58:54,82.829651,-98.584648,nan
2024-08-07T14:58:53,82.829666,-98.585114,nan
2024-08-07T14:58:53,82.829681,-98.585571,nan
2024-08-07T14:58:52,82.829697,-98.586044,nan
2024-08-07T14:58:52,82.829712,-98.586510,nan
2024-08-07T14:58:51,82.829720,-98.586983,nan
2024-08-07T14:58:51,82.829735,-98.587456,nan
2024-08-07T14:58:50,82.829750,-98.587929,nan
2024-08-07T14:58:50,82.829765,-98.588402,nan
2024-08-07T14:58:49,82.829781,-98.588875,nan
2024-08-07T14:58:49,82.829788,-98.589355,nan
2024-08-07T14:58:48,82.829803,-98.589828,nan
2024-08-07T14:58:48,82.829819,-98.590302,nan
2024-08-07T14:58:47,82.829834,-98.590775,nan
2024-08-07T14:58:47,82.829849,-98.591248,nan
2024-08-07T14:58:46,82.829865,-98.591721,nan
2024-08-07T14:58:46,82.829880,-98.592194,nan
2024-08-07T14:58:45,82.829895,-98.592667,nan
2024-08-07T14:58:45,82.829910,-98.593140,nan
2024-08-07T14:58:44,82.829926,-98.593605,nan
2024-08-07T14:58:44,82.829941,-98.594070,nan
2024-08-07T14:58:43,82.829956,-98.594536,nan
2024-08-07T14:58:43,82.829971,-98.595001,nan
2024-08-07T14:58:42,82.829987,-98.595459,nan
2024-08-07T14:58:42,82.830002,-98.595917,nan
2024-08-07T14:58:41,82.830017,-98.596382,nan
2024-08-07T14:58:41,82.830032,-98.596840,nan
2024-08-07T14:58:40,82.830048,-98.597298,nan
2024-08-07T14:58:40,82.830055,-98.597763,nan
2024-08-07T14:58:39,82.830070,-98.598228,nan
2024-08-07T14:58:39,82.830086,-98.598701,nan
2024-08-07T14:58:38,82.830101,-98.599174,nan
2024-08-07T14:58:38,82.830116,-98.599655,nan
2024-08-07T14:58:37,82.830124,-98.600128,nan
2024-08-07T14:58:37,82.830139,-98.600601,nan
2024-08-07T14:58:36,82.830154,-98.601074,nan
2024-08-07T14:58:36,82.830170,-98.601547,nan
2024-08-07T14:58:35,82.830177,-98.602020,nan
2024-08-07T14:58:35,82.830193,-98.602486,nan
2024-08-07T14:58:34,82.830208,-98.602959,nan
2024-08-07T14:58:34,82.830223,-98.603432,nan
2024-08-07T14:58:33,82.830231,-98.603905,nan
2024-08-07T14:58:33,82.830246,-98.604370,nan
2024-08-07T14:58:32,82.830269,-98.605309,nan
2024-08-07T14:58:31,82.830284,-98.605782,nan
2024-08-07T14:58:31,82.830299,-98.606239,nan
2024-08-07T14:58:30,82.830315,-98.606712,nan
2024-08-07T14:58:30,82.830322,-98.607178,nan
2024-08-07T14:58:29,82.830338,-98.607643,nan
2024-08-07T14:58:29,82.830353,-98.608109,nan
2024-08-07T14:58:28,82.830368,-98.608574,nan
2024-08-07T14:58:28,82.830383,-98.609047,nan
2024-08-07T14:58:27,82.830399,-98.609512,nan
2024-08-07T14:58:27,82.830406,-98.609985,nan
2024-08-07T14:58:26,82.830421,-98.610451,nan
2024-08-07T14:58:26,82.830437,-98.610924,nan
2024-08-07T14:58:25,82.830452,-98.611389,nan
2024-08-07T14:58:25,82.830467,-98.611855,nan
2024-08-07T14:58:24,82.830475,-98.612335,nan
2024-08-07T14:58:24,82.830490,-98.612801,nan
2024-08-07T14:58:23,82.830505,-98.613274,nan
2024-08-07T14:58:23,82.830521,-98.613747,nan
2024-08-07T14:58:22,82.830536,-98.614212,nan
2024-08-07T14:58:22,82.830544,-98.614685,nan
2024-08-07T14:58:21,82.830559,-98.615158,nan
2024-08-07T14:58:21,82.830574,-98.615631,nan
2024-08-07T14:58:20,82.830589,-98.616104,nan
2024-08-07T14:58:20,82.830605,-98.616585,nan
2024-08-07T14:58:19,82.830620,-98.617073,nan
2024-08-07T14:58:19,82.830635,-98.617561,nan
2024-08-07T14:58:18,82.830650,-98.618050,nan
2024-08-07T14:58:18,82.830666,-98.618546,nan
2024-08-07T14:58:17,82.830673,-98.619041,nan
2024-08-07T14:58:17,82.830688,-98.619537,nan
2024-08-07T14:58:16,82.830704,-98.620026,nan
2024-08-07T14:58:16,82.830719,-98.620522,nan
2024-08-07T14:58:15,82.830734,-98.621010,nan
2024-08-07T14:58:15,82.830750,-98.621490,nan
2024-08-07T14:58:14,82.830765,-98.621986,nan
2024-08-07T14:58:14,82.830780,-98.622475,nan
2024-08-07T14:58:13,82.830795,-98.622971,nan
2024-08-07T14:58:13,82.830811,-98.623466,nan
2024-08-07T14:58:12,82.830826,-98.623970,nan
2024-08-07T14:58:12,82.830841,-98.624466,nan
2024-08-07T14:58:11,82.830864,-98.624969,nan
2024-08-07T14:58:11,82.830879,-98.625481,nan
2024-08-07T14:58:10,82.830894,-98.625999,nan
2024-08-07T14:58:10,82.830910,-98.626511,nan
2024-08-07T14:58:09,82.830933,-98.627029,nan
2024-08-07T14:58:09,82.830948,-98.627556,nan
2024-08-07T14:58:08,82.830971,-98.628075,nan
2024-08-07T14:58:08,82.830986,-98.628593,nan
2024-08-07T14:58:07,82.831001,-98.629120,nan
2024-08-07T14:58:07,82.831024,-98.629646,nan
2024-08-07T14:58:06,82.831039,-98.630157,nan
2024-08-07T14:58:06,82.831062,-98.630669,nan
2024-08-07T14:58:05,82.831085,-98.631187,nan
2024-08-07T14:58:05,82.831100,-98.631699,nan
2024-08-07T14:58:04,82.831123,-98.632195,nan
2024-08-07T14:58:04,82.831146,-98.632690,nan
2024-08-07T14:58:03,82.831169,-98.633186,nan
2024-08-07T14:58:03,82.831184,-98.633675,nan
2024-08-07T14:58:02,82.831207,-98.634171,nan
2024-08-07T14:58:02,82.831230,-98.634659,nan
2024-08-07T14:58:01,82.831253,-98.635155,nan
2024-08-07T14:58:01,82.831276,-98.635651,nan
2024-08-07T14:58:00,82.831306,-98.636139,nan
2024-08-07T14:58:00,82.831329,-98.636635,nan
2024-08-07T14:57:59,82.831352,-98.637131,nan
2024-08-07T14:57:59,82.831375,-98.637627,nan
2024-08-07T14:57:58,82.831398,-98.638130,nan
2024-08-07T14:57:58,82.831429,-98.638634,nan
2024-08-07T14:57:57,82.831451,-98.639145,nan
2024-08-07T14:57:57,82.831474,-98.639664,nan
2024-08-07T14:57:56,82.831505,-98.640175,nan
2024-08-07T14:57:56,82.831528,-98.640686,nan
2024-08-07T14:57:55,82.831551,-98.641197,nan
2024-08-07T14:57:55,82.831581,-98.641716,nan
2024-08-07T14:57:54,82.831604,-98.642227,nan
2024-08-07T14:57:54,82.831635,-98.642738,nan
2024-08-07T14:57:53,82.831657,-98.643250,nan
2024-08-07T14:57:53,82.831688,-98.643753,nan
2024-08-07T14:57:52,82.831711,-98.644264,nan
2024-08-07T14:57:52,82.831741,-98.644775,nan
2024-08-07T14:57:51,82.831764,-98.645294,nan
2024-08-07T14:57:51,82.831787,-98.645821,nan
2024-08-07T14:57:50,82.831818,-98.646347,nan
2024-08-07T14:57:50,82.831841,-98.646873,nan
2024-08-07T14:57:49,82.831871,-98.647400,nan
2024-08-07T14:57:49,82.831894,-98.647926,nan
2024-08-07T14:57:48,82.831924,-98.648460,nan
2024-08-07T14:57:48,82.831955,-98.648994,nan
2024-08-07T14:57:47,82.831985,-98.649529,nan
2024-08-07T14:57:47,82.832008,-98.650070,nan
2024-08-07T14:57:46,82.832039,-98.650612,nan
2024-08-07T14:57:46,82.832069,-98.651161,nan
2024-08-07T14:57:45,82.832100,-98.651718,nan
2024-08-07T14:57:45,82.832130,-98.652283,nan
2024-08-07T14:57:44,82.832161,-98.652855,nan
2024-08-07T14:57:44,82.832191,-98.653427,nan
2024-08-07T14:57:43,82.832222,-98.654015,nan
2024-08-07T14:57:43,82.832253,-98.654594,nan
2024-08-07T14:57:42,82.832283,-98.655197,nan
2024-08-07T14:57:42,82.832314,-98.655800,nan
2024-08-07T14:57:41,82.832344,-98.656403,nan
2024-08-07T14:57:41,82.832367,-98.657005,nan
2024-08-07T14:57:40,82.832397,-98.657623,nan
2024-08-07T14:57:40,82.832420,-98.658234,nan
2024-08-07T14:57:39,82.832451,-98.658844,nan
2024-08-07T14:57:39,82.832481,-98.659454,nan
2024-08-07T14:57:38,82.832504,-98.660065,nan
2024-08-07T14:57:38,82.832535,-98.660667,nan
2024-08-07T14:57:37,82.832558,-98.661270,nan
2024-08-07T14:57:37,82.832588,-98.661880,nan
2024-08-07T14:57:36,82.832611,-98.662491,nan
2024-08-07T14:57:36,82.832642,-98.663101,nan
2024-08-07T14:57:35,82.832664,-98.663719,nan
2024-08-07T14:57:35,82.832695,-98.664330,nan
2024-08-07T14:57:34,82.832718,-98.664940,nan
2024-08-07T14:57:34,82.832748,-98.665535,nan
2024-08-07T14:57:33,82.832771,-98.666138,nan
2024-08-07T14:57:33,82.832794,-98.666740,nan
2024-08-07T14:57:32,82.832825,-98.667336,nan
2024-08-07T14:57:32,82.832848,-98.667931,nan
2024-08-07T14:57:31,82.832878,-98.668533,nan
2024-08-07T14:57:31,82.832901,-98.669136,nan
2024-08-07T14:57:30,82.832924,-98.669731,nan
2024-08-07T14:57:30,82.832954,-98.670319,nan
2024-08-07T14:57:29,82.832977,-98.670921,nan
2024-08-07T14:57:29,82.833008,-98.671524,nan
2024-08-07T14:57:28,82.833031,-98.672127,nan
2024-08-07T14:57:28,82.833061,-98.672737,nan
2024-08-07T14:57:27,82.833092,-98.673340,nan
2024-08-07T14:57:27,82.833115,-98.673950,nan
2024-08-07T14:57:26,82.833145,-98.674568,nan
2024-08-07T14:57:26,82.833168,-98.675179,nan
2024-08-07T14:57:25,82.833199,-98.675797,nan
2024-08-07T14:57:25,82.833221,-98.676422,nan
2024-08-07T14:57:24,82.833252,-98.677048,nan
2024-08-07T14:57:24,82.833282,-98.677673,nan
2024-08-07T14:57:23,82.833313,-98.678299,nan
2024-08-07T14:57:23,82.833344,-98.678932,nan
2024-08-07T14:57:22,82.833366,-98.679573,nan
2024-08-07T14:57:22,82.833405,-98.680214,nan
2024-08-07T14:57:21,82.833435,-98.680870,nan
2024-08-07T14:57:21,82.833466,-98.681526,nan
2024-08-07T14:57:20,82.833496,-98.682175,nan
2024-08-07T14:57:20,82.833527,-98.682831,nan
2024-08-07T14:57:19,82.833565,-98.683487,nan
2024-08-07T14:57:19,82.833595,-98.684143,nan
2024-08-07T14:57:18,82.833626,-98.684807,nan
2024-08-07T14:57:18,82.833656,-98.685471,nan
2024-08-07T14:57:17,82.833687,-98.686134,nan
2024-08-07T14:57:17,82.833717,-98.686806,nan
2024-08-07T14:57:16,82.833748,-98.687469,nan
2024-08-07T14:57:16,82.833786,-98.688133,nan
2024-08-07T14:57:15,82.833817,-98.688805,nan
2024-08-07T14:57:15,82.833847,-98.689476,nan
2024-08-07T14:57:14,82.833878,-98.690140,nan
2024-08-07T14:57:14,82.833916,-98.690804,nan
2024-08-07T14:57:13,82.833946,-98.691467,nan
2024-08-07T14:57:13,82.833977,-98.692146,nan
2024-08-07T14:57:12,82.834015,-98.692818,nan
2024-08-07T14:57:12,82.834045,-98.693497,nan
2024-08-07T14:57:11,82.834076,-98.694176,nan
2024-08-07T14:57:11,82.834106,-98.694855,nan
2024-08-07T14:57:10,82.834145,-98.695534,nan
2024-08-07T14:57:10,82.834175,-98.696205,nan
2024-08-07T14:57:09,82.834206,-98.696884,nan
2024-08-07T14:57:09,82.834244,-98.697563,nan
2024-08-07T14:57:08,82.834274,-98.698242,nan
2024-08-07T14:57:08,82.834305,-98.698929,nan
2024-08-07T14:57:07,82.834343,-98.699608,nan
2024-08-07T14:57:07,82.834373,-98.700287,nan
2024-08-07T14:57:06,82.834412,-98.700974,nan
2024-08-07T14:57:06,82.834442,-98.701668,nan
2024-08-07T14:57:05,82.834473,-98.702370,nan
2024-08-07T14:57:05,82.834511,-98.703056,nan
2024-08-07T14:57:04,82.834541,-98.703751,nan
2024-08-07T14:57:04,82.834579,-98.704453,nan
2024-08-07T14:57:03,82.834610,-98.705147,nan
2024-08-07T14:57:03,82.834641,-98.705849,nan
2024-08-07T14:57:02,82.834679,-98.706558,nan
2024-08-07T14:57:02,82.834709,-98.707260,nan
2024-08-07T14:57:01,82.834747,-98.707962,nan
2024-08-07T14:57:01,82.834778,-98.708664,nan
2024-08-07T14:57:00,82.834808,-98.709373,nan
2024-08-07T14:57:00,82.834839,-98.710075,nan
2024-08-07T14:56:59,82.834877,-98.710777,nan
2024-08-07T14:56:59,82.834908,-98.711487,nan
2024-08-07T14:56:58,82.834938,-98.712196,nan
2024-08-07T14:56:58,82.834976,-98.712906,nan
2024-08-07T14:56:57,82.835007,-98.713615,nan
2024-08-07T14:56:57,82.835037,-98.714333,nan
2024-08-07T14:56:56,82.835075,-98.715057,nan
2024-08-07T14:56:56,82.835106,-98.715775,nan
2024-08-07T14:56:55,82.835144,-98.716484,nan
2024-08-07T14:56:55,82.835175,-98.717194,nan
2024-08-07T14:56:54,82.835205,-98.717911,nan
2024-08-07T14:56:54,82.835236,-98.718628,nan
2024-08-07T14:56:53,82.835274,-98.719360,nan
2024-08-07T14:56:53,82.835297,-98.720093,nan
2024-08-07T14:56:52,82.835335,-98.720818,nan
2024-08-07T14:56:52,82.835365,-98.721542,nan
2024-08-07T14:56:51,82.835396,-98.722275,nan
2024-08-07T14:56:51,82.835419,-98.722992,nan
2024-08-07T14:56:50,82.835449,-98.723717,nan
2024-08-07T14:56:50,82.835480,-98.724442,nan
2024-08-07T14:56:49,82.835510,-98.725166,nan
2024-08-07T14:56:49,82.835533,-98.725891,nan
2024-08-07T14:56:48,82.835564,-98.726616,nan
2024-08-07T14:56:48,82.835594,-98.727341,nan
2024-08-07T14:56:47,82.835625,-98.728081,nan
2024-08-07T14:56:47,82.835648,-98.728806,nan
2024-08-07T14:56:46,82.835678,-98.729523,nan
2024-08-07T14:56:46,82.835709,-98.730255,nan
2024-08-07T14:56:45,82.835739,-98.730980,nan
2024-08-07T14:56:45,82.835762,-98.731712,nan
2024-08-07T14:56:44,82.835793,-98.732452,nan
2024-08-07T14:56:44,82.835823,-98.733192,nan
2024-08-07T14:56:43,82.835846,-98.733925,nan
2024-08-07T14:56:43,82.835876,-98.734657,nan
2024-08-07T14:56:42,82.835899,-98.735390,nan
2024-08-07T14:56:42,82.835930,-98.736115,nan
2024-08-07T14:56:41,82.835953,-98.736847,nan
2024-08-07T14:56:41,82.835983,-98.737579,nan
2024-08-07T14:56:40,82.836006,-98.738304,nan
2024-08-07T14:56:40,82.836037,-98.739037,nan
2024-08-07T14:56:39,82.836060,-98.739777,nan
2024-08-07T14:56:39,82.836090,-98.740517,nan
2024-08-07T14:56:38,82.836121,-98.741257,nan
2024-08-07T14:56:38,82.836143,-98.741997,nan
2024-08-07T14:56:37,82.836174,-98.742737,nan
2024-08-07T14:56:37,82.836205,-98.743469,nan
2024-08-07T14:56:36,82.836227,-98.744209,nan
2024-08-07T14:56:36,82.836258,-98.744949,nan
2024-08-07T14:56:35,82.836288,-98.745689,nan
2024-08-07T14:56:35,82.836311,-98.746429,nan
2024-08-07T14:56:34,82.836342,-98.747154,nan
2024-08-07T14:56:34,82.836372,-98.747879,nan
2024-08-07T14:56:33,82.836395,-98.748596,nan
2024-08-07T14:56:33,82.836426,-98.749321,nan
2024-08-07T14:56:32,82.836456,-98.750038,nan
2024-08-07T14:56:32,82.836479,-98.750755,nan
2024-08-07T14:56:31,82.836510,-98.751480,nan
2024-08-07T14:56:31,82.836540,-98.752213,nan
2024-08-07T14:56:30,82.836563,-98.752945,nan
2024-08-07T14:56:30,82.836594,-98.753677,nan
2024-08-07T14:56:29,82.836617,-98.754410,nan
2024-08-07T14:56:29,82.836639,-98.755157,nan
2024-08-07T14:56:28,82.836662,-98.755905,nan
2024-08-07T14:56:28,82.836693,-98.756660,nan
2024-08-07T14:56:27,82.836716,-98.757408,nan
2024-08-07T14:56:27,82.836739,-98.758156,nan
2024-08-07T14:56:26,82.836761,-98.758904,nan
2024-08-07T14:56:26,82.836784,-98.759659,nan
2024-08-07T14:56:25,82.836807,-98.760406,nan
2024-08-07T14:56:25,82.836838,-98.761162,nan
2024-08-07T14:56:24,82.836861,-98.761909,nan
2024-08-07T14:56:24,82.836891,-98.762665,nan
2024-08-07T14:56:23,82.836922,-98.763420,nan
2024-08-07T14:56:23,82.836945,-98.764168,nan
2024-08-07T14:56:22,82.836975,-98.764923,nan
2024-08-07T14:56:22,82.837006,-98.765686,nan
2024-08-07T14:56:21,82.837029,-98.766441,nan
2024-08-07T14:56:21,82.837067,-98.767197,nan
2024-08-07T14:56:20,82.837097,-98.767952,nan
2024-08-07T14:56:20,82.837128,-98.768715,nan
2024-08-07T14:56:19,82.837158,-98.769478,nan
2024-08-07T14:56:19,82.837189,-98.770241,nan
2024-08-07T14:56:18,82.837219,-98.771011,nan
2024-08-07T14:56:18,82.837250,-98.771774,nan
2024-08-07T14:56:17,82.837280,-98.772537,nan
2024-08-07T14:56:17,82.837311,-98.773300,nan
2024-08-07T14:56:16,82.837341,-98.774055,nan
2024-08-07T14:56:16,82.837372,-98.774818,nan
2024-08-07T14:56:15,82.837402,-98.775581,nan
2024-08-07T14:56:15,82.837433,-98.776344,nan
2024-08-07T14:56:14,82.837463,-98.777107,nan
2024-08-07T14:56:14,82.837494,-98.777878,nan
2024-08-07T14:56:13,82.837524,-98.778633,nan
2024-08-07T14:56:13,82.837547,-98.779396,nan
2024-08-07T14:56:12,82.837578,-98.780167,nan
2024-08-07T14:56:12,82.837608,-98.780930,nan
2024-08-07T14:56:11,82.837639,-98.781685,nan
2024-08-07T14:56:11,82.837669,-98.782455,nan
2024-08-07T14:56:10,82.837700,-98.783218,nan
2024-08-07T14:56:10,82.837730,-98.783989,nan
2024-08-07T14:56:09,82.837761,-98.784752,nan
2024-08-07T14:56:09,82.837799,-98.785515,nan
2024-08-07T14:56:08,82.837830,-98.786293,nan
2024-08-07T14:56:08,82.837860,-98.787064,nan
2024-08-07T14:56:07,82.837891,-98.787842,nan
2024-08-07T14:56:07,82.837921,-98.788620,nan
2024-08-07T14:56:06,82.837959,-98.789406,nan
2024-08-07T14:56:06,82.837990,-98.790184,nan
2024-08-07T14:56:05,82.838020,-98.790962,nan
2024-08-07T14:56:05,82.838058,-98.791756,nan
2024-08-07T14:56:04,82.838089,-98.792549,nan
2024-08-07T14:56:04,82.838127,-98.793350,nan
2024-08-07T14:56:03,82.838165,-98.794151,nan
2024-08-07T14:56:03,82.838196,-98.794945,nan
2024-08-07T14:56:02,82.838234,-98.795738,nan
2024-08-07T14:56:02,82.838264,-98.796532,nan
2024-08-07T14:56:01,82.838303,-98.797325,nan
2024-08-07T14:56:01,82.838333,-98.798119,nan
2024-08-07T14:56:00,82.838402,-98.799706,nan
2024-08-07T14:55:59,82.838440,-98.800507,nan
2024-08-07T14:55:59,82.838478,-98.801308,nan
2024-08-07T14:55:58,82.838509,-98.802116,nan
2024-08-07T14:55:58,82.838547,-98.802910,nan
2024-08-07T14:55:57,82.838585,-98.803719,nan
2024-08-07T14:55:57,82.838615,-98.804520,nan
2024-08-07T14:55:56,82.838654,-98.805313,nan
2024-08-07T14:55:56,82.838684,-98.806114,nan
2024-08-07T14:55:55,82.838722,-98.806908,nan
2024-08-07T14:55:55,82.838753,-98.807701,nan
2024-08-07T14:55:54,82.838791,-98.808495,nan
2024-08-07T14:55:54,82.838829,-98.809288,nan
2024-08-07T14:55:53,82.838860,-98.810089,nan
2024-08-07T14:55:53,82.838898,-98.810905,nan
2024-08-07T14:55:52,82.838928,-98.811722,nan
2024-08-07T14:55:52,82.838966,-98.812531,nan
2024-08-07T14:55:51,82.839005,-98.813354,nan
2024-08-07T14:55:51,82.839035,-98.814171,nan
2024-08-07T14:55:50,82.839073,-98.814995,nan
2024-08-07T14:55:50,82.839104,-98.815804,nan
2024-08-07T14:55:49,82.839134,-98.816620,nan
2024-08-07T14:55:49,82.839172,-98.817436,nan
2024-08-07T14:55:48,82.839203,-98.818268,nan
2024-08-07T14:55:48,82.839233,-98.819092,nan
2024-08-07T14:55:47,82.839264,-98.819916,nan
2024-08-07T14:55:47,82.839294,-98.820747,nan
2024-08-07T14:55:46,82.839333,-98.821579,nan
2024-08-07T14:55:46,82.839363,-98.822411,nan
2024-08-07T14:55:45,82.839394,-98.823242,nan
2024-08-07T14:55:45,82.839424,-98.824066,nan
2024-08-07T14:55:44,82.839455,-98.824898,nan
2024-08-07T14:55:44,82.839493,-98.825729,nan
2024-08-07T14:55:43,82.839523,-98.826561,nan
2024-08-07T14:55:43,82.839554,-98.827393,nan
2024-08-07T14:55:42,82.839584,-98.828232,nan
2024-08-07T14:55:42,82.839615,-98.829063,nan
2024-08-07T14:55:41,82.839653,-98.829910,nan
2024-08-07T14:55:41,82.839684,-98.830757,nan
2024-08-07T14:55:40,82.839714,-98.831604,nan
2024-08-07T14:55:40,82.839745,-98.832451,nan
2024-08-07T14:55:39,82.839775,-98.833290,nan
2024-08-07T14:55:39,82.839806,-98.834129,nan
2024-08-07T14:55:38,82.839836,-98.834976,nan
2024-08-07T14:55:38,82.839867,-98.835823,nan
2024-08-07T14:55:37,82.839897,-98.836678,nan
2024-08-07T14:55:37,82.839935,-98.837540,nan
2024-08-07T14:55:36,82.839966,-98.838402,nan
2024-08-07T14:55:36,82.840004,-98.839272,nan
2024-08-07T14:55:35,82.840034,-98.840141,nan
2024-08-07T14:55:35,82.840073,-98.841019,nan
2024-08-07T14:55:34,82.840111,-98.841896,nan
2024-08-07T14:55:34,82.840141,-98.842789,nan
2024-08-07T14:55:33,82.840179,-98.843681,nan
2024-08-07T14:55:33,82.840218,-98.844582,nan
2024-08-07T14:55:32,82.840248,-98.845482,nan
2024-08-07T14:55:32,82.840286,-98.846382,nan
2024-08-07T14:55:31,82.840324,-98.847275,nan
2024-08-07T14:55:31,82.840363,-98.848160,nan
2024-08-07T14:55:30,82.840401,-98.849045,nan
2024-08-07T14:55:30,82.840431,-98.849922,nan
2024-08-07T14:55:29,82.840469,-98.850800,nan
2024-08-07T14:55:29,82.840508,-98.851677,nan
2024-08-07T14:55:28,82.840546,-98.852554,nan
2024-08-07T14:55:28,82.840584,-98.853447,nan
2024-08-07T14:55:27,82.840622,-98.854347,nan
2024-08-07T14:55:27,82.840660,-98.855240,nan
2024-08-07T14:55:26,82.840698,-98.856148,nan
2024-08-07T14:55:26,82.840736,-98.857048,nan
2024-08-07T14:55:25,82.840775,-98.857941,nan
2024-08-07T14:55:25,82.840813,-98.858841,nan
2024-08-07T14:55:24,82.840851,-98.859741,nan
2024-08-07T14:55:24,82.840889,-98.860634,nan
2024-08-07T14:55:23,82.840927,-98.861534,nan
2024-08-07T14:55:23,82.840973,-98.862434,nan
2024-08-07T14:55:22,82.841011,-98.863335,nan
2024-08-07T14:55:22,82.841049,-98.864227,nan
2024-08-07T14:55:21,82.841095,-98.865128,nan
2024-08-07T14:55:21,82.841133,-98.866035,nan
2024-08-07T14:55:20,82.841179,-98.866943,nan
2024-08-07T14:55:20,82.841217,-98.867844,nan
2024-08-07T14:55:19,82.841255,-98.868736,nan
2024-08-07T14:55:19,82.841301,-98.869629,nan
2024-08-07T14:55:18,82.841339,-98.870529,nan
2024-08-07T14:55:18,82.841377,-98.871429,nan
2024-08-07T14:55:17,82.841415,-98.872337,nan
2024-08-07T14:55:17,82.841454,-98.873253,nan
2024-08-07T14:55:16,82.841499,-98.874168,nan
2024-08-07T14:55:16,82.841537,-98.875099,nan
2024-08-07T14:55:15,82.841576,-98.876030,nan
2024-08-07T14:55:15,82.841614,-98.876961,nan
2024-08-07T14:55:14,82.841660,-98.877899,nan
2024-08-07T14:55:14,82.841698,-98.878838,nan
2024-08-07T14:55:13,82.841736,-98.879768,nan
2024-08-07T14:55:13,82.841774,-98.880692,nan
2024-08-07T14:55:12,82.841820,-98.881607,nan
2024-08-07T14:55:12,82.841858,-98.882523,nan
2024-08-07T14:55:11,82.841904,-98.883438,nan
2024-08-07T14:55:11,82.841942,-98.884354,nan
2024-08-07T14:55:10,82.841988,-98.885277,nan
2024-08-07T14:55:10,82.842033,-98.886192,nan
2024-08-07T14:55:09,82.842079,-98.887115,nan
2024-08-07T14:55:09,82.842117,-98.888039,nan
2024-08-07T14:55:08,82.842163,-98.888962,nan
2024-08-07T14:55:08,82.842201,-98.889885,nan
2024-08-07T14:55:07,82.842247,-98.890816,nan
2024-08-07T14:55:07,82.842293,-98.891747,nan
2024-08-07T14:55:06,82.842339,-98.892670,nan
2024-08-07T14:55:06,82.842384,-98.893600,nan
2024-08-07T14:55:05,82.842422,-98.894531,nan
2024-08-07T14:55:05,82.842468,-98.895470,nan
2024-08-07T14:55:04,82.842514,-98.896400,nan
2024-08-07T14:55:04,82.842560,-98.897331,nan
2024-08-07T14:55:03,82.842598,-98.898262,nan
2024-08-07T14:55:03,82.842644,-98.899185,nan
2024-08-07T14:55:02,82.842690,-98.900108,nan
2024-08-07T14:55:02,82.842728,-98.901039,nan
2024-08-07T14:55:01,82.842773,-98.901970,nan
2024-08-07T14:55:01,82.842819,-98.902908,nan
2024-08-07T14:55:00,82.842857,-98.903839,nan
2024-08-07T14:55:00,82.842903,-98.904770,nan
2024-08-07T14:54:59,82.842949,-98.905693,nan
2024-08-07T14:54:59,82.842987,-98.906624,nan
2024-08-07T14:54:58,82.843033,-98.907562,nan
2024-08-07T14:54:58,82.843079,-98.908493,nan
2024-08-07T14:54:57,82.843124,-98.909424,nan
2024-08-07T14:54:57,82.843170,-98.910347,nan
2024-08-07T14:54:56,82.843208,-98.911278,nan
2024-08-07T14:54:56,82.843254,-98.912201,nan
2024-08-07T14:54:55,82.843300,-98.913132,nan
2024-08-07T14:54:55,82.843346,-98.914062,nan
2024-08-07T14:54:54,82.843391,-98.914986,nan
2024-08-07T14:54:54,82.843437,-98.915909,nan
2024-08-07T14:54:53,82.843483,-98.916847,nan
2024-08-07T14:54:53,82.843529,-98.917786,nan
2024-08-07T14:54:52,82.843575,-98.918716,nan
2024-08-07T14:54:52,82.843613,-98.919655,nan
2024-08-07T14:54:51,82.843658,-98.920593,nan
2024-08-07T14:54:51,82.843704,-98.921539,nan
2024-08-07T14:54:50,82.843742,-98.922478,nan
2024-08-07T14:54:50,82.843788,-98.923416,nan
2024-08-07T14:54:49,82.843826,-98.924355,nan
2024-08-07T14:54:49,82.843864,-98.925301,nan
2024-08-07T14:54:48,82.843903,-98.926254,nan
2024-08-07T14:54:48,82.843941,-98.927200,nan
2024-08-07T14:54:47,82.843987,-98.928146,nan
2024-08-07T14:54:47,82.844025,-98.929100,nan
2024-08-07T14:54:46,82.844070,-98.930054,nan
2024-08-07T14:54:46,82.844109,-98.931007,nan
2024-08-07T14:54:45,82.844154,-98.931969,nan
2024-08-07T14:54:45,82.844193,-98.932938,nan
2024-08-07T14:54:44,82.844238,-98.933907,nan
2024-08-07T14:54:44,82.844276,-98.934883,nan
2024-08-07T14:54:43,82.844322,-98.935852,nan
2024-08-07T14:54:43,82.844368,-98.936821,nan
2024-08-07T14:54:42,82.844406,-98.937790,nan
2024-08-07T14:54:42,82.844452,-98.938759,nan
2024-08-07T14:54:41,82.844490,-98.939735,nan
2024-08-07T14:54:41,82.844536,-98.940712,nan
2024-08-07T14:54:40,82.844582,-98.941696,nan
2024-08-07T14:54:40,82.844620,-98.942673,nan
2024-08-07T14:54:39,82.844666,-98.943649,nan
2024-08-07T14:54:39,82.844704,-98.944633,nan
2024-08-07T14:54:38,82.844749,-98.945625,nan
2024-08-07T14:54:38,82.844795,-98.946617,nan
2024-08-07T14:54:37,82.844833,-98.947624,nan
2024-08-07T14:54:37,82.844879,-98.948624,nan
2024-08-07T14:54:36,82.844925,-98.949631,nan
2024-08-07T14:54:36,82.844971,-98.950638,nan
2024-08-07T14:54:35,82.845009,-98.951653,nan
2024-08-07T14:54:35,82.845055,-98.952675,nan
2024-08-07T14:54:34,82.845093,-98.953697,nan
2024-08-07T14:54:34,82.845139,-98.954727,nan
2024-08-07T14:54:33,82.845184,-98.955757,nan
2024-08-07T14:54:33,82.845222,-98.956795,nan
2024-08-07T14:54:32,82.845268,-98.957840,nan
2024-08-07T14:54:32,82.845306,-98.958885,nan
2024-08-07T14:54:31,82.845345,-98.959930,nan
2024-08-07T14:54:31,82.845390,-98.960968,nan
2024-08-07T14:54:30,82.845436,-98.962006,nan
2024-08-07T14:54:30,82.845474,-98.963051,nan
2024-08-07T14:54:29,82.845520,-98.964104,nan
2024-08-07T14:54:29,82.845566,-98.965164,nan
2024-08-07T14:54:28,82.845604,-98.966217,nan
2024-08-07T14:54:28,82.845642,-98.967270,nan
2024-08-07T14:54:27,82.845688,-98.968338,nan
2024-08-07T14:54:27,82.845726,-98.969414,nan
2024-08-07T14:54:26,82.845772,-98.970497,nan
2024-08-07T14:54:26,82.845818,-98.971588,nan
2024-08-07T14:54:25,82.845856,-98.972664,nan
2024-08-07T14:54:25,82.845901,-98.973740,nan
2024-08-07T14:54:24,82.845947,-98.974815,nan
2024-08-07T14:54:24,82.845985,-98.975891,nan
2024-08-07T14:54:23,82.846031,-98.976959,nan
2024-08-07T14:54:23,82.846077,-98.978035,nan
2024-08-07T14:54:22,82.846123,-98.979118,nan
2024-08-07T14:54:22,82.846169,-98.980209,nan
2024-08-07T14:54:21,82.846214,-98.981293,nan
2024-08-07T14:54:21,82.846260,-98.982368,nan
2024-08-07T14:54:20,82.846313,-98.983437,nan
2024-08-07T14:54:20,82.846359,-98.984520,nan
2024-08-07T14:54:19,82.846413,-98.985603,nan
2024-08-07T14:54:19,82.846458,-98.986687,nan
2024-08-07T14:54:18,82.846512,-98.987778,nan
2024-08-07T14:54:18,82.846558,-98.988876,nan
2024-08-07T14:54:17,82.846603,-98.989990,nan
2024-08-07T14:54:17,82.846657,-98.991104,nan
2024-08-07T14:54:16,82.846703,-98.992210,nan
2024-08-07T14:54:16,82.846756,-98.993309,nan
2024-08-07T14:54:15,82.846802,-98.994400,nan
2024-08-07T14:54:15,82.846855,-98.995491,nan
2024-08-07T14:54:14,82.846909,-98.996590,nan
2024-08-07T14:54:14,82.846954,-98.997681,nan
2024-08-07T14:54:13,82.847008,-98.998779,nan
2024-08-07T14:54:13,82.847054,-98.999878,nan
2024-08-07T14:54:12,82.847099,-99.000992,nan
2024-08-07T14:54:12,82.847153,-99.002113,nan
2024-08-07T14:54:11,82.847198,-99.003227,nan
2024-08-07T14:54:11,82.847252,-99.004349,nan
2024-08-07T14:54:10,82.847298,-99.005486,nan
2024-08-07T14:54:10,82.847343,-99.006630,nan
2024-08-07T14:54:09,82.847397,-99.007790,nan
2024-08-07T14:54:09,82.847450,-99.008957,nan
2024-08-07T14:54:08,82.847496,-99.010124,nan
2024-08-07T14:54:08,82.847549,-99.011276,nan
2024-08-07T14:54:07,82.847595,-99.012428,nan
2024-08-07T14:54:07,82.847649,-99.013580,nan
2024-08-07T14:54:06,82.847702,-99.014740,nan
2024-08-07T14:54:06,82.847748,-99.015907,nan
2024-08-07T14:54:05,82.847801,-99.017082,nan
2024-08-07T14:54:05,82.847855,-99.018257,nan
2024-08-07T14:54:04,82.847900,-99.019440,nan
2024-08-07T14:54:04,82.847954,-99.020607,nan
2024-08-07T14:54:03,82.848000,-99.021767,nan
2024-08-07T14:54:03,82.848053,-99.022926,nan
2024-08-07T14:54:02,82.848106,-99.024094,nan
2024-08-07T14:54:02,82.848152,-99.025261,nan
2024-08-07T14:54:01,82.848198,-99.026436,nan
2024-08-07T14:54:01,82.848251,-99.027618,nan
2024-08-07T14:54:00,82.848297,-99.028793,nan
2024-08-07T14:54:00,82.848351,-99.029961,nan
2024-08-07T14:53:59,82.848396,-99.031128,nan
2024-08-07T14:53:59,82.848450,-99.032295,nan
2024-08-07T14:53:58,82.848495,-99.033478,nan
2024-08-07T14:53:58,82.848549,-99.034668,nan
2024-08-07T14:53:57,82.848595,-99.035866,nan
2024-08-07T14:53:57,82.848648,-99.037056,nan
2024-08-07T14:53:56,82.848694,-99.038246,nan
2024-08-07T14:53:56,82.848747,-99.039429,nan
2024-08-07T14:53:55,82.848793,-99.040611,nan
2024-08-07T14:53:55,82.848846,-99.041801,nan
2024-08-07T14:53:54,82.848892,-99.042992,nan
2024-08-07T14:53:54,82.848946,-99.044182,nan
2024-08-07T14:53:53,82.848999,-99.045380,nan
2024-08-07T14:53:53,82.849045,-99.046570,nan
2024-08-07T14:53:52,82.849098,-99.047768,nan
2024-08-07T14:53:52,82.849152,-99.048965,nan
2024-08-07T14:53:51,82.849205,-99.050163,nan
2024-08-07T14:53:51,82.849258,-99.051353,nan
2024-08-07T14:53:50,82.849304,-99.052536,nan
2024-08-07T14:53:50,82.849358,-99.053726,nan
2024-08-07T14:53:49,82.849411,-99.054916,nan
2024-08-07T14:53:49,82.849464,-99.056114,nan
2024-08-07T14:53:48,82.849510,-99.057320,nan
2024-08-07T14:53:48,82.849564,-99.058517,nan
2024-08-07T14:53:47,82.849617,-99.059723,nan
2024-08-07T14:53:47,82.849670,-99.060936,nan
2024-08-07T14:53:46,82.849724,-99.062157,nan
2024-08-07T14:53:46,82.849777,-99.063377,nan
2024-08-07T14:53:45,82.849823,-99.064606,nan
2024-08-07T14:53:45,82.849876,-99.065826,nan
2024-08-07T14:53:44,82.849930,-99.067062,nan
2024-08-07T14:53:44,82.849976,-99.068298,nan
2024-08-07T14:53:43,82.850029,-99.069527,nan
2024-08-07T14:53:43,82.850082,-99.070755,nan
2024-08-07T14:53:42,82.850136,-99.071999,nan
2024-08-07T14:53:42,82.850189,-99.073235,nan
2024-08-07T14:53:41,82.850243,-99.074486,nan
2024-08-07T14:53:41,82.850296,-99.075729,nan
2024-08-07T14:53:40,82.850349,-99.076988,nan
2024-08-07T14:53:40,82.850403,-99.078247,nan
2024-08-07T14:53:39,82.850456,-99.079506,nan
2024-08-07T14:53:39,82.850510,-99.080765,nan
2024-08-07T14:53:38,82.850563,-99.082016,nan
2024-08-07T14:53:38,82.850616,-99.083267,nan
2024-08-07T14:53:37,82.850670,-99.084534,nan
2024-08-07T14:53:37,82.850723,-99.085800,nan
2024-08-07T14:53:36,82.850777,-99.087074,nan
2024-08-07T14:53:36,82.850838,-99.088341,nan
2024-08-07T14:53:35,82.850891,-99.089615,nan
2024-08-07T14:53:35,82.850945,-99.090904,nan
2024-08-07T14:53:34,82.851006,-99.092194,nan
2024-08-07T14:53:34,82.851059,-99.093498,nan
2024-08-07T14:53:33,82.851120,-99.094803,nan
2024-08-07T14:53:33,82.851173,-99.096107,nan
2024-08-07T14:53:32,82.851234,-99.097404,nan
2024-08-07T14:53:32,82.851288,-99.098694,nan
2024-08-07T14:53:31,82.851349,-99.099991,nan
2024-08-07T14:53:31,82.851402,-99.101288,nan
2024-08-07T14:53:30,82.851463,-99.102585,nan
2024-08-07T14:53:29,82.851585,-99.105179,nan
2024-08-07T14:53:29,82.851639,-99.106483,nan
2024-08-07T14:53:28,82.851700,-99.107788,nan
2024-08-07T14:53:28,82.851753,-99.109100,nan
2024-08-07T14:53:27,82.851814,-99.110405,nan
2024-08-07T14:53:27,82.851868,-99.111717,nan
2024-08-07T14:53:26,82.851929,-99.113029,nan
2024-08-07T14:53:26,82.851990,-99.114342,nan
2024-08-07T14:53:25,82.852043,-99.115662,nan
2024-08-07T14:53:25,82.852104,-99.116982,nan
2024-08-07T14:53:24,82.852165,-99.118301,nan
2024-08-07T14:53:24,82.852226,-99.119629,nan
2024-08-07T14:53:23,82.852287,-99.120964,nan
2024-08-07T14:53:23,82.852348,-99.122299,nan
2024-08-07T14:53:22,82.852409,-99.123642,nan
2024-08-07T14:53:22,82.852470,-99.124969,nan
2024-08-07T14:53:21,82.852531,-99.126297,nan
2024-08-07T14:53:21,82.852592,-99.127625,nan
2024-08-07T14:53:20,82.852654,-99.128960,nan
2024-08-07T14:53:20,82.852722,-99.130295,nan
2024-08-07T14:53:19,82.852783,-99.131630,nan
2024-08-07T14:53:19,82.852844,-99.132973,nan
2024-08-07T14:53:18,82.852905,-99.134315,nan
2024-08-07T14:53:18,82.852966,-99.135651,nan
2024-08-07T14:53:17,82.853027,-99.136986,nan
2024-08-07T14:53:17,82.853096,-99.138321,nan
2024-08-07T14:53:16,82.853157,-99.139656,nan
2024-08-07T14:53:16,82.853218,-99.140991,nan
2024-08-07T14:53:15,82.853279,-99.142334,nan
2024-08-07T14:53:15,82.853340,-99.143669,nan
2024-08-07T14:53:14,82.853401,-99.145012,nan
2024-08-07T14:53:14,82.853462,-99.146347,nan
2024-08-07T14:53:13,82.853531,-99.147690,nan
2024-08-07T14:53:13,82.853592,-99.149033,nan
2024-08-07T14:53:12,82.853661,-99.150375,nan
2024-08-07T14:53:12,82.853722,-99.151718,nan
2024-08-07T14:53:11,82.853790,-99.153069,nan
2024-08-07T14:53:11,82.853859,-99.154411,nan
2024-08-07T14:53:10,82.853920,-99.155762,nan
2024-08-07T14:53:10,82.853989,-99.157120,nan
2024-08-07T14:53:09,82.854057,-99.158478,nan
2024-08-07T14:53:09,82.854126,-99.159836,nan
2024-08-07T14:53:08,82.854187,-99.161194,nan
2024-08-07T14:53:08,82.854256,-99.162560,nan
2024-08-07T14:53:07,82.854324,-99.163925,nan
2024-08-07T14:53:07,82.854385,-99.165291,nan
2024-08-07T14:53:06,82.854454,-99.166664,nan
2024-08-07T14:53:06,82.854523,-99.168030,nan
2024-08-07T14:53:05,82.854584,-99.169388,nan
2024-08-07T14:53:05,82.854652,-99.170761,nan
2024-08-07T14:53:04,82.854721,-99.172134,nan
2024-08-07T14:53:04,82.854782,-99.173515,nan
2024-08-07T14:53:03,82.854851,-99.174904,nan
2024-08-07T14:53:03,82.854919,-99.176292,nan
2024-08-07T14:53:02,82.854988,-99.177681,nan
2024-08-07T14:53:02,82.855057,-99.179062,nan
2024-08-07T14:53:01,82.855125,-99.180443,nan
2024-08-07T14:53:01,82.855194,-99.181831,nan
2024-08-07T14:53:00,82.855263,-99.183212,nan
2024-08-07T14:53:00,82.855324,-99.184593,nan
2024-08-07T14:52:59,82.855392,-99.185989,nan
2024-08-07T14:52:59,82.855461,-99.187378,nan
2024-08-07T14:52:58,82.855530,-99.188766,nan
2024-08-07T14:52:58,82.855598,-99.190155,nan
2024-08-07T14:52:57,82.855667,-99.191551,nan
2024-08-07T14:52:57,82.855736,-99.192947,nan
2024-08-07T14:52:56,82.855804,-99.194344,nan
2024-08-07T14:52:56,82.855873,-99.195732,nan
2024-08-07T14:52:55,82.855942,-99.197128,nan
2024-08-07T14:52:55,82.856010,-99.198517,nan
2024-08-07T14:52:54,82.856079,-99.199913,nan
2024-08-07T14:52:54,82.856148,-99.201309,nan
2024-08-07T14:52:53,82.856209,-99.202713,nan
2024-08-07T14:52:53,82.856277,-99.204109,nan
2024-08-07T14:52:52,82.856346,-99.205505,nan
2024-08-07T14:52:52,82.856415,-99.206902,nan
2024-08-07T14:52:51,82.856483,-99.208298,nan
2024-08-07T14:52:51,82.856552,-99.209694,nan
2024-08-07T14:52:50,82.856621,-99.211090,nan
2024-08-07T14:52:50,82.856689,-99.212494,nan
2024-08-07T14:52:49,82.856758,-99.213898,nan
2024-08-07T14:52:49,82.856827,-99.215302,nan
2024-08-07T14:52:48,82.856903,-99.216713,nan
2024-08-07T14:52:48,82.856972,-99.218124,nan
2024-08-07T14:52:47,82.857040,-99.219543,nan
2024-08-07T14:52:47,82.857109,-99.220970,nan
2024-08-07T14:52:46,82.857185,-99.222397,nan
2024-08-07T14:52:46,82.857254,-99.223839,nan
2024-08-07T14:52:45,82.857323,-99.225273,nan
2024-08-07T14:52:45,82.857391,-99.226723,nan
2024-08-07T14:52:44,82.857468,-99.228165,nan
2024-08-07T14:52:44,82.857536,-99.229622,nan
2024-08-07T14:52:43,82.857613,-99.231079,nan
2024-08-07T14:52:43,82.857681,-99.232544,nan
2024-08-07T14:52:42,82.857758,-99.234009,nan
2024-08-07T14:52:42,82.857826,-99.235466,nan
2024-08-07T14:52:41,82.857903,-99.236931,nan
2024-08-07T14:52:41,82.857971,-99.238388,nan
2024-08-07T14:52:40,82.858047,-99.239853,nan
2024-08-07T14:52:40,82.858124,-99.241318,nan
2024-08-07T14:52:39,82.858200,-99.242783,nan
2024-08-07T14:52:39,82.858269,-99.244247,nan
2024-08-07T14:52:38,82.858345,-99.245720,nan
2024-08-07T14:52:38,82.858421,-99.247192,nan
2024-08-07T14:52:37,82.858498,-99.248672,nan
2024-08-07T14:52:37,82.858566,-99.250153,nan
2024-08-07T14:52:36,82.858643,-99.251633,nan
2024-08-07T14:52:36,82.858711,-99.253128,nan
2024-08-07T14:52:35,82.858788,-99.254623,nan
2024-08-07T14:52:35,82.858864,-99.256119,nan
2024-08-07T14:52:34,82.858940,-99.257622,nan
2024-08-07T14:52:34,82.859009,-99.259125,nan
2024-08-07T14:52:33,82.859085,-99.260635,nan
2024-08-07T14:52:33,82.859161,-99.262154,nan
2024-08-07T14:52:32,82.859238,-99.263672,nan
2024-08-07T14:52:32,82.859314,-99.265182,nan
2024-08-07T14:52:31,82.859390,-99.266701,nan
2024-08-07T14:52:31,82.859467,-99.268211,nan
2024-08-07T14:52:30,82.859543,-99.269730,nan
2024-08-07T14:52:30,82.859612,-99.271248,nan
2024-08-07T14:52:29,82.859688,-99.272774,nan
2024-08-07T14:52:29,82.859764,-99.274307,nan
2024-08-07T14:52:28,82.859840,-99.275848,nan
2024-08-07T14:52:28,82.859917,-99.277390,nan
2024-08-07T14:52:27,82.859985,-99.278931,nan
2024-08-07T14:52:27,82.860062,-99.280479,nan
2024-08-07T14:52:26,82.860138,-99.282028,nan
2024-08-07T14:52:26,82.860207,-99.283585,nan
2024-08-07T14:52:25,82.860283,-99.285141,nan
2024-08-07T14:52:25,82.860359,-99.286705,nan
2024-08-07T14:52:24,82.860428,-99.288277,nan
2024-08-07T14:52:24,82.860504,-99.289841,nan
2024-08-07T14:52:23,82.860573,-99.291412,nan
2024-08-07T14:52:23,82.860649,-99.292984,nan
2024-08-07T14:52:22,82.860718,-99.294556,nan
2024-08-07T14:52:22,82.860794,-99.296135,nan
2024-08-07T14:52:21,82.860870,-99.297707,nan
2024-08-07T14:52:21,82.860939,-99.299286,nan
2024-08-07T14:52:20,82.861015,-99.300873,nan
2024-08-07T14:52:20,82.861084,-99.302452,nan
2024-08-07T14:52:19,82.861160,-99.304039,nan
2024-08-07T14:52:19,82.861237,-99.305634,nan
2024-08-07T14:52:18,82.861313,-99.307220,nan
2024-08-07T14:52:18,82.861382,-99.308823,nan
2024-08-07T14:52:17,82.861458,-99.310417,nan
2024-08-07T14:52:17,82.861534,-99.312019,nan
2024-08-07T14:52:16,82.861610,-99.313629,nan
2024-08-07T14:52:16,82.861687,-99.315247,nan
2024-08-07T14:52:15,82.861763,-99.316864,nan
2024-08-07T14:52:15,82.861847,-99.318497,nan
2024-08-07T14:52:14,82.861923,-99.320122,nan
2024-08-07T14:52:14,82.862000,-99.321754,nan
2024-08-07T14:52:13,82.862083,-99.323387,nan
2024-08-07T14:52:13,82.862160,-99.325027,nan
2024-08-07T14:52:12,82.862244,-99.326675,nan
2024-08-07T14:52:12,82.862320,-99.328331,nan
2024-08-07T14:52:11,82.862404,-99.329994,nan
2024-08-07T14:52:11,82.862488,-99.331680,nan
2024-08-07T14:52:10,82.862572,-99.333366,nan
2024-08-07T14:52:10,82.862656,-99.335075,nan
2024-08-07T14:52:09,82.862740,-99.336800,nan
2024-08-07T14:52:09,82.862823,-99.338539,nan
2024-08-07T14:52:08,82.862907,-99.340294,nan
2024-08-07T14:52:08,82.862991,-99.342056,nan
2024-08-07T14:52:07,82.863075,-99.343834,nan
2024-08-07T14:52:07,82.863167,-99.345627,nan
2024-08-07T14:52:06,82.863251,-99.347427,nan
2024-08-07T14:52:06,82.863342,-99.349243,nan
2024-08-07T14:52:05,82.863434,-99.351067,nan
2024-08-07T14:52:05,82.863525,-99.352898,nan
2024-08-07T14:52:04,82.863617,-99.354744,nan
2024-08-07T14:52:04,82.863708,-99.356598,nan
2024-08-07T14:52:03,82.863808,-99.358467,nan
2024-08-07T14:52:03,82.863899,-99.360344,nan
2024-08-07T14:52:02,82.863991,-99.362221,nan
2024-08-07T14:52:02,82.864090,-99.364105,nan
2024-08-07T14:52:01,82.864182,-99.366005,nan
2024-08-07T14:52:01,82.864281,-99.367905,nan
2024-08-07T14:52:00,82.864372,-99.369812,nan
2024-08-07T14:52:00,82.864471,-99.371735,nan
2024-08-07T14:51:59,82.864571,-99.373657,nan
2024-08-07T14:51:59,82.864670,-99.375587,nan
2024-08-07T14:51:58,82.864769,-99.377533,nan
2024-08-07T14:51:58,82.864868,-99.379478,nan
2024-08-07T14:51:57,82.864967,-99.381432,nan
2024-08-07T14:51:57,82.865067,-99.383385,nan
2024-08-07T14:51:56,82.865173,-99.385338,nan
2024-08-07T14:51:56,82.865273,-99.387299,nan
2024-08-07T14:51:55,82.865372,-99.389259,nan
2024-08-07T14:51:55,82.865479,-99.391228,nan
2024-08-07T14:51:54,82.865578,-99.393188,nan
2024-08-07T14:51:54,82.865685,-99.395164,nan
2024-08-07T14:51:53,82.865784,-99.397141,nan
2024-08-07T14:51:53,82.865891,-99.399132,nan
2024-08-07T14:51:52,82.865990,-99.401131,nan
2024-08-07T14:51:52,82.866096,-99.403130,nan
2024-08-07T14:51:51,82.866196,-99.405128,nan
2024-08-07T14:51:51,82.866302,-99.407135,nan
2024-08-07T14:51:50,82.866402,-99.409142,nan
2024-08-07T14:51:50,82.866501,-99.411156,nan
2024-08-07T14:51:49,82.866608,-99.413177,nan
2024-08-07T14:51:49,82.866707,-99.415199,nan
2024-08-07T14:51:48,82.866806,-99.417229,nan
2024-08-07T14:51:48,82.866905,-99.419258,nan
2024-08-07T14:51:47,82.867004,-99.421295,nan
2024-08-07T14:51:47,82.867104,-99.423332,nan
2024-08-07T14:51:46,82.867203,-99.425369,nan
2024-08-07T14:51:46,82.867294,-99.427422,nan
2024-08-07T14:51:45,82.867393,-99.429474,nan
2024-08-07T14:51:45,82.867493,-99.431534,nan
2024-08-07T14:51:44,82.867584,-99.433601,nan
2024-08-07T14:51:44,82.867683,-99.435661,nan
2024-08-07T14:51:43,82.867783,-99.437737,nan
2024-08-07T14:51:43,82.867874,-99.439819,nan
2024-08-07T14:51:42,82.867973,-99.441895,nan
2024-08-07T14:51:42,82.868065,-99.443977,nan
2024-08-07T14:51:41,82.868156,-99.446053,nan
2024-08-07T14:51:41,82.868256,-99.448135,nan
2024-08-07T14:51:40,82.868347,-99.450218,nan
2024-08-07T14:51:40,82.868446,-99.452301,nan
2024-08-07T14:51:39,82.868538,-99.454384,nan
2024-08-07T14:51:39,82.868629,-99.456467,nan
2024-08-07T14:51:38,82.868729,-99.458557,nan
2024-08-07T14:51:38,82.868820,-99.460648,nan
2024-08-07T14:51:37,82.868919,-99.462738,nan
2024-08-07T14:51:37,82.869019,-99.464828,nan
2024-08-07T14:51:36,82.869110,-99.466927,nan
2024-08-07T14:51:36,82.869209,-99.469017,nan
2024-08-07T14:51:35,82.869308,-99.471123,nan
2024-08-07T14:51:35,82.869408,-99.473228,nan
2024-08-07T14:51:34,82.869507,-99.475342,nan
2024-08-07T14:51:34,82.869606,-99.477463,nan
2024-08-07T14:51:33,82.869713,-99.479591,nan
2024-08-07T14:51:33,82.869812,-99.481728,nan
2024-08-07T14:51:32,82.869911,-99.483864,nan
2024-08-07T14:51:32,82.870018,-99.486000,nan
2024-08-07T14:51:31,82.870117,-99.488136,nan
2024-08-07T14:51:31,82.870216,-99.490273,nan
2024-08-07T14:51:30,82.870323,-99.492416,nan
2024-08-07T14:51:30,82.870422,-99.494553,nan
2024-08-07T14:51:29,82.870522,-99.496696,nan
2024-08-07T14:51:29,82.870621,-99.498848,nan
2024-08-07T14:51:28,82.870720,-99.501007,nan
2024-08-07T14:51:28,82.870819,-99.503159,nan
2024-08-07T14:51:27,82.870918,-99.505318,nan
2024-08-07T14:51:27,82.871017,-99.507484,nan
2024-08-07T14:51:26,82.871117,-99.509644,nan
2024-08-07T14:51:26,82.871208,-99.511803,nan
2024-08-07T14:51:25,82.871307,-99.513962,nan
2024-08-07T14:51:25,82.871407,-99.516121,nan
2024-08-07T14:51:24,82.871506,-99.518288,nan
2024-08-07T14:51:24,82.871605,-99.520454,nan
2024-08-07T14:51:23,82.871704,-99.522621,nan
2024-08-07T14:51:23,82.871803,-99.524780,nan
2024-08-07T14:51:22,82.871902,-99.526939,nan
2024-08-07T14:51:22,82.872009,-99.529099,nan
2024-08-07T14:51:21,82.872108,-99.531258,nan
2024-08-07T14:51:21,82.872208,-99.533409,nan
2024-08-07T14:51:20,82.872314,-99.535568,nan
2024-08-07T14:51:20,82.872414,-99.537720,nan
2024-08-07T14:51:19,82.872513,-99.539864,nan
2024-08-07T14:51:19,82.872620,-99.542015,nan
2024-08-07T14:51:18,82.872719,-99.544151,nan
2024-08-07T14:51:18,82.872826,-99.546288,nan
2024-08-07T14:51:17,82.872925,-99.548416,nan
2024-08-07T14:51:17,82.873032,-99.550545,nan
2024-08-07T14:51:16,82.873131,-99.552666,nan
2024-08-07T14:51:16,82.873238,-99.554779,nan
2024-08-07T14:51:15,82.873337,-99.556885,nan
2024-08-07T14:51:15,82.873444,-99.558990,nan
2024-08-07T14:51:14,82.873543,-99.561089,nan
2024-08-07T14:51:14,82.873650,-99.563187,nan
2024-08-07T14:51:13,82.873756,-99.565277,nan
2024-08-07T14:51:13,82.873856,-99.567368,nan
2024-08-07T14:51:12,82.873962,-99.569458,nan
2024-08-07T14:51:12,82.874062,-99.571541,nan
2024-08-07T14:51:11,82.874168,-99.573616,nan
2024-08-07T14:51:11,82.874268,-99.575691,nan
2024-08-07T14:51:10,82.874367,-99.577759,nan
2024-08-07T14:51:10,82.874466,-99.579811,nan
2024-08-07T14:51:09,82.874573,-99.581856,nan
2024-08-07T14:51:09,82.874672,-99.583893,nan
2024-08-07T14:51:08,82.874771,-99.585922,nan
2024-08-07T14:51:08,82.874870,-99.587936,nan
2024-08-07T14:51:07,82.874969,-99.589951,nan
2024-08-07T14:51:07,82.875069,-99.591949,nan
2024-08-07T14:51:06,82.875160,-99.593956,nan
2024-08-07T14:51:06,82.875259,-99.595947,nan
2024-08-07T14:51:05,82.875351,-99.597939,nan
2024-08-07T14:51:05,82.875443,-99.599922,nan
2024-08-07T14:51:04,82.875542,-99.601913,nan
2024-08-07T14:51:04,82.875633,-99.603889,nan
2024-08-07T14:51:03,82.875725,-99.605865,nan
2024-08-07T14:51:03,82.875816,-99.607834,nan
2024-08-07T14:51:02,82.875908,-99.609795,nan
2024-08-07T14:51:02,82.875999,-99.611740,nan
2024-08-07T14:51:01,82.876099,-99.613686,nan
2024-08-07T14:51:01,82.876190,-99.615616,nan
2024-08-07T14:51:00,82.876282,-99.617538,nan
2024-08-07T14:51:00,82.876366,-99.619453,nan
2024-08-07T14:50:59,82.876457,-99.621361,nan
2024-08-07T14:50:59,82.876549,-99.623268,nan
2024-08-07T14:50:58,82.876640,-99.625175,nan
2024-08-07T14:50:58,82.876724,-99.627083,nan
2024-08-07T14:50:57,82.876816,-99.628983,nan
2024-08-07T14:50:57,82.876900,-99.630875,nan
2024-08-07T14:50:56,82.876991,-99.632759,nan
2024-08-07T14:50:56,82.877075,-99.634644,nan
2024-08-07T14:50:55,82.877159,-99.636520,nan
2024-08-07T14:50:55,82.877251,-99.638382,nan
2024-08-07T14:50:54,82.877335,-99.640236,nan
2024-08-07T14:50:54,82.877419,-99.642082,nan
2024-08-07T14:50:53,82.877510,-99.643913,nan
2024-08-07T14:50:53,82.877602,-99.645729,nan
2024-08-07T14:50:52,82.877686,-99.647530,nan
2024-08-07T14:50:52,82.877777,-99.649315,nan
2024-08-07T14:50:51,82.877869,-99.651093,nan
2024-08-07T14:50:51,82.877953,-99.652847,nan
2024-08-07T14:50:50,82.878044,-99.654594,nan
2024-08-07T14:50:50,82.878128,-99.656319,nan
2024-08-07T14:50:49,82.878220,-99.658028,nan
2024-08-07T14:50:49,82.878304,-99.659729,nan
2024-08-07T14:50:48,82.878395,-99.661407,nan
2024-08-07T14:50:48,82.878479,-99.663071,nan
2024-08-07T14:50:47,82.878563,-99.664719,nan
2024-08-07T14:50:47,82.878647,-99.666367,nan
2024-08-07T14:50:46,82.878731,-99.667992,nan
2024-08-07T14:50:46,82.878815,-99.669609,nan
2024-08-07T14:50:45,82.878899,-99.671219,nan
2024-08-07T14:50:45,82.878975,-99.672806,nan
2024-08-07T14:50:44,82.879051,-99.674385,nan
2024-08-07T14:50:44,82.879128,-99.675949,nan
2024-08-07T14:50:43,82.879204,-99.677490,nan
2024-08-07T14:50:43,82.879280,-99.679031,nan
2024-08-07T14:50:42,82.879356,-99.680557,nan
2024-08-07T14:50:42,82.879425,-99.682076,nan
2024-08-07T14:50:41,82.879494,-99.683594,nan
2024-08-07T14:50:41,82.879562,-99.685104,nan
2024-08-07T14:50:40,82.879631,-99.686615,nan
2024-08-07T14:50:40,82.879700,-99.688118,nan
2024-08-07T14:50:39,82.879768,-99.689613,nan
2024-08-07T14:50:39,82.879829,-99.691109,nan
2024-08-07T14:50:38,82.879898,-99.692589,nan
2024-08-07T14:50:38,82.879967,-99.694069,nan
2024-08-07T14:50:37,82.880028,-99.695534,nan
2024-08-07T14:50:37,82.880089,-99.696983,nan
2024-08-07T14:50:36,82.880150,-99.698425,nan
2024-08-07T14:50:36,82.880219,-99.699860,nan
2024-08-07T14:50:35,82.880280,-99.701279,nan
2024-08-07T14:50:35,82.880333,-99.702698,nan
2024-08-07T14:50:34,82.880394,-99.704117,nan
2024-08-07T14:50:34,82.880455,-99.705521,nan
2024-08-07T14:50:33,82.880508,-99.706924,nan
2024-08-07T14:50:33,82.880562,-99.708321,nan
2024-08-07T14:50:32,82.880615,-99.709709,nan
2024-08-07T14:50:32,82.880669,-99.711090,nan
2024-08-07T14:50:31,82.880722,-99.712471,nan
2024-08-07T14:50:31,82.880775,-99.713837,nan
2024-08-07T14:50:30,82.880821,-99.715195,nan
2024-08-07T14:50:30,82.880875,-99.716553,nan
2024-08-07T14:50:29,82.880928,-99.717911,nan
2024-08-07T14:50:29,82.880981,-99.719261,nan
2024-08-07T14:50:28,82.881027,-99.720612,nan
2024-08-07T14:50:28,82.881081,-99.721962,nan
2024-08-07T14:50:27,82.881134,-99.723320,nan
2024-08-07T14:50:27,82.881187,-99.724678,nan
2024-08-07T14:50:26,82.881233,-99.726036,nan
2024-08-07T14:50:26,82.881287,-99.727386,nan
2024-08-07T14:50:25,82.881340,-99.728729,nan
2024-08-07T14:50:25,82.881393,-99.730072,nan
2024-08-07T14:50:24,82.881447,-99.731415,nan
2024-08-07T14:50:24,82.881500,-99.732750,nan
2024-08-07T14:50:23,82.881554,-99.734085,nan
2024-08-07T14:50:23,82.881607,-99.735420,nan
2024-08-07T14:50:22,82.881660,-99.736755,nan
2024-08-07T14:50:22,82.881714,-99.738091,nan
2024-08-07T14:50:21,82.881775,-99.739433,nan
2024-08-07T14:50:21,82.881828,-99.740776,nan
2024-08-07T14:50:20,82.881889,-99.742119,nan
2024-08-07T14:50:20,82.881943,-99.743469,nan
2024-08-07T14:50:19,82.882004,-99.744812,nan
2024-08-07T14:50:19,82.882057,-99.746162,nan
2024-08-07T14:50:18,82.882118,-99.747505,nan
2024-08-07T14:50:18,82.882172,-99.748856,nan
2024-08-07T14:50:17,82.882233,-99.750191,nan
2024-08-07T14:50:17,82.882286,-99.751526,nan
2024-08-07T14:50:16,82.882347,-99.752853,nan
2024-08-07T14:50:16,82.882401,-99.754173,nan
2024-08-07T14:50:15,82.882462,-99.755493,nan
2024-08-07T14:50:15,82.882515,-99.756798,nan
2024-08-07T14:50:14,82.882576,-99.758095,nan
2024-08-07T14:50:14,82.882629,-99.759377,nan
2024-08-07T14:50:13,82.882690,-99.760651,nan
2024-08-07T14:50:13,82.882751,-99.761909,nan
2024-08-07T14:50:12,82.882812,-99.763153,nan
2024-08-07T14:50:12,82.882866,-99.764389,nan
2024-08-07T14:50:11,82.882927,-99.765617,nan
2024-08-07T14:50:11,82.882980,-99.766830,nan
2024-08-07T14:50:10,82.883041,-99.768036,nan
2024-08-07T14:50:10,82.883095,-99.769241,nan
2024-08-07T14:50:09,82.883156,-99.770432,nan
2024-08-07T14:50:09,82.883209,-99.771614,nan
2024-08-07T14:50:08,82.883270,-99.772797,nan
2024-08-07T14:50:08,82.883324,-99.773972,nan
2024-08-07T14:50:07,82.883385,-99.775139,nan
2024-08-07T14:50:07,82.883438,-99.776306,nan
2024-08-07T14:50:06,82.883499,-99.777466,nan
2024-08-07T14:50:06,82.883553,-99.778625,nan
2024-08-07T14:50:05,82.883614,-99.779778,nan
2024-08-07T14:50:05,82.883667,-99.780922,nan
2024-08-07T14:50:04,82.883728,-99.782074,nan
2024-08-07T14:50:04,82.883781,-99.783218,nan
2024-08-07T14:50:03,82.883842,-99.784355,nan
2024-08-07T14:50:03,82.883896,-99.785492,nan
2024-08-07T14:50:02,82.883957,-99.786629,nan
2024-08-07T14:50:02,82.884010,-99.787766,nan
2024-08-07T14:50:01,82.884071,-99.788895,nan
2024-08-07T14:50:01,82.884125,-99.790031,nan
2024-08-07T14:50:00,82.884178,-99.791168,nan
2024-08-07T14:50:00,82.884232,-99.792297,nan
2024-08-07T14:49:59,82.884285,-99.793427,nan
2024-08-07T14:49:59,82.884331,-99.794548,nan
2024-08-07T14:49:58,82.884384,-99.795677,nan
2024-08-07T14:49:58,82.884430,-99.796806,nan
2024-08-07T14:49:57,82.884476,-99.797935,nan
2024-08-07T14:49:57,82.884529,-99.799065,nan
2024-08-07T14:49:56,82.884575,-99.800179,nan
2024-08-07T14:49:56,82.884621,-99.801292,nan
2024-08-07T14:49:55,82.884674,-99.802383,nan
2024-08-07T14:49:55,82.884720,-99.803467,nan
2024-08-07T14:49:54,82.884766,-99.804543,nan
2024-08-07T14:49:54,82.884819,-99.805603,nan
2024-08-07T14:49:53,82.884865,-99.806648,nan
2024-08-07T14:49:53,82.884918,-99.807693,nan
2024-08-07T14:49:52,82.884972,-99.808723,nan
2024-08-07T14:49:52,82.885017,-99.809746,nan
2024-08-07T14:49:51,82.885071,-99.810753,nan
2024-08-07T14:49:51,82.885124,-99.811760,nan
2024-08-07T14:49:50,82.885170,-99.812759,nan
2024-08-07T14:49:50,82.885216,-99.813766,nan
2024-08-07T14:49:49,82.885269,-99.814766,nan
2024-08-07T14:49:49,82.885307,-99.815773,nan
2024-08-07T14:49:48,82.885353,-99.816788,nan
2024-08-07T14:49:48,82.885399,-99.817810,nan
2024-08-07T14:49:47,82.885445,-99.818832,nan
2024-08-07T14:49:47,82.885483,-99.819862,nan
2024-08-07T14:49:46,82.885529,-99.820892,nan
2024-08-07T14:49:46,82.885574,-99.821922,nan
2024-08-07T14:49:45,82.885612,-99.822952,nan
2024-08-07T14:49:45,82.885658,-99.823990,nan
2024-08-07T14:49:44,82.885696,-99.825020,nan
2024-08-07T14:49:44,82.885742,-99.826057,nan
2024-08-07T14:49:43,82.885788,-99.827095,nan
2024-08-07T14:49:43,82.885826,-99.828125,nan
2024-08-07T14:49:42,82.885864,-99.829155,nan
2024-08-07T14:49:42,82.885910,-99.830185,nan
2024-08-07T14:49:41,82.885948,-99.831207,nan
2024-08-07T14:49:41,82.885986,-99.832230,nan
2024-08-07T14:49:40,82.886024,-99.833252,nan
2024-08-07T14:49:40,82.886063,-99.834274,nan
2024-08-07T14:49:39,82.886101,-99.835289,nan
2024-08-07T14:49:39,82.886139,-99.836311,nan
2024-08-07T14:49:38,82.886185,-99.837341,nan
2024-08-07T14:49:38,82.886223,-99.838371,nan
2024-08-07T14:49:37,82.886261,-99.839394,nan
2024-08-07T14:49:37,82.886307,-99.840416,nan
2024-08-07T14:49:36,82.886345,-99.841431,nan
2024-08-07T14:49:36,82.886391,-99.842438,nan
2024-08-07T14:49:35,82.886436,-99.843452,nan
2024-08-07T14:49:35,82.886475,-99.844452,nan
2024-08-07T14:49:34,82.886520,-99.845451,nan
2024-08-07T14:49:34,82.886566,-99.846451,nan
2024-08-07T14:49:33,82.886612,-99.847450,nan
2024-08-07T14:49:33,82.886658,-99.848434,nan
2024-08-07T14:49:32,82.886696,-99.849419,nan
2024-08-07T14:49:32,82.886742,-99.850388,nan
2024-08-07T14:49:31,82.886795,-99.851349,nan
2024-08-07T14:49:31,82.886841,-99.852303,nan
2024-08-07T14:49:30,82.886887,-99.853249,nan
2024-08-07T14:49:30,82.886932,-99.854179,nan
2024-08-07T14:49:29,82.886986,-99.855110,nan
2024-08-07T14:49:29,82.887032,-99.856026,nan
2024-08-07T14:49:28,82.887077,-99.856934,nan
2024-08-07T14:49:28,82.887131,-99.857834,nan
2024-08-07T14:49:27,82.887177,-99.858734,nan
2024-08-07T14:49:27,82.887222,-99.859627,nan
2024-08-07T14:49:26,82.887276,-99.860512,nan
2024-08-07T14:49:26,82.887321,-99.861389,nan
2024-08-07T14:49:25,82.887367,-99.862251,nan
2024-08-07T14:49:25,82.887413,-99.863106,nan
2024-08-07T14:49:24,82.887459,-99.863945,nan
2024-08-07T14:49:24,82.887497,-99.864769,nan
2024-08-07T14:49:23,82.887543,-99.865562,nan
2024-08-07T14:49:23,82.887589,-99.866341,nan
2024-08-07T14:49:22,82.887634,-99.867081,nan
2024-08-07T14:49:22,82.887680,-99.867767,nan
2024-08-07T14:49:21,82.887718,-99.868385,nan
2024-08-07T14:49:21,82.887764,-99.868958,nan
2024-08-07T14:49:20,82.887817,-99.869118,nan
2024-08-07T14:49:20,82.887878,-99.868790,nan
2024-08-07T14:49:19,82.888031,-99.866310,nan
2024-08-07T14:49:14,82.888298,-99.881706,nan
2024-08-07T14:49:14,82.888084,-99.889854,nan
2024-08-07T14:49:13,82.887825,-99.898483,nan
