datetime,lat,lon,elev
2024-08-08T13:31:15,84.525169,-55.902702,nan
2024-08-08T13:31:15,84.525169,-55.902889,nan
2024-08-08T13:31:14,84.525162,-55.903091,nan
2024-08-08T13:31:14,84.525154,-55.903301,nan
2024-08-08T13:31:13,84.525146,-55.903511,nan
2024-08-08T13:31:13,84.525139,-55.903721,nan
2024-08-08T13:31:12,84.525131,-55.903931,nan
2024-08-08T13:31:12,84.525116,-55.904144,nan
2024-08-08T13:31:11,84.525108,-55.904362,nan
2024-08-08T13:31:11,84.525101,-55.904587,nan
2024-08-08T13:31:10,84.525093,-55.904812,nan
2024-08-08T13:31:10,84.525085,-55.905041,nan
2024-08-08T13:31:09,84.525070,-55.905273,nan
2024-08-08T13:31:09,84.525063,-55.905510,nan
2024-08-08T13:31:08,84.525055,-55.905746,nan
2024-08-08T13:31:08,84.525047,-55.905983,nan
2024-08-08T13:31:07,84.525040,-55.906223,nan
2024-08-08T13:31:07,84.525032,-55.906467,nan
2024-08-08T13:31:06,84.525024,-55.906712,nan
2024-08-08T13:31:06,84.525017,-55.906960,nan
2024-08-08T13:31:05,84.525009,-55.907215,nan
2024-08-08T13:31:05,84.525002,-55.907471,nan
2024-08-08T13:31:04,84.524986,-55.907719,nan
2024-08-08T13:31:04,84.524979,-55.907970,nan
2024-08-08T13:31:03,84.524971,-55.908215,nan
2024-08-08T13:31:03,84.524963,-55.908463,nan
2024-08-08T13:31:02,84.524956,-55.908710,nan
2024-08-08T13:31:02,84.524948,-55.908958,nan
2024-08-08T13:31:01,84.524940,-55.909214,nan
2024-08-08T13:31:01,84.524933,-55.909466,nan
2024-08-08T13:31:00,84.524925,-55.909721,nan
2024-08-08T13:31:00,84.524918,-55.909977,nan
2024-08-08T13:30:59,84.524910,-55.910236,nan
2024-08-08T13:30:59,84.524902,-55.910496,nan
2024-08-08T13:30:58,84.524895,-55.910767,nan
2024-08-08T13:30:58,84.524895,-55.911037,nan
2024-08-08T13:30:57,84.524887,-55.911308,nan
2024-08-08T13:30:57,84.524879,-55.911579,nan
2024-08-08T13:30:56,84.524872,-55.911842,nan
2024-08-08T13:30:56,84.524864,-55.912098,nan
2024-08-08T13:30:55,84.524864,-55.912357,nan
2024-08-08T13:30:55,84.524857,-55.912613,nan
2024-08-08T13:30:54,84.524857,-55.912868,nan
2024-08-08T13:30:54,84.524849,-55.913128,nan
2024-08-08T13:30:53,84.524841,-55.913387,nan
2024-08-08T13:30:53,84.524841,-55.913651,nan
2024-08-08T13:30:52,84.524841,-55.913910,nan
2024-08-08T13:30:52,84.524834,-55.914169,nan
2024-08-08T13:30:51,84.524826,-55.914429,nan
2024-08-08T13:30:51,84.524826,-55.914688,nan
2024-08-08T13:30:50,84.524818,-55.914948,nan
2024-08-08T13:30:50,84.524811,-55.915203,nan
2024-08-08T13:30:49,84.524811,-55.915459,nan
2024-08-08T13:30:49,84.524803,-55.915710,nan
2024-08-08T13:30:48,84.524796,-55.915958,nan
2024-08-08T13:30:48,84.524788,-55.916203,nan
2024-08-08T13:30:47,84.524788,-55.916447,nan
2024-08-08T13:30:47,84.524780,-55.916695,nan
2024-08-08T13:30:46,84.524773,-55.916939,nan
2024-08-08T13:30:46,84.524765,-55.917187,nan
2024-08-08T13:30:45,84.524765,-55.917439,nan
2024-08-08T13:30:45,84.524757,-55.917690,nan
2024-08-08T13:30:44,84.524750,-55.917946,nan
2024-08-08T13:30:44,84.524742,-55.918205,nan
2024-08-08T13:30:43,84.524742,-55.918465,nan
2024-08-08T13:30:43,84.524734,-55.918728,nan
2024-08-08T13:30:42,84.524727,-55.918991,nan
2024-08-08T13:30:41,84.524712,-55.919506,nan
2024-08-08T13:30:41,84.524712,-55.919758,nan
2024-08-08T13:30:40,84.524704,-55.920002,nan
2024-08-08T13:30:40,84.524696,-55.920246,nan
2024-08-08T13:30:39,84.524689,-55.920486,nan
2024-08-08T13:30:39,84.524689,-55.920731,nan
2024-08-08T13:30:38,84.524681,-55.920971,nan
2024-08-08T13:30:38,84.524673,-55.921219,nan
2024-08-08T13:30:37,84.524673,-55.921463,nan
2024-08-08T13:30:37,84.524666,-55.921715,nan
2024-08-08T13:30:36,84.524666,-55.921967,nan
2024-08-08T13:30:36,84.524658,-55.922218,nan
2024-08-08T13:30:35,84.524658,-55.922470,nan
2024-08-08T13:30:35,84.524651,-55.922718,nan
2024-08-08T13:30:34,84.524651,-55.922966,nan
2024-08-08T13:30:34,84.524643,-55.923214,nan
2024-08-08T13:30:33,84.524643,-55.923454,nan
2024-08-08T13:30:33,84.524635,-55.923691,nan
2024-08-08T13:30:32,84.524635,-55.923927,nan
2024-08-08T13:30:32,84.524635,-55.924160,nan
2024-08-08T13:30:31,84.524635,-55.924400,nan
2024-08-08T13:30:31,84.524628,-55.924641,nan
2024-08-08T13:30:30,84.524628,-55.924885,nan
2024-08-08T13:30:30,84.524628,-55.925125,nan
2024-08-08T13:30:29,84.524620,-55.925362,nan
2024-08-08T13:30:29,84.524620,-55.925594,nan
2024-08-08T13:30:28,84.524612,-55.925823,nan
2024-08-08T13:30:28,84.524612,-55.926048,nan
2024-08-08T13:30:27,84.524612,-55.926273,nan
2024-08-08T13:30:27,84.524605,-55.926498,nan
2024-08-08T13:30:26,84.524605,-55.926723,nan
2024-08-08T13:30:26,84.524597,-55.926952,nan
2024-08-08T13:30:25,84.524590,-55.927174,nan
2024-08-08T13:30:25,84.524590,-55.927399,nan
2024-08-08T13:30:24,84.524582,-55.927616,nan
2024-08-08T13:30:24,84.524582,-55.927841,nan
2024-08-08T13:30:23,84.524574,-55.928062,nan
2024-08-08T13:30:23,84.524574,-55.928288,nan
2024-08-08T13:30:22,84.524567,-55.928513,nan
2024-08-08T13:30:22,84.524559,-55.928745,nan
2024-08-08T13:30:21,84.524559,-55.928974,nan
2024-08-08T13:30:21,84.524551,-55.929207,nan
2024-08-08T13:30:20,84.524544,-55.929443,nan
2024-08-08T13:30:20,84.524544,-55.929680,nan
2024-08-08T13:30:19,84.524536,-55.929909,nan
2024-08-08T13:30:19,84.524529,-55.930145,nan
2024-08-08T13:30:18,84.524529,-55.930378,nan
2024-08-08T13:30:18,84.524521,-55.930611,nan
2024-08-08T13:30:17,84.524513,-55.930840,nan
2024-08-08T13:30:17,84.524506,-55.931065,nan
2024-08-08T13:30:16,84.524506,-55.931293,nan
2024-08-08T13:30:16,84.524498,-55.931522,nan
2024-08-08T13:30:15,84.524498,-55.931755,nan
2024-08-08T13:30:15,84.524490,-55.931992,nan
2024-08-08T13:30:14,84.524490,-55.932228,nan
2024-08-08T13:30:14,84.524483,-55.932468,nan
2024-08-08T13:30:13,84.524475,-55.932701,nan
2024-08-08T13:30:13,84.524475,-55.932941,nan
2024-08-08T13:30:12,84.524467,-55.933178,nan
2024-08-08T13:30:12,84.524467,-55.933414,nan
2024-08-08T13:30:11,84.524460,-55.933643,nan
2024-08-08T13:30:11,84.524452,-55.933872,nan
2024-08-08T13:30:10,84.524452,-55.934101,nan
2024-08-08T13:30:10,84.524452,-55.934330,nan
2024-08-08T13:30:09,84.524445,-55.934555,nan
2024-08-08T13:30:09,84.524445,-55.934784,nan
2024-08-08T13:30:08,84.524445,-55.935017,nan
2024-08-08T13:30:08,84.524445,-55.935249,nan
2024-08-08T13:30:07,84.524445,-55.935486,nan
2024-08-08T13:30:07,84.524445,-55.935726,nan
2024-08-08T13:30:06,84.524445,-55.935970,nan
2024-08-08T13:30:06,84.524445,-55.936214,nan
2024-08-08T13:30:05,84.524445,-55.936462,nan
2024-08-08T13:30:05,84.524445,-55.936710,nan
2024-08-08T13:30:04,84.524445,-55.936954,nan
2024-08-08T13:30:04,84.524437,-55.937199,nan
2024-08-08T13:30:03,84.524437,-55.937443,nan
2024-08-08T13:30:03,84.524437,-55.937687,nan
2024-08-08T13:30:02,84.524445,-55.937931,nan
2024-08-08T13:30:02,84.524445,-55.938175,nan
2024-08-08T13:30:01,84.524445,-55.938423,nan
2024-08-08T13:30:01,84.524445,-55.938671,nan
2024-08-08T13:30:00,84.524445,-55.938927,nan
2024-08-08T13:30:00,84.524452,-55.939182,nan
2024-08-08T13:29:59,84.524452,-55.939438,nan
2024-08-08T13:29:59,84.524452,-55.939693,nan
2024-08-08T13:29:58,84.524460,-55.939945,nan
2024-08-08T13:29:58,84.524460,-55.940201,nan
2024-08-08T13:29:57,84.524460,-55.940456,nan
2024-08-08T13:29:57,84.524467,-55.940712,nan
2024-08-08T13:29:56,84.524467,-55.940960,nan
2024-08-08T13:29:56,84.524475,-55.941208,nan
2024-08-08T13:29:55,84.524475,-55.941456,nan
2024-08-08T13:29:55,84.524475,-55.941696,nan
2024-08-08T13:29:54,84.524483,-55.941929,nan
2024-08-08T13:29:54,84.524490,-55.942162,nan
2024-08-08T13:29:53,84.524490,-55.942390,nan
2024-08-08T13:29:53,84.524498,-55.942619,nan
2024-08-08T13:29:52,84.524498,-55.942848,nan
2024-08-08T13:29:52,84.524506,-55.943077,nan
2024-08-08T13:29:51,84.524513,-55.943306,nan
2024-08-08T13:29:51,84.524513,-55.943539,nan
2024-08-08T13:29:50,84.524521,-55.943775,nan
2024-08-08T13:29:50,84.524521,-55.944016,nan
2024-08-08T13:29:49,84.524529,-55.944256,nan
2024-08-08T13:29:49,84.524529,-55.944489,nan
2024-08-08T13:29:48,84.524529,-55.944721,nan
2024-08-08T13:29:48,84.524536,-55.944946,nan
2024-08-08T13:29:47,84.524536,-55.945164,nan
2024-08-08T13:29:47,84.524544,-55.945377,nan
2024-08-08T13:29:46,84.524544,-55.945583,nan
2024-08-08T13:29:46,84.524551,-55.945789,nan
2024-08-08T13:29:45,84.524551,-55.945995,nan
2024-08-08T13:29:45,84.524559,-55.946205,nan
2024-08-08T13:29:44,84.524559,-55.946407,nan
2024-08-08T13:29:44,84.524567,-55.946621,nan
2024-08-08T13:29:43,84.524567,-55.946831,nan
2024-08-08T13:29:43,84.524574,-55.947044,nan
2024-08-08T13:29:42,84.524574,-55.947258,nan
2024-08-08T13:29:42,84.524574,-55.947468,nan
2024-08-08T13:29:41,84.524574,-55.947670,nan
2024-08-08T13:29:41,84.524574,-55.947865,nan
2024-08-08T13:29:40,84.524574,-55.948051,nan
2024-08-08T13:29:40,84.524574,-55.948238,nan
2024-08-08T13:29:39,84.524574,-55.948421,nan
2024-08-08T13:29:39,84.524567,-55.948601,nan
2024-08-08T13:29:38,84.524567,-55.948788,nan
2024-08-08T13:29:38,84.524567,-55.948971,nan
2024-08-08T13:29:37,84.524559,-55.949158,nan
2024-08-08T13:29:37,84.524559,-55.949348,nan
2024-08-08T13:29:36,84.524559,-55.949547,nan
2024-08-08T13:29:36,84.524551,-55.949745,nan
2024-08-08T13:29:35,84.524551,-55.949947,nan
2024-08-08T13:29:35,84.524544,-55.950157,nan
2024-08-08T13:29:34,84.524544,-55.950367,nan
2024-08-08T13:29:34,84.524544,-55.950577,nan
2024-08-08T13:29:33,84.524536,-55.950783,nan
2024-08-08T13:29:33,84.524536,-55.950993,nan
2024-08-08T13:29:32,84.524536,-55.951199,nan
2024-08-08T13:29:32,84.524529,-55.951408,nan
2024-08-08T13:29:31,84.524529,-55.951618,nan
2024-08-08T13:29:31,84.524529,-55.951828,nan
2024-08-08T13:29:30,84.524529,-55.952034,nan
2024-08-08T13:29:30,84.524521,-55.952236,nan
2024-08-08T13:29:29,84.524521,-55.952431,nan
2024-08-08T13:29:29,84.524521,-55.952625,nan
2024-08-08T13:29:28,84.524513,-55.952820,nan
2024-08-08T13:29:28,84.524513,-55.953007,nan
2024-08-08T13:29:27,84.524506,-55.953194,nan
2024-08-08T13:29:27,84.524506,-55.953373,nan
2024-08-08T13:29:26,84.524498,-55.953548,nan
2024-08-08T13:29:26,84.524498,-55.953724,nan
2024-08-08T13:29:25,84.524490,-55.953899,nan
2024-08-08T13:29:25,84.524490,-55.954079,nan
2024-08-08T13:29:24,84.524483,-55.954254,nan
2024-08-08T13:29:24,84.524483,-55.954430,nan
2024-08-08T13:29:23,84.524483,-55.954605,nan
2024-08-08T13:29:23,84.524475,-55.954781,nan
2024-08-08T13:29:22,84.524475,-55.954948,nan
2024-08-08T13:29:22,84.524475,-55.955120,nan
2024-08-08T13:29:21,84.524467,-55.955284,nan
2024-08-08T13:29:21,84.524467,-55.955452,nan
2024-08-08T13:29:20,84.524460,-55.955624,nan
2024-08-08T13:29:20,84.524452,-55.955795,nan
2024-08-08T13:29:19,84.524445,-55.955971,nan
2024-08-08T13:29:19,84.524437,-55.956142,nan
2024-08-08T13:29:18,84.524429,-55.956318,nan
2024-08-08T13:29:18,84.524422,-55.956493,nan
2024-08-08T13:29:17,84.524422,-55.956673,nan
2024-08-08T13:29:17,84.524414,-55.956856,nan
2024-08-08T13:29:16,84.524406,-55.957047,nan
2024-08-08T13:29:16,84.524399,-55.957241,nan
2024-08-08T13:29:15,84.524391,-55.957443,nan
2024-08-08T13:29:15,84.524384,-55.957649,nan
2024-08-08T13:29:14,84.524376,-55.957859,nan
2024-08-08T13:29:14,84.524368,-55.958073,nan
2024-08-08T13:29:13,84.524361,-55.958286,nan
2024-08-08T13:29:13,84.524353,-55.958504,nan
2024-08-08T13:29:12,84.524345,-55.958725,nan
2024-08-08T13:29:12,84.524338,-55.958939,nan
2024-08-08T13:29:11,84.524330,-55.959156,nan
2024-08-08T13:29:11,84.524323,-55.959373,nan
2024-08-08T13:29:10,84.524315,-55.959599,nan
2024-08-08T13:29:10,84.524307,-55.959824,nan
2024-08-08T13:29:09,84.524300,-55.960052,nan
2024-08-08T13:29:09,84.524292,-55.960285,nan
2024-08-08T13:29:08,84.524284,-55.960522,nan
2024-08-08T13:29:08,84.524284,-55.960758,nan
2024-08-08T13:29:07,84.524277,-55.960999,nan
2024-08-08T13:29:07,84.524269,-55.961239,nan
2024-08-08T13:29:06,84.524261,-55.961479,nan
2024-08-08T13:29:06,84.524254,-55.961723,nan
2024-08-08T13:29:05,84.524246,-55.961964,nan
2024-08-08T13:29:05,84.524239,-55.962212,nan
2024-08-08T13:29:04,84.524231,-55.962452,nan
2024-08-08T13:29:04,84.524223,-55.962696,nan
2024-08-08T13:29:03,84.524216,-55.962936,nan
2024-08-08T13:29:03,84.524208,-55.963184,nan
2024-08-08T13:29:02,84.524200,-55.963432,nan
2024-08-08T13:29:02,84.524193,-55.963684,nan
2024-08-08T13:29:01,84.524193,-55.963940,nan
2024-08-08T13:29:01,84.524185,-55.964199,nan
2024-08-08T13:29:00,84.524178,-55.964455,nan
2024-08-08T13:29:00,84.524170,-55.964718,nan
2024-08-08T13:28:59,84.524155,-55.964977,nan
2024-08-08T13:28:59,84.524147,-55.965237,nan
2024-08-08T13:28:58,84.524139,-55.965500,nan
2024-08-08T13:28:58,84.524132,-55.965763,nan
2024-08-08T13:28:57,84.524124,-55.966026,nan
2024-08-08T13:28:57,84.524117,-55.966293,nan
2024-08-08T13:28:56,84.524109,-55.966564,nan
2024-08-08T13:28:56,84.524101,-55.966843,nan
2024-08-08T13:28:55,84.524094,-55.967117,nan
2024-08-08T13:28:55,84.524094,-55.967400,nan
2024-08-08T13:28:54,84.524086,-55.967686,nan
2024-08-08T13:28:54,84.524078,-55.967968,nan
2024-08-08T13:28:53,84.524071,-55.968254,nan
2024-08-08T13:28:53,84.524063,-55.968536,nan
2024-08-08T13:28:52,84.524055,-55.968819,nan
2024-08-08T13:28:52,84.524055,-55.969101,nan
2024-08-08T13:28:51,84.524048,-55.969383,nan
2024-08-08T13:28:51,84.524040,-55.969662,nan
2024-08-08T13:28:50,84.524033,-55.969933,nan
2024-08-08T13:28:50,84.524025,-55.970200,nan
2024-08-08T13:28:49,84.524017,-55.970463,nan
2024-08-08T13:28:49,84.524017,-55.970730,nan
2024-08-08T13:28:48,84.524010,-55.970997,nan
2024-08-08T13:28:48,84.524010,-55.971264,nan
2024-08-08T13:28:47,84.524002,-55.971535,nan
2024-08-08T13:28:47,84.523994,-55.971809,nan
2024-08-08T13:28:46,84.523987,-55.972076,nan
2024-08-08T13:28:46,84.523987,-55.972343,nan
2024-08-08T13:28:45,84.523979,-55.972603,nan
2024-08-08T13:28:45,84.523972,-55.972855,nan
2024-08-08T13:28:44,84.523972,-55.973103,nan
2024-08-08T13:28:44,84.523964,-55.973347,nan
2024-08-08T13:28:43,84.523956,-55.973587,nan
2024-08-08T13:28:43,84.523956,-55.973824,nan
2024-08-08T13:28:42,84.523949,-55.974064,nan
2024-08-08T13:28:42,84.523941,-55.974304,nan
2024-08-08T13:28:41,84.523941,-55.974541,nan
2024-08-08T13:28:41,84.523933,-55.974785,nan
2024-08-08T13:28:40,84.523933,-55.975025,nan
2024-08-08T13:28:40,84.523926,-55.975269,nan
2024-08-08T13:28:39,84.523918,-55.975513,nan
2024-08-08T13:28:39,84.523918,-55.975754,nan
2024-08-08T13:28:38,84.523911,-55.975990,nan
2024-08-08T13:28:38,84.523903,-55.976231,nan
2024-08-08T13:28:37,84.523903,-55.976467,nan
2024-08-08T13:28:37,84.523895,-55.976704,nan
2024-08-08T13:28:36,84.523888,-55.976936,nan
2024-08-08T13:28:36,84.523888,-55.977173,nan
2024-08-08T13:28:35,84.523880,-55.977413,nan
2024-08-08T13:28:35,84.523872,-55.977657,nan
2024-08-08T13:28:34,84.523865,-55.977917,nan
2024-08-08T13:28:34,84.523857,-55.978184,nan
2024-08-08T13:28:33,84.523849,-55.978458,nan
2024-08-08T13:28:33,84.523842,-55.978745,nan
2024-08-08T13:28:32,84.523842,-55.979034,nan
2024-08-08T13:28:32,84.523834,-55.979324,nan
2024-08-08T13:28:31,84.523827,-55.979618,nan
2024-08-08T13:28:31,84.523819,-55.979912,nan
2024-08-08T13:28:30,84.523819,-55.980206,nan
2024-08-08T13:28:30,84.523811,-55.980503,nan
2024-08-08T13:28:29,84.523811,-55.980801,nan
2024-08-08T13:28:29,84.523804,-55.981098,nan
2024-08-08T13:28:28,84.523804,-55.981400,nan
2024-08-08T13:28:28,84.523796,-55.981701,nan
2024-08-08T13:28:27,84.523796,-55.982002,nan
2024-08-08T13:28:27,84.523788,-55.982311,nan
2024-08-08T13:28:26,84.523781,-55.982624,nan
2024-08-08T13:28:26,84.523773,-55.982937,nan
2024-08-08T13:28:25,84.523766,-55.983246,nan
2024-08-08T13:28:25,84.523758,-55.983547,nan
2024-08-08T13:28:24,84.523750,-55.983845,nan
2024-08-08T13:28:24,84.523743,-55.984138,nan
2024-08-08T13:28:23,84.523735,-55.984432,nan
2024-08-08T13:28:23,84.523727,-55.984730,nan
2024-08-08T13:28:22,84.523720,-55.985031,nan
2024-08-08T13:28:22,84.523712,-55.985344,nan
2024-08-08T13:28:21,84.523705,-55.985653,nan
2024-08-08T13:28:21,84.523689,-55.985966,nan
2024-08-08T13:28:20,84.523682,-55.986286,nan
2024-08-08T13:28:20,84.523674,-55.986614,nan
2024-08-08T13:28:19,84.523666,-55.986954,nan
2024-08-08T13:28:19,84.523651,-55.987293,nan
2024-08-08T13:28:18,84.523636,-55.987629,nan
2024-08-08T13:28:18,84.523621,-55.987976,nan
2024-08-08T13:28:17,84.523613,-55.988319,nan
2024-08-08T13:28:17,84.523598,-55.988667,nan
2024-08-08T13:28:16,84.523582,-55.989014,nan
2024-08-08T13:28:16,84.523575,-55.989361,nan
2024-08-08T13:28:15,84.523560,-55.989712,nan
2024-08-08T13:28:15,84.523552,-55.990070,nan
2024-08-08T13:28:14,84.523537,-55.990433,nan
2024-08-08T13:28:14,84.523521,-55.990803,nan
2024-08-08T13:28:13,84.523514,-55.991169,nan
2024-08-08T13:28:13,84.523499,-55.991531,nan
2024-08-08T13:28:12,84.523483,-55.991886,nan
2024-08-08T13:28:12,84.523468,-55.992233,nan
2024-08-08T13:28:11,84.523453,-55.992580,nan
2024-08-08T13:28:11,84.523438,-55.992931,nan
2024-08-08T13:28:10,84.523430,-55.993286,nan
2024-08-08T13:28:10,84.523415,-55.993645,nan
2024-08-08T13:28:09,84.523407,-55.994015,nan
2024-08-08T13:28:09,84.523392,-55.994385,nan
2024-08-08T13:28:08,84.523376,-55.994755,nan
2024-08-08T13:28:08,84.523369,-55.995132,nan
2024-08-08T13:28:07,84.523354,-55.995506,nan
2024-08-08T13:28:07,84.523346,-55.995880,nan
2024-08-08T13:28:06,84.523331,-55.996258,nan
2024-08-08T13:28:06,84.523323,-55.996632,nan
2024-08-08T13:28:05,84.523308,-55.996990,nan
2024-08-08T13:28:05,84.523293,-55.997341,nan
2024-08-08T13:28:04,84.523277,-55.997688,nan
2024-08-08T13:28:04,84.523270,-55.998024,nan
2024-08-08T13:28:03,84.523254,-55.998363,nan
2024-08-08T13:28:03,84.523239,-55.998699,nan
2024-08-08T13:28:02,84.523224,-55.999039,nan
2024-08-08T13:28:02,84.523209,-55.999386,nan
2024-08-08T13:28:01,84.523193,-55.999737,nan
2024-08-08T13:28:01,84.523170,-56.000099,nan
2024-08-08T13:28:00,84.523155,-56.000454,nan
2024-08-08T13:28:00,84.523140,-56.000805,nan
2024-08-08T13:27:59,84.523125,-56.001156,nan
2024-08-08T13:27:59,84.523109,-56.001499,nan
2024-08-08T13:27:58,84.523087,-56.001839,nan
2024-08-08T13:27:58,84.523071,-56.002178,nan
2024-08-08T13:27:57,84.523056,-56.002514,nan
2024-08-08T13:27:57,84.523041,-56.002850,nan
2024-08-08T13:27:56,84.523026,-56.003189,nan
2024-08-08T13:27:56,84.523010,-56.003529,nan
2024-08-08T13:27:55,84.522987,-56.003876,nan
2024-08-08T13:27:55,84.522972,-56.004227,nan
2024-08-08T13:27:54,84.522957,-56.004581,nan
2024-08-08T13:27:54,84.522942,-56.004932,nan
2024-08-08T13:27:53,84.522919,-56.005287,nan
2024-08-08T13:27:53,84.522903,-56.005646,nan
2024-08-08T13:27:52,84.522888,-56.005997,nan
2024-08-08T13:27:52,84.522873,-56.006340,nan
2024-08-08T13:27:51,84.522858,-56.006683,nan
2024-08-08T13:27:51,84.522842,-56.007027,nan
2024-08-08T13:27:50,84.522827,-56.007374,nan
2024-08-08T13:27:50,84.522812,-56.007721,nan
2024-08-08T13:27:49,84.522797,-56.008080,nan
2024-08-08T13:27:49,84.522781,-56.008442,nan
2024-08-08T13:27:48,84.522766,-56.008804,nan
2024-08-08T13:27:48,84.522751,-56.009167,nan
2024-08-08T13:27:47,84.522736,-56.009521,nan
2024-08-08T13:27:47,84.522720,-56.009876,nan
2024-08-08T13:27:46,84.522705,-56.010227,nan
2024-08-08T13:27:46,84.522690,-56.010571,nan
2024-08-08T13:27:45,84.522682,-56.010910,nan
2024-08-08T13:27:45,84.522667,-56.011250,nan
2024-08-08T13:27:44,84.522652,-56.011585,nan
2024-08-08T13:27:44,84.522636,-56.011925,nan
2024-08-08T13:27:43,84.522629,-56.012260,nan
2024-08-08T13:27:43,84.522614,-56.012596,nan
2024-08-08T13:27:42,84.522598,-56.012936,nan
2024-08-08T13:27:42,84.522583,-56.013275,nan
2024-08-08T13:27:41,84.522560,-56.013611,nan
2024-08-08T13:27:41,84.522545,-56.013939,nan
2024-08-08T13:27:40,84.522530,-56.014267,nan
2024-08-08T13:27:40,84.522514,-56.014599,nan
2024-08-08T13:27:39,84.522499,-56.014927,nan
2024-08-08T13:27:39,84.522484,-56.015263,nan
2024-08-08T13:27:38,84.522469,-56.015598,nan
2024-08-08T13:27:38,84.522453,-56.015942,nan
2024-08-08T13:27:37,84.522438,-56.016293,nan
2024-08-08T13:27:37,84.522423,-56.016644,nan
2024-08-08T13:27:36,84.522408,-56.016987,nan
2024-08-08T13:27:36,84.522392,-56.017334,nan
2024-08-08T13:27:35,84.522377,-56.017681,nan
2024-08-08T13:27:35,84.522362,-56.018028,nan
2024-08-08T13:27:34,84.522346,-56.018375,nan
2024-08-08T13:27:34,84.522331,-56.018730,nan
2024-08-08T13:27:33,84.522316,-56.019096,nan
2024-08-08T13:27:33,84.522301,-56.019470,nan
2024-08-08T13:27:32,84.522285,-56.019859,nan
2024-08-08T13:27:32,84.522270,-56.020260,nan
2024-08-08T13:27:31,84.522247,-56.020657,nan
2024-08-08T13:27:31,84.522232,-56.021053,nan
2024-08-08T13:27:30,84.522217,-56.021454,nan
2024-08-08T13:27:30,84.522202,-56.021854,nan
2024-08-08T13:27:29,84.522179,-56.022251,nan
2024-08-08T13:27:29,84.522163,-56.022652,nan
2024-08-08T13:27:28,84.522148,-56.023052,nan
2024-08-08T13:27:28,84.522133,-56.023457,nan
2024-08-08T13:27:27,84.522118,-56.023853,nan
2024-08-08T13:27:27,84.522102,-56.024250,nan
2024-08-08T13:27:26,84.522087,-56.024654,nan
2024-08-08T13:27:26,84.522079,-56.025066,nan
2024-08-08T13:27:25,84.522064,-56.025490,nan
2024-08-08T13:27:25,84.522049,-56.025917,nan
2024-08-08T13:27:24,84.522034,-56.026356,nan
2024-08-08T13:27:24,84.522026,-56.026806,nan
2024-08-08T13:27:23,84.522011,-56.027267,nan
2024-08-08T13:27:23,84.521996,-56.027740,nan
2024-08-08T13:27:22,84.521980,-56.028233,nan
2024-08-08T13:27:22,84.521973,-56.028736,nan
2024-08-08T13:27:21,84.521957,-56.029251,nan
2024-08-08T13:27:21,84.521950,-56.029770,nan
2024-08-08T13:27:20,84.521935,-56.030289,nan
2024-08-08T13:27:20,84.521919,-56.030807,nan
2024-08-08T13:27:19,84.521912,-56.031330,nan
2024-08-08T13:27:19,84.521896,-56.031849,nan
2024-08-08T13:27:18,84.521881,-56.032372,nan
2024-08-08T13:27:18,84.521866,-56.032890,nan
2024-08-08T13:27:17,84.521851,-56.033409,nan
2024-08-08T13:27:17,84.521835,-56.033924,nan
2024-08-08T13:27:16,84.521820,-56.034428,nan
2024-08-08T13:27:16,84.521805,-56.034931,nan
2024-08-08T13:27:15,84.521790,-56.035423,nan
2024-08-08T13:27:15,84.521774,-56.035915,nan
2024-08-08T13:27:14,84.521759,-56.036411,nan
2024-08-08T13:27:14,84.521744,-56.036907,nan
2024-08-08T13:27:13,84.521729,-56.037407,nan
2024-08-08T13:27:13,84.521721,-56.037910,nan
2024-08-08T13:27:12,84.521706,-56.038418,nan
2024-08-08T13:27:12,84.521690,-56.038925,nan
2024-08-08T13:27:11,84.521683,-56.039436,nan
2024-08-08T13:27:11,84.521667,-56.039944,nan
2024-08-08T13:27:10,84.521652,-56.040455,nan
2024-08-08T13:27:10,84.521645,-56.040951,nan
2024-08-08T13:27:09,84.521629,-56.041447,nan
2024-08-08T13:27:09,84.521614,-56.041943,nan
2024-08-08T13:27:08,84.521606,-56.042439,nan
2024-08-08T13:27:08,84.521591,-56.042942,nan
2024-08-08T13:27:07,84.521584,-56.043442,nan
2024-08-08T13:27:07,84.521568,-56.043941,nan
2024-08-08T13:27:06,84.521553,-56.044437,nan
2024-08-08T13:27:06,84.521545,-56.044926,nan
2024-08-08T13:27:05,84.521530,-56.045406,nan
2024-08-08T13:27:05,84.521515,-56.045887,nan
2024-08-08T13:27:04,84.521507,-56.046364,nan
2024-08-08T13:27:04,84.521492,-56.046844,nan
2024-08-08T13:27:03,84.521484,-56.047321,nan
2024-08-08T13:27:03,84.521469,-56.047798,nan
2024-08-08T13:27:02,84.521461,-56.048283,nan
2024-08-08T13:27:02,84.521446,-56.048771,nan
2024-08-08T13:27:01,84.521431,-56.049263,nan
2024-08-08T13:27:01,84.521423,-56.049763,nan
2024-08-08T13:27:00,84.521408,-56.050266,nan
2024-08-08T13:27:00,84.521400,-56.050774,nan
2024-08-08T13:26:59,84.521385,-56.051281,nan
2024-08-08T13:26:59,84.521370,-56.051788,nan
2024-08-08T13:26:58,84.521355,-56.052296,nan
2024-08-08T13:26:58,84.521347,-56.052799,nan
2024-08-08T13:26:57,84.521332,-56.053307,nan
2024-08-08T13:26:57,84.521317,-56.053822,nan
2024-08-08T13:26:56,84.521309,-56.054337,nan
2024-08-08T13:26:56,84.521294,-56.054855,nan
2024-08-08T13:26:55,84.521278,-56.055374,nan
2024-08-08T13:26:55,84.521271,-56.055897,nan
2024-08-08T13:26:54,84.521255,-56.056412,nan
2024-08-08T13:26:54,84.521240,-56.056927,nan
2024-08-08T13:26:53,84.521225,-56.057442,nan
2024-08-08T13:26:53,84.521210,-56.057945,nan
2024-08-08T13:26:52,84.521194,-56.058449,nan
2024-08-08T13:26:52,84.521179,-56.058952,nan
2024-08-08T13:26:51,84.521172,-56.059460,nan
2024-08-08T13:26:51,84.521156,-56.059959,nan
2024-08-08T13:26:50,84.521141,-56.060459,nan
2024-08-08T13:26:50,84.521126,-56.060963,nan
2024-08-08T13:26:49,84.521118,-56.061470,nan
2024-08-08T13:26:49,84.521103,-56.061974,nan
2024-08-08T13:26:48,84.521088,-56.062473,nan
2024-08-08T13:26:48,84.521072,-56.062969,nan
2024-08-08T13:26:47,84.521057,-56.063465,nan
2024-08-08T13:26:47,84.521042,-56.063961,nan
2024-08-08T13:26:46,84.521027,-56.064465,nan
2024-08-08T13:26:46,84.521011,-56.064964,nan
2024-08-08T13:26:45,84.520996,-56.065479,nan
2024-08-08T13:26:45,84.520981,-56.066010,nan
2024-08-08T13:26:44,84.520966,-56.066551,nan
2024-08-08T13:26:44,84.520950,-56.067104,nan
2024-08-08T13:26:43,84.520935,-56.067661,nan
2024-08-08T13:26:43,84.520920,-56.068226,nan
2024-08-08T13:26:42,84.520905,-56.068787,nan
2024-08-08T13:26:42,84.520889,-56.069344,nan
2024-08-08T13:26:41,84.520874,-56.069901,nan
2024-08-08T13:26:41,84.520859,-56.070457,nan
2024-08-08T13:26:40,84.520844,-56.071011,nan
2024-08-08T13:26:40,84.520828,-56.071564,nan
2024-08-08T13:26:39,84.520813,-56.072117,nan
2024-08-08T13:26:39,84.520798,-56.072666,nan
2024-08-08T13:26:38,84.520775,-56.073219,nan
2024-08-08T13:26:38,84.520760,-56.073772,nan
2024-08-08T13:26:37,84.520744,-56.074329,nan
2024-08-08T13:26:37,84.520729,-56.074890,nan
2024-08-08T13:26:36,84.520706,-56.075451,nan
2024-08-08T13:26:36,84.520691,-56.076012,nan
2024-08-08T13:26:35,84.520676,-56.076576,nan
2024-08-08T13:26:35,84.520653,-56.077133,nan
2024-08-08T13:26:34,84.520638,-56.077690,nan
2024-08-08T13:26:34,84.520622,-56.078251,nan
2024-08-08T13:26:33,84.520607,-56.078815,nan
2024-08-08T13:26:33,84.520592,-56.079388,nan
2024-08-08T13:26:32,84.520576,-56.079964,nan
2024-08-08T13:26:32,84.520561,-56.080544,nan
2024-08-08T13:26:31,84.520554,-56.081120,nan
2024-08-08T13:26:31,84.520538,-56.081696,nan
2024-08-08T13:26:30,84.520523,-56.082268,nan
2024-08-08T13:26:30,84.520508,-56.082848,nan
2024-08-08T13:26:29,84.520493,-56.083420,nan
2024-08-08T13:26:29,84.520477,-56.083996,nan
2024-08-08T13:26:28,84.520462,-56.084568,nan
2024-08-08T13:26:28,84.520454,-56.085140,nan
2024-08-08T13:26:27,84.520439,-56.085712,nan
2024-08-08T13:26:27,84.520424,-56.086288,nan
2024-08-08T13:26:26,84.520416,-56.086864,nan
2024-08-08T13:26:26,84.520401,-56.087437,nan
2024-08-08T13:26:25,84.520386,-56.088009,nan
2024-08-08T13:26:25,84.520370,-56.088573,nan
2024-08-08T13:26:24,84.520363,-56.089134,nan
2024-08-08T13:26:24,84.520348,-56.089687,nan
2024-08-08T13:26:23,84.520332,-56.090237,nan
2024-08-08T13:26:23,84.520317,-56.090778,nan
2024-08-08T13:26:22,84.520302,-56.091320,nan
2024-08-08T13:26:22,84.520287,-56.091858,nan
2024-08-08T13:26:21,84.520271,-56.092400,nan
2024-08-08T13:26:21,84.520256,-56.092945,nan
2024-08-08T13:26:20,84.520241,-56.093491,nan
2024-08-08T13:26:20,84.520226,-56.094036,nan
2024-08-08T13:26:19,84.520210,-56.094578,nan
2024-08-08T13:26:19,84.520195,-56.095112,nan
2024-08-08T13:26:18,84.520180,-56.095638,nan
2024-08-08T13:26:18,84.520164,-56.096165,nan
2024-08-08T13:26:17,84.520149,-56.096684,nan
2024-08-08T13:26:17,84.520134,-56.097198,nan
2024-08-08T13:26:16,84.520126,-56.097713,nan
2024-08-08T13:26:16,84.520111,-56.098225,nan
2024-08-08T13:26:15,84.520096,-56.098732,nan
2024-08-08T13:26:15,84.520081,-56.099239,nan
2024-08-08T13:26:14,84.520065,-56.099743,nan
2024-08-08T13:26:14,84.520050,-56.100239,nan
2024-08-08T13:26:13,84.520035,-56.100731,nan
2024-08-08T13:26:13,84.520020,-56.101219,nan
2024-08-08T13:26:12,84.520004,-56.101707,nan
2024-08-08T13:26:12,84.519997,-56.102188,nan
2024-08-08T13:26:11,84.519981,-56.102669,nan
2024-08-08T13:26:11,84.519966,-56.103149,nan
2024-08-08T13:26:10,84.519951,-56.103630,nan
2024-08-08T13:26:10,84.519936,-56.104107,nan
2024-08-08T13:26:09,84.519928,-56.104584,nan
2024-08-08T13:26:09,84.519913,-56.105061,nan
2024-08-08T13:26:08,84.519897,-56.105541,nan
2024-08-08T13:26:08,84.519882,-56.106022,nan
2024-08-08T13:26:07,84.519875,-56.106503,nan
2024-08-08T13:26:07,84.519859,-56.106979,nan
2024-08-08T13:26:06,84.519844,-56.107456,nan
2024-08-08T13:26:06,84.519836,-56.107929,nan
2024-08-08T13:26:05,84.519821,-56.108398,nan
2024-08-08T13:26:05,84.519806,-56.108864,nan
2024-08-08T13:26:04,84.519798,-56.109329,nan
2024-08-08T13:26:04,84.519783,-56.109795,nan
2024-08-08T13:26:03,84.519775,-56.110264,nan
2024-08-08T13:26:03,84.519760,-56.110733,nan
2024-08-08T13:26:02,84.519753,-56.111202,nan
2024-08-08T13:26:02,84.519737,-56.111668,nan
2024-08-08T13:26:01,84.519730,-56.112129,nan
2024-08-08T13:26:01,84.519722,-56.112591,nan
2024-08-08T13:26:00,84.519707,-56.113045,nan
2024-08-08T13:26:00,84.519699,-56.113503,nan
2024-08-08T13:25:59,84.519691,-56.113956,nan
2024-08-08T13:25:59,84.519676,-56.114407,nan
2024-08-08T13:25:58,84.519669,-56.114861,nan
2024-08-08T13:25:58,84.519661,-56.115318,nan
2024-08-08T13:25:57,84.519653,-56.115780,nan
2024-08-08T13:25:57,84.519646,-56.116241,nan
2024-08-08T13:25:56,84.519638,-56.116703,nan
2024-08-08T13:25:56,84.519623,-56.117165,nan
2024-08-08T13:25:55,84.519615,-56.117622,nan
2024-08-08T13:25:55,84.519608,-56.118076,nan
2024-08-08T13:25:54,84.519600,-56.118530,nan
2024-08-08T13:25:54,84.519592,-56.118980,nan
2024-08-08T13:25:53,84.519577,-56.119434,nan
2024-08-08T13:25:53,84.519569,-56.119892,nan
2024-08-08T13:25:52,84.519562,-56.120354,nan
2024-08-08T13:25:52,84.519554,-56.120815,nan
2024-08-08T13:25:51,84.519547,-56.121284,nan
2024-08-08T13:25:51,84.519539,-56.121754,nan
2024-08-08T13:25:50,84.519531,-56.122227,nan
2024-08-08T13:25:50,84.519524,-56.122696,nan
2024-08-08T13:25:49,84.519508,-56.123165,nan
2024-08-08T13:25:49,84.519501,-56.123638,nan
2024-08-08T13:25:48,84.519493,-56.124115,nan
2024-08-08T13:25:48,84.519485,-56.124596,nan
2024-08-08T13:25:47,84.519478,-56.125076,nan
2024-08-08T13:25:47,84.519470,-56.125565,nan
2024-08-08T13:25:46,84.519455,-56.126057,nan
2024-08-08T13:25:46,84.519447,-56.126553,nan
2024-08-08T13:25:45,84.519440,-56.127048,nan
2024-08-08T13:25:45,84.519432,-56.127541,nan
2024-08-08T13:25:44,84.519417,-56.128033,nan
2024-08-08T13:25:44,84.519409,-56.128517,nan
2024-08-08T13:25:43,84.519394,-56.129005,nan
2024-08-08T13:25:43,84.519379,-56.129490,nan
2024-08-08T13:25:42,84.519371,-56.129982,nan
2024-08-08T13:25:42,84.519356,-56.130478,nan
2024-08-08T13:25:41,84.519341,-56.130978,nan
2024-08-08T13:25:41,84.519333,-56.131485,nan
2024-08-08T13:25:40,84.519318,-56.131992,nan
2024-08-08T13:25:40,84.519302,-56.132511,nan
2024-08-08T13:25:39,84.519295,-56.133034,nan
2024-08-08T13:25:39,84.519279,-56.133560,nan
2024-08-08T13:25:38,84.519264,-56.134090,nan
2024-08-08T13:25:38,84.519249,-56.134632,nan
2024-08-08T13:25:37,84.519234,-56.135174,nan
2024-08-08T13:25:37,84.519218,-56.135715,nan
2024-08-08T13:25:36,84.519203,-56.136257,nan
2024-08-08T13:25:36,84.519188,-56.136803,nan
2024-08-08T13:25:35,84.519180,-56.137348,nan
2024-08-08T13:25:35,84.519165,-56.137894,nan
2024-08-08T13:25:34,84.519150,-56.138439,nan
2024-08-08T13:25:34,84.519142,-56.138985,nan
2024-08-08T13:25:33,84.519127,-56.139530,nan
2024-08-08T13:25:33,84.519112,-56.140083,nan
2024-08-08T13:25:32,84.519104,-56.140636,nan
2024-08-08T13:25:32,84.519089,-56.141186,nan
2024-08-08T13:25:31,84.519081,-56.141731,nan
2024-08-08T13:25:31,84.519066,-56.142281,nan
2024-08-08T13:25:30,84.519058,-56.142818,nan
2024-08-08T13:25:30,84.519043,-56.143356,nan
2024-08-08T13:25:29,84.519035,-56.143902,nan
2024-08-08T13:25:29,84.519020,-56.144447,nan
2024-08-08T13:25:28,84.519012,-56.144993,nan
2024-08-08T13:25:28,84.519005,-56.145542,nan
2024-08-08T13:25:27,84.518990,-56.146095,nan
2024-08-08T13:25:27,84.518982,-56.146645,nan
2024-08-08T13:25:26,84.518967,-56.147194,nan
2024-08-08T13:25:26,84.518959,-56.147739,nan
2024-08-08T13:25:25,84.518944,-56.148285,nan
2024-08-08T13:25:25,84.518929,-56.148827,nan
2024-08-08T13:25:24,84.518921,-56.149368,nan
2024-08-08T13:25:24,84.518906,-56.149906,nan
2024-08-08T13:25:23,84.518890,-56.150452,nan
2024-08-08T13:25:23,84.518883,-56.150997,nan
2024-08-08T13:25:22,84.518867,-56.151543,nan
2024-08-08T13:25:22,84.518852,-56.152092,nan
2024-08-08T13:25:21,84.518845,-56.152641,nan
2024-08-08T13:25:21,84.518829,-56.153191,nan
2024-08-08T13:25:20,84.518814,-56.153732,nan
2024-08-08T13:25:20,84.518806,-56.154278,nan
2024-08-08T13:25:19,84.518791,-56.154816,nan
2024-08-08T13:25:19,84.518784,-56.155354,nan
2024-08-08T13:25:18,84.518768,-56.155891,nan
2024-08-08T13:25:18,84.518753,-56.156425,nan
2024-08-08T13:25:17,84.518745,-56.156960,nan
2024-08-08T13:25:17,84.518730,-56.157497,nan
2024-08-08T13:25:16,84.518715,-56.158031,nan
2024-08-08T13:25:16,84.518707,-56.158569,nan
2024-08-08T13:25:15,84.518692,-56.159111,nan
2024-08-08T13:25:15,84.518677,-56.159649,nan
2024-08-08T13:25:14,84.518661,-56.160191,nan
2024-08-08T13:25:14,84.518646,-56.160732,nan
2024-08-08T13:25:13,84.518639,-56.161278,nan
2024-08-08T13:25:13,84.518623,-56.161827,nan
2024-08-08T13:25:12,84.518608,-56.162376,nan
2024-08-08T13:25:12,84.518593,-56.162941,nan
2024-08-08T13:25:11,84.518578,-56.163509,nan
2024-08-08T13:25:11,84.518562,-56.164085,nan
2024-08-08T13:25:10,84.518547,-56.164665,nan
2024-08-08T13:25:10,84.518539,-56.165257,nan
2024-08-08T13:25:09,84.518524,-56.165848,nan
2024-08-08T13:25:09,84.518509,-56.166439,nan
2024-08-08T13:25:08,84.518494,-56.167034,nan
2024-08-08T13:25:08,84.518478,-56.167625,nan
2024-08-08T13:25:07,84.518471,-56.168209,nan
2024-08-08T13:25:07,84.518456,-56.168789,nan
2024-08-08T13:25:06,84.518448,-56.169369,nan
2024-08-08T13:25:06,84.518433,-56.169949,nan
2024-08-08T13:25:05,84.518425,-56.170528,nan
2024-08-08T13:25:05,84.518410,-56.171108,nan
2024-08-08T13:25:04,84.518402,-56.171688,nan
2024-08-08T13:25:04,84.518387,-56.172268,nan
2024-08-08T13:25:03,84.518379,-56.172844,nan
2024-08-08T13:25:03,84.518364,-56.173416,nan
2024-08-08T13:25:02,84.518356,-56.173992,nan
2024-08-08T13:25:02,84.518341,-56.174572,nan
2024-08-08T13:25:01,84.518333,-56.175152,nan
2024-08-08T13:25:01,84.518318,-56.175732,nan
2024-08-08T13:25:00,84.518303,-56.176319,nan
2024-08-08T13:25:00,84.518295,-56.176910,nan
2024-08-08T13:24:59,84.518280,-56.177509,nan
2024-08-08T13:24:59,84.518272,-56.178108,nan
2024-08-08T13:24:58,84.518265,-56.178715,nan
2024-08-08T13:24:58,84.518250,-56.179325,nan
2024-08-08T13:24:57,84.518242,-56.179935,nan
2024-08-08T13:24:57,84.518234,-56.180546,nan
2024-08-08T13:24:56,84.518227,-56.181152,nan
2024-08-08T13:24:56,84.518211,-56.181759,nan
2024-08-08T13:24:55,84.518204,-56.182373,nan
2024-08-08T13:24:55,84.518196,-56.182980,nan
2024-08-08T13:24:54,84.518188,-56.183582,nan
2024-08-08T13:24:54,84.518181,-56.184189,nan
2024-08-08T13:24:53,84.518173,-56.184799,nan
2024-08-08T13:24:53,84.518166,-56.185417,nan
2024-08-08T13:24:52,84.518158,-56.186039,nan
2024-08-08T13:24:52,84.518150,-56.186657,nan
2024-08-08T13:24:51,84.518143,-56.187271,nan
2024-08-08T13:24:51,84.518135,-56.187881,nan
2024-08-08T13:24:50,84.518127,-56.188488,nan
2024-08-08T13:24:50,84.518120,-56.189091,nan
2024-08-08T13:24:49,84.518112,-56.189690,nan
2024-08-08T13:24:49,84.518105,-56.190292,nan
2024-08-08T13:24:48,84.518097,-56.190899,nan
2024-08-08T13:24:48,84.518089,-56.191505,nan
2024-08-08T13:24:47,84.518082,-56.192116,nan
2024-08-08T13:24:47,84.518074,-56.192719,nan
2024-08-08T13:24:46,84.518066,-56.193329,nan
2024-08-08T13:24:46,84.518059,-56.193932,nan
2024-08-08T13:24:45,84.518059,-56.194530,nan
2024-08-08T13:24:45,84.518044,-56.195122,nan
2024-08-08T13:24:44,84.518036,-56.195705,nan
2024-08-08T13:24:44,84.518028,-56.196289,nan
2024-08-08T13:24:43,84.518021,-56.196869,nan
2024-08-08T13:24:43,84.518013,-56.197441,nan
2024-08-08T13:24:42,84.518005,-56.198013,nan
2024-08-08T13:24:42,84.517998,-56.198586,nan
2024-08-08T13:24:41,84.517990,-56.199162,nan
2024-08-08T13:24:41,84.517982,-56.199741,nan
2024-08-08T13:24:40,84.517975,-56.200321,nan
2024-08-08T13:24:40,84.517967,-56.200901,nan
2024-08-08T13:24:39,84.517960,-56.201477,nan
2024-08-08T13:24:39,84.517952,-56.202053,nan
2024-08-08T13:24:38,84.517944,-56.202618,nan
2024-08-08T13:24:38,84.517937,-56.203178,nan
2024-08-08T13:24:37,84.517921,-56.203735,nan
2024-08-08T13:24:37,84.517914,-56.204288,nan
2024-08-08T13:24:36,84.517906,-56.204842,nan
2024-08-08T13:24:36,84.517899,-56.205399,nan
2024-08-08T13:24:35,84.517891,-56.205963,nan
2024-08-08T13:24:35,84.517883,-56.206532,nan
2024-08-08T13:24:34,84.517876,-56.207104,nan
2024-08-08T13:24:34,84.517860,-56.207676,nan
2024-08-08T13:24:33,84.517853,-56.208252,nan
2024-08-08T13:24:33,84.517838,-56.208832,nan
2024-08-08T13:24:32,84.517830,-56.209408,nan
2024-08-08T13:24:32,84.517822,-56.209984,nan
2024-08-08T13:24:31,84.517807,-56.210552,nan
2024-08-08T13:24:31,84.517799,-56.211121,nan
2024-08-08T13:24:30,84.517792,-56.211685,nan
2024-08-08T13:24:30,84.517776,-56.212250,nan
2024-08-08T13:24:29,84.517769,-56.212811,nan
2024-08-08T13:24:29,84.517754,-56.213371,nan
2024-08-08T13:24:28,84.517746,-56.213936,nan
2024-08-08T13:24:28,84.517738,-56.214504,nan
2024-08-08T13:24:27,84.517723,-56.215076,nan
2024-08-08T13:24:27,84.517715,-56.215656,nan
2024-08-08T13:24:26,84.517700,-56.216232,nan
2024-08-08T13:24:26,84.517693,-56.216812,nan
2024-08-08T13:24:25,84.517685,-56.217388,nan
2024-08-08T13:24:25,84.517670,-56.217960,nan
2024-08-08T13:24:24,84.517662,-56.218529,nan
2024-08-08T13:24:24,84.517654,-56.219101,nan
2024-08-08T13:24:23,84.517647,-56.219673,nan
2024-08-08T13:24:23,84.517632,-56.220249,nan
2024-08-08T13:24:22,84.517624,-56.220825,nan
2024-08-08T13:24:22,84.517616,-56.221401,nan
2024-08-08T13:24:21,84.517601,-56.221985,nan
2024-08-08T13:24:21,84.517593,-56.222569,nan
2024-08-08T13:24:20,84.517586,-56.223152,nan
2024-08-08T13:24:20,84.517570,-56.223732,nan
2024-08-08T13:24:19,84.517555,-56.224308,nan
2024-08-08T13:24:19,84.517548,-56.224880,nan
2024-08-08T13:24:18,84.517532,-56.225449,nan
2024-08-08T13:24:18,84.517525,-56.226021,nan
2024-08-08T13:24:17,84.517517,-56.226589,nan
2024-08-08T13:24:17,84.517502,-56.227158,nan
2024-08-08T13:24:16,84.517494,-56.227730,nan
2024-08-08T13:24:16,84.517487,-56.228302,nan
2024-08-08T13:24:15,84.517471,-56.228878,nan
2024-08-08T13:24:15,84.517464,-56.229458,nan
2024-08-08T13:24:14,84.517456,-56.230038,nan
2024-08-08T13:24:14,84.517448,-56.230614,nan
2024-08-08T13:24:13,84.517433,-56.231190,nan
2024-08-08T13:24:13,84.517426,-56.231762,nan
2024-08-08T13:24:12,84.517410,-56.232334,nan
2024-08-08T13:24:12,84.517403,-56.232903,nan
2024-08-08T13:24:11,84.517395,-56.233471,nan
2024-08-08T13:24:11,84.517380,-56.234035,nan
2024-08-08T13:24:10,84.517372,-56.234608,nan
2024-08-08T13:24:10,84.517357,-56.235180,nan
2024-08-08T13:24:09,84.517349,-56.235752,nan
2024-08-08T13:24:09,84.517342,-56.236324,nan
2024-08-08T13:24:08,84.517326,-56.236904,nan
2024-08-08T13:24:08,84.517319,-56.237488,nan
2024-08-08T13:24:07,84.517303,-56.238064,nan
2024-08-08T13:24:07,84.517288,-56.238647,nan
2024-08-08T13:24:06,84.517281,-56.239227,nan
2024-08-08T13:24:06,84.517265,-56.239807,nan
2024-08-08T13:24:05,84.517258,-56.240391,nan
2024-08-08T13:24:05,84.517242,-56.240978,nan
2024-08-08T13:24:04,84.517227,-56.241570,nan
2024-08-08T13:24:04,84.517220,-56.242168,nan
2024-08-08T13:24:03,84.517204,-56.242771,nan
2024-08-08T13:24:03,84.517197,-56.243378,nan
2024-08-08T13:24:02,84.517181,-56.243984,nan
2024-08-08T13:24:02,84.517174,-56.244595,nan
2024-08-08T13:24:01,84.517159,-56.245209,nan
2024-08-08T13:24:01,84.517143,-56.245819,nan
2024-08-08T13:24:00,84.517128,-56.246426,nan
2024-08-08T13:24:00,84.517120,-56.247025,nan
2024-08-08T13:23:59,84.517105,-56.247627,nan
2024-08-08T13:23:59,84.517097,-56.248226,nan
2024-08-08T13:23:58,84.517082,-56.248825,nan
2024-08-08T13:23:58,84.517075,-56.249428,nan
2024-08-08T13:23:57,84.517067,-56.250034,nan
2024-08-08T13:23:57,84.517059,-56.250648,nan
2024-08-08T13:23:56,84.517052,-56.251266,nan
2024-08-08T13:23:56,84.517036,-56.251896,nan
2024-08-08T13:23:55,84.517029,-56.252525,nan
2024-08-08T13:23:55,84.517021,-56.253155,nan
2024-08-08T13:23:54,84.517006,-56.253784,nan
2024-08-08T13:23:54,84.516998,-56.254414,nan
2024-08-08T13:23:53,84.516983,-56.255039,nan
2024-08-08T13:23:53,84.516975,-56.255661,nan
2024-08-08T13:23:52,84.516960,-56.256283,nan
2024-08-08T13:23:52,84.516953,-56.256901,nan
2024-08-08T13:23:51,84.516937,-56.257515,nan
2024-08-08T13:23:51,84.516922,-56.258125,nan
2024-08-08T13:23:50,84.516914,-56.258732,nan
2024-08-08T13:23:50,84.516899,-56.259338,nan
2024-08-08T13:23:49,84.516884,-56.259945,nan
2024-08-08T13:23:49,84.516876,-56.260551,nan
2024-08-08T13:23:48,84.516861,-56.261158,nan
2024-08-08T13:23:48,84.516846,-56.261765,nan
2024-08-08T13:23:47,84.516838,-56.262367,nan
2024-08-08T13:23:47,84.516823,-56.262970,nan
2024-08-08T13:23:46,84.516808,-56.263569,nan
2024-08-08T13:23:46,84.516792,-56.264160,nan
2024-08-08T13:23:45,84.516777,-56.264748,nan
2024-08-08T13:23:45,84.516762,-56.265331,nan
2024-08-08T13:23:44,84.516747,-56.265915,nan
2024-08-08T13:23:44,84.516731,-56.266499,nan
2024-08-08T13:23:43,84.516716,-56.267086,nan
2024-08-08T13:23:43,84.516701,-56.267677,nan
2024-08-08T13:23:42,84.516685,-56.268272,nan
2024-08-08T13:23:42,84.516670,-56.268864,nan
2024-08-08T13:23:41,84.516655,-56.269459,nan
2024-08-08T13:23:41,84.516640,-56.270058,nan
2024-08-08T13:23:40,84.516624,-56.270641,nan
2024-08-08T13:23:40,84.516609,-56.271225,nan
2024-08-08T13:23:39,84.516594,-56.271801,nan
2024-08-08T13:23:39,84.516579,-56.272369,nan
2024-08-08T13:23:38,84.516563,-56.272938,nan
2024-08-08T13:23:38,84.516541,-56.273499,nan
2024-08-08T13:23:37,84.516525,-56.274059,nan
2024-08-08T13:23:37,84.516510,-56.274624,nan
2024-08-08T13:23:36,84.516495,-56.275185,nan
2024-08-08T13:23:36,84.516479,-56.275749,nan
2024-08-08T13:23:35,84.516464,-56.276321,nan
2024-08-08T13:23:35,84.516457,-56.276894,nan
2024-08-08T13:23:34,84.516441,-56.277470,nan
2024-08-08T13:23:34,84.516426,-56.278049,nan
2024-08-08T13:23:33,84.516418,-56.278633,nan
2024-08-08T13:23:33,84.516403,-56.279217,nan
2024-08-08T13:23:32,84.516388,-56.279808,nan
2024-08-08T13:23:32,84.516380,-56.280399,nan
2024-08-08T13:23:31,84.516365,-56.280994,nan
2024-08-08T13:23:31,84.516350,-56.281586,nan
2024-08-08T13:23:30,84.516342,-56.282177,nan
2024-08-08T13:23:30,84.516327,-56.282764,nan
2024-08-08T13:23:29,84.516319,-56.283348,nan
2024-08-08T13:23:29,84.516312,-56.283936,nan
2024-08-08T13:23:28,84.516296,-56.284519,nan
2024-08-08T13:23:28,84.516289,-56.285107,nan
2024-08-08T13:23:27,84.516281,-56.285698,nan
2024-08-08T13:23:27,84.516266,-56.286289,nan
2024-08-08T13:23:26,84.516258,-56.286884,nan
2024-08-08T13:23:26,84.516251,-56.287483,nan
2024-08-08T13:23:25,84.516235,-56.288082,nan
2024-08-08T13:23:25,84.516228,-56.288685,nan
2024-08-08T13:23:24,84.516220,-56.289284,nan
2024-08-08T13:23:24,84.516205,-56.289879,nan
2024-08-08T13:23:23,84.516197,-56.290470,nan
2024-08-08T13:23:23,84.516182,-56.291061,nan
2024-08-08T13:23:22,84.516174,-56.291653,nan
2024-08-08T13:23:22,84.516159,-56.292248,nan
2024-08-08T13:23:21,84.516151,-56.292843,nan
2024-08-08T13:23:21,84.516136,-56.293434,nan
2024-08-08T13:23:20,84.516129,-56.294029,nan
2024-08-08T13:23:20,84.516113,-56.294624,nan
2024-08-08T13:23:19,84.516106,-56.295227,nan
2024-08-08T13:23:19,84.516090,-56.295826,nan
2024-08-08T13:23:18,84.516083,-56.296429,nan
2024-08-08T13:23:18,84.516075,-56.297043,nan
2024-08-08T13:23:17,84.516060,-56.297661,nan
2024-08-08T13:23:17,84.516052,-56.298275,nan
2024-08-08T13:23:16,84.516045,-56.298897,nan
2024-08-08T13:23:16,84.516029,-56.299515,nan
2024-08-08T13:23:15,84.516022,-56.300137,nan
2024-08-08T13:23:15,84.516014,-56.300758,nan
2024-08-08T13:23:14,84.516006,-56.301384,nan
2024-08-08T13:23:14,84.515991,-56.302006,nan
2024-08-08T13:23:13,84.515984,-56.302624,nan
2024-08-08T13:23:13,84.515976,-56.303246,nan
2024-08-08T13:23:12,84.515968,-56.303871,nan
2024-08-08T13:23:12,84.515961,-56.304493,nan
2024-08-08T13:23:11,84.515945,-56.305115,nan
2024-08-08T13:23:11,84.515938,-56.305737,nan
2024-08-08T13:23:10,84.515938,-56.306358,nan
2024-08-08T13:23:10,84.515930,-56.306988,nan
2024-08-08T13:23:09,84.515923,-56.307617,nan
2024-08-08T13:23:09,84.515915,-56.308250,nan
2024-08-08T13:23:08,84.515907,-56.308880,nan
2024-08-08T13:23:08,84.515900,-56.309517,nan
2024-08-08T13:23:07,84.515900,-56.310154,nan
2024-08-08T13:23:07,84.515892,-56.310791,nan
2024-08-08T13:23:06,84.515884,-56.311424,nan
2024-08-08T13:23:06,84.515877,-56.312054,nan
2024-08-08T13:23:05,84.515869,-56.312679,nan
2024-08-08T13:23:05,84.515862,-56.313305,nan
2024-08-08T13:23:04,84.515854,-56.313923,nan
2024-08-08T13:23:04,84.515846,-56.314541,nan
2024-08-08T13:23:03,84.515839,-56.315159,nan
2024-08-08T13:23:03,84.515831,-56.315769,nan
2024-08-08T13:23:02,84.515823,-56.316380,nan
2024-08-08T13:23:02,84.515816,-56.316990,nan
2024-08-08T13:23:01,84.515808,-56.317604,nan
2024-08-08T13:23:01,84.515800,-56.318222,nan
2024-08-08T13:23:00,84.515800,-56.318844,nan
2024-08-08T13:23:00,84.515793,-56.319473,nan
2024-08-08T13:22:59,84.515785,-56.320099,nan
2024-08-08T13:22:59,84.515778,-56.320724,nan
2024-08-08T13:22:58,84.515778,-56.321350,nan
2024-08-08T13:22:58,84.515770,-56.321976,nan
2024-08-08T13:22:57,84.515762,-56.322605,nan
2024-08-08T13:22:57,84.515762,-56.323235,nan
2024-08-08T13:22:56,84.515755,-56.323864,nan
2024-08-08T13:22:56,84.515755,-56.324497,nan
2024-08-08T13:22:55,84.515747,-56.325130,nan
2024-08-08T13:22:55,84.515739,-56.325768,nan
2024-08-08T13:22:54,84.515739,-56.326405,nan
2024-08-08T13:22:54,84.515739,-56.327042,nan
2024-08-08T13:22:53,84.515732,-56.327682,nan
2024-08-08T13:22:53,84.515732,-56.328327,nan
2024-08-08T13:22:52,84.515732,-56.328976,nan
2024-08-08T13:22:52,84.515732,-56.329628,nan
2024-08-08T13:22:51,84.515732,-56.330288,nan
2024-08-08T13:22:51,84.515732,-56.330948,nan
2024-08-08T13:22:50,84.515732,-56.331612,nan
2024-08-08T13:22:50,84.515732,-56.332279,nan
2024-08-08T13:22:49,84.515732,-56.332951,nan
2024-08-08T13:22:49,84.515732,-56.333618,nan
2024-08-08T13:22:48,84.515732,-56.334286,nan
2024-08-08T13:22:48,84.515732,-56.334953,nan
2024-08-08T13:22:47,84.515732,-56.335625,nan
2024-08-08T13:22:47,84.515732,-56.336288,nan
2024-08-08T13:22:46,84.515732,-56.336952,nan
2024-08-08T13:22:46,84.515732,-56.337616,nan
2024-08-08T13:22:45,84.515732,-56.338280,nan
2024-08-08T13:22:45,84.515732,-56.338940,nan
2024-08-08T13:22:44,84.515724,-56.339600,nan
2024-08-08T13:22:44,84.515724,-56.340256,nan
2024-08-08T13:22:43,84.515724,-56.340904,nan
2024-08-08T13:22:43,84.515724,-56.341549,nan
2024-08-08T13:22:42,84.515724,-56.342194,nan
2024-08-08T13:22:42,84.515717,-56.342831,nan
2024-08-08T13:22:41,84.515717,-56.343472,nan
2024-08-08T13:22:41,84.515717,-56.344112,nan
2024-08-08T13:22:40,84.515717,-56.344753,nan
2024-08-08T13:22:40,84.515717,-56.345394,nan
2024-08-08T13:22:39,84.515717,-56.346043,nan
2024-08-08T13:22:39,84.515717,-56.346691,nan
2024-08-08T13:22:38,84.515717,-56.347347,nan
2024-08-08T13:22:38,84.515717,-56.348003,nan
2024-08-08T13:22:37,84.515717,-56.348660,nan
2024-08-08T13:22:37,84.515709,-56.349312,nan
2024-08-08T13:22:36,84.515709,-56.349968,nan
2024-08-08T13:22:36,84.515709,-56.350624,nan
2024-08-08T13:22:35,84.515709,-56.351276,nan
2024-08-08T13:22:35,84.515709,-56.351925,nan
2024-08-08T13:22:34,84.515701,-56.352570,nan
2024-08-08T13:22:34,84.515701,-56.353210,nan
2024-08-08T13:22:33,84.515701,-56.353855,nan
2024-08-08T13:22:33,84.515701,-56.354492,nan
2024-08-08T13:22:32,84.515701,-56.355129,nan
2024-08-08T13:22:32,84.515694,-56.355762,nan
2024-08-08T13:22:31,84.515694,-56.356400,nan
2024-08-08T13:22:31,84.515694,-56.357037,nan
2024-08-08T13:22:30,84.515694,-56.357677,nan
2024-08-08T13:22:30,84.515701,-56.358318,nan
2024-08-08T13:22:29,84.515701,-56.358963,nan
2024-08-08T13:22:29,84.515701,-56.359608,nan
2024-08-08T13:22:28,84.515701,-56.360256,nan
2024-08-08T13:22:28,84.515709,-56.360905,nan
2024-08-08T13:22:27,84.515709,-56.361553,nan
2024-08-08T13:22:27,84.515717,-56.362206,nan
2024-08-08T13:22:26,84.515717,-56.362858,nan
2024-08-08T13:22:26,84.515724,-56.363514,nan
2024-08-08T13:22:25,84.515724,-56.364166,nan
2024-08-08T13:22:25,84.515732,-56.364819,nan
2024-08-08T13:22:24,84.515732,-56.365471,nan
2024-08-08T13:22:24,84.515739,-56.366127,nan
2024-08-08T13:22:23,84.515739,-56.366779,nan
2024-08-08T13:22:23,84.515747,-56.367435,nan
2024-08-08T13:22:22,84.515755,-56.368088,nan
2024-08-08T13:22:22,84.515755,-56.368744,nan
2024-08-08T13:22:21,84.515762,-56.369392,nan
2024-08-08T13:22:21,84.515762,-56.370041,nan
2024-08-08T13:22:20,84.515770,-56.370693,nan
2024-08-08T13:22:20,84.515778,-56.371342,nan
2024-08-08T13:22:19,84.515785,-56.371986,nan
2024-08-08T13:22:19,84.515793,-56.372631,nan
2024-08-08T13:22:18,84.515800,-56.373276,nan
2024-08-08T13:22:18,84.515800,-56.373924,nan
2024-08-08T13:22:17,84.515808,-56.374577,nan
2024-08-08T13:22:17,84.515816,-56.375225,nan
2024-08-08T13:22:16,84.515823,-56.375874,nan
2024-08-08T13:22:16,84.515831,-56.376526,nan
2024-08-08T13:22:15,84.515839,-56.377171,nan
2024-08-08T13:22:15,84.515846,-56.377815,nan
2024-08-08T13:22:14,84.515854,-56.378460,nan
2024-08-08T13:22:14,84.515862,-56.379108,nan
2024-08-08T13:22:13,84.515869,-56.379761,nan
2024-08-08T13:22:13,84.515877,-56.380409,nan
2024-08-08T13:22:12,84.515884,-56.381062,nan
2024-08-08T13:22:12,84.515892,-56.381706,nan
2024-08-08T13:22:11,84.515900,-56.382355,nan
2024-08-08T13:22:11,84.515907,-56.382999,nan
2024-08-08T13:22:10,84.515915,-56.383640,nan
2024-08-08T13:22:10,84.515923,-56.384285,nan
2024-08-08T13:22:09,84.515938,-56.384926,nan
2024-08-08T13:22:09,84.515945,-56.385567,nan
2024-08-08T13:22:08,84.515953,-56.386204,nan
2024-08-08T13:22:08,84.515961,-56.386837,nan
2024-08-08T13:22:07,84.515968,-56.387470,nan
2024-08-08T13:22:07,84.515976,-56.388103,nan
2024-08-08T13:22:06,84.515991,-56.388737,nan
2024-08-08T13:22:06,84.515999,-56.389370,nan
2024-08-08T13:22:05,84.516006,-56.389999,nan
2024-08-08T13:22:05,84.516014,-56.390629,nan
2024-08-08T13:22:04,84.516022,-56.391262,nan
2024-08-08T13:22:04,84.516029,-56.391899,nan
2024-08-08T13:22:03,84.516045,-56.392544,nan
2024-08-08T13:22:03,84.516052,-56.393192,nan
2024-08-08T13:22:02,84.516060,-56.393848,nan
2024-08-08T13:22:02,84.516068,-56.394505,nan
2024-08-08T13:22:01,84.516075,-56.395164,nan
2024-08-08T13:22:01,84.516083,-56.395824,nan
2024-08-08T13:22:00,84.516090,-56.396488,nan
2024-08-08T13:22:00,84.516090,-56.397148,nan
2024-08-08T13:21:59,84.516098,-56.397808,nan
2024-08-08T13:21:59,84.516106,-56.398464,nan
2024-08-08T13:21:58,84.516106,-56.399120,nan
2024-08-08T13:21:58,84.516113,-56.399776,nan
2024-08-08T13:21:57,84.516113,-56.400429,nan
2024-08-08T13:21:57,84.516121,-56.401077,nan
2024-08-08T13:21:56,84.516121,-56.401730,nan
2024-08-08T13:21:56,84.516129,-56.402378,nan
2024-08-08T13:21:55,84.516129,-56.403027,nan
2024-08-08T13:21:55,84.516136,-56.403675,nan
2024-08-08T13:21:54,84.516136,-56.404320,nan
2024-08-08T13:21:54,84.516144,-56.404968,nan
2024-08-08T13:21:53,84.516144,-56.405621,nan
2024-08-08T13:21:53,84.516151,-56.406277,nan
2024-08-08T13:21:52,84.516151,-56.406937,nan
2024-08-08T13:21:52,84.516151,-56.407593,nan
2024-08-08T13:21:51,84.516159,-56.408249,nan
2024-08-08T13:21:51,84.516159,-56.408901,nan
2024-08-08T13:21:50,84.516151,-56.409550,nan
2024-08-08T13:21:50,84.516151,-56.410194,nan
2024-08-08T13:21:49,84.516151,-56.410839,nan
2024-08-08T13:21:49,84.516144,-56.411484,nan
2024-08-08T13:21:48,84.516144,-56.412128,nan
2024-08-08T13:21:48,84.516136,-56.412777,nan
2024-08-08T13:21:47,84.516129,-56.413425,nan
2024-08-08T13:21:47,84.516121,-56.414082,nan
2024-08-08T13:21:46,84.516113,-56.414742,nan
2024-08-08T13:21:46,84.516106,-56.415413,nan
2024-08-08T13:21:45,84.516098,-56.416084,nan
2024-08-08T13:21:45,84.516090,-56.416767,nan
2024-08-08T13:21:44,84.516083,-56.417454,nan
2024-08-08T13:21:44,84.516075,-56.418148,nan
2024-08-08T13:21:43,84.516068,-56.418846,nan
2024-08-08T13:21:43,84.516052,-56.419540,nan
2024-08-08T13:21:42,84.516045,-56.420238,nan
2024-08-08T13:21:42,84.516037,-56.420937,nan
2024-08-08T13:21:41,84.516029,-56.421631,nan
2024-08-08T13:21:41,84.516022,-56.422329,nan
2024-08-08T13:21:40,84.516014,-56.423023,nan
2024-08-08T13:21:40,84.515999,-56.423721,nan
2024-08-08T13:21:39,84.515991,-56.424416,nan
2024-08-08T13:21:39,84.515976,-56.425110,nan
2024-08-08T13:21:38,84.515968,-56.425804,nan
2024-08-08T13:21:38,84.515953,-56.426498,nan
2024-08-08T13:21:37,84.515938,-56.427185,nan
2024-08-08T13:21:37,84.515923,-56.427868,nan
2024-08-08T13:21:36,84.515907,-56.428547,nan
2024-08-08T13:21:36,84.515900,-56.429218,nan
2024-08-08T13:21:35,84.515884,-56.429882,nan
2024-08-08T13:21:35,84.515869,-56.430538,nan
2024-08-08T13:21:34,84.515854,-56.431187,nan
2024-08-08T13:21:34,84.515839,-56.431824,nan
2024-08-08T13:21:33,84.515823,-56.432453,nan
2024-08-08T13:21:33,84.515808,-56.433075,nan
2024-08-08T13:21:32,84.515793,-56.433689,nan
2024-08-08T13:21:32,84.515778,-56.434307,nan
2024-08-08T13:21:31,84.515755,-56.434921,nan
2024-08-08T13:21:31,84.515739,-56.435532,nan
2024-08-08T13:21:30,84.515717,-56.436138,nan
2024-08-08T13:21:30,84.515701,-56.436745,nan
2024-08-08T13:21:29,84.515686,-56.437344,nan
2024-08-08T13:21:29,84.515663,-56.437939,nan
2024-08-08T13:21:28,84.515648,-56.438534,nan
2024-08-08T13:21:28,84.515633,-56.439125,nan
2024-08-08T13:21:27,84.515610,-56.439716,nan
2024-08-08T13:21:27,84.515594,-56.440304,nan
2024-08-08T13:21:26,84.515572,-56.440887,nan
2024-08-08T13:21:26,84.515556,-56.441463,nan
2024-08-08T13:21:25,84.515533,-56.442039,nan
2024-08-08T13:21:25,84.515511,-56.442612,nan
2024-08-08T13:21:24,84.515488,-56.443184,nan
2024-08-08T13:21:24,84.515465,-56.443752,nan
2024-08-08T13:21:23,84.515442,-56.444313,nan
2024-08-08T13:21:23,84.515419,-56.444866,nan
2024-08-08T13:21:22,84.515388,-56.445419,nan
2024-08-08T13:21:22,84.515366,-56.445965,nan
2024-08-08T13:21:21,84.515343,-56.446510,nan
2024-08-08T13:21:21,84.515320,-56.447052,nan
2024-08-08T13:21:20,84.515297,-56.447601,nan
2024-08-08T13:21:20,84.515274,-56.448151,nan
2024-08-08T13:21:19,84.515251,-56.448708,nan
2024-08-08T13:21:19,84.515228,-56.449268,nan
2024-08-08T13:21:18,84.515205,-56.449837,nan
2024-08-08T13:21:12,84.514877,-56.457699,nan
2024-08-08T13:21:04,84.514580,-56.467247,nan
2024-08-08T13:21:04,84.514565,-56.467873,nan
2024-08-08T13:20:59,84.514397,-56.472889,nan
2024-08-08T13:20:59,84.514374,-56.473400,nan
2024-08-08T13:20:58,84.514320,-56.474415,nan
2024-08-08T13:20:57,84.514267,-56.475433,nan
2024-08-08T13:20:53,84.514091,-56.479107,nan
2024-08-08T13:20:52,84.514046,-56.480209,nan
2024-08-08T13:20:51,84.513969,-56.481888,nan
2024-08-08T13:20:50,84.513939,-56.482452,nan
2024-08-08T13:20:50,84.513916,-56.483017,nan
2024-08-08T13:20:49,84.513863,-56.484142,nan
2024-08-08T13:20:48,84.513840,-56.484711,nan
2024-08-08T13:20:47,84.513794,-56.485863,nan
2024-08-08T13:20:47,84.513771,-56.486439,nan
2024-08-08T13:20:44,84.513657,-56.489857,nan
2024-08-08T13:20:43,84.513634,-56.490395,nan
2024-08-08T13:20:42,84.513596,-56.491447,nan
2024-08-08T13:20:42,84.513573,-56.491959,nan
2024-08-08T13:20:41,84.513527,-56.492966,nan
2024-08-08T13:20:40,84.513496,-56.493462,nan
2024-08-08T13:20:40,84.513474,-56.493946,nan
2024-08-08T13:20:39,84.513451,-56.494427,nan
2024-08-08T13:20:39,84.513420,-56.494904,nan
2024-08-08T13:20:38,84.513367,-56.495865,nan
2024-08-08T13:20:35,84.513222,-56.498402,nan
2024-08-08T13:20:34,84.513168,-56.499462,nan
2024-08-08T13:20:34,84.513145,-56.499996,nan
2024-08-08T13:20:33,84.513123,-56.500530,nan
2024-08-08T13:20:33,84.513107,-56.501057,nan
2024-08-08T13:20:32,84.513084,-56.501583,nan
2024-08-08T13:20:32,84.513062,-56.502098,nan
2024-08-08T13:20:31,84.513046,-56.502609,nan
2024-08-08T13:20:31,84.513031,-56.503117,nan
2024-08-08T13:20:30,84.513016,-56.503616,nan
2024-08-08T13:20:30,84.512993,-56.504116,nan
2024-08-08T13:20:29,84.512978,-56.504616,nan
2024-08-08T13:20:29,84.512955,-56.505116,nan
2024-08-08T13:20:28,84.512939,-56.505615,nan
2024-08-08T13:20:28,84.512917,-56.506123,nan
2024-08-08T13:20:27,84.512901,-56.506626,nan
2024-08-08T13:20:25,84.512817,-56.508614,nan
2024-08-08T13:20:25,84.512794,-56.509094,nan
2024-08-08T13:20:24,84.512772,-56.509575,nan
2024-08-08T13:20:23,84.512718,-56.510513,nan
2024-08-08T13:20:23,84.512695,-56.510975,nan
2024-08-08T13:20:22,84.512672,-56.511429,nan
2024-08-08T13:20:21,84.512627,-56.512333,nan
2024-08-08T13:20:19,84.512535,-56.514145,nan
2024-08-08T13:20:19,84.512512,-56.514606,nan
2024-08-08T13:20:18,84.512489,-56.515064,nan
2024-08-08T13:20:18,84.512466,-56.515530,nan
2024-08-08T13:20:17,84.512444,-56.515991,nan
2024-08-08T13:20:17,84.512428,-56.516449,nan
2024-08-08T13:20:16,84.512405,-56.516899,nan
2024-08-08T13:20:16,84.512383,-56.517342,nan
2024-08-08T13:20:15,84.512367,-56.517769,nan
2024-08-08T13:20:15,84.512344,-56.518192,nan
2024-08-08T13:20:14,84.512329,-56.518597,nan
2024-08-08T13:20:14,84.512306,-56.518993,nan
2024-08-08T13:20:13,84.512291,-56.519382,nan
2024-08-08T13:20:13,84.512276,-56.519760,nan
2024-08-08T13:20:12,84.512253,-56.520130,nan
2024-08-08T13:20:12,84.512230,-56.520504,nan
2024-08-08T13:20:11,84.512207,-56.520882,nan
2024-08-08T13:20:11,84.512184,-56.521267,nan
2024-08-08T13:20:10,84.512161,-56.521660,nan
2024-08-08T13:20:10,84.512138,-56.522060,nan
2024-08-08T13:20:09,84.512115,-56.522472,nan
2024-08-08T13:20:09,84.512093,-56.522888,nan
2024-08-08T13:20:08,84.512062,-56.523308,nan
2024-08-08T13:20:08,84.512039,-56.523731,nan
2024-08-08T13:20:07,84.512009,-56.524162,nan
2024-08-08T13:20:07,84.511986,-56.524597,nan
2024-08-08T13:20:06,84.511955,-56.525036,nan
2024-08-08T13:20:06,84.511932,-56.525478,nan
2024-08-08T13:20:05,84.511909,-56.525921,nan
2024-08-08T13:20:05,84.511887,-56.526367,nan
2024-08-08T13:20:04,84.511864,-56.526814,nan
2024-08-08T13:20:04,84.511841,-56.527252,nan
2024-08-08T13:20:03,84.511826,-56.527683,nan
2024-08-08T13:20:03,84.511803,-56.528111,nan
2024-08-08T13:20:02,84.511787,-56.528534,nan
2024-08-08T13:20:02,84.511772,-56.528954,nan
2024-08-08T13:20:01,84.511757,-56.529362,nan
2024-08-08T13:20:01,84.511742,-56.529766,nan
2024-08-08T13:20:00,84.511726,-56.530163,nan
2024-08-08T13:20:00,84.511711,-56.530556,nan
2024-08-08T13:19:59,84.511696,-56.530945,nan
2024-08-08T13:19:59,84.511681,-56.531326,nan
2024-08-08T13:19:58,84.511658,-56.531708,nan
2024-08-08T13:19:58,84.511642,-56.532085,nan
2024-08-08T13:19:57,84.511627,-56.532463,nan
2024-08-08T13:19:57,84.511604,-56.532837,nan
2024-08-08T13:19:56,84.511581,-56.533203,nan
2024-08-08T13:19:56,84.511566,-56.533573,nan
2024-08-08T13:19:55,84.511543,-56.533939,nan
2024-08-08T13:19:55,84.511520,-56.534309,nan
2024-08-08T13:19:54,84.511505,-56.534679,nan
2024-08-08T13:19:54,84.511482,-56.535046,nan
2024-08-08T13:19:53,84.511459,-56.535412,nan
2024-08-08T13:19:53,84.511444,-56.535774,nan
2024-08-08T13:19:52,84.511421,-56.536137,nan
2024-08-08T13:19:52,84.511406,-56.536491,nan
2024-08-08T13:19:51,84.511383,-56.536842,nan
2024-08-08T13:19:51,84.511360,-56.537197,nan
2024-08-08T13:19:50,84.511345,-56.537548,nan
2024-08-08T13:19:50,84.511322,-56.537899,nan
2024-08-08T13:19:49,84.511299,-56.538254,nan
2024-08-08T13:19:49,84.511276,-56.538609,nan
2024-08-08T13:19:48,84.511253,-56.538963,nan
2024-08-08T13:19:48,84.511238,-56.539322,nan
2024-08-08T13:19:47,84.511215,-56.539688,nan
2024-08-08T13:19:47,84.511192,-56.540058,nan
2024-08-08T13:19:46,84.511169,-56.540432,nan
2024-08-08T13:19:46,84.511147,-56.540813,nan
2024-08-08T13:19:45,84.511124,-56.541199,nan
2024-08-08T13:19:45,84.511101,-56.541580,nan
2024-08-08T13:19:44,84.511078,-56.541958,nan
2024-08-08T13:19:44,84.511055,-56.542336,nan
2024-08-08T13:19:43,84.511040,-56.542702,nan
2024-08-08T13:19:43,84.511017,-56.543064,nan
2024-08-08T13:19:42,84.510994,-56.543423,nan
2024-08-08T13:19:42,84.510963,-56.543774,nan
2024-08-08T13:19:41,84.510941,-56.544121,nan
2024-08-08T13:19:41,84.510918,-56.544464,nan
2024-08-08T13:19:40,84.510895,-56.544811,nan
2024-08-08T13:19:40,84.510872,-56.545151,nan
2024-08-08T13:19:39,84.510818,-56.545826,nan
2024-08-08T13:19:38,84.510796,-56.546169,nan
2024-08-08T13:19:38,84.510773,-56.546505,nan
2024-08-08T13:19:37,84.510750,-56.546829,nan
2024-08-08T13:19:37,84.510727,-56.547153,nan
2024-08-08T13:19:36,84.510704,-56.547478,nan
2024-08-08T13:19:36,84.510681,-56.547802,nan
2024-08-08T13:19:35,84.510658,-56.548126,nan
2024-08-08T13:19:35,84.510635,-56.548454,nan
2024-08-08T13:19:34,84.510612,-56.548786,nan
2024-08-08T13:19:34,84.510590,-56.549114,nan
2024-08-08T13:19:33,84.510567,-56.549450,nan
2024-08-08T13:19:33,84.510544,-56.549786,nan
2024-08-08T13:19:32,84.510521,-56.550125,nan
2024-08-08T13:19:32,84.510498,-56.550472,nan
2024-08-08T13:19:31,84.510483,-56.550831,nan
2024-08-08T13:19:31,84.510460,-56.551193,nan
2024-08-08T13:19:30,84.510445,-56.551571,nan
2024-08-08T13:19:30,84.510429,-56.551949,nan
2024-08-08T13:19:29,84.510406,-56.552326,nan
2024-08-08T13:19:29,84.510391,-56.552700,nan
2024-08-08T13:19:28,84.510376,-56.553066,nan
2024-08-08T13:19:28,84.510361,-56.553429,nan
2024-08-08T13:19:27,84.510345,-56.553791,nan
2024-08-08T13:19:27,84.510330,-56.554138,nan
2024-08-08T13:19:26,84.510315,-56.554485,nan
2024-08-08T13:19:26,84.510300,-56.554832,nan
2024-08-08T13:19:25,84.510284,-56.555172,nan
2024-08-08T13:19:25,84.510269,-56.555508,nan
2024-08-08T13:19:24,84.510254,-56.555847,nan
2024-08-08T13:19:24,84.510239,-56.556183,nan
2024-08-08T13:19:23,84.510223,-56.556515,nan
2024-08-08T13:19:23,84.510201,-56.556854,nan
2024-08-08T13:19:22,84.510185,-56.557194,nan
2024-08-08T13:19:22,84.510162,-56.557537,nan
2024-08-08T13:19:21,84.510147,-56.557877,nan
2024-08-08T13:19:21,84.510124,-56.558212,nan
2024-08-08T13:19:20,84.510101,-56.558544,nan
2024-08-08T13:19:20,84.510078,-56.558872,nan
2024-08-08T13:19:19,84.510056,-56.559204,nan
2024-08-08T13:19:19,84.510040,-56.559532,nan
2024-08-08T13:19:18,84.510017,-56.559864,nan
2024-08-08T13:19:18,84.509995,-56.560188,nan
2024-08-08T13:19:17,84.509972,-56.560513,nan
2024-08-08T13:19:17,84.509956,-56.560837,nan
2024-08-08T13:19:16,84.509933,-56.561161,nan
2024-08-08T13:19:16,84.509911,-56.561485,nan
2024-08-08T13:19:15,84.509895,-56.561810,nan
2024-08-08T13:19:15,84.509872,-56.562138,nan
2024-08-08T13:19:14,84.509857,-56.562462,nan
2024-08-08T13:19:14,84.509834,-56.562786,nan
2024-08-08T13:19:13,84.509811,-56.563107,nan
2024-08-08T13:19:13,84.509796,-56.563412,nan
2024-08-08T13:19:12,84.509773,-56.563721,nan
2024-08-08T13:19:12,84.509758,-56.564026,nan
2024-08-08T13:19:11,84.509735,-56.564342,nan
2024-08-08T13:19:11,84.509712,-56.564671,nan
2024-08-08T13:19:10,84.509697,-56.564999,nan
2024-08-08T13:19:10,84.509674,-56.565338,nan
2024-08-08T13:19:09,84.509659,-56.565693,nan
2024-08-08T13:19:09,84.509636,-56.566048,nan
2024-08-08T13:19:08,84.509621,-56.566399,nan
2024-08-08T13:19:08,84.509598,-56.566753,nan
2024-08-08T13:19:07,84.509583,-56.567108,nan
2024-08-08T13:19:07,84.509560,-56.567463,nan
2024-08-08T13:19:06,84.509544,-56.567825,nan
2024-08-08T13:19:06,84.509521,-56.568192,nan
2024-08-08T13:19:05,84.509506,-56.568562,nan
2024-08-08T13:19:05,84.509491,-56.568932,nan
2024-08-08T13:19:04,84.509476,-56.569294,nan
2024-08-08T13:19:04,84.509460,-56.569660,nan
2024-08-08T13:19:03,84.509445,-56.570019,nan
2024-08-08T13:19:03,84.509430,-56.570377,nan
2024-08-08T13:19:02,84.509415,-56.570732,nan
2024-08-08T13:19:02,84.509392,-56.571087,nan
2024-08-08T13:19:01,84.509377,-56.571438,nan
2024-08-08T13:19:01,84.509361,-56.571785,nan
2024-08-08T13:19:00,84.509346,-56.572132,nan
2024-08-08T13:19:00,84.509323,-56.572487,nan
2024-08-08T13:18:59,84.509308,-56.572853,nan
2024-08-08T13:18:59,84.509293,-56.573223,nan
2024-08-08T13:18:58,84.509270,-56.573601,nan
2024-08-08T13:18:58,84.509254,-56.573982,nan
2024-08-08T13:18:57,84.509232,-56.574375,nan
2024-08-08T13:18:57,84.509216,-56.574768,nan
2024-08-08T13:18:56,84.509193,-56.575161,nan
2024-08-08T13:18:56,84.509178,-56.575562,nan
2024-08-08T13:18:55,84.509163,-56.575966,nan
2024-08-08T13:18:55,84.509148,-56.576370,nan
2024-08-08T13:18:54,84.509125,-56.576775,nan
2024-08-08T13:18:54,84.509117,-56.577179,nan
2024-08-08T13:18:53,84.509102,-56.577587,nan
2024-08-08T13:18:53,84.509087,-56.577988,nan
2024-08-08T13:18:52,84.509071,-56.578388,nan
2024-08-08T13:18:52,84.509064,-56.578789,nan
2024-08-08T13:18:51,84.509048,-56.579189,nan
2024-08-08T13:18:51,84.509033,-56.579586,nan
2024-08-08T13:18:50,84.509018,-56.579971,nan
2024-08-08T13:18:50,84.509003,-56.580349,nan
2024-08-08T13:18:49,84.508995,-56.580727,nan
2024-08-08T13:18:49,84.508980,-56.581104,nan
2024-08-08T13:18:48,84.508965,-56.581486,nan
2024-08-08T13:18:48,84.508949,-56.581871,nan
2024-08-08T13:18:47,84.508934,-56.582264,nan
2024-08-08T13:18:47,84.508926,-56.582657,nan
2024-08-08T13:18:46,84.508911,-56.583054,nan
2024-08-08T13:18:46,84.508896,-56.583435,nan
2024-08-08T13:18:45,84.508888,-56.583801,nan
2024-08-08T13:18:45,84.508873,-56.584164,nan
2024-08-08T13:18:44,84.508865,-56.584534,nan
2024-08-08T13:18:44,84.508858,-56.584900,nan
2024-08-08T13:18:43,84.508850,-56.585266,nan
2024-08-08T13:18:43,84.508842,-56.585640,nan
2024-08-08T13:18:42,84.508835,-56.586025,nan
2024-08-08T13:18:42,84.508820,-56.586418,nan
2024-08-08T13:18:41,84.508812,-56.586800,nan
2024-08-08T13:18:41,84.508804,-56.587158,nan
2024-08-08T13:18:40,84.508797,-56.587502,nan
2024-08-08T13:18:40,84.508789,-56.587852,nan
2024-08-08T13:18:39,84.508789,-56.588207,nan
2024-08-08T13:18:39,84.508781,-56.588593,nan
2024-08-08T13:18:38,84.508781,-56.588963,nan
2024-08-08T13:18:38,84.508774,-56.589310,nan
2024-08-08T13:18:37,84.508781,-56.589699,nan
2024-08-08T13:18:37,84.508789,-56.590050,nan
2024-08-08T13:18:36,84.508820,-56.590397,nan
2024-08-08T13:18:36,84.508873,-56.590858,nan
2024-08-08T13:18:35,84.509033,-56.591419,nan
2024-08-08T13:18:35,84.509384,-56.592144,nan
2024-08-08T13:18:34,84.509865,-56.592812,nan
2024-08-08T13:18:28,84.508926,-56.597801,nan
2024-08-08T13:18:27,84.508018,-56.597656,nan
2024-08-08T13:18:27,84.507111,-56.597572,nan
2024-08-08T13:18:26,84.506165,-56.597366,nan
2024-08-08T13:18:26,84.505180,-56.597282,nan
