datetime,lat,lon,elev
2024-08-06T11:44:20,60.963017,-66.000481,nan
2024-08-06T11:44:20,60.963051,-66.000450,nan
2024-08-06T11:44:19,60.963085,-66.000420,nan
2024-08-06T11:44:19,60.963123,-66.000389,nan
2024-08-06T11:44:18,60.963158,-66.000351,nan
2024-08-06T11:44:18,60.963196,-66.000320,nan
2024-08-06T11:44:17,60.963234,-66.000282,nan
2024-08-06T11:44:17,60.963272,-66.000244,nan
2024-08-06T11:44:16,60.963310,-66.000206,nan
2024-08-06T11:44:16,60.963348,-66.000160,nan
2024-08-06T11:44:15,60.963390,-66.000122,nan
2024-08-06T11:44:15,60.963428,-66.000076,nan
2024-08-06T11:44:14,60.963470,-66.000031,nan
2024-08-06T11:44:14,60.963512,-65.999985,nan
2024-08-06T11:44:13,60.963554,-65.999939,nan
2024-08-06T11:44:13,60.963596,-65.999886,nan
2024-08-06T11:44:12,60.963638,-65.999840,nan
2024-08-06T11:44:12,60.963680,-65.999779,nan
2024-08-06T11:44:11,60.963718,-65.999725,nan
2024-08-06T11:44:11,60.963757,-65.999672,nan
2024-08-06T11:44:10,60.963795,-65.999619,nan
2024-08-06T11:44:10,60.963829,-65.999565,nan
2024-08-06T11:44:09,60.963863,-65.999512,nan
2024-08-06T11:44:09,60.963902,-65.999458,nan
2024-08-06T11:44:08,60.963936,-65.999405,nan
2024-08-06T11:44:08,60.963966,-65.999352,nan
2024-08-06T11:44:07,60.964001,-65.999290,nan
2024-08-06T11:44:07,60.964031,-65.999237,nan
2024-08-06T11:44:06,60.964066,-65.999176,nan
2024-08-06T11:44:06,60.964096,-65.999115,nan
2024-08-06T11:44:05,60.964127,-65.999062,nan
2024-08-06T11:44:05,60.964157,-65.999001,nan
2024-08-06T11:44:04,60.964188,-65.998940,nan
2024-08-06T11:44:04,60.964214,-65.998886,nan
2024-08-06T11:44:03,60.964245,-65.998825,nan
2024-08-06T11:44:03,60.964272,-65.998772,nan
2024-08-06T11:44:02,60.964298,-65.998718,nan
2024-08-06T11:44:02,60.964329,-65.998665,nan
2024-08-06T11:44:01,60.964352,-65.998611,nan
2024-08-06T11:44:01,60.964378,-65.998558,nan
2024-08-06T11:44:00,60.964401,-65.998512,nan
2024-08-06T11:44:00,60.964424,-65.998459,nan
2024-08-06T11:43:59,60.964451,-65.998413,nan
2024-08-06T11:43:59,60.964470,-65.998367,nan
2024-08-06T11:43:58,60.964493,-65.998322,nan
2024-08-06T11:43:58,60.964512,-65.998276,nan
2024-08-06T11:43:57,60.964531,-65.998238,nan
2024-08-06T11:43:57,60.964546,-65.998192,nan
2024-08-06T11:43:56,60.964565,-65.998154,nan
2024-08-06T11:43:56,60.964581,-65.998123,nan
2024-08-06T11:43:55,60.964596,-65.998085,nan
2024-08-06T11:43:55,60.964607,-65.998055,nan
2024-08-06T11:43:54,60.964622,-65.998032,nan
2024-08-06T11:43:54,60.964638,-65.998001,nan
2024-08-06T11:43:53,60.964649,-65.997978,nan
2024-08-06T11:43:53,60.964661,-65.997955,nan
2024-08-06T11:43:52,60.964676,-65.997925,nan
2024-08-06T11:43:52,60.964687,-65.997902,nan
2024-08-06T11:43:51,60.964699,-65.997871,nan
2024-08-06T11:43:51,60.964710,-65.997849,nan
2024-08-06T11:43:50,60.964722,-65.997818,nan
2024-08-06T11:43:50,60.964733,-65.997787,nan
2024-08-06T11:43:49,60.964745,-65.997765,nan
2024-08-06T11:43:49,60.964756,-65.997734,nan
2024-08-06T11:43:48,60.964764,-65.997704,nan
2024-08-06T11:43:48,60.964775,-65.997681,nan
2024-08-06T11:43:47,60.964783,-65.997650,nan
2024-08-06T11:43:47,60.964794,-65.997620,nan
2024-08-06T11:43:46,60.964806,-65.997581,nan
2024-08-06T11:43:46,60.964813,-65.997551,nan
2024-08-06T11:43:45,60.964828,-65.997513,nan
2024-08-06T11:43:45,60.964836,-65.997482,nan
2024-08-06T11:43:44,60.964851,-65.997444,nan
2024-08-06T11:43:44,60.964863,-65.997414,nan
2024-08-06T11:43:43,60.964874,-65.997375,nan
2024-08-06T11:43:43,60.964886,-65.997345,nan
2024-08-06T11:43:42,60.964897,-65.997307,nan
2024-08-06T11:43:42,60.964912,-65.997269,nan
2024-08-06T11:43:41,60.964928,-65.997231,nan
2024-08-06T11:43:41,60.964943,-65.997192,nan
2024-08-06T11:43:40,60.964958,-65.997154,nan
2024-08-06T11:43:40,60.964973,-65.997108,nan
2024-08-06T11:43:39,60.964993,-65.997063,nan
2024-08-06T11:43:39,60.965008,-65.997017,nan
2024-08-06T11:43:38,60.965027,-65.996971,nan
2024-08-06T11:43:38,60.965046,-65.996925,nan
2024-08-06T11:43:37,60.965065,-65.996880,nan
2024-08-06T11:43:37,60.965080,-65.996834,nan
2024-08-06T11:43:36,60.965099,-65.996788,nan
2024-08-06T11:43:36,60.965115,-65.996742,nan
2024-08-06T11:43:35,60.965130,-65.996704,nan
2024-08-06T11:43:35,60.965145,-65.996666,nan
2024-08-06T11:43:34,60.965160,-65.996628,nan
2024-08-06T11:43:34,60.965179,-65.996590,nan
2024-08-06T11:43:33,60.965195,-65.996552,nan
2024-08-06T11:43:33,60.965210,-65.996521,nan
2024-08-06T11:43:32,60.965225,-65.996483,nan
2024-08-06T11:43:32,60.965240,-65.996445,nan
2024-08-06T11:43:31,60.965256,-65.996414,nan
2024-08-06T11:43:31,60.965271,-65.996376,nan
2024-08-06T11:43:30,60.965286,-65.996338,nan
2024-08-06T11:43:30,60.965298,-65.996307,nan
2024-08-06T11:43:29,60.965309,-65.996269,nan
2024-08-06T11:43:29,60.965324,-65.996239,nan
2024-08-06T11:43:28,60.965336,-65.996201,nan
2024-08-06T11:43:28,60.965347,-65.996170,nan
2024-08-06T11:43:27,60.965359,-65.996140,nan
2024-08-06T11:43:27,60.965370,-65.996101,nan
2024-08-06T11:43:26,60.965378,-65.996071,nan
2024-08-06T11:43:26,60.965389,-65.996040,nan
2024-08-06T11:43:25,60.965401,-65.996002,nan
2024-08-06T11:43:25,60.965408,-65.995972,nan
2024-08-06T11:43:24,60.965420,-65.995941,nan
2024-08-06T11:43:24,60.965431,-65.995911,nan
2024-08-06T11:43:23,60.965443,-65.995872,nan
2024-08-06T11:43:23,60.965450,-65.995842,nan
2024-08-06T11:43:22,60.965462,-65.995811,nan
2024-08-06T11:43:22,60.965473,-65.995789,nan
2024-08-06T11:43:21,60.965485,-65.995758,nan
2024-08-06T11:43:21,60.965496,-65.995735,nan
2024-08-06T11:43:20,60.965508,-65.995712,nan
2024-08-06T11:43:20,60.965519,-65.995689,nan
2024-08-06T11:43:19,60.965530,-65.995667,nan
2024-08-06T11:43:19,60.965542,-65.995651,nan
2024-08-06T11:43:18,60.965549,-65.995628,nan
2024-08-06T11:43:18,60.965557,-65.995605,nan
2024-08-06T11:43:17,60.965569,-65.995590,nan
2024-08-06T11:43:17,60.965576,-65.995567,nan
2024-08-06T11:43:16,60.965584,-65.995544,nan
2024-08-06T11:43:16,60.965591,-65.995529,nan
2024-08-06T11:43:15,60.965599,-65.995506,nan
2024-08-06T11:43:15,60.965607,-65.995483,nan
2024-08-06T11:43:14,60.965614,-65.995461,nan
2024-08-06T11:43:14,60.965622,-65.995445,nan
2024-08-06T11:43:13,60.965630,-65.995415,nan
2024-08-06T11:43:13,60.965633,-65.995392,nan
2024-08-06T11:43:12,60.965641,-65.995369,nan
2024-08-06T11:43:12,60.965649,-65.995346,nan
2024-08-06T11:43:11,60.965656,-65.995323,nan
2024-08-06T11:43:11,60.965664,-65.995293,nan
2024-08-06T11:43:10,60.965672,-65.995270,nan
2024-08-06T11:43:10,60.965679,-65.995239,nan
2024-08-06T11:43:09,60.965687,-65.995209,nan
2024-08-06T11:43:09,60.965694,-65.995178,nan
2024-08-06T11:43:08,60.965706,-65.995155,nan
2024-08-06T11:43:08,60.965714,-65.995125,nan
2024-08-06T11:43:07,60.965721,-65.995094,nan
2024-08-06T11:43:07,60.965733,-65.995071,nan
2024-08-06T11:43:06,60.965740,-65.995041,nan
2024-08-06T11:43:06,60.965748,-65.995010,nan
2024-08-06T11:43:05,60.965759,-65.994987,nan
2024-08-06T11:43:05,60.965771,-65.994957,nan
2024-08-06T11:43:04,60.965778,-65.994934,nan
2024-08-06T11:43:04,60.965790,-65.994904,nan
2024-08-06T11:43:03,60.965797,-65.994881,nan
2024-08-06T11:43:03,60.965809,-65.994858,nan
2024-08-06T11:43:02,60.965816,-65.994835,nan
2024-08-06T11:43:02,60.965824,-65.994812,nan
2024-08-06T11:43:01,60.965832,-65.994789,nan
2024-08-06T11:43:01,60.965839,-65.994766,nan
2024-08-06T11:43:00,60.965843,-65.994751,nan
2024-08-06T11:43:00,60.965843,-65.994728,nan
2024-08-06T11:42:59,60.965847,-65.994705,nan
2024-08-06T11:42:59,60.965851,-65.994690,nan
2024-08-06T11:42:58,60.965855,-65.994667,nan
2024-08-06T11:42:58,60.965855,-65.994644,nan
2024-08-06T11:42:57,60.965858,-65.994621,nan
2024-08-06T11:42:57,60.965858,-65.994598,nan
2024-08-06T11:42:56,60.965862,-65.994583,nan
2024-08-06T11:42:56,60.965862,-65.994560,nan
2024-08-06T11:42:55,60.965862,-65.994537,nan
2024-08-06T11:42:55,60.965866,-65.994522,nan
2024-08-06T11:42:54,60.965870,-65.994499,nan
2024-08-06T11:42:54,60.965870,-65.994476,nan
2024-08-06T11:42:53,60.965874,-65.994453,nan
2024-08-06T11:42:53,60.965874,-65.994438,nan
2024-08-06T11:42:52,60.965878,-65.994415,nan
2024-08-06T11:42:52,60.965881,-65.994392,nan
2024-08-06T11:42:51,60.965885,-65.994370,nan
2024-08-06T11:42:51,60.965885,-65.994347,nan
2024-08-06T11:42:50,60.965893,-65.994331,nan
2024-08-06T11:42:50,60.965897,-65.994308,nan
2024-08-06T11:42:49,60.965900,-65.994286,nan
2024-08-06T11:42:49,60.965904,-65.994270,nan
2024-08-06T11:42:48,60.965908,-65.994247,nan
2024-08-06T11:42:48,60.965912,-65.994225,nan
2024-08-06T11:42:47,60.965919,-65.994209,nan
2024-08-06T11:42:47,60.965923,-65.994186,nan
2024-08-06T11:42:46,60.965927,-65.994164,nan
2024-08-06T11:42:46,60.965931,-65.994141,nan
2024-08-06T11:42:45,60.965935,-65.994125,nan
2024-08-06T11:42:45,60.965942,-65.994102,nan
2024-08-06T11:42:44,60.965946,-65.994080,nan
2024-08-06T11:42:44,60.965950,-65.994057,nan
2024-08-06T11:42:43,60.965954,-65.994034,nan
2024-08-06T11:42:43,60.965958,-65.994011,nan
2024-08-06T11:42:42,60.965961,-65.993988,nan
2024-08-06T11:42:42,60.965965,-65.993973,nan
2024-08-06T11:42:41,60.965969,-65.993942,nan
2024-08-06T11:42:41,60.965973,-65.993919,nan
2024-08-06T11:42:40,60.965977,-65.993896,nan
2024-08-06T11:42:40,60.965977,-65.993874,nan
2024-08-06T11:42:39,60.965981,-65.993851,nan
2024-08-06T11:42:39,60.965984,-65.993828,nan
2024-08-06T11:42:38,60.965984,-65.993805,nan
2024-08-06T11:42:38,60.965988,-65.993774,nan
2024-08-06T11:42:37,60.965988,-65.993752,nan
2024-08-06T11:42:37,60.965992,-65.993729,nan
2024-08-06T11:42:36,60.965996,-65.993698,nan
2024-08-06T11:42:36,60.966000,-65.993675,nan
2024-08-06T11:42:35,60.966000,-65.993652,nan
2024-08-06T11:42:35,60.966003,-65.993622,nan
2024-08-06T11:42:34,60.966003,-65.993599,nan
2024-08-06T11:42:34,60.966007,-65.993568,nan
2024-08-06T11:42:33,60.966007,-65.993546,nan
2024-08-06T11:42:33,60.966011,-65.993515,nan
2024-08-06T11:42:32,60.966011,-65.993492,nan
2024-08-06T11:42:32,60.966015,-65.993469,nan
2024-08-06T11:42:31,60.966015,-65.993439,nan
2024-08-06T11:42:31,60.966019,-65.993416,nan
2024-08-06T11:42:30,60.966022,-65.993393,nan
2024-08-06T11:42:30,60.966026,-65.993362,nan
2024-08-06T11:42:29,60.966026,-65.993340,nan
2024-08-06T11:42:29,60.966030,-65.993309,nan
2024-08-06T11:42:28,60.966038,-65.993286,nan
2024-08-06T11:42:28,60.966042,-65.993256,nan
2024-08-06T11:42:27,60.966045,-65.993233,nan
2024-08-06T11:42:27,60.966045,-65.993202,nan
2024-08-06T11:42:26,60.966053,-65.993172,nan
2024-08-06T11:42:26,60.966057,-65.993141,nan
2024-08-06T11:42:25,60.966061,-65.993111,nan
2024-08-06T11:42:25,60.966064,-65.993080,nan
2024-08-06T11:42:24,60.966068,-65.993050,nan
2024-08-06T11:42:24,60.966072,-65.993019,nan
2024-08-06T11:42:23,60.966076,-65.992981,nan
2024-08-06T11:42:23,60.966080,-65.992950,nan
2024-08-06T11:42:22,60.966084,-65.992920,nan
2024-08-06T11:42:22,60.966087,-65.992889,nan
2024-08-06T11:42:21,60.966091,-65.992851,nan
2024-08-06T11:42:21,60.966095,-65.992821,nan
2024-08-06T11:42:20,60.966099,-65.992790,nan
2024-08-06T11:42:20,60.966099,-65.992760,nan
2024-08-06T11:42:19,60.966103,-65.992722,nan
2024-08-06T11:42:19,60.966103,-65.992691,nan
2024-08-06T11:42:18,60.966103,-65.992661,nan
2024-08-06T11:42:18,60.966106,-65.992622,nan
2024-08-06T11:42:17,60.966106,-65.992592,nan
2024-08-06T11:42:17,60.966106,-65.992561,nan
2024-08-06T11:42:16,60.966106,-65.992523,nan
2024-08-06T11:42:16,60.966106,-65.992493,nan
2024-08-06T11:42:15,60.966106,-65.992455,nan
2024-08-06T11:42:15,60.966103,-65.992424,nan
2024-08-06T11:42:14,60.966103,-65.992393,nan
2024-08-06T11:42:14,60.966099,-65.992355,nan
2024-08-06T11:42:13,60.966099,-65.992317,nan
2024-08-06T11:42:13,60.966099,-65.992287,nan
2024-08-06T11:42:12,60.966099,-65.992249,nan
2024-08-06T11:42:12,60.966095,-65.992210,nan
2024-08-06T11:42:11,60.966095,-65.992180,nan
2024-08-06T11:42:11,60.966095,-65.992142,nan
2024-08-06T11:42:10,60.966099,-65.992104,nan
2024-08-06T11:42:10,60.966099,-65.992073,nan
2024-08-06T11:42:09,60.966099,-65.992035,nan
2024-08-06T11:42:09,60.966103,-65.992004,nan
2024-08-06T11:42:08,60.966103,-65.991966,nan
2024-08-06T11:42:08,60.966106,-65.991936,nan
2024-08-06T11:42:07,60.966106,-65.991905,nan
2024-08-06T11:42:07,60.966110,-65.991875,nan
2024-08-06T11:42:06,60.966110,-65.991844,nan
2024-08-06T11:42:06,60.966114,-65.991814,nan
2024-08-06T11:42:05,60.966118,-65.991783,nan
2024-08-06T11:42:05,60.966122,-65.991753,nan
2024-08-06T11:42:04,60.966122,-65.991722,nan
2024-08-06T11:42:04,60.966125,-65.991692,nan
2024-08-06T11:42:03,60.966125,-65.991669,nan
2024-08-06T11:42:03,60.966129,-65.991638,nan
2024-08-06T11:42:02,60.966133,-65.991608,nan
2024-08-06T11:42:02,60.966133,-65.991577,nan
2024-08-06T11:42:01,60.966133,-65.991547,nan
2024-08-06T11:42:01,60.966137,-65.991516,nan
2024-08-06T11:42:00,60.966137,-65.991493,nan
2024-08-06T11:42:00,60.966137,-65.991463,nan
2024-08-06T11:41:59,60.966137,-65.991432,nan
2024-08-06T11:41:59,60.966137,-65.991409,nan
2024-08-06T11:41:58,60.966137,-65.991379,nan
2024-08-06T11:41:58,60.966137,-65.991356,nan
2024-08-06T11:41:57,60.966137,-65.991325,nan
2024-08-06T11:41:57,60.966137,-65.991302,nan
2024-08-06T11:41:56,60.966133,-65.991272,nan
2024-08-06T11:41:56,60.966133,-65.991249,nan
2024-08-06T11:41:55,60.966133,-65.991219,nan
2024-08-06T11:41:55,60.966133,-65.991196,nan
2024-08-06T11:41:54,60.966137,-65.991165,nan
2024-08-06T11:41:54,60.966137,-65.991135,nan
2024-08-06T11:41:53,60.966137,-65.991112,nan
2024-08-06T11:41:53,60.966137,-65.991081,nan
2024-08-06T11:41:52,60.966141,-65.991051,nan
2024-08-06T11:41:52,60.966141,-65.991020,nan
2024-08-06T11:41:51,60.966141,-65.990997,nan
2024-08-06T11:41:51,60.966141,-65.990959,nan
2024-08-06T11:41:50,60.966141,-65.990929,nan
2024-08-06T11:41:50,60.966137,-65.990898,nan
2024-08-06T11:41:49,60.966137,-65.990868,nan
2024-08-06T11:41:49,60.966133,-65.990837,nan
2024-08-06T11:41:48,60.966133,-65.990799,nan
2024-08-06T11:41:48,60.966133,-65.990768,nan
2024-08-06T11:41:47,60.966129,-65.990730,nan
2024-08-06T11:41:47,60.966129,-65.990700,nan
2024-08-06T11:41:46,60.966125,-65.990662,nan
2024-08-06T11:41:46,60.966125,-65.990623,nan
2024-08-06T11:41:45,60.966122,-65.990585,nan
2024-08-06T11:41:45,60.966122,-65.990555,nan
2024-08-06T11:41:44,60.966118,-65.990517,nan
2024-08-06T11:41:44,60.966118,-65.990479,nan
2024-08-06T11:41:43,60.966114,-65.990440,nan
2024-08-06T11:41:43,60.966110,-65.990402,nan
2024-08-06T11:41:42,60.966106,-65.990364,nan
2024-08-06T11:41:42,60.966103,-65.990334,nan
2024-08-06T11:41:41,60.966099,-65.990295,nan
2024-08-06T11:41:41,60.966095,-65.990257,nan
2024-08-06T11:41:40,60.966091,-65.990227,nan
2024-08-06T11:41:40,60.966084,-65.990189,nan
2024-08-06T11:41:39,60.966080,-65.990150,nan
2024-08-06T11:41:39,60.966072,-65.990112,nan
2024-08-06T11:41:38,60.966064,-65.990082,nan
2024-08-06T11:41:38,60.966061,-65.990044,nan
2024-08-06T11:41:37,60.966053,-65.990005,nan
2024-08-06T11:41:37,60.966045,-65.989975,nan
2024-08-06T11:41:36,60.966038,-65.989937,nan
2024-08-06T11:41:36,60.966030,-65.989899,nan
2024-08-06T11:41:35,60.966022,-65.989868,nan
2024-08-06T11:41:35,60.966011,-65.989830,nan
2024-08-06T11:41:34,60.966003,-65.989799,nan
2024-08-06T11:41:34,60.965996,-65.989761,nan
2024-08-06T11:41:33,60.965988,-65.989723,nan
2024-08-06T11:41:33,60.965981,-65.989685,nan
2024-08-06T11:41:32,60.965973,-65.989647,nan
2024-08-06T11:41:32,60.965961,-65.989609,nan
2024-08-06T11:41:31,60.965954,-65.989571,nan
2024-08-06T11:41:31,60.965946,-65.989525,nan
2024-08-06T11:41:30,60.965939,-65.989487,nan
2024-08-06T11:41:30,60.965927,-65.989449,nan
2024-08-06T11:41:29,60.965919,-65.989410,nan
2024-08-06T11:41:29,60.965912,-65.989372,nan
2024-08-06T11:41:28,60.965900,-65.989342,nan
2024-08-06T11:41:28,60.965893,-65.989304,nan
2024-08-06T11:41:27,60.965885,-65.989273,nan
2024-08-06T11:41:27,60.965878,-65.989235,nan
2024-08-06T11:41:26,60.965870,-65.989204,nan
2024-08-06T11:41:26,60.965858,-65.989174,nan
2024-08-06T11:41:25,60.965851,-65.989143,nan
2024-08-06T11:41:25,60.965843,-65.989113,nan
2024-08-06T11:41:24,60.965836,-65.989082,nan
2024-08-06T11:41:24,60.965828,-65.989044,nan
2024-08-06T11:41:23,60.965820,-65.989014,nan
2024-08-06T11:41:23,60.965809,-65.988983,nan
2024-08-06T11:41:22,60.965801,-65.988953,nan
2024-08-06T11:41:22,60.965794,-65.988922,nan
2024-08-06T11:41:21,60.965786,-65.988892,nan
2024-08-06T11:41:21,60.965778,-65.988853,nan
2024-08-06T11:41:20,60.965771,-65.988823,nan
2024-08-06T11:41:20,60.965763,-65.988792,nan
2024-08-06T11:41:19,60.965755,-65.988762,nan
2024-08-06T11:41:19,60.965752,-65.988731,nan
2024-08-06T11:41:18,60.965744,-65.988701,nan
2024-08-06T11:41:18,60.965736,-65.988670,nan
2024-08-06T11:41:17,60.965733,-65.988640,nan
2024-08-06T11:41:17,60.965725,-65.988617,nan
2024-08-06T11:41:16,60.965717,-65.988586,nan
2024-08-06T11:41:16,60.965714,-65.988564,nan
2024-08-06T11:41:15,60.965706,-65.988533,nan
2024-08-06T11:41:15,60.965698,-65.988510,nan
2024-08-06T11:41:14,60.965691,-65.988487,nan
2024-08-06T11:41:14,60.965683,-65.988457,nan
2024-08-06T11:41:13,60.965679,-65.988434,nan
2024-08-06T11:41:13,60.965672,-65.988411,nan
2024-08-06T11:41:12,60.965668,-65.988388,nan
2024-08-06T11:41:12,60.965660,-65.988365,nan
2024-08-06T11:41:11,60.965652,-65.988342,nan
2024-08-06T11:41:11,60.965649,-65.988312,nan
2024-08-06T11:41:10,60.965641,-65.988289,nan
2024-08-06T11:41:10,60.965633,-65.988258,nan
2024-08-06T11:41:09,60.965626,-65.988235,nan
2024-08-06T11:41:09,60.965618,-65.988205,nan
2024-08-06T11:41:08,60.965611,-65.988182,nan
2024-08-06T11:41:08,60.965603,-65.988152,nan
2024-08-06T11:41:07,60.965595,-65.988129,nan
2024-08-06T11:41:07,60.965588,-65.988098,nan
2024-08-06T11:41:06,60.965584,-65.988068,nan
2024-08-06T11:41:06,60.965576,-65.988037,nan
2024-08-06T11:41:05,60.965569,-65.988014,nan
2024-08-06T11:41:05,60.965561,-65.987984,nan
2024-08-06T11:41:04,60.965553,-65.987953,nan
2024-08-06T11:41:04,60.965546,-65.987930,nan
2024-08-06T11:41:03,60.965538,-65.987900,nan
2024-08-06T11:41:03,60.965530,-65.987869,nan
2024-08-06T11:41:02,60.965523,-65.987846,nan
2024-08-06T11:41:02,60.965511,-65.987816,nan
2024-08-06T11:41:01,60.965504,-65.987793,nan
2024-08-06T11:41:01,60.965496,-65.987762,nan
2024-08-06T11:41:00,60.965485,-65.987740,nan
2024-08-06T11:41:00,60.965477,-65.987709,nan
2024-08-06T11:40:59,60.965466,-65.987679,nan
2024-08-06T11:40:59,60.965454,-65.987656,nan
2024-08-06T11:40:58,60.965443,-65.987625,nan
2024-08-06T11:40:58,60.965435,-65.987595,nan
2024-08-06T11:40:57,60.965424,-65.987564,nan
2024-08-06T11:40:57,60.965412,-65.987534,nan
2024-08-06T11:40:56,60.965401,-65.987503,nan
2024-08-06T11:40:56,60.965389,-65.987473,nan
2024-08-06T11:40:55,60.965382,-65.987434,nan
2024-08-06T11:40:55,60.965370,-65.987404,nan
2024-08-06T11:40:54,60.965359,-65.987373,nan
2024-08-06T11:40:54,60.965351,-65.987335,nan
2024-08-06T11:40:53,60.965340,-65.987305,nan
2024-08-06T11:40:53,60.965332,-65.987267,nan
2024-08-06T11:40:52,60.965321,-65.987236,nan
2024-08-06T11:40:52,60.965313,-65.987198,nan
2024-08-06T11:40:51,60.965305,-65.987167,nan
2024-08-06T11:40:51,60.965294,-65.987129,nan
2024-08-06T11:40:50,60.965286,-65.987091,nan
2024-08-06T11:40:50,60.965279,-65.987053,nan
2024-08-06T11:40:49,60.965267,-65.987022,nan
2024-08-06T11:40:49,60.965260,-65.986984,nan
2024-08-06T11:40:48,60.965252,-65.986954,nan
2024-08-06T11:40:48,60.965240,-65.986916,nan
2024-08-06T11:40:47,60.965233,-65.986877,nan
2024-08-06T11:40:47,60.965221,-65.986847,nan
2024-08-06T11:40:46,60.965214,-65.986809,nan
2024-08-06T11:40:46,60.965202,-65.986771,nan
2024-08-06T11:40:45,60.965191,-65.986740,nan
2024-08-06T11:40:45,60.965179,-65.986702,nan
2024-08-06T11:40:44,60.965172,-65.986664,nan
2024-08-06T11:40:44,60.965160,-65.986626,nan
2024-08-06T11:40:43,60.965149,-65.986588,nan
2024-08-06T11:40:43,60.965137,-65.986542,nan
2024-08-06T11:40:42,60.965126,-65.986504,nan
2024-08-06T11:40:42,60.965115,-65.986465,nan
2024-08-06T11:40:41,60.965103,-65.986420,nan
2024-08-06T11:40:41,60.965092,-65.986382,nan
2024-08-06T11:40:40,60.965080,-65.986336,nan
2024-08-06T11:40:40,60.965069,-65.986298,nan
2024-08-06T11:40:39,60.965057,-65.986259,nan
2024-08-06T11:40:39,60.965046,-65.986214,nan
2024-08-06T11:40:38,60.965034,-65.986176,nan
2024-08-06T11:40:38,60.965023,-65.986130,nan
2024-08-06T11:40:37,60.965012,-65.986092,nan
2024-08-06T11:40:37,60.965004,-65.986053,nan
2024-08-06T11:40:36,60.964993,-65.986008,nan
2024-08-06T11:40:36,60.964981,-65.985970,nan
2024-08-06T11:40:35,60.964970,-65.985931,nan
2024-08-06T11:40:35,60.964962,-65.985893,nan
2024-08-06T11:40:34,60.964951,-65.985855,nan
2024-08-06T11:40:34,60.964939,-65.985817,nan
2024-08-06T11:40:33,60.964931,-65.985779,nan
2024-08-06T11:40:33,60.964920,-65.985741,nan
2024-08-06T11:40:32,60.964909,-65.985703,nan
2024-08-06T11:40:32,60.964901,-65.985664,nan
2024-08-06T11:40:31,60.964890,-65.985626,nan
2024-08-06T11:40:31,60.964882,-65.985596,nan
2024-08-06T11:40:30,60.964870,-65.985558,nan
2024-08-06T11:40:30,60.964863,-65.985527,nan
2024-08-06T11:40:29,60.964851,-65.985497,nan
2024-08-06T11:40:29,60.964840,-65.985458,nan
2024-08-06T11:40:28,60.964828,-65.985428,nan
2024-08-06T11:40:28,60.964817,-65.985390,nan
2024-08-06T11:40:27,60.964806,-65.985359,nan
2024-08-06T11:40:27,60.964794,-65.985329,nan
2024-08-06T11:40:26,60.964783,-65.985291,nan
2024-08-06T11:40:26,60.964771,-65.985252,nan
2024-08-06T11:40:25,60.964760,-65.985222,nan
2024-08-06T11:40:25,60.964748,-65.985184,nan
2024-08-06T11:40:24,60.964737,-65.985146,nan
2024-08-06T11:40:24,60.964725,-65.985107,nan
2024-08-06T11:40:23,60.964718,-65.985069,nan
2024-08-06T11:40:23,60.964706,-65.985039,nan
2024-08-06T11:40:22,60.964695,-65.985001,nan
2024-08-06T11:40:22,60.964684,-65.984962,nan
2024-08-06T11:40:21,60.964676,-65.984924,nan
2024-08-06T11:40:21,60.964664,-65.984886,nan
2024-08-06T11:40:20,60.964653,-65.984848,nan
2024-08-06T11:40:20,60.964642,-65.984818,nan
2024-08-06T11:40:19,60.964630,-65.984779,nan
2024-08-06T11:40:19,60.964619,-65.984741,nan
2024-08-06T11:40:18,60.964607,-65.984711,nan
2024-08-06T11:40:18,60.964596,-65.984673,nan
2024-08-06T11:40:17,60.964584,-65.984642,nan
2024-08-06T11:40:17,60.964573,-65.984604,nan
2024-08-06T11:40:16,60.964561,-65.984573,nan
2024-08-06T11:40:16,60.964550,-65.984543,nan
2024-08-06T11:40:15,60.964539,-65.984505,nan
2024-08-06T11:40:15,60.964527,-65.984474,nan
2024-08-06T11:40:14,60.964516,-65.984436,nan
2024-08-06T11:40:14,60.964504,-65.984398,nan
2024-08-06T11:40:13,60.964497,-65.984367,nan
2024-08-06T11:40:13,60.964485,-65.984329,nan
2024-08-06T11:40:12,60.964474,-65.984291,nan
2024-08-06T11:40:12,60.964466,-65.984253,nan
2024-08-06T11:40:11,60.964458,-65.984215,nan
2024-08-06T11:40:11,60.964447,-65.984177,nan
2024-08-06T11:40:10,60.964439,-65.984138,nan
2024-08-06T11:40:10,60.964432,-65.984108,nan
2024-08-06T11:40:09,60.964424,-65.984070,nan
2024-08-06T11:40:09,60.964420,-65.984032,nan
2024-08-06T11:40:08,60.964413,-65.983994,nan
2024-08-06T11:40:08,60.964409,-65.983955,nan
2024-08-06T11:40:07,60.964401,-65.983917,nan
2024-08-06T11:40:07,60.964397,-65.983887,nan
2024-08-06T11:40:06,60.964394,-65.983849,nan
2024-08-06T11:40:06,60.964390,-65.983810,nan
2024-08-06T11:40:05,60.964386,-65.983772,nan
2024-08-06T11:40:05,60.964382,-65.983734,nan
2024-08-06T11:40:04,60.964378,-65.983696,nan
2024-08-06T11:40:04,60.964371,-65.983665,nan
2024-08-06T11:40:03,60.964367,-65.983627,nan
2024-08-06T11:40:03,60.964363,-65.983597,nan
2024-08-06T11:40:02,60.964359,-65.983559,nan
2024-08-06T11:40:02,60.964355,-65.983521,nan
2024-08-06T11:40:01,60.964352,-65.983490,nan
2024-08-06T11:40:01,60.964348,-65.983452,nan
2024-08-06T11:40:00,60.964344,-65.983414,nan
2024-08-06T11:40:00,60.964340,-65.983376,nan
2024-08-06T11:39:59,60.964340,-65.983337,nan
2024-08-06T11:39:59,60.964336,-65.983299,nan
2024-08-06T11:39:58,60.964336,-65.983261,nan
2024-08-06T11:39:58,60.964336,-65.983223,nan
2024-08-06T11:39:57,60.964336,-65.983185,nan
2024-08-06T11:39:57,60.964333,-65.983147,nan
2024-08-06T11:39:56,60.964333,-65.983101,nan
2024-08-06T11:39:56,60.964333,-65.983063,nan
2024-08-06T11:39:55,60.964336,-65.983025,nan
2024-08-06T11:39:55,60.964336,-65.982979,nan
2024-08-06T11:39:54,60.964336,-65.982941,nan
2024-08-06T11:39:54,60.964340,-65.982895,nan
2024-08-06T11:39:53,60.964340,-65.982857,nan
2024-08-06T11:39:53,60.964340,-65.982819,nan
2024-08-06T11:39:52,60.964344,-65.982773,nan
2024-08-06T11:39:52,60.964344,-65.982735,nan
2024-08-06T11:39:51,60.964344,-65.982689,nan
2024-08-06T11:39:51,60.964348,-65.982651,nan
2024-08-06T11:39:50,60.964348,-65.982605,nan
2024-08-06T11:39:50,60.964348,-65.982567,nan
2024-08-06T11:39:49,60.964348,-65.982529,nan
2024-08-06T11:39:49,60.964348,-65.982483,nan
2024-08-06T11:39:48,60.964348,-65.982445,nan
2024-08-06T11:39:48,60.964348,-65.982399,nan
2024-08-06T11:39:47,60.964348,-65.982353,nan
2024-08-06T11:39:47,60.964348,-65.982315,nan
2024-08-06T11:39:46,60.964344,-65.982269,nan
2024-08-06T11:39:46,60.964344,-65.982224,nan
2024-08-06T11:39:45,60.964344,-65.982185,nan
2024-08-06T11:39:45,60.964344,-65.982140,nan
2024-08-06T11:39:44,60.964344,-65.982101,nan
2024-08-06T11:39:44,60.964340,-65.982056,nan
2024-08-06T11:39:43,60.964340,-65.982010,nan
2024-08-06T11:39:43,60.964340,-65.981972,nan
2024-08-06T11:39:42,60.964340,-65.981926,nan
2024-08-06T11:39:42,60.964340,-65.981880,nan
2024-08-06T11:39:41,60.964340,-65.981834,nan
2024-08-06T11:39:41,60.964340,-65.981796,nan
2024-08-06T11:39:40,60.964336,-65.981750,nan
2024-08-06T11:39:40,60.964336,-65.981705,nan
2024-08-06T11:39:39,60.964336,-65.981667,nan
2024-08-06T11:39:39,60.964333,-65.981621,nan
2024-08-06T11:39:38,60.964333,-65.981583,nan
2024-08-06T11:39:38,60.964329,-65.981544,nan
2024-08-06T11:39:37,60.964325,-65.981506,nan
2024-08-06T11:39:37,60.964321,-65.981461,nan
2024-08-06T11:39:36,60.964317,-65.981422,nan
2024-08-06T11:39:36,60.964314,-65.981384,nan
2024-08-06T11:39:35,60.964310,-65.981346,nan
2024-08-06T11:39:35,60.964306,-65.981308,nan
2024-08-06T11:39:34,60.964302,-65.981270,nan
2024-08-06T11:39:34,60.964294,-65.981232,nan
2024-08-06T11:39:33,60.964291,-65.981194,nan
2024-08-06T11:39:33,60.964287,-65.981155,nan
2024-08-06T11:39:32,60.964283,-65.981117,nan
2024-08-06T11:39:32,60.964279,-65.981079,nan
2024-08-06T11:39:31,60.964272,-65.981041,nan
2024-08-06T11:39:31,60.964268,-65.981003,nan
2024-08-06T11:39:30,60.964264,-65.980957,nan
2024-08-06T11:39:30,60.964260,-65.980919,nan
2024-08-06T11:39:29,60.964256,-65.980881,nan
2024-08-06T11:39:29,60.964252,-65.980843,nan
2024-08-06T11:39:28,60.964249,-65.980804,nan
2024-08-06T11:39:28,60.964245,-65.980766,nan
2024-08-06T11:39:27,60.964237,-65.980728,nan
2024-08-06T11:39:27,60.964233,-65.980698,nan
2024-08-06T11:39:26,60.964230,-65.980659,nan
2024-08-06T11:39:26,60.964222,-65.980621,nan
2024-08-06T11:39:25,60.964218,-65.980591,nan
2024-08-06T11:39:25,60.964214,-65.980553,nan
2024-08-06T11:39:24,60.964207,-65.980522,nan
2024-08-06T11:39:24,60.964203,-65.980484,nan
2024-08-06T11:39:23,60.964195,-65.980446,nan
2024-08-06T11:39:23,60.964191,-65.980415,nan
2024-08-06T11:39:22,60.964184,-65.980377,nan
2024-08-06T11:39:22,60.964176,-65.980347,nan
2024-08-06T11:39:21,60.964172,-65.980316,nan
2024-08-06T11:39:21,60.964169,-65.980278,nan
2024-08-06T11:39:20,60.964161,-65.980247,nan
2024-08-06T11:39:20,60.964157,-65.980209,nan
2024-08-06T11:39:19,60.964153,-65.980179,nan
2024-08-06T11:39:19,60.964149,-65.980148,nan
2024-08-06T11:39:18,60.964146,-65.980110,nan
2024-08-06T11:39:18,60.964142,-65.980080,nan
2024-08-06T11:39:17,60.964138,-65.980042,nan
2024-08-06T11:39:17,60.964134,-65.980011,nan
2024-08-06T11:39:16,60.964130,-65.979980,nan
2024-08-06T11:39:16,60.964130,-65.979950,nan
2024-08-06T11:39:15,60.964127,-65.979919,nan
2024-08-06T11:39:15,60.964123,-65.979881,nan
2024-08-06T11:39:14,60.964119,-65.979858,nan
2024-08-06T11:39:14,60.964115,-65.979828,nan
2024-08-06T11:39:13,60.964111,-65.979797,nan
2024-08-06T11:39:13,60.964108,-65.979774,nan
2024-08-06T11:39:12,60.964104,-65.979744,nan
2024-08-06T11:39:12,60.964100,-65.979713,nan
2024-08-06T11:39:11,60.964096,-65.979691,nan
2024-08-06T11:39:11,60.964092,-65.979668,nan
2024-08-06T11:39:10,60.964088,-65.979637,nan
2024-08-06T11:39:10,60.964085,-65.979614,nan
2024-08-06T11:39:09,60.964081,-65.979584,nan
2024-08-06T11:39:09,60.964077,-65.979561,nan
2024-08-06T11:39:08,60.964069,-65.979530,nan
2024-08-06T11:39:08,60.964066,-65.979507,nan
2024-08-06T11:39:07,60.964058,-65.979477,nan
2024-08-06T11:39:07,60.964054,-65.979446,nan
2024-08-06T11:39:06,60.964046,-65.979416,nan
2024-08-06T11:39:06,60.964039,-65.979385,nan
2024-08-06T11:39:05,60.964035,-65.979355,nan
2024-08-06T11:39:05,60.964027,-65.979324,nan
2024-08-06T11:39:04,60.964020,-65.979294,nan
2024-08-06T11:39:04,60.964012,-65.979263,nan
2024-08-06T11:39:03,60.964008,-65.979233,nan
2024-08-06T11:39:03,60.964001,-65.979202,nan
2024-08-06T11:39:02,60.963993,-65.979172,nan
2024-08-06T11:39:02,60.963989,-65.979149,nan
2024-08-06T11:39:01,60.963982,-65.979118,nan
2024-08-06T11:39:01,60.963978,-65.979080,nan
2024-08-06T11:39:00,60.963970,-65.979050,nan
2024-08-06T11:39:00,60.963966,-65.979019,nan
2024-08-06T11:38:59,60.963963,-65.978989,nan
2024-08-06T11:38:59,60.963959,-65.978958,nan
2024-08-06T11:38:58,60.963951,-65.978928,nan
2024-08-06T11:38:58,60.963947,-65.978897,nan
2024-08-06T11:38:57,60.963943,-65.978859,nan
2024-08-06T11:38:57,60.963940,-65.978828,nan
2024-08-06T11:38:56,60.963940,-65.978790,nan
2024-08-06T11:38:56,60.963936,-65.978760,nan
2024-08-06T11:38:55,60.963932,-65.978729,nan
2024-08-06T11:38:55,60.963928,-65.978691,nan
2024-08-06T11:38:54,60.963924,-65.978661,nan
2024-08-06T11:38:54,60.963921,-65.978630,nan
2024-08-06T11:38:53,60.963921,-65.978592,nan
2024-08-06T11:38:53,60.963917,-65.978561,nan
2024-08-06T11:38:52,60.963913,-65.978531,nan
2024-08-06T11:38:52,60.963909,-65.978500,nan
2024-08-06T11:38:51,60.963905,-65.978470,nan
2024-08-06T11:38:51,60.963905,-65.978439,nan
2024-08-06T11:38:50,60.963898,-65.978409,nan
2024-08-06T11:38:50,60.963894,-65.978378,nan
2024-08-06T11:38:49,60.963890,-65.978348,nan
2024-08-06T11:38:49,60.963886,-65.978310,nan
2024-08-06T11:38:48,60.963882,-65.978279,nan
2024-08-06T11:38:48,60.963875,-65.978249,nan
2024-08-06T11:38:47,60.963871,-65.978218,nan
2024-08-06T11:38:47,60.963867,-65.978188,nan
2024-08-06T11:38:46,60.963860,-65.978149,nan
2024-08-06T11:38:46,60.963856,-65.978119,nan
2024-08-06T11:38:45,60.963852,-65.978088,nan
2024-08-06T11:38:45,60.963848,-65.978058,nan
2024-08-06T11:38:44,60.963844,-65.978027,nan
2024-08-06T11:38:44,60.963840,-65.977989,nan
2024-08-06T11:38:43,60.963837,-65.977959,nan
2024-08-06T11:38:43,60.963833,-65.977928,nan
2024-08-06T11:38:42,60.963833,-65.977898,nan
2024-08-06T11:38:42,60.963825,-65.977867,nan
2024-08-06T11:38:41,60.963821,-65.977837,nan
2024-08-06T11:38:41,60.963821,-65.977806,nan
2024-08-06T11:38:40,60.963818,-65.977776,nan
2024-08-06T11:38:40,60.963814,-65.977753,nan
2024-08-06T11:38:39,60.963806,-65.977722,nan
2024-08-06T11:38:39,60.963806,-65.977692,nan
2024-08-06T11:38:38,60.963802,-65.977661,nan
2024-08-06T11:38:38,60.963799,-65.977631,nan
2024-08-06T11:38:37,60.963795,-65.977608,nan
2024-08-06T11:38:37,60.963791,-65.977577,nan
2024-08-06T11:38:36,60.963791,-65.977547,nan
2024-08-06T11:38:36,60.963787,-65.977516,nan
2024-08-06T11:38:35,60.963783,-65.977486,nan
2024-08-06T11:38:35,60.963779,-65.977455,nan
2024-08-06T11:38:34,60.963776,-65.977425,nan
2024-08-06T11:38:34,60.963776,-65.977386,nan
2024-08-06T11:38:33,60.963772,-65.977356,nan
2024-08-06T11:38:33,60.963768,-65.977325,nan
2024-08-06T11:38:32,60.963768,-65.977295,nan
2024-08-06T11:38:32,60.963764,-65.977264,nan
2024-08-06T11:38:31,60.963764,-65.977234,nan
2024-08-06T11:38:31,60.963760,-65.977203,nan
2024-08-06T11:38:30,60.963760,-65.977173,nan
2024-08-06T11:38:30,60.963760,-65.977142,nan
2024-08-06T11:38:29,60.963757,-65.977112,nan
2024-08-06T11:38:29,60.963757,-65.977081,nan
2024-08-06T11:38:28,60.963753,-65.977051,nan
2024-08-06T11:38:28,60.963749,-65.977020,nan
2024-08-06T11:38:27,60.963745,-65.976997,nan
2024-08-06T11:38:27,60.963745,-65.976967,nan
2024-08-06T11:38:26,60.963741,-65.976936,nan
2024-08-06T11:38:26,60.963737,-65.976906,nan
2024-08-06T11:38:25,60.963734,-65.976875,nan
2024-08-06T11:38:25,60.963730,-65.976845,nan
2024-08-06T11:38:24,60.963726,-65.976814,nan
2024-08-06T11:38:24,60.963722,-65.976784,nan
2024-08-06T11:38:23,60.963718,-65.976753,nan
2024-08-06T11:38:23,60.963715,-65.976723,nan
2024-08-06T11:38:22,60.963711,-65.976692,nan
2024-08-06T11:38:22,60.963707,-65.976662,nan
2024-08-06T11:38:21,60.963703,-65.976631,nan
2024-08-06T11:38:21,60.963699,-65.976601,nan
2024-08-06T11:38:20,60.963696,-65.976562,nan
2024-08-06T11:38:20,60.963692,-65.976532,nan
2024-08-06T11:38:19,60.963688,-65.976501,nan
2024-08-06T11:38:19,60.963688,-65.976471,nan
2024-08-06T11:38:18,60.963684,-65.976440,nan
2024-08-06T11:38:18,60.963680,-65.976410,nan
2024-08-06T11:38:17,60.963680,-65.976379,nan
2024-08-06T11:38:17,60.963676,-65.976349,nan
2024-08-06T11:38:16,60.963676,-65.976318,nan
2024-08-06T11:38:16,60.963673,-65.976288,nan
2024-08-06T11:38:15,60.963673,-65.976257,nan
2024-08-06T11:38:15,60.963673,-65.976227,nan
2024-08-06T11:38:14,60.963669,-65.976196,nan
2024-08-06T11:38:14,60.963669,-65.976166,nan
2024-08-06T11:38:13,60.963669,-65.976143,nan
2024-08-06T11:38:13,60.963665,-65.976112,nan
2024-08-06T11:38:12,60.963665,-65.976082,nan
2024-08-06T11:38:12,60.963661,-65.976051,nan
2024-08-06T11:38:11,60.963657,-65.976028,nan
2024-08-06T11:38:11,60.963657,-65.975998,nan
2024-08-06T11:38:10,60.963654,-65.975967,nan
2024-08-06T11:38:10,60.963654,-65.975929,nan
2024-08-06T11:38:09,60.963650,-65.975899,nan
2024-08-06T11:38:09,60.963650,-65.975868,nan
2024-08-06T11:38:08,60.963650,-65.975838,nan
2024-08-06T11:38:08,60.963646,-65.975807,nan
2024-08-06T11:38:07,60.963646,-65.975777,nan
2024-08-06T11:38:07,60.963642,-65.975746,nan
2024-08-06T11:38:06,60.963642,-65.975716,nan
2024-08-06T11:38:06,60.963642,-65.975685,nan
2024-08-06T11:38:05,60.963642,-65.975655,nan
2024-08-06T11:38:05,60.963638,-65.975624,nan
2024-08-06T11:38:04,60.963638,-65.975601,nan
2024-08-06T11:38:04,60.963634,-65.975571,nan
2024-08-06T11:38:03,60.963634,-65.975540,nan
2024-08-06T11:38:03,60.963631,-65.975510,nan
2024-08-06T11:38:02,60.963627,-65.975479,nan
2024-08-06T11:38:02,60.963623,-65.975449,nan
2024-08-06T11:38:01,60.963619,-65.975418,nan
2024-08-06T11:38:01,60.963615,-65.975388,nan
2024-08-06T11:38:00,60.963612,-65.975357,nan
2024-08-06T11:38:00,60.963608,-65.975327,nan
2024-08-06T11:37:59,60.963604,-65.975288,nan
2024-08-06T11:37:59,60.963600,-65.975258,nan
2024-08-06T11:37:58,60.963596,-65.975227,nan
2024-08-06T11:37:58,60.963596,-65.975189,nan
2024-08-06T11:37:57,60.963593,-65.975159,nan
2024-08-06T11:37:57,60.963593,-65.975128,nan
2024-08-06T11:37:56,60.963589,-65.975090,nan
2024-08-06T11:37:56,60.963589,-65.975060,nan
2024-08-06T11:37:55,60.963585,-65.975021,nan
2024-08-06T11:37:55,60.963585,-65.974991,nan
2024-08-06T11:37:54,60.963585,-65.974960,nan
2024-08-06T11:37:54,60.963581,-65.974922,nan
2024-08-06T11:37:53,60.963577,-65.974892,nan
2024-08-06T11:37:53,60.963577,-65.974861,nan
2024-08-06T11:37:52,60.963573,-65.974823,nan
2024-08-06T11:37:52,60.963573,-65.974792,nan
2024-08-06T11:37:51,60.963570,-65.974762,nan
2024-08-06T11:37:51,60.963566,-65.974724,nan
2024-08-06T11:37:50,60.963566,-65.974693,nan
2024-08-06T11:37:50,60.963562,-65.974655,nan
2024-08-06T11:37:49,60.963558,-65.974625,nan
2024-08-06T11:37:49,60.963558,-65.974594,nan
2024-08-06T11:37:48,60.963558,-65.974556,nan
2024-08-06T11:37:48,60.963554,-65.974525,nan
2024-08-06T11:37:47,60.963554,-65.974487,nan
2024-08-06T11:37:47,60.963554,-65.974449,nan
2024-08-06T11:37:46,60.963554,-65.974411,nan
2024-08-06T11:37:46,60.963558,-65.974380,nan
2024-08-06T11:37:45,60.963558,-65.974342,nan
2024-08-06T11:37:45,60.963558,-65.974304,nan
2024-08-06T11:37:44,60.963558,-65.974266,nan
2024-08-06T11:37:44,60.963562,-65.974228,nan
2024-08-06T11:37:43,60.963562,-65.974197,nan
2024-08-06T11:37:43,60.963566,-65.974159,nan
2024-08-06T11:37:42,60.963566,-65.974129,nan
2024-08-06T11:37:42,60.963566,-65.974091,nan
2024-08-06T11:37:41,60.963570,-65.974060,nan
2024-08-06T11:37:41,60.963570,-65.974030,nan
2024-08-06T11:37:40,60.963570,-65.973991,nan
2024-08-06T11:37:40,60.963570,-65.973969,nan
2024-08-06T11:37:39,60.963570,-65.973938,nan
2024-08-06T11:37:39,60.963570,-65.973907,nan
2024-08-06T11:37:38,60.963566,-65.973877,nan
2024-08-06T11:37:38,60.963566,-65.973846,nan
2024-08-06T11:37:37,60.963566,-65.973824,nan
2024-08-06T11:37:37,60.963566,-65.973793,nan
2024-08-06T11:37:36,60.963562,-65.973763,nan
2024-08-06T11:37:36,60.963562,-65.973740,nan
2024-08-06T11:37:35,60.963562,-65.973709,nan
2024-08-06T11:37:35,60.963562,-65.973679,nan
2024-08-06T11:37:34,60.963562,-65.973656,nan
2024-08-06T11:37:34,60.963562,-65.973625,nan
2024-08-06T11:37:33,60.963562,-65.973602,nan
2024-08-06T11:37:33,60.963562,-65.973579,nan
2024-08-06T11:37:32,60.963562,-65.973557,nan
2024-08-06T11:37:32,60.963562,-65.973526,nan
2024-08-06T11:37:31,60.963558,-65.973503,nan
2024-08-06T11:37:31,60.963558,-65.973480,nan
2024-08-06T11:37:30,60.963558,-65.973457,nan
2024-08-06T11:37:30,60.963554,-65.973434,nan
2024-08-06T11:37:29,60.963554,-65.973412,nan
2024-08-06T11:37:29,60.963551,-65.973396,nan
2024-08-06T11:37:28,60.963551,-65.973373,nan
2024-08-06T11:37:28,60.963547,-65.973343,nan
2024-08-06T11:37:27,60.963543,-65.973320,nan
2024-08-06T11:37:27,60.963539,-65.973297,nan
2024-08-06T11:37:26,60.963535,-65.973274,nan
2024-08-06T11:37:26,60.963531,-65.973244,nan
2024-08-06T11:37:25,60.963528,-65.973221,nan
2024-08-06T11:37:25,60.963520,-65.973198,nan
2024-08-06T11:37:24,60.963516,-65.973175,nan
2024-08-06T11:37:24,60.963512,-65.973145,nan
2024-08-06T11:37:23,60.963505,-65.973122,nan
2024-08-06T11:37:23,60.963501,-65.973099,nan
2024-08-06T11:37:22,60.963497,-65.973083,nan
2024-08-06T11:37:22,60.963493,-65.973061,nan
2024-08-06T11:37:21,60.963490,-65.973038,nan
2024-08-06T11:37:21,60.963486,-65.973022,nan
2024-08-06T11:37:20,60.963478,-65.973000,nan
2024-08-06T11:37:20,60.963474,-65.972977,nan
2024-08-06T11:37:19,60.963470,-65.972961,nan
2024-08-06T11:37:19,60.963463,-65.972946,nan
2024-08-06T11:37:18,60.963459,-65.972923,nan
2024-08-06T11:37:18,60.963451,-65.972908,nan
2024-08-06T11:37:17,60.963444,-65.972885,nan
2024-08-06T11:37:17,60.963440,-65.972870,nan
2024-08-06T11:37:16,60.963432,-65.972847,nan
2024-08-06T11:37:16,60.963428,-65.972832,nan
2024-08-06T11:37:15,60.963421,-65.972809,nan
2024-08-06T11:37:15,60.963417,-65.972794,nan
2024-08-06T11:37:14,60.963409,-65.972771,nan
2024-08-06T11:37:14,60.963406,-65.972755,nan
2024-08-06T11:37:13,60.963402,-65.972733,nan
2024-08-06T11:37:13,60.963394,-65.972717,nan
2024-08-06T11:37:12,60.963390,-65.972694,nan
2024-08-06T11:37:12,60.963383,-65.972679,nan
2024-08-06T11:37:11,60.963379,-65.972664,nan
2024-08-06T11:37:11,60.963371,-65.972641,nan
2024-08-06T11:37:10,60.963364,-65.972626,nan
2024-08-06T11:37:10,60.963356,-65.972603,nan
2024-08-06T11:37:09,60.963348,-65.972588,nan
2024-08-06T11:37:09,60.963341,-65.972565,nan
2024-08-06T11:37:08,60.963329,-65.972549,nan
2024-08-06T11:37:08,60.963322,-65.972527,nan
2024-08-06T11:37:07,60.963318,-65.972504,nan
2024-08-06T11:37:07,60.963310,-65.972481,nan
2024-08-06T11:37:06,60.963303,-65.972450,nan
2024-08-06T11:37:06,60.963295,-65.972427,nan
2024-08-06T11:37:05,60.963291,-65.972397,nan
2024-08-06T11:37:05,60.963287,-65.972374,nan
2024-08-06T11:37:04,60.963280,-65.972343,nan
2024-08-06T11:37:04,60.963276,-65.972321,nan
2024-08-06T11:37:03,60.963272,-65.972298,nan
2024-08-06T11:37:03,60.963268,-65.972275,nan
2024-08-06T11:37:02,60.963264,-65.972252,nan
2024-08-06T11:37:02,60.963261,-65.972221,nan
2024-08-06T11:37:01,60.963257,-65.972198,nan
2024-08-06T11:37:01,60.963249,-65.972176,nan
2024-08-06T11:37:00,60.963245,-65.972153,nan
2024-08-06T11:37:00,60.963242,-65.972122,nan
2024-08-06T11:36:59,60.963234,-65.972092,nan
2024-08-06T11:36:59,60.963230,-65.972069,nan
2024-08-06T11:36:58,60.963226,-65.972038,nan
2024-08-06T11:36:58,60.963223,-65.972015,nan
2024-08-06T11:36:57,60.963219,-65.971985,nan
2024-08-06T11:36:57,60.963215,-65.971962,nan
2024-08-06T11:36:56,60.963211,-65.971931,nan
2024-08-06T11:36:56,60.963211,-65.971909,nan
2024-08-06T11:36:55,60.963207,-65.971886,nan
2024-08-06T11:36:55,60.963207,-65.971855,nan
2024-08-06T11:36:54,60.963200,-65.971809,nan
2024-08-06T11:36:53,60.963196,-65.971786,nan
2024-08-06T11:36:53,60.963192,-65.971764,nan
2024-08-06T11:36:52,60.963184,-65.971741,nan
2024-08-06T11:36:51,60.963173,-65.971687,nan
2024-08-06T11:36:51,60.963165,-65.971664,nan
2024-08-06T11:36:50,60.963161,-65.971642,nan
2024-08-06T11:36:50,60.963154,-65.971611,nan
2024-08-06T11:36:49,60.963150,-65.971588,nan
2024-08-06T11:36:49,60.963142,-65.971565,nan
2024-08-06T11:36:48,60.963139,-65.971542,nan
2024-08-06T11:36:48,60.963131,-65.971519,nan
2024-08-06T11:36:47,60.963123,-65.971497,nan
2024-08-06T11:36:47,60.963120,-65.971474,nan
2024-08-06T11:36:46,60.963112,-65.971451,nan
2024-08-06T11:36:46,60.963100,-65.971436,nan
2024-08-06T11:36:45,60.963093,-65.971413,nan
2024-08-06T11:36:45,60.963081,-65.971390,nan
2024-08-06T11:36:44,60.963074,-65.971367,nan
2024-08-06T11:36:44,60.963062,-65.971344,nan
2024-08-06T11:36:43,60.963055,-65.971321,nan
2024-08-06T11:36:43,60.963043,-65.971298,nan
2024-08-06T11:36:42,60.963036,-65.971275,nan
2024-08-06T11:36:42,60.963028,-65.971252,nan
2024-08-06T11:36:41,60.963017,-65.971237,nan
2024-08-06T11:36:41,60.963009,-65.971214,nan
2024-08-06T11:36:40,60.962997,-65.971191,nan
2024-08-06T11:36:40,60.962990,-65.971176,nan
2024-08-06T11:36:39,60.962978,-65.971153,nan
2024-08-06T11:36:39,60.962967,-65.971138,nan
2024-08-06T11:36:38,60.962955,-65.971115,nan
2024-08-06T11:36:37,60.962929,-65.971077,nan
2024-08-06T11:36:37,60.962914,-65.971062,nan
2024-08-06T11:36:36,60.962902,-65.971039,nan
2024-08-06T11:36:36,60.962887,-65.971024,nan
2024-08-06T11:36:35,60.962875,-65.971001,nan
2024-08-06T11:36:35,60.962860,-65.970985,nan
2024-08-06T11:36:34,60.962849,-65.970963,nan
2024-08-06T11:36:33,60.962826,-65.970932,nan
2024-08-06T11:36:32,60.962803,-65.970909,nan
2024-08-06T11:36:32,60.962788,-65.970894,nan
2024-08-06T11:36:31,60.962772,-65.970886,nan
2024-08-06T11:36:30,60.962742,-65.970856,nan
2024-08-06T11:36:30,60.962727,-65.970848,nan
2024-08-06T11:36:29,60.962711,-65.970833,nan
2024-08-06T11:36:29,60.962700,-65.970818,nan
2024-08-06T11:36:28,60.962685,-65.970810,nan
2024-08-06T11:36:28,60.962669,-65.970802,nan
2024-08-06T11:36:27,60.962654,-65.970787,nan
2024-08-06T11:36:27,60.962639,-65.970779,nan
2024-08-06T11:36:26,60.962624,-65.970772,nan
2024-08-06T11:36:26,60.962608,-65.970772,nan
2024-08-06T11:36:25,60.962597,-65.970764,nan
2024-08-06T11:36:25,60.962582,-65.970757,nan
2024-08-06T11:36:24,60.962566,-65.970757,nan
2024-08-06T11:36:24,60.962551,-65.970749,nan
2024-08-06T11:36:23,60.962536,-65.970741,nan
2024-08-06T11:36:23,60.962517,-65.970741,nan
2024-08-06T11:36:22,60.962502,-65.970734,nan
2024-08-06T11:36:22,60.962482,-65.970726,nan
2024-08-06T11:36:21,60.962460,-65.970718,nan
2024-08-06T11:36:21,60.962440,-65.970711,nan
2024-08-06T11:36:20,60.962421,-65.970695,nan
2024-08-06T11:36:20,60.962406,-65.970688,nan
2024-08-06T11:36:19,60.962387,-65.970673,nan
2024-08-06T11:36:18,60.962353,-65.970657,nan
2024-08-06T11:36:18,60.962337,-65.970650,nan
2024-08-06T11:36:17,60.962322,-65.970642,nan
2024-08-06T11:36:17,60.962311,-65.970642,nan
2024-08-06T11:36:16,60.962296,-65.970634,nan
2024-08-06T11:36:16,60.962280,-65.970634,nan
2024-08-06T11:36:15,60.962265,-65.970627,nan
2024-08-06T11:36:15,60.962250,-65.970627,nan
2024-08-06T11:36:14,60.962234,-65.970619,nan
2024-08-06T11:36:14,60.962215,-65.970619,nan
2024-08-06T11:36:13,60.962200,-65.970612,nan
2024-08-06T11:36:13,60.962189,-65.970612,nan
2024-08-06T11:36:12,60.962173,-65.970604,nan
2024-08-06T11:36:12,60.962158,-65.970604,nan
2024-08-06T11:36:11,60.962147,-65.970596,nan
2024-08-06T11:36:11,60.962132,-65.970596,nan
2024-08-06T11:36:10,60.962116,-65.970596,nan
2024-08-06T11:36:10,60.962105,-65.970596,nan
2024-08-06T11:36:09,60.962090,-65.970596,nan
2024-08-06T11:36:09,60.962074,-65.970604,nan
2024-08-06T11:36:08,60.962059,-65.970604,nan
2024-08-06T11:36:08,60.962044,-65.970612,nan
2024-08-06T11:36:07,60.962025,-65.970612,nan
2024-08-06T11:36:07,60.962009,-65.970612,nan
2024-08-06T11:36:06,60.961994,-65.970612,nan
2024-08-06T11:36:06,60.961979,-65.970612,nan
2024-08-06T11:36:05,60.961964,-65.970612,nan
2024-08-06T11:36:05,60.961948,-65.970612,nan
2024-08-06T11:36:04,60.961918,-65.970619,nan
2024-08-06T11:36:03,60.961903,-65.970627,nan
2024-08-06T11:36:03,60.961887,-65.970634,nan
2024-08-06T11:36:02,60.961872,-65.970650,nan
2024-08-06T11:36:02,60.961857,-65.970657,nan
2024-08-06T11:36:01,60.961842,-65.970665,nan
2024-08-06T11:36:01,60.961826,-65.970680,nan
2024-08-06T11:36:00,60.961811,-65.970688,nan
2024-08-06T11:36:00,60.961796,-65.970695,nan
2024-08-06T11:35:59,60.961784,-65.970703,nan
2024-08-06T11:35:59,60.961773,-65.970703,nan
2024-08-06T11:35:58,60.961761,-65.970711,nan
2024-08-06T11:35:58,60.961750,-65.970711,nan
2024-08-06T11:35:57,60.961742,-65.970718,nan
2024-08-06T11:35:57,60.961731,-65.970718,nan
2024-08-06T11:35:56,60.961723,-65.970718,nan
2024-08-06T11:35:56,60.961712,-65.970718,nan
2024-08-06T11:35:55,60.961700,-65.970718,nan
2024-08-06T11:35:55,60.961689,-65.970718,nan
2024-08-06T11:35:54,60.961678,-65.970718,nan
2024-08-06T11:35:54,60.961666,-65.970711,nan
2024-08-06T11:35:53,60.961658,-65.970711,nan
2024-08-06T11:35:53,60.961647,-65.970703,nan
2024-08-06T11:35:52,60.961636,-65.970695,nan
2024-08-06T11:35:52,60.961624,-65.970695,nan
2024-08-06T11:35:51,60.961617,-65.970688,nan
2024-08-06T11:35:51,60.961609,-65.970680,nan
2024-08-06T11:35:50,60.961597,-65.970680,nan
2024-08-06T11:35:50,60.961586,-65.970673,nan
2024-08-06T11:35:49,60.961578,-65.970665,nan
2024-08-06T11:35:49,60.961567,-65.970657,nan
2024-08-06T11:35:48,60.961559,-65.970650,nan
2024-08-06T11:35:48,60.961548,-65.970642,nan
2024-08-06T11:35:47,60.961540,-65.970634,nan
2024-08-06T11:35:47,60.961533,-65.970619,nan
2024-08-06T11:35:46,60.961517,-65.970596,nan
2024-08-06T11:35:45,60.961514,-65.970589,nan
2024-08-06T11:35:45,60.961506,-65.970581,nan
2024-08-06T11:35:44,60.961498,-65.970566,nan
2024-08-06T11:35:44,60.961491,-65.970558,nan
2024-08-06T11:35:43,60.961487,-65.970551,nan
2024-08-06T11:35:43,60.961479,-65.970535,nan
2024-08-06T11:35:42,60.961472,-65.970528,nan
2024-08-06T11:35:42,60.961460,-65.970512,nan
2024-08-06T11:35:41,60.961452,-65.970497,nan
2024-08-06T11:35:41,60.961445,-65.970490,nan
2024-08-06T11:35:40,60.961433,-65.970474,nan
2024-08-06T11:35:40,60.961426,-65.970451,nan
2024-08-06T11:35:39,60.961418,-65.970436,nan
2024-08-06T11:35:39,60.961411,-65.970421,nan
2024-08-06T11:35:38,60.961403,-65.970406,nan
2024-08-06T11:35:38,60.961395,-65.970390,nan
2024-08-06T11:35:37,60.961388,-65.970375,nan
2024-08-06T11:35:37,60.961376,-65.970360,nan
2024-08-06T11:35:36,60.961369,-65.970345,nan
2024-08-06T11:35:36,60.961361,-65.970329,nan
2024-08-06T11:35:35,60.961349,-65.970314,nan
2024-08-06T11:35:35,60.961342,-65.970291,nan
2024-08-06T11:35:34,60.961330,-65.970276,nan
2024-08-06T11:35:34,60.961323,-65.970253,nan
2024-08-06T11:35:33,60.961315,-65.970230,nan
2024-08-06T11:35:33,60.961304,-65.970215,nan
2024-08-06T11:35:32,60.961296,-65.970192,nan
2024-08-06T11:35:32,60.961285,-65.970177,nan
2024-08-06T11:35:31,60.961277,-65.970154,nan
2024-08-06T11:35:31,60.961266,-65.970139,nan
2024-08-06T11:35:30,60.961254,-65.970116,nan
2024-08-06T11:35:30,60.961243,-65.970100,nan
2024-08-06T11:35:29,60.961231,-65.970078,nan
2024-08-06T11:35:29,60.961220,-65.970062,nan
2024-08-06T11:35:28,60.961208,-65.970039,nan
2024-08-06T11:35:28,60.961197,-65.970024,nan
2024-08-06T11:35:27,60.961185,-65.970001,nan
2024-08-06T11:35:27,60.961178,-65.969978,nan
2024-08-06T11:35:26,60.961166,-65.969963,nan
2024-08-06T11:35:26,60.961155,-65.969940,nan
2024-08-06T11:35:25,60.961147,-65.969925,nan
2024-08-06T11:35:25,60.961136,-65.969910,nan
2024-08-06T11:35:24,60.961124,-65.969887,nan
2024-08-06T11:35:24,60.961113,-65.969872,nan
2024-08-06T11:35:23,60.961090,-65.969833,nan
2024-08-06T11:35:22,60.961079,-65.969818,nan
2024-08-06T11:35:22,60.961067,-65.969795,nan
2024-08-06T11:35:21,60.961056,-65.969772,nan
2024-08-06T11:35:21,60.961044,-65.969757,nan
2024-08-06T11:35:20,60.961033,-65.969734,nan
2024-08-06T11:35:20,60.961021,-65.969711,nan
2024-08-06T11:35:19,60.961014,-65.969696,nan
2024-08-06T11:35:19,60.961002,-65.969673,nan
2024-08-06T11:35:18,60.960991,-65.969658,nan
2024-08-06T11:35:18,60.960976,-65.969643,nan
2024-08-06T11:35:17,60.960964,-65.969620,nan
2024-08-06T11:35:17,60.960953,-65.969604,nan
2024-08-06T11:35:16,60.960941,-65.969589,nan
2024-08-06T11:35:16,60.960926,-65.969574,nan
2024-08-06T11:35:15,60.960915,-65.969551,nan
2024-08-06T11:35:15,60.960899,-65.969536,nan
2024-08-06T11:35:14,60.960888,-65.969513,nan
2024-08-06T11:35:14,60.960876,-65.969498,nan
2024-08-06T11:35:13,60.960861,-65.969475,nan
2024-08-06T11:35:13,60.960850,-65.969460,nan
2024-08-06T11:35:12,60.960838,-65.969444,nan
2024-08-06T11:35:12,60.960827,-65.969429,nan
2024-08-06T11:35:11,60.960812,-65.969414,nan
2024-08-06T11:35:11,60.960800,-65.969398,nan
2024-08-06T11:35:10,60.960785,-65.969391,nan
2024-08-06T11:35:09,60.960762,-65.969360,nan
2024-08-06T11:35:09,60.960751,-65.969345,nan
2024-08-06T11:35:08,60.960728,-65.969315,nan
2024-08-06T11:35:07,60.960716,-65.969299,nan
2024-08-06T11:35:06,60.960697,-65.969269,nan
2024-08-06T11:35:06,60.960690,-65.969261,nan
2024-08-06T11:35:05,60.960678,-65.969246,nan
2024-08-06T11:35:05,60.960670,-65.969231,nan
2024-08-06T11:35:04,60.960659,-65.969215,nan
2024-08-06T11:35:04,60.960648,-65.969208,nan
2024-08-06T11:35:03,60.960636,-65.969193,nan
2024-08-06T11:35:03,60.960625,-65.969170,nan
2024-08-06T11:35:02,60.960617,-65.969154,nan
2024-08-06T11:35:02,60.960606,-65.969139,nan
2024-08-06T11:35:01,60.960590,-65.969109,nan
2024-08-06T11:35:00,60.960579,-65.969086,nan
2024-08-06T11:35:00,60.960571,-65.969070,nan
2024-08-06T11:34:59,60.960564,-65.969063,nan
2024-08-06T11:34:59,60.960552,-65.969040,nan
2024-08-06T11:34:58,60.960545,-65.969025,nan
2024-08-06T11:34:58,60.960533,-65.969009,nan
2024-08-06T11:34:57,60.960526,-65.968994,nan
2024-08-06T11:34:57,60.960518,-65.968971,nan
2024-08-06T11:34:56,60.960506,-65.968956,nan
2024-08-06T11:34:56,60.960503,-65.968941,nan
2024-08-06T11:34:55,60.960495,-65.968918,nan
2024-08-06T11:34:55,60.960487,-65.968903,nan
2024-08-06T11:34:54,60.960472,-65.968872,nan
2024-08-06T11:34:53,60.960464,-65.968857,nan
2024-08-06T11:34:53,60.960457,-65.968842,nan
2024-08-06T11:34:52,60.960445,-65.968826,nan
2024-08-06T11:34:52,60.960438,-65.968811,nan
2024-08-06T11:34:51,60.960426,-65.968796,nan
2024-08-06T11:34:51,60.960419,-65.968781,nan
2024-08-06T11:34:50,60.960407,-65.968765,nan
2024-08-06T11:34:50,60.960400,-65.968742,nan
2024-08-06T11:34:49,60.960388,-65.968727,nan
2024-08-06T11:34:49,60.960381,-65.968704,nan
2024-08-06T11:34:48,60.960369,-65.968681,nan
2024-08-06T11:34:48,60.960361,-65.968666,nan
2024-08-06T11:34:47,60.960354,-65.968643,nan
2024-08-06T11:34:47,60.960346,-65.968628,nan
2024-08-06T11:34:46,60.960339,-65.968613,nan
2024-08-06T11:34:46,60.960327,-65.968590,nan
2024-08-06T11:34:45,60.960320,-65.968575,nan
2024-08-06T11:34:45,60.960312,-65.968552,nan
2024-08-06T11:34:44,60.960300,-65.968529,nan
2024-08-06T11:34:44,60.960293,-65.968513,nan
2024-08-06T11:34:43,60.960285,-65.968491,nan
2024-08-06T11:34:43,60.960278,-65.968468,nan
2024-08-06T11:34:42,60.960270,-65.968437,nan
2024-08-06T11:34:42,60.960262,-65.968414,nan
2024-08-06T11:34:41,60.960255,-65.968391,nan
2024-08-06T11:34:41,60.960251,-65.968369,nan
2024-08-06T11:34:40,60.960243,-65.968353,nan
2024-08-06T11:34:40,60.960236,-65.968330,nan
2024-08-06T11:34:39,60.960228,-65.968307,nan
2024-08-06T11:34:39,60.960217,-65.968285,nan
2024-08-06T11:34:38,60.960209,-65.968254,nan
2024-08-06T11:34:38,60.960197,-65.968231,nan
2024-08-06T11:34:37,60.960190,-65.968201,nan
2024-08-06T11:34:37,60.960178,-65.968178,nan
2024-08-06T11:34:36,60.960159,-65.968117,nan
2024-08-06T11:34:35,60.960140,-65.968063,nan
2024-08-06T11:34:34,60.960133,-65.968033,nan
2024-08-06T11:34:34,60.960125,-65.968010,nan
2024-08-06T11:34:33,60.960114,-65.967987,nan
2024-08-06T11:34:33,60.960106,-65.967957,nan
2024-08-06T11:34:32,60.960094,-65.967934,nan
2024-08-06T11:34:32,60.960087,-65.967903,nan
2024-08-06T11:34:31,60.960075,-65.967880,nan
2024-08-06T11:34:31,60.960064,-65.967850,nan
2024-08-06T11:34:30,60.960056,-65.967827,nan
2024-08-06T11:34:30,60.960045,-65.967796,nan
2024-08-06T11:34:29,60.960037,-65.967773,nan
2024-08-06T11:34:29,60.960030,-65.967751,nan
2024-08-06T11:34:28,60.960022,-65.967720,nan
2024-08-06T11:34:28,60.960014,-65.967697,nan
2024-08-06T11:34:27,60.960007,-65.967674,nan
2024-08-06T11:34:27,60.959995,-65.967651,nan
2024-08-06T11:34:26,60.959980,-65.967606,nan
2024-08-06T11:34:25,60.959965,-65.967567,nan
2024-08-06T11:34:24,60.959953,-65.967545,nan
2024-08-06T11:34:24,60.959946,-65.967522,nan
2024-08-06T11:34:23,60.959942,-65.967499,nan
2024-08-06T11:34:23,60.959934,-65.967476,nan
2024-08-06T11:34:22,60.959927,-65.967453,nan
2024-08-06T11:34:22,60.959919,-65.967430,nan
2024-08-06T11:34:21,60.959915,-65.967415,nan
2024-08-06T11:34:21,60.959908,-65.967392,nan
2024-08-06T11:34:20,60.959904,-65.967377,nan
2024-08-06T11:34:20,60.959900,-65.967361,nan
2024-08-06T11:34:19,60.959892,-65.967346,nan
2024-08-06T11:34:19,60.959885,-65.967331,nan
2024-08-06T11:34:18,60.959881,-65.967316,nan
2024-08-06T11:34:18,60.959873,-65.967293,nan
2024-08-06T11:34:17,60.959866,-65.967255,nan
2024-08-06T11:34:16,60.959862,-65.967232,nan
2024-08-06T11:34:16,60.959854,-65.967216,nan
2024-08-06T11:34:15,60.959846,-65.967178,nan
2024-08-06T11:34:14,60.959843,-65.967155,nan
2024-08-06T11:34:14,60.959839,-65.967140,nan
2024-08-06T11:34:13,60.959831,-65.967125,nan
2024-08-06T11:34:13,60.959824,-65.967110,nan
2024-08-06T11:34:12,60.959816,-65.967094,nan
2024-08-06T11:34:12,60.959808,-65.967079,nan
2024-08-06T11:34:11,60.959801,-65.967056,nan
2024-08-06T11:34:11,60.959793,-65.967041,nan
2024-08-06T11:34:10,60.959785,-65.967018,nan
2024-08-06T11:34:10,60.959778,-65.966995,nan
2024-08-06T11:34:09,60.959770,-65.966980,nan
2024-08-06T11:34:09,60.959763,-65.966957,nan
2024-08-06T11:34:08,60.959759,-65.966942,nan
2024-08-06T11:34:08,60.959751,-65.966927,nan
2024-08-06T11:34:07,60.959743,-65.966904,nan
2024-08-06T11:34:06,60.959728,-65.966866,nan
2024-08-06T11:34:06,60.959721,-65.966843,nan
2024-08-06T11:34:05,60.959709,-65.966827,nan
2024-08-06T11:34:05,60.959702,-65.966805,nan
2024-08-06T11:34:04,60.959682,-65.966751,nan
2024-08-06T11:34:03,60.959671,-65.966728,nan
2024-08-06T11:34:02,60.959652,-65.966675,nan
2024-08-06T11:34:02,60.959641,-65.966644,nan
2024-08-06T11:34:01,60.959629,-65.966614,nan
2024-08-06T11:34:01,60.959618,-65.966583,nan
2024-08-06T11:34:00,60.959602,-65.966545,nan
2024-08-06T11:34:00,60.959591,-65.966507,nan
2024-08-06T11:33:59,60.959579,-65.966469,nan
2024-08-06T11:33:59,60.959568,-65.966423,nan
2024-08-06T11:33:58,60.959549,-65.966331,nan
2024-08-06T11:33:57,60.959538,-65.966286,nan
2024-08-06T11:33:56,60.959518,-65.966202,nan
2024-08-06T11:33:56,60.959507,-65.966156,nan
2024-08-06T11:33:55,60.959496,-65.966103,nan
2024-08-06T11:33:55,60.959488,-65.966057,nan
2024-08-06T11:33:54,60.959476,-65.966011,nan
2024-08-06T11:33:54,60.959465,-65.965958,nan
2024-08-06T11:33:53,60.959457,-65.965912,nan
2024-08-06T11:33:53,60.959446,-65.965858,nan
2024-08-06T11:33:52,60.959435,-65.965813,nan
2024-08-06T11:33:52,60.959423,-65.965759,nan
2024-08-06T11:33:51,60.959415,-65.965714,nan
2024-08-06T11:33:51,60.959408,-65.965668,nan
2024-08-06T11:33:50,60.959396,-65.965614,nan
2024-08-06T11:33:50,60.959389,-65.965561,nan
2024-08-06T11:33:49,60.959377,-65.965508,nan
2024-08-06T11:33:49,60.959370,-65.965454,nan
2024-08-06T11:33:48,60.959362,-65.965401,nan
2024-08-06T11:33:48,60.959351,-65.965347,nan
2024-08-06T11:33:47,60.959343,-65.965294,nan
2024-08-06T11:33:46,60.959324,-65.965202,nan
2024-08-06T11:33:46,60.959312,-65.965164,nan
2024-08-06T11:33:45,60.959301,-65.965118,nan
2024-08-06T11:33:45,60.959293,-65.965080,nan
2024-08-06T11:33:44,60.959286,-65.965042,nan
2024-08-06T11:33:44,60.959278,-65.964996,nan
2024-08-06T11:33:43,60.959274,-65.964958,nan
2024-08-06T11:33:42,60.959263,-65.964874,nan
2024-08-06T11:33:42,60.959259,-65.964836,nan
2024-08-06T11:33:41,60.959251,-65.964790,nan
2024-08-06T11:33:41,60.959248,-65.964745,nan
2024-08-06T11:33:40,60.959240,-65.964699,nan
2024-08-06T11:33:40,60.959232,-65.964653,nan
2024-08-06T11:33:39,60.959229,-65.964615,nan
2024-08-06T11:33:39,60.959221,-65.964577,nan
2024-08-06T11:33:38,60.959213,-65.964539,nan
2024-08-06T11:33:38,60.959209,-65.964493,nan
2024-08-06T11:33:37,60.959202,-65.964462,nan
2024-08-06T11:33:37,60.959198,-65.964424,nan
2024-08-06T11:33:36,60.959190,-65.964378,nan
2024-08-06T11:33:36,60.959187,-65.964340,nan
2024-08-06T11:33:35,60.959179,-65.964302,nan
2024-08-06T11:33:35,60.959175,-65.964264,nan
2024-08-06T11:33:34,60.959167,-65.964226,nan
2024-08-06T11:33:34,60.959164,-65.964180,nan
2024-08-06T11:33:33,60.959156,-65.964134,nan
2024-08-06T11:33:33,60.959152,-65.964096,nan
2024-08-06T11:33:32,60.959148,-65.964050,nan
2024-08-06T11:33:32,60.959145,-65.964012,nan
2024-08-06T11:33:31,60.959141,-65.963966,nan
2024-08-06T11:33:31,60.959133,-65.963928,nan
2024-08-06T11:33:30,60.959129,-65.963882,nan
2024-08-06T11:33:30,60.959126,-65.963844,nan
2024-08-06T11:33:29,60.959126,-65.963799,nan
2024-08-06T11:33:29,60.959126,-65.963760,nan
2024-08-06T11:33:28,60.959126,-65.963730,nan
2024-08-06T11:33:28,60.959126,-65.963692,nan
2024-08-06T11:33:27,60.959129,-65.963654,nan
2024-08-06T11:33:27,60.959129,-65.963615,nan
2024-08-06T11:33:26,60.959133,-65.963577,nan
2024-08-06T11:33:26,60.959141,-65.963539,nan
2024-08-06T11:33:25,60.959145,-65.963509,nan
2024-08-06T11:33:25,60.959152,-65.963470,nan
2024-08-06T11:33:24,60.959160,-65.963440,nan
2024-08-06T11:33:24,60.959164,-65.963409,nan
2024-08-06T11:33:23,60.959171,-65.963379,nan
2024-08-06T11:33:23,60.959179,-65.963341,nan
2024-08-06T11:33:22,60.959187,-65.963310,nan
2024-08-06T11:33:22,60.959194,-65.963280,nan
2024-08-06T11:33:21,60.959202,-65.963249,nan
2024-08-06T11:33:21,60.959209,-65.963219,nan
2024-08-06T11:33:20,60.959217,-65.963181,nan
2024-08-06T11:33:20,60.959225,-65.963150,nan
2024-08-06T11:33:19,60.959232,-65.963112,nan
2024-08-06T11:33:19,60.959244,-65.963074,nan
2024-08-06T11:33:18,60.959251,-65.963036,nan
2024-08-06T11:33:18,60.959263,-65.962990,nan
2024-08-06T11:33:17,60.959274,-65.962944,nan
2024-08-06T11:33:17,60.959286,-65.962898,nan
2024-08-06T11:33:16,60.959297,-65.962852,nan
2024-08-06T11:33:16,60.959309,-65.962799,nan
2024-08-06T11:33:15,60.959316,-65.962738,nan
2024-08-06T11:33:15,60.959328,-65.962685,nan
2024-08-06T11:33:14,60.959335,-65.962624,nan
2024-08-06T11:33:14,60.959347,-65.962563,nan
2024-08-06T11:33:13,60.959351,-65.962494,nan
2024-08-06T11:33:13,60.959358,-65.962433,nan
2024-08-06T11:33:12,60.959362,-65.962364,nan
2024-08-06T11:33:12,60.959366,-65.962296,nan
2024-08-06T11:33:11,60.959370,-65.962234,nan
2024-08-06T11:33:11,60.959373,-65.962166,nan
2024-08-06T11:33:10,60.959377,-65.962097,nan
2024-08-06T11:33:10,60.959377,-65.962029,nan
2024-08-06T11:33:09,60.959377,-65.961960,nan
2024-08-06T11:33:09,60.959377,-65.961884,nan
2024-08-06T11:33:08,60.959377,-65.961815,nan
2024-08-06T11:33:08,60.959377,-65.961739,nan
2024-08-06T11:33:07,60.959373,-65.961670,nan
2024-08-06T11:33:07,60.959373,-65.961601,nan
2024-08-06T11:33:06,60.959373,-65.961533,nan
2024-08-06T11:33:06,60.959370,-65.961472,nan
2024-08-06T11:33:05,60.959366,-65.961411,nan
2024-08-06T11:33:05,60.959366,-65.961349,nan
2024-08-06T11:33:04,60.959358,-65.961296,nan
2024-08-06T11:33:04,60.959358,-65.961235,nan
2024-08-06T11:33:03,60.959354,-65.961182,nan
2024-08-06T11:33:03,60.959351,-65.961128,nan
2024-08-06T11:33:02,60.959347,-65.961082,nan
2024-08-06T11:33:02,60.959343,-65.961029,nan
2024-08-06T11:33:01,60.959339,-65.960983,nan
2024-08-06T11:33:01,60.959335,-65.960938,nan
2024-08-06T11:33:00,60.959335,-65.960884,nan
2024-08-06T11:33:00,60.959335,-65.960838,nan
2024-08-06T11:32:59,60.959335,-65.960785,nan
2024-08-06T11:32:59,60.959335,-65.960732,nan
2024-08-06T11:32:58,60.959335,-65.960678,nan
2024-08-06T11:32:58,60.959335,-65.960625,nan
2024-08-06T11:32:57,60.959335,-65.960571,nan
2024-08-06T11:32:57,60.959335,-65.960510,nan
2024-08-06T11:32:56,60.959335,-65.960457,nan
2024-08-06T11:32:56,60.959335,-65.960396,nan
2024-08-06T11:32:55,60.959335,-65.960342,nan
2024-08-06T11:32:55,60.959335,-65.960289,nan
2024-08-06T11:32:54,60.959335,-65.960236,nan
2024-08-06T11:32:54,60.959332,-65.960182,nan
2024-08-06T11:32:53,60.959332,-65.960129,nan
2024-08-06T11:32:53,60.959332,-65.960083,nan
2024-08-06T11:32:52,60.959332,-65.960037,nan
2024-08-06T11:32:52,60.959332,-65.959991,nan
2024-08-06T11:32:51,60.959332,-65.959946,nan
2024-08-06T11:32:51,60.959332,-65.959908,nan
2024-08-06T11:32:50,60.959332,-65.959862,nan
2024-08-06T11:32:50,60.959332,-65.959824,nan
2024-08-06T11:32:49,60.959335,-65.959785,nan
2024-08-06T11:32:49,60.959335,-65.959740,nan
2024-08-06T11:32:48,60.959339,-65.959702,nan
2024-08-06T11:32:48,60.959339,-65.959663,nan
2024-08-06T11:32:47,60.959343,-65.959618,nan
2024-08-06T11:32:47,60.959343,-65.959579,nan
2024-08-06T11:32:46,60.959347,-65.959534,nan
2024-08-06T11:32:46,60.959351,-65.959488,nan
2024-08-06T11:32:45,60.959351,-65.959442,nan
2024-08-06T11:32:45,60.959354,-65.959396,nan
2024-08-06T11:32:44,60.959354,-65.959351,nan
2024-08-06T11:32:44,60.959354,-65.959297,nan
2024-08-06T11:32:43,60.959358,-65.959251,nan
2024-08-06T11:32:43,60.959362,-65.959206,nan
2024-08-06T11:32:42,60.959370,-65.959160,nan
2024-08-06T11:32:42,60.959373,-65.959122,nan
2024-08-06T11:32:41,60.959377,-65.959076,nan
2024-08-06T11:32:41,60.959385,-65.959038,nan
2024-08-06T11:32:40,60.959393,-65.958992,nan
2024-08-06T11:32:40,60.959396,-65.958954,nan
2024-08-06T11:32:39,60.959404,-65.958908,nan
2024-08-06T11:32:39,60.959412,-65.958870,nan
2024-08-06T11:32:38,60.959419,-65.958824,nan
2024-08-06T11:32:38,60.959427,-65.958786,nan
2024-08-06T11:32:37,60.959431,-65.958748,nan
2024-08-06T11:32:37,60.959438,-65.958702,nan
2024-08-06T11:32:36,60.959442,-65.958664,nan
2024-08-06T11:32:36,60.959446,-65.958618,nan
2024-08-06T11:32:35,60.959450,-65.958580,nan
2024-08-06T11:32:35,60.959450,-65.958549,nan
2024-08-06T11:32:34,60.959454,-65.958504,nan
2024-08-06T11:32:34,60.959457,-65.958466,nan
2024-08-06T11:32:33,60.959465,-65.958420,nan
2024-08-06T11:32:33,60.959469,-65.958374,nan
2024-08-06T11:32:32,60.959476,-65.958328,nan
2024-08-06T11:32:32,60.959480,-65.958282,nan
2024-08-06T11:32:31,60.959488,-65.958237,nan
2024-08-06T11:32:31,60.959496,-65.958183,nan
2024-08-06T11:32:30,60.959503,-65.958138,nan
2024-08-06T11:32:30,60.959515,-65.958092,nan
2024-08-06T11:32:29,60.959522,-65.958046,nan
2024-08-06T11:32:29,60.959530,-65.957993,nan
2024-08-06T11:32:28,60.959534,-65.957947,nan
2024-08-06T11:32:28,60.959541,-65.957893,nan
2024-08-06T11:32:27,60.959553,-65.957848,nan
2024-08-06T11:32:27,60.959557,-65.957794,nan
2024-08-06T11:32:26,60.959564,-65.957748,nan
2024-08-06T11:32:26,60.959572,-65.957695,nan
2024-08-06T11:32:25,60.959579,-65.957649,nan
2024-08-06T11:32:25,60.959587,-65.957596,nan
2024-08-06T11:32:24,60.959595,-65.957542,nan
2024-08-06T11:32:24,60.959602,-65.957489,nan
2024-08-06T11:32:23,60.959614,-65.957436,nan
2024-08-06T11:32:23,60.959621,-65.957390,nan
2024-08-06T11:32:22,60.959629,-65.957344,nan
2024-08-06T11:32:22,60.959637,-65.957291,nan
2024-08-06T11:32:21,60.959648,-65.957245,nan
2024-08-06T11:32:21,60.959660,-65.957199,nan
2024-08-06T11:32:20,60.959671,-65.957153,nan
2024-08-06T11:32:20,60.959682,-65.957108,nan
2024-08-06T11:32:19,60.959694,-65.957062,nan
2024-08-06T11:32:19,60.959705,-65.957008,nan
2024-08-06T11:32:18,60.959717,-65.956963,nan
2024-08-06T11:32:18,60.959728,-65.956917,nan
2024-08-06T11:32:17,60.959743,-65.956871,nan
2024-08-06T11:32:17,60.959763,-65.956825,nan
2024-08-06T11:32:16,60.959778,-65.956779,nan
2024-08-06T11:32:16,60.959797,-65.956734,nan
2024-08-06T11:32:15,60.959816,-65.956688,nan
2024-08-06T11:32:15,60.959835,-65.956642,nan
2024-08-06T11:32:14,60.959850,-65.956596,nan
2024-08-06T11:32:14,60.959869,-65.956558,nan
2024-08-06T11:32:13,60.959885,-65.956512,nan
2024-08-06T11:32:13,60.959900,-65.956467,nan
2024-08-06T11:32:12,60.959915,-65.956421,nan
2024-08-06T11:32:12,60.959930,-65.956375,nan
2024-08-06T11:32:11,60.959946,-65.956329,nan
2024-08-06T11:32:11,60.959957,-65.956284,nan
2024-08-06T11:32:10,60.959969,-65.956238,nan
2024-08-06T11:32:10,60.959976,-65.956192,nan
2024-08-06T11:32:09,60.959988,-65.956146,nan
2024-08-06T11:32:09,60.959999,-65.956093,nan
2024-08-06T11:32:08,60.960011,-65.956047,nan
2024-08-06T11:32:08,60.960022,-65.956001,nan
2024-08-06T11:32:07,60.960033,-65.955963,nan
2024-08-06T11:32:07,60.960041,-65.955917,nan
2024-08-06T11:32:06,60.960052,-65.955872,nan
2024-08-06T11:32:06,60.960068,-65.955826,nan
2024-08-06T11:32:05,60.960079,-65.955780,nan
2024-08-06T11:32:05,60.960091,-65.955742,nan
2024-08-06T11:32:04,60.960098,-65.955704,nan
2024-08-06T11:32:04,60.960110,-65.955658,nan
2024-08-06T11:32:03,60.960121,-65.955620,nan
2024-08-06T11:32:03,60.960129,-65.955582,nan
2024-08-06T11:32:02,60.960136,-65.955536,nan
2024-08-06T11:32:02,60.960148,-65.955490,nan
2024-08-06T11:32:01,60.960163,-65.955444,nan
2024-08-06T11:32:01,60.960175,-65.955421,nan
2024-08-06T11:32:00,60.960186,-65.955399,nan
2024-08-06T11:32:00,60.960190,-65.955360,nan
2024-08-06T11:31:59,60.960213,-65.955322,nan
2024-08-06T11:31:59,60.960251,-65.955307,nan
2024-08-06T11:31:58,60.960312,-65.955322,nan
2024-08-06T11:31:58,60.960381,-65.955399,nan
2024-08-06T11:31:57,60.960545,-65.955521,nan
2024-08-06T11:31:57,60.960796,-65.955788,nan
2024-08-06T11:31:56,60.961143,-65.956200,nan
2024-08-06T11:31:56,60.961613,-65.956688,nan
2024-08-06T11:31:55,60.961796,-65.956818,nan
2024-08-06T11:31:55,60.962086,-65.957153,nan
2024-08-06T11:31:54,60.962307,-65.957420,nan
2024-08-06T11:31:54,60.962505,-65.957603,nan
2024-08-06T11:31:53,60.962494,-65.957535,nan
2024-08-06T11:31:52,60.961075,-65.955650,nan
2024-08-06T11:31:51,60.960262,-65.954628,nan
2024-08-06T11:31:51,60.959381,-65.953545,nan
2024-08-06T11:31:50,60.958466,-65.952438,nan
2024-08-06T11:31:50,60.957539,-65.951309,nan
