datetime,lat,lon,elev
2024-06-07T16:43:00,84.304405,-46.674088,nan
2024-06-07T16:42:59,84.304428,-46.673717,nan
2024-06-07T16:42:59,84.304451,-46.673340,nan
2024-06-07T16:42:58,84.304474,-46.672962,nan
2024-06-07T16:42:58,84.304497,-46.672577,nan
2024-06-07T16:42:57,84.304520,-46.672173,nan
2024-06-07T16:42:55,84.304634,-46.670185,nan
2024-06-07T16:42:54,84.304665,-46.669785,nan
2024-06-07T16:42:54,84.304688,-46.669388,nan
2024-06-07T16:42:53,84.304710,-46.668995,nan
2024-06-07T16:42:53,84.304733,-46.668602,nan
2024-06-07T16:42:52,84.304764,-46.668205,nan
2024-06-07T16:42:52,84.304787,-46.667812,nan
2024-06-07T16:42:51,84.304810,-46.667423,nan
2024-06-07T16:42:51,84.304832,-46.667038,nan
2024-06-07T16:42:50,84.304878,-46.666260,nan
2024-06-07T16:42:49,84.304909,-46.665863,nan
2024-06-07T16:42:49,84.304932,-46.665470,nan
2024-06-07T16:42:48,84.304955,-46.665073,nan
2024-06-07T16:42:47,84.305008,-46.664272,nan
2024-06-07T16:42:47,84.305031,-46.663868,nan
2024-06-07T16:42:46,84.305054,-46.663464,nan
2024-06-07T16:42:46,84.305077,-46.663059,nan
2024-06-07T16:42:45,84.305130,-46.662258,nan
2024-06-07T16:42:44,84.305153,-46.661861,nan
2024-06-07T16:42:44,84.305183,-46.661461,nan
2024-06-07T16:42:43,84.305206,-46.661053,nan
2024-06-07T16:42:43,84.305237,-46.660641,nan
2024-06-07T16:42:42,84.305260,-46.660217,nan
2024-06-07T16:42:42,84.305290,-46.659790,nan
2024-06-07T16:42:41,84.305321,-46.659367,nan
2024-06-07T16:42:41,84.305351,-46.658943,nan
2024-06-07T16:42:40,84.305389,-46.658516,nan
2024-06-07T16:42:39,84.305450,-46.657661,nan
2024-06-07T16:42:39,84.305481,-46.657234,nan
2024-06-07T16:42:38,84.305511,-46.656815,nan
2024-06-07T16:42:38,84.305542,-46.656403,nan
2024-06-07T16:42:37,84.305580,-46.655991,nan
2024-06-07T16:42:37,84.305611,-46.655579,nan
2024-06-07T16:42:36,84.305641,-46.655163,nan
2024-06-07T16:42:36,84.305672,-46.654743,nan
2024-06-07T16:42:35,84.305702,-46.654331,nan
2024-06-07T16:42:34,84.305763,-46.653507,nan
2024-06-07T16:42:34,84.305794,-46.653099,nan
2024-06-07T16:42:33,84.305824,-46.652695,nan
2024-06-07T16:42:33,84.305855,-46.652290,nan
2024-06-07T16:42:32,84.305885,-46.651890,nan
2024-06-07T16:42:32,84.305916,-46.651485,nan
2024-06-07T16:42:31,84.305977,-46.650658,nan
2024-06-07T16:42:30,84.306007,-46.650238,nan
2024-06-07T16:42:30,84.306038,-46.649815,nan
2024-06-07T16:42:28,84.306122,-46.648518,nan
2024-06-07T16:42:28,84.306152,-46.648083,nan
2024-06-07T16:42:27,84.306183,-46.647648,nan
2024-06-07T16:42:27,84.306213,-46.647209,nan
2024-06-07T16:42:26,84.306244,-46.646770,nan
2024-06-07T16:42:26,84.306267,-46.646324,nan
2024-06-07T16:42:25,84.306297,-46.645870,nan
2024-06-07T16:42:24,84.306358,-46.644943,nan
2024-06-07T16:42:24,84.306381,-46.644459,nan
2024-06-07T16:42:23,84.306412,-46.643963,nan
2024-06-07T16:42:23,84.306435,-46.643448,nan
2024-06-07T16:42:22,84.306458,-46.642929,nan
2024-06-07T16:42:22,84.306480,-46.642403,nan
2024-06-07T16:42:21,84.306503,-46.641869,nan
2024-06-07T16:42:21,84.306519,-46.641327,nan
2024-06-07T16:42:20,84.306541,-46.640785,nan
2024-06-07T16:42:19,84.306572,-46.639709,nan
2024-06-07T16:42:19,84.306580,-46.639183,nan
2024-06-07T16:42:18,84.306595,-46.638660,nan
2024-06-07T16:42:18,84.306610,-46.638145,nan
2024-06-07T16:42:17,84.306625,-46.637627,nan
2024-06-07T16:42:17,84.306633,-46.637112,nan
2024-06-07T16:42:16,84.306648,-46.636593,nan
2024-06-07T16:42:16,84.306664,-46.636078,nan
2024-06-07T16:42:15,84.306679,-46.635555,nan
2024-06-07T16:42:15,84.306686,-46.635036,nan
2024-06-07T16:42:14,84.306702,-46.634518,nan
2024-06-07T16:42:14,84.306717,-46.633999,nan
2024-06-07T16:42:13,84.306732,-46.633476,nan
2024-06-07T16:42:13,84.306747,-46.632961,nan
2024-06-07T16:42:12,84.306763,-46.632442,nan
2024-06-07T16:42:12,84.306786,-46.631927,nan
2024-06-07T16:42:11,84.306801,-46.631409,nan
2024-06-07T16:42:11,84.306816,-46.630890,nan
2024-06-07T16:42:10,84.306831,-46.630367,nan
2024-06-07T16:42:10,84.306854,-46.629845,nan
2024-06-07T16:42:09,84.306870,-46.629322,nan
2024-06-07T16:42:09,84.306885,-46.628799,nan
2024-06-07T16:42:08,84.306908,-46.628273,nan
2024-06-07T16:42:08,84.306923,-46.627743,nan
2024-06-07T16:42:07,84.306946,-46.627209,nan
2024-06-07T16:42:07,84.306961,-46.626675,nan
2024-06-07T16:42:06,84.306976,-46.626137,nan
2024-06-07T16:42:06,84.306999,-46.625595,nan
2024-06-07T16:42:05,84.307014,-46.625050,nan
2024-06-07T16:42:05,84.307037,-46.624496,nan
2024-06-07T16:42:04,84.307053,-46.623943,nan
2024-06-07T16:42:03,84.307098,-46.622829,nan
2024-06-07T16:42:02,84.307137,-46.621723,nan
2024-06-07T16:42:02,84.307152,-46.621170,nan
2024-06-07T16:42:01,84.307167,-46.620617,nan
2024-06-07T16:42:01,84.307190,-46.620068,nan
2024-06-07T16:42:00,84.307205,-46.619514,nan
2024-06-07T16:42:00,84.307220,-46.618961,nan
2024-06-07T16:41:59,84.307236,-46.618412,nan
2024-06-07T16:41:59,84.307259,-46.617863,nan
2024-06-07T16:41:58,84.307274,-46.617313,nan
2024-06-07T16:41:58,84.307289,-46.616764,nan
2024-06-07T16:41:57,84.307304,-46.616215,nan
2024-06-07T16:41:57,84.307320,-46.615669,nan
2024-06-07T16:41:56,84.307335,-46.615124,nan
2024-06-07T16:41:56,84.307350,-46.614578,nan
2024-06-07T16:41:55,84.307365,-46.614029,nan
2024-06-07T16:41:55,84.307381,-46.613480,nan
2024-06-07T16:41:54,84.307396,-46.612930,nan
2024-06-07T16:41:54,84.307411,-46.612385,nan
2024-06-07T16:41:53,84.307426,-46.611839,nan
2024-06-07T16:41:53,84.307442,-46.611298,nan
2024-06-07T16:41:52,84.307457,-46.610756,nan
2024-06-07T16:41:52,84.307472,-46.610222,nan
2024-06-07T16:41:51,84.307487,-46.609688,nan
2024-06-07T16:41:51,84.307503,-46.609161,nan
2024-06-07T16:41:50,84.307518,-46.608643,nan
2024-06-07T16:41:50,84.307533,-46.608128,nan
2024-06-07T16:41:49,84.307549,-46.607616,nan
2024-06-07T16:41:49,84.307564,-46.607109,nan
2024-06-07T16:41:48,84.307579,-46.606606,nan
2024-06-07T16:41:48,84.307594,-46.606106,nan
2024-06-07T16:41:47,84.307610,-46.605606,nan
2024-06-07T16:41:47,84.307625,-46.605106,nan
2024-06-07T16:41:46,84.307640,-46.604607,nan
2024-06-07T16:41:46,84.307655,-46.604111,nan
2024-06-07T16:41:45,84.307671,-46.603611,nan
2024-06-07T16:41:45,84.307686,-46.603107,nan
2024-06-07T16:41:44,84.307701,-46.602608,nan
2024-06-07T16:41:44,84.307716,-46.602104,nan
2024-06-07T16:41:43,84.307755,-46.601093,nan
2024-06-07T16:41:42,84.307770,-46.600586,nan
2024-06-07T16:41:42,84.307785,-46.600079,nan
2024-06-07T16:41:41,84.307800,-46.599571,nan
2024-06-07T16:41:41,84.307816,-46.599064,nan
2024-06-07T16:41:40,84.307831,-46.598557,nan
2024-06-07T16:41:40,84.307854,-46.598049,nan
2024-06-07T16:41:39,84.307869,-46.597542,nan
2024-06-07T16:41:39,84.307884,-46.597034,nan
2024-06-07T16:41:38,84.307899,-46.596527,nan
2024-06-07T16:41:38,84.307915,-46.596020,nan
2024-06-07T16:41:37,84.307938,-46.595512,nan
2024-06-07T16:41:37,84.307953,-46.595009,nan
2024-06-07T16:41:36,84.307968,-46.594505,nan
2024-06-07T16:41:36,84.307983,-46.594002,nan
2024-06-07T16:41:35,84.308006,-46.593502,nan
2024-06-07T16:41:35,84.308022,-46.593006,nan
2024-06-07T16:41:34,84.308044,-46.592503,nan
2024-06-07T16:41:34,84.308060,-46.592003,nan
2024-06-07T16:41:33,84.308083,-46.591499,nan
2024-06-07T16:41:33,84.308098,-46.590996,nan
2024-06-07T16:41:32,84.308121,-46.590492,nan
2024-06-07T16:41:32,84.308136,-46.589985,nan
2024-06-07T16:41:31,84.308159,-46.589478,nan
2024-06-07T16:41:31,84.308174,-46.588966,nan
2024-06-07T16:41:30,84.308189,-46.588451,nan
2024-06-07T16:41:30,84.308212,-46.587933,nan
2024-06-07T16:41:29,84.308228,-46.587410,nan
2024-06-07T16:41:28,84.308258,-46.586365,nan
2024-06-07T16:41:27,84.308304,-46.584808,nan
2024-06-07T16:41:26,84.308319,-46.584293,nan
2024-06-07T16:41:25,84.308342,-46.583282,nan
2024-06-07T16:41:25,84.308350,-46.582783,nan
2024-06-07T16:41:24,84.308365,-46.582291,nan
2024-06-07T16:41:24,84.308372,-46.581802,nan
2024-06-07T16:41:23,84.308380,-46.581326,nan
2024-06-07T16:41:23,84.308395,-46.580856,nan
2024-06-07T16:41:22,84.308411,-46.579933,nan
2024-06-07T16:41:21,84.308426,-46.579472,nan
2024-06-07T16:41:21,84.308434,-46.579014,nan
2024-06-07T16:41:20,84.308441,-46.578560,nan
2024-06-07T16:41:20,84.308456,-46.578106,nan
2024-06-07T16:41:19,84.308464,-46.577656,nan
2024-06-07T16:41:19,84.308479,-46.577206,nan
2024-06-07T16:41:18,84.308487,-46.576759,nan
2024-06-07T16:41:18,84.308502,-46.576317,nan
2024-06-07T16:41:17,84.308517,-46.575432,nan
2024-06-07T16:41:16,84.308533,-46.575001,nan
2024-06-07T16:41:16,84.308540,-46.574570,nan
2024-06-07T16:41:15,84.308556,-46.574146,nan
2024-06-07T16:41:15,84.308563,-46.573727,nan
2024-06-07T16:41:14,84.308571,-46.573303,nan
2024-06-07T16:41:14,84.308586,-46.572884,nan
2024-06-07T16:41:13,84.308594,-46.572464,nan
2024-06-07T16:41:13,84.308609,-46.572044,nan
2024-06-07T16:41:12,84.308617,-46.571621,nan
2024-06-07T16:41:12,84.308632,-46.571198,nan
2024-06-07T16:41:11,84.308647,-46.570766,nan
2024-06-07T16:41:11,84.308662,-46.570339,nan
2024-06-07T16:41:10,84.308678,-46.569904,nan
2024-06-07T16:41:10,84.308693,-46.569469,nan
2024-06-07T16:41:09,84.308708,-46.569027,nan
2024-06-07T16:41:09,84.308731,-46.568584,nan
2024-06-07T16:41:08,84.308746,-46.568134,nan
2024-06-07T16:41:08,84.308762,-46.567677,nan
2024-06-07T16:41:07,84.308784,-46.567215,nan
2024-06-07T16:41:07,84.308800,-46.566750,nan
2024-06-07T16:41:06,84.308815,-46.566277,nan
2024-06-07T16:41:06,84.308830,-46.565804,nan
2024-06-07T16:41:05,84.308846,-46.565327,nan
2024-06-07T16:41:05,84.308868,-46.564846,nan
2024-06-07T16:41:04,84.308884,-46.564362,nan
2024-06-07T16:41:04,84.308899,-46.563877,nan
2024-06-07T16:41:03,84.308914,-46.563389,nan
2024-06-07T16:41:03,84.308929,-46.562901,nan
2024-06-07T16:41:02,84.308945,-46.562408,nan
2024-06-07T16:41:02,84.308960,-46.561916,nan
2024-06-07T16:41:01,84.308975,-46.561420,nan
2024-06-07T16:41:00,84.309006,-46.560432,nan
2024-06-07T16:41:00,84.309021,-46.559940,nan
2024-06-07T16:40:59,84.309036,-46.559444,nan
2024-06-07T16:40:59,84.309052,-46.558952,nan
2024-06-07T16:40:58,84.309067,-46.558464,nan
2024-06-07T16:40:58,84.309082,-46.557972,nan
2024-06-07T16:40:57,84.309097,-46.557487,nan
2024-06-07T16:40:57,84.309113,-46.557003,nan
2024-06-07T16:40:56,84.309128,-46.556522,nan
2024-06-07T16:40:56,84.309143,-46.556049,nan
2024-06-07T16:40:55,84.309158,-46.555573,nan
2024-06-07T16:40:55,84.309174,-46.555099,nan
2024-06-07T16:40:54,84.309189,-46.554630,nan
2024-06-07T16:40:54,84.309204,-46.554157,nan
2024-06-07T16:40:53,84.309219,-46.553684,nan
2024-06-07T16:40:53,84.309235,-46.553215,nan
2024-06-07T16:40:52,84.309250,-46.552742,nan
2024-06-07T16:40:52,84.309265,-46.552269,nan
2024-06-07T16:40:51,84.309273,-46.551792,nan
2024-06-07T16:40:51,84.309288,-46.551319,nan
2024-06-07T16:40:50,84.309303,-46.550842,nan
2024-06-07T16:40:50,84.309319,-46.550369,nan
2024-06-07T16:40:49,84.309326,-46.549896,nan
2024-06-07T16:40:49,84.309341,-46.549423,nan
2024-06-07T16:40:48,84.309357,-46.548950,nan
2024-06-07T16:40:48,84.309364,-46.548473,nan
2024-06-07T16:40:47,84.309380,-46.547997,nan
2024-06-07T16:40:47,84.309395,-46.547516,nan
2024-06-07T16:40:46,84.309410,-46.547039,nan
2024-06-07T16:40:46,84.309425,-46.546562,nan
2024-06-07T16:40:45,84.309441,-46.546089,nan
2024-06-07T16:40:45,84.309448,-46.545616,nan
2024-06-07T16:40:44,84.309479,-46.544666,nan
2024-06-07T16:40:43,84.309494,-46.544193,nan
2024-06-07T16:40:43,84.309502,-46.543720,nan
2024-06-07T16:40:42,84.309517,-46.543251,nan
2024-06-07T16:40:42,84.309532,-46.542778,nan
2024-06-07T16:40:41,84.309540,-46.542313,nan
2024-06-07T16:40:41,84.309555,-46.541851,nan
2024-06-07T16:40:40,84.309570,-46.541393,nan
2024-06-07T16:40:40,84.309578,-46.540943,nan
2024-06-07T16:40:39,84.309593,-46.540501,nan
2024-06-07T16:40:39,84.309601,-46.540066,nan
2024-06-07T16:40:38,84.309616,-46.539631,nan
2024-06-07T16:40:38,84.309624,-46.539200,nan
2024-06-07T16:40:37,84.309639,-46.538769,nan
2024-06-07T16:40:37,84.309647,-46.538338,nan
2024-06-07T16:40:36,84.309654,-46.537914,nan
2024-06-07T16:40:35,84.309677,-46.537071,nan
2024-06-07T16:40:35,84.309685,-46.536655,nan
2024-06-07T16:40:34,84.309700,-46.536243,nan
2024-06-07T16:40:34,84.309708,-46.535835,nan
2024-06-07T16:40:33,84.309715,-46.535427,nan
2024-06-07T16:40:33,84.309731,-46.535023,nan
2024-06-07T16:40:32,84.309738,-46.534615,nan
2024-06-07T16:40:32,84.309746,-46.534210,nan
2024-06-07T16:40:31,84.309769,-46.533405,nan
2024-06-07T16:40:30,84.309776,-46.533001,nan
2024-06-07T16:40:30,84.309792,-46.532604,nan
2024-06-07T16:40:29,84.309799,-46.532207,nan
2024-06-07T16:40:29,84.309814,-46.531815,nan
2024-06-07T16:40:28,84.309822,-46.531418,nan
2024-06-07T16:40:28,84.309837,-46.531029,nan
2024-06-07T16:40:27,84.309845,-46.530640,nan
2024-06-07T16:40:27,84.309853,-46.530251,nan
2024-06-07T16:40:26,84.309868,-46.529865,nan
2024-06-07T16:40:26,84.309875,-46.529484,nan
2024-06-07T16:40:25,84.309891,-46.529102,nan
2024-06-07T16:40:25,84.309906,-46.528725,nan
2024-06-07T16:40:24,84.309914,-46.528351,nan
2024-06-07T16:40:24,84.309929,-46.527977,nan
2024-06-07T16:40:23,84.309937,-46.527599,nan
2024-06-07T16:40:23,84.309952,-46.527222,nan
2024-06-07T16:40:22,84.309967,-46.526840,nan
2024-06-07T16:40:22,84.309982,-46.526451,nan
2024-06-07T16:40:21,84.309990,-46.526062,nan
2024-06-07T16:40:21,84.310005,-46.525673,nan
2024-06-07T16:40:20,84.310020,-46.525276,nan
2024-06-07T16:40:20,84.310036,-46.524876,nan
2024-06-07T16:40:19,84.310043,-46.524471,nan
2024-06-07T16:40:19,84.310059,-46.524071,nan
2024-06-07T16:40:18,84.310074,-46.523663,nan
2024-06-07T16:40:18,84.310089,-46.523254,nan
2024-06-07T16:40:17,84.310104,-46.522842,nan
2024-06-07T16:40:17,84.310120,-46.522430,nan
2024-06-07T16:40:16,84.310135,-46.522015,nan
2024-06-07T16:40:16,84.310150,-46.521599,nan
2024-06-07T16:40:15,84.310165,-46.521183,nan
2024-06-07T16:40:15,84.310181,-46.520767,nan
2024-06-07T16:40:14,84.310196,-46.520351,nan
2024-06-07T16:40:14,84.310211,-46.519932,nan
2024-06-07T16:40:13,84.310234,-46.519516,nan
2024-06-07T16:40:13,84.310249,-46.519096,nan
2024-06-07T16:40:12,84.310265,-46.518681,nan
2024-06-07T16:40:12,84.310280,-46.518265,nan
2024-06-07T16:40:11,84.310295,-46.517853,nan
2024-06-07T16:40:11,84.310310,-46.517437,nan
2024-06-07T16:40:10,84.310326,-46.517029,nan
2024-06-07T16:40:10,84.310341,-46.516624,nan
2024-06-07T16:40:09,84.310356,-46.516228,nan
2024-06-07T16:40:09,84.310371,-46.515831,nan
2024-06-07T16:40:08,84.310387,-46.515442,nan
2024-06-07T16:40:08,84.310402,-46.515057,nan
2024-06-07T16:40:07,84.310417,-46.514683,nan
2024-06-07T16:40:07,84.310432,-46.514317,nan
2024-06-07T16:40:06,84.310448,-46.513950,nan
2024-06-07T16:40:06,84.310463,-46.513584,nan
2024-06-07T16:40:05,84.310478,-46.513222,nan
2024-06-07T16:40:05,84.310493,-46.512856,nan
2024-06-07T16:40:04,84.310509,-46.512489,nan
2024-06-07T16:40:04,84.310524,-46.512127,nan
2024-06-07T16:40:03,84.310539,-46.511768,nan
2024-06-07T16:40:03,84.310555,-46.511402,nan
2024-06-07T16:40:02,84.310570,-46.511036,nan
2024-06-07T16:40:02,84.310585,-46.510670,nan
2024-06-07T16:40:01,84.310600,-46.510303,nan
2024-06-07T16:40:01,84.310608,-46.509937,nan
2024-06-07T16:40:00,84.310623,-46.509571,nan
2024-06-07T16:40:00,84.310638,-46.509201,nan
2024-06-07T16:39:59,84.310654,-46.508835,nan
2024-06-07T16:39:59,84.310661,-46.508472,nan
2024-06-07T16:39:58,84.310677,-46.508110,nan
2024-06-07T16:39:58,84.310692,-46.507748,nan
2024-06-07T16:39:57,84.310699,-46.507385,nan
2024-06-07T16:39:57,84.310715,-46.507027,nan
2024-06-07T16:39:56,84.310722,-46.506668,nan
2024-06-07T16:39:56,84.310730,-46.506306,nan
2024-06-07T16:39:55,84.310745,-46.505947,nan
2024-06-07T16:39:55,84.310753,-46.505589,nan
2024-06-07T16:39:54,84.310760,-46.505234,nan
2024-06-07T16:39:54,84.310776,-46.504875,nan
2024-06-07T16:39:53,84.310783,-46.504517,nan
2024-06-07T16:39:53,84.310791,-46.504162,nan
2024-06-07T16:39:52,84.310799,-46.503803,nan
2024-06-07T16:39:52,84.310806,-46.503452,nan
2024-06-07T16:39:51,84.310814,-46.503098,nan
2024-06-07T16:39:51,84.310822,-46.502750,nan
2024-06-07T16:39:50,84.310837,-46.502407,nan
2024-06-07T16:39:49,84.310852,-46.501724,nan
2024-06-07T16:39:49,84.310860,-46.501385,nan
2024-06-07T16:39:48,84.310867,-46.501045,nan
2024-06-07T16:39:48,84.310883,-46.500710,nan
2024-06-07T16:39:47,84.310890,-46.500374,nan
2024-06-07T16:39:47,84.310898,-46.500034,nan
2024-06-07T16:39:46,84.310905,-46.499695,nan
2024-06-07T16:39:46,84.310913,-46.499359,nan
2024-06-07T16:39:45,84.310921,-46.499027,nan
2024-06-07T16:39:45,84.310928,-46.498695,nan
2024-06-07T16:39:44,84.310936,-46.498367,nan
2024-06-07T16:39:44,84.310951,-46.498047,nan
2024-06-07T16:39:43,84.310959,-46.497726,nan
2024-06-07T16:39:43,84.310966,-46.497414,nan
2024-06-07T16:39:42,84.310974,-46.497105,nan
2024-06-07T16:39:42,84.310982,-46.496799,nan
2024-06-07T16:39:41,84.310989,-46.496498,nan
2024-06-07T16:39:41,84.311005,-46.496201,nan
2024-06-07T16:39:40,84.311012,-46.495907,nan
2024-06-07T16:39:40,84.311020,-46.495613,nan
2024-06-07T16:39:39,84.311043,-46.495029,nan
2024-06-07T16:39:38,84.311050,-46.494736,nan
2024-06-07T16:39:38,84.311058,-46.494438,nan
2024-06-07T16:39:37,84.311073,-46.494137,nan
2024-06-07T16:39:37,84.311081,-46.493835,nan
2024-06-07T16:39:36,84.311089,-46.493534,nan
2024-06-07T16:39:36,84.311096,-46.493233,nan
2024-06-07T16:39:35,84.311111,-46.492931,nan
2024-06-07T16:39:35,84.311119,-46.492626,nan
2024-06-07T16:39:34,84.311127,-46.492317,nan
2024-06-07T16:39:34,84.311142,-46.492008,nan
2024-06-07T16:39:33,84.311150,-46.491695,nan
2024-06-07T16:39:33,84.311157,-46.491379,nan
2024-06-07T16:39:32,84.311172,-46.491062,nan
2024-06-07T16:39:32,84.311180,-46.490749,nan
2024-06-07T16:39:31,84.311195,-46.490437,nan
2024-06-07T16:39:31,84.311203,-46.490120,nan
2024-06-07T16:39:30,84.311211,-46.489807,nan
2024-06-07T16:39:30,84.311226,-46.489494,nan
2024-06-07T16:39:29,84.311234,-46.489185,nan
2024-06-07T16:39:29,84.311241,-46.488876,nan
2024-06-07T16:39:28,84.311256,-46.488567,nan
2024-06-07T16:39:28,84.311264,-46.488262,nan
2024-06-07T16:39:27,84.311272,-46.487953,nan
2024-06-07T16:39:27,84.311287,-46.487644,nan
2024-06-07T16:39:26,84.311295,-46.487339,nan
2024-06-07T16:39:26,84.311302,-46.487034,nan
2024-06-07T16:39:25,84.311310,-46.486725,nan
2024-06-07T16:39:25,84.311325,-46.486420,nan
2024-06-07T16:39:24,84.311333,-46.486115,nan
2024-06-07T16:39:24,84.311340,-46.485813,nan
2024-06-07T16:39:23,84.311348,-46.485508,nan
2024-06-07T16:39:23,84.311356,-46.485210,nan
2024-06-07T16:39:22,84.311363,-46.484913,nan
2024-06-07T16:39:22,84.311371,-46.484615,nan
2024-06-07T16:39:21,84.311378,-46.484322,nan
2024-06-07T16:39:21,84.311386,-46.484028,nan
2024-06-07T16:39:20,84.311394,-46.483730,nan
2024-06-07T16:39:20,84.311401,-46.483440,nan
2024-06-07T16:39:19,84.311409,-46.483150,nan
2024-06-07T16:39:19,84.311417,-46.482864,nan
2024-06-07T16:39:18,84.311424,-46.482578,nan
2024-06-07T16:39:18,84.311432,-46.482292,nan
2024-06-07T16:39:17,84.311440,-46.482014,nan
2024-06-07T16:39:17,84.311447,-46.481739,nan
2024-06-07T16:39:16,84.311455,-46.481464,nan
2024-06-07T16:39:16,84.311455,-46.481194,nan
2024-06-07T16:39:15,84.311462,-46.480927,nan
2024-06-07T16:39:15,84.311470,-46.480659,nan
2024-06-07T16:39:14,84.311478,-46.480396,nan
2024-06-07T16:39:14,84.311478,-46.480141,nan
2024-06-07T16:39:13,84.311485,-46.479881,nan
2024-06-07T16:39:13,84.311493,-46.479630,nan
2024-06-07T16:39:12,84.311493,-46.479382,nan
2024-06-07T16:39:12,84.311501,-46.479134,nan
2024-06-07T16:39:11,84.311501,-46.478889,nan
2024-06-07T16:39:11,84.311508,-46.478649,nan
2024-06-07T16:39:10,84.311508,-46.478405,nan
2024-06-07T16:39:10,84.311516,-46.478165,nan
2024-06-07T16:39:09,84.311523,-46.477928,nan
2024-06-07T16:39:09,84.311523,-46.477695,nan
2024-06-07T16:39:08,84.311531,-46.477238,nan
2024-06-07T16:39:07,84.311539,-46.477016,nan
2024-06-07T16:39:07,84.311546,-46.476795,nan
2024-06-07T16:39:06,84.311546,-46.476578,nan
2024-06-07T16:39:06,84.311554,-46.476357,nan
2024-06-07T16:39:05,84.311562,-46.476135,nan
2024-06-07T16:39:05,84.311562,-46.475918,nan
2024-06-07T16:39:04,84.311569,-46.475700,nan
2024-06-07T16:39:04,84.311577,-46.475483,nan
2024-06-07T16:39:03,84.311584,-46.475269,nan
2024-06-07T16:39:03,84.311584,-46.475056,nan
2024-06-07T16:39:02,84.311592,-46.474846,nan
2024-06-07T16:39:02,84.311600,-46.474632,nan
2024-06-07T16:39:01,84.311607,-46.474422,nan
2024-06-07T16:39:01,84.311615,-46.474209,nan
2024-06-07T16:39:00,84.311623,-46.473995,nan
2024-06-07T16:39:00,84.311623,-46.473782,nan
2024-06-07T16:38:59,84.311630,-46.473564,nan
2024-06-07T16:38:59,84.311638,-46.473347,nan
2024-06-07T16:38:58,84.311646,-46.473133,nan
2024-06-07T16:38:57,84.311661,-46.472713,nan
2024-06-07T16:38:57,84.311676,-46.472511,nan
2024-06-07T16:38:56,84.311684,-46.472309,nan
2024-06-07T16:38:56,84.311691,-46.472115,nan
2024-06-07T16:38:55,84.311699,-46.471920,nan
2024-06-07T16:38:55,84.311707,-46.471722,nan
2024-06-07T16:38:54,84.311714,-46.471527,nan
2024-06-07T16:38:54,84.311722,-46.471340,nan
2024-06-07T16:38:53,84.311729,-46.471149,nan
2024-06-07T16:38:53,84.311745,-46.470966,nan
2024-06-07T16:38:52,84.311752,-46.470783,nan
2024-06-07T16:38:52,84.311760,-46.470608,nan
2024-06-07T16:38:51,84.311768,-46.470428,nan
2024-06-07T16:38:51,84.311775,-46.470257,nan
2024-06-07T16:38:50,84.311783,-46.470081,nan
2024-06-07T16:38:50,84.311790,-46.469910,nan
2024-06-07T16:38:49,84.311806,-46.469734,nan
2024-06-07T16:38:49,84.311813,-46.469566,nan
2024-06-07T16:38:48,84.311821,-46.469398,nan
2024-06-07T16:38:48,84.311829,-46.469231,nan
2024-06-07T16:38:47,84.311844,-46.468903,nan
2024-06-07T16:38:46,84.311859,-46.468739,nan
2024-06-07T16:38:46,84.311867,-46.468582,nan
2024-06-07T16:38:45,84.311874,-46.468426,nan
2024-06-07T16:38:45,84.311874,-46.468277,nan
2024-06-07T16:38:44,84.311882,-46.468136,nan
2024-06-07T16:38:44,84.311890,-46.468002,nan
2024-06-07T16:38:43,84.311897,-46.467873,nan
2024-06-07T16:38:43,84.311905,-46.467754,nan
2024-06-07T16:38:42,84.311913,-46.467640,nan
2024-06-07T16:38:42,84.311913,-46.467529,nan
2024-06-07T16:38:41,84.311920,-46.467422,nan
2024-06-07T16:38:41,84.311928,-46.467319,nan
2024-06-07T16:38:40,84.311935,-46.467220,nan
2024-06-07T16:38:40,84.311935,-46.467129,nan
2024-06-07T16:38:39,84.311943,-46.467041,nan
2024-06-07T16:38:39,84.311951,-46.466953,nan
2024-06-07T16:38:38,84.311951,-46.466873,nan
2024-06-07T16:38:38,84.311958,-46.466797,nan
2024-06-07T16:38:37,84.311966,-46.466717,nan
2024-06-07T16:38:37,84.311966,-46.466637,nan
2024-06-07T16:38:36,84.311974,-46.466553,nan
2024-06-07T16:38:36,84.311981,-46.466469,nan
2024-06-07T16:38:35,84.311981,-46.466377,nan
2024-06-07T16:38:35,84.311989,-46.466282,nan
2024-06-07T16:38:34,84.311996,-46.466183,nan
2024-06-07T16:38:34,84.312004,-46.466080,nan
2024-06-07T16:38:33,84.312012,-46.465973,nan
2024-06-07T16:38:33,84.312019,-46.465858,nan
2024-06-07T16:38:32,84.312019,-46.465740,nan
2024-06-07T16:38:32,84.312035,-46.465618,nan
2024-06-07T16:38:31,84.312042,-46.465492,nan
2024-06-07T16:38:31,84.312050,-46.465370,nan
2024-06-07T16:38:30,84.312057,-46.465244,nan
2024-06-07T16:38:30,84.312065,-46.465118,nan
2024-06-07T16:38:29,84.312080,-46.464993,nan
2024-06-07T16:38:29,84.312088,-46.464867,nan
2024-06-07T16:38:28,84.312096,-46.464741,nan
2024-06-07T16:38:28,84.312103,-46.464615,nan
2024-06-07T16:38:27,84.312119,-46.464489,nan
2024-06-07T16:38:27,84.312126,-46.464363,nan
2024-06-07T16:38:26,84.312134,-46.464245,nan
2024-06-07T16:38:26,84.312149,-46.464127,nan
2024-06-07T16:38:25,84.312157,-46.464012,nan
2024-06-07T16:38:25,84.312164,-46.463898,nan
2024-06-07T16:38:24,84.312172,-46.463787,nan
2024-06-07T16:38:24,84.312180,-46.463684,nan
2024-06-07T16:38:23,84.312187,-46.463585,nan
2024-06-07T16:38:23,84.312195,-46.463486,nan
2024-06-07T16:38:22,84.312202,-46.463390,nan
2024-06-07T16:38:22,84.312210,-46.463295,nan
2024-06-07T16:38:21,84.312218,-46.463207,nan
2024-06-07T16:38:21,84.312225,-46.463123,nan
2024-06-07T16:38:20,84.312233,-46.463039,nan
2024-06-07T16:38:20,84.312241,-46.462959,nan
2024-06-07T16:38:19,84.312241,-46.462887,nan
2024-06-07T16:38:19,84.312248,-46.462811,nan
2024-06-07T16:38:18,84.312256,-46.462734,nan
2024-06-07T16:38:18,84.312256,-46.462662,nan
2024-06-07T16:38:17,84.312263,-46.462589,nan
2024-06-07T16:38:17,84.312271,-46.462521,nan
2024-06-07T16:38:16,84.312271,-46.462452,nan
2024-06-07T16:38:16,84.312279,-46.462387,nan
2024-06-07T16:38:15,84.312286,-46.462318,nan
2024-06-07T16:38:15,84.312286,-46.462257,nan
2024-06-07T16:38:14,84.312294,-46.462196,nan
2024-06-07T16:38:14,84.312302,-46.462135,nan
2024-06-07T16:38:13,84.312302,-46.462078,nan
2024-06-07T16:38:13,84.312309,-46.462029,nan
2024-06-07T16:38:12,84.312317,-46.461975,nan
2024-06-07T16:38:12,84.312325,-46.461926,nan
2024-06-07T16:38:11,84.312332,-46.461880,nan
2024-06-07T16:38:11,84.312340,-46.461838,nan
2024-06-07T16:38:10,84.312347,-46.461792,nan
2024-06-07T16:38:10,84.312355,-46.461750,nan
2024-06-07T16:38:09,84.312363,-46.461708,nan
2024-06-07T16:38:09,84.312370,-46.461670,nan
2024-06-07T16:38:08,84.312370,-46.461628,nan
2024-06-07T16:38:08,84.312378,-46.461590,nan
2024-06-07T16:38:07,84.312386,-46.461552,nan
2024-06-07T16:38:07,84.312393,-46.461514,nan
2024-06-07T16:38:06,84.312401,-46.461472,nan
2024-06-07T16:38:06,84.312408,-46.461433,nan
2024-06-07T16:38:05,84.312416,-46.461388,nan
2024-06-07T16:38:05,84.312424,-46.461346,nan
2024-06-07T16:38:04,84.312424,-46.461300,nan
2024-06-07T16:38:04,84.312431,-46.461250,nan
2024-06-07T16:38:03,84.312439,-46.461205,nan
2024-06-07T16:38:03,84.312447,-46.461159,nan
2024-06-07T16:38:02,84.312454,-46.461113,nan
2024-06-07T16:38:02,84.312454,-46.461067,nan
2024-06-07T16:38:01,84.312469,-46.460983,nan
2024-06-07T16:38:00,84.312477,-46.460938,nan
2024-06-07T16:38:00,84.312485,-46.460892,nan
2024-06-07T16:37:59,84.312485,-46.460850,nan
2024-06-07T16:37:59,84.312492,-46.460800,nan
2024-06-07T16:37:58,84.312500,-46.460754,nan
2024-06-07T16:37:58,84.312500,-46.460705,nan
2024-06-07T16:37:57,84.312508,-46.460655,nan
2024-06-07T16:37:57,84.312515,-46.460609,nan
2024-06-07T16:37:56,84.312515,-46.460564,nan
2024-06-07T16:37:56,84.312515,-46.460518,nan
2024-06-07T16:37:55,84.312523,-46.460476,nan
2024-06-07T16:37:55,84.312523,-46.460442,nan
2024-06-07T16:37:54,84.312523,-46.460407,nan
2024-06-07T16:37:54,84.312531,-46.460381,nan
2024-06-07T16:37:53,84.312531,-46.460358,nan
2024-06-07T16:37:53,84.312531,-46.460342,nan
2024-06-07T16:37:52,84.312538,-46.460335,nan
2024-06-07T16:37:51,84.312546,-46.460327,nan
2024-06-07T16:37:51,84.312546,-46.460331,nan
2024-06-07T16:37:50,84.312553,-46.460339,nan
2024-06-07T16:37:50,84.312553,-46.460350,nan
2024-06-07T16:37:49,84.312561,-46.460365,nan
2024-06-07T16:37:49,84.312561,-46.460384,nan
2024-06-07T16:37:48,84.312569,-46.460403,nan
2024-06-07T16:37:48,84.312576,-46.460430,nan
2024-06-07T16:37:47,84.312576,-46.460453,nan
2024-06-07T16:37:47,84.312584,-46.460480,nan
2024-06-07T16:37:46,84.312592,-46.460510,nan
2024-06-07T16:37:46,84.312599,-46.460541,nan
2024-06-07T16:37:45,84.312599,-46.460567,nan
2024-06-07T16:37:45,84.312607,-46.460594,nan
2024-06-07T16:37:44,84.312614,-46.460621,nan
2024-06-07T16:37:44,84.312622,-46.460640,nan
2024-06-07T16:37:43,84.312622,-46.460659,nan
2024-06-07T16:37:43,84.312630,-46.460670,nan
2024-06-07T16:37:42,84.312637,-46.460686,nan
2024-06-07T16:37:42,84.312637,-46.460690,nan
2024-06-07T16:37:41,84.312645,-46.460697,nan
2024-06-07T16:37:41,84.312653,-46.460701,nan
2024-06-07T16:37:40,84.312653,-46.460705,nan
2024-06-07T16:37:40,84.312660,-46.460709,nan
2024-06-07T16:37:39,84.312668,-46.460724,nan
2024-06-07T16:37:38,84.312668,-46.460732,nan
2024-06-07T16:37:38,84.312668,-46.460739,nan
2024-06-07T16:37:37,84.312675,-46.460747,nan
2024-06-07T16:37:37,84.312675,-46.460751,nan
2024-06-07T16:37:36,84.312675,-46.460754,nan
2024-06-07T16:37:36,84.312683,-46.460762,nan
2024-06-07T16:37:35,84.312683,-46.460766,nan
2024-06-07T16:37:35,84.312683,-46.460770,nan
2024-06-07T16:37:34,84.312683,-46.460777,nan
2024-06-07T16:37:34,84.312683,-46.460781,nan
2024-06-07T16:37:33,84.312683,-46.460781,nan
2024-06-07T16:37:33,84.312683,-46.460785,nan
2024-06-07T16:37:32,84.312691,-46.460793,nan
2024-06-07T16:37:32,84.312691,-46.460796,nan
2024-06-07T16:37:31,84.312691,-46.460804,nan
2024-06-07T16:37:31,84.312691,-46.460815,nan
2024-06-07T16:37:30,84.312691,-46.460823,nan
2024-06-07T16:37:29,84.312698,-46.460861,nan
2024-06-07T16:37:29,84.312698,-46.460896,nan
2024-06-07T16:37:28,84.312698,-46.460938,nan
2024-06-07T16:37:28,84.312698,-46.460991,nan
2024-06-07T16:37:27,84.312698,-46.461052,nan
2024-06-07T16:37:27,84.312706,-46.461121,nan
2024-06-07T16:37:26,84.312706,-46.461197,nan
2024-06-07T16:37:26,84.312706,-46.461277,nan
2024-06-07T16:37:25,84.312714,-46.461361,nan
2024-06-07T16:37:25,84.312714,-46.461441,nan
2024-06-07T16:37:24,84.312714,-46.461521,nan
2024-06-07T16:37:24,84.312721,-46.461609,nan
2024-06-07T16:37:23,84.312721,-46.461697,nan
2024-06-07T16:37:23,84.312721,-46.461788,nan
2024-06-07T16:37:22,84.312729,-46.461887,nan
2024-06-07T16:37:21,84.312729,-46.462101,nan
2024-06-07T16:37:20,84.312737,-46.462345,nan
2024-06-07T16:37:20,84.312737,-46.462479,nan
2024-06-07T16:37:19,84.312744,-46.462612,nan
2024-06-07T16:37:19,84.312744,-46.462753,nan
2024-06-07T16:37:18,84.312752,-46.462894,nan
2024-06-07T16:37:18,84.312752,-46.463043,nan
2024-06-07T16:37:17,84.312752,-46.463188,nan
2024-06-07T16:37:17,84.312759,-46.463337,nan
2024-06-07T16:37:16,84.312759,-46.463490,nan
2024-06-07T16:37:16,84.312767,-46.463638,nan
2024-06-07T16:37:15,84.312767,-46.463791,nan
2024-06-07T16:37:15,84.312775,-46.463943,nan
2024-06-07T16:37:14,84.312775,-46.464100,nan
2024-06-07T16:37:14,84.312782,-46.464256,nan
2024-06-07T16:37:13,84.312782,-46.464417,nan
2024-06-07T16:37:13,84.312790,-46.464577,nan
2024-06-07T16:37:12,84.312790,-46.464741,nan
2024-06-07T16:37:12,84.312798,-46.464909,nan
2024-06-07T16:37:11,84.312805,-46.465073,nan
2024-06-07T16:37:11,84.312813,-46.465240,nan
2024-06-07T16:37:10,84.312820,-46.465408,nan
2024-06-07T16:37:10,84.312828,-46.465576,nan
2024-06-07T16:37:09,84.312836,-46.465748,nan
2024-06-07T16:37:09,84.312843,-46.465923,nan
2024-06-07T16:37:08,84.312851,-46.466099,nan
2024-06-07T16:37:08,84.312859,-46.466270,nan
2024-06-07T16:37:07,84.312866,-46.466450,nan
2024-06-07T16:37:07,84.312874,-46.466625,nan
2024-06-07T16:37:06,84.312881,-46.466801,nan
2024-06-07T16:37:06,84.312897,-46.466980,nan
2024-06-07T16:37:05,84.312897,-46.467163,nan
2024-06-07T16:37:05,84.312904,-46.467342,nan
2024-06-07T16:37:04,84.312912,-46.467525,nan
2024-06-07T16:37:04,84.312920,-46.467712,nan
2024-06-07T16:37:03,84.312927,-46.467899,nan
2024-06-07T16:37:03,84.312935,-46.468086,nan
2024-06-07T16:37:02,84.312943,-46.468273,nan
2024-06-07T16:37:01,84.312958,-46.468636,nan
2024-06-07T16:37:01,84.312958,-46.468819,nan
2024-06-07T16:37:00,84.312965,-46.468998,nan
2024-06-07T16:37:00,84.312973,-46.469177,nan
2024-06-07T16:36:59,84.312981,-46.469353,nan
2024-06-07T16:36:59,84.312981,-46.469532,nan
2024-06-07T16:36:58,84.312988,-46.469711,nan
2024-06-07T16:36:58,84.312996,-46.469891,nan
2024-06-07T16:36:57,84.313004,-46.470070,nan
2024-06-07T16:36:57,84.313004,-46.470249,nan
2024-06-07T16:36:56,84.313011,-46.470432,nan
2024-06-07T16:36:56,84.313019,-46.470615,nan
2024-06-07T16:36:55,84.313019,-46.470798,nan
2024-06-07T16:36:55,84.313026,-46.470982,nan
2024-06-07T16:36:54,84.313026,-46.471169,nan
2024-06-07T16:36:54,84.313034,-46.471355,nan
2024-06-07T16:36:53,84.313034,-46.471546,nan
2024-06-07T16:36:53,84.313034,-46.471733,nan
2024-06-07T16:36:52,84.313042,-46.471924,nan
2024-06-07T16:36:52,84.313042,-46.472122,nan
2024-06-07T16:36:51,84.313042,-46.472321,nan
2024-06-07T16:36:51,84.313042,-46.472523,nan
2024-06-07T16:36:50,84.313042,-46.472729,nan
2024-06-07T16:36:50,84.313042,-46.472931,nan
2024-06-07T16:36:49,84.313042,-46.473137,nan
2024-06-07T16:36:49,84.313042,-46.473347,nan
2024-06-07T16:36:48,84.313042,-46.473557,nan
2024-06-07T16:36:48,84.313042,-46.473770,nan
2024-06-07T16:36:47,84.313042,-46.473988,nan
2024-06-07T16:36:47,84.313042,-46.474209,nan
2024-06-07T16:36:46,84.313042,-46.474434,nan
2024-06-07T16:36:46,84.313042,-46.474663,nan
2024-06-07T16:36:45,84.313034,-46.474888,nan
2024-06-07T16:36:45,84.313034,-46.475117,nan
2024-06-07T16:36:44,84.313034,-46.475349,nan
2024-06-07T16:36:44,84.313034,-46.475578,nan
2024-06-07T16:36:43,84.313034,-46.475811,nan
2024-06-07T16:36:43,84.313026,-46.476044,nan
2024-06-07T16:36:42,84.313026,-46.476284,nan
2024-06-07T16:36:42,84.313026,-46.476528,nan
2024-06-07T16:36:41,84.313026,-46.476780,nan
2024-06-07T16:36:41,84.313026,-46.477036,nan
2024-06-07T16:36:40,84.313019,-46.477295,nan
2024-06-07T16:36:40,84.313019,-46.477558,nan
2024-06-07T16:36:39,84.313019,-46.477825,nan
2024-06-07T16:36:39,84.313019,-46.478100,nan
2024-06-07T16:36:38,84.313019,-46.478367,nan
2024-06-07T16:36:38,84.313011,-46.478638,nan
2024-06-07T16:36:37,84.313011,-46.478912,nan
2024-06-07T16:36:37,84.313011,-46.479191,nan
2024-06-07T16:36:36,84.313011,-46.479469,nan
2024-06-07T16:36:36,84.313004,-46.479752,nan
2024-06-07T16:36:35,84.313004,-46.480320,nan
2024-06-07T16:36:34,84.313004,-46.480610,nan
2024-06-07T16:36:34,84.313004,-46.480896,nan
2024-06-07T16:36:33,84.313004,-46.481186,nan
2024-06-07T16:36:33,84.312996,-46.481476,nan
2024-06-07T16:36:32,84.312996,-46.481766,nan
2024-06-07T16:36:32,84.312996,-46.482056,nan
2024-06-07T16:36:31,84.312996,-46.482353,nan
2024-06-07T16:36:31,84.312996,-46.482647,nan
2024-06-07T16:36:30,84.312996,-46.482944,nan
2024-06-07T16:36:30,84.312988,-46.483238,nan
2024-06-07T16:36:29,84.312988,-46.483536,nan
2024-06-07T16:36:29,84.312988,-46.483826,nan
2024-06-07T16:36:28,84.312988,-46.484119,nan
2024-06-07T16:36:28,84.312988,-46.484409,nan
2024-06-07T16:36:27,84.312981,-46.484703,nan
2024-06-07T16:36:27,84.312981,-46.484997,nan
2024-06-07T16:36:26,84.312981,-46.485291,nan
2024-06-07T16:36:26,84.312981,-46.485584,nan
2024-06-07T16:36:25,84.312981,-46.485882,nan
2024-06-07T16:36:25,84.312973,-46.486183,nan
2024-06-07T16:36:24,84.312973,-46.486481,nan
2024-06-07T16:36:24,84.312973,-46.486782,nan
2024-06-07T16:36:23,84.312965,-46.487083,nan
2024-06-07T16:36:23,84.312965,-46.487385,nan
2024-06-07T16:36:22,84.312958,-46.487686,nan
2024-06-07T16:36:22,84.312958,-46.487991,nan
2024-06-07T16:36:21,84.312950,-46.488300,nan
2024-06-07T16:36:21,84.312950,-46.488609,nan
2024-06-07T16:36:20,84.312943,-46.488918,nan
2024-06-07T16:36:20,84.312943,-46.489227,nan
2024-06-07T16:36:19,84.312935,-46.489544,nan
2024-06-07T16:36:19,84.312927,-46.489861,nan
2024-06-07T16:36:18,84.312927,-46.490185,nan
2024-06-07T16:36:18,84.312920,-46.490505,nan
2024-06-07T16:36:17,84.312920,-46.490829,nan
2024-06-07T16:36:17,84.312912,-46.491154,nan
2024-06-07T16:36:16,84.312912,-46.491482,nan
2024-06-07T16:36:16,84.312904,-46.491810,nan
2024-06-07T16:36:15,84.312904,-46.492142,nan
2024-06-07T16:36:15,84.312897,-46.492477,nan
2024-06-07T16:36:14,84.312889,-46.492813,nan
2024-06-07T16:36:14,84.312889,-46.493153,nan
2024-06-07T16:36:13,84.312881,-46.493492,nan
2024-06-07T16:36:13,84.312881,-46.493835,nan
2024-06-07T16:36:12,84.312874,-46.494179,nan
2024-06-07T16:36:12,84.312866,-46.494522,nan
2024-06-07T16:36:11,84.312866,-46.494873,nan
2024-06-07T16:36:11,84.312859,-46.495224,nan
2024-06-07T16:36:10,84.312851,-46.495579,nan
2024-06-07T16:36:10,84.312843,-46.495934,nan
2024-06-07T16:36:09,84.312836,-46.496288,nan
2024-06-07T16:36:09,84.312828,-46.496643,nan
2024-06-07T16:36:08,84.312820,-46.497002,nan
2024-06-07T16:36:08,84.312813,-46.497360,nan
2024-06-07T16:36:07,84.312805,-46.497719,nan
2024-06-07T16:36:07,84.312798,-46.498081,nan
2024-06-07T16:36:06,84.312790,-46.498444,nan
2024-06-07T16:36:06,84.312782,-46.498802,nan
2024-06-07T16:36:05,84.312775,-46.499168,nan
2024-06-07T16:36:05,84.312767,-46.499531,nan
2024-06-07T16:36:04,84.312759,-46.499897,nan
2024-06-07T16:36:04,84.312752,-46.500263,nan
2024-06-07T16:36:03,84.312752,-46.500633,nan
2024-06-07T16:36:03,84.312737,-46.501007,nan
2024-06-07T16:36:02,84.312729,-46.501385,nan
2024-06-07T16:36:02,84.312721,-46.501762,nan
2024-06-07T16:36:01,84.312714,-46.502144,nan
2024-06-07T16:36:01,84.312706,-46.502525,nan
2024-06-07T16:36:00,84.312698,-46.502914,nan
2024-06-07T16:36:00,84.312691,-46.503304,nan
2024-06-07T16:35:59,84.312683,-46.503700,nan
2024-06-07T16:35:59,84.312675,-46.504101,nan
2024-06-07T16:35:58,84.312668,-46.504505,nan
2024-06-07T16:35:58,84.312660,-46.504917,nan
2024-06-07T16:35:57,84.312653,-46.505329,nan
2024-06-07T16:35:57,84.312637,-46.505749,nan
2024-06-07T16:35:56,84.312630,-46.506165,nan
2024-06-07T16:35:56,84.312622,-46.506588,nan
2024-06-07T16:35:55,84.312614,-46.507011,nan
2024-06-07T16:35:55,84.312607,-46.507439,nan
2024-06-07T16:35:54,84.312592,-46.507866,nan
2024-06-07T16:35:54,84.312584,-46.508289,nan
2024-06-07T16:35:53,84.312576,-46.508720,nan
2024-06-07T16:35:53,84.312569,-46.509155,nan
2024-06-07T16:35:52,84.312561,-46.509590,nan
2024-06-07T16:35:52,84.312546,-46.510025,nan
2024-06-07T16:35:51,84.312538,-46.510464,nan
2024-06-07T16:35:51,84.312531,-46.510906,nan
2024-06-07T16:35:50,84.312523,-46.511353,nan
2024-06-07T16:35:50,84.312515,-46.511806,nan
2024-06-07T16:35:49,84.312508,-46.512260,nan
2024-06-07T16:35:49,84.312500,-46.512718,nan
2024-06-07T16:35:48,84.312492,-46.513172,nan
2024-06-07T16:35:48,84.312485,-46.513626,nan
2024-06-07T16:35:47,84.312469,-46.514084,nan
2024-06-07T16:35:47,84.312462,-46.514538,nan
2024-06-07T16:35:46,84.312454,-46.514992,nan
2024-06-07T16:35:46,84.312447,-46.515446,nan
2024-06-07T16:35:45,84.312431,-46.515900,nan
2024-06-07T16:35:45,84.312424,-46.516354,nan
2024-06-07T16:35:44,84.312416,-46.516804,nan
2024-06-07T16:35:44,84.312401,-46.517254,nan
2024-06-07T16:35:43,84.312393,-46.517700,nan
2024-06-07T16:35:43,84.312386,-46.518147,nan
2024-06-07T16:35:42,84.312370,-46.518593,nan
2024-06-07T16:35:42,84.312363,-46.519035,nan
2024-06-07T16:35:41,84.312347,-46.519478,nan
2024-06-07T16:35:41,84.312340,-46.519917,nan
2024-06-07T16:35:40,84.312332,-46.520351,nan
2024-06-07T16:35:40,84.312325,-46.520786,nan
2024-06-07T16:35:39,84.312317,-46.521225,nan
2024-06-07T16:35:39,84.312302,-46.521660,nan
2024-06-07T16:35:38,84.312294,-46.522087,nan
2024-06-07T16:35:38,84.312286,-46.522518,nan
2024-06-07T16:35:37,84.312279,-46.522949,nan
2024-06-07T16:35:37,84.312271,-46.523376,nan
2024-06-07T16:35:36,84.312263,-46.523804,nan
2024-06-07T16:35:36,84.312248,-46.524227,nan
2024-06-07T16:35:35,84.312241,-46.524654,nan
2024-06-07T16:35:35,84.312233,-46.525078,nan
2024-06-07T16:35:34,84.312225,-46.525501,nan
2024-06-07T16:35:34,84.312210,-46.525925,nan
2024-06-07T16:35:33,84.312202,-46.526348,nan
2024-06-07T16:35:33,84.312187,-46.526772,nan
2024-06-07T16:35:32,84.312180,-46.527199,nan
2024-06-07T16:35:32,84.312164,-46.527626,nan
2024-06-07T16:35:31,84.312149,-46.528057,nan
2024-06-07T16:35:31,84.312141,-46.528488,nan
2024-06-07T16:35:30,84.312126,-46.528927,nan
2024-06-07T16:35:30,84.312111,-46.529369,nan
2024-06-07T16:35:29,84.312096,-46.529812,nan
2024-06-07T16:35:29,84.312080,-46.530254,nan
2024-06-07T16:35:28,84.312073,-46.530697,nan
2024-06-07T16:35:28,84.312057,-46.531143,nan
2024-06-07T16:35:27,84.312042,-46.531590,nan
2024-06-07T16:35:27,84.312027,-46.532040,nan
2024-06-07T16:35:26,84.312019,-46.532486,nan
2024-06-07T16:35:26,84.312004,-46.532936,nan
2024-06-07T16:35:25,84.311989,-46.533386,nan
2024-06-07T16:35:25,84.311981,-46.533836,nan
2024-06-07T16:35:24,84.311966,-46.534286,nan
2024-06-07T16:35:24,84.311951,-46.534740,nan
2024-06-07T16:35:23,84.311935,-46.535198,nan
2024-06-07T16:35:23,84.311928,-46.535660,nan
2024-06-07T16:35:22,84.311913,-46.536125,nan
2024-06-07T16:35:22,84.311897,-46.536594,nan
2024-06-07T16:35:21,84.311890,-46.537071,nan
2024-06-07T16:35:21,84.311874,-46.537548,nan
2024-06-07T16:35:20,84.311859,-46.538029,nan
2024-06-07T16:35:20,84.311852,-46.538513,nan
2024-06-07T16:35:19,84.311836,-46.539001,nan
2024-06-07T16:35:19,84.311829,-46.539494,nan
2024-06-07T16:35:18,84.311813,-46.539986,nan
2024-06-07T16:35:18,84.311806,-46.540478,nan
2024-06-07T16:35:17,84.311790,-46.540970,nan
2024-06-07T16:35:17,84.311783,-46.541462,nan
2024-06-07T16:35:16,84.311768,-46.541950,nan
2024-06-07T16:35:16,84.311760,-46.542439,nan
2024-06-07T16:35:15,84.311752,-46.542923,nan
2024-06-07T16:35:15,84.311737,-46.543407,nan
2024-06-07T16:35:14,84.311729,-46.543888,nan
2024-06-07T16:35:14,84.311722,-46.544361,nan
2024-06-07T16:35:13,84.311714,-46.544834,nan
2024-06-07T16:35:13,84.311707,-46.545307,nan
2024-06-07T16:35:12,84.311699,-46.545773,nan
2024-06-07T16:35:12,84.311691,-46.546242,nan
2024-06-07T16:35:11,84.311684,-46.546707,nan
2024-06-07T16:35:11,84.311676,-46.547173,nan
2024-06-07T16:35:10,84.311668,-46.547642,nan
2024-06-07T16:35:10,84.311661,-46.548103,nan
2024-06-07T16:35:09,84.311653,-46.548569,nan
2024-06-07T16:35:09,84.311646,-46.549030,nan
2024-06-07T16:35:08,84.311638,-46.549492,nan
2024-06-07T16:35:08,84.311630,-46.549953,nan
2024-06-07T16:35:07,84.311630,-46.550419,nan
2024-06-07T16:35:07,84.311623,-46.550884,nan
2024-06-07T16:35:06,84.311615,-46.551350,nan
2024-06-07T16:35:06,84.311607,-46.551819,nan
2024-06-07T16:35:05,84.311600,-46.552288,nan
2024-06-07T16:35:05,84.311600,-46.552757,nan
2024-06-07T16:35:04,84.311592,-46.553234,nan
2024-06-07T16:35:04,84.311584,-46.553707,nan
2024-06-07T16:35:03,84.311577,-46.554184,nan
2024-06-07T16:35:03,84.311569,-46.554665,nan
2024-06-07T16:35:02,84.311562,-46.555141,nan
2024-06-07T16:35:02,84.311554,-46.555622,nan
2024-06-07T16:35:01,84.311546,-46.556107,nan
2024-06-07T16:35:01,84.311539,-46.556595,nan
2024-06-07T16:35:00,84.311531,-46.557083,nan
2024-06-07T16:35:00,84.311523,-46.557579,nan
2024-06-07T16:34:59,84.311508,-46.558075,nan
2024-06-07T16:34:59,84.311501,-46.558578,nan
2024-06-07T16:34:58,84.311493,-46.559078,nan
2024-06-07T16:34:58,84.311485,-46.559582,nan
2024-06-07T16:34:57,84.311470,-46.560081,nan
2024-06-07T16:34:57,84.311462,-46.560585,nan
2024-06-07T16:34:56,84.311455,-46.561085,nan
2024-06-07T16:34:56,84.311440,-46.561581,nan
2024-06-07T16:34:55,84.311432,-46.562080,nan
2024-06-07T16:34:55,84.311417,-46.562580,nan
2024-06-07T16:34:54,84.311401,-46.563076,nan
2024-06-07T16:34:54,84.311394,-46.563572,nan
2024-06-07T16:34:53,84.311378,-46.564068,nan
2024-06-07T16:34:53,84.311371,-46.564568,nan
2024-06-07T16:34:52,84.311356,-46.565063,nan
2024-06-07T16:34:52,84.311340,-46.565559,nan
2024-06-07T16:34:51,84.311333,-46.566055,nan
2024-06-07T16:34:51,84.311317,-46.566551,nan
2024-06-07T16:34:50,84.311310,-46.567051,nan
2024-06-07T16:34:50,84.311295,-46.567547,nan
2024-06-07T16:34:49,84.311279,-46.568043,nan
2024-06-07T16:34:49,84.311272,-46.568535,nan
2024-06-07T16:34:48,84.311256,-46.569031,nan
2024-06-07T16:34:48,84.311249,-46.569527,nan
2024-06-07T16:34:47,84.311234,-46.570023,nan
2024-06-07T16:34:47,84.311218,-46.570526,nan
2024-06-07T16:34:46,84.311203,-46.571030,nan
2024-06-07T16:34:46,84.311195,-46.571533,nan
2024-06-07T16:34:45,84.311180,-46.572044,nan
2024-06-07T16:34:45,84.311165,-46.572563,nan
2024-06-07T16:34:44,84.311150,-46.573086,nan
2024-06-07T16:34:44,84.311134,-46.573608,nan
2024-06-07T16:34:43,84.311119,-46.574142,nan
2024-06-07T16:34:43,84.311096,-46.574677,nan
2024-06-07T16:34:42,84.311081,-46.575214,nan
2024-06-07T16:34:42,84.311066,-46.575756,nan
2024-06-07T16:34:41,84.311050,-46.576298,nan
2024-06-07T16:34:41,84.311035,-46.576843,nan
2024-06-07T16:34:40,84.311020,-46.577389,nan
2024-06-07T16:34:40,84.311005,-46.577930,nan
2024-06-07T16:34:39,84.310982,-46.578472,nan
2024-06-07T16:34:39,84.310966,-46.579014,nan
2024-06-07T16:34:38,84.310951,-46.579559,nan
2024-06-07T16:34:38,84.310936,-46.580101,nan
2024-06-07T16:34:37,84.310928,-46.580639,nan
2024-06-07T16:34:37,84.310913,-46.581177,nan
2024-06-07T16:34:36,84.310898,-46.581711,nan
2024-06-07T16:34:36,84.310883,-46.582245,nan
2024-06-07T16:34:35,84.310867,-46.582771,nan
2024-06-07T16:34:35,84.310852,-46.583302,nan
2024-06-07T16:34:34,84.310844,-46.583828,nan
2024-06-07T16:34:34,84.310829,-46.584358,nan
2024-06-07T16:34:33,84.310814,-46.584885,nan
2024-06-07T16:34:33,84.310806,-46.585407,nan
2024-06-07T16:34:32,84.310791,-46.585930,nan
2024-06-07T16:34:32,84.310783,-46.586452,nan
2024-06-07T16:34:31,84.310768,-46.586971,nan
2024-06-07T16:34:31,84.310760,-46.587490,nan
2024-06-07T16:34:30,84.310745,-46.588009,nan
2024-06-07T16:34:30,84.310738,-46.588528,nan
2024-06-07T16:34:29,84.310730,-46.589043,nan
2024-06-07T16:34:29,84.310715,-46.589558,nan
2024-06-07T16:34:28,84.310707,-46.590076,nan
2024-06-07T16:34:28,84.310692,-46.590588,nan
2024-06-07T16:34:27,84.310684,-46.591103,nan
2024-06-07T16:34:27,84.310677,-46.591621,nan
2024-06-07T16:34:26,84.310661,-46.592136,nan
2024-06-07T16:34:26,84.310654,-46.592655,nan
2024-06-07T16:34:25,84.310638,-46.593174,nan
2024-06-07T16:34:25,84.310631,-46.593693,nan
2024-06-07T16:34:24,84.310616,-46.594212,nan
2024-06-07T16:34:24,84.310608,-46.594730,nan
2024-06-07T16:34:23,84.310593,-46.595249,nan
2024-06-07T16:34:23,84.310585,-46.595768,nan
2024-06-07T16:34:22,84.310570,-46.596287,nan
2024-06-07T16:34:22,84.310562,-46.596809,nan
2024-06-07T16:34:21,84.310547,-46.597332,nan
2024-06-07T16:34:21,84.310532,-46.597855,nan
2024-06-07T16:34:20,84.310524,-46.598381,nan
2024-06-07T16:34:20,84.310509,-46.598904,nan
2024-06-07T16:34:19,84.310501,-46.599426,nan
2024-06-07T16:34:19,84.310486,-46.599949,nan
2024-06-07T16:34:18,84.310478,-46.600471,nan
2024-06-07T16:34:18,84.310463,-46.600990,nan
2024-06-07T16:34:17,84.310455,-46.601517,nan
2024-06-07T16:34:17,84.310440,-46.602039,nan
2024-06-07T16:34:16,84.310425,-46.602562,nan
2024-06-07T16:34:16,84.310417,-46.603088,nan
2024-06-07T16:34:15,84.310402,-46.603615,nan
2024-06-07T16:34:15,84.310387,-46.604141,nan
2024-06-07T16:34:14,84.310371,-46.604671,nan
2024-06-07T16:34:14,84.310356,-46.605206,nan
2024-06-07T16:34:13,84.310341,-46.605740,nan
2024-06-07T16:34:13,84.310326,-46.606277,nan
2024-06-07T16:34:12,84.310310,-46.606823,nan
2024-06-07T16:34:12,84.310295,-46.607372,nan
2024-06-07T16:34:11,84.310280,-46.607929,nan
2024-06-07T16:34:11,84.310265,-46.608498,nan
2024-06-07T16:34:10,84.310249,-46.609066,nan
2024-06-07T16:34:10,84.310242,-46.609642,nan
2024-06-07T16:34:09,84.310226,-46.610226,nan
2024-06-07T16:34:09,84.310211,-46.610813,nan
2024-06-07T16:34:08,84.310196,-46.611404,nan
2024-06-07T16:34:08,84.310181,-46.612003,nan
2024-06-07T16:34:07,84.310165,-46.612606,nan
2024-06-07T16:34:07,84.310158,-46.613209,nan
2024-06-07T16:34:06,84.310143,-46.613815,nan
2024-06-07T16:34:06,84.310127,-46.614426,nan
2024-06-07T16:34:05,84.310120,-46.615032,nan
2024-06-07T16:34:05,84.310104,-46.615635,nan
2024-06-07T16:34:04,84.310097,-46.616234,nan
2024-06-07T16:34:04,84.310089,-46.616825,nan
2024-06-07T16:34:03,84.310074,-46.617413,nan
2024-06-07T16:34:03,84.310066,-46.617992,nan
2024-06-07T16:34:02,84.310051,-46.618572,nan
2024-06-07T16:34:02,84.310043,-46.619148,nan
2024-06-07T16:34:01,84.310028,-46.619720,nan
2024-06-07T16:34:01,84.310020,-46.620293,nan
2024-06-07T16:34:00,84.310005,-46.620861,nan
2024-06-07T16:34:00,84.309998,-46.621433,nan
2024-06-07T16:33:59,84.309990,-46.622009,nan
2024-06-07T16:33:59,84.309975,-46.622593,nan
2024-06-07T16:33:58,84.309967,-46.623184,nan
2024-06-07T16:33:58,84.309952,-46.623783,nan
2024-06-07T16:33:57,84.309944,-46.624393,nan
2024-06-07T16:33:57,84.309929,-46.625015,nan
2024-06-07T16:33:56,84.309921,-46.625637,nan
2024-06-07T16:33:56,84.309906,-46.626266,nan
2024-06-07T16:33:55,84.309891,-46.626904,nan
2024-06-07T16:33:55,84.309883,-46.627544,nan
2024-06-07T16:33:54,84.309868,-46.628193,nan
2024-06-07T16:33:54,84.309853,-46.628841,nan
2024-06-07T16:33:53,84.309837,-46.629490,nan
2024-06-07T16:33:53,84.309822,-46.630138,nan
2024-06-07T16:33:52,84.309799,-46.630798,nan
2024-06-07T16:33:52,84.309784,-46.631462,nan
2024-06-07T16:33:51,84.309769,-46.632137,nan
2024-06-07T16:33:51,84.309753,-46.632812,nan
2024-06-07T16:33:50,84.309731,-46.633495,nan
2024-06-07T16:33:50,84.309715,-46.634178,nan
2024-06-07T16:33:49,84.309692,-46.634865,nan
2024-06-07T16:33:49,84.309677,-46.635555,nan
2024-06-07T16:33:48,84.309662,-46.636253,nan
2024-06-07T16:33:48,84.309639,-46.636959,nan
2024-06-07T16:33:47,84.309624,-46.637665,nan
2024-06-07T16:33:47,84.309601,-46.638378,nan
2024-06-07T16:33:46,84.309586,-46.639099,nan
2024-06-07T16:33:46,84.309563,-46.639832,nan
2024-06-07T16:33:45,84.309547,-46.640575,nan
2024-06-07T16:33:45,84.309525,-46.641331,nan
2024-06-07T16:33:44,84.309502,-46.642094,nan
2024-06-07T16:33:44,84.309486,-46.642864,nan
2024-06-07T16:33:43,84.309464,-46.643646,nan
2024-06-07T16:33:43,84.309441,-46.644432,nan
2024-06-07T16:33:42,84.309425,-46.645222,nan
2024-06-07T16:33:42,84.309402,-46.646015,nan
2024-06-07T16:33:41,84.309380,-46.646816,nan
2024-06-07T16:33:41,84.309364,-46.647621,nan
2024-06-07T16:33:40,84.309341,-46.648434,nan
2024-06-07T16:33:40,84.309326,-46.649254,nan
2024-06-07T16:33:39,84.309303,-46.650078,nan
2024-06-07T16:33:39,84.309280,-46.650909,nan
2024-06-07T16:33:38,84.309265,-46.651749,nan
2024-06-07T16:33:38,84.309242,-46.652592,nan
2024-06-07T16:33:37,84.309219,-46.653439,nan
2024-06-07T16:33:37,84.309204,-46.654293,nan
2024-06-07T16:33:36,84.309181,-46.655151,nan
2024-06-07T16:33:36,84.309158,-46.656013,nan
2024-06-07T16:33:35,84.309135,-46.656883,nan
2024-06-07T16:33:35,84.309113,-46.657753,nan
2024-06-07T16:33:34,84.309090,-46.658627,nan
2024-06-07T16:33:34,84.309067,-46.659496,nan
2024-06-07T16:33:33,84.309044,-46.660370,nan
2024-06-07T16:33:33,84.309021,-46.661240,nan
2024-06-07T16:33:32,84.308998,-46.662106,nan
2024-06-07T16:33:32,84.308975,-46.662968,nan
2024-06-07T16:33:31,84.308952,-46.663830,nan
2024-06-07T16:33:31,84.308929,-46.664692,nan
2024-06-07T16:33:30,84.308907,-46.665550,nan
2024-06-07T16:33:30,84.308884,-46.666409,nan
2024-06-07T16:33:29,84.308853,-46.667267,nan
2024-06-07T16:33:29,84.308830,-46.668121,nan
2024-06-07T16:33:28,84.308807,-46.668980,nan
2024-06-07T16:33:28,84.308784,-46.669834,nan
2024-06-07T16:33:27,84.308762,-46.670692,nan
2024-06-07T16:33:27,84.308731,-46.671547,nan
2024-06-07T16:33:26,84.308708,-46.672405,nan
2024-06-07T16:33:26,84.308678,-46.673267,nan
2024-06-07T16:33:25,84.308655,-46.674133,nan
2024-06-07T16:33:25,84.308624,-46.674995,nan
2024-06-07T16:33:24,84.308594,-46.675865,nan
2024-06-07T16:33:24,84.308571,-46.676739,nan
2024-06-07T16:33:23,84.308540,-46.677612,nan
2024-06-07T16:33:23,84.308510,-46.678493,nan
2024-06-07T16:33:22,84.308487,-46.679375,nan
2024-06-07T16:33:22,84.308456,-46.680260,nan
2024-06-07T16:33:21,84.308426,-46.681145,nan
2024-06-07T16:33:21,84.308403,-46.682034,nan
2024-06-07T16:33:20,84.308372,-46.682922,nan
2024-06-07T16:33:20,84.308350,-46.683807,nan
2024-06-07T16:33:19,84.308319,-46.684692,nan
2024-06-07T16:33:19,84.308296,-46.685574,nan
2024-06-07T16:33:18,84.308266,-46.686451,nan
2024-06-07T16:33:18,84.308243,-46.687325,nan
2024-06-07T16:33:17,84.308212,-46.688198,nan
2024-06-07T16:33:17,84.308182,-46.689068,nan
2024-06-07T16:33:16,84.308151,-46.689941,nan
2024-06-07T16:33:16,84.308128,-46.690819,nan
2024-06-07T16:33:15,84.308098,-46.691696,nan
2024-06-07T16:33:15,84.308067,-46.692574,nan
2024-06-07T16:33:14,84.308037,-46.693455,nan
2024-06-07T16:33:14,84.308014,-46.694332,nan
2024-06-07T16:33:13,84.307983,-46.695210,nan
2024-06-07T16:33:13,84.307953,-46.696087,nan
2024-06-07T16:33:12,84.307930,-46.696960,nan
2024-06-07T16:33:12,84.307899,-46.697834,nan
2024-06-07T16:33:11,84.307877,-46.698708,nan
2024-06-07T16:33:11,84.307846,-46.699577,nan
2024-06-07T16:33:10,84.307816,-46.700447,nan
2024-06-07T16:33:10,84.307793,-46.701317,nan
2024-06-07T16:33:09,84.307762,-46.702183,nan
2024-06-07T16:33:09,84.307739,-46.703049,nan
2024-06-07T16:33:08,84.307709,-46.703911,nan
2024-06-07T16:33:08,84.307678,-46.704769,nan
2024-06-07T16:33:07,84.307655,-46.705627,nan
2024-06-07T16:33:07,84.307632,-46.706486,nan
2024-06-07T16:33:06,84.307602,-46.707336,nan
2024-06-07T16:33:06,84.307579,-46.708191,nan
2024-06-07T16:33:05,84.307549,-46.709042,nan
2024-06-07T16:33:05,84.307526,-46.709888,nan
2024-06-07T16:33:04,84.307503,-46.710739,nan
2024-06-07T16:33:04,84.307480,-46.711586,nan
2024-06-07T16:33:03,84.307449,-46.712440,nan
2024-06-07T16:33:03,84.307426,-46.713291,nan
2024-06-07T16:33:02,84.307404,-46.714142,nan
2024-06-07T16:33:02,84.307388,-46.714993,nan
2024-06-07T16:33:01,84.307365,-46.715843,nan
2024-06-07T16:33:01,84.307343,-46.716694,nan
2024-06-07T16:33:00,84.307320,-46.717533,nan
2024-06-07T16:33:00,84.307297,-46.718376,nan
2024-06-07T16:32:59,84.307274,-46.719219,nan
2024-06-07T16:32:59,84.307251,-46.720058,nan
2024-06-07T16:32:58,84.307228,-46.720905,nan
2024-06-07T16:32:58,84.307198,-46.721752,nan
2024-06-07T16:32:57,84.307175,-46.722599,nan
2024-06-07T16:32:57,84.307152,-46.723446,nan
2024-06-07T16:32:56,84.307129,-46.724293,nan
2024-06-07T16:32:56,84.307098,-46.725140,nan
2024-06-07T16:32:55,84.307076,-46.725983,nan
2024-06-07T16:32:55,84.307053,-46.726826,nan
2024-06-07T16:32:54,84.307022,-46.727676,nan
2024-06-07T16:32:54,84.306999,-46.728523,nan
2024-06-07T16:32:53,84.306976,-46.729370,nan
2024-06-07T16:32:53,84.306946,-46.730217,nan
2024-06-07T16:32:52,84.306923,-46.731064,nan
2024-06-07T16:32:52,84.306900,-46.731907,nan
2024-06-07T16:32:51,84.306870,-46.732746,nan
2024-06-07T16:32:51,84.306847,-46.733578,nan
2024-06-07T16:32:50,84.306824,-46.734406,nan
2024-06-07T16:32:50,84.306801,-46.735218,nan
2024-06-07T16:32:49,84.306778,-46.736027,nan
2024-06-07T16:32:49,84.306755,-46.736828,nan
2024-06-07T16:32:48,84.306732,-46.737621,nan
2024-06-07T16:32:48,84.306709,-46.738411,nan
2024-06-07T16:32:47,84.306694,-46.739201,nan
2024-06-07T16:32:47,84.306671,-46.739986,nan
2024-06-07T16:32:46,84.306648,-46.740768,nan
2024-06-07T16:32:46,84.306625,-46.741547,nan
2024-06-07T16:32:45,84.306602,-46.742325,nan
2024-06-07T16:32:45,84.306580,-46.743095,nan
2024-06-07T16:32:44,84.306564,-46.743858,nan
2024-06-07T16:32:44,84.306541,-46.744617,nan
2024-06-07T16:32:43,84.306519,-46.745373,nan
2024-06-07T16:32:43,84.306496,-46.746120,nan
2024-06-07T16:32:42,84.306465,-46.746868,nan
2024-06-07T16:32:42,84.306442,-46.747612,nan
2024-06-07T16:32:41,84.306419,-46.748352,nan
2024-06-07T16:32:41,84.306396,-46.749088,nan
2024-06-07T16:32:40,84.306366,-46.749821,nan
2024-06-07T16:32:40,84.306343,-46.750557,nan
2024-06-07T16:32:39,84.306313,-46.751286,nan
2024-06-07T16:32:39,84.306282,-46.752018,nan
2024-06-07T16:32:38,84.306252,-46.752750,nan
2024-06-07T16:32:38,84.306221,-46.753483,nan
2024-06-07T16:32:37,84.306190,-46.754219,nan
2024-06-07T16:32:37,84.306160,-46.754955,nan
2024-06-07T16:32:36,84.306129,-46.755692,nan
2024-06-07T16:32:36,84.306099,-46.756424,nan
2024-06-07T16:32:35,84.306068,-46.757153,nan
2024-06-07T16:32:35,84.306038,-46.757877,nan
2024-06-07T16:32:34,84.306007,-46.758591,nan
2024-06-07T16:32:34,84.305977,-46.759293,nan
2024-06-07T16:32:33,84.305946,-46.759983,nan
2024-06-07T16:32:33,84.305916,-46.760666,nan
2024-06-07T16:32:32,84.305885,-46.761345,nan
2024-06-07T16:32:32,84.305855,-46.762016,nan
2024-06-07T16:32:31,84.305824,-46.762684,nan
2024-06-07T16:32:31,84.305801,-46.763351,nan
2024-06-07T16:32:30,84.305771,-46.764015,nan
2024-06-07T16:32:30,84.305740,-46.764679,nan
2024-06-07T16:32:29,84.305710,-46.765339,nan
2024-06-07T16:32:29,84.305687,-46.765995,nan
2024-06-07T16:32:28,84.305656,-46.766647,nan
2024-06-07T16:32:28,84.305626,-46.767296,nan
2024-06-07T16:32:27,84.305603,-46.767933,nan
2024-06-07T16:32:27,84.305573,-46.768562,nan
2024-06-07T16:32:26,84.305550,-46.769180,nan
2024-06-07T16:32:26,84.305527,-46.769791,nan
2024-06-07T16:32:25,84.305496,-46.770393,nan
2024-06-07T16:32:25,84.305481,-46.770988,nan
2024-06-07T16:32:24,84.305458,-46.771584,nan
2024-06-07T16:32:24,84.305435,-46.772171,nan
2024-06-07T16:32:23,84.305420,-46.772751,nan
2024-06-07T16:32:23,84.305405,-46.773327,nan
2024-06-07T16:32:22,84.305389,-46.773891,nan
2024-06-07T16:32:22,84.305367,-46.774448,nan
2024-06-07T16:32:21,84.305351,-46.774998,nan
2024-06-07T16:32:21,84.305344,-46.775539,nan
2024-06-07T16:32:20,84.305328,-46.776070,nan
2024-06-07T16:32:20,84.305313,-46.776596,nan
2024-06-07T16:32:19,84.305298,-46.777119,nan
2024-06-07T16:32:19,84.305290,-46.777634,nan
2024-06-07T16:32:18,84.305275,-46.778145,nan
2024-06-07T16:32:18,84.305267,-46.778652,nan
2024-06-07T16:32:17,84.305260,-46.779152,nan
2024-06-07T16:32:17,84.305252,-46.779652,nan
2024-06-07T16:32:16,84.305244,-46.780144,nan
2024-06-07T16:32:16,84.305237,-46.780632,nan
2024-06-07T16:32:15,84.305229,-46.781116,nan
2024-06-07T16:32:15,84.305222,-46.781593,nan
2024-06-07T16:32:14,84.305222,-46.782066,nan
2024-06-07T16:32:14,84.305214,-46.782524,nan
2024-06-07T16:32:13,84.305214,-46.782978,nan
2024-06-07T16:32:13,84.305206,-46.783417,nan
2024-06-07T16:32:12,84.305206,-46.783844,nan
2024-06-07T16:32:12,84.305206,-46.784260,nan
2024-06-07T16:32:11,84.305206,-46.784664,nan
2024-06-07T16:32:11,84.305206,-46.785061,nan
2024-06-07T16:32:10,84.305206,-46.785446,nan
2024-06-07T16:32:10,84.305206,-46.785824,nan
2024-06-07T16:32:09,84.305206,-46.786190,nan
2024-06-07T16:32:09,84.305206,-46.786552,nan
2024-06-07T16:32:08,84.305206,-46.786907,nan
2024-06-07T16:32:08,84.305199,-46.787251,nan
2024-06-07T16:32:07,84.305199,-46.787590,nan
2024-06-07T16:32:07,84.305199,-46.787918,nan
2024-06-07T16:32:06,84.305199,-46.788239,nan
2024-06-07T16:32:06,84.305199,-46.788551,nan
2024-06-07T16:32:05,84.305199,-46.788857,nan
2024-06-07T16:32:05,84.305199,-46.789150,nan
2024-06-07T16:32:04,84.305191,-46.789440,nan
2024-06-07T16:32:04,84.305191,-46.789722,nan
2024-06-07T16:32:03,84.305183,-46.790005,nan
2024-06-07T16:32:03,84.305183,-46.790279,nan
2024-06-07T16:32:02,84.305176,-46.790558,nan
2024-06-07T16:32:02,84.305168,-46.790833,nan
2024-06-07T16:32:01,84.305168,-46.791107,nan
2024-06-07T16:32:01,84.305161,-46.791382,nan
2024-06-07T16:32:00,84.305153,-46.791649,nan
2024-06-07T16:32:00,84.305145,-46.791916,nan
2024-06-07T16:31:59,84.305138,-46.792179,nan
2024-06-07T16:31:59,84.305130,-46.792446,nan
2024-06-07T16:31:58,84.305122,-46.792709,nan
2024-06-07T16:31:58,84.305115,-46.792973,nan
2024-06-07T16:31:57,84.305107,-46.793236,nan
2024-06-07T16:31:57,84.305092,-46.793495,nan
2024-06-07T16:31:56,84.305084,-46.793747,nan
2024-06-07T16:31:56,84.305077,-46.793999,nan
2024-06-07T16:31:55,84.305061,-46.794243,nan
2024-06-07T16:31:55,84.305054,-46.794487,nan
2024-06-07T16:31:54,84.305038,-46.794724,nan
2024-06-07T16:31:54,84.305031,-46.794956,nan
2024-06-07T16:31:53,84.305016,-46.795185,nan
2024-06-07T16:31:53,84.305008,-46.795414,nan
2024-06-07T16:31:52,84.304993,-46.795639,nan
2024-06-07T16:31:52,84.304977,-46.795860,nan
2024-06-07T16:31:51,84.304970,-46.796078,nan
2024-06-07T16:31:51,84.304955,-46.796291,nan
2024-06-07T16:31:50,84.304939,-46.796501,nan
2024-06-07T16:31:50,84.304924,-46.796711,nan
2024-06-07T16:31:49,84.304909,-46.796913,nan
2024-06-07T16:31:49,84.304901,-46.797115,nan
2024-06-07T16:31:48,84.304886,-46.797318,nan
2024-06-07T16:31:48,84.304878,-46.797516,nan
2024-06-07T16:31:47,84.304863,-46.797718,nan
2024-06-07T16:31:47,84.304855,-46.797920,nan
2024-06-07T16:31:46,84.304848,-46.798122,nan
2024-06-07T16:31:46,84.304832,-46.798325,nan
2024-06-07T16:31:45,84.304825,-46.798534,nan
2024-06-07T16:31:45,84.304817,-46.798744,nan
2024-06-07T16:31:44,84.304810,-46.798954,nan
2024-06-07T16:31:44,84.304802,-46.799160,nan
2024-06-07T16:31:43,84.304794,-46.799355,nan
2024-06-07T16:31:43,84.304787,-46.799545,nan
2024-06-07T16:31:42,84.304779,-46.799736,nan
2024-06-07T16:31:42,84.304771,-46.799923,nan
2024-06-07T16:31:41,84.304771,-46.800117,nan
2024-06-07T16:31:41,84.304764,-46.800316,nan
2024-06-07T16:31:40,84.304764,-46.800510,nan
2024-06-07T16:31:40,84.304756,-46.800709,nan
2024-06-07T16:31:39,84.304756,-46.800907,nan
2024-06-07T16:31:39,84.304756,-46.801102,nan
2024-06-07T16:31:38,84.304749,-46.801289,nan
2024-06-07T16:31:38,84.304749,-46.801476,nan
2024-06-07T16:31:37,84.304749,-46.801647,nan
2024-06-07T16:31:37,84.304749,-46.801819,nan
2024-06-07T16:31:36,84.304741,-46.801991,nan
2024-06-07T16:31:36,84.304741,-46.802155,nan
2024-06-07T16:31:35,84.304733,-46.802319,nan
2024-06-07T16:31:35,84.304733,-46.802471,nan
2024-06-07T16:31:34,84.304733,-46.802624,nan
2024-06-07T16:31:34,84.304726,-46.802765,nan
2024-06-07T16:31:33,84.304726,-46.802902,nan
2024-06-07T16:31:33,84.304726,-46.803040,nan
2024-06-07T16:31:32,84.304726,-46.803165,nan
2024-06-07T16:31:32,84.304718,-46.803284,nan
2024-06-07T16:31:31,84.304718,-46.803398,nan
2024-06-07T16:31:31,84.304710,-46.803509,nan
2024-06-07T16:31:30,84.304710,-46.803612,nan
2024-06-07T16:31:30,84.304710,-46.803722,nan
2024-06-07T16:31:29,84.304703,-46.803829,nan
2024-06-07T16:31:29,84.304703,-46.803932,nan
2024-06-07T16:31:28,84.304695,-46.804043,nan
2024-06-07T16:31:28,84.304695,-46.804146,nan
2024-06-07T16:31:27,84.304688,-46.804253,nan
2024-06-07T16:31:27,84.304680,-46.804359,nan
2024-06-07T16:31:26,84.304680,-46.804462,nan
2024-06-07T16:31:26,84.304672,-46.804573,nan
2024-06-07T16:31:25,84.304665,-46.804680,nan
2024-06-07T16:31:25,84.304657,-46.804790,nan
2024-06-07T16:31:24,84.304649,-46.804897,nan
2024-06-07T16:31:24,84.304649,-46.805012,nan
2024-06-07T16:31:23,84.304642,-46.805126,nan
2024-06-07T16:31:23,84.304634,-46.805244,nan
2024-06-07T16:31:22,84.304619,-46.805370,nan
2024-06-07T16:31:22,84.304611,-46.805492,nan
2024-06-07T16:31:21,84.304604,-46.805618,nan
2024-06-07T16:31:21,84.304596,-46.805744,nan
2024-06-07T16:31:20,84.304588,-46.805874,nan
2024-06-07T16:31:20,84.304581,-46.806000,nan
2024-06-07T16:31:19,84.304581,-46.806126,nan
2024-06-07T16:31:19,84.304573,-46.806252,nan
2024-06-07T16:31:18,84.304565,-46.806374,nan
2024-06-07T16:31:18,84.304565,-46.806496,nan
2024-06-07T16:31:17,84.304565,-46.806614,nan
2024-06-07T16:31:17,84.304558,-46.806725,nan
2024-06-07T16:31:16,84.304558,-46.806831,nan
2024-06-07T16:31:16,84.304558,-46.806934,nan
2024-06-07T16:31:15,84.304558,-46.807034,nan
2024-06-07T16:31:15,84.304550,-46.807129,nan
2024-06-07T16:31:14,84.304550,-46.807217,nan
2024-06-07T16:31:14,84.304550,-46.807304,nan
2024-06-07T16:31:13,84.304543,-46.807384,nan
2024-06-07T16:31:13,84.304543,-46.807457,nan
2024-06-07T16:31:12,84.304543,-46.807518,nan
2024-06-07T16:31:12,84.304535,-46.807571,nan
2024-06-07T16:31:11,84.304535,-46.807621,nan
2024-06-07T16:31:11,84.304527,-46.807659,nan
2024-06-07T16:31:10,84.304527,-46.807690,nan
2024-06-07T16:31:10,84.304520,-46.807705,nan
2024-06-07T16:31:09,84.304520,-46.807716,nan
2024-06-07T16:31:09,84.304520,-46.807724,nan
2024-06-07T16:31:08,84.304512,-46.807724,nan
2024-06-07T16:31:08,84.304512,-46.807724,nan
2024-06-07T16:31:07,84.304504,-46.807713,nan
2024-06-07T16:31:07,84.304504,-46.807705,nan
2024-06-07T16:31:06,84.304497,-46.807697,nan
2024-06-07T16:31:06,84.304497,-46.807686,nan
2024-06-07T16:31:05,84.304489,-46.807674,nan
2024-06-07T16:31:05,84.304489,-46.807652,nan
2024-06-07T16:31:04,84.304482,-46.807629,nan
2024-06-07T16:31:04,84.304474,-46.807598,nan
2024-06-07T16:31:03,84.304474,-46.807564,nan
2024-06-07T16:31:03,84.304466,-46.807526,nan
2024-06-07T16:31:02,84.304459,-46.807491,nan
2024-06-07T16:31:02,84.304451,-46.807449,nan
2024-06-07T16:31:01,84.304443,-46.807415,nan
2024-06-07T16:31:01,84.304443,-46.807388,nan
2024-06-07T16:31:00,84.304436,-46.807365,nan
2024-06-07T16:31:00,84.304428,-46.807346,nan
2024-06-07T16:30:59,84.304428,-46.807327,nan
2024-06-07T16:30:59,84.304420,-46.807316,nan
2024-06-07T16:30:58,84.304413,-46.807312,nan
2024-06-07T16:30:58,84.304405,-46.807308,nan
2024-06-07T16:30:57,84.304398,-46.807308,nan
2024-06-07T16:30:57,84.304390,-46.807312,nan
2024-06-07T16:30:56,84.304382,-46.807320,nan
2024-06-07T16:30:56,84.304375,-46.807323,nan
2024-06-07T16:30:55,84.304367,-46.807335,nan
2024-06-07T16:30:55,84.304359,-46.807346,nan
2024-06-07T16:30:54,84.304344,-46.807358,nan
2024-06-07T16:30:54,84.304337,-46.807377,nan
2024-06-07T16:30:53,84.304329,-46.807392,nan
2024-06-07T16:30:53,84.304321,-46.807415,nan
2024-06-07T16:30:52,84.304314,-46.807442,nan
2024-06-07T16:30:52,84.304306,-46.807472,nan
2024-06-07T16:30:51,84.304298,-46.807503,nan
2024-06-07T16:30:51,84.304291,-46.807526,nan
2024-06-07T16:30:50,84.304283,-46.807545,nan
2024-06-07T16:30:50,84.304268,-46.807556,nan
2024-06-07T16:30:49,84.304260,-46.807564,nan
2024-06-07T16:30:49,84.304253,-46.807568,nan
2024-06-07T16:30:48,84.304245,-46.807568,nan
2024-06-07T16:30:48,84.304230,-46.807564,nan
2024-06-07T16:30:47,84.304222,-46.807568,nan
2024-06-07T16:30:47,84.304214,-46.807571,nan
2024-06-07T16:30:46,84.304207,-46.807583,nan
2024-06-07T16:30:46,84.304199,-46.807590,nan
2024-06-07T16:30:45,84.304192,-46.807598,nan
2024-06-07T16:30:45,84.304184,-46.807613,nan
2024-06-07T16:30:44,84.304176,-46.807621,nan
2024-06-07T16:30:44,84.304161,-46.807629,nan
2024-06-07T16:30:43,84.304153,-46.807632,nan
2024-06-07T16:30:43,84.304146,-46.807621,nan
2024-06-07T16:30:42,84.304138,-46.807610,nan
2024-06-07T16:30:42,84.304131,-46.807590,nan
2024-06-07T16:30:41,84.304123,-46.807571,nan
2024-06-07T16:30:41,84.304108,-46.807541,nan
2024-06-07T16:30:40,84.304100,-46.807507,nan
2024-06-07T16:30:40,84.304085,-46.807461,nan
2024-06-07T16:30:39,84.304077,-46.807423,nan
2024-06-07T16:30:39,84.304070,-46.807400,nan
2024-06-07T16:30:38,84.304062,-46.807396,nan
2024-06-07T16:30:38,84.304077,-46.807465,nan
2024-06-07T16:30:37,84.304108,-46.807583,nan
2024-06-07T16:30:37,84.304131,-46.807697,nan
2024-06-07T16:30:36,84.304214,-46.808235,nan
2024-06-07T16:30:36,84.304459,-46.809620,nan
2024-06-07T16:30:35,84.304939,-46.812172,nan
2024-06-07T16:30:35,84.305695,-46.816597,nan
2024-06-07T16:30:30,84.303329,-46.802601,nan
2024-06-07T16:30:29,84.302567,-46.797104,nan
2024-06-07T16:30:29,84.301773,-46.791302,nan
