datetime,lat,lon,elev
2024-06-13T14:06:25,82.991570,-16.616446,nan
2024-06-13T14:06:25,82.991592,-16.616535,nan
2024-06-13T14:06:24,82.991623,-16.616627,nan
2024-06-13T14:06:24,82.991653,-16.616728,nan
2024-06-13T14:06:23,82.991676,-16.616829,nan
2024-06-13T14:06:23,82.991707,-16.616926,nan
2024-06-13T14:06:22,82.991730,-16.617025,nan
2024-06-13T14:06:22,82.991760,-16.617125,nan
2024-06-13T14:06:21,82.991791,-16.617226,nan
2024-06-13T14:06:21,82.991814,-16.617327,nan
2024-06-13T14:06:20,82.991837,-16.617432,nan
2024-06-13T14:06:20,82.991867,-16.617533,nan
2024-06-13T14:06:19,82.991890,-16.617632,nan
2024-06-13T14:06:19,82.991913,-16.617731,nan
2024-06-13T14:06:18,82.991943,-16.617840,nan
2024-06-13T14:06:18,82.991966,-16.617952,nan
2024-06-13T14:06:17,82.991989,-16.618071,nan
2024-06-13T14:06:17,82.992012,-16.618193,nan
2024-06-13T14:06:16,82.992035,-16.618315,nan
2024-06-13T14:06:16,82.992058,-16.618437,nan
2024-06-13T14:06:15,82.992081,-16.618557,nan
2024-06-13T14:06:15,82.992096,-16.618687,nan
2024-06-13T14:06:14,82.992119,-16.618818,nan
2024-06-13T14:06:14,82.992142,-16.618946,nan
2024-06-13T14:06:13,82.992165,-16.619074,nan
2024-06-13T14:06:13,82.992188,-16.619194,nan
2024-06-13T14:06:12,82.992210,-16.619312,nan
2024-06-13T14:06:12,82.992233,-16.619431,nan
2024-06-13T14:06:11,82.992256,-16.619541,nan
2024-06-13T14:06:11,82.992271,-16.619650,nan
2024-06-13T14:06:10,82.992294,-16.619757,nan
2024-06-13T14:06:10,82.992317,-16.619862,nan
2024-06-13T14:06:09,82.992340,-16.619972,nan
2024-06-13T14:06:09,82.992363,-16.620087,nan
2024-06-13T14:06:08,82.992386,-16.620197,nan
2024-06-13T14:06:08,82.992401,-16.620302,nan
2024-06-13T14:06:07,82.992424,-16.620399,nan
2024-06-13T14:06:07,82.992447,-16.620497,nan
2024-06-13T14:06:06,82.992470,-16.620600,nan
2024-06-13T14:06:06,82.992485,-16.620705,nan
2024-06-13T14:06:05,82.992508,-16.620810,nan
2024-06-13T14:06:05,82.992531,-16.620916,nan
2024-06-13T14:06:04,82.992546,-16.621029,nan
2024-06-13T14:06:04,82.992569,-16.621143,nan
2024-06-13T14:06:03,82.992584,-16.621264,nan
2024-06-13T14:06:03,82.992607,-16.621389,nan
2024-06-13T14:06:02,82.992622,-16.621517,nan
2024-06-13T14:06:02,82.992645,-16.621643,nan
2024-06-13T14:06:01,82.992661,-16.621761,nan
2024-06-13T14:06:01,82.992683,-16.621876,nan
2024-06-13T14:06:00,82.992699,-16.621988,nan
2024-06-13T14:06:00,82.992722,-16.622103,nan
2024-06-13T14:05:59,82.992737,-16.622217,nan
2024-06-13T14:05:59,82.992752,-16.622332,nan
2024-06-13T14:05:58,82.992767,-16.622448,nan
2024-06-13T14:05:58,82.992783,-16.622572,nan
2024-06-13T14:05:57,82.992798,-16.622696,nan
2024-06-13T14:05:57,82.992821,-16.622820,nan
2024-06-13T14:05:56,82.992836,-16.622944,nan
2024-06-13T14:05:56,82.992851,-16.623066,nan
2024-06-13T14:05:55,82.992867,-16.623188,nan
2024-06-13T14:05:55,82.992882,-16.623316,nan
2024-06-13T14:05:54,82.992897,-16.623446,nan
2024-06-13T14:05:54,82.992912,-16.623579,nan
2024-06-13T14:05:53,82.992935,-16.623707,nan
2024-06-13T14:05:53,82.992950,-16.623833,nan
2024-06-13T14:05:52,82.992973,-16.623959,nan
2024-06-13T14:05:52,82.993004,-16.624090,nan
2024-06-13T14:05:51,82.993027,-16.624229,nan
2024-06-13T14:05:51,82.993050,-16.624374,nan
2024-06-13T14:05:50,82.993073,-16.624523,nan
2024-06-13T14:05:50,82.993095,-16.624676,nan
2024-06-13T14:05:49,82.993118,-16.624832,nan
2024-06-13T14:05:49,82.993141,-16.624992,nan
2024-06-13T14:05:48,82.993164,-16.625153,nan
2024-06-13T14:05:48,82.993187,-16.625313,nan
2024-06-13T14:05:47,82.993202,-16.625465,nan
2024-06-13T14:05:47,82.993233,-16.625618,nan
2024-06-13T14:05:46,82.993256,-16.625767,nan
2024-06-13T14:05:46,82.993279,-16.625917,nan
2024-06-13T14:05:45,82.993301,-16.626072,nan
2024-06-13T14:05:45,82.993324,-16.626223,nan
2024-06-13T14:05:44,82.993347,-16.626369,nan
2024-06-13T14:05:44,82.993370,-16.626520,nan
2024-06-13T14:05:43,82.993393,-16.626677,nan
2024-06-13T14:05:43,82.993416,-16.626837,nan
2024-06-13T14:05:42,82.993439,-16.626999,nan
2024-06-13T14:05:42,82.993462,-16.627157,nan
2024-06-13T14:05:41,82.993484,-16.627317,nan
2024-06-13T14:05:41,82.993515,-16.627481,nan
2024-06-13T14:05:40,82.993538,-16.627651,nan
2024-06-13T14:05:40,82.993561,-16.627831,nan
2024-06-13T14:05:39,82.993584,-16.628010,nan
2024-06-13T14:05:39,82.993607,-16.628189,nan
2024-06-13T14:05:38,82.993629,-16.628370,nan
2024-06-13T14:05:38,82.993660,-16.628555,nan
2024-06-13T14:05:37,82.993683,-16.628742,nan
2024-06-13T14:05:37,82.993706,-16.628935,nan
2024-06-13T14:05:36,82.993729,-16.629124,nan
2024-06-13T14:05:36,82.993752,-16.629313,nan
2024-06-13T14:05:35,82.993774,-16.629505,nan
2024-06-13T14:05:35,82.993797,-16.629700,nan
2024-06-13T14:05:34,82.993820,-16.629896,nan
2024-06-13T14:05:34,82.993843,-16.630091,nan
2024-06-13T14:05:33,82.993866,-16.630283,nan
2024-06-13T14:05:33,82.993889,-16.630474,nan
2024-06-13T14:05:32,82.993912,-16.630667,nan
2024-06-13T14:05:32,82.993927,-16.630859,nan
2024-06-13T14:05:31,82.993950,-16.631050,nan
2024-06-13T14:05:31,82.993973,-16.631241,nan
2024-06-13T14:05:30,82.993988,-16.631428,nan
2024-06-13T14:05:30,82.994011,-16.631618,nan
2024-06-13T14:05:29,82.994026,-16.631807,nan
2024-06-13T14:05:29,82.994041,-16.631998,nan
2024-06-13T14:05:28,82.994064,-16.632185,nan
2024-06-13T14:05:28,82.994080,-16.632370,nan
2024-06-13T14:05:27,82.994095,-16.632559,nan
2024-06-13T14:05:27,82.994118,-16.632750,nan
2024-06-13T14:05:26,82.994133,-16.632940,nan
2024-06-13T14:05:26,82.994148,-16.633129,nan
2024-06-13T14:05:25,82.994171,-16.633318,nan
2024-06-13T14:05:25,82.994186,-16.633505,nan
2024-06-13T14:05:24,82.994202,-16.633699,nan
2024-06-13T14:05:24,82.994225,-16.633888,nan
2024-06-13T14:05:23,82.994240,-16.634077,nan
2024-06-13T14:05:23,82.994263,-16.634260,nan
2024-06-13T14:05:22,82.994278,-16.634443,nan
2024-06-13T14:05:22,82.994301,-16.634632,nan
2024-06-13T14:05:21,82.994316,-16.634823,nan
2024-06-13T14:05:21,82.994339,-16.635010,nan
2024-06-13T14:05:20,82.994362,-16.635195,nan
2024-06-13T14:05:20,82.994377,-16.635376,nan
2024-06-13T14:05:19,82.994400,-16.635555,nan
2024-06-13T14:05:19,82.994423,-16.635738,nan
2024-06-13T14:05:18,82.994446,-16.635923,nan
2024-06-13T14:05:18,82.994469,-16.636108,nan
2024-06-13T14:05:17,82.994484,-16.636295,nan
2024-06-13T14:05:17,82.994507,-16.636480,nan
2024-06-13T14:05:16,82.994530,-16.636663,nan
2024-06-13T14:05:16,82.994553,-16.636850,nan
2024-06-13T14:05:15,82.994576,-16.637037,nan
2024-06-13T14:05:15,82.994598,-16.637226,nan
2024-06-13T14:05:14,82.994621,-16.637419,nan
2024-06-13T14:05:14,82.994644,-16.637609,nan
2024-06-13T14:05:13,82.994667,-16.637804,nan
2024-06-13T14:05:13,82.994690,-16.638000,nan
2024-06-13T14:05:12,82.994705,-16.638201,nan
2024-06-13T14:05:12,82.994736,-16.638397,nan
2024-06-13T14:05:11,82.994759,-16.638592,nan
2024-06-13T14:05:11,82.994781,-16.638786,nan
2024-06-13T14:05:10,82.994804,-16.638985,nan
2024-06-13T14:05:10,82.994827,-16.639181,nan
2024-06-13T14:05:09,82.994850,-16.639383,nan
2024-06-13T14:05:09,82.994873,-16.639584,nan
2024-06-13T14:05:08,82.994896,-16.639784,nan
2024-06-13T14:05:08,82.994926,-16.639984,nan
2024-06-13T14:05:07,82.994949,-16.640188,nan
2024-06-13T14:05:07,82.994972,-16.640392,nan
2024-06-13T14:05:06,82.994995,-16.640596,nan
2024-06-13T14:05:06,82.995018,-16.640799,nan
2024-06-13T14:05:05,82.995041,-16.640999,nan
2024-06-13T14:05:05,82.995071,-16.641199,nan
2024-06-13T14:05:04,82.995094,-16.641401,nan
2024-06-13T14:05:04,82.995117,-16.641603,nan
2024-06-13T14:05:03,82.995140,-16.641804,nan
2024-06-13T14:05:03,82.995171,-16.642000,nan
2024-06-13T14:05:02,82.995193,-16.642199,nan
2024-06-13T14:05:02,82.995216,-16.642399,nan
2024-06-13T14:05:01,82.995247,-16.642595,nan
2024-06-13T14:05:01,82.995270,-16.642792,nan
2024-06-13T14:05:00,82.995300,-16.642986,nan
2024-06-13T14:05:00,82.995323,-16.643185,nan
2024-06-13T14:04:59,82.995354,-16.643385,nan
2024-06-13T14:04:59,82.995377,-16.643589,nan
2024-06-13T14:04:58,82.995407,-16.643797,nan
2024-06-13T14:04:58,82.995430,-16.644005,nan
2024-06-13T14:04:57,82.995453,-16.644215,nan
2024-06-13T14:04:57,82.995483,-16.644428,nan
2024-06-13T14:04:56,82.995506,-16.644648,nan
2024-06-13T14:04:56,82.995537,-16.644869,nan
2024-06-13T14:04:55,82.995560,-16.645090,nan
2024-06-13T14:04:55,82.995590,-16.645311,nan
2024-06-13T14:04:54,82.995613,-16.645533,nan
2024-06-13T14:04:54,82.995644,-16.645758,nan
2024-06-13T14:04:53,82.995667,-16.645987,nan
2024-06-13T14:04:53,82.995697,-16.646215,nan
2024-06-13T14:04:52,82.995720,-16.646446,nan
2024-06-13T14:04:52,82.995750,-16.646675,nan
2024-06-13T14:04:51,82.995773,-16.646908,nan
2024-06-13T14:04:51,82.995804,-16.647139,nan
2024-06-13T14:04:50,82.995827,-16.647367,nan
2024-06-13T14:04:50,82.995857,-16.647596,nan
2024-06-13T14:04:49,82.995888,-16.647820,nan
2024-06-13T14:04:49,82.995911,-16.648041,nan
2024-06-13T14:04:48,82.995941,-16.648264,nan
2024-06-13T14:04:48,82.995972,-16.648485,nan
2024-06-13T14:04:47,82.996002,-16.648705,nan
2024-06-13T14:04:47,82.996033,-16.648920,nan
2024-06-13T14:04:46,82.996056,-16.649136,nan
2024-06-13T14:04:46,82.996086,-16.649355,nan
2024-06-13T14:04:45,82.996117,-16.649578,nan
2024-06-13T14:04:45,82.996147,-16.649801,nan
2024-06-13T14:04:44,82.996178,-16.650026,nan
2024-06-13T14:04:44,82.996201,-16.650249,nan
2024-06-13T14:04:43,82.996231,-16.650475,nan
2024-06-13T14:04:43,82.996262,-16.650705,nan
2024-06-13T14:04:42,82.996292,-16.650934,nan
2024-06-13T14:04:42,82.996323,-16.651165,nan
2024-06-13T14:04:41,82.996346,-16.651396,nan
2024-06-13T14:04:41,82.996376,-16.651630,nan
2024-06-13T14:04:40,82.996407,-16.651867,nan
2024-06-13T14:04:40,82.996437,-16.652102,nan
2024-06-13T14:04:39,82.996468,-16.652336,nan
2024-06-13T14:04:39,82.996490,-16.652571,nan
2024-06-13T14:04:38,82.996521,-16.652803,nan
2024-06-13T14:04:38,82.996552,-16.653042,nan
2024-06-13T14:04:37,82.996574,-16.653278,nan
2024-06-13T14:04:37,82.996605,-16.653517,nan
2024-06-13T14:04:36,82.996635,-16.653753,nan
2024-06-13T14:04:36,82.996658,-16.653994,nan
2024-06-13T14:04:35,82.996689,-16.654238,nan
2024-06-13T14:04:35,82.996719,-16.654476,nan
2024-06-13T14:04:34,82.996742,-16.654713,nan
2024-06-13T14:04:34,82.996773,-16.654949,nan
2024-06-13T14:04:33,82.996803,-16.655188,nan
2024-06-13T14:04:33,82.996826,-16.655424,nan
2024-06-13T14:04:32,82.996857,-16.655661,nan
2024-06-13T14:04:32,82.996887,-16.655893,nan
2024-06-13T14:04:31,82.996910,-16.656134,nan
2024-06-13T14:04:31,82.996941,-16.656378,nan
2024-06-13T14:04:30,82.996971,-16.656624,nan
2024-06-13T14:04:30,82.997002,-16.656870,nan
2024-06-13T14:04:29,82.997025,-16.657116,nan
2024-06-13T14:04:29,82.997055,-16.657364,nan
2024-06-13T14:04:28,82.997086,-16.657616,nan
2024-06-13T14:04:28,82.997108,-16.657869,nan
2024-06-13T14:04:27,82.997139,-16.658121,nan
2024-06-13T14:04:27,82.997162,-16.658375,nan
2024-06-13T14:04:26,82.997192,-16.658627,nan
2024-06-13T14:04:26,82.997223,-16.658884,nan
2024-06-13T14:04:25,82.997246,-16.659143,nan
2024-06-13T14:04:25,82.997276,-16.659401,nan
2024-06-13T14:04:24,82.997307,-16.659657,nan
2024-06-13T14:04:24,82.997330,-16.659916,nan
2024-06-13T14:04:23,82.997360,-16.660173,nan
2024-06-13T14:04:23,82.997391,-16.660435,nan
2024-06-13T14:04:22,82.997414,-16.660698,nan
2024-06-13T14:04:22,82.997444,-16.660955,nan
2024-06-13T14:04:21,82.997475,-16.661215,nan
2024-06-13T14:04:21,82.997505,-16.661470,nan
2024-06-13T14:04:20,82.997528,-16.661732,nan
2024-06-13T14:04:20,82.997559,-16.661993,nan
2024-06-13T14:04:19,82.997589,-16.662254,nan
2024-06-13T14:04:19,82.997612,-16.662514,nan
2024-06-13T14:04:18,82.997643,-16.662773,nan
2024-06-13T14:04:18,82.997673,-16.663036,nan
2024-06-13T14:04:17,82.997704,-16.663303,nan
2024-06-13T14:04:17,82.997726,-16.663572,nan
2024-06-13T14:04:16,82.997757,-16.663841,nan
2024-06-13T14:04:16,82.997787,-16.664110,nan
2024-06-13T14:04:15,82.997818,-16.664383,nan
2024-06-13T14:04:15,82.997849,-16.664660,nan
2024-06-13T14:04:14,82.997879,-16.664940,nan
2024-06-13T14:04:14,82.997910,-16.665218,nan
2024-06-13T14:04:13,82.997940,-16.665497,nan
2024-06-13T14:04:13,82.997971,-16.665773,nan
2024-06-13T14:04:12,82.998001,-16.666052,nan
2024-06-13T14:04:12,82.998032,-16.666332,nan
2024-06-13T14:04:11,82.998062,-16.666615,nan
2024-06-13T14:04:11,82.998093,-16.666893,nan
2024-06-13T14:04:10,82.998131,-16.667168,nan
2024-06-13T14:04:10,82.998161,-16.667442,nan
2024-06-13T14:04:09,82.998192,-16.667719,nan
2024-06-13T14:04:09,82.998230,-16.667994,nan
2024-06-13T14:04:08,82.998260,-16.668266,nan
2024-06-13T14:04:08,82.998299,-16.668535,nan
2024-06-13T14:04:07,82.998329,-16.668804,nan
2024-06-13T14:04:07,82.998367,-16.669077,nan
2024-06-13T14:04:06,82.998398,-16.669353,nan
2024-06-13T14:04:06,82.998436,-16.669630,nan
2024-06-13T14:04:05,82.998466,-16.669907,nan
2024-06-13T14:04:05,82.998505,-16.670185,nan
2024-06-13T14:04:04,82.998535,-16.670464,nan
2024-06-13T14:04:04,82.998566,-16.670748,nan
2024-06-13T14:04:03,82.998604,-16.671034,nan
2024-06-13T14:04:03,82.998634,-16.671318,nan
2024-06-13T14:04:02,82.998665,-16.671600,nan
2024-06-13T14:04:02,82.998703,-16.671883,nan
2024-06-13T14:04:01,82.998734,-16.672167,nan
2024-06-13T14:04:01,82.998772,-16.672451,nan
2024-06-13T14:04:00,82.998802,-16.672735,nan
2024-06-13T14:04:00,82.998833,-16.673019,nan
2024-06-13T14:03:59,82.998871,-16.673306,nan
2024-06-13T14:03:59,82.998901,-16.673594,nan
2024-06-13T14:03:58,82.998940,-16.673885,nan
2024-06-13T14:03:58,82.998978,-16.674179,nan
2024-06-13T14:03:57,82.999008,-16.674473,nan
2024-06-13T14:03:57,82.999046,-16.674768,nan
2024-06-13T14:03:56,82.999077,-16.675064,nan
2024-06-13T14:03:56,82.999107,-16.675365,nan
2024-06-13T14:03:55,82.999146,-16.675665,nan
2024-06-13T14:03:55,82.999176,-16.675962,nan
2024-06-13T14:03:54,82.999207,-16.676258,nan
2024-06-13T14:03:54,82.999245,-16.676558,nan
2024-06-13T14:03:53,82.999275,-16.676859,nan
2024-06-13T14:03:53,82.999306,-16.677160,nan
2024-06-13T14:03:52,82.999336,-16.677464,nan
2024-06-13T14:03:52,82.999367,-16.677765,nan
2024-06-13T14:03:51,82.999405,-16.678064,nan
2024-06-13T14:03:51,82.999435,-16.678370,nan
2024-06-13T14:03:50,82.999466,-16.678675,nan
2024-06-13T14:03:50,82.999496,-16.678980,nan
2024-06-13T14:03:49,82.999527,-16.679283,nan
2024-06-13T14:03:49,82.999565,-16.679588,nan
2024-06-13T14:03:48,82.999596,-16.679892,nan
2024-06-13T14:03:48,82.999634,-16.680195,nan
2024-06-13T14:03:47,82.999664,-16.680494,nan
2024-06-13T14:03:47,82.999702,-16.680790,nan
2024-06-13T14:03:46,82.999741,-16.681076,nan
2024-06-13T14:03:46,82.999779,-16.681362,nan
2024-06-13T14:03:45,82.999817,-16.681646,nan
2024-06-13T14:03:45,82.999855,-16.681927,nan
2024-06-13T14:03:44,82.999893,-16.682199,nan
2024-06-13T14:03:44,82.999931,-16.682468,nan
2024-06-13T14:03:43,82.999969,-16.682737,nan
2024-06-13T14:03:43,83.000008,-16.683006,nan
2024-06-13T14:03:42,83.000038,-16.683273,nan
2024-06-13T14:03:42,83.000076,-16.683537,nan
2024-06-13T14:03:41,83.000114,-16.683798,nan
2024-06-13T14:03:41,83.000153,-16.684059,nan
2024-06-13T14:03:40,83.000183,-16.684320,nan
2024-06-13T14:03:40,83.000221,-16.684578,nan
2024-06-13T14:03:39,83.000259,-16.684834,nan
2024-06-13T14:03:39,83.000290,-16.685083,nan
2024-06-13T14:03:38,83.000328,-16.685333,nan
2024-06-13T14:03:38,83.000366,-16.685581,nan
2024-06-13T14:03:37,83.000397,-16.685831,nan
2024-06-13T14:03:37,83.000435,-16.686075,nan
2024-06-13T14:03:36,83.000473,-16.686321,nan
2024-06-13T14:03:36,83.000511,-16.686567,nan
2024-06-13T14:03:35,83.000542,-16.686821,nan
2024-06-13T14:03:35,83.000580,-16.687077,nan
2024-06-13T14:03:34,83.000610,-16.687332,nan
2024-06-13T14:03:34,83.000648,-16.687590,nan
2024-06-13T14:03:33,83.000687,-16.687845,nan
2024-06-13T14:03:33,83.000717,-16.688108,nan
2024-06-13T14:03:32,83.000755,-16.688372,nan
2024-06-13T14:03:32,83.000793,-16.688635,nan
2024-06-13T14:03:31,83.000824,-16.688898,nan
2024-06-13T14:03:31,83.000862,-16.689161,nan
2024-06-13T14:03:30,83.000900,-16.689428,nan
2024-06-13T14:03:30,83.000931,-16.689695,nan
2024-06-13T14:03:29,83.000969,-16.689960,nan
2024-06-13T14:03:29,83.001007,-16.690222,nan
2024-06-13T14:03:28,83.001038,-16.690483,nan
2024-06-13T14:03:28,83.001076,-16.690744,nan
2024-06-13T14:03:27,83.001114,-16.691010,nan
2024-06-13T14:03:27,83.001144,-16.691275,nan
2024-06-13T14:03:26,83.001183,-16.691540,nan
2024-06-13T14:03:26,83.001213,-16.691805,nan
2024-06-13T14:03:25,83.001251,-16.692068,nan
2024-06-13T14:03:25,83.001282,-16.692335,nan
2024-06-13T14:03:24,83.001320,-16.692604,nan
2024-06-13T14:03:24,83.001350,-16.692871,nan
2024-06-13T14:03:23,83.001389,-16.693136,nan
2024-06-13T14:03:23,83.001419,-16.693401,nan
2024-06-13T14:03:22,83.001450,-16.693668,nan
2024-06-13T14:03:22,83.001488,-16.693935,nan
2024-06-13T14:03:21,83.001518,-16.694201,nan
2024-06-13T14:03:21,83.001549,-16.694464,nan
2024-06-13T14:03:20,83.001579,-16.694723,nan
2024-06-13T14:03:20,83.001617,-16.694984,nan
2024-06-13T14:03:19,83.001648,-16.695248,nan
2024-06-13T14:03:19,83.001678,-16.695507,nan
2024-06-13T14:03:18,83.001717,-16.695766,nan
2024-06-13T14:03:18,83.001747,-16.696028,nan
2024-06-13T14:03:17,83.001778,-16.696289,nan
2024-06-13T14:03:17,83.001816,-16.696554,nan
2024-06-13T14:03:16,83.001846,-16.696817,nan
2024-06-13T14:03:16,83.001877,-16.697079,nan
2024-06-13T14:03:15,83.001915,-16.697336,nan
2024-06-13T14:03:15,83.001945,-16.697596,nan
2024-06-13T14:03:14,83.001984,-16.697859,nan
2024-06-13T14:03:14,83.002014,-16.698116,nan
2024-06-13T14:03:13,83.002052,-16.698372,nan
2024-06-13T14:03:13,83.002083,-16.698627,nan
2024-06-13T14:03:12,83.002121,-16.698883,nan
2024-06-13T14:03:12,83.002151,-16.699142,nan
2024-06-13T14:03:11,83.002190,-16.699400,nan
2024-06-13T14:03:11,83.002220,-16.699654,nan
2024-06-13T14:03:10,83.002258,-16.699907,nan
2024-06-13T14:03:10,83.002289,-16.700157,nan
2024-06-13T14:03:09,83.002327,-16.700409,nan
2024-06-13T14:03:09,83.002357,-16.700655,nan
2024-06-13T14:03:08,83.002396,-16.700899,nan
2024-06-13T14:03:08,83.002426,-16.701138,nan
2024-06-13T14:03:07,83.002464,-16.701378,nan
2024-06-13T14:03:07,83.002495,-16.701618,nan
2024-06-13T14:03:06,83.002525,-16.701860,nan
2024-06-13T14:03:06,83.002563,-16.702105,nan
2024-06-13T14:03:05,83.002594,-16.702347,nan
2024-06-13T14:03:05,83.002632,-16.702589,nan
2024-06-13T14:03:04,83.002663,-16.702833,nan
2024-06-13T14:03:04,83.002701,-16.703075,nan
2024-06-13T14:03:03,83.002731,-16.703316,nan
2024-06-13T14:03:03,83.002762,-16.703554,nan
2024-06-13T14:03:02,83.002800,-16.703793,nan
2024-06-13T14:03:02,83.002831,-16.704033,nan
2024-06-13T14:03:01,83.002861,-16.704273,nan
2024-06-13T14:03:01,83.002899,-16.704514,nan
2024-06-13T14:03:00,83.002930,-16.704752,nan
2024-06-13T14:03:00,83.002960,-16.704994,nan
2024-06-13T14:02:59,83.002991,-16.705238,nan
2024-06-13T14:02:59,83.003021,-16.705482,nan
2024-06-13T14:02:58,83.003059,-16.705723,nan
2024-06-13T14:02:58,83.003090,-16.705963,nan
2024-06-13T14:02:57,83.003120,-16.706205,nan
2024-06-13T14:02:57,83.003151,-16.706450,nan
2024-06-13T14:02:56,83.003189,-16.706696,nan
2024-06-13T14:02:56,83.003220,-16.706940,nan
2024-06-13T14:02:55,83.003250,-16.707184,nan
2024-06-13T14:02:55,83.003288,-16.707432,nan
2024-06-13T14:02:54,83.003319,-16.707682,nan
2024-06-13T14:02:54,83.003349,-16.707932,nan
2024-06-13T14:02:53,83.003387,-16.708181,nan
2024-06-13T14:02:53,83.003418,-16.708429,nan
2024-06-13T14:02:52,83.003448,-16.708679,nan
2024-06-13T14:02:52,83.003479,-16.708929,nan
2024-06-13T14:02:51,83.003517,-16.709179,nan
2024-06-13T14:02:51,83.003548,-16.709423,nan
2024-06-13T14:02:50,83.003578,-16.709667,nan
2024-06-13T14:02:50,83.003609,-16.709913,nan
2024-06-13T14:02:49,83.003639,-16.710159,nan
2024-06-13T14:02:49,83.003677,-16.710402,nan
2024-06-13T14:02:48,83.003708,-16.710642,nan
2024-06-13T14:02:48,83.003738,-16.710880,nan
2024-06-13T14:02:47,83.003769,-16.711123,nan
2024-06-13T14:02:47,83.003799,-16.711361,nan
2024-06-13T14:02:46,83.003830,-16.711594,nan
2024-06-13T14:02:46,83.003860,-16.711821,nan
2024-06-13T14:02:45,83.003891,-16.712048,nan
2024-06-13T14:02:45,83.003922,-16.712269,nan
2024-06-13T14:02:44,83.003952,-16.712486,nan
2024-06-13T14:02:44,83.003983,-16.712694,nan
2024-06-13T14:02:43,83.004013,-16.712898,nan
2024-06-13T14:02:43,83.004044,-16.713095,nan
2024-06-13T14:02:42,83.004074,-16.713289,nan
2024-06-13T14:02:42,83.004105,-16.713482,nan
2024-06-13T14:02:41,83.004135,-16.713669,nan
2024-06-13T14:02:41,83.004173,-16.713852,nan
2024-06-13T14:02:40,83.004204,-16.714035,nan
2024-06-13T14:02:40,83.004234,-16.714218,nan
2024-06-13T14:02:39,83.004265,-16.714405,nan
2024-06-13T14:02:39,83.004303,-16.714590,nan
2024-06-13T14:02:38,83.004333,-16.714775,nan
2024-06-13T14:02:38,83.004364,-16.714966,nan
2024-06-13T14:02:37,83.004395,-16.715158,nan
2024-06-13T14:02:37,83.004425,-16.715351,nan
2024-06-13T14:02:36,83.004463,-16.715546,nan
2024-06-13T14:02:36,83.004494,-16.715744,nan
2024-06-13T14:02:35,83.004524,-16.715946,nan
2024-06-13T14:02:35,83.004547,-16.716158,nan
2024-06-13T14:02:34,83.004578,-16.716368,nan
2024-06-13T14:02:34,83.004608,-16.716579,nan
2024-06-13T14:02:33,83.004639,-16.716791,nan
2024-06-13T14:02:33,83.004662,-16.717007,nan
2024-06-13T14:02:32,83.004692,-16.717218,nan
2024-06-13T14:02:32,83.004723,-16.717426,nan
2024-06-13T14:02:31,83.004745,-16.717625,nan
2024-06-13T14:02:31,83.004776,-16.717819,nan
2024-06-13T14:02:30,83.004807,-16.718014,nan
2024-06-13T14:02:30,83.004829,-16.718204,nan
2024-06-13T14:02:29,83.004860,-16.718390,nan
2024-06-13T14:02:29,83.004890,-16.718569,nan
2024-06-13T14:02:28,83.004921,-16.718744,nan
2024-06-13T14:02:28,83.004951,-16.718920,nan
2024-06-13T14:02:27,83.004982,-16.719091,nan
2024-06-13T14:02:27,83.005013,-16.719254,nan
2024-06-13T14:02:26,83.005043,-16.719414,nan
2024-06-13T14:02:26,83.005074,-16.719572,nan
2024-06-13T14:02:25,83.005112,-16.719732,nan
2024-06-13T14:02:25,83.005142,-16.719891,nan
2024-06-13T14:02:24,83.005173,-16.720049,nan
2024-06-13T14:02:24,83.005203,-16.720203,nan
2024-06-13T14:02:23,83.005234,-16.720360,nan
2024-06-13T14:02:23,83.005264,-16.720514,nan
2024-06-13T14:02:22,83.005295,-16.720665,nan
2024-06-13T14:02:22,83.005325,-16.720812,nan
2024-06-13T14:02:21,83.005356,-16.720959,nan
2024-06-13T14:02:21,83.005379,-16.721104,nan
2024-06-13T14:02:20,83.005409,-16.721247,nan
2024-06-13T14:02:20,83.005440,-16.721382,nan
2024-06-13T14:02:19,83.005470,-16.721518,nan
2024-06-13T14:02:19,83.005493,-16.721655,nan
2024-06-13T14:02:18,83.005524,-16.721792,nan
2024-06-13T14:02:18,83.005554,-16.721931,nan
2024-06-13T14:02:17,83.005585,-16.722069,nan
2024-06-13T14:02:17,83.005615,-16.722202,nan
2024-06-13T14:02:16,83.005646,-16.722336,nan
2024-06-13T14:02:16,83.005676,-16.722467,nan
2024-06-13T14:02:15,83.005707,-16.722597,nan
2024-06-13T14:02:15,83.005737,-16.722725,nan
2024-06-13T14:02:14,83.005768,-16.722853,nan
2024-06-13T14:02:14,83.005798,-16.722982,nan
2024-06-13T14:02:13,83.005829,-16.723114,nan
2024-06-13T14:02:13,83.005859,-16.723246,nan
2024-06-13T14:02:12,83.005890,-16.723377,nan
2024-06-13T14:02:12,83.005920,-16.723513,nan
2024-06-13T14:02:11,83.005959,-16.723648,nan
2024-06-13T14:02:11,83.005981,-16.723787,nan
2024-06-13T14:02:10,83.006020,-16.723923,nan
2024-06-13T14:02:10,83.006050,-16.724058,nan
2024-06-13T14:02:09,83.006081,-16.724199,nan
2024-06-13T14:02:09,83.006111,-16.724340,nan
2024-06-13T14:02:08,83.006142,-16.724480,nan
2024-06-13T14:02:08,83.006172,-16.724615,nan
2024-06-13T14:02:07,83.006210,-16.724754,nan
2024-06-13T14:02:07,83.006241,-16.724894,nan
2024-06-13T14:02:06,83.006271,-16.725029,nan
2024-06-13T14:02:06,83.006310,-16.725161,nan
2024-06-13T14:02:05,83.006340,-16.725290,nan
2024-06-13T14:02:05,83.006378,-16.725424,nan
2024-06-13T14:02:04,83.006409,-16.725557,nan
2024-06-13T14:02:04,83.006447,-16.725691,nan
2024-06-13T14:02:03,83.006477,-16.725819,nan
2024-06-13T14:02:03,83.006516,-16.725945,nan
2024-06-13T14:02:02,83.006546,-16.726068,nan
2024-06-13T14:02:02,83.006584,-16.726191,nan
2024-06-13T14:02:01,83.006615,-16.726309,nan
2024-06-13T14:02:01,83.006653,-16.726421,nan
2024-06-13T14:02:00,83.006683,-16.726530,nan
2024-06-13T14:02:00,83.006721,-16.726641,nan
2024-06-13T14:01:59,83.006752,-16.726744,nan
2024-06-13T14:01:59,83.006790,-16.726843,nan
2024-06-13T14:01:58,83.006828,-16.726942,nan
2024-06-13T14:01:58,83.006859,-16.727041,nan
2024-06-13T14:01:57,83.006897,-16.727142,nan
2024-06-13T14:01:57,83.006927,-16.727242,nan
2024-06-13T14:01:56,83.006966,-16.727341,nan
2024-06-13T14:01:56,83.007004,-16.727444,nan
2024-06-13T14:01:55,83.007042,-16.727547,nan
2024-06-13T14:01:55,83.007072,-16.727652,nan
2024-06-13T14:01:54,83.007111,-16.727753,nan
2024-06-13T14:01:54,83.007149,-16.727852,nan
2024-06-13T14:01:53,83.007187,-16.727951,nan
2024-06-13T14:01:53,83.007225,-16.728050,nan
2024-06-13T14:01:52,83.007263,-16.728148,nan
2024-06-13T14:01:52,83.007301,-16.728239,nan
2024-06-13T14:01:51,83.007339,-16.728329,nan
2024-06-13T14:01:51,83.007378,-16.728418,nan
2024-06-13T14:01:50,83.007416,-16.728512,nan
2024-06-13T14:01:50,83.007454,-16.728601,nan
2024-06-13T14:01:49,83.007492,-16.728693,nan
2024-06-13T14:01:49,83.007530,-16.728786,nan
2024-06-13T14:01:48,83.007568,-16.728884,nan
2024-06-13T14:01:48,83.007607,-16.728983,nan
2024-06-13T14:01:47,83.007645,-16.729086,nan
2024-06-13T14:01:47,83.007675,-16.729187,nan
2024-06-13T14:01:46,83.007713,-16.729288,nan
2024-06-13T14:01:46,83.007744,-16.729395,nan
2024-06-13T14:01:45,83.007782,-16.729500,nan
2024-06-13T14:01:45,83.007820,-16.729601,nan
2024-06-13T14:01:44,83.007851,-16.729700,nan
2024-06-13T14:01:44,83.007889,-16.729803,nan
2024-06-13T14:01:43,83.007927,-16.729908,nan
2024-06-13T14:01:43,83.007957,-16.730013,nan
2024-06-13T14:01:42,83.007996,-16.730114,nan
2024-06-13T14:01:42,83.008034,-16.730221,nan
2024-06-13T14:01:41,83.008072,-16.730324,nan
2024-06-13T14:01:41,83.008110,-16.730431,nan
2024-06-13T14:01:40,83.008141,-16.730537,nan
2024-06-13T14:01:40,83.008179,-16.730642,nan
2024-06-13T14:01:39,83.008217,-16.730753,nan
2024-06-13T14:01:39,83.008255,-16.730864,nan
2024-06-13T14:01:38,83.008293,-16.730974,nan
2024-06-13T14:01:38,83.008331,-16.731085,nan
2024-06-13T14:01:37,83.008362,-16.731195,nan
2024-06-13T14:01:37,83.008400,-16.731312,nan
2024-06-13T14:01:36,83.008438,-16.731430,nan
2024-06-13T14:01:36,83.008476,-16.731550,nan
2024-06-13T14:01:35,83.008514,-16.731668,nan
2024-06-13T14:01:35,83.008553,-16.731787,nan
2024-06-13T14:01:34,83.008591,-16.731911,nan
2024-06-13T14:01:34,83.008621,-16.732033,nan
2024-06-13T14:01:33,83.008659,-16.732153,nan
2024-06-13T14:01:33,83.008698,-16.732269,nan
2024-06-13T14:01:32,83.008736,-16.732386,nan
2024-06-13T14:01:32,83.008774,-16.732502,nan
2024-06-13T14:01:31,83.008812,-16.732615,nan
2024-06-13T14:01:31,83.008850,-16.732723,nan
2024-06-13T14:01:30,83.008888,-16.732834,nan
2024-06-13T14:01:30,83.008926,-16.732944,nan
2024-06-13T14:01:29,83.008957,-16.733053,nan
2024-06-13T14:01:29,83.008995,-16.733158,nan
2024-06-13T14:01:28,83.009033,-16.733265,nan
2024-06-13T14:01:28,83.009071,-16.733372,nan
2024-06-13T14:01:27,83.009109,-16.733480,nan
2024-06-13T14:01:27,83.009148,-16.733585,nan
2024-06-13T14:01:26,83.009186,-16.733692,nan
2024-06-13T14:01:26,83.009224,-16.733801,nan
2024-06-13T14:01:25,83.009262,-16.733912,nan
2024-06-13T14:01:25,83.009293,-16.734024,nan
2024-06-13T14:01:24,83.009331,-16.734135,nan
2024-06-13T14:01:24,83.009369,-16.734243,nan
2024-06-13T14:01:23,83.009407,-16.734356,nan
2024-06-13T14:01:23,83.009445,-16.734459,nan
2024-06-13T14:01:22,83.009491,-16.734560,nan
2024-06-13T14:01:22,83.009529,-16.734657,nan
2024-06-13T14:01:21,83.009567,-16.734755,nan
2024-06-13T14:01:21,83.009613,-16.734850,nan
2024-06-13T14:01:20,83.009651,-16.734947,nan
2024-06-13T14:01:20,83.009689,-16.735043,nan
2024-06-13T14:01:19,83.009727,-16.735140,nan
2024-06-13T14:01:19,83.009773,-16.735241,nan
2024-06-13T14:01:18,83.009811,-16.735342,nan
2024-06-13T14:01:18,83.009850,-16.735447,nan
2024-06-13T14:01:17,83.009888,-16.735552,nan
2024-06-13T14:01:17,83.009926,-16.735659,nan
2024-06-13T14:01:16,83.009964,-16.735767,nan
2024-06-13T14:01:16,83.010010,-16.735876,nan
2024-06-13T14:01:15,83.010048,-16.735985,nan
2024-06-13T14:01:15,83.010086,-16.736097,nan
2024-06-13T14:01:14,83.010124,-16.736214,nan
2024-06-13T14:01:14,83.010162,-16.736328,nan
2024-06-13T14:01:13,83.010201,-16.736443,nan
2024-06-13T14:01:13,83.010239,-16.736561,nan
2024-06-13T14:01:12,83.010277,-16.736683,nan
2024-06-13T14:01:12,83.010315,-16.736801,nan
2024-06-13T14:01:11,83.010353,-16.736921,nan
2024-06-13T14:01:11,83.010391,-16.737043,nan
2024-06-13T14:01:10,83.010429,-16.737167,nan
2024-06-13T14:01:10,83.010468,-16.737293,nan
2024-06-13T14:01:09,83.010506,-16.737419,nan
2024-06-13T14:01:09,83.010536,-16.737545,nan
2024-06-13T14:01:08,83.010574,-16.737673,nan
2024-06-13T14:01:08,83.010612,-16.737803,nan
2024-06-13T14:01:07,83.010651,-16.737928,nan
2024-06-13T14:01:07,83.010689,-16.738054,nan
2024-06-13T14:01:06,83.010719,-16.738188,nan
2024-06-13T14:01:05,83.010796,-16.738457,nan
2024-06-13T14:01:05,83.010826,-16.738594,nan
2024-06-13T14:01:04,83.010864,-16.738733,nan
2024-06-13T14:01:04,83.010902,-16.738880,nan
2024-06-13T14:01:03,83.010941,-16.739023,nan
2024-06-13T14:01:03,83.010979,-16.739166,nan
2024-06-13T14:01:02,83.011009,-16.739313,nan
2024-06-13T14:01:02,83.011047,-16.739462,nan
2024-06-13T14:01:01,83.011086,-16.739611,nan
2024-06-13T14:01:01,83.011124,-16.739759,nan
2024-06-13T14:01:00,83.011162,-16.739908,nan
2024-06-13T14:00:59,83.011230,-16.740215,nan
2024-06-13T14:00:59,83.011269,-16.740362,nan
2024-06-13T14:00:58,83.011299,-16.740511,nan
2024-06-13T14:00:58,83.011337,-16.740660,nan
2024-06-13T14:00:57,83.011368,-16.740808,nan
2024-06-13T14:00:57,83.011406,-16.740955,nan
2024-06-13T14:00:56,83.011436,-16.741098,nan
2024-06-13T14:00:56,83.011475,-16.741243,nan
2024-06-13T14:00:55,83.011505,-16.741390,nan
2024-06-13T14:00:55,83.011543,-16.741531,nan
2024-06-13T14:00:54,83.011574,-16.741673,nan
2024-06-13T14:00:54,83.011612,-16.741814,nan
2024-06-13T14:00:53,83.011642,-16.741955,nan
2024-06-13T14:00:53,83.011681,-16.742098,nan
2024-06-13T14:00:52,83.011711,-16.742241,nan
2024-06-13T14:00:52,83.011749,-16.742382,nan
2024-06-13T14:00:51,83.011780,-16.742525,nan
2024-06-13T14:00:51,83.011818,-16.742674,nan
2024-06-13T14:00:50,83.011848,-16.742815,nan
2024-06-13T14:00:50,83.011887,-16.742952,nan
2024-06-13T14:00:49,83.011917,-16.743093,nan
2024-06-13T14:00:49,83.011948,-16.743237,nan
2024-06-13T14:00:48,83.011986,-16.743380,nan
2024-06-13T14:00:48,83.012016,-16.743523,nan
2024-06-13T14:00:47,83.012047,-16.743666,nan
2024-06-13T14:00:47,83.012077,-16.743814,nan
2024-06-13T14:00:46,83.012146,-16.744108,nan
2024-06-13T14:00:45,83.012177,-16.744263,nan
2024-06-13T14:00:45,83.012215,-16.744415,nan
2024-06-13T14:00:44,83.012245,-16.744570,nan
2024-06-13T14:00:44,83.012276,-16.744720,nan
2024-06-13T14:00:43,83.012314,-16.744873,nan
2024-06-13T14:00:43,83.012344,-16.745026,nan
2024-06-13T14:00:42,83.012375,-16.745176,nan
2024-06-13T14:00:40,83.012512,-16.745792,nan
2024-06-13T14:00:40,83.012550,-16.745947,nan
2024-06-13T14:00:39,83.012589,-16.746103,nan
2024-06-13T14:00:39,83.012619,-16.746260,nan
2024-06-13T14:00:38,83.012657,-16.746414,nan
2024-06-13T14:00:38,83.012688,-16.746569,nan
2024-06-13T14:00:37,83.012726,-16.746725,nan
2024-06-13T14:00:37,83.012756,-16.746883,nan
2024-06-13T14:00:36,83.012794,-16.747040,nan
2024-06-13T14:00:36,83.012833,-16.747192,nan
2024-06-13T14:00:35,83.012863,-16.747347,nan
2024-06-13T14:00:35,83.012901,-16.747501,nan
2024-06-13T14:00:34,83.012932,-16.747652,nan
2024-06-13T14:00:34,83.012970,-16.747803,nan
2024-06-13T14:00:33,83.013000,-16.747957,nan
2024-06-13T14:00:33,83.013039,-16.748110,nan
2024-06-13T14:00:32,83.013077,-16.748259,nan
2024-06-13T14:00:32,83.013107,-16.748407,nan
2024-06-13T14:00:31,83.013145,-16.748562,nan
2024-06-13T14:00:31,83.013184,-16.748714,nan
2024-06-13T14:00:30,83.013214,-16.748863,nan
2024-06-13T14:00:30,83.013252,-16.749014,nan
2024-06-13T14:00:29,83.013290,-16.749166,nan
2024-06-13T14:00:29,83.013321,-16.749319,nan
2024-06-13T14:00:28,83.013359,-16.749472,nan
2024-06-13T14:00:28,83.013397,-16.749624,nan
2024-06-13T14:00:27,83.013428,-16.749779,nan
2024-06-13T14:00:27,83.013466,-16.749933,nan
2024-06-13T14:00:26,83.013504,-16.750090,nan
2024-06-13T14:00:26,83.013535,-16.750242,nan
2024-06-13T14:00:25,83.013573,-16.750399,nan
2024-06-13T14:00:25,83.013611,-16.750557,nan
2024-06-13T14:00:24,83.013641,-16.750713,nan
2024-06-13T14:00:24,83.013680,-16.750870,nan
2024-06-13T14:00:23,83.013710,-16.751026,nan
2024-06-13T14:00:22,83.013817,-16.751505,nan
2024-06-13T14:00:21,83.013855,-16.751661,nan
2024-06-13T14:00:21,83.013885,-16.751822,nan
2024-06-13T14:00:20,83.013924,-16.751978,nan
2024-06-13T14:00:20,83.013954,-16.752127,nan
2024-06-13T14:00:19,83.013992,-16.752279,nan
2024-06-13T14:00:19,83.014023,-16.752428,nan
2024-06-13T14:00:18,83.014061,-16.752579,nan
2024-06-13T14:00:18,83.014091,-16.752726,nan
2024-06-13T14:00:17,83.014130,-16.752869,nan
2024-06-13T14:00:17,83.014160,-16.753012,nan
2024-06-13T14:00:16,83.014198,-16.753157,nan
2024-06-13T14:00:15,83.014297,-16.753586,nan
2024-06-13T14:00:14,83.014328,-16.753727,nan
2024-06-13T14:00:14,83.014366,-16.753866,nan
2024-06-13T14:00:13,83.014397,-16.754005,nan
2024-06-13T14:00:13,83.014435,-16.754141,nan
2024-06-13T14:00:12,83.014465,-16.754278,nan
2024-06-13T14:00:12,83.014503,-16.754414,nan
2024-06-13T14:00:11,83.014534,-16.754543,nan
2024-06-13T14:00:11,83.014572,-16.754673,nan
2024-06-13T14:00:10,83.014610,-16.754803,nan
2024-06-13T14:00:10,83.014641,-16.754927,nan
2024-06-13T14:00:09,83.014709,-16.755157,nan
2024-06-13T14:00:08,83.014748,-16.755272,nan
2024-06-13T14:00:07,83.014816,-16.755491,nan
2024-06-13T14:00:07,83.014854,-16.755598,nan
2024-06-13T14:00:06,83.014885,-16.755707,nan
2024-06-13T14:00:05,83.014954,-16.755920,nan
2024-06-13T14:00:05,83.014992,-16.756023,nan
2024-06-13T14:00:04,83.015068,-16.756243,nan
2024-06-13T14:00:03,83.015099,-16.756353,nan
2024-06-13T14:00:03,83.015137,-16.756462,nan
2024-06-13T14:00:02,83.015213,-16.756689,nan
2024-06-13T14:00:01,83.015251,-16.756802,nan
2024-06-13T14:00:01,83.015289,-16.756912,nan
2024-06-13T14:00:00,83.015358,-16.757133,nan
2024-06-13T13:59:59,83.015396,-16.757240,nan
2024-06-13T13:59:59,83.015427,-16.757345,nan
2024-06-13T13:59:58,83.015465,-16.757458,nan
2024-06-13T13:59:58,83.015495,-16.757570,nan
2024-06-13T13:59:56,83.015594,-16.757917,nan
2024-06-13T13:59:56,83.015633,-16.758038,nan
2024-06-13T13:59:55,83.015694,-16.758274,nan
2024-06-13T13:59:54,83.015762,-16.758518,nan
2024-06-13T13:59:53,83.015800,-16.758642,nan
2024-06-13T13:59:52,83.015869,-16.758888,nan
2024-06-13T13:59:51,83.015938,-16.759138,nan
2024-06-13T13:59:51,83.015968,-16.759262,nan
2024-06-13T13:59:50,83.016006,-16.759388,nan
2024-06-13T13:59:49,83.016113,-16.759756,nan
2024-06-13T13:59:48,83.016151,-16.759884,nan
2024-06-13T13:59:48,83.016182,-16.760008,nan
2024-06-13T13:59:47,83.016258,-16.760256,nan
2024-06-13T13:59:46,83.016296,-16.760382,nan
2024-06-13T13:59:46,83.016335,-16.760506,nan
2024-06-13T13:59:44,83.016449,-16.760868,nan
2024-06-13T13:59:41,83.016678,-16.761608,nan
2024-06-13T13:59:39,83.016869,-16.762264,nan
2024-06-13T13:59:37,83.017029,-16.762802,nan
2024-06-13T13:59:35,83.017143,-16.763203,nan
2024-06-13T13:59:34,83.017227,-16.763445,nan
2024-06-13T13:59:34,83.017265,-16.763569,nan
2024-06-13T13:59:32,83.017387,-16.763927,nan
2024-06-13T13:59:31,83.017502,-16.764278,nan
2024-06-13T13:59:30,83.017540,-16.764397,nan
2024-06-13T13:59:29,83.017662,-16.764744,nan
2024-06-13T13:59:27,83.017784,-16.765095,nan
2024-06-13T13:59:27,83.017822,-16.765213,nan
2024-06-13T13:59:26,83.017860,-16.765331,nan
2024-06-13T13:59:26,83.017899,-16.765446,nan
2024-06-13T13:59:25,83.017982,-16.765676,nan
2024-06-13T13:59:24,83.018021,-16.765791,nan
2024-06-13T13:59:24,83.018059,-16.765905,nan
2024-06-13T13:59:23,83.018097,-16.766018,nan
2024-06-13T13:59:23,83.018143,-16.766130,nan
2024-06-13T13:59:22,83.018181,-16.766247,nan
2024-06-13T13:59:21,83.018257,-16.766474,nan
2024-06-13T13:59:21,83.018295,-16.766592,nan
2024-06-13T13:59:20,83.018341,-16.766712,nan
2024-06-13T13:59:20,83.018379,-16.766836,nan
2024-06-13T13:59:19,83.018417,-16.766962,nan
2024-06-13T13:59:19,83.018463,-16.767092,nan
2024-06-13T13:59:18,83.018501,-16.767225,nan
2024-06-13T13:59:18,83.018539,-16.767361,nan
2024-06-13T13:59:17,83.018578,-16.767502,nan
2024-06-13T13:59:17,83.018616,-16.767647,nan
2024-06-13T13:59:16,83.018654,-16.767794,nan
2024-06-13T13:59:16,83.018700,-16.767939,nan
2024-06-13T13:59:15,83.018738,-16.768087,nan
2024-06-13T13:59:15,83.018776,-16.768240,nan
2024-06-13T13:59:14,83.018814,-16.768391,nan
2024-06-13T13:59:14,83.018852,-16.768539,nan
2024-06-13T13:59:13,83.018890,-16.768692,nan
2024-06-13T13:59:13,83.018936,-16.768843,nan
2024-06-13T13:59:12,83.018974,-16.768991,nan
2024-06-13T13:59:12,83.019012,-16.769142,nan
2024-06-13T13:59:11,83.019051,-16.769297,nan
2024-06-13T13:59:11,83.019096,-16.769447,nan
2024-06-13T13:59:10,83.019135,-16.769596,nan
2024-06-13T13:59:10,83.019173,-16.769745,nan
2024-06-13T13:59:09,83.019211,-16.769892,nan
2024-06-13T13:59:09,83.019249,-16.770041,nan
2024-06-13T13:59:08,83.019295,-16.770187,nan
2024-06-13T13:59:08,83.019333,-16.770332,nan
2024-06-13T13:59:07,83.019371,-16.770479,nan
2024-06-13T13:59:07,83.019409,-16.770626,nan
2024-06-13T13:59:06,83.019455,-16.770769,nan
2024-06-13T13:59:06,83.019493,-16.770912,nan
2024-06-13T13:59:05,83.019531,-16.771059,nan
2024-06-13T13:59:05,83.019577,-16.771206,nan
2024-06-13T13:59:04,83.019615,-16.771349,nan
2024-06-13T13:59:04,83.019661,-16.771494,nan
2024-06-13T13:59:03,83.019699,-16.771641,nan
2024-06-13T13:59:03,83.019745,-16.771786,nan
2024-06-13T13:59:02,83.019783,-16.771931,nan
2024-06-13T13:59:02,83.019829,-16.772078,nan
2024-06-13T13:59:01,83.019867,-16.772228,nan
2024-06-13T13:59:01,83.019905,-16.772375,nan
2024-06-13T13:59:00,83.019951,-16.772524,nan
2024-06-13T13:59:00,83.019989,-16.772676,nan
2024-06-13T13:58:59,83.020027,-16.772829,nan
2024-06-13T13:58:59,83.020073,-16.772982,nan
2024-06-13T13:58:58,83.020111,-16.773136,nan
2024-06-13T13:58:58,83.020149,-16.773291,nan
2024-06-13T13:58:57,83.020195,-16.773449,nan
2024-06-13T13:58:57,83.020233,-16.773602,nan
2024-06-13T13:58:56,83.020271,-16.773758,nan
2024-06-13T13:58:56,83.020317,-16.773914,nan
2024-06-13T13:58:55,83.020355,-16.774071,nan
2024-06-13T13:58:55,83.020393,-16.774225,nan
2024-06-13T13:58:54,83.020439,-16.774378,nan
2024-06-13T13:58:54,83.020477,-16.774529,nan
2024-06-13T13:58:53,83.020523,-16.774677,nan
2024-06-13T13:58:53,83.020561,-16.774820,nan
2024-06-13T13:58:52,83.020599,-16.774965,nan
2024-06-13T13:58:52,83.020638,-16.775108,nan
2024-06-13T13:58:51,83.020683,-16.775249,nan
2024-06-13T13:58:51,83.020721,-16.775387,nan
2024-06-13T13:58:50,83.020760,-16.775522,nan
2024-06-13T13:58:50,83.020805,-16.775658,nan
2024-06-13T13:58:49,83.020844,-16.775787,nan
2024-06-13T13:58:49,83.020889,-16.775913,nan
2024-06-13T13:58:48,83.020927,-16.776039,nan
2024-06-13T13:58:48,83.020966,-16.776165,nan
2024-06-13T13:58:47,83.021011,-16.776287,nan
2024-06-13T13:58:47,83.021049,-16.776409,nan
2024-06-13T13:58:46,83.021088,-16.776533,nan
2024-06-13T13:58:46,83.021126,-16.776657,nan
2024-06-13T13:58:45,83.021172,-16.776781,nan
2024-06-13T13:58:45,83.021210,-16.776909,nan
2024-06-13T13:58:44,83.021248,-16.777035,nan
2024-06-13T13:58:44,83.021286,-16.777159,nan
2024-06-13T13:58:43,83.021324,-16.777290,nan
2024-06-13T13:58:43,83.021362,-16.777424,nan
2024-06-13T13:58:42,83.021400,-16.777557,nan
2024-06-13T13:58:42,83.021439,-16.777687,nan
2024-06-13T13:58:41,83.021477,-16.777817,nan
2024-06-13T13:58:41,83.021515,-16.777948,nan
2024-06-13T13:58:40,83.021561,-16.778078,nan
2024-06-13T13:58:40,83.021599,-16.778206,nan
2024-06-13T13:58:39,83.021637,-16.778334,nan
2024-06-13T13:58:39,83.021675,-16.778463,nan
2024-06-13T13:58:38,83.021713,-16.778595,nan
2024-06-13T13:58:38,83.021751,-16.778721,nan
2024-06-13T13:58:37,83.021790,-16.778851,nan
2024-06-13T13:58:37,83.021828,-16.778982,nan
2024-06-13T13:58:36,83.021866,-16.779110,nan
2024-06-13T13:58:36,83.021904,-16.779238,nan
2024-06-13T13:58:35,83.021942,-16.779367,nan
2024-06-13T13:58:35,83.021980,-16.779499,nan
2024-06-13T13:58:34,83.022018,-16.779629,nan
2024-06-13T13:58:34,83.022049,-16.779760,nan
2024-06-13T13:58:33,83.022087,-16.779894,nan
2024-06-13T13:58:33,83.022125,-16.780025,nan
2024-06-13T13:58:32,83.022163,-16.780155,nan
2024-06-13T13:58:32,83.022194,-16.780285,nan
2024-06-13T13:58:31,83.022232,-16.780415,nan
2024-06-13T13:58:31,83.022270,-16.780542,nan
2024-06-13T13:58:30,83.022301,-16.780666,nan
2024-06-13T13:58:30,83.022339,-16.780792,nan
2024-06-13T13:58:29,83.022377,-16.780914,nan
2024-06-13T13:58:29,83.022408,-16.781033,nan
2024-06-13T13:58:28,83.022446,-16.781153,nan
2024-06-13T13:58:28,83.022484,-16.781271,nan
2024-06-13T13:58:27,83.022514,-16.781387,nan
2024-06-13T13:58:27,83.022552,-16.781504,nan
2024-06-13T13:58:26,83.022591,-16.781624,nan
2024-06-13T13:58:26,83.022629,-16.781742,nan
2024-06-13T13:58:25,83.022659,-16.781860,nan
2024-06-13T13:58:25,83.022697,-16.781979,nan
2024-06-13T13:58:24,83.022736,-16.782101,nan
2024-06-13T13:58:24,83.022774,-16.782221,nan
2024-06-13T13:58:23,83.022804,-16.782343,nan
2024-06-13T13:58:23,83.022842,-16.782465,nan
2024-06-13T13:58:22,83.022881,-16.782589,nan
2024-06-13T13:58:22,83.022919,-16.782715,nan
2024-06-13T13:58:21,83.022957,-16.782837,nan
2024-06-13T13:58:21,83.022995,-16.782961,nan
2024-06-13T13:58:20,83.023033,-16.783085,nan
2024-06-13T13:58:20,83.023071,-16.783209,nan
2024-06-13T13:58:19,83.023109,-16.783329,nan
2024-06-13T13:58:19,83.023148,-16.783451,nan
2024-06-13T13:58:18,83.023186,-16.783575,nan
2024-06-13T13:58:18,83.023216,-16.783697,nan
2024-06-13T13:58:17,83.023262,-16.783819,nan
2024-06-13T13:58:17,83.023300,-16.783943,nan
2024-06-13T13:58:16,83.023338,-16.784065,nan
2024-06-13T13:58:16,83.023376,-16.784185,nan
2024-06-13T13:58:15,83.023415,-16.784307,nan
2024-06-13T13:58:15,83.023453,-16.784430,nan
2024-06-13T13:58:14,83.023491,-16.784552,nan
2024-06-13T13:58:14,83.023537,-16.784672,nan
2024-06-13T13:58:13,83.023575,-16.784796,nan
2024-06-13T13:58:13,83.023613,-16.784920,nan
2024-06-13T13:58:12,83.023651,-16.785042,nan
2024-06-13T13:58:12,83.023689,-16.785158,nan
2024-06-13T13:58:11,83.023727,-16.785278,nan
2024-06-13T13:58:11,83.023766,-16.785397,nan
2024-06-13T13:58:10,83.023804,-16.785509,nan
2024-06-13T13:58:10,83.023842,-16.785624,nan
2024-06-13T13:58:09,83.023888,-16.785740,nan
2024-06-13T13:58:09,83.023926,-16.785851,nan
2024-06-13T13:58:08,83.023964,-16.785961,nan
2024-06-13T13:58:08,83.024002,-16.786074,nan
2024-06-13T13:58:07,83.024040,-16.786188,nan
2024-06-13T13:58:07,83.024078,-16.786301,nan
2024-06-13T13:58:06,83.024124,-16.786409,nan
2024-06-13T13:58:06,83.024162,-16.786522,nan
2024-06-13T13:58:05,83.024200,-16.786634,nan
2024-06-13T13:58:05,83.024239,-16.786749,nan
2024-06-13T13:58:04,83.024284,-16.786865,nan
2024-06-13T13:58:04,83.024323,-16.786983,nan
2024-06-13T13:58:03,83.024361,-16.787102,nan
2024-06-13T13:58:03,83.024399,-16.787220,nan
2024-06-13T13:58:02,83.024437,-16.787336,nan
2024-06-13T13:58:02,83.024483,-16.787458,nan
2024-06-13T13:58:01,83.024513,-16.787579,nan
2024-06-13T13:58:01,83.024559,-16.787701,nan
2024-06-13T13:58:00,83.024597,-16.787825,nan
2024-06-13T13:58:00,83.024635,-16.787949,nan
2024-06-13T13:57:59,83.024673,-16.788071,nan
2024-06-13T13:57:59,83.024712,-16.788193,nan
2024-06-13T13:57:58,83.024750,-16.788321,nan
2024-06-13T13:57:58,83.024796,-16.788446,nan
2024-06-13T13:57:57,83.024834,-16.788570,nan
2024-06-13T13:57:57,83.024872,-16.788698,nan
2024-06-13T13:57:56,83.024910,-16.788830,nan
2024-06-13T13:57:56,83.024948,-16.788960,nan
2024-06-13T13:57:55,83.024986,-16.789087,nan
2024-06-13T13:57:55,83.025024,-16.789221,nan
2024-06-13T13:57:54,83.025063,-16.789354,nan
2024-06-13T13:57:54,83.025108,-16.789488,nan
2024-06-13T13:57:53,83.025146,-16.789621,nan
2024-06-13T13:57:53,83.025185,-16.789759,nan
2024-06-13T13:57:52,83.025223,-16.789900,nan
2024-06-13T13:57:52,83.025261,-16.790037,nan
2024-06-13T13:57:51,83.025299,-16.790178,nan
2024-06-13T13:57:51,83.025337,-16.790325,nan
2024-06-13T13:57:50,83.025375,-16.790474,nan
2024-06-13T13:57:50,83.025414,-16.790627,nan
2024-06-13T13:57:49,83.025452,-16.790785,nan
2024-06-13T13:57:49,83.025497,-16.790949,nan
2024-06-13T13:57:48,83.025536,-16.791111,nan
2024-06-13T13:57:48,83.025574,-16.791277,nan
2024-06-13T13:57:47,83.025620,-16.791447,nan
2024-06-13T13:57:47,83.025658,-16.791618,nan
2024-06-13T13:57:46,83.025703,-16.791794,nan
2024-06-13T13:57:46,83.025742,-16.791975,nan
2024-06-13T13:57:45,83.025787,-16.792160,nan
2024-06-13T13:57:45,83.025826,-16.792345,nan
2024-06-13T13:57:44,83.025871,-16.792534,nan
2024-06-13T13:57:44,83.025909,-16.792723,nan
2024-06-13T13:57:43,83.025955,-16.792910,nan
2024-06-13T13:57:43,83.025993,-16.793098,nan
2024-06-13T13:57:42,83.026039,-16.793289,nan
2024-06-13T13:57:42,83.026077,-16.793480,nan
2024-06-13T13:57:41,83.026115,-16.793669,nan
2024-06-13T13:57:41,83.026161,-16.793859,nan
2024-06-13T13:57:40,83.026199,-16.794050,nan
2024-06-13T13:57:40,83.026237,-16.794239,nan
2024-06-13T13:57:39,83.026283,-16.794428,nan
2024-06-13T13:57:39,83.026321,-16.794615,nan
2024-06-13T13:57:38,83.026367,-16.794800,nan
2024-06-13T13:57:38,83.026405,-16.794979,nan
2024-06-13T13:57:37,83.026443,-16.795158,nan
2024-06-13T13:57:37,83.026489,-16.795336,nan
2024-06-13T13:57:36,83.026527,-16.795507,nan
2024-06-13T13:57:36,83.026573,-16.795677,nan
2024-06-13T13:57:35,83.026611,-16.795847,nan
2024-06-13T13:57:35,83.026649,-16.796013,nan
2024-06-13T13:57:34,83.026695,-16.796179,nan
2024-06-13T13:57:34,83.026733,-16.796341,nan
2024-06-13T13:57:33,83.026779,-16.796503,nan
2024-06-13T13:57:33,83.026825,-16.796659,nan
2024-06-13T13:57:32,83.026863,-16.796812,nan
2024-06-13T13:57:32,83.026909,-16.796967,nan
2024-06-13T13:57:31,83.026947,-16.797117,nan
2024-06-13T13:57:31,83.026993,-16.797264,nan
2024-06-13T13:57:30,83.027039,-16.797413,nan
2024-06-13T13:57:30,83.027077,-16.797560,nan
2024-06-13T13:57:29,83.027122,-16.797705,nan
2024-06-13T13:57:29,83.027161,-16.797852,nan
2024-06-13T13:57:28,83.027206,-16.797998,nan
2024-06-13T13:57:28,83.027252,-16.798147,nan
2024-06-13T13:57:27,83.027290,-16.798298,nan
2024-06-13T13:57:27,83.027328,-16.798450,nan
2024-06-13T13:57:26,83.027374,-16.798605,nan
2024-06-13T13:57:26,83.027412,-16.798765,nan
2024-06-13T13:57:25,83.027458,-16.798935,nan
2024-06-13T13:57:25,83.027496,-16.799105,nan
2024-06-13T13:57:24,83.027542,-16.799274,nan
2024-06-13T13:57:24,83.027580,-16.799448,nan
2024-06-13T13:57:23,83.027618,-16.799622,nan
2024-06-13T13:57:23,83.027664,-16.799793,nan
2024-06-13T13:57:22,83.027702,-16.799967,nan
2024-06-13T13:57:22,83.027748,-16.800142,nan
2024-06-13T13:57:21,83.027786,-16.800312,nan
2024-06-13T13:57:21,83.027832,-16.800486,nan
2024-06-13T13:57:20,83.027870,-16.800659,nan
2024-06-13T13:57:20,83.027916,-16.800838,nan
2024-06-13T13:57:19,83.027954,-16.801018,nan
2024-06-13T13:57:19,83.028000,-16.801199,nan
2024-06-13T13:57:18,83.028038,-16.801386,nan
2024-06-13T13:57:18,83.028084,-16.801575,nan
2024-06-13T13:57:17,83.028122,-16.801767,nan
2024-06-13T13:57:17,83.028168,-16.801962,nan
2024-06-13T13:57:16,83.028206,-16.802158,nan
2024-06-13T13:57:16,83.028252,-16.802355,nan
2024-06-13T13:57:15,83.028290,-16.802546,nan
2024-06-13T13:57:15,83.028336,-16.802738,nan
2024-06-13T13:57:14,83.028374,-16.802929,nan
2024-06-13T13:57:14,83.028419,-16.803110,nan
2024-06-13T13:57:13,83.028458,-16.803291,nan
2024-06-13T13:57:13,83.028496,-16.803467,nan
2024-06-13T13:57:12,83.028542,-16.803638,nan
2024-06-13T13:57:12,83.028580,-16.803804,nan
2024-06-13T13:57:11,83.028618,-16.803967,nan
2024-06-13T13:57:11,83.028656,-16.804129,nan
2024-06-13T13:57:10,83.028694,-16.804291,nan
2024-06-13T13:57:10,83.028732,-16.804453,nan
2024-06-13T13:57:09,83.028770,-16.804613,nan
2024-06-13T13:57:09,83.028816,-16.804777,nan
2024-06-13T13:57:08,83.028854,-16.804943,nan
2024-06-13T13:57:08,83.028893,-16.805111,nan
2024-06-13T13:57:07,83.028931,-16.805279,nan
2024-06-13T13:57:07,83.028969,-16.805445,nan
2024-06-13T13:57:06,83.029007,-16.805614,nan
2024-06-13T13:57:06,83.029045,-16.805782,nan
2024-06-13T13:57:05,83.029091,-16.805952,nan
2024-06-13T13:57:05,83.029129,-16.806124,nan
2024-06-13T13:57:04,83.029167,-16.806299,nan
2024-06-13T13:57:04,83.029205,-16.806475,nan
2024-06-13T13:57:03,83.029243,-16.806650,nan
2024-06-13T13:57:03,83.029289,-16.806826,nan
2024-06-13T13:57:02,83.029327,-16.806995,nan
2024-06-13T13:57:02,83.029366,-16.807163,nan
2024-06-13T13:57:01,83.029404,-16.807335,nan
2024-06-13T13:57:01,83.029442,-16.807501,nan
2024-06-13T13:57:00,83.029480,-16.807665,nan
2024-06-13T13:57:00,83.029510,-16.807833,nan
2024-06-13T13:56:59,83.029549,-16.808001,nan
2024-06-13T13:56:59,83.029587,-16.808163,nan
2024-06-13T13:56:58,83.029625,-16.808325,nan
2024-06-13T13:56:58,83.029655,-16.808485,nan
2024-06-13T13:56:57,83.029694,-16.808640,nan
2024-06-13T13:56:57,83.029732,-16.808790,nan
2024-06-13T13:56:56,83.029762,-16.808943,nan
2024-06-13T13:56:56,83.029800,-16.809092,nan
2024-06-13T13:56:55,83.029831,-16.809238,nan
2024-06-13T13:56:55,83.029861,-16.809387,nan
2024-06-13T13:56:54,83.029900,-16.809538,nan
2024-06-13T13:56:54,83.029930,-16.809685,nan
2024-06-13T13:56:53,83.029968,-16.809837,nan
2024-06-13T13:56:53,83.029999,-16.809990,nan
2024-06-13T13:56:52,83.030029,-16.810139,nan
2024-06-13T13:56:52,83.030060,-16.810287,nan
2024-06-13T13:56:51,83.030098,-16.810436,nan
2024-06-13T13:56:51,83.030128,-16.810583,nan
2024-06-13T13:56:50,83.030159,-16.810732,nan
2024-06-13T13:56:50,83.030190,-16.810883,nan
2024-06-13T13:56:49,83.030228,-16.811033,nan
2024-06-13T13:56:49,83.030258,-16.811184,nan
2024-06-13T13:56:48,83.030289,-16.811337,nan
2024-06-13T13:56:48,83.030319,-16.811489,nan
2024-06-13T13:56:47,83.030357,-16.811642,nan
2024-06-13T13:56:47,83.030388,-16.811798,nan
2024-06-13T13:56:46,83.030418,-16.811960,nan
2024-06-13T13:56:46,83.030457,-16.812122,nan
2024-06-13T13:56:45,83.030487,-16.812288,nan
2024-06-13T13:56:45,83.030518,-16.812456,nan
2024-06-13T13:56:44,83.030556,-16.812626,nan
2024-06-13T13:56:44,83.030586,-16.812799,nan
2024-06-13T13:56:43,83.030624,-16.812981,nan
2024-06-13T13:56:43,83.030655,-16.813162,nan
2024-06-13T13:56:42,83.030693,-16.813347,nan
2024-06-13T13:56:42,83.030731,-16.813536,nan
2024-06-13T13:56:41,83.030762,-16.813730,nan
2024-06-13T13:56:41,83.030800,-16.813929,nan
2024-06-13T13:56:40,83.030838,-16.814129,nan
2024-06-13T13:56:40,83.030876,-16.814337,nan
2024-06-13T13:56:39,83.030907,-16.814548,nan
2024-06-13T13:56:39,83.030945,-16.814766,nan
2024-06-13T13:56:38,83.030983,-16.814989,nan
2024-06-13T13:56:38,83.031021,-16.815226,nan
2024-06-13T13:56:37,83.031059,-16.815468,nan
2024-06-13T13:56:37,83.031097,-16.815716,nan
2024-06-13T13:56:36,83.031136,-16.815968,nan
2024-06-13T13:56:36,83.031174,-16.816227,nan
2024-06-13T13:56:35,83.031212,-16.816496,nan
2024-06-13T13:56:35,83.031250,-16.816778,nan
2024-06-13T13:56:34,83.031296,-16.817076,nan
2024-06-13T13:56:34,83.031334,-16.817381,nan
2024-06-13T13:56:33,83.031372,-16.817694,nan
2024-06-13T13:56:33,83.031418,-16.818012,nan
2024-06-13T13:56:32,83.031456,-16.818335,nan
2024-06-13T13:56:32,83.031502,-16.818661,nan
2024-06-13T13:56:31,83.031548,-16.818991,nan
2024-06-13T13:56:31,83.031586,-16.819324,nan
2024-06-13T13:56:30,83.031631,-16.819660,nan
2024-06-13T13:56:30,83.031677,-16.820002,nan
2024-06-13T13:56:29,83.031723,-16.820343,nan
2024-06-13T13:56:29,83.031769,-16.820684,nan
2024-06-13T13:56:28,83.031815,-16.821032,nan
2024-06-13T13:56:28,83.031860,-16.821377,nan
2024-06-13T13:56:27,83.031906,-16.821724,nan
2024-06-13T13:56:27,83.031960,-16.822075,nan
2024-06-13T13:56:26,83.032005,-16.822426,nan
2024-06-13T13:56:26,83.032059,-16.822779,nan
2024-06-13T13:56:25,83.032104,-16.823137,nan
2024-06-13T13:56:25,83.032158,-16.823500,nan
2024-06-13T13:56:24,83.032204,-16.823860,nan
2024-06-13T13:56:24,83.032257,-16.824224,nan
2024-06-13T13:56:23,83.032310,-16.824589,nan
2024-06-13T13:56:23,83.032364,-16.824949,nan
2024-06-13T13:56:22,83.032417,-16.825315,nan
2024-06-13T13:56:22,83.032471,-16.825684,nan
2024-06-13T13:56:21,83.032524,-16.826052,nan
2024-06-13T13:56:21,83.032578,-16.826420,nan
2024-06-13T13:56:20,83.032639,-16.826794,nan
2024-06-13T13:56:20,83.032692,-16.827169,nan
2024-06-13T13:56:19,83.032745,-16.827547,nan
2024-06-13T13:56:19,83.032806,-16.827932,nan
2024-06-13T13:56:18,83.032860,-16.828318,nan
2024-06-13T13:56:18,83.032913,-16.828705,nan
2024-06-13T13:56:17,83.032974,-16.829090,nan
2024-06-13T13:56:17,83.033028,-16.829483,nan
2024-06-13T13:56:16,83.033089,-16.829876,nan
2024-06-13T13:56:16,83.033142,-16.830275,nan
2024-06-13T13:56:15,83.033203,-16.830679,nan
2024-06-13T13:56:15,83.033257,-16.831087,nan
2024-06-13T13:56:14,83.033318,-16.831499,nan
2024-06-13T13:56:14,83.033371,-16.831919,nan
2024-06-13T13:56:13,83.033432,-16.832344,nan
2024-06-13T13:56:13,83.033485,-16.832771,nan
2024-06-13T13:56:12,83.033546,-16.833204,nan
2024-06-13T13:56:12,83.033600,-16.833641,nan
2024-06-13T13:56:11,83.033661,-16.834085,nan
2024-06-13T13:56:11,83.033722,-16.834534,nan
2024-06-13T13:56:10,83.033775,-16.834986,nan
2024-06-13T13:56:10,83.033836,-16.835434,nan
2024-06-13T13:56:09,83.033897,-16.835880,nan
2024-06-13T13:56:09,83.033951,-16.836325,nan
2024-06-13T13:56:08,83.034012,-16.836761,nan
2024-06-13T13:56:08,83.034065,-16.837193,nan
2024-06-13T13:56:07,83.034126,-16.837620,nan
2024-06-13T13:56:07,83.034180,-16.838045,nan
2024-06-13T13:56:06,83.034233,-16.838469,nan
2024-06-13T13:56:06,83.034294,-16.838890,nan
2024-06-13T13:56:05,83.034348,-16.839314,nan
2024-06-13T13:56:05,83.034401,-16.839735,nan
2024-06-13T13:56:04,83.034462,-16.840157,nan
2024-06-13T13:56:04,83.034515,-16.840586,nan
2024-06-13T13:56:03,83.034576,-16.841017,nan
2024-06-13T13:56:03,83.034637,-16.841448,nan
2024-06-13T13:56:02,83.034691,-16.841881,nan
2024-06-13T13:56:02,83.034752,-16.842318,nan
2024-06-13T13:56:01,83.034813,-16.842754,nan
2024-06-13T13:56:01,83.034874,-16.843193,nan
2024-06-13T13:56:00,83.034927,-16.843632,nan
2024-06-13T13:56:00,83.034988,-16.844065,nan
2024-06-13T13:55:59,83.035049,-16.844496,nan
2024-06-13T13:55:59,83.035110,-16.844923,nan
2024-06-13T13:55:58,83.035164,-16.845343,nan
2024-06-13T13:55:58,83.035225,-16.845755,nan
2024-06-13T13:55:57,83.035278,-16.846163,nan
2024-06-13T13:55:57,83.035339,-16.846561,nan
2024-06-13T13:55:56,83.035400,-16.846954,nan
2024-06-13T13:55:56,83.035454,-16.847343,nan
2024-06-13T13:55:55,83.035515,-16.847727,nan
2024-06-13T13:55:55,83.035576,-16.848110,nan
2024-06-13T13:55:54,83.035629,-16.848497,nan
2024-06-13T13:55:54,83.035690,-16.848885,nan
2024-06-13T13:55:53,83.035744,-16.849272,nan
2024-06-13T13:55:53,83.035805,-16.849667,nan
2024-06-13T13:55:52,83.035858,-16.850060,nan
2024-06-13T13:55:52,83.035919,-16.850456,nan
2024-06-13T13:55:51,83.035973,-16.850849,nan
2024-06-13T13:55:51,83.036034,-16.851246,nan
2024-06-13T13:55:50,83.036087,-16.851643,nan
2024-06-13T13:55:50,83.036148,-16.852037,nan
2024-06-13T13:55:49,83.036201,-16.852432,nan
2024-06-13T13:55:49,83.036263,-16.852827,nan
2024-06-13T13:55:48,83.036316,-16.853222,nan
2024-06-13T13:55:48,83.036369,-16.853609,nan
2024-06-13T13:55:47,83.036430,-16.853996,nan
2024-06-13T13:55:47,83.036484,-16.854376,nan
2024-06-13T13:55:46,83.036545,-16.854750,nan
2024-06-13T13:55:46,83.036598,-16.855112,nan
2024-06-13T13:55:45,83.036652,-16.855469,nan
2024-06-13T13:55:45,83.036713,-16.855822,nan
2024-06-13T13:55:44,83.036766,-16.856171,nan
2024-06-13T13:55:44,83.036819,-16.856518,nan
2024-06-13T13:55:43,83.036873,-16.856865,nan
2024-06-13T13:55:43,83.036926,-16.857214,nan
2024-06-13T13:55:42,83.036980,-16.857561,nan
2024-06-13T13:55:42,83.037025,-16.857906,nan
2024-06-13T13:55:41,83.037079,-16.858255,nan
2024-06-13T13:55:41,83.037132,-16.858603,nan
2024-06-13T13:55:40,83.037186,-16.858948,nan
2024-06-13T13:55:40,83.037239,-16.859291,nan
2024-06-13T13:55:39,83.037292,-16.859631,nan
2024-06-13T13:55:39,83.037346,-16.859972,nan
2024-06-13T13:55:38,83.037399,-16.860317,nan
2024-06-13T13:55:38,83.037453,-16.860664,nan
2024-06-13T13:55:37,83.037498,-16.861013,nan
2024-06-13T13:55:37,83.037552,-16.861370,nan
2024-06-13T13:55:36,83.037605,-16.861729,nan
2024-06-13T13:55:36,83.037659,-16.862087,nan
2024-06-13T13:55:35,83.037712,-16.862452,nan
2024-06-13T13:55:35,83.037758,-16.862816,nan
2024-06-13T13:55:34,83.037811,-16.863180,nan
2024-06-13T13:55:34,83.037865,-16.863544,nan
2024-06-13T13:55:33,83.037910,-16.863911,nan
2024-06-13T13:55:33,83.037956,-16.864273,nan
2024-06-13T13:55:32,83.038010,-16.864634,nan
2024-06-13T13:55:32,83.038055,-16.864990,nan
2024-06-13T13:55:31,83.038101,-16.865349,nan
2024-06-13T13:55:31,83.038155,-16.865702,nan
2024-06-13T13:55:30,83.038200,-16.866055,nan
2024-06-13T13:55:30,83.038246,-16.866402,nan
2024-06-13T13:55:29,83.038292,-16.866755,nan
2024-06-13T13:55:29,83.038338,-16.867107,nan
2024-06-13T13:55:28,83.038383,-16.867464,nan
2024-06-13T13:55:28,83.038429,-16.867826,nan
2024-06-13T13:55:27,83.038475,-16.868189,nan
2024-06-13T13:55:27,83.038521,-16.868555,nan
2024-06-13T13:55:26,83.038567,-16.868927,nan
2024-06-13T13:55:26,83.038605,-16.869299,nan
2024-06-13T13:55:25,83.038651,-16.869671,nan
2024-06-13T13:55:25,83.038696,-16.870041,nan
2024-06-13T13:55:24,83.038742,-16.870407,nan
2024-06-13T13:55:24,83.038788,-16.870770,nan
2024-06-13T13:55:23,83.038834,-16.871128,nan
2024-06-13T13:55:23,83.038872,-16.871481,nan
2024-06-13T13:55:22,83.038918,-16.871830,nan
2024-06-13T13:55:22,83.038963,-16.872177,nan
2024-06-13T13:55:21,83.039001,-16.872522,nan
2024-06-13T13:55:21,83.039047,-16.872868,nan
2024-06-13T13:55:20,83.039085,-16.873217,nan
2024-06-13T13:55:20,83.039124,-16.873566,nan
2024-06-13T13:55:19,83.039162,-16.873915,nan
2024-06-13T13:55:19,83.039200,-16.874258,nan
2024-06-13T13:55:18,83.039238,-16.874601,nan
2024-06-13T13:55:18,83.039276,-16.874941,nan
2024-06-13T13:55:17,83.039314,-16.875278,nan
2024-06-13T13:55:17,83.039352,-16.875610,nan
2024-06-13T13:55:16,83.039391,-16.875946,nan
2024-06-13T13:55:16,83.039429,-16.876278,nan
2024-06-13T13:55:15,83.039459,-16.876610,nan
2024-06-13T13:55:15,83.039497,-16.876945,nan
2024-06-13T13:55:14,83.039536,-16.877289,nan
2024-06-13T13:55:14,83.039566,-16.877634,nan
2024-06-13T13:55:13,83.039604,-16.877987,nan
2024-06-13T13:55:13,83.039642,-16.878344,nan
2024-06-13T13:55:12,83.039673,-16.878706,nan
2024-06-13T13:55:12,83.039711,-16.879074,nan
2024-06-13T13:55:11,83.039742,-16.879438,nan
2024-06-13T13:55:11,83.039780,-16.879805,nan
2024-06-13T13:55:10,83.039810,-16.880169,nan
2024-06-13T13:55:10,83.039848,-16.880531,nan
2024-06-13T13:55:09,83.039886,-16.880890,nan
2024-06-13T13:55:09,83.039917,-16.881248,nan
2024-06-13T13:55:08,83.039955,-16.881615,nan
2024-06-13T13:55:08,83.039993,-16.881981,nan
2024-06-13T13:55:07,83.040031,-16.882353,nan
2024-06-13T13:55:07,83.040062,-16.882725,nan
2024-06-13T13:55:06,83.040100,-16.883095,nan
2024-06-13T13:55:06,83.040138,-16.883472,nan
2024-06-13T13:55:05,83.040169,-16.883844,nan
2024-06-13T13:55:05,83.040207,-16.884214,nan
2024-06-13T13:55:04,83.040245,-16.884590,nan
2024-06-13T13:55:04,83.040283,-16.884956,nan
2024-06-13T13:55:03,83.040314,-16.885321,nan
2024-06-13T13:55:03,83.040352,-16.885683,nan
2024-06-13T13:55:02,83.040382,-16.886038,nan
2024-06-13T13:55:02,83.040421,-16.886389,nan
2024-06-13T13:55:01,83.040459,-16.886742,nan
2024-06-13T13:55:01,83.040489,-16.887091,nan
2024-06-13T13:55:00,83.040527,-16.887436,nan
2024-06-13T13:55:00,83.040558,-16.887777,nan
2024-06-13T13:54:59,83.040596,-16.888107,nan
2024-06-13T13:54:59,83.040627,-16.888433,nan
2024-06-13T13:54:58,83.040665,-16.888754,nan
2024-06-13T13:54:58,83.040695,-16.889072,nan
2024-06-13T13:54:57,83.040726,-16.889391,nan
2024-06-13T13:54:57,83.040756,-16.889711,nan
2024-06-13T13:54:56,83.040794,-16.890030,nan
2024-06-13T13:54:56,83.040825,-16.890354,nan
2024-06-13T13:54:55,83.040855,-16.890684,nan
2024-06-13T13:54:55,83.040894,-16.891018,nan
2024-06-13T13:54:54,83.040924,-16.891354,nan
2024-06-13T13:54:54,83.040955,-16.891695,nan
2024-06-13T13:54:53,83.040993,-16.892044,nan
2024-06-13T13:54:53,83.041023,-16.892393,nan
2024-06-13T13:54:52,83.041061,-16.892740,nan
2024-06-13T13:54:52,83.041100,-16.893084,nan
2024-06-13T13:54:51,83.041130,-16.893423,nan
2024-06-13T13:54:51,83.041168,-16.893761,nan
2024-06-13T13:54:50,83.041199,-16.894098,nan
2024-06-13T13:54:50,83.041237,-16.894434,nan
2024-06-13T13:54:49,83.041275,-16.894764,nan
2024-06-13T13:54:49,83.041313,-16.895096,nan
2024-06-13T13:54:48,83.041351,-16.895418,nan
2024-06-13T13:54:48,83.041389,-16.895739,nan
2024-06-13T13:54:47,83.041428,-16.896053,nan
2024-06-13T13:54:47,83.041466,-16.896370,nan
2024-06-13T13:54:46,83.041504,-16.896687,nan
2024-06-13T13:54:46,83.041542,-16.897001,nan
2024-06-13T13:54:45,83.041580,-16.897314,nan
2024-06-13T13:54:45,83.041611,-16.897627,nan
2024-06-13T13:54:44,83.041649,-16.897932,nan
2024-06-13T13:54:44,83.041687,-16.898232,nan
2024-06-13T13:54:43,83.041725,-16.898521,nan
2024-06-13T13:54:43,83.041756,-16.898802,nan
2024-06-13T13:54:42,83.041794,-16.899075,nan
2024-06-13T13:54:42,83.041832,-16.899334,nan
2024-06-13T13:54:41,83.041862,-16.899590,nan
2024-06-13T13:54:41,83.041901,-16.899832,nan
2024-06-13T13:54:40,83.041939,-16.900068,nan
2024-06-13T13:54:40,83.041969,-16.900293,nan
2024-06-13T13:54:39,83.042007,-16.900513,nan
2024-06-13T13:54:39,83.042038,-16.900719,nan
2024-06-13T13:54:38,83.042068,-16.900917,nan
2024-06-13T13:54:38,83.042107,-16.901106,nan
2024-06-13T13:54:37,83.042137,-16.901285,nan
2024-06-13T13:54:37,83.042175,-16.901463,nan
2024-06-13T13:54:36,83.042206,-16.901636,nan
2024-06-13T13:54:36,83.042236,-16.901806,nan
2024-06-13T13:54:35,83.042267,-16.901970,nan
2024-06-13T13:54:35,83.042297,-16.902142,nan
2024-06-13T13:54:34,83.042320,-16.902313,nan
2024-06-13T13:54:34,83.042351,-16.902487,nan
2024-06-13T13:54:33,83.042374,-16.902666,nan
2024-06-13T13:54:33,83.042404,-16.902855,nan
2024-06-13T13:54:32,83.042435,-16.903049,nan
2024-06-13T13:54:32,83.042458,-16.903250,nan
2024-06-13T13:54:31,83.042488,-16.903454,nan
2024-06-13T13:54:31,83.042511,-16.903666,nan
2024-06-13T13:54:30,83.042534,-16.903883,nan
2024-06-13T13:54:30,83.042564,-16.904106,nan
2024-06-13T13:54:29,83.042587,-16.904325,nan
2024-06-13T13:54:29,83.042610,-16.904543,nan
2024-06-13T13:54:28,83.042641,-16.904755,nan
2024-06-13T13:54:28,83.042664,-16.904959,nan
2024-06-13T13:54:27,83.042686,-16.905157,nan
2024-06-13T13:54:27,83.042709,-16.905346,nan
2024-06-13T13:54:26,83.042732,-16.905537,nan
2024-06-13T13:54:26,83.042755,-16.905725,nan
2024-06-13T13:54:25,83.042778,-16.905918,nan
2024-06-13T13:54:25,83.042801,-16.906116,nan
2024-06-13T13:54:24,83.042824,-16.906319,nan
2024-06-13T13:54:24,83.042847,-16.906523,nan
2024-06-13T13:54:23,83.042870,-16.906721,nan
2024-06-13T13:54:23,83.042885,-16.906925,nan
2024-06-13T13:54:22,83.042900,-16.907125,nan
2024-06-13T13:54:22,83.042915,-16.907331,nan
2024-06-13T13:54:21,83.042938,-16.907541,nan
2024-06-13T13:54:21,83.042946,-16.907751,nan
2024-06-13T13:54:20,83.042961,-16.907969,nan
2024-06-13T13:54:20,83.042976,-16.908192,nan
2024-06-13T13:54:19,83.042992,-16.908419,nan
2024-06-13T13:54:19,83.043007,-16.908651,nan
2024-06-13T13:54:18,83.043015,-16.908888,nan
2024-06-13T13:54:18,83.043030,-16.909126,nan
2024-06-13T13:54:17,83.043045,-16.909380,nan
2024-06-13T13:54:17,83.043053,-16.909637,nan
2024-06-13T13:54:16,83.043068,-16.909904,nan
2024-06-13T13:54:16,83.043083,-16.910183,nan
2024-06-13T13:54:15,83.043098,-16.910467,nan
2024-06-13T13:54:15,83.043106,-16.910753,nan
2024-06-13T13:54:14,83.043121,-16.911049,nan
2024-06-13T13:54:14,83.043137,-16.911348,nan
2024-06-13T13:54:13,83.043152,-16.911648,nan
2024-06-13T13:54:13,83.043167,-16.911951,nan
2024-06-13T13:54:12,83.043182,-16.912264,nan
2024-06-13T13:54:12,83.043190,-16.912579,nan
2024-06-13T13:54:11,83.043205,-16.912903,nan
2024-06-13T13:54:11,83.043221,-16.913229,nan
2024-06-13T13:54:10,83.043236,-16.913557,nan
2024-06-13T13:54:10,83.043251,-16.913891,nan
2024-06-13T13:54:09,83.043274,-16.914227,nan
2024-06-13T13:54:09,83.043289,-16.914555,nan
2024-06-13T13:54:08,83.043312,-16.914894,nan
2024-06-13T13:54:08,83.043335,-16.915228,nan
2024-06-13T13:54:07,83.043350,-16.915546,nan
2024-06-13T13:54:07,83.043373,-16.915878,nan
2024-06-13T13:54:06,83.043404,-16.916210,nan
2024-06-13T13:54:06,83.043427,-16.916561,nan
2024-06-13T13:54:05,83.043457,-16.916908,nan
2024-06-13T13:54:05,83.043488,-16.917295,nan
2024-06-13T13:54:04,83.043526,-16.917738,nan
2024-06-13T13:54:04,83.043571,-16.918196,nan
2024-06-13T13:54:03,83.043686,-16.919121,nan
2024-06-13T13:54:03,83.043900,-16.920835,nan
2024-06-13T13:54:02,83.044250,-16.923372,nan
2024-06-13T13:54:02,83.044830,-16.927406,nan
2024-06-13T13:54:01,83.045441,-16.931404,nan
2024-06-13T13:54:01,83.045708,-16.933357,nan
2024-06-13T13:54:00,83.045815,-16.934090,nan
2024-06-13T13:54:00,83.045906,-16.934505,nan
2024-06-13T13:53:57,83.045151,-16.930147,nan
2024-06-13T13:53:57,83.044479,-16.925516,nan
2024-06-13T13:53:56,83.043755,-16.920630,nan
2024-06-13T13:53:56,83.043015,-16.915567,nan
2024-06-13T13:53:55,83.042290,-16.910337,nan
