datetime,lat,lon,elev
2024-08-08T14:30:57,83.685112,-56.177143,nan
2024-08-08T14:30:56,83.685120,-56.177162,nan
2024-08-08T14:30:56,83.685135,-56.177197,nan
2024-08-08T14:30:55,83.685143,-56.177231,nan
2024-08-08T14:30:55,83.685150,-56.177261,nan
2024-08-08T14:30:54,83.685158,-56.177296,nan
2024-08-08T14:30:54,83.685165,-56.177330,nan
2024-08-08T14:30:53,83.685181,-56.177364,nan
2024-08-08T14:30:53,83.685188,-56.177399,nan
2024-08-08T14:30:52,83.685196,-56.177425,nan
2024-08-08T14:30:52,83.685204,-56.177448,nan
2024-08-08T14:30:51,83.685211,-56.177471,nan
2024-08-08T14:30:51,83.685219,-56.177494,nan
2024-08-08T14:30:50,83.685226,-56.177521,nan
2024-08-08T14:30:50,83.685234,-56.177547,nan
2024-08-08T14:30:49,83.685242,-56.177582,nan
2024-08-08T14:30:49,83.685257,-56.177616,nan
2024-08-08T14:30:48,83.685265,-56.177650,nan
2024-08-08T14:30:48,83.685272,-56.177681,nan
2024-08-08T14:30:47,83.685280,-56.177708,nan
2024-08-08T14:30:47,83.685295,-56.177738,nan
2024-08-08T14:30:46,83.685303,-56.177773,nan
2024-08-08T14:30:46,83.685310,-56.177803,nan
2024-08-08T14:30:45,83.685326,-56.177834,nan
2024-08-08T14:30:45,83.685333,-56.177860,nan
2024-08-08T14:30:44,83.685341,-56.177887,nan
2024-08-08T14:30:44,83.685349,-56.177914,nan
2024-08-08T14:30:43,83.685356,-56.177940,nan
2024-08-08T14:30:43,83.685364,-56.177967,nan
2024-08-08T14:30:42,83.685371,-56.177994,nan
2024-08-08T14:30:42,83.685379,-56.178020,nan
2024-08-08T14:30:41,83.685387,-56.178040,nan
2024-08-08T14:30:41,83.685394,-56.178062,nan
2024-08-08T14:30:40,83.685410,-56.178082,nan
2024-08-08T14:30:40,83.685410,-56.178108,nan
2024-08-08T14:30:39,83.685425,-56.178135,nan
2024-08-08T14:30:39,83.685425,-56.178165,nan
2024-08-08T14:30:38,83.685432,-56.178196,nan
2024-08-08T14:30:38,83.685440,-56.178226,nan
2024-08-08T14:30:37,83.685448,-56.178261,nan
2024-08-08T14:30:36,83.685455,-56.178333,nan
2024-08-08T14:30:36,83.685463,-56.178368,nan
2024-08-08T14:30:35,83.685463,-56.178398,nan
2024-08-08T14:30:35,83.685471,-56.178425,nan
2024-08-08T14:30:34,83.685471,-56.178452,nan
2024-08-08T14:30:34,83.685478,-56.178478,nan
2024-08-08T14:30:33,83.685478,-56.178501,nan
2024-08-08T14:30:33,83.685478,-56.178528,nan
2024-08-08T14:30:32,83.685486,-56.178551,nan
2024-08-08T14:30:32,83.685486,-56.178574,nan
2024-08-08T14:30:31,83.685486,-56.178596,nan
2024-08-08T14:30:31,83.685486,-56.178619,nan
2024-08-08T14:30:30,83.685486,-56.178642,nan
2024-08-08T14:30:29,83.685493,-56.178696,nan
2024-08-08T14:30:29,83.685493,-56.178719,nan
2024-08-08T14:30:28,83.685493,-56.178745,nan
2024-08-08T14:30:28,83.685493,-56.178768,nan
2024-08-08T14:30:27,83.685501,-56.178806,nan
2024-08-08T14:30:27,83.685501,-56.178841,nan
2024-08-08T14:30:25,83.685509,-56.178947,nan
2024-08-08T14:30:25,83.685516,-56.178989,nan
2024-08-08T14:30:24,83.685516,-56.179043,nan
2024-08-08T14:30:24,83.685516,-56.179096,nan
2024-08-08T14:30:23,83.685524,-56.179165,nan
2024-08-08T14:30:23,83.685524,-56.179230,nan
2024-08-08T14:30:22,83.685524,-56.179298,nan
2024-08-08T14:30:22,83.685524,-56.179371,nan
2024-08-08T14:30:21,83.685524,-56.179447,nan
2024-08-08T14:30:21,83.685532,-56.179531,nan
2024-08-08T14:30:20,83.685532,-56.179623,nan
2024-08-08T14:30:20,83.685532,-56.179718,nan
2024-08-08T14:30:19,83.685532,-56.179817,nan
2024-08-08T14:30:19,83.685532,-56.179916,nan
2024-08-08T14:30:18,83.685532,-56.180019,nan
2024-08-08T14:30:18,83.685532,-56.180126,nan
2024-08-08T14:30:17,83.685524,-56.180237,nan
2024-08-08T14:30:17,83.685524,-56.180351,nan
2024-08-08T14:30:16,83.685524,-56.180466,nan
2024-08-08T14:30:16,83.685516,-56.180584,nan
2024-08-08T14:30:15,83.685516,-56.180710,nan
2024-08-08T14:30:15,83.685509,-56.180836,nan
2024-08-08T14:30:14,83.685509,-56.180962,nan
2024-08-08T14:30:14,83.685501,-56.181099,nan
2024-08-08T14:30:13,83.685493,-56.181244,nan
2024-08-08T14:30:12,83.685486,-56.181545,nan
2024-08-08T14:30:12,83.685486,-56.181702,nan
2024-08-08T14:30:11,83.685478,-56.181866,nan
2024-08-08T14:30:11,83.685478,-56.182026,nan
2024-08-08T14:30:10,83.685471,-56.182186,nan
2024-08-08T14:30:10,83.685471,-56.182350,nan
2024-08-08T14:30:09,83.685463,-56.182510,nan
2024-08-08T14:30:09,83.685455,-56.182674,nan
2024-08-08T14:30:08,83.685448,-56.182842,nan
2024-08-08T14:30:08,83.685448,-56.183010,nan
2024-08-08T14:30:07,83.685440,-56.183182,nan
2024-08-08T14:30:07,83.685432,-56.183357,nan
2024-08-08T14:30:06,83.685425,-56.183529,nan
2024-08-08T14:30:06,83.685417,-56.183704,nan
2024-08-08T14:30:05,83.685410,-56.183880,nan
2024-08-08T14:30:05,83.685402,-56.184052,nan
2024-08-08T14:30:04,83.685394,-56.184223,nan
2024-08-08T14:30:04,83.685387,-56.184391,nan
2024-08-08T14:30:03,83.685379,-56.184563,nan
2024-08-08T14:30:03,83.685371,-56.184731,nan
2024-08-08T14:30:02,83.685364,-56.184898,nan
2024-08-08T14:30:02,83.685356,-56.185062,nan
2024-08-08T14:30:01,83.685349,-56.185226,nan
2024-08-08T14:30:01,83.685341,-56.185387,nan
2024-08-08T14:30:00,83.685333,-56.185551,nan
2024-08-08T14:30:00,83.685318,-56.185711,nan
2024-08-08T14:29:59,83.685310,-56.185867,nan
2024-08-08T14:29:59,83.685303,-56.186024,nan
2024-08-08T14:29:58,83.685287,-56.186172,nan
2024-08-08T14:29:58,83.685280,-56.186325,nan
2024-08-08T14:29:57,83.685265,-56.186474,nan
2024-08-08T14:29:57,83.685257,-56.186626,nan
2024-08-08T14:29:56,83.685242,-56.186775,nan
2024-08-08T14:29:56,83.685234,-56.186924,nan
2024-08-08T14:29:55,83.685219,-56.187073,nan
2024-08-08T14:29:55,83.685211,-56.187222,nan
2024-08-08T14:29:54,83.685196,-56.187374,nan
2024-08-08T14:29:54,83.685188,-56.187527,nan
2024-08-08T14:29:53,83.685173,-56.187675,nan
2024-08-08T14:29:53,83.685165,-56.187828,nan
2024-08-08T14:29:52,83.685150,-56.187981,nan
2024-08-08T14:29:52,83.685135,-56.188137,nan
2024-08-08T14:29:51,83.685127,-56.188293,nan
2024-08-08T14:29:51,83.685112,-56.188454,nan
2024-08-08T14:29:50,83.685097,-56.188618,nan
2024-08-08T14:29:50,83.685089,-56.188786,nan
2024-08-08T14:29:49,83.685074,-56.188953,nan
2024-08-08T14:29:49,83.685066,-56.189129,nan
2024-08-08T14:29:48,83.685051,-56.189304,nan
2024-08-08T14:29:48,83.685036,-56.189480,nan
2024-08-08T14:29:47,83.685028,-56.189655,nan
2024-08-08T14:29:47,83.685013,-56.189831,nan
2024-08-08T14:29:46,83.685005,-56.190006,nan
2024-08-08T14:29:46,83.684990,-56.190186,nan
2024-08-08T14:29:45,83.684982,-56.190357,nan
2024-08-08T14:29:45,83.684967,-56.190525,nan
2024-08-08T14:29:44,83.684959,-56.190697,nan
2024-08-08T14:29:44,83.684944,-56.190865,nan
2024-08-08T14:29:43,83.684937,-56.191029,nan
2024-08-08T14:29:43,83.684921,-56.191193,nan
2024-08-08T14:29:42,83.684914,-56.191353,nan
2024-08-08T14:29:42,83.684898,-56.191521,nan
2024-08-08T14:29:41,83.684883,-56.191685,nan
2024-08-08T14:29:41,83.684875,-56.191853,nan
2024-08-08T14:29:40,83.684860,-56.192020,nan
2024-08-08T14:29:40,83.684853,-56.192184,nan
2024-08-08T14:29:39,83.684837,-56.192348,nan
2024-08-08T14:29:39,83.684830,-56.192509,nan
2024-08-08T14:29:38,83.684814,-56.192669,nan
2024-08-08T14:29:38,83.684807,-56.192829,nan
2024-08-08T14:29:37,83.684792,-56.192986,nan
2024-08-08T14:29:37,83.684776,-56.193138,nan
2024-08-08T14:29:36,83.684769,-56.193298,nan
2024-08-08T14:29:36,83.684753,-56.193455,nan
2024-08-08T14:29:35,83.684738,-56.193611,nan
2024-08-08T14:29:35,83.684731,-56.193768,nan
2024-08-08T14:29:34,83.684715,-56.193920,nan
2024-08-08T14:29:34,83.684700,-56.194069,nan
2024-08-08T14:29:33,83.684669,-56.194366,nan
2024-08-08T14:29:32,83.684662,-56.194511,nan
2024-08-08T14:29:32,83.684647,-56.194653,nan
2024-08-08T14:29:31,83.684631,-56.194790,nan
2024-08-08T14:29:31,83.684616,-56.194931,nan
2024-08-08T14:29:30,83.684601,-56.195068,nan
2024-08-08T14:29:30,83.684593,-56.195206,nan
2024-08-08T14:29:29,83.684578,-56.195339,nan
2024-08-08T14:29:29,83.684563,-56.195465,nan
2024-08-08T14:29:28,83.684547,-56.195595,nan
2024-08-08T14:29:28,83.684532,-56.195721,nan
2024-08-08T14:29:27,83.684525,-56.195843,nan
2024-08-08T14:29:27,83.684509,-56.195961,nan
2024-08-08T14:29:26,83.684494,-56.196072,nan
2024-08-08T14:29:26,83.684486,-56.196186,nan
2024-08-08T14:29:25,83.684471,-56.196301,nan
2024-08-08T14:29:25,83.684456,-56.196415,nan
2024-08-08T14:29:24,83.684448,-56.196533,nan
2024-08-08T14:29:24,83.684433,-56.196648,nan
2024-08-08T14:29:23,83.684418,-56.196766,nan
2024-08-08T14:29:23,83.684410,-56.196884,nan
2024-08-08T14:29:22,83.684395,-56.197010,nan
2024-08-08T14:29:22,83.684387,-56.197136,nan
2024-08-08T14:29:21,83.684380,-56.197269,nan
2024-08-08T14:29:21,83.684364,-56.197403,nan
2024-08-08T14:29:20,83.684357,-56.197544,nan
2024-08-08T14:29:20,83.684349,-56.197689,nan
2024-08-08T14:29:19,83.684341,-56.197838,nan
2024-08-08T14:29:19,83.684334,-56.197990,nan
2024-08-08T14:29:18,83.684326,-56.198147,nan
2024-08-08T14:29:18,83.684319,-56.198299,nan
2024-08-08T14:29:17,83.684311,-56.198460,nan
2024-08-08T14:29:17,83.684303,-56.198620,nan
2024-08-08T14:29:16,83.684296,-56.198959,nan
2024-08-08T14:29:15,83.684288,-56.199127,nan
2024-08-08T14:29:15,83.684280,-56.199303,nan
2024-08-08T14:29:14,83.684280,-56.199478,nan
2024-08-08T14:29:14,83.684273,-56.199661,nan
2024-08-08T14:29:13,83.684273,-56.199844,nan
2024-08-08T14:29:13,83.684265,-56.200024,nan
2024-08-08T14:29:12,83.684265,-56.200207,nan
2024-08-08T14:29:12,83.684258,-56.200390,nan
2024-08-08T14:29:11,83.684258,-56.200573,nan
2024-08-08T14:29:11,83.684250,-56.200760,nan
2024-08-08T14:29:10,83.684250,-56.200939,nan
2024-08-08T14:29:10,83.684242,-56.201118,nan
2024-08-08T14:29:09,83.684242,-56.201294,nan
2024-08-08T14:29:09,83.684242,-56.201473,nan
2024-08-08T14:29:08,83.684235,-56.201649,nan
2024-08-08T14:29:08,83.684235,-56.201824,nan
2024-08-08T14:29:07,83.684235,-56.202000,nan
2024-08-08T14:29:07,83.684235,-56.202171,nan
2024-08-08T14:29:06,83.684227,-56.202351,nan
2024-08-08T14:29:06,83.684227,-56.202526,nan
2024-08-08T14:29:05,83.684227,-56.202702,nan
2024-08-08T14:29:05,83.684219,-56.202877,nan
2024-08-08T14:29:04,83.684219,-56.203053,nan
2024-08-08T14:29:04,83.684219,-56.203224,nan
2024-08-08T14:29:03,83.684212,-56.203400,nan
2024-08-08T14:29:03,83.684212,-56.203575,nan
2024-08-08T14:29:02,83.684212,-56.203751,nan
2024-08-08T14:29:02,83.684204,-56.203930,nan
2024-08-08T14:29:01,83.684204,-56.204113,nan
2024-08-08T14:29:01,83.684196,-56.204292,nan
2024-08-08T14:29:00,83.684196,-56.204475,nan
2024-08-08T14:29:00,83.684189,-56.204655,nan
2024-08-08T14:28:59,83.684181,-56.204838,nan
2024-08-08T14:28:59,83.684181,-56.205013,nan
2024-08-08T14:28:58,83.684174,-56.205196,nan
2024-08-08T14:28:58,83.684166,-56.205376,nan
2024-08-08T14:28:57,83.684166,-56.205559,nan
2024-08-08T14:28:57,83.684158,-56.205738,nan
2024-08-08T14:28:56,83.684151,-56.205917,nan
2024-08-08T14:28:56,83.684151,-56.206097,nan
2024-08-08T14:28:55,83.684143,-56.206272,nan
2024-08-08T14:28:55,83.684135,-56.206448,nan
2024-08-08T14:28:54,83.684135,-56.206623,nan
2024-08-08T14:28:54,83.684128,-56.206795,nan
2024-08-08T14:28:53,83.684120,-56.206970,nan
2024-08-08T14:28:53,83.684120,-56.207146,nan
2024-08-08T14:28:52,83.684113,-56.207317,nan
2024-08-08T14:28:52,83.684113,-56.207489,nan
2024-08-08T14:28:51,83.684105,-56.207657,nan
2024-08-08T14:28:51,83.684097,-56.207825,nan
2024-08-08T14:28:50,83.684097,-56.207993,nan
2024-08-08T14:28:50,83.684090,-56.208160,nan
2024-08-08T14:28:49,83.684090,-56.208328,nan
2024-08-08T14:28:49,83.684082,-56.208492,nan
2024-08-08T14:28:48,83.684082,-56.208660,nan
2024-08-08T14:28:48,83.684074,-56.208824,nan
2024-08-08T14:28:47,83.684074,-56.208988,nan
2024-08-08T14:28:47,83.684067,-56.209148,nan
2024-08-08T14:28:46,83.684067,-56.209309,nan
2024-08-08T14:28:46,83.684059,-56.209461,nan
2024-08-08T14:28:45,83.684052,-56.209614,nan
2024-08-08T14:28:45,83.684052,-56.209770,nan
2024-08-08T14:28:44,83.684044,-56.209930,nan
2024-08-08T14:28:44,83.684036,-56.210087,nan
2024-08-08T14:28:43,83.684029,-56.210243,nan
2024-08-08T14:28:43,83.684029,-56.210403,nan
2024-08-08T14:28:42,83.684021,-56.210564,nan
2024-08-08T14:28:42,83.684013,-56.210728,nan
2024-08-08T14:28:41,83.684006,-56.210888,nan
2024-08-08T14:28:41,83.683998,-56.211048,nan
2024-08-08T14:28:40,83.683990,-56.211208,nan
2024-08-08T14:28:40,83.683983,-56.211376,nan
2024-08-08T14:28:39,83.683975,-56.211544,nan
2024-08-08T14:28:39,83.683968,-56.211716,nan
2024-08-08T14:28:38,83.683960,-56.211891,nan
2024-08-08T14:28:38,83.683952,-56.212063,nan
2024-08-08T14:28:37,83.683945,-56.212234,nan
2024-08-08T14:28:37,83.683929,-56.212406,nan
2024-08-08T14:28:36,83.683922,-56.212589,nan
2024-08-08T14:28:36,83.683914,-56.212784,nan
2024-08-08T14:28:35,83.683899,-56.212990,nan
2024-08-08T14:28:35,83.683891,-56.213207,nan
2024-08-08T14:28:34,83.683876,-56.213432,nan
2024-08-08T14:28:34,83.683861,-56.213654,nan
2024-08-08T14:28:33,83.683846,-56.213875,nan
2024-08-08T14:28:33,83.683830,-56.214092,nan
2024-08-08T14:28:32,83.683823,-56.214314,nan
2024-08-08T14:28:32,83.683807,-56.214535,nan
2024-08-08T14:28:31,83.683800,-56.214752,nan
2024-08-08T14:28:31,83.683784,-56.214977,nan
2024-08-08T14:28:30,83.683769,-56.215199,nan
2024-08-08T14:28:30,83.683762,-56.215420,nan
2024-08-08T14:28:29,83.683746,-56.215637,nan
2024-08-08T14:28:29,83.683739,-56.215855,nan
2024-08-08T14:28:28,83.683723,-56.216076,nan
2024-08-08T14:28:28,83.683716,-56.216293,nan
2024-08-08T14:28:27,83.683701,-56.216515,nan
2024-08-08T14:28:27,83.683693,-56.216740,nan
2024-08-08T14:28:26,83.683678,-56.216961,nan
2024-08-08T14:28:26,83.683670,-56.217194,nan
2024-08-08T14:28:25,83.683655,-56.217426,nan
2024-08-08T14:28:24,83.683624,-56.217892,nan
2024-08-08T14:28:24,83.683617,-56.218117,nan
2024-08-08T14:28:23,83.683601,-56.218349,nan
2024-08-08T14:28:23,83.683594,-56.218582,nan
2024-08-08T14:28:22,83.683578,-56.218815,nan
2024-08-08T14:28:22,83.683563,-56.219044,nan
2024-08-08T14:28:21,83.683556,-56.219276,nan
2024-08-08T14:28:21,83.683540,-56.219505,nan
2024-08-08T14:28:20,83.683533,-56.219734,nan
2024-08-08T14:28:20,83.683517,-56.219959,nan
2024-08-08T14:28:19,83.683510,-56.220188,nan
2024-08-08T14:28:19,83.683502,-56.220413,nan
2024-08-08T14:28:18,83.683487,-56.220646,nan
2024-08-08T14:28:18,83.683479,-56.220879,nan
2024-08-08T14:28:17,83.683472,-56.221115,nan
2024-08-08T14:28:17,83.683456,-56.221359,nan
2024-08-08T14:28:16,83.683449,-56.221603,nan
2024-08-08T14:28:16,83.683434,-56.221855,nan
2024-08-08T14:28:15,83.683426,-56.222107,nan
2024-08-08T14:28:15,83.683418,-56.222363,nan
2024-08-08T14:28:14,83.683411,-56.222626,nan
2024-08-08T14:28:14,83.683403,-56.222889,nan
2024-08-08T14:28:13,83.683388,-56.223160,nan
2024-08-08T14:28:13,83.683380,-56.223427,nan
2024-08-08T14:28:12,83.683372,-56.223701,nan
2024-08-08T14:28:12,83.683365,-56.223976,nan
2024-08-08T14:28:11,83.683350,-56.224258,nan
2024-08-08T14:28:11,83.683342,-56.224545,nan
2024-08-08T14:28:10,83.683327,-56.224827,nan
2024-08-08T14:28:10,83.683319,-56.225105,nan
2024-08-08T14:28:09,83.683304,-56.225388,nan
2024-08-08T14:28:09,83.683296,-56.225670,nan
2024-08-08T14:28:08,83.683281,-56.225948,nan
2024-08-08T14:28:08,83.683266,-56.226227,nan
2024-08-08T14:28:07,83.683258,-56.226509,nan
2024-08-08T14:28:07,83.683243,-56.226791,nan
2024-08-08T14:28:06,83.683228,-56.227074,nan
2024-08-08T14:28:06,83.683212,-56.227364,nan
2024-08-08T14:28:05,83.683197,-56.227654,nan
2024-08-08T14:28:05,83.683182,-56.227943,nan
2024-08-08T14:28:04,83.683167,-56.228233,nan
2024-08-08T14:28:04,83.683159,-56.228531,nan
2024-08-08T14:28:03,83.683144,-56.228821,nan
2024-08-08T14:28:03,83.683128,-56.229115,nan
2024-08-08T14:28:02,83.683121,-56.229412,nan
2024-08-08T14:28:02,83.683105,-56.229713,nan
2024-08-08T14:28:01,83.683098,-56.230019,nan
2024-08-08T14:28:01,83.683083,-56.230328,nan
2024-08-08T14:28:00,83.683067,-56.230640,nan
2024-08-08T14:28:00,83.683060,-56.230953,nan
2024-08-08T14:27:59,83.683044,-56.231266,nan
2024-08-08T14:27:59,83.683029,-56.231583,nan
2024-08-08T14:27:58,83.683022,-56.231903,nan
2024-08-08T14:27:58,83.683006,-56.232224,nan
2024-08-08T14:27:57,83.682991,-56.232552,nan
2024-08-08T14:27:57,83.682983,-56.232883,nan
2024-08-08T14:27:56,83.682968,-56.233219,nan
2024-08-08T14:27:56,83.682953,-56.233559,nan
2024-08-08T14:27:55,83.682945,-56.233898,nan
2024-08-08T14:27:55,83.682930,-56.234245,nan
2024-08-08T14:27:54,83.682915,-56.234596,nan
2024-08-08T14:27:53,83.682892,-56.235310,nan
2024-08-08T14:27:53,83.682877,-56.235672,nan
2024-08-08T14:27:52,83.682861,-56.236038,nan
2024-08-08T14:27:52,83.682846,-56.236408,nan
2024-08-08T14:27:51,83.682838,-56.236774,nan
2024-08-08T14:27:51,83.682823,-56.237141,nan
2024-08-08T14:27:50,83.682808,-56.237503,nan
2024-08-08T14:27:50,83.682793,-56.237869,nan
2024-08-08T14:27:49,83.682777,-56.238232,nan
2024-08-08T14:27:49,83.682770,-56.238594,nan
2024-08-08T14:27:48,83.682755,-56.238960,nan
2024-08-08T14:27:48,83.682739,-56.239330,nan
2024-08-08T14:27:47,83.682732,-56.239693,nan
2024-08-08T14:27:47,83.682716,-56.240059,nan
2024-08-08T14:27:46,83.682709,-56.240421,nan
2024-08-08T14:27:46,83.682693,-56.240784,nan
2024-08-08T14:27:45,83.682686,-56.241150,nan
2024-08-08T14:27:45,83.682671,-56.241512,nan
2024-08-08T14:27:44,83.682663,-56.241875,nan
2024-08-08T14:27:44,83.682648,-56.242245,nan
2024-08-08T14:27:43,83.682640,-56.242611,nan
2024-08-08T14:27:43,83.682625,-56.242977,nan
2024-08-08T14:27:42,83.682617,-56.243343,nan
2024-08-08T14:27:42,83.682602,-56.243713,nan
2024-08-08T14:27:41,83.682587,-56.244080,nan
2024-08-08T14:27:41,83.682579,-56.244450,nan
2024-08-08T14:27:40,83.682564,-56.244820,nan
2024-08-08T14:27:40,83.682549,-56.245186,nan
2024-08-08T14:27:39,83.682533,-56.245556,nan
2024-08-08T14:27:39,83.682526,-56.245922,nan
2024-08-08T14:27:38,83.682510,-56.246284,nan
2024-08-08T14:27:38,83.682495,-56.246651,nan
2024-08-08T14:27:37,83.682480,-56.247013,nan
2024-08-08T14:27:37,83.682465,-56.247375,nan
2024-08-08T14:27:36,83.682434,-56.248100,nan
2024-08-08T14:27:35,83.682419,-56.248466,nan
2024-08-08T14:27:35,83.682404,-56.248829,nan
2024-08-08T14:27:34,83.682388,-56.249191,nan
2024-08-08T14:27:34,83.682365,-56.249554,nan
2024-08-08T14:27:33,83.682335,-56.250275,nan
2024-08-08T14:27:32,83.682320,-56.250637,nan
2024-08-08T14:27:32,83.682304,-56.251003,nan
2024-08-08T14:27:31,83.682289,-56.251366,nan
2024-08-08T14:27:31,83.682274,-56.251732,nan
2024-08-08T14:27:30,83.682259,-56.252094,nan
2024-08-08T14:27:30,83.682243,-56.252464,nan
2024-08-08T14:27:29,83.682228,-56.252831,nan
2024-08-08T14:27:29,83.682213,-56.253204,nan
2024-08-08T14:27:28,83.682198,-56.253582,nan
2024-08-08T14:27:28,83.682182,-56.253963,nan
2024-08-08T14:27:27,83.682167,-56.254356,nan
2024-08-08T14:27:27,83.682152,-56.254753,nan
2024-08-08T14:27:26,83.682137,-56.255150,nan
2024-08-08T14:27:26,83.682121,-56.255550,nan
2024-08-08T14:27:25,83.682106,-56.255955,nan
2024-08-08T14:27:25,83.682091,-56.256359,nan
2024-08-08T14:27:24,83.682076,-56.256767,nan
2024-08-08T14:27:24,83.682068,-56.257172,nan
2024-08-08T14:27:23,83.682053,-56.257576,nan
2024-08-08T14:27:23,83.682037,-56.257980,nan
2024-08-08T14:27:22,83.682022,-56.258385,nan
2024-08-08T14:27:22,83.682007,-56.258781,nan
2024-08-08T14:27:21,83.681992,-56.259178,nan
2024-08-08T14:27:21,83.681976,-56.259571,nan
2024-08-08T14:27:20,83.681961,-56.259960,nan
2024-08-08T14:27:20,83.681946,-56.260349,nan
2024-08-08T14:27:19,83.681931,-56.260735,nan
2024-08-08T14:27:19,83.681915,-56.261120,nan
2024-08-08T14:27:18,83.681892,-56.261505,nan
2024-08-08T14:27:18,83.681877,-56.261894,nan
2024-08-08T14:27:17,83.681862,-56.262280,nan
2024-08-08T14:27:17,83.681847,-56.262669,nan
2024-08-08T14:27:16,83.681831,-56.263058,nan
2024-08-08T14:27:16,83.681808,-56.263447,nan
2024-08-08T14:27:15,83.681793,-56.263832,nan
2024-08-08T14:27:15,83.681778,-56.264221,nan
2024-08-08T14:27:14,83.681763,-56.264614,nan
2024-08-08T14:27:14,83.681740,-56.265007,nan
2024-08-08T14:27:13,83.681725,-56.265404,nan
2024-08-08T14:27:13,83.681709,-56.265797,nan
2024-08-08T14:27:12,83.681694,-56.266193,nan
2024-08-08T14:27:12,83.681679,-56.266586,nan
2024-08-08T14:27:11,83.681664,-56.266983,nan
2024-08-08T14:27:11,83.681641,-56.267380,nan
2024-08-08T14:27:10,83.681625,-56.267776,nan
2024-08-08T14:27:10,83.681610,-56.268169,nan
2024-08-08T14:27:09,83.681595,-56.268570,nan
2024-08-08T14:27:09,83.681580,-56.268963,nan
2024-08-08T14:27:08,83.681564,-56.269360,nan
2024-08-08T14:27:08,83.681557,-56.269756,nan
2024-08-08T14:27:07,83.681541,-56.270157,nan
2024-08-08T14:27:07,83.681526,-56.270554,nan
2024-08-08T14:27:06,83.681511,-56.270958,nan
2024-08-08T14:27:06,83.681496,-56.271358,nan
2024-08-08T14:27:05,83.681488,-56.271767,nan
2024-08-08T14:27:05,83.681473,-56.272171,nan
2024-08-08T14:27:04,83.681458,-56.272579,nan
2024-08-08T14:27:04,83.681450,-56.272995,nan
2024-08-08T14:27:03,83.681435,-56.273411,nan
2024-08-08T14:27:03,83.681419,-56.273823,nan
2024-08-08T14:27:02,83.681412,-56.274246,nan
2024-08-08T14:27:02,83.681396,-56.274666,nan
2024-08-08T14:27:01,83.681381,-56.275085,nan
2024-08-08T14:27:01,83.681374,-56.275505,nan
2024-08-08T14:27:00,83.681358,-56.275921,nan
2024-08-08T14:27:00,83.681351,-56.276337,nan
2024-08-08T14:26:59,83.681335,-56.276752,nan
2024-08-08T14:26:59,83.681328,-56.277161,nan
2024-08-08T14:26:58,83.681313,-56.277569,nan
2024-08-08T14:26:58,83.681305,-56.277977,nan
2024-08-08T14:26:57,83.681290,-56.278389,nan
2024-08-08T14:26:57,83.681282,-56.278801,nan
2024-08-08T14:26:56,83.681274,-56.279213,nan
2024-08-08T14:26:56,83.681259,-56.279625,nan
2024-08-08T14:26:55,83.681252,-56.280045,nan
2024-08-08T14:26:55,83.681244,-56.280468,nan
2024-08-08T14:26:54,83.681229,-56.280891,nan
2024-08-08T14:26:54,83.681221,-56.281319,nan
2024-08-08T14:26:53,83.681206,-56.281750,nan
2024-08-08T14:26:53,83.681198,-56.282181,nan
2024-08-08T14:26:52,83.681183,-56.282612,nan
2024-08-08T14:26:52,83.681175,-56.283039,nan
2024-08-08T14:26:51,83.681160,-56.283474,nan
2024-08-08T14:26:51,83.681145,-56.283905,nan
2024-08-08T14:26:50,83.681137,-56.284340,nan
2024-08-08T14:26:50,83.681122,-56.284771,nan
2024-08-08T14:26:49,83.681114,-56.285198,nan
2024-08-08T14:26:49,83.681107,-56.285637,nan
2024-08-08T14:26:48,83.681091,-56.286072,nan
2024-08-08T14:26:48,83.681084,-56.286503,nan
2024-08-08T14:26:47,83.681068,-56.286938,nan
2024-08-08T14:26:47,83.681061,-56.287373,nan
2024-08-08T14:26:46,83.681053,-56.287804,nan
2024-08-08T14:26:46,83.681038,-56.288227,nan
2024-08-08T14:26:45,83.681030,-56.288654,nan
2024-08-08T14:26:45,83.681015,-56.289078,nan
2024-08-08T14:26:44,83.681000,-56.289505,nan
2024-08-08T14:26:44,83.680992,-56.289928,nan
2024-08-08T14:26:43,83.680977,-56.290356,nan
2024-08-08T14:26:43,83.680962,-56.290779,nan
2024-08-08T14:26:42,83.680946,-56.291203,nan
2024-08-08T14:26:42,83.680939,-56.291622,nan
2024-08-08T14:26:41,83.680923,-56.292042,nan
2024-08-08T14:26:41,83.680908,-56.292461,nan
2024-08-08T14:26:40,83.680893,-56.292885,nan
2024-08-08T14:26:40,83.680878,-56.293304,nan
2024-08-08T14:26:39,83.680862,-56.293728,nan
2024-08-08T14:26:39,83.680847,-56.294147,nan
2024-08-08T14:26:38,83.680832,-56.294575,nan
2024-08-08T14:26:38,83.680817,-56.294998,nan
2024-08-08T14:26:37,83.680801,-56.295422,nan
2024-08-08T14:26:37,83.680786,-56.295841,nan
2024-08-08T14:26:36,83.680771,-56.296265,nan
2024-08-08T14:26:36,83.680756,-56.296684,nan
2024-08-08T14:26:35,83.680740,-56.297100,nan
2024-08-08T14:26:35,83.680725,-56.297520,nan
2024-08-08T14:26:34,83.680710,-56.297935,nan
2024-08-08T14:26:34,83.680702,-56.298355,nan
2024-08-08T14:26:33,83.680687,-56.298775,nan
2024-08-08T14:26:32,83.680656,-56.299606,nan
2024-08-08T14:26:32,83.680641,-56.300022,nan
2024-08-08T14:26:31,83.680626,-56.300434,nan
2024-08-08T14:26:31,83.680611,-56.300854,nan
2024-08-08T14:26:30,83.680595,-56.301273,nan
2024-08-08T14:26:30,83.680580,-56.301693,nan
2024-08-08T14:26:29,83.680565,-56.302113,nan
2024-08-08T14:26:29,83.680550,-56.302536,nan
2024-08-08T14:26:28,83.680534,-56.302959,nan
2024-08-08T14:26:28,83.680527,-56.303383,nan
2024-08-08T14:26:27,83.680511,-56.303802,nan
2024-08-08T14:26:27,83.680496,-56.304230,nan
2024-08-08T14:26:26,83.680481,-56.304653,nan
2024-08-08T14:26:26,83.680466,-56.305080,nan
2024-08-08T14:26:25,83.680458,-56.305511,nan
2024-08-08T14:26:25,83.680443,-56.305939,nan
2024-08-08T14:26:24,83.680428,-56.306370,nan
2024-08-08T14:26:24,83.680412,-56.306797,nan
2024-08-08T14:26:23,83.680405,-56.307224,nan
2024-08-08T14:26:23,83.680389,-56.307652,nan
2024-08-08T14:26:22,83.680374,-56.308083,nan
2024-08-08T14:26:22,83.680359,-56.308510,nan
2024-08-08T14:26:21,83.680344,-56.308941,nan
2024-08-08T14:26:21,83.680328,-56.309372,nan
2024-08-08T14:26:20,83.680321,-56.309807,nan
2024-08-08T14:26:20,83.680305,-56.310242,nan
2024-08-08T14:26:19,83.680290,-56.310677,nan
2024-08-08T14:26:19,83.680283,-56.311115,nan
2024-08-08T14:26:18,83.680267,-56.311554,nan
2024-08-08T14:26:18,83.680260,-56.311996,nan
2024-08-08T14:26:17,83.680244,-56.312439,nan
2024-08-08T14:26:17,83.680229,-56.312881,nan
2024-08-08T14:26:16,83.680222,-56.313324,nan
2024-08-08T14:26:16,83.680206,-56.313774,nan
2024-08-08T14:26:15,83.680199,-56.314220,nan
2024-08-08T14:26:15,83.680183,-56.314667,nan
2024-08-08T14:26:14,83.680176,-56.315117,nan
2024-08-08T14:26:14,83.680161,-56.315563,nan
2024-08-08T14:26:13,83.680145,-56.316017,nan
2024-08-08T14:26:13,83.680138,-56.316463,nan
2024-08-08T14:26:12,83.680122,-56.316914,nan
2024-08-08T14:26:12,83.680115,-56.317364,nan
2024-08-08T14:26:11,83.680099,-56.317814,nan
2024-08-08T14:26:11,83.680092,-56.318260,nan
2024-08-08T14:26:10,83.680077,-56.318703,nan
2024-08-08T14:26:10,83.680069,-56.319149,nan
2024-08-08T14:26:09,83.680061,-56.319595,nan
2024-08-08T14:26:09,83.680046,-56.320038,nan
2024-08-08T14:26:08,83.680038,-56.320480,nan
2024-08-08T14:26:08,83.680023,-56.320919,nan
2024-08-08T14:26:07,83.680016,-56.321362,nan
2024-08-08T14:26:07,83.680000,-56.321800,nan
2024-08-08T14:26:06,83.679993,-56.322235,nan
2024-08-08T14:26:06,83.679977,-56.322674,nan
2024-08-08T14:26:05,83.679970,-56.323112,nan
2024-08-08T14:26:05,83.679955,-56.323547,nan
2024-08-08T14:26:04,83.679947,-56.323982,nan
2024-08-08T14:26:04,83.679932,-56.324421,nan
2024-08-08T14:26:03,83.679924,-56.324863,nan
2024-08-08T14:26:03,83.679916,-56.325306,nan
2024-08-08T14:26:02,83.679901,-56.325752,nan
2024-08-08T14:26:02,83.679893,-56.326199,nan
2024-08-08T14:26:01,83.679878,-56.326653,nan
2024-08-08T14:26:01,83.679871,-56.327106,nan
2024-08-08T14:26:00,83.679863,-56.327564,nan
2024-08-08T14:26:00,83.679855,-56.328022,nan
2024-08-08T14:25:59,83.679840,-56.328480,nan
2024-08-08T14:25:59,83.679832,-56.328941,nan
2024-08-08T14:25:58,83.679825,-56.329407,nan
2024-08-08T14:25:58,83.679810,-56.329868,nan
2024-08-08T14:25:57,83.679802,-56.330334,nan
2024-08-08T14:25:57,83.679794,-56.330795,nan
2024-08-08T14:25:56,83.679779,-56.331257,nan
2024-08-08T14:25:56,83.679771,-56.331722,nan
2024-08-08T14:25:55,83.679764,-56.332188,nan
2024-08-08T14:25:55,83.679749,-56.332653,nan
2024-08-08T14:25:54,83.679741,-56.333126,nan
2024-08-08T14:25:54,83.679733,-56.333599,nan
2024-08-08T14:25:53,83.679718,-56.334072,nan
2024-08-08T14:25:53,83.679710,-56.334549,nan
2024-08-08T14:25:52,83.679695,-56.335026,nan
2024-08-08T14:25:52,83.679688,-56.335506,nan
2024-08-08T14:25:51,83.679672,-56.335991,nan
2024-08-08T14:25:51,83.679665,-56.336468,nan
2024-08-08T14:25:50,83.679649,-56.336948,nan
2024-08-08T14:25:50,83.679642,-56.337429,nan
2024-08-08T14:25:49,83.679626,-56.337917,nan
2024-08-08T14:25:49,83.679619,-56.338402,nan
2024-08-08T14:25:48,83.679604,-56.338886,nan
2024-08-08T14:25:48,83.679596,-56.339375,nan
2024-08-08T14:25:47,83.679588,-56.339855,nan
2024-08-08T14:25:47,83.679573,-56.340332,nan
2024-08-08T14:25:46,83.679565,-56.340813,nan
2024-08-08T14:25:46,83.679558,-56.341290,nan
2024-08-08T14:25:45,83.679543,-56.341770,nan
2024-08-08T14:25:45,83.679527,-56.342247,nan
2024-08-08T14:25:44,83.679520,-56.342731,nan
2024-08-08T14:25:44,83.679512,-56.343212,nan
2024-08-08T14:25:43,83.679497,-56.343697,nan
2024-08-08T14:25:43,83.679489,-56.344177,nan
2024-08-08T14:25:42,83.679482,-56.344669,nan
2024-08-08T14:25:42,83.679466,-56.345158,nan
2024-08-08T14:25:41,83.679459,-56.345646,nan
2024-08-08T14:25:41,83.679451,-56.346138,nan
2024-08-08T14:25:40,83.679443,-56.346630,nan
2024-08-08T14:25:40,83.679436,-56.347118,nan
2024-08-08T14:25:39,83.679428,-56.347603,nan
2024-08-08T14:25:39,83.679420,-56.348087,nan
2024-08-08T14:25:38,83.679413,-56.348572,nan
2024-08-08T14:25:38,83.679405,-56.349052,nan
2024-08-08T14:25:37,83.679398,-56.349537,nan
2024-08-08T14:25:37,83.679390,-56.350025,nan
2024-08-08T14:25:36,83.679382,-56.350510,nan
2024-08-08T14:25:36,83.679375,-56.350998,nan
2024-08-08T14:25:35,83.679367,-56.351486,nan
2024-08-08T14:25:35,83.679359,-56.351971,nan
2024-08-08T14:25:34,83.679352,-56.352459,nan
2024-08-08T14:25:34,83.679344,-56.352947,nan
2024-08-08T14:25:33,83.679337,-56.353432,nan
2024-08-08T14:25:33,83.679329,-56.353912,nan
2024-08-08T14:25:32,83.679321,-56.354393,nan
2024-08-08T14:25:32,83.679321,-56.354877,nan
2024-08-08T14:25:31,83.679314,-56.355366,nan
2024-08-08T14:25:31,83.679306,-56.355850,nan
2024-08-08T14:25:30,83.679298,-56.356335,nan
2024-08-08T14:25:30,83.679298,-56.356823,nan
2024-08-08T14:25:29,83.679291,-56.357311,nan
2024-08-08T14:25:29,83.679291,-56.357803,nan
2024-08-08T14:25:28,83.679283,-56.358292,nan
2024-08-08T14:25:28,83.679276,-56.358784,nan
2024-08-08T14:25:27,83.679276,-56.359272,nan
2024-08-08T14:25:27,83.679268,-56.359760,nan
2024-08-08T14:25:26,83.679268,-56.360252,nan
2024-08-08T14:25:26,83.679260,-56.360744,nan
2024-08-08T14:25:25,83.679253,-56.361237,nan
2024-08-08T14:25:25,83.679253,-56.361729,nan
2024-08-08T14:25:24,83.679245,-56.362221,nan
2024-08-08T14:25:24,83.679245,-56.362717,nan
2024-08-08T14:25:23,83.679237,-56.363216,nan
2024-08-08T14:25:23,83.679237,-56.363716,nan
2024-08-08T14:25:22,83.679230,-56.364220,nan
2024-08-08T14:25:22,83.679230,-56.364719,nan
2024-08-08T14:25:21,83.679222,-56.365219,nan
2024-08-08T14:25:21,83.679214,-56.365719,nan
2024-08-08T14:25:20,83.679214,-56.366222,nan
2024-08-08T14:25:20,83.679207,-56.366722,nan
2024-08-08T14:25:19,83.679199,-56.367222,nan
2024-08-08T14:25:19,83.679199,-56.367722,nan
2024-08-08T14:25:18,83.679192,-56.368217,nan
2024-08-08T14:25:18,83.679184,-56.368717,nan
2024-08-08T14:25:17,83.679176,-56.369209,nan
2024-08-08T14:25:17,83.679169,-56.369701,nan
2024-08-08T14:25:16,83.679161,-56.370193,nan
2024-08-08T14:25:16,83.679153,-56.370686,nan
2024-08-08T14:25:15,83.679146,-56.371178,nan
2024-08-08T14:25:15,83.679146,-56.371670,nan
2024-08-08T14:25:14,83.679138,-56.372154,nan
2024-08-08T14:25:14,83.679131,-56.372643,nan
2024-08-08T14:25:13,83.679123,-56.373123,nan
2024-08-08T14:25:13,83.679115,-56.373604,nan
2024-08-08T14:25:12,83.679108,-56.374077,nan
2024-08-08T14:25:12,83.679100,-56.374550,nan
2024-08-08T14:25:11,83.679092,-56.375023,nan
2024-08-08T14:25:11,83.679085,-56.375488,nan
2024-08-08T14:25:10,83.679085,-56.375957,nan
2024-08-08T14:25:10,83.679077,-56.376419,nan
2024-08-08T14:25:09,83.679070,-56.376884,nan
2024-08-08T14:25:09,83.679070,-56.377346,nan
2024-08-08T14:25:08,83.679062,-56.377811,nan
2024-08-08T14:25:08,83.679062,-56.378273,nan
2024-08-08T14:25:07,83.679054,-56.378738,nan
2024-08-08T14:25:07,83.679054,-56.379204,nan
2024-08-08T14:25:06,83.679054,-56.379669,nan
2024-08-08T14:25:06,83.679054,-56.380138,nan
2024-08-08T14:25:05,83.679054,-56.380608,nan
2024-08-08T14:25:05,83.679054,-56.381081,nan
2024-08-08T14:25:04,83.679047,-56.381557,nan
2024-08-08T14:25:04,83.679047,-56.382034,nan
2024-08-08T14:25:03,83.679047,-56.382519,nan
2024-08-08T14:25:03,83.679047,-56.382999,nan
2024-08-08T14:25:02,83.679047,-56.383488,nan
2024-08-08T14:25:02,83.679039,-56.383968,nan
2024-08-08T14:25:01,83.679039,-56.384464,nan
2024-08-08T14:25:01,83.679039,-56.384953,nan
2024-08-08T14:25:00,83.679031,-56.385445,nan
2024-08-08T14:25:00,83.679031,-56.385941,nan
2024-08-08T14:24:59,83.679031,-56.386436,nan
2024-08-08T14:24:59,83.679024,-56.386932,nan
2024-08-08T14:24:58,83.679024,-56.387428,nan
2024-08-08T14:24:58,83.679016,-56.387932,nan
2024-08-08T14:24:57,83.679016,-56.388432,nan
2024-08-08T14:24:57,83.679008,-56.388935,nan
2024-08-08T14:24:56,83.679008,-56.389435,nan
2024-08-08T14:24:56,83.679001,-56.389938,nan
2024-08-08T14:24:55,83.678993,-56.390442,nan
2024-08-08T14:24:55,83.678993,-56.390942,nan
2024-08-08T14:24:54,83.678986,-56.391441,nan
2024-08-08T14:24:54,83.678978,-56.391945,nan
2024-08-08T14:24:53,83.678978,-56.392445,nan
2024-08-08T14:24:53,83.678970,-56.392941,nan
2024-08-08T14:24:52,83.678963,-56.393440,nan
2024-08-08T14:24:52,83.678963,-56.393936,nan
2024-08-08T14:24:51,83.678955,-56.394436,nan
2024-08-08T14:24:51,83.678947,-56.394928,nan
2024-08-08T14:24:50,83.678947,-56.395420,nan
2024-08-08T14:24:50,83.678940,-56.395908,nan
2024-08-08T14:24:49,83.678932,-56.396393,nan
2024-08-08T14:24:49,83.678932,-56.396877,nan
2024-08-08T14:24:48,83.678925,-56.397354,nan
2024-08-08T14:24:48,83.678925,-56.397835,nan
2024-08-08T14:24:47,83.678917,-56.398308,nan
2024-08-08T14:24:47,83.678909,-56.398781,nan
2024-08-08T14:24:46,83.678909,-56.399250,nan
2024-08-08T14:24:46,83.678902,-56.399723,nan
2024-08-08T14:24:45,83.678894,-56.400188,nan
2024-08-08T14:24:45,83.678894,-56.400661,nan
2024-08-08T14:24:44,83.678886,-56.401134,nan
2024-08-08T14:24:44,83.678879,-56.401604,nan
2024-08-08T14:24:43,83.678879,-56.402081,nan
2024-08-08T14:24:43,83.678871,-56.402554,nan
2024-08-08T14:24:42,83.678864,-56.403023,nan
2024-08-08T14:24:42,83.678864,-56.403496,nan
2024-08-08T14:24:41,83.678856,-56.403969,nan
2024-08-08T14:24:41,83.678856,-56.404438,nan
2024-08-08T14:24:40,83.678848,-56.404907,nan
2024-08-08T14:24:40,83.678848,-56.405380,nan
2024-08-08T14:24:39,83.678841,-56.405853,nan
2024-08-08T14:24:39,83.678841,-56.406330,nan
2024-08-08T14:24:38,83.678833,-56.406807,nan
2024-08-08T14:24:38,83.678833,-56.407280,nan
2024-08-08T14:24:37,83.678825,-56.407753,nan
2024-08-08T14:24:37,83.678825,-56.408222,nan
2024-08-08T14:24:36,83.678818,-56.408695,nan
2024-08-08T14:24:36,83.678818,-56.409164,nan
2024-08-08T14:24:35,83.678818,-56.409637,nan
2024-08-08T14:24:35,83.678810,-56.410110,nan
2024-08-08T14:24:34,83.678802,-56.410591,nan
2024-08-08T14:24:34,83.678802,-56.411072,nan
2024-08-08T14:24:33,83.678795,-56.411556,nan
2024-08-08T14:24:33,83.678795,-56.412041,nan
2024-08-08T14:24:32,83.678787,-56.412529,nan
2024-08-08T14:24:32,83.678787,-56.413013,nan
2024-08-08T14:24:31,83.678780,-56.413502,nan
2024-08-08T14:24:31,83.678780,-56.413986,nan
2024-08-08T14:24:30,83.678772,-56.414471,nan
2024-08-08T14:24:30,83.678772,-56.414948,nan
2024-08-08T14:24:29,83.678764,-56.415428,nan
2024-08-08T14:24:29,83.678764,-56.415905,nan
2024-08-08T14:24:28,83.678757,-56.416374,nan
2024-08-08T14:24:28,83.678749,-56.416847,nan
2024-08-08T14:24:27,83.678749,-56.417316,nan
2024-08-08T14:24:27,83.678741,-56.417786,nan
2024-08-08T14:24:26,83.678734,-56.418247,nan
2024-08-08T14:24:26,83.678726,-56.418713,nan
2024-08-08T14:24:25,83.678726,-56.419174,nan
2024-08-08T14:24:25,83.678719,-56.419636,nan
2024-08-08T14:24:24,83.678711,-56.420097,nan
2024-08-08T14:24:24,83.678703,-56.420563,nan
2024-08-08T14:24:23,83.678696,-56.421024,nan
2024-08-08T14:24:23,83.678696,-56.421490,nan
2024-08-08T14:24:22,83.678688,-56.421955,nan
2024-08-08T14:24:22,83.678680,-56.422417,nan
2024-08-08T14:24:21,83.678673,-56.422871,nan
2024-08-08T14:24:21,83.678665,-56.423325,nan
2024-08-08T14:24:20,83.678658,-56.423782,nan
2024-08-08T14:24:20,83.678658,-56.424236,nan
2024-08-08T14:24:19,83.678650,-56.424694,nan
2024-08-08T14:24:19,83.678642,-56.425148,nan
2024-08-08T14:24:18,83.678635,-56.425598,nan
2024-08-08T14:24:18,83.678635,-56.426052,nan
2024-08-08T14:24:17,83.678627,-56.426506,nan
2024-08-08T14:24:17,83.678619,-56.426956,nan
2024-08-08T14:24:16,83.678619,-56.427402,nan
2024-08-08T14:24:16,83.678612,-56.427853,nan
2024-08-08T14:24:15,83.678612,-56.428299,nan
2024-08-08T14:24:15,83.678604,-56.428745,nan
2024-08-08T14:24:14,83.678604,-56.429195,nan
2024-08-08T14:24:14,83.678596,-56.429646,nan
2024-08-08T14:24:13,83.678596,-56.430096,nan
2024-08-08T14:24:13,83.678589,-56.430538,nan
2024-08-08T14:24:12,83.678589,-56.430984,nan
2024-08-08T14:24:12,83.678581,-56.431427,nan
2024-08-08T14:24:11,83.678581,-56.431870,nan
2024-08-08T14:24:11,83.678574,-56.432308,nan
2024-08-08T14:24:10,83.678574,-56.432751,nan
2024-08-08T14:24:10,83.678566,-56.433189,nan
2024-08-08T14:24:09,83.678566,-56.433632,nan
2024-08-08T14:24:09,83.678558,-56.434071,nan
2024-08-08T14:24:08,83.678558,-56.434517,nan
2024-08-08T14:24:08,83.678558,-56.434959,nan
2024-08-08T14:24:07,83.678551,-56.435402,nan
2024-08-08T14:24:07,83.678551,-56.435848,nan
2024-08-08T14:24:06,83.678543,-56.436295,nan
2024-08-08T14:24:06,83.678543,-56.436737,nan
2024-08-08T14:24:05,83.678535,-56.437180,nan
2024-08-08T14:24:05,83.678535,-56.437622,nan
2024-08-08T14:24:04,83.678528,-56.438057,nan
2024-08-08T14:24:04,83.678528,-56.438496,nan
2024-08-08T14:24:03,83.678520,-56.438931,nan
2024-08-08T14:24:03,83.678513,-56.439358,nan
2024-08-08T14:24:02,83.678513,-56.439789,nan
2024-08-08T14:24:02,83.678505,-56.440224,nan
2024-08-08T14:24:01,83.678505,-56.440651,nan
2024-08-08T14:24:01,83.678497,-56.441082,nan
2024-08-08T14:24:00,83.678497,-56.441509,nan
2024-08-08T14:24:00,83.678490,-56.441944,nan
2024-08-08T14:23:59,83.678490,-56.442375,nan
2024-08-08T14:23:59,83.678490,-56.442810,nan
2024-08-08T14:23:58,83.678490,-56.443245,nan
2024-08-08T14:23:58,83.678482,-56.443687,nan
2024-08-08T14:23:57,83.678482,-56.444134,nan
2024-08-08T14:23:57,83.678482,-56.444580,nan
2024-08-08T14:23:56,83.678482,-56.445030,nan
2024-08-08T14:23:56,83.678482,-56.445484,nan
2024-08-08T14:23:55,83.678482,-56.445934,nan
2024-08-08T14:23:55,83.678490,-56.446388,nan
2024-08-08T14:23:54,83.678490,-56.446842,nan
2024-08-08T14:23:54,83.678490,-56.447300,nan
2024-08-08T14:23:53,83.678490,-56.447754,nan
2024-08-08T14:23:53,83.678482,-56.448208,nan
2024-08-08T14:23:52,83.678482,-56.448658,nan
2024-08-08T14:23:52,83.678482,-56.449104,nan
2024-08-08T14:23:51,83.678482,-56.449551,nan
2024-08-08T14:23:51,83.678482,-56.449993,nan
2024-08-08T14:23:50,83.678474,-56.450436,nan
2024-08-08T14:23:50,83.678474,-56.450874,nan
2024-08-08T14:23:49,83.678474,-56.451313,nan
2024-08-08T14:23:49,83.678474,-56.451744,nan
2024-08-08T14:23:48,83.678474,-56.452171,nan
2024-08-08T14:23:48,83.678474,-56.452602,nan
2024-08-08T14:23:47,83.678474,-56.453033,nan
2024-08-08T14:23:47,83.678474,-56.453461,nan
2024-08-08T14:23:46,83.678482,-56.453892,nan
2024-08-08T14:23:46,83.678482,-56.454327,nan
2024-08-08T14:23:45,83.678482,-56.454762,nan
2024-08-08T14:23:45,83.678490,-56.455204,nan
2024-08-08T14:23:44,83.678490,-56.455647,nan
2024-08-08T14:23:44,83.678497,-56.456093,nan
2024-08-08T14:23:43,83.678497,-56.456543,nan
2024-08-08T14:23:43,83.678505,-56.456997,nan
2024-08-08T14:23:42,83.678505,-56.457458,nan
2024-08-08T14:23:42,83.678513,-56.457916,nan
2024-08-08T14:23:41,83.678513,-56.458382,nan
2024-08-08T14:23:41,83.678520,-56.458847,nan
2024-08-08T14:23:40,83.678520,-56.459316,nan
2024-08-08T14:23:40,83.678528,-56.459789,nan
2024-08-08T14:23:39,83.678535,-56.460262,nan
2024-08-08T14:23:39,83.678535,-56.460735,nan
2024-08-08T14:23:38,83.678543,-56.461208,nan
2024-08-08T14:23:38,83.678543,-56.461685,nan
2024-08-08T14:23:37,83.678551,-56.462162,nan
2024-08-08T14:23:37,83.678551,-56.462635,nan
2024-08-08T14:23:36,83.678558,-56.463116,nan
2024-08-08T14:23:36,83.678558,-56.463589,nan
2024-08-08T14:23:35,83.678566,-56.464069,nan
2024-08-08T14:23:35,83.678566,-56.464550,nan
2024-08-08T14:23:34,83.678574,-56.465031,nan
2024-08-08T14:23:34,83.678574,-56.465508,nan
2024-08-08T14:23:33,83.678581,-56.465988,nan
2024-08-08T14:23:33,83.678581,-56.466465,nan
2024-08-08T14:23:32,83.678581,-56.466942,nan
2024-08-08T14:23:32,83.678589,-56.467422,nan
2024-08-08T14:23:31,83.678589,-56.467903,nan
2024-08-08T14:23:31,83.678596,-56.468384,nan
2024-08-08T14:23:30,83.678596,-56.468861,nan
2024-08-08T14:23:30,83.678604,-56.469341,nan
2024-08-08T14:23:29,83.678604,-56.469822,nan
2024-08-08T14:23:29,83.678612,-56.470295,nan
2024-08-08T14:23:28,83.678619,-56.470772,nan
2024-08-08T14:23:28,83.678619,-56.471241,nan
2024-08-08T14:23:27,83.678627,-56.471706,nan
2024-08-08T14:23:27,83.678635,-56.472176,nan
2024-08-08T14:23:26,83.678635,-56.472641,nan
2024-08-08T14:23:26,83.678642,-56.473099,nan
2024-08-08T14:23:25,83.678642,-56.473557,nan
2024-08-08T14:23:25,83.678650,-56.474018,nan
2024-08-08T14:23:24,83.678658,-56.474476,nan
2024-08-08T14:23:24,83.678665,-56.474930,nan
2024-08-08T14:23:23,83.678665,-56.475384,nan
2024-08-08T14:23:23,83.678673,-56.475834,nan
2024-08-08T14:23:22,83.678680,-56.476284,nan
2024-08-08T14:23:22,83.678688,-56.476734,nan
2024-08-08T14:23:21,83.678688,-56.477188,nan
2024-08-08T14:23:21,83.678696,-56.477638,nan
2024-08-08T14:23:20,83.678703,-56.478092,nan
2024-08-08T14:23:20,83.678711,-56.478546,nan
2024-08-08T14:23:19,83.678719,-56.479000,nan
2024-08-08T14:23:19,83.678719,-56.479458,nan
2024-08-08T14:23:18,83.678726,-56.479919,nan
2024-08-08T14:23:18,83.678734,-56.480381,nan
2024-08-08T14:23:17,83.678741,-56.480843,nan
2024-08-08T14:23:17,83.678741,-56.481308,nan
2024-08-08T14:23:16,83.678749,-56.481770,nan
2024-08-08T14:23:16,83.678757,-56.482231,nan
2024-08-08T14:23:15,83.678757,-56.482693,nan
2024-08-08T14:23:15,83.678764,-56.483158,nan
2024-08-08T14:23:14,83.678772,-56.483631,nan
2024-08-08T14:23:14,83.678772,-56.484104,nan
2024-08-08T14:23:13,83.678780,-56.484581,nan
2024-08-08T14:23:13,83.678787,-56.485058,nan
2024-08-08T14:23:12,83.678795,-56.485535,nan
2024-08-08T14:23:12,83.678795,-56.486012,nan
2024-08-08T14:23:11,83.678802,-56.486488,nan
2024-08-08T14:23:11,83.678810,-56.486969,nan
2024-08-08T14:23:10,83.678818,-56.487446,nan
2024-08-08T14:23:10,83.678825,-56.487926,nan
2024-08-08T14:23:09,83.678833,-56.488403,nan
2024-08-08T14:23:09,83.678841,-56.488884,nan
2024-08-08T14:23:08,83.678848,-56.489365,nan
2024-08-08T14:23:08,83.678856,-56.489845,nan
2024-08-08T14:23:07,83.678864,-56.490322,nan
2024-08-08T14:23:07,83.678871,-56.490803,nan
2024-08-08T14:23:06,83.678879,-56.491280,nan
2024-08-08T14:23:06,83.678886,-56.491749,nan
2024-08-08T14:23:05,83.678894,-56.492226,nan
2024-08-08T14:23:05,83.678902,-56.492702,nan
2024-08-08T14:23:04,83.678917,-56.493176,nan
2024-08-08T14:23:04,83.678925,-56.493652,nan
2024-08-08T14:23:03,83.678932,-56.494125,nan
2024-08-08T14:23:03,83.678947,-56.494602,nan
2024-08-08T14:23:02,83.678955,-56.495075,nan
2024-08-08T14:23:02,83.678963,-56.495552,nan
2024-08-08T14:23:01,83.678978,-56.496025,nan
2024-08-08T14:23:01,83.678986,-56.496494,nan
2024-08-08T14:23:00,83.678993,-56.496971,nan
2024-08-08T14:23:00,83.679008,-56.497448,nan
2024-08-08T14:22:59,83.679016,-56.497925,nan
2024-08-08T14:22:59,83.679031,-56.498402,nan
2024-08-08T14:22:58,83.679039,-56.498886,nan
2024-08-08T14:22:58,83.679047,-56.499363,nan
2024-08-08T14:22:57,83.679062,-56.499844,nan
2024-08-08T14:22:57,83.679070,-56.500328,nan
2024-08-08T14:22:56,83.679077,-56.500809,nan
2024-08-08T14:22:56,83.679092,-56.501293,nan
2024-08-08T14:22:55,83.679100,-56.501781,nan
2024-08-08T14:22:55,83.679108,-56.502270,nan
2024-08-08T14:22:54,83.679115,-56.502750,nan
2024-08-08T14:22:54,83.679131,-56.503235,nan
2024-08-08T14:22:53,83.679138,-56.503719,nan
2024-08-08T14:22:53,83.679146,-56.504204,nan
2024-08-08T14:22:52,83.679153,-56.504692,nan
2024-08-08T14:22:52,83.679169,-56.505177,nan
2024-08-08T14:22:51,83.679176,-56.505665,nan
2024-08-08T14:22:51,83.679184,-56.506153,nan
2024-08-08T14:22:50,83.679192,-56.506638,nan
2024-08-08T14:22:50,83.679207,-56.507126,nan
2024-08-08T14:22:49,83.679214,-56.507610,nan
2024-08-08T14:22:49,83.679222,-56.508091,nan
2024-08-08T14:22:48,83.679237,-56.508575,nan
2024-08-08T14:22:48,83.679245,-56.509056,nan
2024-08-08T14:22:47,83.679260,-56.509541,nan
2024-08-08T14:22:47,83.679268,-56.510021,nan
2024-08-08T14:22:46,83.679283,-56.510502,nan
2024-08-08T14:22:46,83.679291,-56.510986,nan
2024-08-08T14:22:45,83.679306,-56.511471,nan
2024-08-08T14:22:45,83.679321,-56.511951,nan
2024-08-08T14:22:44,83.679329,-56.512436,nan
2024-08-08T14:22:44,83.679344,-56.512920,nan
2024-08-08T14:22:43,83.679359,-56.513401,nan
2024-08-08T14:22:43,83.679367,-56.513882,nan
2024-08-08T14:22:42,83.679382,-56.514366,nan
2024-08-08T14:22:42,83.679398,-56.514847,nan
2024-08-08T14:22:41,83.679405,-56.515327,nan
2024-08-08T14:22:41,83.679420,-56.515812,nan
2024-08-08T14:22:40,83.679436,-56.516296,nan
2024-08-08T14:22:40,83.679451,-56.516781,nan
2024-08-08T14:22:39,83.679466,-56.517269,nan
2024-08-08T14:22:39,83.679482,-56.517754,nan
2024-08-08T14:22:38,83.679497,-56.518238,nan
2024-08-08T14:22:38,83.679504,-56.518726,nan
2024-08-08T14:22:37,83.679520,-56.519215,nan
2024-08-08T14:22:37,83.679535,-56.519703,nan
2024-08-08T14:22:36,83.679550,-56.520195,nan
2024-08-08T14:22:36,83.679565,-56.520687,nan
2024-08-08T14:22:35,83.679581,-56.521187,nan
2024-08-08T14:22:35,83.679604,-56.521687,nan
2024-08-08T14:22:34,83.679619,-56.522182,nan
2024-08-08T14:22:34,83.679634,-56.522686,nan
2024-08-08T14:22:33,83.679649,-56.523186,nan
2024-08-08T14:22:33,83.679665,-56.523682,nan
2024-08-08T14:22:32,83.679680,-56.524181,nan
2024-08-08T14:22:32,83.679695,-56.524681,nan
2024-08-08T14:22:31,83.679710,-56.525173,nan
2024-08-08T14:22:31,83.679726,-56.525669,nan
2024-08-08T14:22:30,83.679741,-56.526169,nan
2024-08-08T14:22:30,83.679756,-56.526661,nan
2024-08-08T14:22:29,83.679771,-56.527149,nan
2024-08-08T14:22:29,83.679787,-56.527637,nan
2024-08-08T14:22:28,83.679810,-56.528122,nan
2024-08-08T14:22:28,83.679817,-56.528606,nan
2024-08-08T14:22:27,83.679840,-56.529091,nan
2024-08-08T14:22:27,83.679855,-56.529579,nan
2024-08-08T14:22:26,83.679871,-56.530060,nan
2024-08-08T14:22:26,83.679886,-56.530540,nan
2024-08-08T14:22:25,83.679901,-56.531029,nan
2024-08-08T14:22:25,83.679916,-56.531509,nan
2024-08-08T14:22:24,83.679932,-56.531990,nan
2024-08-08T14:22:24,83.679955,-56.532478,nan
2024-08-08T14:22:23,83.679970,-56.532967,nan
2024-08-08T14:22:23,83.679985,-56.533455,nan
2024-08-08T14:22:22,83.680000,-56.533951,nan
2024-08-08T14:22:22,83.680023,-56.534439,nan
2024-08-08T14:22:21,83.680038,-56.534927,nan
2024-08-08T14:22:21,83.680061,-56.535416,nan
2024-08-08T14:22:20,83.680077,-56.535908,nan
2024-08-08T14:22:20,83.680099,-56.536400,nan
2024-08-08T14:22:19,83.680115,-56.536888,nan
2024-08-08T14:22:19,83.680138,-56.537380,nan
2024-08-08T14:22:18,83.680153,-56.537880,nan
2024-08-08T14:22:18,83.680176,-56.538380,nan
2024-08-08T14:22:17,83.680199,-56.538883,nan
2024-08-08T14:22:17,83.680214,-56.539391,nan
2024-08-08T14:22:16,83.680237,-56.539898,nan
2024-08-08T14:22:16,83.680260,-56.540405,nan
2024-08-08T14:22:15,83.680275,-56.540909,nan
2024-08-08T14:22:15,83.680298,-56.541405,nan
2024-08-08T14:22:14,83.680321,-56.541897,nan
2024-08-08T14:22:14,83.680336,-56.542381,nan
2024-08-08T14:22:13,83.680351,-56.542862,nan
2024-08-08T14:22:13,83.680374,-56.543335,nan
2024-08-08T14:22:12,83.680389,-56.543804,nan
2024-08-08T14:22:12,83.680412,-56.544266,nan
2024-08-08T14:22:11,83.680428,-56.544724,nan
2024-08-08T14:22:11,83.680443,-56.545174,nan
2024-08-08T14:22:10,83.680458,-56.545620,nan
2024-08-08T14:22:10,83.680473,-56.546059,nan
2024-08-08T14:22:09,83.680489,-56.546494,nan
2024-08-08T14:22:09,83.680504,-56.546921,nan
2024-08-08T14:22:08,83.680519,-56.547344,nan
2024-08-08T14:22:08,83.680527,-56.547764,nan
2024-08-08T14:22:07,83.680534,-56.548191,nan
2024-08-08T14:22:07,83.680550,-56.548615,nan
2024-08-08T14:22:06,83.680557,-56.549042,nan
2024-08-08T14:22:06,83.680565,-56.549473,nan
2024-08-08T14:22:05,83.680580,-56.549908,nan
2024-08-08T14:22:05,83.680588,-56.550343,nan
2024-08-08T14:22:04,83.680595,-56.550789,nan
2024-08-08T14:22:04,83.680603,-56.551228,nan
2024-08-08T14:22:03,83.680611,-56.551678,nan
2024-08-08T14:22:03,83.680611,-56.552135,nan
2024-08-08T14:22:02,83.680618,-56.552597,nan
2024-08-08T14:22:02,83.680626,-56.553062,nan
2024-08-08T14:22:01,83.680626,-56.553535,nan
2024-08-08T14:22:01,83.680626,-56.554012,nan
2024-08-08T14:22:00,83.680634,-56.554493,nan
2024-08-08T14:22:00,83.680634,-56.554981,nan
2024-08-08T14:21:59,83.680634,-56.555477,nan
2024-08-08T14:21:59,83.680634,-56.555973,nan
2024-08-08T14:21:58,83.680641,-56.556469,nan
2024-08-08T14:21:58,83.680641,-56.556973,nan
2024-08-08T14:21:57,83.680641,-56.557480,nan
2024-08-08T14:21:57,83.680641,-56.557987,nan
2024-08-08T14:21:56,83.680649,-56.558495,nan
2024-08-08T14:21:56,83.680649,-56.559006,nan
2024-08-08T14:21:55,83.680649,-56.559509,nan
2024-08-08T14:21:55,83.680656,-56.560017,nan
2024-08-08T14:21:54,83.680656,-56.560520,nan
2024-08-08T14:21:54,83.680656,-56.561035,nan
2024-08-08T14:21:53,83.680664,-56.561546,nan
2024-08-08T14:21:53,83.680664,-56.562065,nan
2024-08-08T14:21:52,83.680664,-56.562592,nan
2024-08-08T14:21:52,83.680664,-56.563122,nan
2024-08-08T14:21:51,83.680664,-56.563656,nan
2024-08-08T14:21:51,83.680664,-56.564198,nan
2024-08-08T14:21:50,83.680664,-56.564743,nan
2024-08-08T14:21:50,83.680664,-56.565289,nan
2024-08-08T14:21:49,83.680664,-56.565845,nan
2024-08-08T14:21:49,83.680664,-56.566406,nan
2024-08-08T14:21:48,83.680664,-56.566963,nan
2024-08-08T14:21:48,83.680664,-56.567528,nan
2024-08-08T14:21:47,83.680664,-56.568089,nan
2024-08-08T14:21:47,83.680664,-56.568638,nan
2024-08-08T14:21:46,83.680664,-56.569187,nan
2024-08-08T14:21:46,83.680672,-56.569733,nan
2024-08-08T14:21:45,83.680672,-56.570274,nan
2024-08-08T14:21:45,83.680672,-56.570808,nan
2024-08-08T14:21:44,83.680679,-56.571339,nan
2024-08-08T14:21:44,83.680679,-56.571873,nan
2024-08-08T14:21:43,83.680679,-56.572403,nan
2024-08-08T14:21:43,83.680679,-56.572933,nan
2024-08-08T14:21:42,83.680679,-56.573463,nan
2024-08-08T14:21:42,83.680672,-56.573990,nan
2024-08-08T14:21:41,83.680672,-56.574512,nan
2024-08-08T14:21:41,83.680664,-56.575035,nan
2024-08-08T14:21:40,83.680656,-56.575554,nan
2024-08-08T14:21:40,83.680656,-56.576073,nan
2024-08-08T14:21:39,83.680649,-56.576588,nan
2024-08-08T14:21:39,83.680641,-56.577106,nan
2024-08-08T14:21:38,83.680634,-56.577621,nan
2024-08-08T14:21:38,83.680634,-56.578136,nan
2024-08-08T14:21:37,83.680626,-56.578651,nan
2024-08-08T14:21:37,83.680611,-56.579166,nan
2024-08-08T14:21:36,83.680603,-56.579693,nan
2024-08-08T14:21:36,83.680595,-56.580219,nan
2024-08-08T14:21:35,83.680588,-56.580750,nan
2024-08-08T14:21:35,83.680573,-56.581287,nan
2024-08-08T14:21:34,83.680565,-56.581829,nan
2024-08-08T14:21:34,83.680550,-56.582371,nan
2024-08-08T14:21:33,83.680542,-56.582920,nan
2024-08-08T14:21:33,83.680534,-56.583462,nan
2024-08-08T14:21:32,83.680519,-56.583996,nan
2024-08-08T14:21:32,83.680511,-56.584526,nan
2024-08-08T14:21:31,83.680496,-56.585052,nan
2024-08-08T14:21:31,83.680489,-56.585575,nan
2024-08-08T14:21:30,83.680473,-56.586098,nan
2024-08-08T14:21:30,83.680458,-56.586617,nan
2024-08-08T14:21:29,83.680443,-56.587147,nan
2024-08-08T14:21:29,83.680428,-56.587681,nan
2024-08-08T14:21:28,83.680405,-56.588219,nan
2024-08-08T14:21:28,83.680389,-56.588764,nan
2024-08-08T14:21:27,83.680367,-56.589306,nan
2024-08-08T14:21:27,83.680351,-56.589855,nan
2024-08-08T14:21:26,83.680328,-56.590408,nan
2024-08-08T14:21:26,83.680313,-56.590969,nan
2024-08-08T14:21:25,83.680290,-56.591530,nan
2024-08-08T14:21:25,83.680275,-56.592091,nan
2024-08-08T14:21:24,83.680252,-56.592655,nan
2024-08-08T14:21:24,83.680229,-56.593220,nan
2024-08-08T14:21:23,83.680214,-56.593788,nan
2024-08-08T14:21:23,83.680191,-56.594364,nan
2024-08-08T14:21:22,83.680168,-56.594944,nan
2024-08-08T14:21:22,83.680153,-56.595528,nan
2024-08-08T14:21:21,83.680130,-56.596119,nan
2024-08-08T14:21:21,83.680115,-56.596718,nan
2024-08-08T14:21:20,83.680092,-56.597317,nan
2024-08-08T14:21:20,83.680077,-56.597927,nan
2024-08-08T14:21:19,83.680054,-56.598541,nan
2024-08-08T14:21:19,83.680038,-56.599152,nan
2024-08-08T14:21:18,83.680016,-56.599770,nan
2024-08-08T14:21:18,83.680000,-56.600391,nan
2024-08-08T14:21:17,83.679985,-56.601013,nan
2024-08-08T14:21:17,83.679970,-56.601646,nan
2024-08-08T14:21:16,83.679955,-56.602280,nan
2024-08-08T14:21:16,83.679939,-56.602913,nan
2024-08-08T14:21:15,83.679932,-56.603558,nan
2024-08-08T14:21:15,83.679916,-56.604202,nan
2024-08-08T14:21:14,83.679901,-56.604847,nan
2024-08-08T14:21:14,83.679893,-56.605495,nan
2024-08-08T14:21:13,83.679886,-56.606148,nan
2024-08-08T14:21:13,83.679878,-56.606796,nan
2024-08-08T14:21:12,83.679871,-56.607437,nan
2024-08-08T14:21:12,83.679855,-56.608082,nan
2024-08-08T14:21:11,83.679855,-56.608719,nan
2024-08-08T14:21:11,83.679848,-56.609352,nan
2024-08-08T14:21:10,83.679840,-56.609978,nan
2024-08-08T14:21:10,83.679840,-56.610596,nan
2024-08-08T14:21:09,83.679832,-56.611202,nan
2024-08-08T14:21:09,83.679832,-56.611797,nan
2024-08-08T14:21:08,83.679832,-56.612385,nan
2024-08-08T14:21:08,83.679832,-56.612957,nan
2024-08-08T14:21:07,83.679825,-56.613518,nan
2024-08-08T14:21:07,83.679825,-56.614071,nan
2024-08-08T14:21:06,83.679825,-56.614616,nan
2024-08-08T14:21:06,83.679817,-56.615150,nan
2024-08-08T14:21:05,83.679817,-56.615685,nan
2024-08-08T14:21:05,83.679817,-56.616207,nan
2024-08-08T14:21:04,83.679817,-56.616722,nan
2024-08-08T14:21:04,83.679817,-56.617241,nan
2024-08-08T14:21:03,83.679817,-56.617748,nan
2024-08-08T14:21:03,83.679817,-56.618252,nan
2024-08-08T14:21:02,83.679810,-56.618744,nan
2024-08-08T14:21:02,83.679810,-56.619228,nan
2024-08-08T14:21:01,83.679802,-56.619709,nan
2024-08-08T14:21:01,83.679794,-56.620186,nan
2024-08-08T14:21:00,83.679787,-56.620659,nan
2024-08-08T14:21:00,83.679779,-56.621132,nan
2024-08-08T14:20:59,83.679771,-56.621597,nan
2024-08-08T14:20:59,83.679764,-56.622066,nan
2024-08-08T14:20:58,83.679749,-56.622536,nan
2024-08-08T14:20:58,83.679733,-56.623005,nan
2024-08-08T14:20:57,83.679726,-56.623474,nan
2024-08-08T14:20:57,83.679710,-56.623947,nan
2024-08-08T14:20:56,83.679695,-56.624420,nan
2024-08-08T14:20:56,83.679680,-56.624893,nan
2024-08-08T14:20:55,83.679665,-56.625366,nan
2024-08-08T14:20:55,83.679657,-56.625843,nan
2024-08-08T14:20:54,83.679642,-56.626320,nan
2024-08-08T14:20:54,83.679626,-56.626808,nan
2024-08-08T14:20:53,83.679611,-56.627300,nan
2024-08-08T14:20:53,83.679596,-56.627796,nan
2024-08-08T14:20:52,83.679588,-56.628300,nan
2024-08-08T14:20:52,83.679573,-56.628815,nan
2024-08-08T14:20:51,83.679558,-56.629330,nan
2024-08-08T14:20:51,83.679543,-56.629845,nan
2024-08-08T14:20:50,83.679535,-56.630363,nan
2024-08-08T14:20:50,83.679520,-56.630890,nan
2024-08-08T14:20:49,83.679512,-56.631405,nan
2024-08-08T14:20:49,83.679497,-56.631924,nan
2024-08-08T14:20:48,83.679489,-56.632435,nan
2024-08-08T14:20:48,83.679474,-56.632938,nan
2024-08-08T14:20:47,83.679466,-56.633434,nan
2024-08-08T14:20:47,83.679451,-56.633926,nan
2024-08-08T14:20:46,83.679436,-56.634403,nan
2024-08-08T14:20:46,83.679428,-56.634880,nan
2024-08-08T14:20:45,83.679413,-56.635349,nan
2024-08-08T14:20:45,83.679398,-56.635818,nan
2024-08-08T14:20:44,83.679390,-56.636284,nan
2024-08-08T14:20:44,83.679375,-56.636753,nan
2024-08-08T14:20:43,83.679359,-56.637218,nan
2024-08-08T14:20:43,83.679352,-56.637684,nan
2024-08-08T14:20:42,83.679337,-56.638142,nan
2024-08-08T14:20:42,83.679329,-56.638599,nan
2024-08-08T14:20:41,83.679314,-56.639042,nan
2024-08-08T14:20:41,83.679306,-56.639477,nan
2024-08-08T14:20:40,83.679291,-56.639904,nan
2024-08-08T14:20:40,83.679276,-56.640320,nan
2024-08-08T14:20:39,83.679260,-56.640717,nan
2024-08-08T14:20:39,83.679245,-56.641102,nan
2024-08-08T14:20:38,83.679230,-56.641472,nan
2024-08-08T14:20:38,83.679207,-56.641838,nan
2024-08-08T14:20:37,83.679184,-56.642197,nan
2024-08-08T14:20:37,83.679169,-56.642555,nan
2024-08-08T14:20:36,83.679146,-56.642910,nan
2024-08-08T14:20:36,83.679123,-56.643269,nan
2024-08-08T14:20:35,83.679100,-56.643631,nan
2024-08-08T14:20:35,83.679077,-56.643997,nan
2024-08-08T14:20:34,83.679054,-56.644367,nan
2024-08-08T14:20:34,83.679031,-56.644749,nan
2024-08-08T14:20:33,83.679008,-56.645138,nan
2024-08-08T14:20:33,83.678986,-56.645538,nan
2024-08-08T14:20:32,83.678963,-56.645947,nan
2024-08-08T14:20:32,83.678947,-56.646358,nan
2024-08-08T14:20:31,83.678925,-56.646774,nan
2024-08-08T14:20:31,83.678909,-56.647194,nan
2024-08-08T14:20:30,83.678894,-56.647614,nan
2024-08-08T14:20:30,83.678879,-56.648033,nan
2024-08-08T14:20:29,83.678864,-56.648445,nan
2024-08-08T14:20:29,83.678848,-56.648853,nan
2024-08-08T14:20:28,83.678833,-56.649261,nan
2024-08-08T14:20:28,83.678818,-56.649662,nan
2024-08-08T14:20:27,83.678802,-56.650063,nan
2024-08-08T14:20:27,83.678787,-56.650463,nan
2024-08-08T14:20:26,83.678772,-56.650860,nan
2024-08-08T14:20:26,83.678749,-56.651249,nan
2024-08-08T14:20:25,83.678734,-56.651634,nan
2024-08-08T14:20:25,83.678719,-56.652020,nan
2024-08-08T14:20:24,83.678696,-56.652401,nan
2024-08-08T14:20:24,83.678673,-56.652790,nan
2024-08-08T14:20:23,83.678658,-56.653179,nan
2024-08-08T14:20:23,83.678635,-56.653561,nan
2024-08-08T14:20:22,83.678612,-56.653942,nan
2024-08-08T14:20:22,83.678589,-56.654327,nan
2024-08-08T14:20:21,83.678566,-56.654713,nan
2024-08-08T14:20:21,83.678543,-56.655102,nan
2024-08-08T14:20:20,83.678520,-56.655491,nan
2024-08-08T14:20:20,83.678490,-56.655880,nan
2024-08-08T14:20:19,83.678467,-56.656265,nan
2024-08-08T14:20:19,83.678444,-56.656651,nan
2024-08-08T14:20:18,83.678421,-56.657028,nan
2024-08-08T14:20:18,83.678391,-56.657402,nan
2024-08-08T14:20:17,83.678368,-56.657776,nan
2024-08-08T14:20:17,83.678345,-56.658142,nan
2024-08-08T14:20:16,83.678314,-56.658508,nan
2024-08-08T14:20:16,83.678291,-56.658886,nan
2024-08-08T14:20:15,83.678268,-56.659271,nan
2024-08-08T14:20:15,83.678253,-56.659657,nan
2024-08-08T14:20:14,83.678230,-56.660053,nan
2024-08-08T14:20:14,83.678207,-56.660446,nan
2024-08-08T14:20:13,83.678192,-56.660839,nan
2024-08-08T14:20:13,83.678169,-56.661228,nan
2024-08-08T14:20:12,83.678154,-56.661613,nan
2024-08-08T14:20:12,83.678139,-56.661995,nan
2024-08-08T14:20:11,83.678116,-56.662369,nan
2024-08-08T14:20:11,83.678101,-56.662735,nan
2024-08-08T14:20:10,83.678085,-56.663097,nan
2024-08-08T14:20:10,83.678070,-56.663456,nan
2024-08-08T14:20:09,83.678047,-56.663815,nan
2024-08-08T14:20:09,83.678032,-56.664169,nan
2024-08-08T14:20:08,83.678017,-56.664524,nan
2024-08-08T14:20:08,83.678001,-56.664883,nan
2024-08-08T14:20:07,83.677979,-56.665237,nan
2024-08-08T14:20:07,83.677963,-56.665588,nan
2024-08-08T14:20:06,83.677948,-56.665943,nan
2024-08-08T14:20:06,83.677925,-56.666306,nan
2024-08-08T14:20:05,83.677910,-56.666668,nan
2024-08-08T14:20:05,83.677895,-56.667034,nan
2024-08-08T14:20:04,83.677872,-56.667404,nan
2024-08-08T14:20:04,83.677849,-56.667778,nan
2024-08-08T14:20:03,83.677834,-56.668156,nan
2024-08-08T14:20:03,83.677811,-56.668537,nan
2024-08-08T14:20:02,83.677788,-56.668926,nan
2024-08-08T14:20:02,83.677773,-56.669319,nan
2024-08-08T14:20:01,83.677750,-56.669720,nan
2024-08-08T14:20:01,83.677734,-56.670116,nan
2024-08-08T14:20:00,83.677711,-56.670517,nan
2024-08-08T14:20:00,83.677696,-56.670914,nan
2024-08-08T14:19:59,83.677673,-56.671310,nan
2024-08-08T14:19:59,83.677658,-56.671715,nan
2024-08-08T14:19:58,83.677643,-56.672115,nan
2024-08-08T14:19:58,83.677628,-56.672523,nan
2024-08-08T14:19:57,83.677612,-56.672928,nan
2024-08-08T14:19:57,83.677597,-56.673325,nan
2024-08-08T14:19:56,83.677582,-56.673721,nan
2024-08-08T14:19:56,83.677567,-56.674110,nan
2024-08-08T14:19:55,83.677551,-56.674492,nan
2024-08-08T14:19:55,83.677536,-56.674870,nan
2024-08-08T14:19:54,83.677513,-56.675236,nan
2024-08-08T14:19:54,83.677498,-56.675602,nan
2024-08-08T14:19:53,83.677483,-56.675964,nan
2024-08-08T14:19:53,83.677467,-56.676331,nan
2024-08-08T14:19:52,83.677452,-56.676697,nan
2024-08-08T14:19:52,83.677429,-56.677067,nan
2024-08-08T14:19:51,83.677414,-56.677444,nan
2024-08-08T14:19:51,83.677399,-56.677834,nan
2024-08-08T14:19:50,83.677383,-56.678226,nan
2024-08-08T14:19:50,83.677361,-56.678623,nan
2024-08-08T14:19:49,83.677345,-56.679028,nan
2024-08-08T14:19:49,83.677322,-56.679432,nan
2024-08-08T14:19:48,83.677299,-56.679840,nan
2024-08-08T14:19:48,83.677284,-56.680256,nan
2024-08-08T14:19:47,83.677261,-56.680691,nan
2024-08-08T14:19:47,83.677246,-56.681129,nan
2024-08-08T14:19:46,83.677223,-56.681568,nan
2024-08-08T14:19:46,83.677208,-56.682014,nan
2024-08-08T14:19:45,83.677193,-56.682457,nan
2024-08-08T14:19:45,83.677177,-56.682899,nan
2024-08-08T14:19:44,83.677170,-56.683346,nan
2024-08-08T14:19:44,83.677155,-56.683784,nan
2024-08-08T14:19:43,83.677139,-56.684235,nan
2024-08-08T14:19:43,83.677132,-56.684673,nan
2024-08-08T14:19:42,83.677124,-56.685108,nan
2024-08-08T14:19:42,83.677109,-56.685532,nan
2024-08-08T14:19:41,83.677101,-56.685951,nan
2024-08-08T14:19:41,83.677086,-56.686359,nan
2024-08-08T14:19:40,83.677078,-56.686768,nan
2024-08-08T14:19:40,83.677071,-56.687176,nan
2024-08-08T14:19:39,83.677055,-56.687576,nan
2024-08-08T14:19:39,83.677048,-56.687981,nan
2024-08-08T14:19:38,83.677032,-56.688385,nan
2024-08-08T14:19:38,83.677025,-56.688782,nan
2024-08-08T14:19:37,83.677010,-56.689175,nan
2024-08-08T14:19:37,83.677002,-56.689568,nan
2024-08-08T14:19:36,83.676987,-56.689964,nan
2024-08-08T14:19:36,83.676971,-56.690357,nan
2024-08-08T14:19:35,83.676964,-56.690758,nan
2024-08-08T14:19:35,83.676949,-56.691154,nan
2024-08-08T14:19:34,83.676933,-56.691566,nan
2024-08-08T14:19:34,83.676926,-56.691971,nan
2024-08-08T14:19:33,83.676910,-56.692379,nan
2024-08-08T14:19:33,83.676903,-56.692787,nan
2024-08-08T14:19:32,83.676888,-56.693188,nan
2024-08-08T14:19:32,83.676880,-56.693592,nan
2024-08-08T14:19:31,83.676865,-56.693996,nan
2024-08-08T14:19:31,83.676857,-56.694401,nan
2024-08-08T14:19:30,83.676849,-56.694805,nan
2024-08-08T14:19:30,83.676834,-56.695213,nan
2024-08-08T14:19:29,83.676826,-56.695618,nan
2024-08-08T14:19:29,83.676819,-56.696011,nan
2024-08-08T14:19:28,83.676811,-56.696400,nan
2024-08-08T14:19:28,83.676796,-56.696781,nan
2024-08-08T14:19:27,83.676788,-56.697151,nan
2024-08-08T14:19:27,83.676773,-56.697517,nan
2024-08-08T14:19:26,83.676765,-56.697884,nan
2024-08-08T14:19:26,83.676750,-56.698242,nan
2024-08-08T14:19:25,83.676735,-56.698608,nan
2024-08-08T14:19:25,83.676720,-56.698975,nan
2024-08-08T14:19:24,83.676704,-56.699329,nan
2024-08-08T14:19:24,83.676689,-56.699692,nan
2024-08-08T14:19:23,83.676666,-56.700058,nan
2024-08-08T14:19:23,83.676651,-56.700424,nan
2024-08-08T14:19:22,83.676636,-56.700798,nan
2024-08-08T14:19:22,83.676613,-56.701176,nan
2024-08-08T14:19:21,83.676598,-56.701550,nan
2024-08-08T14:19:21,83.676575,-56.701939,nan
2024-08-08T14:19:20,83.676559,-56.702320,nan
2024-08-08T14:19:20,83.676537,-56.702702,nan
2024-08-08T14:19:19,83.676521,-56.703087,nan
2024-08-08T14:19:19,83.676498,-56.703472,nan
2024-08-08T14:19:18,83.676483,-56.703857,nan
2024-08-08T14:19:18,83.676460,-56.704247,nan
2024-08-08T14:19:17,83.676437,-56.704636,nan
2024-08-08T14:19:17,83.676422,-56.705025,nan
2024-08-08T14:19:16,83.676399,-56.705418,nan
2024-08-08T14:19:16,83.676384,-56.705811,nan
2024-08-08T14:19:15,83.676361,-56.706200,nan
2024-08-08T14:19:15,83.676346,-56.706581,nan
2024-08-08T14:19:14,83.676331,-56.706970,nan
2024-08-08T14:19:14,83.676315,-56.707355,nan
2024-08-08T14:19:13,83.676300,-56.707741,nan
2024-08-08T14:19:13,83.676285,-56.708126,nan
2024-08-08T14:19:12,83.676277,-56.708511,nan
2024-08-08T14:19:12,83.676262,-56.708897,nan
2024-08-08T14:19:11,83.676254,-56.709282,nan
2024-08-08T14:19:11,83.676239,-56.709660,nan
2024-08-08T14:19:10,83.676231,-56.710037,nan
2024-08-08T14:19:10,83.676224,-56.710415,nan
2024-08-08T14:19:09,83.676208,-56.710781,nan
2024-08-08T14:19:09,83.676201,-56.711151,nan
2024-08-08T14:19:08,83.676186,-56.711506,nan
2024-08-08T14:19:08,83.676178,-56.711864,nan
2024-08-08T14:19:07,83.676170,-56.712219,nan
2024-08-08T14:19:07,83.676155,-56.712566,nan
2024-08-08T14:19:06,83.676147,-56.712914,nan
2024-08-08T14:19:06,83.676132,-56.713245,nan
2024-08-08T14:19:05,83.676125,-56.713577,nan
2024-08-08T14:19:05,83.676117,-56.713905,nan
2024-08-08T14:19:04,83.676109,-56.714226,nan
2024-08-08T14:19:04,83.676102,-56.714546,nan
2024-08-08T14:19:03,83.676094,-56.714867,nan
2024-08-08T14:19:03,83.676079,-56.715183,nan
2024-08-08T14:19:02,83.676071,-56.715500,nan
2024-08-08T14:19:02,83.676064,-56.715824,nan
2024-08-08T14:19:01,83.676048,-56.716145,nan
2024-08-08T14:19:01,83.676041,-56.716465,nan
2024-08-08T14:19:00,83.676025,-56.716778,nan
2024-08-08T14:19:00,83.676018,-56.717087,nan
2024-08-08T14:18:59,83.676003,-56.717388,nan
2024-08-08T14:18:59,83.675987,-56.717686,nan
2024-08-08T14:18:58,83.675980,-56.717972,nan
2024-08-08T14:18:58,83.675964,-56.718243,nan
2024-08-08T14:18:57,83.675949,-56.718513,nan
2024-08-08T14:18:57,83.675941,-56.718777,nan
2024-08-08T14:18:56,83.675926,-56.719036,nan
2024-08-08T14:18:56,83.675911,-56.719292,nan
2024-08-08T14:18:55,83.675896,-56.719540,nan
2024-08-08T14:18:55,83.675880,-56.719784,nan
2024-08-08T14:18:54,83.675865,-56.720028,nan
2024-08-08T14:18:54,83.675850,-56.720276,nan
2024-08-08T14:18:53,83.675835,-56.720528,nan
2024-08-08T14:18:53,83.675812,-56.720779,nan
2024-08-08T14:18:52,83.675797,-56.721027,nan
2024-08-08T14:18:52,83.675781,-56.721279,nan
2024-08-08T14:18:51,83.675766,-56.721535,nan
2024-08-08T14:18:51,83.675751,-56.721790,nan
2024-08-08T14:18:50,83.675735,-56.722054,nan
2024-08-08T14:18:50,83.675728,-56.722321,nan
2024-08-08T14:18:49,83.675713,-56.722595,nan
2024-08-08T14:18:49,83.675705,-56.722874,nan
2024-08-08T14:18:48,83.675690,-56.723152,nan
2024-08-08T14:18:48,83.675682,-56.723427,nan
2024-08-08T14:18:47,83.675674,-56.723709,nan
2024-08-08T14:18:47,83.675659,-56.723991,nan
2024-08-08T14:18:46,83.675652,-56.724274,nan
2024-08-08T14:18:46,83.675644,-56.724556,nan
2024-08-08T14:18:45,83.675629,-56.724827,nan
2024-08-08T14:18:45,83.675621,-56.725117,nan
2024-08-08T14:18:44,83.675606,-56.725414,nan
2024-08-08T14:18:44,83.675598,-56.725719,nan
2024-08-08T14:18:43,83.675591,-56.725975,nan
2024-08-08T14:18:43,83.675583,-56.726257,nan
2024-08-08T14:18:42,83.675568,-56.726551,nan
2024-08-08T14:18:42,83.675560,-56.726841,nan
2024-08-08T14:18:41,83.675552,-56.727013,nan
2024-08-08T14:18:41,83.675545,-56.727276,nan
2024-08-08T14:18:40,83.675552,-56.727554,nan
2024-08-08T14:18:40,83.675545,-56.727505,nan
2024-08-08T14:18:39,83.675537,-56.727509,nan
2024-08-08T14:18:39,83.675529,-56.727177,nan
2024-08-08T14:18:38,83.675507,-56.726105,nan
2024-08-08T14:18:38,83.675468,-56.724174,nan
2024-08-08T14:18:37,83.675438,-56.721344,nan
2024-08-08T14:18:37,83.675430,-56.717503,nan
2024-08-08T14:18:33,83.675468,-56.728859,nan
2024-08-08T14:18:32,83.675484,-56.736019,nan
2024-08-08T14:18:32,83.675499,-56.743629,nan
2024-08-08T14:18:31,83.675522,-56.751762,nan
