datetime,lat,lon,elev
2024-08-07T16:20:28,81.836800,-96.950432,nan
2024-08-07T16:20:27,81.836807,-96.950500,nan
2024-08-07T16:20:27,81.836807,-96.950562,nan
2024-08-07T16:20:26,81.836815,-96.950630,nan
2024-08-07T16:20:26,81.836815,-96.950691,nan
2024-08-07T16:20:25,81.836815,-96.950760,nan
2024-08-07T16:20:25,81.836823,-96.950821,nan
2024-08-07T16:20:24,81.836823,-96.950890,nan
2024-08-07T16:20:24,81.836830,-96.950951,nan
2024-08-07T16:20:23,81.836838,-96.951012,nan
2024-08-07T16:20:23,81.836838,-96.951080,nan
2024-08-07T16:20:22,81.836845,-96.951141,nan
2024-08-07T16:20:22,81.836845,-96.951202,nan
2024-08-07T16:20:21,81.836845,-96.951271,nan
2024-08-07T16:20:21,81.836853,-96.951332,nan
2024-08-07T16:20:20,81.836853,-96.951393,nan
2024-08-07T16:20:20,81.836861,-96.951447,nan
2024-08-07T16:20:19,81.836861,-96.951508,nan
2024-08-07T16:20:19,81.836861,-96.951561,nan
2024-08-07T16:20:18,81.836868,-96.951614,nan
2024-08-07T16:20:18,81.836868,-96.951668,nan
2024-08-07T16:20:17,81.836876,-96.951714,nan
2024-08-07T16:20:17,81.836884,-96.951767,nan
2024-08-07T16:20:16,81.836884,-96.951820,nan
2024-08-07T16:20:16,81.836891,-96.951874,nan
2024-08-07T16:20:15,81.836899,-96.951927,nan
2024-08-07T16:20:15,81.836899,-96.951981,nan
2024-08-07T16:20:14,81.836906,-96.952034,nan
2024-08-07T16:20:14,81.836914,-96.952087,nan
2024-08-07T16:20:13,81.836922,-96.952141,nan
2024-08-07T16:20:13,81.836922,-96.952194,nan
2024-08-07T16:20:12,81.836929,-96.952248,nan
2024-08-07T16:20:12,81.836937,-96.952309,nan
2024-08-07T16:20:11,81.836945,-96.952370,nan
2024-08-07T16:20:11,81.836952,-96.952423,nan
2024-08-07T16:20:10,81.836960,-96.952484,nan
2024-08-07T16:20:10,81.836967,-96.952545,nan
2024-08-07T16:20:09,81.836975,-96.952606,nan
2024-08-07T16:20:09,81.836983,-96.952675,nan
2024-08-07T16:20:08,81.836990,-96.952728,nan
2024-08-07T16:20:08,81.836998,-96.952797,nan
2024-08-07T16:20:07,81.837006,-96.952858,nan
2024-08-07T16:20:07,81.837013,-96.952927,nan
2024-08-07T16:20:06,81.837021,-96.952988,nan
2024-08-07T16:20:06,81.837029,-96.953056,nan
2024-08-07T16:20:05,81.837036,-96.953133,nan
2024-08-07T16:20:05,81.837044,-96.953201,nan
2024-08-07T16:20:04,81.837051,-96.953278,nan
2024-08-07T16:20:04,81.837067,-96.953354,nan
2024-08-07T16:20:03,81.837067,-96.953423,nan
2024-08-07T16:20:03,81.837074,-96.953491,nan
2024-08-07T16:20:02,81.837090,-96.953560,nan
2024-08-07T16:20:02,81.837097,-96.953621,nan
2024-08-07T16:20:01,81.837105,-96.953682,nan
2024-08-07T16:20:01,81.837112,-96.953743,nan
2024-08-07T16:20:00,81.837112,-96.953796,nan
2024-08-07T16:20:00,81.837128,-96.953850,nan
2024-08-07T16:19:59,81.837128,-96.953903,nan
2024-08-07T16:19:59,81.837135,-96.953957,nan
2024-08-07T16:19:58,81.837143,-96.954010,nan
2024-08-07T16:19:58,81.837151,-96.954063,nan
2024-08-07T16:19:57,81.837158,-96.954117,nan
2024-08-07T16:19:57,81.837158,-96.954163,nan
2024-08-07T16:19:56,81.837166,-96.954224,nan
2024-08-07T16:19:56,81.837166,-96.954277,nan
2024-08-07T16:19:55,81.837173,-96.954338,nan
2024-08-07T16:19:55,81.837173,-96.954391,nan
2024-08-07T16:19:54,81.837173,-96.954445,nan
2024-08-07T16:19:54,81.837181,-96.954498,nan
2024-08-07T16:19:53,81.837181,-96.954552,nan
2024-08-07T16:19:53,81.837189,-96.954613,nan
2024-08-07T16:19:52,81.837189,-96.954666,nan
2024-08-07T16:19:52,81.837196,-96.954727,nan
2024-08-07T16:19:51,81.837196,-96.954788,nan
2024-08-07T16:19:51,81.837196,-96.954849,nan
2024-08-07T16:19:50,81.837204,-96.954903,nan
2024-08-07T16:19:50,81.837204,-96.954964,nan
2024-08-07T16:19:49,81.837212,-96.955017,nan
2024-08-07T16:19:49,81.837212,-96.955078,nan
2024-08-07T16:19:48,81.837212,-96.955132,nan
2024-08-07T16:19:48,81.837212,-96.955193,nan
2024-08-07T16:19:47,81.837219,-96.955261,nan
2024-08-07T16:19:47,81.837219,-96.955322,nan
2024-08-07T16:19:46,81.837219,-96.955391,nan
2024-08-07T16:19:46,81.837219,-96.955460,nan
2024-08-07T16:19:45,81.837227,-96.955528,nan
2024-08-07T16:19:45,81.837227,-96.955589,nan
2024-08-07T16:19:44,81.837227,-96.955658,nan
2024-08-07T16:19:44,81.837227,-96.955719,nan
2024-08-07T16:19:43,81.837234,-96.955780,nan
2024-08-07T16:19:43,81.837234,-96.955841,nan
2024-08-07T16:19:42,81.837234,-96.955910,nan
2024-08-07T16:19:42,81.837234,-96.955971,nan
2024-08-07T16:19:41,81.837242,-96.956032,nan
2024-08-07T16:19:41,81.837242,-96.956085,nan
2024-08-07T16:19:40,81.837242,-96.956139,nan
2024-08-07T16:19:40,81.837250,-96.956192,nan
2024-08-07T16:19:39,81.837250,-96.956238,nan
2024-08-07T16:19:39,81.837250,-96.956291,nan
2024-08-07T16:19:38,81.837257,-96.956345,nan
2024-08-07T16:19:38,81.837257,-96.956406,nan
2024-08-07T16:19:37,81.837257,-96.956467,nan
2024-08-07T16:19:37,81.837257,-96.956528,nan
2024-08-07T16:19:36,81.837265,-96.956589,nan
2024-08-07T16:19:36,81.837265,-96.956657,nan
2024-08-07T16:19:35,81.837265,-96.956718,nan
2024-08-07T16:19:35,81.837265,-96.956779,nan
2024-08-07T16:19:34,81.837265,-96.956833,nan
2024-08-07T16:19:34,81.837273,-96.956894,nan
2024-08-07T16:19:33,81.837273,-96.956955,nan
2024-08-07T16:19:33,81.837273,-96.957008,nan
2024-08-07T16:19:32,81.837273,-96.957062,nan
2024-08-07T16:19:32,81.837280,-96.957108,nan
2024-08-07T16:19:31,81.837280,-96.957161,nan
2024-08-07T16:19:31,81.837280,-96.957207,nan
2024-08-07T16:19:30,81.837280,-96.957245,nan
2024-08-07T16:19:30,81.837280,-96.957298,nan
2024-08-07T16:19:29,81.837288,-96.957352,nan
2024-08-07T16:19:29,81.837288,-96.957405,nan
2024-08-07T16:19:28,81.837288,-96.957466,nan
2024-08-07T16:19:28,81.837288,-96.957535,nan
2024-08-07T16:19:27,81.837288,-96.957603,nan
2024-08-07T16:19:27,81.837288,-96.957680,nan
2024-08-07T16:19:26,81.837288,-96.957748,nan
2024-08-07T16:19:26,81.837288,-96.957825,nan
2024-08-07T16:19:25,81.837288,-96.957901,nan
2024-08-07T16:19:25,81.837288,-96.957970,nan
2024-08-07T16:19:24,81.837288,-96.958038,nan
2024-08-07T16:19:24,81.837288,-96.958107,nan
2024-08-07T16:19:23,81.837288,-96.958183,nan
2024-08-07T16:19:23,81.837288,-96.958260,nan
2024-08-07T16:19:22,81.837296,-96.958328,nan
2024-08-07T16:19:22,81.837296,-96.958389,nan
2024-08-07T16:19:21,81.837303,-96.958458,nan
2024-08-07T16:19:21,81.837311,-96.958534,nan
2024-08-07T16:19:20,81.837318,-96.958694,nan
2024-08-07T16:19:19,81.837326,-96.958786,nan
2024-08-07T16:19:19,81.837326,-96.958878,nan
2024-08-07T16:19:18,81.837334,-96.958969,nan
2024-08-07T16:19:18,81.837334,-96.959068,nan
2024-08-07T16:19:17,81.837341,-96.959160,nan
2024-08-07T16:19:17,81.837341,-96.959251,nan
2024-08-07T16:19:16,81.837349,-96.959343,nan
2024-08-07T16:19:16,81.837349,-96.959435,nan
2024-08-07T16:19:15,81.837357,-96.959534,nan
2024-08-07T16:19:15,81.837357,-96.959625,nan
2024-08-07T16:19:14,81.837364,-96.959724,nan
2024-08-07T16:19:14,81.837364,-96.959824,nan
2024-08-07T16:19:13,81.837372,-96.959930,nan
2024-08-07T16:19:13,81.837372,-96.960037,nan
2024-08-07T16:19:12,81.837379,-96.960144,nan
2024-08-07T16:19:12,81.837387,-96.960258,nan
2024-08-07T16:19:11,81.837387,-96.960365,nan
2024-08-07T16:19:11,81.837395,-96.960480,nan
2024-08-07T16:19:10,81.837402,-96.960587,nan
2024-08-07T16:19:10,81.837402,-96.960701,nan
2024-08-07T16:19:09,81.837410,-96.960815,nan
2024-08-07T16:19:09,81.837418,-96.960930,nan
2024-08-07T16:19:08,81.837425,-96.961044,nan
2024-08-07T16:19:08,81.837433,-96.961166,nan
2024-08-07T16:19:07,81.837440,-96.961288,nan
2024-08-07T16:19:07,81.837448,-96.961403,nan
2024-08-07T16:19:06,81.837456,-96.961517,nan
2024-08-07T16:19:06,81.837463,-96.961632,nan
2024-08-07T16:19:05,81.837471,-96.961746,nan
2024-08-07T16:19:05,81.837479,-96.961861,nan
2024-08-07T16:19:04,81.837486,-96.961975,nan
2024-08-07T16:19:04,81.837502,-96.962097,nan
2024-08-07T16:19:03,81.837509,-96.962219,nan
2024-08-07T16:19:03,81.837517,-96.962341,nan
2024-08-07T16:19:02,81.837524,-96.962463,nan
2024-08-07T16:19:01,81.837547,-96.962708,nan
2024-08-07T16:19:01,81.837555,-96.962830,nan
2024-08-07T16:19:00,81.837570,-96.963081,nan
2024-08-07T16:18:59,81.837585,-96.963203,nan
2024-08-07T16:18:59,81.837593,-96.963333,nan
2024-08-07T16:18:58,81.837601,-96.963463,nan
2024-08-07T16:18:58,81.837616,-96.963593,nan
2024-08-07T16:18:57,81.837624,-96.963730,nan
2024-08-07T16:18:57,81.837631,-96.963860,nan
2024-08-07T16:18:56,81.837646,-96.963989,nan
2024-08-07T16:18:56,81.837654,-96.964119,nan
2024-08-07T16:18:55,81.837669,-96.964256,nan
2024-08-07T16:18:55,81.837677,-96.964394,nan
2024-08-07T16:18:54,81.837692,-96.964523,nan
2024-08-07T16:18:54,81.837700,-96.964661,nan
2024-08-07T16:18:53,81.837708,-96.964798,nan
2024-08-07T16:18:53,81.837723,-96.964943,nan
2024-08-07T16:18:52,81.837730,-96.965080,nan
2024-08-07T16:18:52,81.837746,-96.965218,nan
2024-08-07T16:18:51,81.837753,-96.965363,nan
2024-08-07T16:18:51,81.837769,-96.965500,nan
2024-08-07T16:18:50,81.837784,-96.965637,nan
2024-08-07T16:18:50,81.837791,-96.965782,nan
2024-08-07T16:18:49,81.837807,-96.965927,nan
2024-08-07T16:18:49,81.837814,-96.966064,nan
2024-08-07T16:18:48,81.837830,-96.966209,nan
2024-08-07T16:18:48,81.837837,-96.966354,nan
2024-08-07T16:18:47,81.837852,-96.966499,nan
2024-08-07T16:18:47,81.837868,-96.966652,nan
2024-08-07T16:18:46,81.837875,-96.966797,nan
2024-08-07T16:18:46,81.837891,-96.966942,nan
2024-08-07T16:18:45,81.837898,-96.967087,nan
2024-08-07T16:18:45,81.837914,-96.967239,nan
2024-08-07T16:18:44,81.837921,-96.967384,nan
2024-08-07T16:18:44,81.837936,-96.967537,nan
2024-08-07T16:18:43,81.837944,-96.967690,nan
2024-08-07T16:18:43,81.837959,-96.967850,nan
2024-08-07T16:18:42,81.837975,-96.968002,nan
2024-08-07T16:18:42,81.837982,-96.968155,nan
2024-08-07T16:18:41,81.837990,-96.968315,nan
2024-08-07T16:18:41,81.838005,-96.968475,nan
2024-08-07T16:18:40,81.838013,-96.968636,nan
2024-08-07T16:18:40,81.838028,-96.968796,nan
2024-08-07T16:18:39,81.838036,-96.968956,nan
2024-08-07T16:18:39,81.838043,-96.969124,nan
2024-08-07T16:18:38,81.838051,-96.969299,nan
2024-08-07T16:18:38,81.838058,-96.969475,nan
2024-08-07T16:18:37,81.838074,-96.969658,nan
2024-08-07T16:18:37,81.838074,-96.969849,nan
2024-08-07T16:18:36,81.838081,-96.970039,nan
2024-08-07T16:18:36,81.838097,-96.970238,nan
2024-08-07T16:18:35,81.838104,-96.970436,nan
2024-08-07T16:18:35,81.838112,-96.970642,nan
2024-08-07T16:18:34,81.838120,-96.970840,nan
2024-08-07T16:18:34,81.838127,-96.971046,nan
2024-08-07T16:18:33,81.838135,-96.971245,nan
2024-08-07T16:18:33,81.838142,-96.971443,nan
2024-08-07T16:18:32,81.838158,-96.971649,nan
2024-08-07T16:18:32,81.838165,-96.971848,nan
2024-08-07T16:18:31,81.838173,-96.972046,nan
2024-08-07T16:18:31,81.838181,-96.972244,nan
2024-08-07T16:18:30,81.838188,-96.972443,nan
2024-08-07T16:18:30,81.838203,-96.972649,nan
2024-08-07T16:18:29,81.838211,-96.972847,nan
2024-08-07T16:18:29,81.838219,-96.973053,nan
2024-08-07T16:18:28,81.838226,-96.973259,nan
2024-08-07T16:18:28,81.838242,-96.973473,nan
2024-08-07T16:18:27,81.838249,-96.973679,nan
2024-08-07T16:18:27,81.838257,-96.973892,nan
2024-08-07T16:18:26,81.838264,-96.974098,nan
2024-08-07T16:18:26,81.838280,-96.974304,nan
2024-08-07T16:18:25,81.838287,-96.974510,nan
2024-08-07T16:18:25,81.838295,-96.974724,nan
2024-08-07T16:18:24,81.838303,-96.974930,nan
2024-08-07T16:18:24,81.838318,-96.975143,nan
2024-08-07T16:18:23,81.838326,-96.975349,nan
2024-08-07T16:18:23,81.838333,-96.975571,nan
2024-08-07T16:18:22,81.838348,-96.975784,nan
2024-08-07T16:18:22,81.838356,-96.975998,nan
2024-08-07T16:18:21,81.838364,-96.976212,nan
2024-08-07T16:18:21,81.838371,-96.976425,nan
2024-08-07T16:18:20,81.838387,-96.976639,nan
2024-08-07T16:18:20,81.838394,-96.976860,nan
2024-08-07T16:18:19,81.838402,-96.977081,nan
2024-08-07T16:18:19,81.838409,-96.977303,nan
2024-08-07T16:18:18,81.838425,-96.977531,nan
2024-08-07T16:18:18,81.838432,-96.977760,nan
2024-08-07T16:18:17,81.838440,-96.977982,nan
2024-08-07T16:18:17,81.838448,-96.978203,nan
2024-08-07T16:18:16,81.838463,-96.978424,nan
2024-08-07T16:18:16,81.838470,-96.978645,nan
2024-08-07T16:18:15,81.838478,-96.978874,nan
2024-08-07T16:18:15,81.838493,-96.979095,nan
2024-08-07T16:18:14,81.838501,-96.979317,nan
2024-08-07T16:18:14,81.838509,-96.979538,nan
2024-08-07T16:18:13,81.838516,-96.979767,nan
2024-08-07T16:18:13,81.838531,-96.979988,nan
2024-08-07T16:18:12,81.838539,-96.980209,nan
2024-08-07T16:18:12,81.838547,-96.980431,nan
2024-08-07T16:18:11,81.838562,-96.980644,nan
2024-08-07T16:18:11,81.838570,-96.980858,nan
2024-08-07T16:18:10,81.838577,-96.981079,nan
2024-08-07T16:18:10,81.838593,-96.981293,nan
2024-08-07T16:18:09,81.838600,-96.981514,nan
2024-08-07T16:18:09,81.838615,-96.981728,nan
2024-08-07T16:18:08,81.838623,-96.981941,nan
2024-08-07T16:18:08,81.838631,-96.982162,nan
2024-08-07T16:18:07,81.838638,-96.982384,nan
2024-08-07T16:18:07,81.838654,-96.982597,nan
2024-08-07T16:18:06,81.838661,-96.982811,nan
2024-08-07T16:18:06,81.838669,-96.983032,nan
2024-08-07T16:18:05,81.838676,-96.983246,nan
2024-08-07T16:18:05,81.838692,-96.983467,nan
2024-08-07T16:18:03,81.838722,-96.984123,nan
2024-08-07T16:18:03,81.838730,-96.984344,nan
2024-08-07T16:18:02,81.838745,-96.984566,nan
2024-08-07T16:18:02,81.838753,-96.984787,nan
2024-08-07T16:18:01,81.838760,-96.985008,nan
2024-08-07T16:18:01,81.838776,-96.985229,nan
2024-08-07T16:18:00,81.838783,-96.985458,nan
2024-08-07T16:18:00,81.838791,-96.985687,nan
2024-08-07T16:17:59,81.838806,-96.985909,nan
2024-08-07T16:17:59,81.838814,-96.986137,nan
2024-08-07T16:17:58,81.838821,-96.986374,nan
2024-08-07T16:17:58,81.838837,-96.986603,nan
2024-08-07T16:17:57,81.838844,-96.986839,nan
2024-08-07T16:17:57,81.838852,-96.987076,nan
2024-08-07T16:17:56,81.838860,-96.987312,nan
2024-08-07T16:17:56,81.838875,-96.987549,nan
2024-08-07T16:17:55,81.838882,-96.987793,nan
2024-08-07T16:17:55,81.838890,-96.988029,nan
2024-08-07T16:17:54,81.838898,-96.988266,nan
2024-08-07T16:17:54,81.838905,-96.988510,nan
2024-08-07T16:17:53,81.838913,-96.988754,nan
2024-08-07T16:17:53,81.838921,-96.988998,nan
2024-08-07T16:17:52,81.838928,-96.989250,nan
2024-08-07T16:17:52,81.838936,-96.989502,nan
2024-08-07T16:17:51,81.838943,-96.989754,nan
2024-08-07T16:17:51,81.838951,-96.989998,nan
2024-08-07T16:17:50,81.838959,-96.990242,nan
2024-08-07T16:17:50,81.838966,-96.990494,nan
2024-08-07T16:17:49,81.838966,-96.990738,nan
2024-08-07T16:17:49,81.838974,-96.990982,nan
2024-08-07T16:17:48,81.838982,-96.991234,nan
2024-08-07T16:17:48,81.838989,-96.991478,nan
2024-08-07T16:17:47,81.838997,-96.991722,nan
2024-08-07T16:17:47,81.838997,-96.991966,nan
2024-08-07T16:17:46,81.839005,-96.992210,nan
2024-08-07T16:17:46,81.839012,-96.992455,nan
2024-08-07T16:17:45,81.839020,-96.992706,nan
2024-08-07T16:17:45,81.839027,-96.992950,nan
2024-08-07T16:17:44,81.839035,-96.993202,nan
2024-08-07T16:17:44,81.839043,-96.993454,nan
2024-08-07T16:17:43,81.839058,-96.993706,nan
2024-08-07T16:17:43,81.839066,-96.993958,nan
2024-08-07T16:17:42,81.839073,-96.994209,nan
2024-08-07T16:17:42,81.839088,-96.994453,nan
2024-08-07T16:17:41,81.839096,-96.994705,nan
2024-08-07T16:17:41,81.839111,-96.994957,nan
2024-08-07T16:17:40,81.839119,-96.995209,nan
2024-08-07T16:17:40,81.839134,-96.995461,nan
2024-08-07T16:17:39,81.839142,-96.995712,nan
2024-08-07T16:17:39,81.839157,-96.995964,nan
2024-08-07T16:17:38,81.839165,-96.996223,nan
2024-08-07T16:17:38,81.839180,-96.996483,nan
2024-08-07T16:17:37,81.839195,-96.996750,nan
2024-08-07T16:17:37,81.839203,-96.997009,nan
2024-08-07T16:17:36,81.839218,-96.997284,nan
2024-08-07T16:17:36,81.839233,-96.997559,nan
2024-08-07T16:17:35,81.839249,-96.997833,nan
2024-08-07T16:17:35,81.839256,-96.998116,nan
2024-08-07T16:17:34,81.839272,-96.998405,nan
2024-08-07T16:17:34,81.839287,-96.998695,nan
2024-08-07T16:17:33,81.839294,-96.998978,nan
2024-08-07T16:17:33,81.839310,-96.999268,nan
2024-08-07T16:17:32,81.839325,-96.999550,nan
2024-08-07T16:17:32,81.839333,-96.999832,nan
2024-08-07T16:17:31,81.839340,-97.000114,nan
2024-08-07T16:17:31,81.839355,-97.000404,nan
2024-08-07T16:17:30,81.839363,-97.000687,nan
2024-08-07T16:17:30,81.839378,-97.000969,nan
2024-08-07T16:17:29,81.839386,-97.001251,nan
2024-08-07T16:17:29,81.839401,-97.001541,nan
2024-08-07T16:17:28,81.839409,-97.001823,nan
2024-08-07T16:17:28,81.839417,-97.002113,nan
2024-08-07T16:17:27,81.839432,-97.002396,nan
2024-08-07T16:17:27,81.839439,-97.002686,nan
2024-08-07T16:17:26,81.839455,-97.002975,nan
2024-08-07T16:17:26,81.839462,-97.003258,nan
2024-08-07T16:17:25,81.839470,-97.003548,nan
2024-08-07T16:17:25,81.839478,-97.003838,nan
2024-08-07T16:17:24,81.839493,-97.004128,nan
2024-08-07T16:17:24,81.839500,-97.004425,nan
2024-08-07T16:17:23,81.839508,-97.004715,nan
2024-08-07T16:17:23,81.839523,-97.005005,nan
2024-08-07T16:17:22,81.839531,-97.005302,nan
2024-08-07T16:17:22,81.839539,-97.005592,nan
2024-08-07T16:17:21,81.839546,-97.005882,nan
2024-08-07T16:17:21,81.839561,-97.006180,nan
2024-08-07T16:17:20,81.839569,-97.006477,nan
2024-08-07T16:17:20,81.839584,-97.006767,nan
2024-08-07T16:17:19,81.839592,-97.007065,nan
2024-08-07T16:17:19,81.839607,-97.007355,nan
2024-08-07T16:17:18,81.839622,-97.007652,nan
2024-08-07T16:17:18,81.839630,-97.007942,nan
2024-08-07T16:17:17,81.839645,-97.008240,nan
2024-08-07T16:17:17,81.839661,-97.008530,nan
2024-08-07T16:17:16,81.839676,-97.008827,nan
2024-08-07T16:17:16,81.839684,-97.009117,nan
2024-08-07T16:17:15,81.839699,-97.009415,nan
2024-08-07T16:17:15,81.839714,-97.009705,nan
2024-08-07T16:17:14,81.839729,-97.010002,nan
2024-08-07T16:17:14,81.839752,-97.010292,nan
2024-08-07T16:17:13,81.839767,-97.010582,nan
2024-08-07T16:17:13,81.839783,-97.010880,nan
2024-08-07T16:17:12,81.839798,-97.011169,nan
2024-08-07T16:17:12,81.839813,-97.011467,nan
2024-08-07T16:17:11,81.839836,-97.011765,nan
2024-08-07T16:17:11,81.839851,-97.012062,nan
2024-08-07T16:17:10,81.839867,-97.012360,nan
2024-08-07T16:17:10,81.839890,-97.012665,nan
2024-08-07T16:17:09,81.839905,-97.012970,nan
2024-08-07T16:17:09,81.839920,-97.013275,nan
2024-08-07T16:17:08,81.839935,-97.013580,nan
2024-08-07T16:17:08,81.839951,-97.013885,nan
2024-08-07T16:17:07,81.839966,-97.014191,nan
2024-08-07T16:17:07,81.839981,-97.014503,nan
2024-08-07T16:17:06,81.839996,-97.014809,nan
2024-08-07T16:17:06,81.840012,-97.015121,nan
2024-08-07T16:17:05,81.840019,-97.015442,nan
2024-08-07T16:17:05,81.840034,-97.015762,nan
2024-08-07T16:17:04,81.840050,-97.016083,nan
2024-08-07T16:17:04,81.840057,-97.016403,nan
2024-08-07T16:17:03,81.840073,-97.016731,nan
2024-08-07T16:17:03,81.840080,-97.017059,nan
2024-08-07T16:17:02,81.840088,-97.017387,nan
2024-08-07T16:17:02,81.840103,-97.017723,nan
2024-08-07T16:17:01,81.840111,-97.018059,nan
2024-08-07T16:17:01,81.840118,-97.018394,nan
2024-08-07T16:17:00,81.840134,-97.018730,nan
2024-08-07T16:17:00,81.840141,-97.019066,nan
2024-08-07T16:16:59,81.840157,-97.019402,nan
2024-08-07T16:16:59,81.840164,-97.019737,nan
2024-08-07T16:16:58,81.840179,-97.020081,nan
2024-08-07T16:16:58,81.840187,-97.020424,nan
2024-08-07T16:16:57,81.840202,-97.020760,nan
2024-08-07T16:16:57,81.840218,-97.021095,nan
2024-08-07T16:16:56,81.840225,-97.021431,nan
2024-08-07T16:16:56,81.840240,-97.021759,nan
2024-08-07T16:16:55,81.840256,-97.022079,nan
2024-08-07T16:16:55,81.840271,-97.022408,nan
2024-08-07T16:16:54,81.840286,-97.022728,nan
2024-08-07T16:16:54,81.840294,-97.023048,nan
2024-08-07T16:16:53,81.840309,-97.023369,nan
2024-08-07T16:16:53,81.840324,-97.023682,nan
2024-08-07T16:16:52,81.840340,-97.023994,nan
2024-08-07T16:16:52,81.840347,-97.024307,nan
2024-08-07T16:16:51,81.840363,-97.024628,nan
2024-08-07T16:16:51,81.840378,-97.024940,nan
2024-08-07T16:16:50,81.840393,-97.025253,nan
2024-08-07T16:16:50,81.840408,-97.025566,nan
2024-08-07T16:16:49,81.840424,-97.025879,nan
2024-08-07T16:16:49,81.840439,-97.026192,nan
2024-08-07T16:16:48,81.840462,-97.026512,nan
2024-08-07T16:16:48,81.840477,-97.026833,nan
2024-08-07T16:16:47,81.840492,-97.027145,nan
2024-08-07T16:16:47,81.840508,-97.027466,nan
2024-08-07T16:16:46,81.840523,-97.027786,nan
2024-08-07T16:16:46,81.840546,-97.028099,nan
2024-08-07T16:16:45,81.840561,-97.028412,nan
2024-08-07T16:16:45,81.840576,-97.028725,nan
2024-08-07T16:16:44,81.840591,-97.029030,nan
2024-08-07T16:16:44,81.840614,-97.029343,nan
2024-08-07T16:16:43,81.840630,-97.029648,nan
2024-08-07T16:16:43,81.840645,-97.029953,nan
2024-08-07T16:16:42,81.840660,-97.030258,nan
2024-08-07T16:16:42,81.840683,-97.030563,nan
2024-08-07T16:16:41,81.840698,-97.030876,nan
2024-08-07T16:16:41,81.840714,-97.031181,nan
2024-08-07T16:16:40,81.840729,-97.031494,nan
2024-08-07T16:16:40,81.840744,-97.031807,nan
2024-08-07T16:16:39,81.840759,-97.032120,nan
2024-08-07T16:16:39,81.840775,-97.032440,nan
2024-08-07T16:16:38,81.840790,-97.032761,nan
2024-08-07T16:16:38,81.840813,-97.033081,nan
2024-08-07T16:16:37,81.840828,-97.033401,nan
2024-08-07T16:16:37,81.840843,-97.033730,nan
2024-08-07T16:16:36,81.840858,-97.034065,nan
2024-08-07T16:16:36,81.840874,-97.034393,nan
2024-08-07T16:16:35,81.840889,-97.034729,nan
2024-08-07T16:16:35,81.840904,-97.035065,nan
2024-08-07T16:16:34,81.840927,-97.035408,nan
2024-08-07T16:16:34,81.840942,-97.035751,nan
2024-08-07T16:16:33,81.840958,-97.036102,nan
2024-08-07T16:16:33,81.840973,-97.036446,nan
2024-08-07T16:16:32,81.840988,-97.036797,nan
2024-08-07T16:16:32,81.841003,-97.037140,nan
2024-08-07T16:16:31,81.841019,-97.037491,nan
2024-08-07T16:16:31,81.841034,-97.037842,nan
2024-08-07T16:16:30,81.841049,-97.038185,nan
2024-08-07T16:16:30,81.841064,-97.038536,nan
2024-08-07T16:16:29,81.841080,-97.038879,nan
2024-08-07T16:16:29,81.841095,-97.039230,nan
2024-08-07T16:16:28,81.841110,-97.039581,nan
2024-08-07T16:16:28,81.841125,-97.039932,nan
2024-08-07T16:16:27,81.841141,-97.040276,nan
2024-08-07T16:16:27,81.841156,-97.040627,nan
2024-08-07T16:16:26,81.841171,-97.040970,nan
2024-08-07T16:16:26,81.841194,-97.041321,nan
2024-08-07T16:16:25,81.841209,-97.041672,nan
2024-08-07T16:16:25,81.841225,-97.042015,nan
2024-08-07T16:16:24,81.841232,-97.042366,nan
2024-08-07T16:16:24,81.841255,-97.042717,nan
2024-08-07T16:16:23,81.841270,-97.043068,nan
2024-08-07T16:16:23,81.841286,-97.043419,nan
2024-08-07T16:16:22,81.841301,-97.043770,nan
2024-08-07T16:16:22,81.841316,-97.044121,nan
2024-08-07T16:16:21,81.841331,-97.044472,nan
2024-08-07T16:16:21,81.841347,-97.044823,nan
2024-08-07T16:16:20,81.841362,-97.045181,nan
2024-08-07T16:16:20,81.841377,-97.045532,nan
2024-08-07T16:16:19,81.841393,-97.045891,nan
2024-08-07T16:16:19,81.841408,-97.046249,nan
2024-08-07T16:16:18,81.841423,-97.046600,nan
2024-08-07T16:16:18,81.841438,-97.046959,nan
2024-08-07T16:16:17,81.841446,-97.047318,nan
2024-08-07T16:16:17,81.841461,-97.047676,nan
2024-08-07T16:16:16,81.841476,-97.048035,nan
2024-08-07T16:16:16,81.841492,-97.048393,nan
2024-08-07T16:16:15,81.841507,-97.048759,nan
2024-08-07T16:16:15,81.841522,-97.049118,nan
2024-08-07T16:16:14,81.841537,-97.049477,nan
2024-08-07T16:16:14,81.841553,-97.049828,nan
2024-08-07T16:16:13,81.841560,-97.050186,nan
2024-08-07T16:16:13,81.841576,-97.050545,nan
2024-08-07T16:16:12,81.841591,-97.050903,nan
2024-08-07T16:16:12,81.841606,-97.051262,nan
2024-08-07T16:16:11,81.841637,-97.051979,nan
2024-08-07T16:16:10,81.841652,-97.052330,nan
2024-08-07T16:16:10,81.841667,-97.052681,nan
2024-08-07T16:16:09,81.841682,-97.053032,nan
2024-08-07T16:16:09,81.841690,-97.053383,nan
2024-08-07T16:16:08,81.841705,-97.053734,nan
2024-08-07T16:16:08,81.841721,-97.054077,nan
2024-08-07T16:16:07,81.841736,-97.054420,nan
2024-08-07T16:16:07,81.841751,-97.054771,nan
2024-08-07T16:16:06,81.841759,-97.055107,nan
2024-08-07T16:16:06,81.841774,-97.055450,nan
2024-08-07T16:16:05,81.841789,-97.055786,nan
2024-08-07T16:16:05,81.841805,-97.056122,nan
2024-08-07T16:16:04,81.841820,-97.056458,nan
2024-08-07T16:16:04,81.841827,-97.056801,nan
2024-08-07T16:16:03,81.841843,-97.057137,nan
2024-08-07T16:16:03,81.841858,-97.057472,nan
2024-08-07T16:16:02,81.841873,-97.057816,nan
2024-08-07T16:16:02,81.841888,-97.058159,nan
2024-08-07T16:16:01,81.841904,-97.058502,nan
2024-08-07T16:16:01,81.841919,-97.058846,nan
2024-08-07T16:16:00,81.841934,-97.059196,nan
2024-08-07T16:16:00,81.841949,-97.059547,nan
2024-08-07T16:15:59,81.841965,-97.059906,nan
2024-08-07T16:15:59,81.841988,-97.060265,nan
2024-08-07T16:15:58,81.842003,-97.060623,nan
2024-08-07T16:15:58,81.842018,-97.060989,nan
2024-08-07T16:15:57,81.842033,-97.061356,nan
2024-08-07T16:15:57,81.842056,-97.061722,nan
2024-08-07T16:15:56,81.842072,-97.062096,nan
2024-08-07T16:15:56,81.842087,-97.062462,nan
2024-08-07T16:15:55,81.842102,-97.062836,nan
2024-08-07T16:15:55,81.842125,-97.063210,nan
2024-08-07T16:15:54,81.842140,-97.063583,nan
2024-08-07T16:15:54,81.842155,-97.063965,nan
2024-08-07T16:15:53,81.842171,-97.064339,nan
2024-08-07T16:15:53,81.842186,-97.064713,nan
2024-08-07T16:15:52,81.842201,-97.065086,nan
2024-08-07T16:15:52,81.842216,-97.065460,nan
2024-08-07T16:15:51,81.842232,-97.065834,nan
2024-08-07T16:15:51,81.842255,-97.066208,nan
2024-08-07T16:15:50,81.842270,-97.066582,nan
2024-08-07T16:15:50,81.842285,-97.066956,nan
2024-08-07T16:15:49,81.842300,-97.067337,nan
2024-08-07T16:15:49,81.842316,-97.067719,nan
2024-08-07T16:15:48,81.842331,-97.068092,nan
2024-08-07T16:15:48,81.842346,-97.068466,nan
2024-08-07T16:15:47,81.842361,-97.068848,nan
2024-08-07T16:15:47,81.842377,-97.069229,nan
2024-08-07T16:15:46,81.842400,-97.069603,nan
2024-08-07T16:15:46,81.842415,-97.069977,nan
2024-08-07T16:15:45,81.842430,-97.070358,nan
2024-08-07T16:15:45,81.842445,-97.070732,nan
2024-08-07T16:15:44,81.842461,-97.071106,nan
2024-08-07T16:15:44,81.842476,-97.071487,nan
2024-08-07T16:15:43,81.842491,-97.071861,nan
2024-08-07T16:15:43,81.842506,-97.072250,nan
2024-08-07T16:15:42,81.842522,-97.072624,nan
2024-08-07T16:15:42,81.842537,-97.073006,nan
2024-08-07T16:15:41,81.842552,-97.073380,nan
2024-08-07T16:15:41,81.842567,-97.073761,nan
2024-08-07T16:15:40,81.842583,-97.074142,nan
2024-08-07T16:15:40,81.842598,-97.074524,nan
2024-08-07T16:15:39,81.842613,-97.074905,nan
2024-08-07T16:15:39,81.842628,-97.075287,nan
2024-08-07T16:15:38,81.842644,-97.075668,nan
2024-08-07T16:15:38,81.842659,-97.076050,nan
2024-08-07T16:15:37,81.842674,-97.076431,nan
2024-08-07T16:15:37,81.842697,-97.076820,nan
2024-08-07T16:15:36,81.842712,-97.077209,nan
2024-08-07T16:15:36,81.842735,-97.077599,nan
2024-08-07T16:15:35,81.842751,-97.077988,nan
2024-08-07T16:15:35,81.842773,-97.078377,nan
2024-08-07T16:15:34,81.842789,-97.078766,nan
2024-08-07T16:15:34,81.842804,-97.079163,nan
2024-08-07T16:15:33,81.842827,-97.079552,nan
2024-08-07T16:15:33,81.842842,-97.079948,nan
2024-08-07T16:15:32,81.842857,-97.080353,nan
2024-08-07T16:15:32,81.842880,-97.080765,nan
2024-08-07T16:15:31,81.842896,-97.081169,nan
2024-08-07T16:15:31,81.842911,-97.081581,nan
2024-08-07T16:15:30,81.842926,-97.081993,nan
2024-08-07T16:15:30,81.842941,-97.082405,nan
2024-08-07T16:15:29,81.842957,-97.082817,nan
2024-08-07T16:15:29,81.842972,-97.083244,nan
2024-08-07T16:15:28,81.842995,-97.083672,nan
2024-08-07T16:15:28,81.843010,-97.084099,nan
2024-08-07T16:15:27,81.843025,-97.084534,nan
2024-08-07T16:15:27,81.843040,-97.084976,nan
2024-08-07T16:15:26,81.843063,-97.085419,nan
2024-08-07T16:15:26,81.843079,-97.085861,nan
2024-08-07T16:15:25,81.843102,-97.086311,nan
2024-08-07T16:15:25,81.843124,-97.086761,nan
2024-08-07T16:15:24,81.843140,-97.087204,nan
2024-08-07T16:15:24,81.843163,-97.087654,nan
2024-08-07T16:15:23,81.843185,-97.088104,nan
2024-08-07T16:15:23,81.843208,-97.088554,nan
2024-08-07T16:15:22,81.843231,-97.089005,nan
2024-08-07T16:15:22,81.843254,-97.089462,nan
2024-08-07T16:15:21,81.843277,-97.089912,nan
2024-08-07T16:15:21,81.843300,-97.090355,nan
2024-08-07T16:15:20,81.843323,-97.090805,nan
2024-08-07T16:15:20,81.843353,-97.091248,nan
2024-08-07T16:15:19,81.843376,-97.091690,nan
2024-08-07T16:15:19,81.843399,-97.092140,nan
2024-08-07T16:15:18,81.843430,-97.092583,nan
2024-08-07T16:15:18,81.843452,-97.093040,nan
2024-08-07T16:15:17,81.843483,-97.093491,nan
2024-08-07T16:15:17,81.843506,-97.093956,nan
2024-08-07T16:15:16,81.843536,-97.094429,nan
2024-08-07T16:15:16,81.843559,-97.094902,nan
2024-08-07T16:15:15,81.843590,-97.095383,nan
2024-08-07T16:15:15,81.843613,-97.095871,nan
2024-08-07T16:15:14,81.843643,-97.096367,nan
2024-08-07T16:15:14,81.843666,-97.096863,nan
2024-08-07T16:15:13,81.843697,-97.097366,nan
2024-08-07T16:15:13,81.843719,-97.097878,nan
2024-08-07T16:15:12,81.843750,-97.098389,nan
2024-08-07T16:15:12,81.843781,-97.098907,nan
2024-08-07T16:15:11,81.843811,-97.099426,nan
2024-08-07T16:15:11,81.843842,-97.099960,nan
2024-08-07T16:15:10,81.843872,-97.100494,nan
2024-08-07T16:15:10,81.843903,-97.101021,nan
2024-08-07T16:15:09,81.843933,-97.101562,nan
2024-08-07T16:15:09,81.843964,-97.102097,nan
2024-08-07T16:15:08,81.844002,-97.102631,nan
2024-08-07T16:15:08,81.844032,-97.103172,nan
2024-08-07T16:15:07,81.844063,-97.103714,nan
2024-08-07T16:15:07,81.844093,-97.104256,nan
2024-08-07T16:15:06,81.844131,-97.104797,nan
2024-08-07T16:15:06,81.844162,-97.105339,nan
2024-08-07T16:15:05,81.844193,-97.105881,nan
2024-08-07T16:15:05,81.844231,-97.106430,nan
2024-08-07T16:15:04,81.844261,-97.106972,nan
2024-08-07T16:15:04,81.844299,-97.107521,nan
2024-08-07T16:15:03,81.844330,-97.108070,nan
2024-08-07T16:15:03,81.844360,-97.108620,nan
2024-08-07T16:15:02,81.844398,-97.109169,nan
2024-08-07T16:15:02,81.844429,-97.109718,nan
2024-08-07T16:15:01,81.844467,-97.110268,nan
2024-08-07T16:15:01,81.844498,-97.110809,nan
2024-08-07T16:15:00,81.844528,-97.111359,nan
2024-08-07T16:15:00,81.844566,-97.111908,nan
2024-08-07T16:14:59,81.844597,-97.112457,nan
2024-08-07T16:14:59,81.844627,-97.113007,nan
2024-08-07T16:14:58,81.844666,-97.113564,nan
2024-08-07T16:14:58,81.844696,-97.114113,nan
2024-08-07T16:14:57,81.844734,-97.114670,nan
2024-08-07T16:14:57,81.844765,-97.115219,nan
2024-08-07T16:14:56,81.844803,-97.115776,nan
2024-08-07T16:14:56,81.844833,-97.116333,nan
2024-08-07T16:14:55,81.844872,-97.116890,nan
2024-08-07T16:14:55,81.844902,-97.117447,nan
2024-08-07T16:14:54,81.844933,-97.117996,nan
2024-08-07T16:14:54,81.844971,-97.118553,nan
2024-08-07T16:14:53,81.845001,-97.119110,nan
2024-08-07T16:14:53,81.845039,-97.119667,nan
2024-08-07T16:14:52,81.845070,-97.120224,nan
2024-08-07T16:14:52,81.845100,-97.120781,nan
2024-08-07T16:14:51,81.845139,-97.121338,nan
2024-08-07T16:14:51,81.845169,-97.121895,nan
2024-08-07T16:14:50,81.845200,-97.122459,nan
2024-08-07T16:14:50,81.845230,-97.123024,nan
2024-08-07T16:14:49,81.845261,-97.123589,nan
2024-08-07T16:14:49,81.845291,-97.124161,nan
2024-08-07T16:14:48,81.845322,-97.124725,nan
2024-08-07T16:14:48,81.845360,-97.125298,nan
2024-08-07T16:14:47,81.845390,-97.125870,nan
2024-08-07T16:14:47,81.845421,-97.126450,nan
2024-08-07T16:14:46,81.845451,-97.127029,nan
2024-08-07T16:14:46,81.845490,-97.127609,nan
2024-08-07T16:14:45,81.845520,-97.128189,nan
2024-08-07T16:14:45,81.845551,-97.128777,nan
2024-08-07T16:14:44,81.845589,-97.129356,nan
2024-08-07T16:14:44,81.845619,-97.129944,nan
2024-08-07T16:14:43,81.845657,-97.130524,nan
2024-08-07T16:14:43,81.845688,-97.131111,nan
2024-08-07T16:14:42,81.845726,-97.131699,nan
2024-08-07T16:14:42,81.845757,-97.132278,nan
2024-08-07T16:14:41,81.845795,-97.132866,nan
2024-08-07T16:14:41,81.845825,-97.133453,nan
2024-08-07T16:14:40,81.845863,-97.134048,nan
2024-08-07T16:14:40,81.845901,-97.134651,nan
2024-08-07T16:14:39,81.845932,-97.135246,nan
2024-08-07T16:14:39,81.845970,-97.135841,nan
2024-08-07T16:14:38,81.846001,-97.136444,nan
2024-08-07T16:14:38,81.846039,-97.137047,nan
2024-08-07T16:14:37,81.846077,-97.137642,nan
2024-08-07T16:14:37,81.846107,-97.138245,nan
2024-08-07T16:14:36,81.846146,-97.138847,nan
2024-08-07T16:14:36,81.846184,-97.139442,nan
2024-08-07T16:14:35,81.846214,-97.140045,nan
2024-08-07T16:14:35,81.846252,-97.140656,nan
2024-08-07T16:14:34,81.846291,-97.141258,nan
2024-08-07T16:14:34,81.846329,-97.141876,nan
2024-08-07T16:14:33,81.846367,-97.142487,nan
2024-08-07T16:14:33,81.846397,-97.143105,nan
2024-08-07T16:14:32,81.846436,-97.143715,nan
2024-08-07T16:14:32,81.846474,-97.144333,nan
2024-08-07T16:14:31,81.846512,-97.144958,nan
2024-08-07T16:14:31,81.846550,-97.145584,nan
2024-08-07T16:14:30,81.846588,-97.146217,nan
2024-08-07T16:14:30,81.846619,-97.146851,nan
2024-08-07T16:14:29,81.846657,-97.147484,nan
2024-08-07T16:14:29,81.846695,-97.148117,nan
2024-08-07T16:14:28,81.846725,-97.148766,nan
2024-08-07T16:14:28,81.846764,-97.149414,nan
2024-08-07T16:14:27,81.846802,-97.150070,nan
2024-08-07T16:14:27,81.846832,-97.150734,nan
2024-08-07T16:14:26,81.846870,-97.151405,nan
2024-08-07T16:14:26,81.846909,-97.152077,nan
2024-08-07T16:14:25,81.846939,-97.152748,nan
2024-08-07T16:14:25,81.846977,-97.153427,nan
2024-08-07T16:14:24,81.847015,-97.154099,nan
2024-08-07T16:14:24,81.847054,-97.154778,nan
2024-08-07T16:14:23,81.847092,-97.155457,nan
2024-08-07T16:14:23,81.847130,-97.156128,nan
2024-08-07T16:14:22,81.847176,-97.156799,nan
2024-08-07T16:14:22,81.847214,-97.157471,nan
2024-08-07T16:14:21,81.847252,-97.158134,nan
2024-08-07T16:14:21,81.847298,-97.158806,nan
2024-08-07T16:14:20,81.847336,-97.159470,nan
2024-08-07T16:14:20,81.847374,-97.160133,nan
2024-08-07T16:14:19,81.847420,-97.160789,nan
2024-08-07T16:14:19,81.847458,-97.161453,nan
2024-08-07T16:14:18,81.847504,-97.162117,nan
2024-08-07T16:14:18,81.847542,-97.162773,nan
2024-08-07T16:14:17,81.847580,-97.163437,nan
2024-08-07T16:14:17,81.847626,-97.164101,nan
2024-08-07T16:14:16,81.847664,-97.164772,nan
2024-08-07T16:14:16,81.847710,-97.165443,nan
2024-08-07T16:14:15,81.847748,-97.166115,nan
2024-08-07T16:14:15,81.847786,-97.166794,nan
2024-08-07T16:14:14,81.847832,-97.167473,nan
2024-08-07T16:14:14,81.847870,-97.168152,nan
2024-08-07T16:14:13,81.847916,-97.168839,nan
2024-08-07T16:14:13,81.847961,-97.169518,nan
2024-08-07T16:14:12,81.848000,-97.170212,nan
2024-08-07T16:14:12,81.848045,-97.170906,nan
2024-08-07T16:14:11,81.848091,-97.171600,nan
2024-08-07T16:14:11,81.848129,-97.172302,nan
2024-08-07T16:14:10,81.848175,-97.173012,nan
2024-08-07T16:14:10,81.848221,-97.173729,nan
2024-08-07T16:14:09,81.848267,-97.174454,nan
2024-08-07T16:14:09,81.848312,-97.175179,nan
2024-08-07T16:14:08,81.848358,-97.175903,nan
2024-08-07T16:14:08,81.848396,-97.176636,nan
2024-08-07T16:14:07,81.848442,-97.177361,nan
2024-08-07T16:14:07,81.848488,-97.178093,nan
2024-08-07T16:14:06,81.848526,-97.178833,nan
2024-08-07T16:14:06,81.848572,-97.179573,nan
2024-08-07T16:14:05,81.848610,-97.180321,nan
2024-08-07T16:14:05,81.848648,-97.181068,nan
2024-08-07T16:14:04,81.848694,-97.181816,nan
2024-08-07T16:14:04,81.848732,-97.182564,nan
2024-08-07T16:14:03,81.848778,-97.183319,nan
2024-08-07T16:14:03,81.848824,-97.184074,nan
2024-08-07T16:14:02,81.848862,-97.184837,nan
2024-08-07T16:14:02,81.848907,-97.185600,nan
2024-08-07T16:14:01,81.848946,-97.186363,nan
2024-08-07T16:14:01,81.848991,-97.187134,nan
2024-08-07T16:14:00,81.849037,-97.187904,nan
2024-08-07T16:14:00,81.849083,-97.188683,nan
2024-08-07T16:13:59,81.849129,-97.189468,nan
2024-08-07T16:13:59,81.849174,-97.190247,nan
2024-08-07T16:13:58,81.849220,-97.191032,nan
2024-08-07T16:13:58,81.849266,-97.191811,nan
2024-08-07T16:13:57,81.849312,-97.192596,nan
2024-08-07T16:13:57,81.849358,-97.193375,nan
2024-08-07T16:13:56,81.849403,-97.194153,nan
2024-08-07T16:13:56,81.849449,-97.194939,nan
2024-08-07T16:13:55,81.849495,-97.195717,nan
2024-08-07T16:13:55,81.849541,-97.196495,nan
2024-08-07T16:13:54,81.849586,-97.197281,nan
2024-08-07T16:13:54,81.849640,-97.198067,nan
2024-08-07T16:13:53,81.849686,-97.198860,nan
2024-08-07T16:13:53,81.849731,-97.199654,nan
2024-08-07T16:13:52,81.849777,-97.200455,nan
2024-08-07T16:13:52,81.849823,-97.201256,nan
2024-08-07T16:13:51,81.849869,-97.202057,nan
2024-08-07T16:13:51,81.849915,-97.202873,nan
2024-08-07T16:13:50,81.849960,-97.203690,nan
2024-08-07T16:13:50,81.850006,-97.204514,nan
2024-08-07T16:13:49,81.850052,-97.205338,nan
2024-08-07T16:13:49,81.850098,-97.206161,nan
2024-08-07T16:13:48,81.850143,-97.206993,nan
2024-08-07T16:13:48,81.850189,-97.207825,nan
2024-08-07T16:13:47,81.850235,-97.208664,nan
2024-08-07T16:13:47,81.850281,-97.209496,nan
2024-08-07T16:13:46,81.850327,-97.210342,nan
2024-08-07T16:13:46,81.850372,-97.211174,nan
2024-08-07T16:13:45,81.850418,-97.212013,nan
2024-08-07T16:13:45,81.850464,-97.212860,nan
2024-08-07T16:13:44,81.850510,-97.213699,nan
2024-08-07T16:13:44,81.850548,-97.214546,nan
2024-08-07T16:13:43,81.850594,-97.215393,nan
2024-08-07T16:13:43,81.850632,-97.216240,nan
2024-08-07T16:13:42,81.850677,-97.217079,nan
2024-08-07T16:13:42,81.850723,-97.217926,nan
2024-08-07T16:13:41,81.850761,-97.218773,nan
2024-08-07T16:13:41,81.850807,-97.219620,nan
2024-08-07T16:13:40,81.850853,-97.220467,nan
2024-08-07T16:13:40,81.850899,-97.221321,nan
2024-08-07T16:13:39,81.850945,-97.222168,nan
2024-08-07T16:13:39,81.850990,-97.223022,nan
2024-08-07T16:13:38,81.851036,-97.223877,nan
2024-08-07T16:13:38,81.851082,-97.224731,nan
2024-08-07T16:13:37,81.851128,-97.225594,nan
2024-08-07T16:13:37,81.851173,-97.226448,nan
2024-08-07T16:13:36,81.851219,-97.227310,nan
2024-08-07T16:13:36,81.851265,-97.228172,nan
2024-08-07T16:13:35,81.851311,-97.229034,nan
2024-08-07T16:13:35,81.851364,-97.229897,nan
2024-08-07T16:13:34,81.851410,-97.230766,nan
2024-08-07T16:13:34,81.851456,-97.231644,nan
2024-08-07T16:13:33,81.851501,-97.232513,nan
2024-08-07T16:13:33,81.851547,-97.233391,nan
2024-08-07T16:13:32,81.851593,-97.234268,nan
2024-08-07T16:13:32,81.851639,-97.235153,nan
2024-08-07T16:13:31,81.851685,-97.236031,nan
2024-08-07T16:13:31,81.851730,-97.236916,nan
2024-08-07T16:13:30,81.851776,-97.237793,nan
2024-08-07T16:13:30,81.851822,-97.238678,nan
2024-08-07T16:13:29,81.851868,-97.239555,nan
2024-08-07T16:13:29,81.851913,-97.240440,nan
2024-08-07T16:13:28,81.851959,-97.241325,nan
2024-08-07T16:13:28,81.852005,-97.242218,nan
2024-08-07T16:13:27,81.852051,-97.243103,nan
2024-08-07T16:13:27,81.852097,-97.243988,nan
2024-08-07T16:13:26,81.852135,-97.244873,nan
2024-08-07T16:13:26,81.852180,-97.245758,nan
2024-08-07T16:13:25,81.852226,-97.246651,nan
2024-08-07T16:13:25,81.852272,-97.247536,nan
2024-08-07T16:13:24,81.852318,-97.248428,nan
2024-08-07T16:13:24,81.852364,-97.249321,nan
2024-08-07T16:13:23,81.852409,-97.250206,nan
2024-08-07T16:13:23,81.852455,-97.251106,nan
2024-08-07T16:13:22,81.852501,-97.251999,nan
2024-08-07T16:13:22,81.852547,-97.252899,nan
2024-08-07T16:13:21,81.852592,-97.253799,nan
2024-08-07T16:13:21,81.852638,-97.254700,nan
2024-08-07T16:13:20,81.852684,-97.255600,nan
2024-08-07T16:13:20,81.852730,-97.256500,nan
2024-08-07T16:13:19,81.852776,-97.257393,nan
2024-08-07T16:13:19,81.852821,-97.258293,nan
2024-08-07T16:13:18,81.852867,-97.259193,nan
2024-08-07T16:13:18,81.852913,-97.260094,nan
2024-08-07T16:13:17,81.852959,-97.260994,nan
2024-08-07T16:13:17,81.853004,-97.261894,nan
2024-08-07T16:13:16,81.853050,-97.262794,nan
2024-08-07T16:13:16,81.853096,-97.263702,nan
2024-08-07T16:13:15,81.853142,-97.264603,nan
2024-08-07T16:13:15,81.853188,-97.265511,nan
2024-08-07T16:13:14,81.853233,-97.266426,nan
2024-08-07T16:13:14,81.853279,-97.267334,nan
2024-08-07T16:13:13,81.853325,-97.268257,nan
2024-08-07T16:13:13,81.853371,-97.269173,nan
2024-08-07T16:13:12,81.853416,-97.270103,nan
2024-08-07T16:13:12,81.853462,-97.271027,nan
2024-08-07T16:13:11,81.853508,-97.271957,nan
2024-08-07T16:13:11,81.853554,-97.272888,nan
2024-08-07T16:13:10,81.853600,-97.273827,nan
2024-08-07T16:13:10,81.853645,-97.274765,nan
2024-08-07T16:13:09,81.853691,-97.275703,nan
2024-08-07T16:13:09,81.853737,-97.276642,nan
2024-08-07T16:13:08,81.853783,-97.277580,nan
2024-08-07T16:13:08,81.853828,-97.278534,nan
2024-08-07T16:13:07,81.853874,-97.279488,nan
2024-08-07T16:13:07,81.853920,-97.280441,nan
2024-08-07T16:13:06,81.853966,-97.281403,nan
2024-08-07T16:13:06,81.854012,-97.282356,nan
2024-08-07T16:13:05,81.854065,-97.283318,nan
2024-08-07T16:13:05,81.854111,-97.284279,nan
2024-08-07T16:13:04,81.854156,-97.285240,nan
2024-08-07T16:13:04,81.854210,-97.286201,nan
2024-08-07T16:13:03,81.854256,-97.287170,nan
2024-08-07T16:13:03,81.854301,-97.288139,nan
2024-08-07T16:13:02,81.854347,-97.289108,nan
2024-08-07T16:13:02,81.854401,-97.290077,nan
2024-08-07T16:13:01,81.854446,-97.291039,nan
2024-08-07T16:13:01,81.854492,-97.292007,nan
2024-08-07T16:13:00,81.854546,-97.292976,nan
2024-08-07T16:13:00,81.854591,-97.293945,nan
2024-08-07T16:12:59,81.854645,-97.294914,nan
2024-08-07T16:12:59,81.854691,-97.295883,nan
2024-08-07T16:12:58,81.854736,-97.296852,nan
2024-08-07T16:12:58,81.854790,-97.297821,nan
2024-08-07T16:12:57,81.854843,-97.298798,nan
2024-08-07T16:12:57,81.854889,-97.299782,nan
2024-08-07T16:12:56,81.854942,-97.300758,nan
2024-08-07T16:12:56,81.854988,-97.301735,nan
2024-08-07T16:12:55,81.855042,-97.302711,nan
2024-08-07T16:12:55,81.855087,-97.303696,nan
2024-08-07T16:12:54,81.855141,-97.304672,nan
2024-08-07T16:12:54,81.855186,-97.305656,nan
2024-08-07T16:12:53,81.855240,-97.306633,nan
2024-08-07T16:12:53,81.855286,-97.307617,nan
2024-08-07T16:12:52,81.855339,-97.308594,nan
2024-08-07T16:12:52,81.855385,-97.309570,nan
2024-08-07T16:12:51,81.855438,-97.310555,nan
2024-08-07T16:12:51,81.855484,-97.311539,nan
2024-08-07T16:12:50,81.855537,-97.312523,nan
2024-08-07T16:12:50,81.855583,-97.313507,nan
2024-08-07T16:12:49,81.855637,-97.314499,nan
2024-08-07T16:12:49,81.855682,-97.315483,nan
2024-08-07T16:12:48,81.855736,-97.316475,nan
2024-08-07T16:12:48,81.855789,-97.317467,nan
2024-08-07T16:12:47,81.855835,-97.318459,nan
2024-08-07T16:12:47,81.855888,-97.319443,nan
2024-08-07T16:12:46,81.855942,-97.320435,nan
2024-08-07T16:12:46,81.855995,-97.321426,nan
2024-08-07T16:12:45,81.856041,-97.322426,nan
2024-08-07T16:12:45,81.856094,-97.323425,nan
2024-08-07T16:12:44,81.856148,-97.324432,nan
2024-08-07T16:12:44,81.856201,-97.325432,nan
2024-08-07T16:12:43,81.856247,-97.326431,nan
2024-08-07T16:12:43,81.856300,-97.327431,nan
2024-08-07T16:12:42,81.856354,-97.328430,nan
2024-08-07T16:12:42,81.856407,-97.329437,nan
2024-08-07T16:12:41,81.856461,-97.330437,nan
2024-08-07T16:12:41,81.856506,-97.331444,nan
2024-08-07T16:12:40,81.856560,-97.332451,nan
2024-08-07T16:12:40,81.856613,-97.333458,nan
2024-08-07T16:12:39,81.856667,-97.334457,nan
2024-08-07T16:12:39,81.856720,-97.335472,nan
2024-08-07T16:12:38,81.856773,-97.336479,nan
2024-08-07T16:12:38,81.856827,-97.337486,nan
2024-08-07T16:12:37,81.856880,-97.338501,nan
2024-08-07T16:12:37,81.856934,-97.339523,nan
2024-08-07T16:12:36,81.856987,-97.340538,nan
2024-08-07T16:12:36,81.857040,-97.341560,nan
2024-08-07T16:12:35,81.857094,-97.342575,nan
2024-08-07T16:12:35,81.857147,-97.343597,nan
2024-08-07T16:12:34,81.857201,-97.344612,nan
2024-08-07T16:12:34,81.857254,-97.345634,nan
2024-08-07T16:12:33,81.857307,-97.346664,nan
2024-08-07T16:12:33,81.857361,-97.347702,nan
2024-08-07T16:12:32,81.857414,-97.348732,nan
2024-08-07T16:12:32,81.857468,-97.349770,nan
2024-08-07T16:12:31,81.857521,-97.350807,nan
2024-08-07T16:12:31,81.857574,-97.351852,nan
2024-08-07T16:12:30,81.857628,-97.352898,nan
2024-08-07T16:12:30,81.857689,-97.353943,nan
2024-08-07T16:12:29,81.857742,-97.354988,nan
2024-08-07T16:12:29,81.857796,-97.356033,nan
2024-08-07T16:12:28,81.857849,-97.357086,nan
2024-08-07T16:12:28,81.857910,-97.358147,nan
2024-08-07T16:12:27,81.857964,-97.359207,nan
2024-08-07T16:12:27,81.858017,-97.360268,nan
2024-08-07T16:12:26,81.858078,-97.361336,nan
2024-08-07T16:12:26,81.858131,-97.362396,nan
2024-08-07T16:12:25,81.858192,-97.363464,nan
2024-08-07T16:12:25,81.858246,-97.364532,nan
2024-08-07T16:12:24,81.858307,-97.365608,nan
2024-08-07T16:12:24,81.858360,-97.366684,nan
2024-08-07T16:12:23,81.858421,-97.367767,nan
2024-08-07T16:12:23,81.858475,-97.368858,nan
2024-08-07T16:12:22,81.858536,-97.369949,nan
2024-08-07T16:12:22,81.858597,-97.371056,nan
2024-08-07T16:12:21,81.858658,-97.372162,nan
2024-08-07T16:12:21,81.858711,-97.373268,nan
2024-08-07T16:12:20,81.858772,-97.374382,nan
2024-08-07T16:12:20,81.858833,-97.375504,nan
2024-08-07T16:12:19,81.858894,-97.376625,nan
2024-08-07T16:12:19,81.858955,-97.377747,nan
2024-08-07T16:12:18,81.859016,-97.378876,nan
2024-08-07T16:12:18,81.859077,-97.380005,nan
2024-08-07T16:12:17,81.859138,-97.381142,nan
2024-08-07T16:12:17,81.859200,-97.382286,nan
2024-08-07T16:12:16,81.859261,-97.383423,nan
2024-08-07T16:12:16,81.859322,-97.384575,nan
2024-08-07T16:12:15,81.859383,-97.385735,nan
2024-08-07T16:12:15,81.859444,-97.386894,nan
2024-08-07T16:12:14,81.859512,-97.388054,nan
2024-08-07T16:12:14,81.859573,-97.389229,nan
2024-08-07T16:12:13,81.859634,-97.390419,nan
2024-08-07T16:12:13,81.859703,-97.391617,nan
2024-08-07T16:12:12,81.859772,-97.392822,nan
2024-08-07T16:12:12,81.859840,-97.394051,nan
2024-08-07T16:12:11,81.859909,-97.395287,nan
2024-08-07T16:12:11,81.859985,-97.396538,nan
2024-08-07T16:12:10,81.860054,-97.397797,nan
2024-08-07T16:12:10,81.860130,-97.399078,nan
2024-08-07T16:12:09,81.860214,-97.400368,nan
2024-08-07T16:12:09,81.860291,-97.401665,nan
2024-08-07T16:12:08,81.860374,-97.402969,nan
2024-08-07T16:12:08,81.860451,-97.404274,nan
2024-08-07T16:12:07,81.860535,-97.405586,nan
2024-08-07T16:12:07,81.860619,-97.406906,nan
2024-08-07T16:12:06,81.860695,-97.408218,nan
2024-08-07T16:12:06,81.860779,-97.409538,nan
2024-08-07T16:12:05,81.860855,-97.410851,nan
2024-08-07T16:12:05,81.860939,-97.412163,nan
2024-08-07T16:12:04,81.861023,-97.413467,nan
2024-08-07T16:12:04,81.861107,-97.414772,nan
2024-08-07T16:12:03,81.861191,-97.416077,nan
2024-08-07T16:12:03,81.861275,-97.417389,nan
2024-08-07T16:12:02,81.861359,-97.418694,nan
2024-08-07T16:12:02,81.861443,-97.420006,nan
2024-08-07T16:12:01,81.861519,-97.421333,nan
2024-08-07T16:12:01,81.861603,-97.422661,nan
2024-08-07T16:12:00,81.861687,-97.423996,nan
2024-08-07T16:12:00,81.861771,-97.425339,nan
2024-08-07T16:11:59,81.861855,-97.426689,nan
2024-08-07T16:11:59,81.861938,-97.428047,nan
2024-08-07T16:11:58,81.862022,-97.429413,nan
2024-08-07T16:11:58,81.862106,-97.430779,nan
2024-08-07T16:11:57,81.862190,-97.432167,nan
2024-08-07T16:11:57,81.862274,-97.433563,nan
2024-08-07T16:11:56,81.862366,-97.434967,nan
2024-08-07T16:11:56,81.862450,-97.436386,nan
2024-08-07T16:11:55,81.862541,-97.437805,nan
2024-08-07T16:11:55,81.862633,-97.439240,nan
2024-08-07T16:11:54,81.862724,-97.440681,nan
2024-08-07T16:11:54,81.862808,-97.442123,nan
2024-08-07T16:11:53,81.862900,-97.443565,nan
2024-08-07T16:11:53,81.862991,-97.445023,nan
2024-08-07T16:11:52,81.863075,-97.446472,nan
2024-08-07T16:11:52,81.863167,-97.447922,nan
2024-08-07T16:11:51,81.863251,-97.449379,nan
2024-08-07T16:11:51,81.863342,-97.450844,nan
2024-08-07T16:11:50,81.863434,-97.452301,nan
2024-08-07T16:11:50,81.863518,-97.453766,nan
2024-08-07T16:11:49,81.863609,-97.455231,nan
2024-08-07T16:11:49,81.863693,-97.456703,nan
2024-08-07T16:11:48,81.863785,-97.458176,nan
2024-08-07T16:11:48,81.863869,-97.459656,nan
2024-08-07T16:11:47,81.863960,-97.461128,nan
2024-08-07T16:11:47,81.864044,-97.462616,nan
2024-08-07T16:11:46,81.864136,-97.464096,nan
2024-08-07T16:11:46,81.864220,-97.465584,nan
2024-08-07T16:11:45,81.864304,-97.467072,nan
2024-08-07T16:11:45,81.864395,-97.468559,nan
2024-08-07T16:11:44,81.864479,-97.470055,nan
2024-08-07T16:11:44,81.864571,-97.471550,nan
2024-08-07T16:11:43,81.864655,-97.473045,nan
2024-08-07T16:11:43,81.864746,-97.474541,nan
2024-08-07T16:11:42,81.864830,-97.476036,nan
2024-08-07T16:11:42,81.864914,-97.477531,nan
2024-08-07T16:11:41,81.865005,-97.479027,nan
2024-08-07T16:11:41,81.865089,-97.480515,nan
2024-08-07T16:11:40,81.865173,-97.482002,nan
2024-08-07T16:11:40,81.865265,-97.483490,nan
2024-08-07T16:11:39,81.865349,-97.484985,nan
2024-08-07T16:11:39,81.865433,-97.486473,nan
2024-08-07T16:11:38,81.865524,-97.487968,nan
2024-08-07T16:11:38,81.865608,-97.489456,nan
2024-08-07T16:11:37,81.865692,-97.490944,nan
2024-08-07T16:11:37,81.865784,-97.492439,nan
2024-08-07T16:11:36,81.865868,-97.493942,nan
2024-08-07T16:11:36,81.865952,-97.495438,nan
2024-08-07T16:11:35,81.866035,-97.496933,nan
2024-08-07T16:11:35,81.866119,-97.498436,nan
2024-08-07T16:11:34,81.866203,-97.499931,nan
2024-08-07T16:11:34,81.866295,-97.501434,nan
2024-08-07T16:11:33,81.866379,-97.502930,nan
2024-08-07T16:11:33,81.866463,-97.504433,nan
2024-08-07T16:11:32,81.866554,-97.505928,nan
2024-08-07T16:11:32,81.866638,-97.507423,nan
2024-08-07T16:11:31,81.866722,-97.508919,nan
2024-08-07T16:11:31,81.866806,-97.510414,nan
2024-08-07T16:11:30,81.866898,-97.511917,nan
2024-08-07T16:11:30,81.866982,-97.513420,nan
2024-08-07T16:11:29,81.867073,-97.514923,nan
2024-08-07T16:11:29,81.867157,-97.516426,nan
2024-08-07T16:11:28,81.867241,-97.517929,nan
2024-08-07T16:11:28,81.867325,-97.519440,nan
2024-08-07T16:11:27,81.867409,-97.520950,nan
2024-08-07T16:11:27,81.867493,-97.522469,nan
2024-08-07T16:11:26,81.867577,-97.523979,nan
2024-08-07T16:11:26,81.867661,-97.525497,nan
2024-08-07T16:11:25,81.867744,-97.527016,nan
2024-08-07T16:11:25,81.867828,-97.528542,nan
2024-08-07T16:11:24,81.867905,-97.530060,nan
2024-08-07T16:11:24,81.867989,-97.531578,nan
2024-08-07T16:11:23,81.868073,-97.533096,nan
2024-08-07T16:11:23,81.868156,-97.534615,nan
2024-08-07T16:11:22,81.868233,-97.536133,nan
2024-08-07T16:11:22,81.868317,-97.537651,nan
2024-08-07T16:11:21,81.868401,-97.539169,nan
2024-08-07T16:11:21,81.868484,-97.540695,nan
2024-08-07T16:11:20,81.868568,-97.542213,nan
2024-08-07T16:11:20,81.868645,-97.543739,nan
2024-08-07T16:11:19,81.868729,-97.545258,nan
2024-08-07T16:11:19,81.868813,-97.546783,nan
2024-08-07T16:11:18,81.868896,-97.548302,nan
2024-08-07T16:11:18,81.868973,-97.549828,nan
2024-08-07T16:11:17,81.869057,-97.551353,nan
2024-08-07T16:11:17,81.869141,-97.552879,nan
2024-08-07T16:11:16,81.869217,-97.554405,nan
2024-08-07T16:11:16,81.869301,-97.555939,nan
2024-08-07T16:11:15,81.869377,-97.557465,nan
2024-08-07T16:11:15,81.869461,-97.558990,nan
2024-08-07T16:11:14,81.869545,-97.560516,nan
2024-08-07T16:11:14,81.869621,-97.562050,nan
2024-08-07T16:11:13,81.869705,-97.563576,nan
2024-08-07T16:11:13,81.869781,-97.565102,nan
2024-08-07T16:11:12,81.869865,-97.566628,nan
2024-08-07T16:11:12,81.869949,-97.568153,nan
2024-08-07T16:11:11,81.870026,-97.569687,nan
2024-08-07T16:11:11,81.870110,-97.571213,nan
2024-08-07T16:11:10,81.870193,-97.572746,nan
2024-08-07T16:11:10,81.870270,-97.574280,nan
2024-08-07T16:11:09,81.870354,-97.575806,nan
2024-08-07T16:11:09,81.870438,-97.577339,nan
2024-08-07T16:11:08,81.870522,-97.578873,nan
2024-08-07T16:11:08,81.870598,-97.580414,nan
2024-08-07T16:11:07,81.870682,-97.581955,nan
2024-08-07T16:11:07,81.870766,-97.583504,nan
2024-08-07T16:11:06,81.870842,-97.585045,nan
2024-08-07T16:11:06,81.870926,-97.586594,nan
2024-08-07T16:11:05,81.871010,-97.588142,nan
2024-08-07T16:11:05,81.871086,-97.589691,nan
2024-08-07T16:11:04,81.871170,-97.591240,nan
2024-08-07T16:11:04,81.871254,-97.592796,nan
2024-08-07T16:11:03,81.871330,-97.594353,nan
2024-08-07T16:11:03,81.871414,-97.595909,nan
2024-08-07T16:11:02,81.871498,-97.597466,nan
2024-08-07T16:11:02,81.871574,-97.599030,nan
2024-08-07T16:11:01,81.871658,-97.600594,nan
2024-08-07T16:11:01,81.871742,-97.602165,nan
2024-08-07T16:11:00,81.871826,-97.603737,nan
2024-08-07T16:11:00,81.871910,-97.605309,nan
2024-08-07T16:10:59,81.871986,-97.606888,nan
2024-08-07T16:10:59,81.872070,-97.608467,nan
2024-08-07T16:10:58,81.872154,-97.610054,nan
2024-08-07T16:10:58,81.872246,-97.611641,nan
2024-08-07T16:10:57,81.872330,-97.613235,nan
2024-08-07T16:10:57,81.872414,-97.614838,nan
2024-08-07T16:10:56,81.872505,-97.616440,nan
2024-08-07T16:10:56,81.872589,-97.618050,nan
2024-08-07T16:10:55,81.872681,-97.619659,nan
2024-08-07T16:10:55,81.872765,-97.621269,nan
2024-08-07T16:10:54,81.872856,-97.622887,nan
2024-08-07T16:10:54,81.872948,-97.624512,nan
2024-08-07T16:10:53,81.873032,-97.626137,nan
2024-08-07T16:10:53,81.873123,-97.627762,nan
2024-08-07T16:10:52,81.873215,-97.629395,nan
2024-08-07T16:10:52,81.873306,-97.631035,nan
2024-08-07T16:10:51,81.873398,-97.632683,nan
2024-08-07T16:10:51,81.873489,-97.634338,nan
2024-08-07T16:10:50,81.873589,-97.635994,nan
2024-08-07T16:10:50,81.873680,-97.637657,nan
2024-08-07T16:10:49,81.873772,-97.639328,nan
2024-08-07T16:10:49,81.873863,-97.641006,nan
2024-08-07T16:10:48,81.873955,-97.642685,nan
2024-08-07T16:10:48,81.874046,-97.644371,nan
2024-08-07T16:10:47,81.874146,-97.646057,nan
2024-08-07T16:10:47,81.874237,-97.647751,nan
2024-08-07T16:10:46,81.874329,-97.649437,nan
2024-08-07T16:10:46,81.874420,-97.651131,nan
2024-08-07T16:10:45,81.874519,-97.652817,nan
2024-08-07T16:10:45,81.874611,-97.654510,nan
2024-08-07T16:10:44,81.874702,-97.656204,nan
2024-08-07T16:10:44,81.874802,-97.657906,nan
2024-08-07T16:10:43,81.874893,-97.659599,nan
2024-08-07T16:10:43,81.874992,-97.661293,nan
2024-08-07T16:10:42,81.875084,-97.662987,nan
2024-08-07T16:10:41,81.875275,-97.666374,nan
2024-08-07T16:10:41,81.875366,-97.668068,nan
2024-08-07T16:10:40,81.875458,-97.669762,nan
2024-08-07T16:10:40,81.875549,-97.671448,nan
2024-08-07T16:10:39,81.875641,-97.673134,nan
2024-08-07T16:10:39,81.875732,-97.674828,nan
2024-08-07T16:10:38,81.875832,-97.676514,nan
2024-08-07T16:10:38,81.875923,-97.678200,nan
2024-08-07T16:10:37,81.876015,-97.679886,nan
2024-08-07T16:10:37,81.876106,-97.681572,nan
2024-08-07T16:10:36,81.876198,-97.683258,nan
2024-08-07T16:10:36,81.876289,-97.684944,nan
2024-08-07T16:10:35,81.876381,-97.686630,nan
2024-08-07T16:10:35,81.876472,-97.688316,nan
2024-08-07T16:10:34,81.876564,-97.690002,nan
2024-08-07T16:10:34,81.876656,-97.691681,nan
2024-08-07T16:10:33,81.876755,-97.693367,nan
2024-08-07T16:10:33,81.876846,-97.695045,nan
2024-08-07T16:10:32,81.876938,-97.696732,nan
2024-08-07T16:10:32,81.877029,-97.698418,nan
2024-08-07T16:10:31,81.877121,-97.700096,nan
2024-08-07T16:10:31,81.877213,-97.701782,nan
2024-08-07T16:10:30,81.877304,-97.703468,nan
2024-08-07T16:10:30,81.877396,-97.705147,nan
2024-08-07T16:10:29,81.877487,-97.706841,nan
2024-08-07T16:10:29,81.877579,-97.708527,nan
2024-08-07T16:10:28,81.877663,-97.710213,nan
2024-08-07T16:10:28,81.877754,-97.711906,nan
2024-08-07T16:10:27,81.877838,-97.713600,nan
2024-08-07T16:10:27,81.877922,-97.715294,nan
2024-08-07T16:10:26,81.878014,-97.716988,nan
2024-08-07T16:10:26,81.878098,-97.718681,nan
2024-08-07T16:10:25,81.878181,-97.720375,nan
2024-08-07T16:10:25,81.878273,-97.722069,nan
2024-08-07T16:10:24,81.878357,-97.723763,nan
2024-08-07T16:10:24,81.878441,-97.725464,nan
2024-08-07T16:10:23,81.878525,-97.727158,nan
2024-08-07T16:10:19,81.879189,-97.740807,nan
2024-08-07T16:10:18,81.879349,-97.744255,nan
2024-08-07T16:10:16,81.879669,-97.751167,nan
2024-08-07T16:10:15,81.879829,-97.754639,nan
2024-08-07T16:10:15,81.879906,-97.756371,nan
2024-08-07T16:10:14,81.880066,-97.759842,nan
2024-08-07T16:10:11,81.880455,-97.768517,nan
2024-08-07T16:10:11,81.880531,-97.770248,nan
2024-08-07T16:10:10,81.880615,-97.771980,nan
2024-08-07T16:10:10,81.880692,-97.773712,nan
2024-08-07T16:10:09,81.880768,-97.775444,nan
2024-08-07T16:10:09,81.880852,-97.777184,nan
2024-08-07T16:10:08,81.880928,-97.778908,nan
2024-08-07T16:10:08,81.881004,-97.780640,nan
2024-08-07T16:10:07,81.881088,-97.782364,nan
2024-08-07T16:10:07,81.881165,-97.784096,nan
2024-08-07T16:10:06,81.881248,-97.785812,nan
2024-08-07T16:10:06,81.881325,-97.787537,nan
2024-08-07T16:10:05,81.881409,-97.789253,nan
2024-08-07T16:10:05,81.881485,-97.790970,nan
2024-08-07T16:10:04,81.881561,-97.792686,nan
2024-08-07T16:10:04,81.881645,-97.794403,nan
2024-08-07T16:10:03,81.881721,-97.796112,nan
2024-08-07T16:10:03,81.881805,-97.797829,nan
2024-08-07T16:10:02,81.881882,-97.799538,nan
2024-08-07T16:10:02,81.881966,-97.801254,nan
2024-08-07T16:10:01,81.882042,-97.802971,nan
2024-08-07T16:10:01,81.882126,-97.804688,nan
2024-08-07T16:10:00,81.882202,-97.806404,nan
2024-08-07T16:10:00,81.882286,-97.808121,nan
2024-08-07T16:09:59,81.882362,-97.809837,nan
2024-08-07T16:09:59,81.882446,-97.811546,nan
2024-08-07T16:09:58,81.882530,-97.813263,nan
2024-08-07T16:09:58,81.882614,-97.814980,nan
2024-08-07T16:09:57,81.882698,-97.816696,nan
2024-08-07T16:09:57,81.882782,-97.818413,nan
2024-08-07T16:09:56,81.882874,-97.820129,nan
2024-08-07T16:09:56,81.882957,-97.821838,nan
2024-08-07T16:09:55,81.883041,-97.823555,nan
2024-08-07T16:09:55,81.883133,-97.825264,nan
2024-08-07T16:09:54,81.883217,-97.826981,nan
2024-08-07T16:09:54,81.883308,-97.828697,nan
2024-08-07T16:09:53,81.883392,-97.830414,nan
2024-08-07T16:09:53,81.883476,-97.832130,nan
2024-08-07T16:09:52,81.883568,-97.833847,nan
2024-08-07T16:09:52,81.883652,-97.835571,nan
2024-08-07T16:09:51,81.883736,-97.837296,nan
2024-08-07T16:09:51,81.883820,-97.839020,nan
2024-08-07T16:09:50,81.883904,-97.840752,nan
2024-08-07T16:09:50,81.883987,-97.842491,nan
2024-08-07T16:09:49,81.884071,-97.844223,nan
2024-08-07T16:09:49,81.884155,-97.845963,nan
2024-08-07T16:09:48,81.884247,-97.847702,nan
2024-08-07T16:09:48,81.884331,-97.849442,nan
2024-08-07T16:09:47,81.884415,-97.851181,nan
2024-08-07T16:09:47,81.884499,-97.852928,nan
2024-08-07T16:09:46,81.884583,-97.854675,nan
2024-08-07T16:09:46,81.884666,-97.856415,nan
2024-08-07T16:09:45,81.884758,-97.858162,nan
2024-08-07T16:09:45,81.884842,-97.859917,nan
2024-08-07T16:09:44,81.884926,-97.861664,nan
2024-08-07T16:09:44,81.885017,-97.863419,nan
2024-08-07T16:09:43,81.885101,-97.865173,nan
2024-08-07T16:09:43,81.885193,-97.866928,nan
2024-08-07T16:09:42,81.885284,-97.868683,nan
2024-08-07T16:09:42,81.885368,-97.870438,nan
2024-08-07T16:09:41,81.885460,-97.872192,nan
2024-08-07T16:09:41,81.885551,-97.873955,nan
2024-08-07T16:09:40,81.885635,-97.875710,nan
2024-08-07T16:09:40,81.885719,-97.877480,nan
2024-08-07T16:09:39,81.885811,-97.879242,nan
2024-08-07T16:09:39,81.885895,-97.881004,nan
2024-08-07T16:09:38,81.885979,-97.882774,nan
2024-08-07T16:09:38,81.886063,-97.884544,nan
2024-08-07T16:09:37,81.886154,-97.886307,nan
2024-08-07T16:09:37,81.886238,-97.888077,nan
2024-08-07T16:09:36,81.886322,-97.889832,nan
2024-08-07T16:09:36,81.886406,-97.891594,nan
2024-08-07T16:09:35,81.886490,-97.893341,nan
2024-08-07T16:09:35,81.886581,-97.895088,nan
2024-08-07T16:09:34,81.886665,-97.896835,nan
2024-08-07T16:09:34,81.886749,-97.898575,nan
2024-08-07T16:09:33,81.886841,-97.900307,nan
2024-08-07T16:09:33,81.886925,-97.902039,nan
2024-08-07T16:09:32,81.887016,-97.903770,nan
2024-08-07T16:09:32,81.887100,-97.905502,nan
2024-08-07T16:09:31,81.887192,-97.907234,nan
2024-08-07T16:09:31,81.887276,-97.908958,nan
2024-08-07T16:09:30,81.887360,-97.910683,nan
2024-08-07T16:09:30,81.887444,-97.912415,nan
2024-08-07T16:09:29,81.887535,-97.914139,nan
2024-08-07T16:09:29,81.887619,-97.915863,nan
2024-08-07T16:09:28,81.887703,-97.917587,nan
2024-08-07T16:09:28,81.887794,-97.919312,nan
2024-08-07T16:09:27,81.887878,-97.921036,nan
2024-08-07T16:09:27,81.887962,-97.922760,nan
2024-08-07T16:09:26,81.888054,-97.924484,nan
2024-08-07T16:09:26,81.888138,-97.926216,nan
2024-08-07T16:09:25,81.888222,-97.927940,nan
2024-08-07T16:09:25,81.888306,-97.929665,nan
2024-08-07T16:09:24,81.888397,-97.931389,nan
2024-08-07T16:09:24,81.888481,-97.933105,nan
2024-08-07T16:09:23,81.888565,-97.934822,nan
2024-08-07T16:09:23,81.888649,-97.936523,nan
2024-08-07T16:09:22,81.888733,-97.938232,nan
2024-08-07T16:09:22,81.888817,-97.939934,nan
2024-08-07T16:09:21,81.888901,-97.941635,nan
2024-08-07T16:09:21,81.888985,-97.943321,nan
2024-08-07T16:09:20,81.889069,-97.945007,nan
2024-08-07T16:09:20,81.889145,-97.946693,nan
2024-08-07T16:09:19,81.889229,-97.948364,nan
2024-08-07T16:09:19,81.889313,-97.950035,nan
2024-08-07T16:09:18,81.889389,-97.951691,nan
2024-08-07T16:09:18,81.889465,-97.953339,nan
2024-08-07T16:09:17,81.889549,-97.954971,nan
2024-08-07T16:09:17,81.889626,-97.956596,nan
2024-08-07T16:09:16,81.889702,-97.958214,nan
2024-08-07T16:09:16,81.889778,-97.959824,nan
2024-08-07T16:09:15,81.889854,-97.961418,nan
2024-08-07T16:09:15,81.889931,-97.962997,nan
2024-08-07T16:09:14,81.890007,-97.964554,nan
2024-08-07T16:09:14,81.890083,-97.966103,nan
2024-08-07T16:09:13,81.890160,-97.967636,nan
2024-08-07T16:09:13,81.890228,-97.969154,nan
2024-08-07T16:09:12,81.890305,-97.970673,nan
2024-08-07T16:09:12,81.890373,-97.972183,nan
2024-08-07T16:09:11,81.890450,-97.973694,nan
2024-08-07T16:09:11,81.890518,-97.975189,nan
2024-08-07T16:09:10,81.890594,-97.976692,nan
2024-08-07T16:09:10,81.890663,-97.978195,nan
2024-08-07T16:09:09,81.890732,-97.979691,nan
2024-08-07T16:09:09,81.890808,-97.981178,nan
2024-08-07T16:09:08,81.890877,-97.982666,nan
2024-08-07T16:09:08,81.890953,-97.984154,nan
2024-08-07T16:09:07,81.891022,-97.985626,nan
2024-08-07T16:09:07,81.891098,-97.987099,nan
2024-08-07T16:09:06,81.891174,-97.988548,nan
2024-08-07T16:09:06,81.891258,-97.989983,nan
2024-08-07T16:09:05,81.891335,-97.991409,nan
2024-08-07T16:09:05,81.891411,-97.992821,nan
2024-08-07T16:09:04,81.891495,-97.994232,nan
2024-08-07T16:09:04,81.891579,-97.995621,nan
2024-08-07T16:09:03,81.891655,-97.997009,nan
2024-08-07T16:09:03,81.891731,-97.998375,nan
2024-08-07T16:09:02,81.891815,-97.999741,nan
2024-08-07T16:09:02,81.891891,-98.001099,nan
2024-08-07T16:09:01,81.891975,-98.002441,nan
2024-08-07T16:09:01,81.892052,-98.003784,nan
2024-08-07T16:09:00,81.892128,-98.005119,nan
2024-08-07T16:09:00,81.892204,-98.006439,nan
2024-08-07T16:08:59,81.892281,-98.007751,nan
2024-08-07T16:08:59,81.892349,-98.009048,nan
2024-08-07T16:08:58,81.892426,-98.010330,nan
2024-08-07T16:08:58,81.892494,-98.011604,nan
2024-08-07T16:08:57,81.892563,-98.012856,nan
2024-08-07T16:08:57,81.892632,-98.014091,nan
2024-08-07T16:08:56,81.892700,-98.015312,nan
2024-08-07T16:08:56,81.892769,-98.016525,nan
2024-08-07T16:08:55,81.892838,-98.017723,nan
2024-08-07T16:08:55,81.892899,-98.018906,nan
2024-08-07T16:08:54,81.892967,-98.020081,nan
2024-08-07T16:08:54,81.893028,-98.021255,nan
2024-08-07T16:08:53,81.893097,-98.022423,nan
2024-08-07T16:08:53,81.893166,-98.023590,nan
2024-08-07T16:08:52,81.893227,-98.024757,nan
2024-08-07T16:08:52,81.893288,-98.025925,nan
2024-08-07T16:08:51,81.893356,-98.027084,nan
2024-08-07T16:08:51,81.893417,-98.028236,nan
2024-08-07T16:08:50,81.893486,-98.029381,nan
2024-08-07T16:08:50,81.893547,-98.030518,nan
2024-08-07T16:08:49,81.893608,-98.031647,nan
2024-08-07T16:08:49,81.893677,-98.032753,nan
2024-08-07T16:08:48,81.893738,-98.033859,nan
2024-08-07T16:08:48,81.893799,-98.034958,nan
2024-08-07T16:08:47,81.893860,-98.036049,nan
2024-08-07T16:08:47,81.893921,-98.037132,nan
2024-08-07T16:08:46,81.893982,-98.038216,nan
2024-08-07T16:08:46,81.894035,-98.039299,nan
2024-08-07T16:08:45,81.894096,-98.040382,nan
2024-08-07T16:08:45,81.894150,-98.041466,nan
2024-08-07T16:08:44,81.894203,-98.042534,nan
2024-08-07T16:08:44,81.894264,-98.043602,nan
2024-08-07T16:08:43,81.894318,-98.044662,nan
2024-08-07T16:08:43,81.894371,-98.045715,nan
2024-08-07T16:08:42,81.894424,-98.046768,nan
2024-08-07T16:08:42,81.894478,-98.047813,nan
2024-08-07T16:08:41,81.894531,-98.048851,nan
2024-08-07T16:08:41,81.894585,-98.049889,nan
2024-08-07T16:08:40,81.894638,-98.050919,nan
2024-08-07T16:08:40,81.894691,-98.051949,nan
2024-08-07T16:08:39,81.894753,-98.052971,nan
2024-08-07T16:08:39,81.894806,-98.053986,nan
2024-08-07T16:08:38,81.894859,-98.055000,nan
2024-08-07T16:08:38,81.894920,-98.056007,nan
2024-08-07T16:08:37,81.894974,-98.057014,nan
2024-08-07T16:08:37,81.895035,-98.058006,nan
2024-08-07T16:08:36,81.895088,-98.058990,nan
2024-08-07T16:08:36,81.895142,-98.059975,nan
2024-08-07T16:08:35,81.895203,-98.060951,nan
2024-08-07T16:08:35,81.895256,-98.061928,nan
2024-08-07T16:08:34,81.895309,-98.062897,nan
2024-08-07T16:08:34,81.895363,-98.063858,nan
2024-08-07T16:08:33,81.895416,-98.064827,nan
2024-08-07T16:08:33,81.895470,-98.065788,nan
2024-08-07T16:08:32,81.895531,-98.066742,nan
2024-08-07T16:08:32,81.895584,-98.067696,nan
2024-08-07T16:08:31,81.895638,-98.068649,nan
2024-08-07T16:08:31,81.895699,-98.069588,nan
2024-08-07T16:08:30,81.895752,-98.070526,nan
2024-08-07T16:08:30,81.895813,-98.071449,nan
2024-08-07T16:08:29,81.895866,-98.072372,nan
2024-08-07T16:08:29,81.895927,-98.073288,nan
2024-08-07T16:08:28,81.895981,-98.074203,nan
2024-08-07T16:08:28,81.896042,-98.075111,nan
2024-08-07T16:08:27,81.896095,-98.076012,nan
2024-08-07T16:08:27,81.896156,-98.076912,nan
2024-08-07T16:08:26,81.896210,-98.077812,nan
2024-08-07T16:08:26,81.896263,-98.078720,nan
2024-08-07T16:08:25,81.896317,-98.079620,nan
2024-08-07T16:08:25,81.896378,-98.080521,nan
2024-08-07T16:08:24,81.896431,-98.081413,nan
2024-08-07T16:08:24,81.896484,-98.082306,nan
2024-08-07T16:08:23,81.896538,-98.083199,nan
2024-08-07T16:08:23,81.896591,-98.084084,nan
2024-08-07T16:08:22,81.896645,-98.084961,nan
2024-08-07T16:08:22,81.896698,-98.085838,nan
2024-08-07T16:08:21,81.896751,-98.086708,nan
2024-08-07T16:08:21,81.896805,-98.087578,nan
2024-08-07T16:08:20,81.896858,-98.088440,nan
2024-08-07T16:08:20,81.896904,-98.089302,nan
2024-08-07T16:08:19,81.896957,-98.090157,nan
2024-08-07T16:08:19,81.897011,-98.091011,nan
2024-08-07T16:08:18,81.897064,-98.091866,nan
2024-08-07T16:08:18,81.897118,-98.092728,nan
2024-08-07T16:08:17,81.897163,-98.093582,nan
2024-08-07T16:08:17,81.897217,-98.094444,nan
2024-08-07T16:08:16,81.897270,-98.095322,nan
2024-08-07T16:08:16,81.897324,-98.096184,nan
2024-08-07T16:08:15,81.897377,-98.097061,nan
2024-08-07T16:08:15,81.897423,-98.097923,nan
2024-08-07T16:08:14,81.897476,-98.098785,nan
2024-08-07T16:08:14,81.897530,-98.099648,nan
2024-08-07T16:08:13,81.897575,-98.100510,nan
2024-08-07T16:08:13,81.897621,-98.101379,nan
2024-08-07T16:08:12,81.897675,-98.102211,nan
2024-08-07T16:08:12,81.897720,-98.103050,nan
2024-08-07T16:08:11,81.897766,-98.103889,nan
2024-08-07T16:08:11,81.897812,-98.104744,nan
2024-08-07T16:08:10,81.897850,-98.105606,nan
2024-08-07T16:08:10,81.897896,-98.106422,nan
2024-08-07T16:08:09,81.897919,-98.107338,nan
2024-08-07T16:08:09,81.897926,-98.108337,nan
2024-08-07T16:08:08,81.897919,-98.109344,nan
2024-08-07T16:08:08,81.897842,-98.110954,nan
2024-08-07T16:08:07,81.897568,-98.113586,nan
2024-08-07T16:08:07,81.897354,-98.115860,nan
2024-08-07T16:08:06,81.897026,-98.118813,nan
2024-08-07T16:08:06,81.896614,-98.122414,nan
2024-08-07T16:08:05,81.896240,-98.126129,nan
2024-08-07T16:08:02,81.897743,-98.126427,nan
2024-08-07T16:08:01,81.898575,-98.123238,nan
2024-08-07T16:08:01,81.899422,-98.120132,nan
2024-08-07T16:08:00,81.900322,-98.117058,nan
2024-08-07T16:08:00,81.901245,-98.114128,nan
