datetime,lat,lon,elev
2024-06-05T16:07:44,83.899254,-30.730824,nan
2024-06-05T16:07:43,83.899254,-30.730827,nan
2024-06-05T16:07:40,83.899261,-30.730640,nan
2024-06-05T16:07:39,83.899269,-30.730541,nan
2024-06-05T16:07:39,83.899277,-30.730436,nan
2024-06-05T16:07:38,83.899277,-30.730330,nan
2024-06-05T16:07:38,83.899284,-30.730221,nan
2024-06-05T16:07:37,83.899292,-30.730110,nan
2024-06-05T16:07:37,83.899300,-30.729996,nan
2024-06-05T16:07:36,83.899307,-30.729876,nan
2024-06-05T16:07:36,83.899307,-30.729757,nan
2024-06-05T16:07:35,83.899315,-30.729639,nan
2024-06-05T16:07:35,83.899323,-30.729515,nan
2024-06-05T16:07:34,83.899323,-30.729383,nan
2024-06-05T16:07:34,83.899330,-30.729246,nan
2024-06-05T16:07:33,83.899330,-30.729101,nan
2024-06-05T16:07:33,83.899338,-30.728952,nan
2024-06-05T16:07:32,83.899338,-30.728802,nan
2024-06-05T16:07:31,83.899345,-30.728493,nan
2024-06-05T16:07:31,83.899345,-30.728336,nan
2024-06-05T16:07:30,83.899345,-30.728174,nan
2024-06-05T16:07:30,83.899345,-30.728008,nan
2024-06-05T16:07:29,83.899345,-30.727837,nan
2024-06-05T16:07:29,83.899345,-30.727657,nan
2024-06-05T16:07:28,83.899345,-30.727474,nan
2024-06-05T16:07:28,83.899338,-30.727289,nan
2024-06-05T16:07:27,83.899338,-30.727102,nan
2024-06-05T16:07:27,83.899330,-30.726915,nan
2024-06-05T16:07:26,83.899330,-30.726730,nan
2024-06-05T16:07:26,83.899323,-30.726545,nan
2024-06-05T16:07:25,83.899315,-30.726362,nan
2024-06-05T16:07:25,83.899307,-30.726177,nan
2024-06-05T16:07:24,83.899307,-30.725986,nan
2024-06-05T16:07:24,83.899300,-30.725792,nan
2024-06-05T16:07:23,83.899292,-30.725592,nan
2024-06-05T16:07:23,83.899277,-30.725389,nan
2024-06-05T16:07:22,83.899269,-30.725185,nan
2024-06-05T16:07:22,83.899261,-30.724983,nan
2024-06-05T16:07:21,83.899246,-30.724781,nan
2024-06-05T16:07:21,83.899231,-30.724581,nan
2024-06-05T16:07:20,83.899223,-30.724386,nan
2024-06-05T16:07:20,83.899208,-30.724199,nan
2024-06-05T16:07:19,83.899200,-30.724026,nan
2024-06-05T16:07:19,83.899193,-30.723852,nan
2024-06-05T16:07:17,83.899170,-30.723328,nan
2024-06-05T16:07:17,83.899162,-30.723154,nan
2024-06-05T16:07:16,83.899155,-30.722980,nan
2024-06-05T16:07:16,83.899147,-30.722803,nan
2024-06-05T16:07:15,83.899139,-30.722624,nan
2024-06-05T16:07:15,83.899132,-30.722441,nan
2024-06-05T16:07:14,83.899124,-30.722256,nan
2024-06-05T16:07:14,83.899117,-30.722067,nan
2024-06-05T16:07:13,83.899101,-30.721878,nan
2024-06-05T16:07:13,83.899094,-30.721687,nan
2024-06-05T16:07:12,83.899086,-30.721497,nan
2024-06-05T16:07:12,83.899078,-30.721304,nan
2024-06-05T16:07:11,83.899063,-30.721113,nan
2024-06-05T16:07:11,83.899055,-30.720922,nan
2024-06-05T16:07:10,83.899048,-30.720734,nan
2024-06-05T16:07:10,83.899033,-30.720547,nan
2024-06-05T16:07:09,83.899025,-30.720366,nan
2024-06-05T16:07:09,83.899010,-30.720188,nan
2024-06-05T16:07:08,83.899002,-30.720016,nan
2024-06-05T16:07:08,83.898994,-30.719849,nan
2024-06-05T16:07:07,83.898979,-30.719681,nan
2024-06-05T16:07:07,83.898972,-30.719507,nan
2024-06-05T16:07:06,83.898964,-30.719336,nan
2024-06-05T16:07:05,83.898949,-30.719000,nan
2024-06-05T16:07:05,83.898949,-30.718836,nan
2024-06-05T16:07:04,83.898941,-30.718674,nan
2024-06-05T16:07:04,83.898933,-30.718512,nan
2024-06-05T16:07:03,83.898926,-30.718344,nan
2024-06-05T16:07:03,83.898926,-30.718176,nan
2024-06-05T16:07:02,83.898918,-30.718008,nan
2024-06-05T16:07:02,83.898911,-30.717840,nan
2024-06-05T16:07:01,83.898903,-30.717676,nan
2024-06-05T16:07:01,83.898903,-30.717516,nan
2024-06-05T16:07:00,83.898895,-30.717358,nan
2024-06-05T16:07:00,83.898895,-30.717205,nan
2024-06-05T16:06:59,83.898888,-30.717058,nan
2024-06-05T16:06:59,83.898888,-30.716923,nan
2024-06-05T16:06:58,83.898880,-30.716793,nan
2024-06-05T16:06:58,83.898880,-30.716673,nan
2024-06-05T16:06:57,83.898872,-30.716560,nan
2024-06-05T16:06:57,83.898872,-30.716448,nan
2024-06-05T16:06:56,83.898865,-30.716345,nan
2024-06-05T16:06:56,83.898857,-30.716246,nan
2024-06-05T16:06:55,83.898857,-30.716152,nan
2024-06-05T16:06:55,83.898849,-30.716066,nan
2024-06-05T16:06:54,83.898849,-30.715984,nan
2024-06-05T16:06:54,83.898842,-30.715904,nan
2024-06-05T16:06:53,83.898834,-30.715828,nan
2024-06-05T16:06:53,83.898827,-30.715750,nan
2024-06-05T16:06:52,83.898827,-30.715673,nan
2024-06-05T16:06:52,83.898819,-30.715595,nan
2024-06-05T16:06:51,83.898811,-30.715513,nan
2024-06-05T16:06:51,83.898804,-30.715433,nan
2024-06-05T16:06:50,83.898804,-30.715353,nan
2024-06-05T16:06:50,83.898796,-30.715273,nan
2024-06-05T16:06:49,83.898788,-30.715193,nan
2024-06-05T16:06:49,83.898788,-30.715111,nan
2024-06-05T16:06:48,83.898781,-30.715027,nan
2024-06-05T16:06:48,83.898773,-30.714947,nan
2024-06-05T16:06:47,83.898773,-30.714869,nan
2024-06-05T16:06:47,83.898766,-30.714794,nan
2024-06-05T16:06:46,83.898766,-30.714724,nan
2024-06-05T16:06:46,83.898758,-30.714655,nan
2024-06-05T16:06:45,83.898758,-30.714588,nan
2024-06-05T16:06:45,83.898750,-30.714527,nan
2024-06-05T16:06:44,83.898750,-30.714472,nan
2024-06-05T16:06:44,83.898743,-30.714417,nan
2024-06-05T16:06:43,83.898743,-30.714361,nan
2024-06-05T16:06:43,83.898735,-30.714312,nan
2024-06-05T16:06:42,83.898735,-30.714262,nan
2024-06-05T16:06:42,83.898727,-30.714216,nan
2024-06-05T16:06:41,83.898727,-30.714172,nan
2024-06-05T16:06:41,83.898720,-30.714130,nan
2024-06-05T16:06:40,83.898720,-30.714090,nan
2024-06-05T16:06:40,83.898712,-30.714060,nan
2024-06-05T16:06:39,83.898705,-30.714031,nan
2024-06-05T16:06:39,83.898697,-30.714006,nan
2024-06-05T16:06:38,83.898697,-30.713987,nan
2024-06-05T16:06:38,83.898689,-30.713966,nan
2024-06-05T16:06:37,83.898682,-30.713947,nan
2024-06-05T16:06:37,83.898674,-30.713928,nan
2024-06-05T16:06:36,83.898666,-30.713907,nan
2024-06-05T16:06:36,83.898659,-30.713884,nan
2024-06-05T16:06:35,83.898643,-30.713860,nan
2024-06-05T16:06:35,83.898636,-30.713831,nan
2024-06-05T16:06:34,83.898628,-30.713802,nan
2024-06-05T16:06:34,83.898621,-30.713776,nan
2024-06-05T16:06:33,83.898613,-30.713745,nan
2024-06-05T16:06:33,83.898605,-30.713717,nan
2024-06-05T16:06:32,83.898598,-30.713688,nan
2024-06-05T16:06:32,83.898590,-30.713657,nan
2024-06-05T16:06:31,83.898582,-30.713627,nan
2024-06-05T16:06:31,83.898582,-30.713596,nan
2024-06-05T16:06:30,83.898575,-30.713566,nan
2024-06-05T16:06:30,83.898567,-30.713539,nan
2024-06-05T16:06:29,83.898560,-30.713512,nan
2024-06-05T16:06:29,83.898552,-30.713491,nan
2024-06-05T16:06:28,83.898544,-30.713470,nan
2024-06-05T16:06:28,83.898544,-30.713449,nan
2024-06-05T16:06:27,83.898537,-30.713428,nan
2024-06-05T16:06:27,83.898529,-30.713406,nan
2024-06-05T16:06:26,83.898521,-30.713385,nan
2024-06-05T16:06:26,83.898514,-30.713366,nan
2024-06-05T16:06:25,83.898506,-30.713341,nan
2024-06-05T16:06:25,83.898499,-30.713316,nan
2024-06-05T16:06:24,83.898491,-30.713291,nan
2024-06-05T16:06:24,83.898483,-30.713266,nan
2024-06-05T16:06:23,83.898483,-30.713238,nan
2024-06-05T16:06:23,83.898476,-30.713209,nan
2024-06-05T16:06:22,83.898468,-30.713184,nan
2024-06-05T16:06:22,83.898460,-30.713161,nan
2024-06-05T16:06:21,83.898460,-30.713144,nan
2024-06-05T16:06:21,83.898453,-30.713131,nan
2024-06-05T16:06:20,83.898445,-30.713116,nan
2024-06-05T16:06:20,83.898438,-30.713104,nan
2024-06-05T16:06:19,83.898438,-30.713093,nan
2024-06-05T16:06:19,83.898430,-30.713081,nan
2024-06-05T16:06:18,83.898422,-30.713070,nan
2024-06-05T16:06:18,83.898415,-30.713058,nan
2024-06-05T16:06:17,83.898407,-30.713047,nan
2024-06-05T16:06:17,83.898407,-30.713037,nan
2024-06-05T16:06:16,83.898399,-30.713032,nan
2024-06-05T16:06:16,83.898392,-30.713024,nan
2024-06-05T16:06:15,83.898384,-30.713020,nan
2024-06-05T16:06:15,83.898384,-30.713018,nan
2024-06-05T16:06:14,83.898376,-30.713018,nan
2024-06-05T16:06:14,83.898369,-30.713018,nan
2024-06-05T16:06:13,83.898361,-30.713020,nan
2024-06-05T16:06:13,83.898361,-30.713020,nan
2024-06-05T16:06:12,83.898354,-30.713022,nan
2024-06-05T16:06:12,83.898346,-30.713024,nan
2024-06-05T16:06:11,83.898346,-30.713024,nan
2024-06-05T16:06:11,83.898338,-30.713024,nan
2024-06-05T16:06:10,83.898331,-30.713026,nan
2024-06-05T16:06:10,83.898323,-30.713026,nan
2024-06-05T16:06:09,83.898315,-30.713030,nan
2024-06-05T16:06:09,83.898315,-30.713030,nan
2024-06-05T16:06:08,83.898308,-30.713032,nan
2024-06-05T16:06:08,83.898300,-30.713032,nan
2024-06-05T16:06:07,83.898293,-30.713028,nan
2024-06-05T16:06:07,83.898277,-30.713024,nan
2024-06-05T16:06:06,83.898270,-30.713022,nan
2024-06-05T16:06:06,83.898262,-30.713022,nan
2024-06-05T16:06:05,83.898254,-30.713026,nan
2024-06-05T16:06:05,83.898247,-30.713032,nan
2024-06-05T16:06:04,83.898239,-30.713039,nan
2024-06-05T16:06:04,83.898232,-30.713047,nan
2024-06-05T16:06:03,83.898216,-30.713058,nan
2024-06-05T16:06:03,83.898209,-30.713072,nan
2024-06-05T16:06:02,83.898201,-30.713083,nan
2024-06-05T16:06:02,83.898193,-30.713095,nan
2024-06-05T16:06:01,83.898186,-30.713106,nan
2024-06-05T16:06:01,83.898170,-30.713118,nan
2024-06-05T16:06:00,83.898163,-30.713129,nan
2024-06-05T16:06:00,83.898155,-30.713140,nan
2024-06-05T16:05:59,83.898140,-30.713154,nan
2024-06-05T16:05:59,83.898132,-30.713169,nan
2024-06-05T16:05:58,83.898125,-30.713184,nan
2024-06-05T16:05:58,83.898109,-30.713200,nan
2024-06-05T16:05:57,83.898102,-30.713219,nan
2024-06-05T16:05:57,83.898087,-30.713238,nan
2024-06-05T16:05:56,83.898079,-30.713257,nan
2024-06-05T16:05:56,83.898071,-30.713280,nan
2024-06-05T16:05:55,83.898056,-30.713301,nan
2024-06-05T16:05:55,83.898048,-30.713320,nan
2024-06-05T16:05:54,83.898041,-30.713339,nan
2024-06-05T16:05:54,83.898026,-30.713358,nan
2024-06-05T16:05:53,83.898018,-30.713379,nan
2024-06-05T16:05:53,83.898010,-30.713396,nan
2024-06-05T16:05:52,83.898003,-30.713413,nan
2024-06-05T16:05:52,83.897995,-30.713428,nan
2024-06-05T16:05:51,83.897987,-30.713444,nan
2024-06-05T16:05:51,83.897980,-30.713453,nan
2024-06-05T16:05:50,83.897964,-30.713457,nan
2024-06-05T16:05:50,83.897957,-30.713461,nan
2024-06-05T16:05:49,83.897949,-30.713463,nan
2024-06-05T16:05:49,83.897942,-30.713465,nan
2024-06-05T16:05:48,83.897934,-30.713467,nan
2024-06-05T16:05:48,83.897926,-30.713467,nan
2024-06-05T16:05:47,83.897919,-30.713465,nan
2024-06-05T16:05:47,83.897911,-30.713455,nan
2024-06-05T16:05:46,83.897903,-30.713446,nan
2024-06-05T16:05:46,83.897896,-30.713434,nan
2024-06-05T16:05:45,83.897888,-30.713421,nan
2024-06-05T16:05:45,83.897873,-30.713406,nan
2024-06-05T16:05:44,83.897865,-30.713390,nan
2024-06-05T16:05:44,83.897858,-30.713377,nan
2024-06-05T16:05:43,83.897850,-30.713369,nan
2024-06-05T16:05:43,83.897842,-30.713367,nan
2024-06-05T16:05:42,83.897835,-30.713367,nan
2024-06-05T16:05:42,83.897835,-30.713371,nan
2024-06-05T16:05:41,83.897827,-30.713383,nan
2024-06-05T16:05:41,83.897820,-30.713400,nan
2024-06-05T16:05:40,83.897820,-30.713425,nan
2024-06-05T16:05:40,83.897812,-30.713451,nan
2024-06-05T16:05:39,83.897812,-30.713482,nan
2024-06-05T16:05:39,83.897804,-30.713507,nan
2024-06-05T16:05:38,83.897804,-30.713524,nan
2024-06-05T16:05:38,83.897804,-30.713541,nan
2024-06-05T16:05:37,83.897804,-30.713554,nan
2024-06-05T16:05:37,83.897804,-30.713568,nan
2024-06-05T16:05:36,83.897797,-30.713579,nan
2024-06-05T16:05:36,83.897797,-30.713589,nan
2024-06-05T16:05:35,83.897797,-30.713598,nan
2024-06-05T16:05:35,83.897797,-30.713606,nan
2024-06-05T16:05:34,83.897797,-30.713617,nan
2024-06-05T16:05:34,83.897797,-30.713629,nan
2024-06-05T16:05:33,83.897797,-30.713640,nan
2024-06-05T16:05:33,83.897797,-30.713654,nan
2024-06-05T16:05:32,83.897789,-30.713667,nan
2024-06-05T16:05:32,83.897789,-30.713680,nan
2024-06-05T16:05:31,83.897789,-30.713694,nan
2024-06-05T16:05:31,83.897781,-30.713705,nan
2024-06-05T16:05:30,83.897781,-30.713720,nan
2024-06-05T16:05:30,83.897774,-30.713739,nan
2024-06-05T16:05:29,83.897774,-30.713762,nan
2024-06-05T16:05:29,83.897774,-30.713787,nan
2024-06-05T16:05:28,83.897766,-30.713816,nan
2024-06-05T16:05:28,83.897766,-30.713844,nan
2024-06-05T16:05:27,83.897766,-30.713869,nan
2024-06-05T16:05:27,83.897758,-30.713890,nan
2024-06-05T16:05:26,83.897758,-30.713911,nan
2024-06-05T16:05:26,83.897758,-30.713930,nan
2024-06-05T16:05:25,83.897758,-30.713945,nan
2024-06-05T16:05:25,83.897751,-30.713957,nan
2024-06-05T16:05:24,83.897751,-30.713966,nan
2024-06-05T16:05:24,83.897751,-30.713978,nan
2024-06-05T16:05:23,83.897751,-30.713987,nan
2024-06-05T16:05:23,83.897751,-30.714001,nan
2024-06-05T16:05:22,83.897751,-30.714016,nan
2024-06-05T16:05:22,83.897743,-30.714035,nan
2024-06-05T16:05:21,83.897743,-30.714060,nan
2024-06-05T16:05:21,83.897743,-30.714088,nan
2024-06-05T16:05:20,83.897743,-30.714123,nan
2024-06-05T16:05:20,83.897743,-30.714159,nan
2024-06-05T16:05:19,83.897743,-30.714197,nan
2024-06-05T16:05:19,83.897743,-30.714239,nan
2024-06-05T16:05:18,83.897743,-30.714277,nan
2024-06-05T16:05:18,83.897743,-30.714312,nan
2024-06-05T16:05:17,83.897743,-30.714346,nan
2024-06-05T16:05:17,83.897743,-30.714375,nan
2024-06-05T16:05:16,83.897743,-30.714405,nan
2024-06-05T16:05:16,83.897743,-30.714439,nan
2024-06-05T16:05:15,83.897743,-30.714476,nan
2024-06-05T16:05:15,83.897736,-30.714514,nan
2024-06-05T16:05:14,83.897736,-30.714556,nan
2024-06-05T16:05:14,83.897736,-30.714596,nan
2024-06-05T16:05:13,83.897736,-30.714636,nan
2024-06-05T16:05:13,83.897736,-30.714672,nan
2024-06-05T16:05:12,83.897736,-30.714706,nan
2024-06-05T16:05:12,83.897736,-30.714746,nan
2024-06-05T16:05:11,83.897736,-30.714785,nan
2024-06-05T16:05:11,83.897736,-30.714827,nan
2024-06-05T16:05:10,83.897743,-30.714876,nan
2024-06-05T16:05:10,83.897743,-30.714930,nan
2024-06-05T16:05:09,83.897743,-30.714987,nan
2024-06-05T16:05:09,83.897743,-30.715048,nan
2024-06-05T16:05:08,83.897743,-30.715107,nan
2024-06-05T16:05:08,83.897743,-30.715166,nan
2024-06-05T16:05:07,83.897743,-30.715221,nan
2024-06-05T16:05:07,83.897743,-30.715275,nan
2024-06-05T16:05:06,83.897743,-30.715326,nan
2024-06-05T16:05:06,83.897736,-30.715378,nan
2024-06-05T16:05:05,83.897736,-30.715429,nan
2024-06-05T16:05:05,83.897736,-30.715481,nan
2024-06-05T16:05:04,83.897736,-30.715530,nan
2024-06-05T16:05:04,83.897736,-30.715580,nan
2024-06-05T16:05:03,83.897743,-30.715631,nan
2024-06-05T16:05:03,83.897743,-30.715681,nan
2024-06-05T16:05:02,83.897743,-30.715733,nan
2024-06-05T16:05:02,83.897743,-30.715780,nan
2024-06-05T16:05:01,83.897743,-30.715820,nan
2024-06-05T16:05:01,83.897743,-30.715857,nan
2024-06-05T16:05:00,83.897751,-30.715889,nan
2024-06-05T16:05:00,83.897751,-30.715916,nan
2024-06-05T16:04:59,83.897751,-30.715937,nan
2024-06-05T16:04:59,83.897758,-30.715952,nan
2024-06-05T16:04:58,83.897758,-30.715960,nan
2024-06-05T16:04:58,83.897766,-30.715965,nan
2024-06-05T16:04:57,83.897766,-30.715973,nan
2024-06-05T16:04:57,83.897766,-30.715982,nan
2024-06-05T16:04:56,83.897774,-30.715994,nan
2024-06-05T16:04:56,83.897774,-30.716005,nan
2024-06-05T16:04:55,83.897781,-30.716021,nan
2024-06-05T16:04:55,83.897781,-30.716034,nan
2024-06-05T16:04:54,83.897789,-30.716045,nan
2024-06-05T16:04:54,83.897789,-30.716057,nan
2024-06-05T16:04:53,83.897789,-30.716066,nan
2024-06-05T16:04:53,83.897797,-30.716082,nan
2024-06-05T16:04:52,83.897797,-30.716099,nan
2024-06-05T16:04:52,83.897797,-30.716122,nan
2024-06-05T16:04:51,83.897804,-30.716145,nan
2024-06-05T16:04:51,83.897804,-30.716167,nan
2024-06-05T16:04:50,83.897804,-30.716187,nan
2024-06-05T16:04:50,83.897804,-30.716202,nan
2024-06-05T16:04:49,83.897804,-30.716217,nan
2024-06-05T16:04:49,83.897804,-30.716230,nan
2024-06-05T16:04:48,83.897804,-30.716246,nan
2024-06-05T16:04:48,83.897804,-30.716259,nan
2024-06-05T16:04:47,83.897797,-30.716270,nan
2024-06-05T16:04:47,83.897797,-30.716282,nan
2024-06-05T16:04:46,83.897797,-30.716286,nan
2024-06-05T16:04:46,83.897797,-30.716284,nan
2024-06-05T16:04:45,83.897797,-30.716272,nan
2024-06-05T16:04:45,83.897797,-30.716261,nan
2024-06-05T16:04:44,83.897789,-30.716248,nan
2024-06-05T16:04:44,83.897789,-30.716236,nan
2024-06-05T16:04:43,83.897789,-30.716225,nan
2024-06-05T16:04:43,83.897789,-30.716209,nan
2024-06-05T16:04:42,83.897789,-30.716190,nan
2024-06-05T16:04:42,83.897789,-30.716169,nan
2024-06-05T16:04:41,83.897797,-30.716143,nan
2024-06-05T16:04:41,83.897797,-30.716116,nan
2024-06-05T16:04:40,83.897797,-30.716085,nan
2024-06-05T16:04:40,83.897804,-30.716057,nan
2024-06-05T16:04:39,83.897804,-30.716026,nan
2024-06-05T16:04:39,83.897812,-30.715998,nan
2024-06-05T16:04:38,83.897812,-30.715969,nan
2024-06-05T16:04:38,83.897812,-30.715944,nan
2024-06-05T16:04:37,83.897820,-30.715916,nan
2024-06-05T16:04:37,83.897820,-30.715883,nan
2024-06-05T16:04:36,83.897827,-30.715845,nan
2024-06-05T16:04:36,83.897827,-30.715801,nan
2024-06-05T16:04:35,83.897835,-30.715754,nan
2024-06-05T16:04:35,83.897835,-30.715706,nan
2024-06-05T16:04:34,83.897842,-30.715654,nan
2024-06-05T16:04:34,83.897842,-30.715611,nan
2024-06-05T16:04:33,83.897842,-30.715570,nan
2024-06-05T16:04:33,83.897842,-30.715538,nan
2024-06-05T16:04:32,83.897850,-30.715508,nan
2024-06-05T16:04:32,83.897850,-30.715473,nan
2024-06-05T16:04:31,83.897850,-30.715437,nan
2024-06-05T16:04:31,83.897850,-30.715399,nan
2024-06-05T16:04:30,83.897850,-30.715355,nan
2024-06-05T16:04:30,83.897850,-30.715311,nan
2024-06-05T16:04:29,83.897858,-30.715269,nan
2024-06-05T16:04:29,83.897858,-30.715227,nan
2024-06-05T16:04:28,83.897858,-30.715183,nan
2024-06-05T16:04:28,83.897858,-30.715139,nan
2024-06-05T16:04:27,83.897858,-30.715096,nan
2024-06-05T16:04:27,83.897865,-30.715059,nan
2024-06-05T16:04:26,83.897865,-30.715025,nan
2024-06-05T16:04:26,83.897865,-30.714991,nan
2024-06-05T16:04:25,83.897873,-30.714960,nan
2024-06-05T16:04:25,83.897873,-30.714933,nan
2024-06-05T16:04:24,83.897881,-30.714909,nan
2024-06-05T16:04:24,83.897881,-30.714882,nan
2024-06-05T16:04:23,83.897881,-30.714851,nan
2024-06-05T16:04:23,83.897888,-30.714821,nan
2024-06-05T16:04:22,83.897888,-30.714787,nan
2024-06-05T16:04:22,83.897896,-30.714746,nan
2024-06-05T16:04:21,83.897903,-30.714703,nan
2024-06-05T16:04:21,83.897903,-30.714655,nan
2024-06-05T16:04:20,83.897911,-30.714600,nan
2024-06-05T16:04:20,83.897911,-30.714542,nan
2024-06-05T16:04:19,83.897919,-30.714483,nan
2024-06-05T16:04:19,83.897926,-30.714420,nan
2024-06-05T16:04:18,83.897926,-30.714357,nan
2024-06-05T16:04:18,83.897934,-30.714293,nan
2024-06-05T16:04:17,83.897942,-30.714230,nan
2024-06-05T16:04:17,83.897949,-30.714167,nan
2024-06-05T16:04:16,83.897949,-30.714109,nan
2024-06-05T16:04:16,83.897957,-30.714050,nan
2024-06-05T16:04:15,83.897964,-30.713997,nan
2024-06-05T16:04:15,83.897964,-30.713947,nan
2024-06-05T16:04:14,83.897972,-30.713903,nan
2024-06-05T16:04:14,83.897972,-30.713861,nan
2024-06-05T16:04:13,83.897980,-30.713825,nan
2024-06-05T16:04:13,83.897980,-30.713791,nan
2024-06-05T16:04:12,83.897987,-30.713758,nan
2024-06-05T16:04:12,83.897987,-30.713732,nan
2024-06-05T16:04:11,83.897987,-30.713709,nan
2024-06-05T16:04:11,83.897987,-30.713684,nan
2024-06-05T16:04:10,83.897995,-30.713661,nan
2024-06-05T16:04:10,83.897995,-30.713640,nan
2024-06-05T16:04:09,83.897995,-30.713615,nan
2024-06-05T16:04:09,83.897995,-30.713589,nan
2024-06-05T16:04:08,83.897995,-30.713560,nan
2024-06-05T16:04:08,83.897995,-30.713533,nan
2024-06-05T16:04:07,83.897995,-30.713507,nan
2024-06-05T16:04:07,83.897995,-30.713480,nan
2024-06-05T16:04:06,83.897995,-30.713453,nan
2024-06-05T16:04:06,83.898003,-30.713430,nan
2024-06-05T16:04:05,83.898003,-30.713406,nan
2024-06-05T16:04:05,83.898003,-30.713381,nan
2024-06-05T16:04:04,83.898003,-30.713358,nan
2024-06-05T16:04:04,83.898003,-30.713337,nan
2024-06-05T16:04:03,83.898003,-30.713318,nan
2024-06-05T16:04:03,83.898003,-30.713297,nan
2024-06-05T16:04:02,83.898003,-30.713276,nan
2024-06-05T16:04:02,83.898010,-30.713259,nan
2024-06-05T16:04:01,83.898010,-30.713238,nan
2024-06-05T16:04:01,83.898010,-30.713217,nan
2024-06-05T16:04:00,83.898010,-30.713194,nan
2024-06-05T16:04:00,83.898010,-30.713169,nan
2024-06-05T16:03:59,83.898010,-30.713146,nan
2024-06-05T16:03:59,83.898010,-30.713125,nan
2024-06-05T16:03:58,83.898010,-30.713104,nan
2024-06-05T16:03:58,83.898010,-30.713081,nan
2024-06-05T16:03:57,83.898010,-30.713062,nan
2024-06-05T16:03:57,83.898018,-30.713041,nan
2024-06-05T16:03:56,83.898018,-30.713024,nan
2024-06-05T16:03:56,83.898018,-30.713009,nan
2024-06-05T16:03:55,83.898018,-30.712996,nan
2024-06-05T16:03:55,83.898018,-30.712984,nan
2024-06-05T16:03:54,83.898026,-30.712975,nan
2024-06-05T16:03:54,83.898026,-30.712961,nan
2024-06-05T16:03:53,83.898026,-30.712950,nan
2024-06-05T16:03:53,83.898026,-30.712938,nan
2024-06-05T16:03:52,83.898033,-30.712923,nan
2024-06-05T16:03:52,83.898033,-30.712906,nan
2024-06-05T16:03:51,83.898033,-30.712887,nan
2024-06-05T16:03:51,83.898041,-30.712866,nan
2024-06-05T16:03:50,83.898041,-30.712839,nan
2024-06-05T16:03:50,83.898041,-30.712812,nan
2024-06-05T16:03:49,83.898041,-30.712786,nan
2024-06-05T16:03:49,83.898048,-30.712757,nan
2024-06-05T16:03:48,83.898048,-30.712729,nan
2024-06-05T16:03:48,83.898048,-30.712694,nan
2024-06-05T16:03:47,83.898056,-30.712660,nan
2024-06-05T16:03:47,83.898056,-30.712620,nan
2024-06-05T16:03:46,83.898064,-30.712576,nan
2024-06-05T16:03:46,83.898064,-30.712534,nan
2024-06-05T16:03:45,83.898064,-30.712486,nan
2024-06-05T16:03:45,83.898071,-30.712442,nan
2024-06-05T16:03:44,83.898071,-30.712395,nan
2024-06-05T16:03:44,83.898079,-30.712347,nan
2024-06-05T16:03:43,83.898079,-30.712299,nan
2024-06-05T16:03:43,83.898087,-30.712250,nan
2024-06-05T16:03:42,83.898094,-30.712200,nan
2024-06-05T16:03:42,83.898094,-30.712147,nan
2024-06-05T16:03:41,83.898102,-30.712093,nan
2024-06-05T16:03:41,83.898102,-30.712040,nan
2024-06-05T16:03:40,83.898109,-30.711985,nan
2024-06-05T16:03:40,83.898117,-30.711931,nan
2024-06-05T16:03:39,83.898117,-30.711880,nan
2024-06-05T16:03:39,83.898125,-30.711826,nan
2024-06-05T16:03:38,83.898132,-30.711773,nan
2024-06-05T16:03:38,83.898132,-30.711718,nan
2024-06-05T16:03:37,83.898140,-30.711662,nan
2024-06-05T16:03:37,83.898148,-30.711605,nan
2024-06-05T16:03:36,83.898148,-30.711546,nan
2024-06-05T16:03:36,83.898155,-30.711485,nan
2024-06-05T16:03:35,83.898163,-30.711420,nan
2024-06-05T16:03:35,83.898163,-30.711353,nan
2024-06-05T16:03:34,83.898170,-30.711285,nan
2024-06-05T16:03:34,83.898178,-30.711210,nan
2024-06-05T16:03:33,83.898186,-30.711134,nan
2024-06-05T16:03:33,83.898186,-30.711054,nan
2024-06-05T16:03:32,83.898193,-30.710972,nan
2024-06-05T16:03:32,83.898201,-30.710884,nan
2024-06-05T16:03:31,83.898209,-30.710800,nan
2024-06-05T16:03:31,83.898216,-30.710711,nan
2024-06-05T16:03:30,83.898224,-30.710619,nan
2024-06-05T16:03:30,83.898232,-30.710526,nan
2024-06-05T16:03:29,83.898239,-30.710436,nan
2024-06-05T16:03:29,83.898247,-30.710344,nan
2024-06-05T16:03:28,83.898254,-30.710253,nan
2024-06-05T16:03:28,83.898262,-30.710155,nan
2024-06-05T16:03:27,83.898270,-30.710056,nan
2024-06-05T16:03:27,83.898277,-30.709957,nan
2024-06-05T16:03:26,83.898285,-30.709860,nan
2024-06-05T16:03:26,83.898293,-30.709759,nan
2024-06-05T16:03:25,83.898308,-30.709658,nan
2024-06-05T16:03:25,83.898315,-30.709557,nan
2024-06-05T16:03:24,83.898323,-30.709457,nan
2024-06-05T16:03:24,83.898331,-30.709362,nan
2024-06-05T16:03:23,83.898338,-30.709265,nan
2024-06-05T16:03:23,83.898346,-30.709166,nan
2024-06-05T16:03:22,83.898354,-30.709066,nan
2024-06-05T16:03:22,83.898361,-30.708967,nan
2024-06-05T16:03:21,83.898369,-30.708868,nan
2024-06-05T16:03:21,83.898376,-30.708767,nan
2024-06-05T16:03:20,83.898384,-30.708664,nan
2024-06-05T16:03:20,83.898392,-30.708557,nan
2024-06-05T16:03:19,83.898399,-30.708450,nan
2024-06-05T16:03:19,83.898407,-30.708344,nan
2024-06-05T16:03:18,83.898415,-30.708233,nan
2024-06-05T16:03:18,83.898415,-30.708120,nan
2024-06-05T16:03:17,83.898422,-30.708006,nan
2024-06-05T16:03:17,83.898430,-30.707890,nan
2024-06-05T16:03:16,83.898438,-30.707775,nan
2024-06-05T16:03:16,83.898445,-30.707657,nan
2024-06-05T16:03:15,83.898445,-30.707535,nan
2024-06-05T16:03:15,83.898453,-30.707411,nan
2024-06-05T16:03:14,83.898460,-30.707283,nan
2024-06-05T16:03:14,83.898468,-30.707155,nan
2024-06-05T16:03:13,83.898468,-30.707029,nan
2024-06-05T16:03:13,83.898476,-30.706902,nan
2024-06-05T16:03:12,83.898483,-30.706774,nan
2024-06-05T16:03:12,83.898483,-30.706648,nan
2024-06-05T16:03:11,83.898491,-30.706518,nan
2024-06-05T16:03:11,83.898499,-30.706390,nan
2024-06-05T16:03:10,83.898499,-30.706261,nan
2024-06-05T16:03:10,83.898506,-30.706133,nan
2024-06-05T16:03:09,83.898506,-30.706003,nan
2024-06-05T16:03:09,83.898514,-30.705875,nan
2024-06-05T16:03:08,83.898514,-30.705748,nan
2024-06-05T16:03:08,83.898521,-30.705620,nan
2024-06-05T16:03:07,83.898521,-30.705490,nan
2024-06-05T16:03:07,83.898529,-30.705362,nan
2024-06-05T16:03:06,83.898529,-30.705235,nan
2024-06-05T16:03:06,83.898537,-30.705105,nan
2024-06-05T16:03:05,83.898537,-30.704975,nan
2024-06-05T16:03:05,83.898544,-30.704845,nan
2024-06-05T16:03:04,83.898544,-30.704718,nan
2024-06-05T16:03:04,83.898544,-30.704588,nan
2024-06-05T16:03:03,83.898552,-30.704460,nan
2024-06-05T16:03:03,83.898552,-30.704332,nan
2024-06-05T16:03:02,83.898552,-30.704205,nan
2024-06-05T16:03:02,83.898560,-30.704081,nan
2024-06-05T16:03:01,83.898560,-30.703955,nan
2024-06-05T16:03:01,83.898560,-30.703829,nan
2024-06-05T16:03:00,83.898560,-30.703705,nan
2024-06-05T16:03:00,83.898567,-30.703575,nan
2024-06-05T16:02:59,83.898567,-30.703449,nan
2024-06-05T16:02:59,83.898575,-30.703321,nan
2024-06-05T16:02:58,83.898575,-30.703192,nan
2024-06-05T16:02:58,83.898582,-30.703060,nan
2024-06-05T16:02:57,83.898582,-30.702929,nan
2024-06-05T16:02:57,83.898582,-30.702799,nan
2024-06-05T16:02:56,83.898590,-30.702669,nan
2024-06-05T16:02:56,83.898590,-30.702543,nan
2024-06-05T16:02:55,83.898598,-30.702419,nan
2024-06-05T16:02:55,83.898598,-30.702295,nan
2024-06-05T16:02:54,83.898598,-30.702173,nan
2024-06-05T16:02:54,83.898605,-30.702051,nan
2024-06-05T16:02:53,83.898605,-30.701935,nan
2024-06-05T16:02:53,83.898605,-30.701818,nan
2024-06-05T16:02:52,83.898605,-30.701702,nan
2024-06-05T16:02:52,83.898613,-30.701586,nan
2024-06-05T16:02:51,83.898613,-30.701469,nan
2024-06-05T16:02:51,83.898613,-30.701353,nan
2024-06-05T16:02:50,83.898621,-30.701237,nan
2024-06-05T16:02:50,83.898621,-30.701120,nan
2024-06-05T16:02:49,83.898621,-30.701008,nan
2024-06-05T16:02:49,83.898628,-30.700895,nan
2024-06-05T16:02:48,83.898628,-30.700785,nan
2024-06-05T16:02:48,83.898628,-30.700676,nan
2024-06-05T16:02:47,83.898636,-30.700565,nan
2024-06-05T16:02:47,83.898636,-30.700455,nan
2024-06-05T16:02:46,83.898636,-30.700344,nan
2024-06-05T16:02:46,83.898643,-30.700232,nan
2024-06-05T16:02:45,83.898643,-30.700111,nan
2024-06-05T16:02:45,83.898643,-30.699989,nan
2024-06-05T16:02:44,83.898651,-30.699860,nan
2024-06-05T16:02:44,83.898651,-30.699726,nan
2024-06-05T16:02:43,83.898651,-30.699583,nan
2024-06-05T16:02:43,83.898651,-30.699438,nan
2024-06-05T16:02:42,83.898651,-30.699289,nan
2024-06-05T16:02:42,83.898659,-30.699141,nan
2024-06-05T16:02:41,83.898659,-30.698986,nan
2024-06-05T16:02:41,83.898659,-30.698826,nan
2024-06-05T16:02:40,83.898659,-30.698660,nan
2024-06-05T16:02:40,83.898666,-30.698486,nan
2024-06-05T16:02:39,83.898666,-30.698309,nan
2024-06-05T16:02:39,83.898666,-30.698128,nan
2024-06-05T16:02:38,83.898666,-30.697943,nan
2024-06-05T16:02:38,83.898674,-30.697756,nan
2024-06-05T16:02:37,83.898674,-30.697565,nan
2024-06-05T16:02:37,83.898674,-30.697372,nan
2024-06-05T16:02:36,83.898682,-30.697180,nan
2024-06-05T16:02:36,83.898682,-30.696983,nan
2024-06-05T16:02:35,83.898682,-30.696789,nan
2024-06-05T16:02:35,83.898689,-30.696590,nan
2024-06-05T16:02:34,83.898689,-30.696392,nan
2024-06-05T16:02:34,83.898697,-30.696192,nan
2024-06-05T16:02:33,83.898697,-30.695990,nan
2024-06-05T16:02:33,83.898705,-30.695789,nan
2024-06-05T16:02:32,83.898712,-30.695587,nan
2024-06-05T16:02:32,83.898712,-30.695389,nan
2024-06-05T16:02:31,83.898720,-30.695190,nan
2024-06-05T16:02:31,83.898727,-30.694990,nan
2024-06-05T16:02:30,83.898727,-30.694796,nan
2024-06-05T16:02:30,83.898735,-30.694599,nan
2024-06-05T16:02:29,83.898743,-30.694403,nan
2024-06-05T16:02:29,83.898743,-30.694206,nan
2024-06-05T16:02:28,83.898750,-30.694012,nan
2024-06-05T16:02:28,83.898758,-30.693817,nan
2024-06-05T16:02:27,83.898758,-30.693621,nan
2024-06-05T16:02:27,83.898766,-30.693426,nan
2024-06-05T16:02:26,83.898773,-30.693232,nan
2024-06-05T16:02:26,83.898773,-30.693035,nan
2024-06-05T16:02:25,83.898781,-30.692837,nan
2024-06-05T16:02:25,83.898781,-30.692636,nan
2024-06-05T16:02:24,83.898781,-30.692436,nan
2024-06-05T16:02:24,83.898788,-30.692236,nan
2024-06-05T16:02:23,83.898788,-30.692036,nan
2024-06-05T16:02:23,83.898788,-30.691837,nan
2024-06-05T16:02:22,83.898788,-30.691637,nan
2024-06-05T16:02:22,83.898796,-30.691437,nan
2024-06-05T16:02:21,83.898796,-30.691235,nan
2024-06-05T16:02:21,83.898796,-30.691031,nan
2024-06-05T16:02:20,83.898796,-30.690826,nan
2024-06-05T16:02:20,83.898796,-30.690620,nan
2024-06-05T16:02:19,83.898796,-30.690418,nan
2024-06-05T16:02:19,83.898796,-30.690212,nan
2024-06-05T16:02:18,83.898796,-30.690006,nan
2024-06-05T16:02:18,83.898796,-30.689802,nan
2024-06-05T16:02:17,83.898796,-30.689598,nan
2024-06-05T16:02:17,83.898796,-30.689392,nan
2024-06-05T16:02:16,83.898796,-30.689186,nan
2024-06-05T16:02:16,83.898796,-30.688984,nan
2024-06-05T16:02:15,83.898796,-30.688780,nan
2024-06-05T16:02:15,83.898796,-30.688576,nan
2024-06-05T16:02:14,83.898804,-30.688374,nan
2024-06-05T16:02:14,83.898804,-30.688171,nan
2024-06-05T16:02:13,83.898804,-30.687969,nan
2024-06-05T16:02:13,83.898804,-30.687771,nan
2024-06-05T16:02:12,83.898804,-30.687569,nan
2024-06-05T16:02:12,83.898804,-30.687368,nan
2024-06-05T16:02:11,83.898804,-30.687166,nan
2024-06-05T16:02:11,83.898804,-30.686964,nan
2024-06-05T16:02:10,83.898811,-30.686762,nan
2024-06-05T16:02:10,83.898811,-30.686563,nan
2024-06-05T16:02:09,83.898811,-30.686365,nan
2024-06-05T16:02:09,83.898811,-30.686165,nan
2024-06-05T16:02:08,83.898811,-30.685966,nan
2024-06-05T16:02:08,83.898811,-30.685768,nan
2024-06-05T16:02:07,83.898811,-30.685568,nan
2024-06-05T16:02:07,83.898811,-30.685366,nan
2024-06-05T16:02:06,83.898811,-30.685162,nan
2024-06-05T16:02:06,83.898811,-30.684954,nan
2024-06-05T16:02:05,83.898804,-30.684750,nan
2024-06-05T16:02:05,83.898804,-30.684540,nan
2024-06-05T16:02:04,83.898804,-30.684336,nan
2024-06-05T16:02:04,83.898804,-30.684132,nan
2024-06-05T16:02:03,83.898796,-30.683928,nan
2024-06-05T16:02:03,83.898796,-30.683718,nan
2024-06-05T16:02:02,83.898796,-30.683508,nan
2024-06-05T16:02:02,83.898796,-30.683294,nan
2024-06-05T16:02:01,83.898796,-30.683083,nan
2024-06-05T16:02:01,83.898796,-30.682869,nan
2024-06-05T16:02:00,83.898796,-30.682653,nan
2024-06-05T16:02:00,83.898796,-30.682434,nan
2024-06-05T16:01:59,83.898796,-30.682217,nan
2024-06-05T16:01:59,83.898796,-30.681995,nan
2024-06-05T16:01:58,83.898796,-30.681774,nan
2024-06-05T16:01:58,83.898796,-30.681549,nan
2024-06-05T16:01:57,83.898796,-30.681326,nan
2024-06-05T16:01:57,83.898804,-30.681097,nan
2024-06-05T16:01:56,83.898804,-30.680868,nan
2024-06-05T16:01:56,83.898804,-30.680637,nan
2024-06-05T16:01:55,83.898804,-30.680407,nan
2024-06-05T16:01:55,83.898811,-30.680176,nan
2024-06-05T16:01:54,83.898811,-30.679943,nan
2024-06-05T16:01:54,83.898819,-30.679714,nan
2024-06-05T16:01:53,83.898819,-30.679485,nan
2024-06-05T16:01:53,83.898827,-30.679258,nan
2024-06-05T16:01:52,83.898827,-30.679035,nan
2024-06-05T16:01:52,83.898834,-30.678816,nan
2024-06-05T16:01:51,83.898834,-30.678595,nan
2024-06-05T16:01:51,83.898842,-30.678371,nan
2024-06-05T16:01:50,83.898842,-30.678150,nan
2024-06-05T16:01:50,83.898849,-30.677927,nan
2024-06-05T16:01:49,83.898849,-30.677702,nan
2024-06-05T16:01:49,83.898857,-30.677477,nan
2024-06-05T16:01:48,83.898865,-30.677252,nan
2024-06-05T16:01:48,83.898865,-30.677027,nan
2024-06-05T16:01:47,83.898872,-30.676804,nan
2024-06-05T16:01:47,83.898872,-30.676580,nan
2024-06-05T16:01:46,83.898880,-30.676357,nan
2024-06-05T16:01:46,83.898888,-30.676138,nan
2024-06-05T16:01:45,83.898888,-30.675917,nan
2024-06-05T16:01:45,83.898895,-30.675695,nan
2024-06-05T16:01:44,83.898895,-30.675474,nan
2024-06-05T16:01:44,83.898895,-30.675255,nan
2024-06-05T16:01:43,83.898903,-30.675034,nan
2024-06-05T16:01:43,83.898903,-30.674812,nan
2024-06-05T16:01:42,83.898911,-30.674589,nan
2024-06-05T16:01:42,83.898911,-30.674370,nan
2024-06-05T16:01:41,83.898918,-30.674147,nan
2024-06-05T16:01:41,83.898926,-30.673923,nan
2024-06-05T16:01:40,83.898926,-30.673698,nan
2024-06-05T16:01:40,83.898933,-30.673475,nan
2024-06-05T16:01:39,83.898941,-30.673252,nan
2024-06-05T16:01:39,83.898941,-30.673027,nan
2024-06-05T16:01:38,83.898949,-30.672806,nan
2024-06-05T16:01:38,83.898956,-30.672585,nan
2024-06-05T16:01:37,83.898956,-30.672367,nan
2024-06-05T16:01:37,83.898956,-30.672152,nan
2024-06-05T16:01:36,83.898964,-30.671938,nan
2024-06-05T16:01:36,83.898964,-30.671728,nan
2024-06-05T16:01:35,83.898964,-30.671520,nan
2024-06-05T16:01:35,83.898972,-30.671314,nan
2024-06-05T16:01:34,83.898972,-30.671112,nan
2024-06-05T16:01:34,83.898972,-30.670912,nan
2024-06-05T16:01:33,83.898972,-30.670712,nan
2024-06-05T16:01:33,83.898972,-30.670513,nan
2024-06-05T16:01:32,83.898972,-30.670317,nan
2024-06-05T16:01:32,83.898972,-30.670120,nan
2024-06-05T16:01:31,83.898972,-30.669928,nan
2024-06-05T16:01:31,83.898972,-30.669737,nan
2024-06-05T16:01:30,83.898972,-30.669542,nan
2024-06-05T16:01:30,83.898972,-30.669350,nan
2024-06-05T16:01:29,83.898972,-30.669155,nan
2024-06-05T16:01:29,83.898979,-30.668962,nan
2024-06-05T16:01:28,83.898979,-30.668770,nan
2024-06-05T16:01:28,83.898979,-30.668571,nan
2024-06-05T16:01:27,83.898979,-30.668371,nan
2024-06-05T16:01:27,83.898979,-30.668171,nan
2024-06-05T16:01:26,83.898987,-30.667969,nan
2024-06-05T16:01:26,83.898987,-30.667768,nan
2024-06-05T16:01:25,83.898994,-30.667568,nan
2024-06-05T16:01:25,83.898994,-30.667368,nan
2024-06-05T16:01:24,83.898994,-30.667168,nan
2024-06-05T16:01:24,83.899002,-30.666969,nan
2024-06-05T16:01:23,83.899010,-30.666765,nan
2024-06-05T16:01:23,83.899010,-30.666559,nan
2024-06-05T16:01:22,83.899017,-30.666351,nan
2024-06-05T16:01:22,83.899017,-30.666143,nan
2024-06-05T16:01:21,83.899025,-30.665934,nan
2024-06-05T16:01:21,83.899025,-30.665722,nan
2024-06-05T16:01:20,83.899033,-30.665510,nan
2024-06-05T16:01:20,83.899033,-30.665302,nan
2024-06-05T16:01:19,83.899040,-30.665092,nan
2024-06-05T16:01:19,83.899040,-30.664885,nan
2024-06-05T16:01:18,83.899040,-30.664679,nan
2024-06-05T16:01:18,83.899048,-30.664474,nan
2024-06-05T16:01:17,83.899048,-30.664274,nan
2024-06-05T16:01:17,83.899048,-30.664076,nan
2024-06-05T16:01:16,83.899055,-30.663879,nan
2024-06-05T16:01:16,83.899055,-30.663681,nan
2024-06-05T16:01:15,83.899055,-30.663483,nan
2024-06-05T16:01:15,83.899055,-30.663282,nan
2024-06-05T16:01:14,83.899055,-30.663080,nan
2024-06-05T16:01:14,83.899055,-30.662880,nan
2024-06-05T16:01:13,83.899048,-30.662680,nan
2024-06-05T16:01:13,83.899048,-30.662479,nan
2024-06-05T16:01:12,83.899048,-30.662279,nan
2024-06-05T16:01:12,83.899040,-30.662081,nan
2024-06-05T16:01:11,83.899040,-30.661880,nan
2024-06-05T16:01:11,83.899040,-30.661678,nan
2024-06-05T16:01:10,83.899040,-30.661478,nan
2024-06-05T16:01:10,83.899033,-30.661278,nan
2024-06-05T16:01:09,83.899033,-30.661076,nan
2024-06-05T16:01:09,83.899033,-30.660873,nan
2024-06-05T16:01:08,83.899033,-30.660671,nan
2024-06-05T16:01:08,83.899025,-30.660467,nan
2024-06-05T16:01:07,83.899025,-30.660263,nan
2024-06-05T16:01:07,83.899017,-30.660061,nan
2024-06-05T16:01:06,83.899017,-30.659859,nan
2024-06-05T16:01:06,83.899017,-30.659657,nan
2024-06-05T16:01:05,83.899010,-30.659452,nan
2024-06-05T16:01:05,83.899010,-30.659246,nan
2024-06-05T16:01:04,83.899010,-30.659040,nan
2024-06-05T16:01:04,83.899002,-30.658831,nan
2024-06-05T16:01:03,83.899002,-30.658615,nan
2024-06-05T16:01:03,83.899002,-30.658401,nan
2024-06-05T16:01:02,83.898994,-30.658188,nan
2024-06-05T16:01:02,83.898994,-30.657972,nan
2024-06-05T16:01:01,83.898994,-30.657755,nan
2024-06-05T16:01:01,83.898994,-30.657536,nan
2024-06-05T16:01:00,83.898994,-30.657314,nan
2024-06-05T16:01:00,83.898994,-30.657093,nan
2024-06-05T16:00:59,83.898994,-30.656874,nan
2024-06-05T16:00:59,83.898994,-30.656649,nan
2024-06-05T16:00:58,83.898994,-30.656425,nan
2024-06-05T16:00:58,83.898994,-30.656204,nan
2024-06-05T16:00:57,83.898994,-30.655983,nan
2024-06-05T16:00:57,83.898994,-30.655762,nan
2024-06-05T16:00:56,83.898994,-30.655542,nan
2024-06-05T16:00:56,83.898994,-30.655325,nan
2024-06-05T16:00:55,83.898994,-30.655106,nan
2024-06-05T16:00:55,83.898994,-30.654888,nan
2024-06-05T16:00:54,83.898994,-30.654673,nan
2024-06-05T16:00:54,83.899002,-30.654455,nan
2024-06-05T16:00:53,83.899002,-30.654240,nan
2024-06-05T16:00:53,83.899002,-30.654024,nan
2024-06-05T16:00:52,83.899002,-30.653809,nan
2024-06-05T16:00:52,83.899002,-30.653593,nan
2024-06-05T16:00:51,83.899002,-30.653379,nan
2024-06-05T16:00:51,83.899002,-30.653166,nan
2024-06-05T16:00:50,83.899002,-30.652948,nan
2024-06-05T16:00:50,83.899010,-30.652731,nan
2024-06-05T16:00:49,83.899010,-30.652512,nan
2024-06-05T16:00:49,83.899010,-30.652294,nan
2024-06-05T16:00:48,83.899017,-30.652075,nan
2024-06-05T16:00:48,83.899017,-30.651857,nan
2024-06-05T16:00:47,83.899017,-30.651640,nan
2024-06-05T16:00:47,83.899025,-30.651423,nan
2024-06-05T16:00:46,83.899025,-30.651201,nan
2024-06-05T16:00:46,83.899033,-30.650982,nan
2024-06-05T16:00:45,83.899033,-30.650761,nan
2024-06-05T16:00:45,83.899033,-30.650539,nan
2024-06-05T16:00:44,83.899040,-30.650324,nan
2024-06-05T16:00:44,83.899040,-30.650105,nan
2024-06-05T16:00:43,83.899040,-30.649887,nan
2024-06-05T16:00:43,83.899040,-30.649670,nan
2024-06-05T16:00:42,83.899040,-30.649450,nan
2024-06-05T16:00:42,83.899040,-30.649233,nan
2024-06-05T16:00:41,83.899040,-30.649014,nan
2024-06-05T16:00:41,83.899040,-30.648796,nan
2024-06-05T16:00:40,83.899040,-30.648581,nan
2024-06-05T16:00:40,83.899048,-30.648361,nan
2024-06-05T16:00:39,83.899048,-30.648142,nan
2024-06-05T16:00:39,83.899048,-30.647923,nan
2024-06-05T16:00:38,83.899048,-30.647699,nan
2024-06-05T16:00:38,83.899048,-30.647476,nan
2024-06-05T16:00:37,83.899048,-30.647253,nan
2024-06-05T16:00:37,83.899048,-30.647034,nan
2024-06-05T16:00:36,83.899048,-30.646816,nan
2024-06-05T16:00:36,83.899048,-30.646603,nan
2024-06-05T16:00:35,83.899048,-30.646393,nan
2024-06-05T16:00:35,83.899048,-30.646181,nan
2024-06-05T16:00:34,83.899048,-30.645969,nan
2024-06-05T16:00:34,83.899048,-30.645758,nan
2024-06-05T16:00:33,83.899048,-30.645548,nan
2024-06-05T16:00:33,83.899048,-30.645338,nan
2024-06-05T16:00:32,83.899048,-30.645128,nan
2024-06-05T16:00:32,83.899048,-30.644920,nan
2024-06-05T16:00:31,83.899048,-30.644709,nan
2024-06-05T16:00:31,83.899048,-30.644499,nan
2024-06-05T16:00:30,83.899048,-30.644287,nan
2024-06-05T16:00:30,83.899040,-30.644073,nan
2024-06-05T16:00:29,83.899040,-30.643862,nan
2024-06-05T16:00:29,83.899040,-30.643650,nan
2024-06-05T16:00:28,83.899033,-30.643438,nan
2024-06-05T16:00:28,83.899033,-30.643229,nan
2024-06-05T16:00:27,83.899033,-30.643021,nan
2024-06-05T16:00:27,83.899033,-30.642809,nan
2024-06-05T16:00:26,83.899033,-30.642601,nan
2024-06-05T16:00:26,83.899025,-30.642391,nan
2024-06-05T16:00:25,83.899025,-30.642183,nan
2024-06-05T16:00:25,83.899025,-30.641973,nan
2024-06-05T16:00:24,83.899025,-30.641766,nan
2024-06-05T16:00:24,83.899017,-30.641558,nan
2024-06-05T16:00:23,83.899017,-30.641346,nan
2024-06-05T16:00:23,83.899017,-30.641138,nan
2024-06-05T16:00:22,83.899017,-30.640928,nan
2024-06-05T16:00:22,83.899017,-30.640720,nan
2024-06-05T16:00:21,83.899017,-30.640514,nan
2024-06-05T16:00:21,83.899010,-30.640306,nan
2024-06-05T16:00:20,83.899010,-30.640099,nan
2024-06-05T16:00:20,83.899010,-30.639891,nan
2024-06-05T16:00:19,83.899010,-30.639685,nan
2024-06-05T16:00:19,83.899010,-30.639479,nan
2024-06-05T16:00:18,83.899010,-30.639273,nan
2024-06-05T16:00:18,83.899002,-30.639063,nan
2024-06-05T16:00:17,83.899002,-30.638853,nan
2024-06-05T16:00:17,83.899002,-30.638643,nan
2024-06-05T16:00:16,83.899002,-30.638430,nan
2024-06-05T16:00:16,83.899002,-30.638214,nan
2024-06-05T16:00:15,83.899002,-30.638000,nan
2024-06-05T16:00:15,83.899002,-30.637787,nan
2024-06-05T16:00:14,83.899002,-30.637571,nan
2024-06-05T16:00:14,83.899002,-30.637362,nan
2024-06-05T16:00:13,83.899002,-30.637150,nan
2024-06-05T16:00:13,83.899002,-30.636942,nan
2024-06-05T16:00:12,83.899002,-30.636734,nan
2024-06-05T16:00:12,83.899002,-30.636528,nan
2024-06-05T16:00:11,83.898994,-30.636324,nan
2024-06-05T16:00:11,83.898994,-30.636120,nan
2024-06-05T16:00:10,83.898994,-30.635914,nan
2024-06-05T16:00:10,83.898994,-30.635708,nan
2024-06-05T16:00:09,83.898994,-30.635502,nan
2024-06-05T16:00:09,83.898987,-30.635296,nan
2024-06-05T16:00:08,83.898987,-30.635090,nan
2024-06-05T16:00:08,83.898987,-30.634888,nan
2024-06-05T16:00:07,83.898987,-30.634682,nan
2024-06-05T16:00:07,83.898987,-30.634476,nan
2024-06-05T16:00:06,83.898987,-30.634268,nan
2024-06-05T16:00:06,83.898987,-30.634060,nan
2024-06-05T16:00:05,83.898987,-30.633850,nan
2024-06-05T16:00:05,83.898994,-30.633642,nan
2024-06-05T16:00:04,83.898994,-30.633436,nan
2024-06-05T16:00:04,83.898994,-30.633230,nan
2024-06-05T16:00:03,83.899002,-30.633024,nan
2024-06-05T16:00:03,83.899002,-30.632824,nan
2024-06-05T16:00:02,83.899010,-30.632627,nan
2024-06-05T16:00:02,83.899010,-30.632435,nan
2024-06-05T16:00:01,83.899017,-30.632242,nan
2024-06-05T16:00:01,83.899017,-30.632055,nan
2024-06-05T16:00:00,83.899025,-30.631870,nan
2024-06-05T16:00:00,83.899033,-30.631683,nan
2024-06-05T15:59:59,83.899033,-30.631496,nan
2024-06-05T15:59:59,83.899040,-30.631310,nan
2024-06-05T15:59:58,83.899040,-30.631121,nan
2024-06-05T15:59:58,83.899048,-30.630932,nan
2024-06-05T15:59:57,83.899055,-30.630745,nan
2024-06-05T15:59:57,83.899055,-30.630558,nan
2024-06-05T15:59:56,83.899063,-30.630369,nan
2024-06-05T15:59:56,83.899071,-30.630184,nan
2024-06-05T15:59:55,83.899078,-30.629995,nan
2024-06-05T15:59:55,83.899078,-30.629808,nan
2024-06-05T15:59:54,83.899086,-30.629622,nan
2024-06-05T15:59:54,83.899094,-30.629436,nan
2024-06-05T15:59:53,83.899094,-30.629255,nan
2024-06-05T15:59:53,83.899101,-30.629076,nan
2024-06-05T15:59:52,83.899101,-30.628899,nan
2024-06-05T15:59:52,83.899109,-30.628725,nan
2024-06-05T15:59:51,83.899117,-30.628551,nan
2024-06-05T15:59:51,83.899117,-30.628380,nan
2024-06-05T15:59:50,83.899117,-30.628210,nan
2024-06-05T15:59:50,83.899124,-30.628042,nan
2024-06-05T15:59:49,83.899124,-30.627874,nan
2024-06-05T15:59:49,83.899132,-30.627708,nan
2024-06-05T15:59:48,83.899132,-30.627542,nan
2024-06-05T15:59:48,83.899139,-30.627380,nan
2024-06-05T15:59:47,83.899139,-30.627220,nan
2024-06-05T15:59:47,83.899139,-30.627062,nan
2024-06-05T15:59:46,83.899147,-30.626904,nan
2024-06-05T15:59:46,83.899147,-30.626745,nan
2024-06-05T15:59:45,83.899155,-30.626585,nan
2024-06-05T15:59:45,83.899155,-30.626425,nan
2024-06-05T15:59:44,83.899162,-30.626268,nan
2024-06-05T15:59:44,83.899170,-30.626112,nan
2024-06-05T15:59:43,83.899170,-30.625956,nan
2024-06-05T15:59:43,83.899178,-30.625807,nan
2024-06-05T15:59:42,83.899185,-30.625656,nan
2024-06-05T15:59:42,83.899185,-30.625507,nan
2024-06-05T15:59:41,83.899193,-30.625359,nan
2024-06-05T15:59:41,83.899193,-30.625208,nan
2024-06-05T15:59:40,83.899200,-30.625059,nan
2024-06-05T15:59:40,83.899200,-30.624910,nan
2024-06-05T15:59:39,83.899208,-30.624762,nan
2024-06-05T15:59:39,83.899208,-30.624611,nan
2024-06-05T15:59:38,83.899208,-30.624456,nan
2024-06-05T15:59:38,83.899216,-30.624306,nan
2024-06-05T15:59:37,83.899216,-30.624155,nan
2024-06-05T15:59:37,83.899216,-30.624004,nan
2024-06-05T15:59:36,83.899223,-30.623850,nan
2024-06-05T15:59:36,83.899223,-30.623697,nan
2024-06-05T15:59:35,83.899223,-30.623547,nan
2024-06-05T15:59:35,83.899231,-30.623396,nan
2024-06-05T15:59:34,83.899231,-30.623245,nan
2024-06-05T15:59:34,83.899231,-30.623096,nan
2024-06-05T15:59:33,83.899231,-30.622948,nan
2024-06-05T15:59:33,83.899231,-30.622795,nan
2024-06-05T15:59:32,83.899239,-30.622646,nan
2024-06-05T15:59:32,83.899239,-30.622499,nan
2024-06-05T15:59:31,83.899239,-30.622349,nan
2024-06-05T15:59:31,83.899239,-30.622200,nan
2024-06-05T15:59:30,83.899239,-30.622051,nan
2024-06-05T15:59:30,83.899239,-30.621902,nan
2024-06-05T15:59:29,83.899231,-30.621758,nan
2024-06-05T15:59:29,83.899231,-30.621614,nan
2024-06-05T15:59:28,83.899231,-30.621473,nan
2024-06-05T15:59:28,83.899231,-30.621332,nan
2024-06-05T15:59:27,83.899231,-30.621187,nan
2024-06-05T15:59:27,83.899231,-30.621048,nan
2024-06-05T15:59:26,83.899223,-30.620909,nan
2024-06-05T15:59:26,83.899223,-30.620770,nan
2024-06-05T15:59:25,83.899223,-30.620630,nan
2024-06-05T15:59:25,83.899223,-30.620495,nan
2024-06-05T15:59:24,83.899223,-30.620356,nan
2024-06-05T15:59:24,83.899216,-30.620216,nan
2024-06-05T15:59:23,83.899216,-30.620075,nan
2024-06-05T15:59:23,83.899216,-30.619936,nan
2024-06-05T15:59:22,83.899216,-30.619795,nan
2024-06-05T15:59:22,83.899216,-30.619650,nan
2024-06-05T15:59:21,83.899208,-30.619507,nan
2024-06-05T15:59:21,83.899208,-30.619368,nan
2024-06-05T15:59:20,83.899208,-30.619225,nan
2024-06-05T15:59:20,83.899208,-30.619081,nan
2024-06-05T15:59:19,83.899200,-30.618942,nan
2024-06-05T15:59:19,83.899200,-30.618805,nan
2024-06-05T15:59:18,83.899200,-30.618670,nan
2024-06-05T15:59:18,83.899200,-30.618532,nan
2024-06-05T15:59:17,83.899193,-30.618395,nan
2024-06-05T15:59:17,83.899193,-30.618256,nan
2024-06-05T15:59:16,83.899193,-30.618116,nan
2024-06-05T15:59:16,83.899185,-30.617977,nan
2024-06-05T15:59:15,83.899185,-30.617842,nan
2024-06-05T15:59:15,83.899185,-30.617704,nan
2024-06-05T15:59:14,83.899178,-30.617569,nan
2024-06-05T15:59:14,83.899178,-30.617434,nan
2024-06-05T15:59:13,83.899170,-30.617298,nan
2024-06-05T15:59:13,83.899170,-30.617163,nan
2024-06-05T15:59:12,83.899162,-30.617027,nan
2024-06-05T15:59:12,83.899162,-30.616894,nan
2024-06-05T15:59:11,83.899162,-30.616762,nan
2024-06-05T15:59:11,83.899155,-30.616636,nan
2024-06-05T15:59:10,83.899155,-30.616512,nan
2024-06-05T15:59:10,83.899147,-30.616398,nan
2024-06-05T15:59:09,83.899139,-30.616283,nan
2024-06-05T15:59:09,83.899139,-30.616173,nan
2024-06-05T15:59:08,83.899139,-30.616064,nan
2024-06-05T15:59:08,83.899132,-30.615959,nan
2024-06-05T15:59:07,83.899132,-30.615860,nan
2024-06-05T15:59:07,83.899124,-30.615761,nan
2024-06-05T15:59:06,83.899117,-30.615662,nan
2024-06-05T15:59:06,83.899117,-30.615564,nan
2024-06-05T15:59:05,83.899109,-30.615465,nan
2024-06-05T15:59:05,83.899101,-30.615370,nan
2024-06-05T15:59:04,83.899094,-30.615274,nan
2024-06-05T15:59:04,83.899094,-30.615179,nan
2024-06-05T15:59:03,83.899086,-30.615088,nan
2024-06-05T15:59:03,83.899078,-30.614996,nan
2024-06-05T15:59:02,83.899071,-30.614908,nan
2024-06-05T15:59:02,83.899063,-30.614820,nan
2024-06-05T15:59:01,83.899055,-30.614737,nan
2024-06-05T15:59:01,83.899055,-30.614653,nan
2024-06-05T15:59:00,83.899048,-30.614571,nan
2024-06-05T15:59:00,83.899040,-30.614492,nan
2024-06-05T15:58:59,83.899033,-30.614420,nan
2024-06-05T15:58:59,83.899033,-30.614349,nan
2024-06-05T15:58:58,83.899025,-30.614283,nan
2024-06-05T15:58:58,83.899017,-30.614220,nan
2024-06-05T15:58:57,83.899010,-30.614162,nan
2024-06-05T15:58:57,83.899010,-30.614101,nan
2024-06-05T15:58:56,83.899002,-30.614042,nan
2024-06-05T15:58:56,83.898994,-30.613979,nan
2024-06-05T15:58:55,83.898987,-30.613918,nan
2024-06-05T15:58:55,83.898979,-30.613861,nan
2024-06-05T15:58:54,83.898972,-30.613802,nan
2024-06-05T15:58:54,83.898972,-30.613747,nan
2024-06-05T15:58:53,83.898964,-30.613689,nan
2024-06-05T15:58:53,83.898956,-30.613634,nan
2024-06-05T15:58:52,83.898949,-30.613583,nan
2024-06-05T15:58:52,83.898941,-30.613531,nan
2024-06-05T15:58:51,83.898941,-30.613480,nan
2024-06-05T15:58:51,83.898933,-30.613432,nan
2024-06-05T15:58:50,83.898926,-30.613382,nan
2024-06-05T15:58:50,83.898918,-30.613335,nan
2024-06-05T15:58:49,83.898911,-30.613283,nan
2024-06-05T15:58:49,83.898911,-30.613235,nan
2024-06-05T15:58:48,83.898903,-30.613186,nan
2024-06-05T15:58:48,83.898895,-30.613138,nan
2024-06-05T15:58:47,83.898888,-30.613091,nan
2024-06-05T15:58:47,83.898880,-30.613039,nan
2024-06-05T15:58:46,83.898872,-30.612988,nan
2024-06-05T15:58:46,83.898865,-30.612940,nan
2024-06-05T15:58:45,83.898865,-30.612888,nan
2024-06-05T15:58:45,83.898857,-30.612843,nan
2024-06-05T15:58:44,83.898849,-30.612797,nan
2024-06-05T15:58:44,83.898842,-30.612755,nan
2024-06-05T15:58:43,83.898834,-30.612717,nan
2024-06-05T15:58:43,83.898827,-30.612680,nan
2024-06-05T15:58:42,83.898827,-30.612642,nan
2024-06-05T15:58:42,83.898819,-30.612606,nan
2024-06-05T15:58:41,83.898811,-30.612574,nan
2024-06-05T15:58:41,83.898804,-30.612537,nan
2024-06-05T15:58:40,83.898804,-30.612503,nan
2024-06-05T15:58:40,83.898796,-30.612471,nan
2024-06-05T15:58:39,83.898788,-30.612438,nan
2024-06-05T15:58:39,83.898781,-30.612408,nan
2024-06-05T15:58:38,83.898773,-30.612379,nan
2024-06-05T15:58:38,83.898766,-30.612350,nan
2024-06-05T15:58:37,83.898758,-30.612320,nan
2024-06-05T15:58:37,83.898750,-30.612291,nan
2024-06-05T15:58:36,83.898743,-30.612265,nan
2024-06-05T15:58:36,83.898735,-30.612244,nan
2024-06-05T15:58:35,83.898727,-30.612228,nan
2024-06-05T15:58:35,83.898720,-30.612217,nan
2024-06-05T15:58:34,83.898712,-30.612207,nan
2024-06-05T15:58:34,83.898705,-30.612202,nan
2024-06-05T15:58:33,83.898697,-30.612198,nan
2024-06-05T15:58:33,83.898689,-30.612200,nan
2024-06-05T15:58:32,83.898682,-30.612200,nan
2024-06-05T15:58:32,83.898674,-30.612202,nan
2024-06-05T15:58:31,83.898666,-30.612204,nan
2024-06-05T15:58:31,83.898659,-30.612206,nan
2024-06-05T15:58:30,83.898651,-30.612207,nan
2024-06-05T15:58:30,83.898643,-30.612211,nan
2024-06-05T15:58:29,83.898636,-30.612219,nan
2024-06-05T15:58:29,83.898636,-30.612226,nan
2024-06-05T15:58:28,83.898628,-30.612230,nan
2024-06-05T15:58:28,83.898621,-30.612236,nan
2024-06-05T15:58:27,83.898621,-30.612238,nan
2024-06-05T15:58:27,83.898613,-30.612238,nan
2024-06-05T15:58:26,83.898605,-30.612234,nan
2024-06-05T15:58:26,83.898605,-30.612228,nan
2024-06-05T15:58:25,83.898598,-30.612223,nan
2024-06-05T15:58:25,83.898590,-30.612217,nan
2024-06-05T15:58:24,83.898582,-30.612207,nan
2024-06-05T15:58:24,83.898582,-30.612202,nan
2024-06-05T15:58:23,83.898567,-30.612192,nan
2024-06-05T15:58:23,83.898560,-30.612185,nan
2024-06-05T15:58:22,83.898552,-30.612177,nan
2024-06-05T15:58:22,83.898544,-30.612171,nan
2024-06-05T15:58:21,83.898537,-30.612165,nan
2024-06-05T15:58:21,83.898529,-30.612158,nan
2024-06-05T15:58:20,83.898514,-30.612154,nan
2024-06-05T15:58:20,83.898506,-30.612150,nan
2024-06-05T15:58:19,83.898499,-30.612148,nan
2024-06-05T15:58:19,83.898483,-30.612146,nan
2024-06-05T15:58:18,83.898476,-30.612146,nan
2024-06-05T15:58:18,83.898468,-30.612150,nan
2024-06-05T15:58:17,83.898453,-30.612154,nan
2024-06-05T15:58:17,83.898445,-30.612160,nan
2024-06-05T15:58:16,83.898430,-30.612164,nan
2024-06-05T15:58:16,83.898422,-30.612171,nan
2024-06-05T15:58:15,83.898407,-30.612183,nan
2024-06-05T15:58:15,83.898392,-30.612202,nan
2024-06-05T15:58:14,83.898384,-30.612223,nan
2024-06-05T15:58:14,83.898369,-30.612247,nan
2024-06-05T15:58:13,83.898354,-30.612274,nan
2024-06-05T15:58:13,83.898338,-30.612305,nan
2024-06-05T15:58:12,83.898331,-30.612339,nan
2024-06-05T15:58:12,83.898315,-30.612375,nan
2024-06-05T15:58:11,83.898300,-30.612411,nan
2024-06-05T15:58:11,83.898285,-30.612448,nan
2024-06-05T15:58:10,83.898277,-30.612482,nan
2024-06-05T15:58:10,83.898262,-30.612516,nan
2024-06-05T15:58:09,83.898247,-30.612551,nan
2024-06-05T15:58:09,83.898232,-30.612587,nan
2024-06-05T15:58:08,83.898224,-30.612625,nan
2024-06-05T15:58:08,83.898209,-30.612661,nan
2024-06-05T15:58:07,83.898201,-30.612701,nan
2024-06-05T15:58:07,83.898186,-30.612743,nan
2024-06-05T15:58:06,83.898178,-30.612783,nan
2024-06-05T15:58:06,83.898163,-30.612827,nan
2024-06-05T15:58:05,83.898155,-30.612871,nan
2024-06-05T15:58:05,83.898148,-30.612917,nan
2024-06-05T15:58:04,83.898132,-30.612961,nan
2024-06-05T15:58:04,83.898125,-30.613003,nan
2024-06-05T15:58:03,83.898117,-30.613047,nan
2024-06-05T15:58:03,83.898102,-30.613091,nan
2024-06-05T15:58:02,83.898094,-30.613136,nan
2024-06-05T15:58:02,83.898087,-30.613182,nan
2024-06-05T15:58:01,83.898071,-30.613232,nan
2024-06-05T15:58:01,83.898064,-30.613281,nan
2024-06-05T15:58:00,83.898048,-30.613337,nan
2024-06-05T15:58:00,83.898041,-30.613392,nan
2024-06-05T15:57:59,83.898026,-30.613449,nan
2024-06-05T15:57:59,83.898018,-30.613508,nan
2024-06-05T15:57:58,83.898003,-30.613565,nan
2024-06-05T15:57:58,83.897995,-30.613626,nan
2024-06-05T15:57:57,83.897980,-30.613682,nan
2024-06-05T15:57:57,83.897972,-30.613737,nan
2024-06-05T15:57:56,83.897964,-30.613792,nan
2024-06-05T15:57:56,83.897949,-30.613852,nan
2024-06-05T15:57:55,83.897942,-30.613911,nan
2024-06-05T15:57:55,83.897926,-30.613968,nan
2024-06-05T15:57:54,83.897919,-30.614027,nan
2024-06-05T15:57:54,83.897911,-30.614084,nan
2024-06-05T15:57:53,83.897896,-30.614143,nan
2024-06-05T15:57:53,83.897888,-30.614202,nan
2024-06-05T15:57:52,83.897881,-30.614262,nan
2024-06-05T15:57:52,83.897865,-30.614323,nan
2024-06-05T15:57:51,83.897858,-30.614386,nan
2024-06-05T15:57:51,83.897842,-30.614447,nan
2024-06-05T15:57:50,83.897835,-30.614506,nan
2024-06-05T15:57:50,83.897820,-30.614565,nan
2024-06-05T15:57:49,83.897804,-30.614626,nan
2024-06-05T15:57:49,83.897797,-30.614685,nan
2024-06-05T15:57:48,83.897781,-30.614748,nan
2024-06-05T15:57:48,83.897766,-30.614809,nan
2024-06-05T15:57:47,83.897751,-30.614874,nan
2024-06-05T15:57:47,83.897736,-30.614939,nan
2024-06-05T15:57:46,83.897728,-30.615000,nan
2024-06-05T15:57:46,83.897713,-30.615065,nan
2024-06-05T15:57:45,83.897697,-30.615126,nan
2024-06-05T15:57:45,83.897682,-30.615187,nan
2024-06-05T15:57:44,83.897675,-30.615246,nan
2024-06-05T15:57:44,83.897659,-30.615305,nan
2024-06-05T15:57:43,83.897652,-30.615366,nan
2024-06-05T15:57:43,83.897636,-30.615429,nan
2024-06-05T15:57:42,83.897621,-30.615490,nan
2024-06-05T15:57:42,83.897606,-30.615549,nan
2024-06-05T15:57:41,83.897598,-30.615606,nan
2024-06-05T15:57:41,83.897583,-30.615662,nan
2024-06-05T15:57:40,83.897568,-30.615717,nan
2024-06-05T15:57:40,83.897560,-30.615768,nan
2024-06-05T15:57:39,83.897545,-30.615820,nan
2024-06-05T15:57:39,83.897537,-30.615871,nan
2024-06-05T15:57:38,83.897522,-30.615925,nan
2024-06-05T15:57:38,83.897507,-30.615978,nan
2024-06-05T15:57:37,83.897499,-30.616035,nan
2024-06-05T15:57:37,83.897484,-30.616093,nan
2024-06-05T15:57:36,83.897476,-30.616154,nan
2024-06-05T15:57:36,83.897461,-30.616215,nan
2024-06-05T15:57:35,83.897446,-30.616276,nan
2024-06-05T15:57:35,83.897438,-30.616337,nan
2024-06-05T15:57:34,83.897423,-30.616400,nan
2024-06-05T15:57:34,83.897415,-30.616465,nan
2024-06-05T15:57:33,83.897400,-30.616529,nan
2024-06-05T15:57:33,83.897392,-30.616596,nan
2024-06-05T15:57:32,83.897377,-30.616665,nan
2024-06-05T15:57:32,83.897369,-30.616734,nan
2024-06-05T15:57:31,83.897354,-30.616804,nan
2024-06-05T15:57:31,83.897346,-30.616879,nan
2024-06-05T15:57:30,83.897331,-30.616955,nan
2024-06-05T15:57:30,83.897324,-30.617029,nan
2024-06-05T15:57:29,83.897316,-30.617104,nan
2024-06-05T15:57:29,83.897301,-30.617180,nan
2024-06-05T15:57:28,83.897293,-30.617254,nan
2024-06-05T15:57:28,83.897285,-30.617331,nan
2024-06-05T15:57:27,83.897278,-30.617407,nan
2024-06-05T15:57:27,83.897263,-30.617479,nan
2024-06-05T15:57:26,83.897255,-30.617556,nan
2024-06-05T15:57:26,83.897247,-30.617636,nan
2024-06-05T15:57:25,83.897240,-30.617718,nan
2024-06-05T15:57:25,83.897224,-30.617798,nan
2024-06-05T15:57:24,83.897217,-30.617880,nan
2024-06-05T15:57:24,83.897202,-30.617962,nan
2024-06-05T15:57:23,83.897194,-30.618044,nan
2024-06-05T15:57:23,83.897179,-30.618122,nan
2024-06-05T15:57:22,83.897171,-30.618198,nan
2024-06-05T15:57:22,83.897163,-30.618275,nan
2024-06-05T15:57:21,83.897148,-30.618349,nan
2024-06-05T15:57:21,83.897141,-30.618425,nan
2024-06-05T15:57:20,83.897125,-30.618500,nan
2024-06-05T15:57:20,83.897118,-30.618570,nan
2024-06-05T15:57:19,83.897102,-30.618643,nan
2024-06-05T15:57:19,83.897095,-30.618711,nan
2024-06-05T15:57:18,83.897079,-30.618778,nan
2024-06-05T15:57:18,83.897072,-30.618841,nan
2024-06-05T15:57:17,83.897064,-30.618904,nan
2024-06-05T15:57:17,83.897049,-30.618965,nan
2024-06-05T15:57:16,83.897041,-30.619026,nan
2024-06-05T15:57:16,83.897026,-30.619081,nan
2024-06-05T15:57:15,83.897018,-30.619139,nan
2024-06-05T15:57:15,83.897003,-30.619192,nan
2024-06-05T15:57:14,83.896996,-30.619246,nan
2024-06-05T15:57:14,83.896980,-30.619301,nan
2024-06-05T15:57:13,83.896973,-30.619356,nan
2024-06-05T15:57:13,83.896957,-30.619417,nan
2024-06-05T15:57:12,83.896950,-30.619484,nan
2024-06-05T15:57:12,83.896935,-30.619555,nan
2024-06-05T15:57:11,83.896919,-30.619637,nan
2024-06-05T15:57:11,83.896912,-30.619728,nan
2024-06-05T15:57:10,83.896896,-30.619835,nan
2024-06-05T15:57:10,83.896881,-30.619946,nan
2024-06-05T15:57:09,83.896873,-30.620062,nan
2024-06-05T15:57:09,83.896858,-30.620186,nan
2024-06-05T15:57:08,83.896851,-30.620308,nan
2024-06-05T15:57:08,83.896835,-30.620432,nan
2024-06-05T15:57:07,83.896820,-30.620556,nan
2024-06-05T15:57:07,83.896805,-30.620684,nan
2024-06-05T15:57:06,83.896790,-30.620813,nan
2024-06-05T15:57:06,83.896774,-30.620945,nan
2024-06-05T15:57:05,83.896767,-30.621077,nan
2024-06-05T15:57:05,83.896751,-30.621208,nan
2024-06-05T15:57:04,83.896736,-30.621342,nan
2024-06-05T15:57:04,83.896721,-30.621475,nan
2024-06-05T15:57:03,83.896706,-30.621611,nan
2024-06-05T15:57:03,83.896698,-30.621748,nan
2024-06-05T15:57:02,83.896683,-30.621891,nan
2024-06-05T15:57:02,83.896667,-30.622038,nan
2024-06-05T15:57:01,83.896652,-30.622190,nan
2024-06-05T15:57:01,83.896645,-30.622347,nan
2024-06-05T15:57:00,83.896629,-30.622511,nan
2024-06-05T15:57:00,83.896622,-30.622675,nan
2024-06-05T15:56:59,83.896606,-30.622845,nan
2024-06-05T15:56:59,83.896591,-30.623018,nan
2024-06-05T15:56:58,83.896584,-30.623198,nan
2024-06-05T15:56:58,83.896576,-30.623379,nan
2024-06-05T15:56:57,83.896561,-30.623564,nan
2024-06-05T15:56:57,83.896553,-30.623751,nan
2024-06-05T15:56:56,83.896545,-30.623938,nan
2024-06-05T15:56:56,83.896538,-30.624126,nan
2024-06-05T15:56:55,83.896530,-30.624317,nan
2024-06-05T15:56:55,83.896523,-30.624514,nan
2024-06-05T15:56:54,83.896515,-30.624708,nan
2024-06-05T15:56:54,83.896507,-30.624907,nan
2024-06-05T15:56:53,83.896500,-30.625109,nan
2024-06-05T15:56:53,83.896492,-30.625313,nan
2024-06-05T15:56:52,83.896484,-30.625517,nan
2024-06-05T15:56:52,83.896477,-30.625719,nan
2024-06-05T15:56:51,83.896461,-30.625923,nan
2024-06-05T15:56:51,83.896454,-30.626129,nan
2024-06-05T15:56:50,83.896446,-30.626337,nan
2024-06-05T15:56:50,83.896431,-30.626547,nan
2024-06-05T15:56:49,83.896416,-30.626759,nan
2024-06-05T15:56:49,83.896400,-30.626970,nan
2024-06-05T15:56:48,83.896385,-30.627188,nan
2024-06-05T15:56:48,83.896378,-30.627403,nan
2024-06-05T15:56:47,83.896362,-30.627623,nan
2024-06-05T15:56:47,83.896347,-30.627831,nan
2024-06-05T15:56:46,83.896324,-30.628040,nan
2024-06-05T15:56:46,83.896309,-30.628244,nan
2024-06-05T15:56:45,83.896294,-30.628443,nan
2024-06-05T15:56:45,83.896278,-30.628639,nan
2024-06-05T15:56:44,83.896263,-30.628834,nan
2024-06-05T15:56:44,83.896240,-30.629023,nan
2024-06-05T15:56:43,83.896225,-30.629210,nan
2024-06-05T15:56:43,83.896202,-30.629398,nan
2024-06-05T15:56:42,83.896187,-30.629583,nan
2024-06-05T15:56:42,83.896164,-30.629765,nan
2024-06-05T15:56:41,83.896141,-30.629938,nan
2024-06-05T15:56:41,83.896118,-30.630108,nan
2024-06-05T15:56:40,83.896095,-30.630278,nan
2024-06-05T15:56:40,83.896072,-30.630445,nan
2024-06-05T15:56:39,83.896049,-30.630611,nan
2024-06-05T15:56:39,83.896027,-30.630777,nan
2024-06-05T15:56:38,83.896004,-30.630943,nan
2024-06-05T15:56:38,83.895973,-30.631107,nan
2024-06-05T15:56:37,83.895950,-30.631271,nan
2024-06-05T15:56:37,83.895927,-30.631430,nan
2024-06-05T15:56:36,83.895905,-30.631578,nan
2024-06-05T15:56:36,83.895874,-30.631723,nan
2024-06-05T15:56:35,83.895851,-30.631866,nan
2024-06-05T15:56:35,83.895828,-30.632006,nan
2024-06-05T15:56:34,83.895798,-30.632141,nan
2024-06-05T15:56:34,83.895775,-30.632273,nan
2024-06-05T15:56:33,83.895744,-30.632399,nan
2024-06-05T15:56:33,83.895721,-30.632526,nan
2024-06-05T15:56:32,83.895691,-30.632652,nan
2024-06-05T15:56:32,83.895668,-30.632782,nan
2024-06-05T15:56:31,83.895638,-30.632914,nan
2024-06-05T15:56:31,83.895607,-30.633051,nan
2024-06-05T15:56:30,83.895584,-30.633188,nan
2024-06-05T15:56:30,83.895554,-30.633333,nan
2024-06-05T15:56:29,83.895531,-30.633488,nan
2024-06-05T15:56:29,83.895500,-30.633644,nan
2024-06-05T15:56:28,83.895477,-30.633806,nan
2024-06-05T15:56:28,83.895447,-30.633974,nan
2024-06-05T15:56:27,83.895416,-30.634150,nan
2024-06-05T15:56:27,83.895393,-30.634327,nan
2024-06-05T15:56:26,83.895363,-30.634508,nan
2024-06-05T15:56:26,83.895332,-30.634689,nan
2024-06-05T15:56:25,83.895309,-30.634869,nan
2024-06-05T15:56:25,83.895279,-30.635050,nan
2024-06-05T15:56:24,83.895256,-30.635227,nan
2024-06-05T15:56:24,83.895233,-30.635406,nan
2024-06-05T15:56:23,83.895203,-30.635580,nan
2024-06-05T15:56:23,83.895180,-30.635748,nan
2024-06-05T15:56:22,83.895157,-30.635912,nan
2024-06-05T15:56:22,83.895134,-30.636068,nan
2024-06-05T15:56:21,83.895111,-30.636209,nan
2024-06-05T15:56:21,83.895088,-30.636332,nan
2024-06-05T15:56:20,83.895065,-30.636448,nan
2024-06-05T15:56:20,83.895042,-30.636545,nan
2024-06-05T15:56:19,83.895027,-30.636629,nan
2024-06-05T15:56:19,83.895004,-30.636700,nan
2024-06-05T15:56:18,83.894989,-30.636761,nan
2024-06-05T15:56:18,83.894966,-30.636818,nan
2024-06-05T15:56:17,83.894943,-30.636868,nan
2024-06-05T15:56:17,83.894928,-30.636919,nan
2024-06-05T15:56:16,83.894905,-30.636972,nan
2024-06-05T15:56:16,83.894882,-30.637033,nan
2024-06-05T15:56:15,83.894859,-30.637100,nan
2024-06-05T15:56:15,83.894836,-30.637173,nan
2024-06-05T15:56:14,83.894814,-30.637249,nan
2024-06-05T15:56:14,83.894798,-30.637329,nan
2024-06-05T15:56:13,83.894775,-30.637417,nan
2024-06-05T15:56:13,83.894753,-30.637499,nan
2024-06-05T15:56:12,83.894737,-30.637585,nan
2024-06-05T15:56:12,83.894714,-30.637669,nan
2024-06-05T15:56:11,83.894699,-30.637753,nan
2024-06-05T15:56:11,83.894676,-30.637833,nan
2024-06-05T15:56:10,83.894661,-30.637903,nan
2024-06-05T15:56:10,83.894646,-30.637974,nan
2024-06-05T15:56:09,83.894623,-30.638042,nan
2024-06-05T15:56:09,83.894608,-30.638105,nan
2024-06-05T15:56:08,83.894585,-30.638170,nan
2024-06-05T15:56:08,83.894569,-30.638235,nan
2024-06-05T15:56:07,83.894547,-30.638306,nan
2024-06-05T15:56:07,83.894531,-30.638376,nan
2024-06-05T15:56:06,83.894508,-30.638456,nan
2024-06-05T15:56:06,83.894485,-30.638540,nan
2024-06-05T15:56:05,83.894463,-30.638634,nan
2024-06-05T15:56:05,83.894440,-30.638729,nan
2024-06-05T15:56:04,83.894424,-30.638836,nan
2024-06-05T15:56:04,83.894402,-30.638948,nan
2024-06-05T15:56:03,83.894371,-30.639067,nan
2024-06-05T15:56:03,83.894348,-30.639189,nan
2024-06-05T15:56:02,83.894325,-30.639324,nan
2024-06-05T15:56:02,83.894295,-30.639471,nan
2024-06-05T15:56:01,83.894272,-30.639626,nan
2024-06-05T15:56:01,83.894241,-30.639782,nan
2024-06-05T15:56:00,83.894218,-30.639944,nan
2024-06-05T15:56:00,83.894188,-30.640114,nan
2024-06-05T15:55:59,83.894165,-30.640282,nan
2024-06-05T15:55:59,83.894142,-30.640457,nan
2024-06-05T15:55:58,83.894119,-30.640638,nan
2024-06-05T15:55:58,83.894096,-30.640821,nan
2024-06-05T15:55:57,83.894073,-30.641014,nan
2024-06-05T15:55:57,83.894051,-30.641207,nan
2024-06-05T15:55:56,83.894035,-30.641397,nan
2024-06-05T15:55:56,83.894012,-30.641590,nan
2024-06-05T15:55:55,83.893990,-30.641781,nan
2024-06-05T15:55:55,83.893974,-30.641975,nan
2024-06-05T15:55:54,83.893959,-30.642162,nan
2024-06-05T15:55:54,83.893944,-30.642349,nan
2024-06-05T15:55:53,83.893921,-30.642532,nan
2024-06-05T15:55:53,83.893906,-30.642712,nan
2024-06-05T15:55:52,83.893890,-30.642883,nan
2024-06-05T15:55:52,83.893883,-30.643045,nan
2024-06-05T15:55:51,83.893867,-30.643198,nan
2024-06-05T15:55:51,83.893852,-30.643341,nan
2024-06-05T15:55:50,83.893837,-30.643473,nan
2024-06-05T15:55:50,83.893822,-30.643593,nan
2024-06-05T15:55:49,83.893806,-30.643702,nan
2024-06-05T15:55:49,83.893791,-30.643806,nan
2024-06-05T15:55:48,83.893776,-30.643906,nan
2024-06-05T15:55:48,83.893761,-30.644005,nan
2024-06-05T15:55:47,83.893753,-30.644098,nan
2024-06-05T15:55:47,83.893738,-30.644194,nan
2024-06-05T15:55:46,83.893723,-30.644289,nan
2024-06-05T15:55:46,83.893700,-30.644382,nan
2024-06-05T15:55:45,83.893684,-30.644470,nan
2024-06-05T15:55:45,83.893669,-30.644554,nan
2024-06-05T15:55:44,83.893646,-30.644634,nan
2024-06-05T15:55:44,83.893623,-30.644709,nan
2024-06-05T15:55:43,83.893608,-30.644781,nan
2024-06-05T15:55:43,83.893585,-30.644859,nan
2024-06-05T15:55:42,83.893562,-30.644936,nan
2024-06-05T15:55:42,83.893539,-30.645027,nan
2024-06-05T15:55:41,83.893517,-30.645124,nan
2024-06-05T15:55:41,83.893494,-30.645229,nan
2024-06-05T15:55:40,83.893471,-30.645344,nan
2024-06-05T15:55:40,83.893440,-30.645458,nan
2024-06-05T15:55:39,83.893417,-30.645575,nan
2024-06-05T15:55:39,83.893394,-30.645697,nan
2024-06-05T15:55:38,83.893372,-30.645823,nan
2024-06-05T15:55:38,83.893341,-30.645960,nan
2024-06-05T15:55:37,83.893318,-30.646103,nan
2024-06-05T15:55:37,83.893295,-30.646259,nan
2024-06-05T15:55:36,83.893272,-30.646429,nan
2024-06-05T15:55:36,83.893257,-30.646601,nan
2024-06-05T15:55:35,83.893242,-30.646774,nan
2024-06-05T15:55:35,83.893227,-30.646946,nan
2024-06-05T15:55:34,83.893211,-30.647118,nan
2024-06-05T15:55:34,83.893196,-30.647282,nan
2024-06-05T15:55:33,83.893188,-30.647438,nan
2024-06-05T15:55:33,83.893181,-30.647585,nan
2024-06-05T15:55:32,83.893173,-30.647713,nan
2024-06-05T15:55:32,83.893166,-30.647825,nan
2024-06-05T15:55:31,83.893158,-30.647917,nan
2024-06-05T15:55:31,83.893150,-30.647999,nan
2024-06-05T15:55:30,83.893150,-30.648066,nan
2024-06-05T15:55:30,83.893143,-30.648113,nan
2024-06-05T15:55:29,83.893143,-30.648146,nan
2024-06-05T15:55:29,83.893135,-30.648161,nan
2024-06-05T15:55:28,83.893127,-30.648161,nan
2024-06-05T15:55:28,83.893127,-30.648149,nan
2024-06-05T15:55:27,83.893120,-30.648132,nan
2024-06-05T15:55:27,83.893112,-30.648104,nan
2024-06-05T15:55:26,83.893105,-30.648069,nan
2024-06-05T15:55:26,83.893097,-30.648026,nan
2024-06-05T15:55:25,83.893089,-30.647968,nan
2024-06-05T15:55:25,83.893082,-30.647902,nan
2024-06-05T15:55:24,83.893066,-30.647827,nan
2024-06-05T15:55:24,83.893059,-30.647745,nan
2024-06-05T15:55:23,83.893044,-30.647661,nan
2024-06-05T15:55:23,83.893028,-30.647581,nan
2024-06-05T15:55:22,83.893005,-30.647499,nan
2024-06-05T15:55:22,83.892990,-30.647415,nan
2024-06-05T15:55:21,83.892967,-30.647327,nan
2024-06-05T15:55:21,83.892944,-30.647238,nan
2024-06-05T15:55:20,83.892921,-30.647141,nan
2024-06-05T15:55:20,83.892891,-30.647055,nan
2024-06-05T15:55:19,83.892868,-30.646996,nan
2024-06-05T15:55:19,83.892845,-30.646975,nan
2024-06-05T15:55:18,83.892815,-30.646954,nan
2024-06-05T15:55:18,83.892792,-30.646923,nan
2024-06-05T15:55:17,83.892761,-30.646898,nan
2024-06-05T15:55:17,83.892738,-30.646894,nan
2024-06-05T15:55:16,83.892715,-30.646894,nan
2024-06-05T15:55:16,83.892685,-30.646914,nan
2024-06-05T15:55:15,83.892654,-30.646950,nan
2024-06-05T15:55:15,83.892632,-30.647011,nan
2024-06-05T15:55:14,83.892593,-30.647055,nan
2024-06-05T15:55:14,83.892563,-30.647114,nan
2024-06-05T15:55:13,83.892532,-30.647192,nan
2024-06-05T15:55:13,83.892509,-30.647305,nan
2024-06-05T15:55:12,83.892479,-30.647560,nan
2024-06-05T15:55:12,83.892441,-30.648071,nan
2024-06-05T15:55:11,83.892403,-30.649275,nan
2024-06-05T15:55:11,83.892372,-30.650915,nan
2024-06-05T15:55:10,83.892342,-30.653975,nan
2024-06-05T15:55:10,83.892365,-30.656843,nan
2024-06-05T15:55:09,83.892342,-30.658997,nan
2024-06-05T15:55:09,83.892303,-30.660522,nan
2024-06-05T15:55:06,83.891907,-30.653826,nan
2024-06-05T15:55:05,83.891815,-30.645964,nan
2024-06-05T15:55:05,83.891708,-30.637880,nan
