datetime,lat,lon,elev
2024-08-08T14:27:24,83.663902,-60.667496,nan
2024-08-08T14:27:22,83.663910,-60.667740,nan
2024-08-08T14:27:22,83.663918,-60.667831,nan
2024-08-08T14:27:21,83.663925,-60.667919,nan
2024-08-08T14:27:21,83.663925,-60.668011,nan
2024-08-08T14:27:20,83.663933,-60.668106,nan
2024-08-08T14:27:20,83.663940,-60.668198,nan
2024-08-08T14:27:19,83.663940,-60.668285,nan
2024-08-08T14:27:19,83.663948,-60.668377,nan
2024-08-08T14:27:18,83.663956,-60.668465,nan
2024-08-08T14:27:18,83.663956,-60.668552,nan
2024-08-08T14:27:17,83.663963,-60.668640,nan
2024-08-08T14:27:17,83.663971,-60.668728,nan
2024-08-08T14:27:16,83.663979,-60.668816,nan
2024-08-08T14:27:16,83.663986,-60.668900,nan
2024-08-08T14:27:15,83.663986,-60.668980,nan
2024-08-08T14:27:15,83.663994,-60.669064,nan
2024-08-08T14:27:14,83.664001,-60.669151,nan
2024-08-08T14:27:14,83.664009,-60.669243,nan
2024-08-08T14:27:13,83.664017,-60.669334,nan
2024-08-08T14:27:13,83.664024,-60.669430,nan
2024-08-08T14:27:12,83.664032,-60.669521,nan
2024-08-08T14:27:12,83.664040,-60.669609,nan
2024-08-08T14:27:11,83.664047,-60.669697,nan
2024-08-08T14:27:11,83.664055,-60.669785,nan
2024-08-08T14:27:10,83.664062,-60.669872,nan
2024-08-08T14:27:10,83.664070,-60.669964,nan
2024-08-08T14:27:09,83.664078,-60.670052,nan
2024-08-08T14:27:09,83.664085,-60.670139,nan
2024-08-08T14:27:08,83.664093,-60.670223,nan
2024-08-08T14:27:08,83.664101,-60.670315,nan
2024-08-08T14:27:07,83.664108,-60.670403,nan
2024-08-08T14:27:07,83.664116,-60.670490,nan
2024-08-08T14:27:06,83.664124,-60.670582,nan
2024-08-08T14:27:06,83.664131,-60.670670,nan
2024-08-08T14:27:05,83.664139,-60.670753,nan
2024-08-08T14:27:05,83.664146,-60.670841,nan
2024-08-08T14:27:04,83.664154,-60.670933,nan
2024-08-08T14:27:04,83.664162,-60.671028,nan
2024-08-08T14:27:03,83.664169,-60.671124,nan
2024-08-08T14:27:03,83.664177,-60.671215,nan
2024-08-08T14:27:02,83.664185,-60.671310,nan
2024-08-08T14:27:02,83.664185,-60.671402,nan
2024-08-08T14:27:01,83.664192,-60.671497,nan
2024-08-08T14:27:01,83.664200,-60.671593,nan
2024-08-08T14:27:00,83.664207,-60.671688,nan
2024-08-08T14:27:00,83.664215,-60.671783,nan
2024-08-08T14:26:59,83.664223,-60.671875,nan
2024-08-08T14:26:59,83.664223,-60.671970,nan
2024-08-08T14:26:58,83.664230,-60.672066,nan
2024-08-08T14:26:58,83.664238,-60.672157,nan
2024-08-08T14:26:57,83.664246,-60.672253,nan
2024-08-08T14:26:57,83.664246,-60.672340,nan
2024-08-08T14:26:56,83.664253,-60.672428,nan
2024-08-08T14:26:56,83.664253,-60.672516,nan
2024-08-08T14:26:55,83.664261,-60.672607,nan
2024-08-08T14:26:55,83.664268,-60.672695,nan
2024-08-08T14:26:54,83.664276,-60.672783,nan
2024-08-08T14:26:54,83.664284,-60.672871,nan
2024-08-08T14:26:53,83.664291,-60.672962,nan
2024-08-08T14:26:53,83.664291,-60.673054,nan
2024-08-08T14:26:52,83.664299,-60.673145,nan
2024-08-08T14:26:52,83.664307,-60.673244,nan
2024-08-08T14:26:51,83.664314,-60.673344,nan
2024-08-08T14:26:51,83.664322,-60.673439,nan
2024-08-08T14:26:50,83.664330,-60.673538,nan
2024-08-08T14:26:50,83.664345,-60.673637,nan
2024-08-08T14:26:49,83.664352,-60.673744,nan
2024-08-08T14:26:49,83.664360,-60.673859,nan
2024-08-08T14:26:48,83.664368,-60.673977,nan
2024-08-08T14:26:48,83.664375,-60.674095,nan
2024-08-08T14:26:47,83.664375,-60.674221,nan
2024-08-08T14:26:47,83.664383,-60.674355,nan
2024-08-08T14:26:46,83.664391,-60.674496,nan
2024-08-08T14:26:46,83.664398,-60.674641,nan
2024-08-08T14:26:45,83.664398,-60.674793,nan
2024-08-08T14:26:45,83.664406,-60.674946,nan
2024-08-08T14:26:44,83.664413,-60.675098,nan
2024-08-08T14:26:44,83.664413,-60.675255,nan
2024-08-08T14:26:43,83.664421,-60.675404,nan
2024-08-08T14:26:43,83.664429,-60.675556,nan
2024-08-08T14:26:42,83.664429,-60.675709,nan
2024-08-08T14:26:42,83.664436,-60.675854,nan
2024-08-08T14:26:41,83.664436,-60.675995,nan
2024-08-08T14:26:41,83.664436,-60.676140,nan
2024-08-08T14:26:40,83.664444,-60.676281,nan
2024-08-08T14:26:40,83.664444,-60.676418,nan
2024-08-08T14:26:39,83.664444,-60.676552,nan
2024-08-08T14:26:39,83.664452,-60.676678,nan
2024-08-08T14:26:38,83.664452,-60.676800,nan
2024-08-08T14:26:38,83.664452,-60.676926,nan
2024-08-08T14:26:37,83.664452,-60.677048,nan
2024-08-08T14:26:37,83.664452,-60.677166,nan
2024-08-08T14:26:36,83.664452,-60.677280,nan
2024-08-08T14:26:36,83.664452,-60.677399,nan
2024-08-08T14:26:35,83.664459,-60.677513,nan
2024-08-08T14:26:35,83.664459,-60.677628,nan
2024-08-08T14:26:34,83.664459,-60.677746,nan
2024-08-08T14:26:34,83.664452,-60.677853,nan
2024-08-08T14:26:33,83.664452,-60.677963,nan
2024-08-08T14:26:33,83.664452,-60.678074,nan
2024-08-08T14:26:32,83.664452,-60.678188,nan
2024-08-08T14:26:32,83.664452,-60.678307,nan
2024-08-08T14:26:31,83.664444,-60.678429,nan
2024-08-08T14:26:31,83.664444,-60.678551,nan
2024-08-08T14:26:30,83.664444,-60.678669,nan
2024-08-08T14:26:30,83.664444,-60.678791,nan
2024-08-08T14:26:29,83.664436,-60.678917,nan
2024-08-08T14:26:29,83.664436,-60.679047,nan
2024-08-08T14:26:28,83.664436,-60.679298,nan
2024-08-08T14:26:27,83.664436,-60.679424,nan
2024-08-08T14:26:27,83.664436,-60.679550,nan
2024-08-08T14:26:26,83.664436,-60.679680,nan
2024-08-08T14:26:26,83.664436,-60.679810,nan
2024-08-08T14:26:25,83.664436,-60.679947,nan
2024-08-08T14:26:25,83.664436,-60.680084,nan
2024-08-08T14:26:24,83.664436,-60.680225,nan
2024-08-08T14:26:24,83.664436,-60.680367,nan
2024-08-08T14:26:23,83.664436,-60.680515,nan
2024-08-08T14:26:23,83.664436,-60.680664,nan
2024-08-08T14:26:22,83.664436,-60.680809,nan
2024-08-08T14:26:22,83.664436,-60.680954,nan
2024-08-08T14:26:21,83.664444,-60.681095,nan
2024-08-08T14:26:21,83.664444,-60.681240,nan
2024-08-08T14:26:20,83.664444,-60.681385,nan
2024-08-08T14:26:20,83.664444,-60.681526,nan
2024-08-08T14:26:19,83.664444,-60.681667,nan
2024-08-08T14:26:19,83.664444,-60.681805,nan
2024-08-08T14:26:18,83.664444,-60.681942,nan
2024-08-08T14:26:18,83.664444,-60.682083,nan
2024-08-08T14:26:17,83.664444,-60.682224,nan
2024-08-08T14:26:17,83.664444,-60.682369,nan
2024-08-08T14:26:16,83.664452,-60.682514,nan
2024-08-08T14:26:16,83.664452,-60.682655,nan
2024-08-08T14:26:15,83.664452,-60.682800,nan
2024-08-08T14:26:15,83.664444,-60.682957,nan
2024-08-08T14:26:14,83.664444,-60.683109,nan
2024-08-08T14:26:14,83.664444,-60.683270,nan
2024-08-08T14:26:13,83.664444,-60.683430,nan
2024-08-08T14:26:13,83.664436,-60.683594,nan
2024-08-08T14:26:12,83.664436,-60.683758,nan
2024-08-08T14:26:12,83.664436,-60.683926,nan
2024-08-08T14:26:11,83.664429,-60.684097,nan
2024-08-08T14:26:11,83.664429,-60.684273,nan
2024-08-08T14:26:10,83.664421,-60.684444,nan
2024-08-08T14:26:10,83.664421,-60.684624,nan
2024-08-08T14:26:09,83.664413,-60.684803,nan
2024-08-08T14:26:09,83.664413,-60.684986,nan
2024-08-08T14:26:08,83.664406,-60.685173,nan
2024-08-08T14:26:08,83.664398,-60.685356,nan
2024-08-08T14:26:07,83.664391,-60.685539,nan
2024-08-08T14:26:07,83.664391,-60.685722,nan
2024-08-08T14:26:06,83.664383,-60.685905,nan
2024-08-08T14:26:06,83.664375,-60.686085,nan
2024-08-08T14:26:05,83.664368,-60.686264,nan
2024-08-08T14:26:05,83.664360,-60.686440,nan
2024-08-08T14:26:04,83.664352,-60.686623,nan
2024-08-08T14:26:04,83.664345,-60.686798,nan
2024-08-08T14:26:03,83.664337,-60.686977,nan
2024-08-08T14:26:03,83.664330,-60.687153,nan
2024-08-08T14:26:02,83.664322,-60.687332,nan
2024-08-08T14:26:02,83.664314,-60.687519,nan
2024-08-08T14:26:01,83.664307,-60.687706,nan
2024-08-08T14:26:01,83.664299,-60.687901,nan
2024-08-08T14:26:00,83.664291,-60.688095,nan
2024-08-08T14:26:00,83.664284,-60.688297,nan
2024-08-08T14:25:59,83.664276,-60.688499,nan
2024-08-08T14:25:59,83.664268,-60.688709,nan
2024-08-08T14:25:58,83.664261,-60.688931,nan
2024-08-08T14:25:58,83.664253,-60.689156,nan
2024-08-08T14:25:57,83.664246,-60.689377,nan
2024-08-08T14:25:57,83.664238,-60.689606,nan
2024-08-08T14:25:56,83.664230,-60.689838,nan
2024-08-08T14:25:56,83.664223,-60.690079,nan
2024-08-08T14:25:55,83.664223,-60.690327,nan
2024-08-08T14:25:55,83.664215,-60.690571,nan
2024-08-08T14:25:54,83.664207,-60.690819,nan
2024-08-08T14:25:54,83.664207,-60.691071,nan
2024-08-08T14:25:53,83.664200,-60.691334,nan
2024-08-08T14:25:53,83.664192,-60.691597,nan
2024-08-08T14:25:52,83.664192,-60.691860,nan
2024-08-08T14:25:52,83.664185,-60.692123,nan
2024-08-08T14:25:51,83.664177,-60.692387,nan
2024-08-08T14:25:51,83.664169,-60.692654,nan
2024-08-08T14:25:50,83.664169,-60.692917,nan
2024-08-08T14:25:50,83.664162,-60.693176,nan
2024-08-08T14:25:49,83.664154,-60.693436,nan
2024-08-08T14:25:49,83.664146,-60.693695,nan
2024-08-08T14:25:48,83.664139,-60.693954,nan
2024-08-08T14:25:48,83.664124,-60.694214,nan
2024-08-08T14:25:47,83.664116,-60.694469,nan
2024-08-08T14:25:47,83.664108,-60.694721,nan
2024-08-08T14:25:46,83.664101,-60.694969,nan
2024-08-08T14:25:46,83.664093,-60.695217,nan
2024-08-08T14:25:45,83.664078,-60.695461,nan
2024-08-08T14:25:45,83.664070,-60.695705,nan
2024-08-08T14:25:44,83.664062,-60.695950,nan
2024-08-08T14:25:44,83.664047,-60.696190,nan
2024-08-08T14:25:43,83.664040,-60.696426,nan
2024-08-08T14:25:43,83.664032,-60.696663,nan
2024-08-08T14:25:42,83.664017,-60.696896,nan
2024-08-08T14:25:42,83.664009,-60.697128,nan
2024-08-08T14:25:41,83.663994,-60.697350,nan
2024-08-08T14:25:41,83.663986,-60.697575,nan
2024-08-08T14:25:40,83.663971,-60.697796,nan
2024-08-08T14:25:40,83.663963,-60.698017,nan
2024-08-08T14:25:39,83.663948,-60.698242,nan
2024-08-08T14:25:39,83.663940,-60.698471,nan
2024-08-08T14:25:38,83.663925,-60.698696,nan
2024-08-08T14:25:38,83.663910,-60.698921,nan
2024-08-08T14:25:37,83.663902,-60.699150,nan
2024-08-08T14:25:37,83.663887,-60.699387,nan
2024-08-08T14:25:36,83.663872,-60.699623,nan
2024-08-08T14:25:36,83.663857,-60.699867,nan
2024-08-08T14:25:35,83.663849,-60.700108,nan
2024-08-08T14:25:35,83.663834,-60.700348,nan
2024-08-08T14:25:34,83.663818,-60.700584,nan
2024-08-08T14:25:34,83.663811,-60.700825,nan
2024-08-08T14:25:33,83.663795,-60.701061,nan
2024-08-08T14:25:33,83.663780,-60.701298,nan
2024-08-08T14:25:32,83.663773,-60.701527,nan
2024-08-08T14:25:32,83.663757,-60.701759,nan
2024-08-08T14:25:31,83.663750,-60.701996,nan
2024-08-08T14:25:31,83.663734,-60.702232,nan
2024-08-08T14:25:30,83.663719,-60.702477,nan
2024-08-08T14:25:30,83.663712,-60.702728,nan
2024-08-08T14:25:29,83.663696,-60.702972,nan
2024-08-08T14:25:29,83.663681,-60.703213,nan
2024-08-08T14:25:28,83.663666,-60.703445,nan
2024-08-08T14:25:28,83.663651,-60.703678,nan
2024-08-08T14:25:27,83.663635,-60.703911,nan
2024-08-08T14:25:27,83.663628,-60.704144,nan
2024-08-08T14:25:26,83.663612,-60.704376,nan
2024-08-08T14:25:26,83.663597,-60.704609,nan
2024-08-08T14:25:25,83.663589,-60.704834,nan
2024-08-08T14:25:25,83.663574,-60.705055,nan
2024-08-08T14:25:24,83.663559,-60.705280,nan
2024-08-08T14:25:24,83.663551,-60.705505,nan
2024-08-08T14:25:23,83.663536,-60.705730,nan
2024-08-08T14:25:23,83.663528,-60.705948,nan
2024-08-08T14:25:22,83.663513,-60.706165,nan
2024-08-08T14:25:22,83.663498,-60.706379,nan
2024-08-08T14:25:21,83.663490,-60.706593,nan
2024-08-08T14:25:21,83.663475,-60.706802,nan
2024-08-08T14:25:20,83.663467,-60.707008,nan
2024-08-08T14:25:20,83.663452,-60.707214,nan
2024-08-08T14:25:19,83.663437,-60.707420,nan
2024-08-08T14:25:19,83.663429,-60.707623,nan
2024-08-08T14:25:18,83.663414,-60.707829,nan
2024-08-08T14:25:18,83.663399,-60.708031,nan
2024-08-08T14:25:17,83.663391,-60.708233,nan
2024-08-08T14:25:17,83.663376,-60.708443,nan
2024-08-08T14:25:16,83.663368,-60.708652,nan
2024-08-08T14:25:16,83.663353,-60.708862,nan
2024-08-08T14:25:15,83.663345,-60.709064,nan
2024-08-08T14:25:15,83.663330,-60.709270,nan
2024-08-08T14:25:14,83.663322,-60.709473,nan
2024-08-08T14:25:14,83.663307,-60.709671,nan
2024-08-08T14:25:13,83.663300,-60.709873,nan
2024-08-08T14:25:13,83.663284,-60.710068,nan
2024-08-08T14:25:12,83.663277,-60.710262,nan
2024-08-08T14:25:12,83.663261,-60.710461,nan
2024-08-08T14:25:11,83.663254,-60.710663,nan
2024-08-08T14:25:11,83.663239,-60.710857,nan
2024-08-08T14:25:10,83.663223,-60.711056,nan
2024-08-08T14:25:10,83.663216,-60.711250,nan
2024-08-08T14:25:09,83.663200,-60.711445,nan
2024-08-08T14:25:09,83.663185,-60.711639,nan
2024-08-08T14:25:08,83.663170,-60.711830,nan
2024-08-08T14:25:08,83.663162,-60.712021,nan
2024-08-08T14:25:07,83.663147,-60.712212,nan
2024-08-08T14:25:07,83.663132,-60.712402,nan
2024-08-08T14:25:06,83.663116,-60.712593,nan
2024-08-08T14:25:06,83.663109,-60.712780,nan
2024-08-08T14:25:05,83.663094,-60.712967,nan
2024-08-08T14:25:05,83.663078,-60.713154,nan
2024-08-08T14:25:04,83.663071,-60.713337,nan
2024-08-08T14:25:04,83.663055,-60.713524,nan
2024-08-08T14:25:03,83.663025,-60.713894,nan
2024-08-08T14:25:02,83.663010,-60.714081,nan
2024-08-08T14:25:02,83.662994,-60.714264,nan
2024-08-08T14:25:01,83.662979,-60.714443,nan
2024-08-08T14:25:01,83.662964,-60.714619,nan
2024-08-08T14:25:00,83.662949,-60.714798,nan
2024-08-08T14:25:00,83.662933,-60.714977,nan
2024-08-08T14:24:59,83.662918,-60.715157,nan
2024-08-08T14:24:59,83.662903,-60.715336,nan
2024-08-08T14:24:58,83.662888,-60.715519,nan
2024-08-08T14:24:58,83.662880,-60.715714,nan
2024-08-08T14:24:57,83.662865,-60.715916,nan
2024-08-08T14:24:57,83.662849,-60.716133,nan
2024-08-08T14:24:56,83.662842,-60.716347,nan
2024-08-08T14:24:56,83.662834,-60.716564,nan
2024-08-08T14:24:55,83.662827,-60.716785,nan
2024-08-08T14:24:55,83.662819,-60.717003,nan
2024-08-08T14:24:54,83.662804,-60.717220,nan
2024-08-08T14:24:54,83.662796,-60.717434,nan
2024-08-08T14:24:53,83.662788,-60.717651,nan
2024-08-08T14:24:53,83.662781,-60.717873,nan
2024-08-08T14:24:52,83.662766,-60.718098,nan
2024-08-08T14:24:52,83.662758,-60.718323,nan
2024-08-08T14:24:51,83.662743,-60.718559,nan
2024-08-08T14:24:51,83.662735,-60.718796,nan
2024-08-08T14:24:50,83.662720,-60.719036,nan
2024-08-08T14:24:50,83.662712,-60.719280,nan
2024-08-08T14:24:49,83.662697,-60.719524,nan
2024-08-08T14:24:49,83.662689,-60.719772,nan
2024-08-08T14:24:48,83.662674,-60.720028,nan
2024-08-08T14:24:48,83.662666,-60.720280,nan
2024-08-08T14:24:47,83.662651,-60.720531,nan
2024-08-08T14:24:47,83.662643,-60.720783,nan
2024-08-08T14:24:46,83.662628,-60.721039,nan
2024-08-08T14:24:46,83.662621,-60.721291,nan
2024-08-08T14:24:45,83.662605,-60.721539,nan
2024-08-08T14:24:45,83.662598,-60.721790,nan
2024-08-08T14:24:44,83.662582,-60.722038,nan
2024-08-08T14:24:44,83.662575,-60.722286,nan
2024-08-08T14:24:43,83.662567,-60.722530,nan
2024-08-08T14:24:43,83.662552,-60.722771,nan
2024-08-08T14:24:42,83.662544,-60.723015,nan
2024-08-08T14:24:42,83.662537,-60.723259,nan
2024-08-08T14:24:41,83.662521,-60.723499,nan
2024-08-08T14:24:41,83.662514,-60.723740,nan
2024-08-08T14:24:40,83.662498,-60.723984,nan
2024-08-08T14:24:40,83.662483,-60.724228,nan
2024-08-08T14:24:39,83.662476,-60.724476,nan
2024-08-08T14:24:39,83.662460,-60.724716,nan
2024-08-08T14:24:38,83.662453,-60.724964,nan
2024-08-08T14:24:38,83.662437,-60.725216,nan
2024-08-08T14:24:37,83.662422,-60.725471,nan
2024-08-08T14:24:37,83.662415,-60.725723,nan
2024-08-08T14:24:36,83.662399,-60.725983,nan
2024-08-08T14:24:36,83.662384,-60.726246,nan
2024-08-08T14:24:35,83.662376,-60.726513,nan
2024-08-08T14:24:35,83.662361,-60.726784,nan
2024-08-08T14:24:34,83.662354,-60.727058,nan
2024-08-08T14:24:34,83.662346,-60.727337,nan
2024-08-08T14:24:33,83.662331,-60.727615,nan
2024-08-08T14:24:33,83.662323,-60.727901,nan
2024-08-08T14:24:32,83.662315,-60.728188,nan
2024-08-08T14:24:32,83.662300,-60.728477,nan
2024-08-08T14:24:31,83.662292,-60.728767,nan
2024-08-08T14:24:31,83.662285,-60.729061,nan
2024-08-08T14:24:30,83.662277,-60.729355,nan
2024-08-08T14:24:30,83.662262,-60.729645,nan
2024-08-08T14:24:29,83.662254,-60.729935,nan
2024-08-08T14:24:29,83.662247,-60.730225,nan
2024-08-08T14:24:28,83.662231,-60.730507,nan
2024-08-08T14:24:28,83.662224,-60.730782,nan
2024-08-08T14:24:27,83.662216,-60.731056,nan
2024-08-08T14:24:27,83.662201,-60.731331,nan
2024-08-08T14:24:26,83.662193,-60.731609,nan
2024-08-08T14:24:26,83.662186,-60.731888,nan
2024-08-08T14:24:25,83.662170,-60.732166,nan
2024-08-08T14:24:25,83.662163,-60.732456,nan
2024-08-08T14:24:24,83.662155,-60.732754,nan
2024-08-08T14:24:24,83.662148,-60.733059,nan
2024-08-08T14:24:23,83.662132,-60.733360,nan
2024-08-08T14:24:23,83.662125,-60.733665,nan
2024-08-08T14:24:22,83.662117,-60.733974,nan
2024-08-08T14:24:22,83.662109,-60.734291,nan
2024-08-08T14:24:21,83.662102,-60.734608,nan
2024-08-08T14:24:21,83.662102,-60.734924,nan
2024-08-08T14:24:20,83.662086,-60.735249,nan
2024-08-08T14:24:20,83.662079,-60.735573,nan
2024-08-08T14:24:19,83.662071,-60.735897,nan
2024-08-08T14:24:19,83.662064,-60.736221,nan
2024-08-08T14:24:18,83.662056,-60.736542,nan
2024-08-08T14:24:18,83.662048,-60.736866,nan
2024-08-08T14:24:17,83.662041,-60.737190,nan
2024-08-08T14:24:17,83.662033,-60.737514,nan
2024-08-08T14:24:16,83.662025,-60.737835,nan
2024-08-08T14:24:16,83.662018,-60.738155,nan
2024-08-08T14:24:15,83.662010,-60.738476,nan
2024-08-08T14:24:15,83.662003,-60.738792,nan
2024-08-08T14:24:14,83.661995,-60.739109,nan
2024-08-08T14:24:14,83.661987,-60.739422,nan
2024-08-08T14:24:13,83.661980,-60.739738,nan
2024-08-08T14:24:13,83.661972,-60.740055,nan
2024-08-08T14:24:12,83.661964,-60.740372,nan
2024-08-08T14:24:12,83.661957,-60.740688,nan
2024-08-08T14:24:11,83.661949,-60.741005,nan
2024-08-08T14:24:11,83.661942,-60.741322,nan
2024-08-08T14:24:10,83.661934,-60.741642,nan
2024-08-08T14:24:10,83.661926,-60.741959,nan
2024-08-08T14:24:09,83.661926,-60.742275,nan
2024-08-08T14:24:09,83.661919,-60.742596,nan
2024-08-08T14:24:08,83.661903,-60.742912,nan
2024-08-08T14:24:08,83.661896,-60.743233,nan
2024-08-08T14:24:07,83.661888,-60.743549,nan
2024-08-08T14:24:07,83.661880,-60.743870,nan
2024-08-08T14:24:06,83.661873,-60.744190,nan
2024-08-08T14:24:06,83.661865,-60.744514,nan
2024-08-08T14:24:05,83.661858,-60.744839,nan
2024-08-08T14:24:05,83.661850,-60.745163,nan
2024-08-08T14:24:04,83.661842,-60.745495,nan
2024-08-08T14:24:04,83.661835,-60.745831,nan
2024-08-08T14:24:03,83.661827,-60.746174,nan
2024-08-08T14:24:03,83.661819,-60.746517,nan
2024-08-08T14:24:02,83.661812,-60.746872,nan
2024-08-08T14:24:02,83.661804,-60.747231,nan
2024-08-08T14:24:01,83.661797,-60.747589,nan
2024-08-08T14:24:01,83.661789,-60.747952,nan
2024-08-08T14:24:00,83.661774,-60.748314,nan
2024-08-08T14:24:00,83.661766,-60.748676,nan
2024-08-08T14:23:59,83.661758,-60.749043,nan
2024-08-08T14:23:59,83.661743,-60.749409,nan
2024-08-08T14:23:58,83.661736,-60.749775,nan
2024-08-08T14:23:58,83.661720,-60.750149,nan
2024-08-08T14:23:57,83.661713,-60.750526,nan
2024-08-08T14:23:57,83.661697,-60.750908,nan
2024-08-08T14:23:56,83.661690,-60.751289,nan
2024-08-08T14:23:56,83.661674,-60.751678,nan
2024-08-08T14:23:55,83.661667,-60.752071,nan
2024-08-08T14:23:55,83.661652,-60.752472,nan
2024-08-08T14:23:54,83.661644,-60.752876,nan
2024-08-08T14:23:54,83.661629,-60.753277,nan
2024-08-08T14:23:53,83.661621,-60.753685,nan
2024-08-08T14:23:53,83.661613,-60.754097,nan
2024-08-08T14:23:52,83.661598,-60.754509,nan
2024-08-08T14:23:52,83.661591,-60.754917,nan
2024-08-08T14:23:51,83.661583,-60.755333,nan
2024-08-08T14:23:51,83.661568,-60.755745,nan
2024-08-08T14:23:50,83.661560,-60.756153,nan
2024-08-08T14:23:50,83.661552,-60.756561,nan
2024-08-08T14:23:49,83.661537,-60.756966,nan
2024-08-08T14:23:49,83.661530,-60.757370,nan
2024-08-08T14:23:48,83.661522,-60.757774,nan
2024-08-08T14:23:48,83.661514,-60.758175,nan
2024-08-08T14:23:47,83.661507,-60.758572,nan
2024-08-08T14:23:47,83.661491,-60.758972,nan
2024-08-08T14:23:46,83.661484,-60.759377,nan
2024-08-08T14:23:46,83.661484,-60.759792,nan
2024-08-08T14:23:45,83.661476,-60.760212,nan
2024-08-08T14:23:45,83.661469,-60.760639,nan
2024-08-08T14:23:44,83.661461,-60.761066,nan
2024-08-08T14:23:44,83.661453,-60.761494,nan
2024-08-08T14:23:43,83.661446,-60.761917,nan
2024-08-08T14:23:43,83.661438,-60.762341,nan
2024-08-08T14:23:42,83.661430,-60.762764,nan
2024-08-08T14:23:42,83.661423,-60.763191,nan
2024-08-08T14:23:41,83.661423,-60.763615,nan
2024-08-08T14:23:41,83.661415,-60.764042,nan
2024-08-08T14:23:40,83.661407,-60.764465,nan
2024-08-08T14:23:40,83.661400,-60.764893,nan
2024-08-08T14:23:39,83.661400,-60.765316,nan
2024-08-08T14:23:39,83.661392,-60.765736,nan
2024-08-08T14:23:38,83.661385,-60.766155,nan
2024-08-08T14:23:38,83.661377,-60.766575,nan
2024-08-08T14:23:37,83.661369,-60.767399,nan
2024-08-08T14:23:36,83.661362,-60.767811,nan
2024-08-08T14:23:36,83.661354,-60.768223,nan
2024-08-08T14:23:35,83.661346,-60.768635,nan
2024-08-08T14:23:35,83.661346,-60.769039,nan
2024-08-08T14:23:34,83.661339,-60.769451,nan
2024-08-08T14:23:34,83.661331,-60.769863,nan
2024-08-08T14:23:33,83.661324,-60.770287,nan
2024-08-08T14:23:33,83.661316,-60.770706,nan
2024-08-08T14:23:32,83.661308,-60.771133,nan
2024-08-08T14:23:32,83.661301,-60.771564,nan
2024-08-08T14:23:31,83.661301,-60.771992,nan
2024-08-08T14:23:31,83.661293,-60.772419,nan
2024-08-08T14:23:30,83.661285,-60.772842,nan
2024-08-08T14:23:30,83.661278,-60.773270,nan
2024-08-08T14:23:29,83.661270,-60.773701,nan
2024-08-08T14:23:29,83.661270,-60.774128,nan
2024-08-08T14:23:28,83.661263,-60.774559,nan
2024-08-08T14:23:28,83.661255,-60.774990,nan
2024-08-08T14:23:27,83.661255,-60.775425,nan
2024-08-08T14:23:27,83.661247,-60.775860,nan
2024-08-08T14:23:26,83.661247,-60.776295,nan
2024-08-08T14:23:26,83.661240,-60.776730,nan
2024-08-08T14:23:25,83.661240,-60.777164,nan
2024-08-08T14:23:25,83.661232,-60.777603,nan
2024-08-08T14:23:24,83.661224,-60.778034,nan
2024-08-08T14:23:24,83.661224,-60.778469,nan
2024-08-08T14:23:23,83.661217,-60.778908,nan
2024-08-08T14:23:23,83.661209,-60.779343,nan
2024-08-08T14:23:22,83.661201,-60.779774,nan
2024-08-08T14:23:22,83.661201,-60.780205,nan
2024-08-08T14:23:21,83.661194,-60.780640,nan
2024-08-08T14:23:21,83.661186,-60.781078,nan
2024-08-08T14:23:20,83.661179,-60.781513,nan
2024-08-08T14:23:20,83.661179,-60.781948,nan
2024-08-08T14:23:19,83.661171,-60.782387,nan
2024-08-08T14:23:19,83.661163,-60.782825,nan
2024-08-08T14:23:18,83.661163,-60.783264,nan
2024-08-08T14:23:18,83.661156,-60.783703,nan
2024-08-08T14:23:17,83.661148,-60.784149,nan
2024-08-08T14:23:17,83.661148,-60.784595,nan
2024-08-08T14:23:16,83.661140,-60.785046,nan
2024-08-08T14:23:16,83.661140,-60.785488,nan
2024-08-08T14:23:15,83.661133,-60.785931,nan
2024-08-08T14:23:15,83.661133,-60.786377,nan
2024-08-08T14:23:14,83.661125,-60.786816,nan
2024-08-08T14:23:14,83.661125,-60.787251,nan
2024-08-08T14:23:13,83.661118,-60.787689,nan
2024-08-08T14:23:13,83.661110,-60.788128,nan
2024-08-08T14:23:12,83.661110,-60.788570,nan
2024-08-08T14:23:12,83.661102,-60.789013,nan
2024-08-08T14:23:11,83.661102,-60.789459,nan
2024-08-08T14:23:11,83.661095,-60.789909,nan
2024-08-08T14:23:10,83.661087,-60.790352,nan
2024-08-08T14:23:10,83.661087,-60.790794,nan
2024-08-08T14:23:09,83.661079,-60.791241,nan
2024-08-08T14:23:09,83.661072,-60.791687,nan
2024-08-08T14:23:08,83.661072,-60.792133,nan
2024-08-08T14:23:08,83.661064,-60.792580,nan
2024-08-08T14:23:07,83.661057,-60.793026,nan
2024-08-08T14:23:07,83.661049,-60.793476,nan
2024-08-08T14:23:06,83.661049,-60.793930,nan
2024-08-08T14:23:06,83.661041,-60.794376,nan
2024-08-08T14:23:05,83.661034,-60.794827,nan
2024-08-08T14:23:05,83.661026,-60.795277,nan
2024-08-08T14:23:04,83.661018,-60.795731,nan
2024-08-08T14:23:04,83.661018,-60.796181,nan
2024-08-08T14:23:03,83.661011,-60.796627,nan
2024-08-08T14:23:03,83.661003,-60.797077,nan
2024-08-08T14:23:02,83.660995,-60.797531,nan
2024-08-08T14:23:02,83.660995,-60.797981,nan
2024-08-08T14:23:01,83.660988,-60.798435,nan
2024-08-08T14:23:01,83.660980,-60.798889,nan
2024-08-08T14:23:00,83.660973,-60.799343,nan
2024-08-08T14:23:00,83.660973,-60.799793,nan
2024-08-08T14:22:59,83.660965,-60.800243,nan
2024-08-08T14:22:59,83.660957,-60.800694,nan
2024-08-08T14:22:58,83.660957,-60.801147,nan
2024-08-08T14:22:58,83.660950,-60.801598,nan
2024-08-08T14:22:57,83.660942,-60.802048,nan
2024-08-08T14:22:57,83.660934,-60.802502,nan
2024-08-08T14:22:56,83.660934,-60.802956,nan
2024-08-08T14:22:56,83.660927,-60.803410,nan
2024-08-08T14:22:55,83.660919,-60.803864,nan
2024-08-08T14:22:55,83.660912,-60.804321,nan
2024-08-08T14:22:54,83.660904,-60.804779,nan
2024-08-08T14:22:54,83.660896,-60.805237,nan
2024-08-08T14:22:53,83.660889,-60.805695,nan
2024-08-08T14:22:53,83.660881,-60.806149,nan
2024-08-08T14:22:52,83.660873,-60.806606,nan
2024-08-08T14:22:52,83.660866,-60.807060,nan
2024-08-08T14:22:51,83.660866,-60.807510,nan
2024-08-08T14:22:51,83.660858,-60.807961,nan
2024-08-08T14:22:50,83.660851,-60.808411,nan
2024-08-08T14:22:50,83.660843,-60.808857,nan
2024-08-08T14:22:49,83.660843,-60.809303,nan
2024-08-08T14:22:49,83.660835,-60.809746,nan
2024-08-08T14:22:48,83.660828,-60.810188,nan
2024-08-08T14:22:48,83.660820,-60.810635,nan
2024-08-08T14:22:47,83.660820,-60.811085,nan
2024-08-08T14:22:47,83.660812,-60.811535,nan
2024-08-08T14:22:46,83.660805,-60.811989,nan
2024-08-08T14:22:46,83.660797,-60.812447,nan
2024-08-08T14:22:45,83.660789,-60.812904,nan
2024-08-08T14:22:45,83.660782,-60.813362,nan
2024-08-08T14:22:44,83.660774,-60.813824,nan
2024-08-08T14:22:44,83.660767,-60.814289,nan
2024-08-08T14:22:43,83.660767,-60.814754,nan
2024-08-08T14:22:43,83.660751,-60.815220,nan
2024-08-08T14:22:42,83.660751,-60.815681,nan
2024-08-08T14:22:42,83.660744,-60.816151,nan
2024-08-08T14:22:41,83.660736,-60.816612,nan
2024-08-08T14:22:41,83.660728,-60.817074,nan
2024-08-08T14:22:40,83.660721,-60.817535,nan
2024-08-08T14:22:40,83.660713,-60.817997,nan
2024-08-08T14:22:39,83.660706,-60.818459,nan
2024-08-08T14:22:39,83.660698,-60.818913,nan
2024-08-08T14:22:38,83.660690,-60.819370,nan
2024-08-08T14:22:38,83.660683,-60.819832,nan
2024-08-08T14:22:37,83.660675,-60.820286,nan
2024-08-08T14:22:37,83.660667,-60.820740,nan
2024-08-08T14:22:36,83.660660,-60.821194,nan
2024-08-08T14:22:36,83.660652,-60.821651,nan
2024-08-08T14:22:35,83.660645,-60.822102,nan
2024-08-08T14:22:35,83.660637,-60.822552,nan
2024-08-08T14:22:34,83.660629,-60.823002,nan
2024-08-08T14:22:34,83.660622,-60.823452,nan
2024-08-08T14:22:33,83.660606,-60.823902,nan
2024-08-08T14:22:33,83.660599,-60.824345,nan
2024-08-08T14:22:32,83.660591,-60.824787,nan
2024-08-08T14:22:32,83.660583,-60.825233,nan
2024-08-08T14:22:31,83.660576,-60.825680,nan
2024-08-08T14:22:31,83.660561,-60.826122,nan
2024-08-08T14:22:30,83.660553,-60.826565,nan
2024-08-08T14:22:30,83.660545,-60.827019,nan
2024-08-08T14:22:29,83.660538,-60.827469,nan
2024-08-08T14:22:29,83.660522,-60.827923,nan
2024-08-08T14:22:28,83.660515,-60.828377,nan
2024-08-08T14:22:28,83.660500,-60.828831,nan
2024-08-08T14:22:27,83.660492,-60.829285,nan
2024-08-08T14:22:27,83.660484,-60.829731,nan
2024-08-08T14:22:26,83.660469,-60.830181,nan
2024-08-08T14:22:26,83.660461,-60.830635,nan
2024-08-08T14:22:25,83.660454,-60.831089,nan
2024-08-08T14:22:25,83.660439,-60.831543,nan
2024-08-08T14:22:24,83.660431,-60.832001,nan
2024-08-08T14:22:24,83.660423,-60.832466,nan
2024-08-08T14:22:23,83.660416,-60.832924,nan
2024-08-08T14:22:23,83.660408,-60.833385,nan
2024-08-08T14:22:22,83.660400,-60.833847,nan
2024-08-08T14:22:22,83.660393,-60.834309,nan
2024-08-08T14:22:21,83.660385,-60.834766,nan
2024-08-08T14:22:21,83.660378,-60.835224,nan
2024-08-08T14:22:20,83.660370,-60.835686,nan
2024-08-08T14:22:20,83.660370,-60.836147,nan
2024-08-08T14:22:19,83.660362,-60.836601,nan
2024-08-08T14:22:19,83.660355,-60.837059,nan
2024-08-08T14:22:18,83.660355,-60.837517,nan
2024-08-08T14:22:18,83.660347,-60.837975,nan
2024-08-08T14:22:17,83.660339,-60.838428,nan
2024-08-08T14:22:17,83.660339,-60.838882,nan
2024-08-08T14:22:16,83.660332,-60.839340,nan
2024-08-08T14:22:16,83.660332,-60.839798,nan
2024-08-08T14:22:15,83.660324,-60.840256,nan
2024-08-08T14:22:15,83.660324,-60.840710,nan
2024-08-08T14:22:14,83.660316,-60.841164,nan
2024-08-08T14:22:14,83.660316,-60.841618,nan
2024-08-08T14:22:13,83.660316,-60.842068,nan
2024-08-08T14:22:13,83.660316,-60.842518,nan
2024-08-08T14:22:12,83.660316,-60.842968,nan
2024-08-08T14:22:12,83.660309,-60.843418,nan
2024-08-08T14:22:11,83.660309,-60.843857,nan
2024-08-08T14:22:11,83.660309,-60.844299,nan
2024-08-08T14:22:10,83.660309,-60.844746,nan
2024-08-08T14:22:10,83.660316,-60.845196,nan
2024-08-08T14:22:09,83.660316,-60.845634,nan
2024-08-08T14:22:09,83.660316,-60.846073,nan
2024-08-08T14:22:08,83.660316,-60.846519,nan
2024-08-08T14:22:08,83.660316,-60.846958,nan
2024-08-08T14:22:07,83.660316,-60.847397,nan
2024-08-08T14:22:07,83.660316,-60.847836,nan
2024-08-08T14:22:06,83.660324,-60.848274,nan
2024-08-08T14:22:06,83.660324,-60.848717,nan
2024-08-08T14:22:05,83.660324,-60.849159,nan
2024-08-08T14:22:05,83.660324,-60.849609,nan
2024-08-08T14:22:04,83.660332,-60.850063,nan
2024-08-08T14:22:04,83.660332,-60.850517,nan
2024-08-08T14:22:03,83.660332,-60.850971,nan
2024-08-08T14:22:03,83.660332,-60.851433,nan
2024-08-08T14:22:02,83.660332,-60.851898,nan
2024-08-08T14:22:02,83.660332,-60.852364,nan
2024-08-08T14:22:01,83.660339,-60.852829,nan
2024-08-08T14:22:01,83.660339,-60.853302,nan
2024-08-08T14:22:00,83.660332,-60.853771,nan
2024-08-08T14:22:00,83.660332,-60.854240,nan
2024-08-08T14:21:59,83.660332,-60.854706,nan
2024-08-08T14:21:59,83.660332,-60.855171,nan
2024-08-08T14:21:58,83.660332,-60.855640,nan
2024-08-08T14:21:58,83.660332,-60.856106,nan
2024-08-08T14:21:57,83.660332,-60.856567,nan
2024-08-08T14:21:57,83.660332,-60.857033,nan
2024-08-08T14:21:56,83.660332,-60.857498,nan
2024-08-08T14:21:56,83.660332,-60.857956,nan
2024-08-08T14:21:55,83.660332,-60.858418,nan
2024-08-08T14:21:55,83.660332,-60.858875,nan
2024-08-08T14:21:54,83.660332,-60.859337,nan
2024-08-08T14:21:54,83.660324,-60.859795,nan
2024-08-08T14:21:53,83.660324,-60.860256,nan
2024-08-08T14:21:53,83.660324,-60.860718,nan
2024-08-08T14:21:52,83.660324,-60.861179,nan
2024-08-08T14:21:52,83.660324,-60.861641,nan
2024-08-08T14:21:51,83.660324,-60.862103,nan
2024-08-08T14:21:51,83.660324,-60.862568,nan
2024-08-08T14:21:50,83.660324,-60.863033,nan
2024-08-08T14:21:50,83.660324,-60.863499,nan
2024-08-08T14:21:49,83.660324,-60.863968,nan
2024-08-08T14:21:49,83.660324,-60.864437,nan
2024-08-08T14:21:48,83.660324,-60.864910,nan
2024-08-08T14:21:48,83.660324,-60.865379,nan
2024-08-08T14:21:47,83.660324,-60.865856,nan
2024-08-08T14:21:47,83.660332,-60.866333,nan
2024-08-08T14:21:46,83.660332,-60.866806,nan
2024-08-08T14:21:46,83.660332,-60.867283,nan
2024-08-08T14:21:45,83.660324,-60.867760,nan
2024-08-08T14:21:45,83.660324,-60.868240,nan
2024-08-08T14:21:44,83.660324,-60.868713,nan
2024-08-08T14:21:44,83.660324,-60.869194,nan
2024-08-08T14:21:43,83.660324,-60.869675,nan
2024-08-08T14:21:43,83.660324,-60.870163,nan
2024-08-08T14:21:42,83.660324,-60.870651,nan
2024-08-08T14:21:42,83.660324,-60.871143,nan
2024-08-08T14:21:41,83.660316,-60.871639,nan
2024-08-08T14:21:41,83.660316,-60.872139,nan
2024-08-08T14:21:40,83.660316,-60.872635,nan
2024-08-08T14:21:40,83.660316,-60.873131,nan
2024-08-08T14:21:39,83.660316,-60.873627,nan
2024-08-08T14:21:39,83.660316,-60.874126,nan
2024-08-08T14:21:38,83.660309,-60.874619,nan
2024-08-08T14:21:38,83.660309,-60.875111,nan
2024-08-08T14:21:37,83.660309,-60.875603,nan
2024-08-08T14:21:37,83.660309,-60.876095,nan
2024-08-08T14:21:36,83.660309,-60.876579,nan
2024-08-08T14:21:36,83.660301,-60.877068,nan
2024-08-08T14:21:35,83.660301,-60.877560,nan
2024-08-08T14:21:35,83.660301,-60.878044,nan
2024-08-08T14:21:34,83.660301,-60.878529,nan
2024-08-08T14:21:34,83.660301,-60.879009,nan
2024-08-08T14:21:33,83.660301,-60.879498,nan
2024-08-08T14:21:33,83.660301,-60.879982,nan
2024-08-08T14:21:32,83.660301,-60.880463,nan
2024-08-08T14:21:32,83.660301,-60.880943,nan
2024-08-08T14:21:31,83.660301,-60.881428,nan
2024-08-08T14:21:31,83.660301,-60.881908,nan
2024-08-08T14:21:30,83.660301,-60.882397,nan
2024-08-08T14:21:30,83.660301,-60.882881,nan
2024-08-08T14:21:29,83.660294,-60.883373,nan
2024-08-08T14:21:29,83.660294,-60.883862,nan
2024-08-08T14:21:28,83.660294,-60.884354,nan
2024-08-08T14:21:28,83.660286,-60.884846,nan
2024-08-08T14:21:27,83.660286,-60.885345,nan
2024-08-08T14:21:27,83.660278,-60.885845,nan
2024-08-08T14:21:26,83.660278,-60.886345,nan
2024-08-08T14:21:26,83.660271,-60.886848,nan
2024-08-08T14:21:25,83.660271,-60.887356,nan
2024-08-08T14:21:25,83.660263,-60.887856,nan
2024-08-08T14:21:24,83.660255,-60.888363,nan
2024-08-08T14:21:24,83.660255,-60.888870,nan
2024-08-08T14:21:23,83.660248,-60.889374,nan
2024-08-08T14:21:23,83.660240,-60.889874,nan
2024-08-08T14:21:22,83.660233,-60.890369,nan
2024-08-08T14:21:22,83.660225,-60.890873,nan
2024-08-08T14:21:21,83.660217,-60.891365,nan
2024-08-08T14:21:21,83.660217,-60.891857,nan
2024-08-08T14:21:20,83.660210,-60.892349,nan
2024-08-08T14:21:20,83.660202,-60.892841,nan
2024-08-08T14:21:19,83.660194,-60.893326,nan
2024-08-08T14:21:19,83.660187,-60.893806,nan
2024-08-08T14:21:18,83.660187,-60.894287,nan
2024-08-08T14:21:18,83.660179,-60.894772,nan
2024-08-08T14:21:17,83.660172,-60.895248,nan
2024-08-08T14:21:17,83.660164,-60.895725,nan
2024-08-08T14:21:16,83.660164,-60.896202,nan
2024-08-08T14:21:16,83.660156,-60.896683,nan
2024-08-08T14:21:15,83.660149,-60.897156,nan
2024-08-08T14:21:15,83.660149,-60.897629,nan
2024-08-08T14:21:14,83.660141,-60.898106,nan
2024-08-08T14:21:14,83.660133,-60.898582,nan
2024-08-08T14:21:13,83.660133,-60.899052,nan
2024-08-08T14:21:13,83.660126,-60.899529,nan
2024-08-08T14:21:12,83.660118,-60.900009,nan
2024-08-08T14:21:12,83.660118,-60.900486,nan
2024-08-08T14:21:11,83.660110,-60.900963,nan
2024-08-08T14:21:11,83.660103,-60.901443,nan
2024-08-08T14:21:10,83.660103,-60.901924,nan
2024-08-08T14:21:10,83.660095,-60.902405,nan
2024-08-08T14:21:09,83.660095,-60.902885,nan
2024-08-08T14:21:09,83.660088,-60.903370,nan
2024-08-08T14:21:08,83.660088,-60.903862,nan
2024-08-08T14:21:08,83.660080,-60.904350,nan
2024-08-08T14:21:07,83.660072,-60.904842,nan
2024-08-08T14:21:07,83.660072,-60.905342,nan
2024-08-08T14:21:06,83.660072,-60.905838,nan
2024-08-08T14:21:06,83.660065,-60.906330,nan
2024-08-08T14:21:05,83.660065,-60.906830,nan
2024-08-08T14:21:05,83.660065,-60.907333,nan
2024-08-08T14:21:04,83.660057,-60.907833,nan
2024-08-08T14:21:04,83.660057,-60.908337,nan
2024-08-08T14:21:03,83.660057,-60.908840,nan
2024-08-08T14:21:03,83.660049,-60.909344,nan
2024-08-08T14:21:02,83.660049,-60.909840,nan
2024-08-08T14:21:02,83.660042,-60.910339,nan
2024-08-08T14:21:01,83.660042,-60.910839,nan
2024-08-08T14:21:01,83.660042,-60.911339,nan
2024-08-08T14:21:00,83.660034,-60.911831,nan
2024-08-08T14:21:00,83.660034,-60.912327,nan
2024-08-08T14:20:59,83.660027,-60.912823,nan
2024-08-08T14:20:59,83.660027,-60.913319,nan
2024-08-08T14:20:58,83.660019,-60.913811,nan
2024-08-08T14:20:58,83.660019,-60.914307,nan
2024-08-08T14:20:57,83.660019,-60.914803,nan
2024-08-08T14:20:57,83.660011,-60.915298,nan
2024-08-08T14:20:56,83.660011,-60.915787,nan
2024-08-08T14:20:56,83.660011,-60.916279,nan
2024-08-08T14:20:55,83.660011,-60.916767,nan
2024-08-08T14:20:55,83.660004,-60.917255,nan
2024-08-08T14:20:54,83.660004,-60.917740,nan
2024-08-08T14:20:54,83.660004,-60.918228,nan
2024-08-08T14:20:53,83.659996,-60.918713,nan
2024-08-08T14:20:53,83.659996,-60.919193,nan
2024-08-08T14:20:52,83.659996,-60.919674,nan
2024-08-08T14:20:52,83.659988,-60.920158,nan
2024-08-08T14:20:51,83.659988,-60.920639,nan
2024-08-08T14:20:51,83.659988,-60.921120,nan
2024-08-08T14:20:50,83.659981,-60.921604,nan
2024-08-08T14:20:50,83.659981,-60.922089,nan
2024-08-08T14:20:49,83.659981,-60.922573,nan
2024-08-08T14:20:49,83.659981,-60.923058,nan
2024-08-08T14:20:48,83.659981,-60.923546,nan
2024-08-08T14:20:48,83.659981,-60.924038,nan
2024-08-08T14:20:47,83.659981,-60.924526,nan
2024-08-08T14:20:47,83.659981,-60.925014,nan
2024-08-08T14:20:46,83.659981,-60.925507,nan
2024-08-08T14:20:46,83.659981,-60.925999,nan
2024-08-08T14:20:45,83.659981,-60.926487,nan
2024-08-08T14:20:45,83.659981,-60.926979,nan
2024-08-08T14:20:44,83.659981,-60.927467,nan
2024-08-08T14:20:44,83.659981,-60.927956,nan
2024-08-08T14:20:43,83.659981,-60.928440,nan
2024-08-08T14:20:43,83.659981,-60.928932,nan
2024-08-08T14:20:42,83.659981,-60.929424,nan
2024-08-08T14:20:42,83.659981,-60.929916,nan
2024-08-08T14:20:41,83.659973,-60.930412,nan
2024-08-08T14:20:41,83.659973,-60.930916,nan
2024-08-08T14:20:40,83.659973,-60.931419,nan
2024-08-08T14:20:40,83.659973,-60.931923,nan
2024-08-08T14:20:39,83.659973,-60.932434,nan
2024-08-08T14:20:39,83.659966,-60.932953,nan
2024-08-08T14:20:38,83.659966,-60.933464,nan
2024-08-08T14:20:38,83.659966,-60.933983,nan
2024-08-08T14:20:37,83.659966,-60.934505,nan
2024-08-08T14:20:37,83.659966,-60.935024,nan
2024-08-08T14:20:36,83.659958,-60.935543,nan
2024-08-08T14:20:36,83.659958,-60.936058,nan
2024-08-08T14:20:35,83.659950,-60.936581,nan
2024-08-08T14:20:35,83.659950,-60.937099,nan
2024-08-08T14:20:34,83.659950,-60.937622,nan
2024-08-08T14:20:34,83.659943,-60.938145,nan
2024-08-08T14:20:33,83.659943,-60.938671,nan
2024-08-08T14:20:33,83.659943,-60.939190,nan
2024-08-08T14:20:32,83.659935,-60.939709,nan
2024-08-08T14:20:32,83.659935,-60.940228,nan
2024-08-08T14:20:31,83.659935,-60.940739,nan
2024-08-08T14:20:31,83.659935,-60.941250,nan
2024-08-08T14:20:30,83.659935,-60.941757,nan
2024-08-08T14:20:30,83.659935,-60.942265,nan
2024-08-08T14:20:29,83.659927,-60.942768,nan
2024-08-08T14:20:29,83.659927,-60.943268,nan
2024-08-08T14:20:28,83.659927,-60.943764,nan
2024-08-08T14:20:28,83.659927,-60.944256,nan
2024-08-08T14:20:27,83.659927,-60.944748,nan
2024-08-08T14:20:27,83.659927,-60.945232,nan
2024-08-08T14:20:26,83.659927,-60.945717,nan
2024-08-08T14:20:26,83.659927,-60.946201,nan
2024-08-08T14:20:25,83.659927,-60.946678,nan
2024-08-08T14:20:25,83.659927,-60.947159,nan
2024-08-08T14:20:24,83.659927,-60.947639,nan
2024-08-08T14:20:24,83.659927,-60.948116,nan
2024-08-08T14:20:23,83.659927,-60.948593,nan
2024-08-08T14:20:23,83.659927,-60.949074,nan
2024-08-08T14:20:22,83.659927,-60.949554,nan
2024-08-08T14:20:22,83.659927,-60.950031,nan
2024-08-08T14:20:21,83.659927,-60.950508,nan
2024-08-08T14:20:21,83.659927,-60.950989,nan
2024-08-08T14:20:20,83.659927,-60.951466,nan
2024-08-08T14:20:20,83.659927,-60.951939,nan
2024-08-08T14:20:19,83.659927,-60.952415,nan
2024-08-08T14:20:19,83.659927,-60.952896,nan
2024-08-08T14:20:18,83.659927,-60.953377,nan
2024-08-08T14:20:18,83.659927,-60.953861,nan
2024-08-08T14:20:17,83.659927,-60.954346,nan
2024-08-08T14:20:17,83.659927,-60.954826,nan
2024-08-08T14:20:16,83.659927,-60.955303,nan
2024-08-08T14:20:16,83.659927,-60.955780,nan
2024-08-08T14:20:15,83.659927,-60.956261,nan
2024-08-08T14:20:15,83.659927,-60.956738,nan
2024-08-08T14:20:14,83.659927,-60.957207,nan
2024-08-08T14:20:14,83.659927,-60.957684,nan
2024-08-08T14:20:13,83.659927,-60.958157,nan
2024-08-08T14:20:13,83.659927,-60.958630,nan
2024-08-08T14:20:12,83.659927,-60.959103,nan
2024-08-08T14:20:12,83.659927,-60.959576,nan
2024-08-08T14:20:11,83.659927,-60.960045,nan
2024-08-08T14:20:11,83.659935,-60.960506,nan
2024-08-08T14:20:10,83.659935,-60.960972,nan
2024-08-08T14:20:10,83.659935,-60.961437,nan
2024-08-08T14:20:09,83.659935,-60.961903,nan
2024-08-08T14:20:09,83.659943,-60.962368,nan
2024-08-08T14:20:08,83.659943,-60.962837,nan
2024-08-08T14:20:08,83.659950,-60.963306,nan
2024-08-08T14:20:07,83.659950,-60.963776,nan
2024-08-08T14:20:07,83.659950,-60.964245,nan
2024-08-08T14:20:06,83.659958,-60.964714,nan
2024-08-08T14:20:06,83.659966,-60.965179,nan
2024-08-08T14:20:05,83.659966,-60.965645,nan
2024-08-08T14:20:05,83.659973,-60.966110,nan
2024-08-08T14:20:04,83.659973,-60.966579,nan
2024-08-08T14:20:04,83.659981,-60.967041,nan
2024-08-08T14:20:03,83.659988,-60.967506,nan
2024-08-08T14:20:03,83.659988,-60.967968,nan
2024-08-08T14:20:02,83.659996,-60.968430,nan
2024-08-08T14:20:02,83.660004,-60.968880,nan
2024-08-08T14:20:01,83.660011,-60.969334,nan
2024-08-08T14:20:01,83.660011,-60.969795,nan
2024-08-08T14:20:00,83.660019,-60.970249,nan
2024-08-08T14:20:00,83.660027,-60.970703,nan
2024-08-08T14:19:59,83.660034,-60.971161,nan
2024-08-08T14:19:59,83.660042,-60.971622,nan
2024-08-08T14:19:58,83.660049,-60.972076,nan
2024-08-08T14:19:58,83.660057,-60.972530,nan
2024-08-08T14:19:57,83.660065,-60.972984,nan
2024-08-08T14:19:57,83.660072,-60.973438,nan
2024-08-08T14:19:56,83.660080,-60.973892,nan
2024-08-08T14:19:56,83.660088,-60.974346,nan
2024-08-08T14:19:55,83.660088,-60.974804,nan
2024-08-08T14:19:55,83.660095,-60.975258,nan
2024-08-08T14:19:54,83.660103,-60.975716,nan
2024-08-08T14:19:54,83.660110,-60.976173,nan
2024-08-08T14:19:53,83.660118,-60.976639,nan
2024-08-08T14:19:53,83.660126,-60.977104,nan
2024-08-08T14:19:52,83.660126,-60.977570,nan
2024-08-08T14:19:52,83.660133,-60.978039,nan
2024-08-08T14:19:51,83.660141,-60.978512,nan
2024-08-08T14:19:51,83.660149,-60.978985,nan
2024-08-08T14:19:50,83.660156,-60.979465,nan
2024-08-08T14:19:50,83.660156,-60.979946,nan
2024-08-08T14:19:49,83.660164,-60.980423,nan
2024-08-08T14:19:49,83.660172,-60.980907,nan
2024-08-08T14:19:48,83.660172,-60.981392,nan
2024-08-08T14:19:48,83.660179,-60.981876,nan
2024-08-08T14:19:47,83.660187,-60.982353,nan
2024-08-08T14:19:47,83.660194,-60.982838,nan
2024-08-08T14:19:46,83.660194,-60.983326,nan
2024-08-08T14:19:46,83.660202,-60.983807,nan
2024-08-08T14:19:45,83.660210,-60.984291,nan
2024-08-08T14:19:45,83.660217,-60.984776,nan
2024-08-08T14:19:44,83.660233,-60.985264,nan
2024-08-08T14:19:44,83.660240,-60.985752,nan
2024-08-08T14:19:43,83.660248,-60.986240,nan
2024-08-08T14:19:43,83.660255,-60.986740,nan
2024-08-08T14:19:42,83.660271,-60.987232,nan
2024-08-08T14:19:42,83.660278,-60.987728,nan
2024-08-08T14:19:41,83.660286,-60.988228,nan
2024-08-08T14:19:41,83.660301,-60.988731,nan
2024-08-08T14:19:40,83.660309,-60.989227,nan
2024-08-08T14:19:40,83.660324,-60.989723,nan
2024-08-08T14:19:39,83.660332,-60.990231,nan
2024-08-08T14:19:39,83.660347,-60.990738,nan
2024-08-08T14:19:38,83.660355,-60.991241,nan
2024-08-08T14:19:38,83.660362,-60.991753,nan
2024-08-08T14:19:37,83.660378,-60.992268,nan
2024-08-08T14:19:37,83.660385,-60.992779,nan
2024-08-08T14:19:36,83.660400,-60.993290,nan
2024-08-08T14:19:36,83.660408,-60.993813,nan
2024-08-08T14:19:35,83.660423,-60.994335,nan
2024-08-08T14:19:35,83.660431,-60.994854,nan
2024-08-08T14:19:34,83.660446,-60.995373,nan
2024-08-08T14:19:34,83.660454,-60.995899,nan
2024-08-08T14:19:33,83.660469,-60.996422,nan
2024-08-08T14:19:33,83.660477,-60.996941,nan
2024-08-08T14:19:32,83.660492,-60.997463,nan
2024-08-08T14:19:32,83.660500,-60.997990,nan
2024-08-08T14:19:31,83.660515,-60.998508,nan
2024-08-08T14:19:31,83.660522,-60.999031,nan
2024-08-08T14:19:30,83.660538,-60.999554,nan
2024-08-08T14:19:30,83.660545,-61.000076,nan
2024-08-08T14:19:29,83.660561,-61.000595,nan
2024-08-08T14:19:29,83.660568,-61.001114,nan
2024-08-08T14:19:28,83.660583,-61.001633,nan
2024-08-08T14:19:28,83.660599,-61.002148,nan
2024-08-08T14:19:27,83.660606,-61.002659,nan
2024-08-08T14:19:27,83.660614,-61.003174,nan
2024-08-08T14:19:26,83.660629,-61.003685,nan
2024-08-08T14:19:26,83.660637,-61.004192,nan
2024-08-08T14:19:25,83.660652,-61.004704,nan
2024-08-08T14:19:25,83.660660,-61.005215,nan
2024-08-08T14:19:24,83.660675,-61.005730,nan
2024-08-08T14:19:24,83.660683,-61.006248,nan
2024-08-08T14:19:23,83.660698,-61.006771,nan
2024-08-08T14:19:23,83.660706,-61.007301,nan
2024-08-08T14:19:22,83.660713,-61.007832,nan
2024-08-08T14:19:22,83.660728,-61.008366,nan
2024-08-08T14:19:21,83.660736,-61.008907,nan
2024-08-08T14:19:21,83.660751,-61.009445,nan
2024-08-08T14:19:20,83.660759,-61.009983,nan
2024-08-08T14:19:20,83.660774,-61.010525,nan
2024-08-08T14:19:19,83.660782,-61.011070,nan
2024-08-08T14:19:19,83.660797,-61.011616,nan
2024-08-08T14:19:18,83.660805,-61.012165,nan
2024-08-08T14:19:18,83.660820,-61.012722,nan
2024-08-08T14:19:17,83.660835,-61.013279,nan
2024-08-08T14:19:17,83.660843,-61.013832,nan
2024-08-08T14:19:16,83.660858,-61.014385,nan
2024-08-08T14:19:16,83.660873,-61.014942,nan
2024-08-08T14:19:15,83.660881,-61.015495,nan
2024-08-08T14:19:15,83.660896,-61.016048,nan
2024-08-08T14:19:14,83.660904,-61.016602,nan
2024-08-08T14:19:14,83.660919,-61.017159,nan
2024-08-08T14:19:13,83.660934,-61.017715,nan
2024-08-08T14:19:13,83.660950,-61.018269,nan
2024-08-08T14:19:12,83.660957,-61.018829,nan
2024-08-08T14:19:12,83.660973,-61.019386,nan
2024-08-08T14:19:11,83.660988,-61.019943,nan
2024-08-08T14:19:11,83.660995,-61.020500,nan
2024-08-08T14:19:10,83.661011,-61.021061,nan
2024-08-08T14:19:10,83.661026,-61.021618,nan
2024-08-08T14:19:09,83.661034,-61.022175,nan
2024-08-08T14:19:09,83.661049,-61.022736,nan
2024-08-08T14:19:08,83.661064,-61.023296,nan
2024-08-08T14:19:08,83.661072,-61.023849,nan
2024-08-08T14:19:07,83.661087,-61.024410,nan
2024-08-08T14:19:07,83.661095,-61.024971,nan
2024-08-08T14:19:06,83.661110,-61.025528,nan
2024-08-08T14:19:06,83.661125,-61.026085,nan
2024-08-08T14:19:05,83.661133,-61.026646,nan
2024-08-08T14:19:05,83.661148,-61.027206,nan
2024-08-08T14:19:04,83.661163,-61.027763,nan
2024-08-08T14:19:04,83.661179,-61.028324,nan
2024-08-08T14:19:03,83.661186,-61.028893,nan
2024-08-08T14:19:03,83.661201,-61.029457,nan
2024-08-08T14:19:02,83.661217,-61.030018,nan
2024-08-08T14:19:02,83.661232,-61.030582,nan
2024-08-08T14:19:01,83.661247,-61.031151,nan
2024-08-08T14:19:01,83.661263,-61.031715,nan
2024-08-08T14:19:00,83.661278,-61.032276,nan
2024-08-08T14:19:00,83.661293,-61.032845,nan
2024-08-08T14:18:59,83.661308,-61.033413,nan
2024-08-08T14:18:59,83.661324,-61.033981,nan
2024-08-08T14:18:58,83.661339,-61.034554,nan
2024-08-08T14:18:58,83.661354,-61.035122,nan
2024-08-08T14:18:57,83.661369,-61.035690,nan
2024-08-08T14:18:57,83.661385,-61.036259,nan
2024-08-08T14:18:56,83.661392,-61.036827,nan
2024-08-08T14:18:56,83.661407,-61.037399,nan
2024-08-08T14:18:55,83.661423,-61.037975,nan
2024-08-08T14:18:55,83.661438,-61.038544,nan
2024-08-08T14:18:54,83.661453,-61.039120,nan
2024-08-08T14:18:54,83.661469,-61.039692,nan
2024-08-08T14:18:53,83.661484,-61.040264,nan
2024-08-08T14:18:53,83.661499,-61.040836,nan
2024-08-08T14:18:52,83.661514,-61.041412,nan
2024-08-08T14:18:52,83.661530,-61.041985,nan
2024-08-08T14:18:51,83.661545,-61.042557,nan
2024-08-08T14:18:51,83.661560,-61.043125,nan
2024-08-08T14:18:50,83.661575,-61.043697,nan
2024-08-08T14:18:50,83.661591,-61.044273,nan
2024-08-08T14:18:49,83.661606,-61.044846,nan
2024-08-08T14:18:49,83.661621,-61.045418,nan
2024-08-08T14:18:48,83.661636,-61.045998,nan
2024-08-08T14:18:48,83.661652,-61.046577,nan
2024-08-08T14:18:47,83.661667,-61.047153,nan
2024-08-08T14:18:47,83.661682,-61.047729,nan
2024-08-08T14:18:46,83.661697,-61.048306,nan
2024-08-08T14:18:46,83.661713,-61.048882,nan
2024-08-08T14:18:45,83.661728,-61.049454,nan
2024-08-08T14:18:45,83.661743,-61.050030,nan
2024-08-08T14:18:44,83.661758,-61.050606,nan
2024-08-08T14:18:44,83.661774,-61.051182,nan
2024-08-08T14:18:43,83.661789,-61.051750,nan
2024-08-08T14:18:43,83.661804,-61.052326,nan
2024-08-08T14:18:42,83.661819,-61.052902,nan
2024-08-08T14:18:42,83.661835,-61.053478,nan
2024-08-08T14:18:41,83.661850,-61.054054,nan
2024-08-08T14:18:41,83.661865,-61.054634,nan
2024-08-08T14:18:40,83.661880,-61.055218,nan
2024-08-08T14:18:40,83.661896,-61.055805,nan
2024-08-08T14:18:39,83.661903,-61.056389,nan
2024-08-08T14:18:39,83.661919,-61.056976,nan
2024-08-08T14:18:38,83.661934,-61.057571,nan
2024-08-08T14:18:38,83.661957,-61.058170,nan
2024-08-08T14:18:37,83.661972,-61.058765,nan
2024-08-08T14:18:37,83.661987,-61.059368,nan
2024-08-08T14:18:36,83.662003,-61.059975,nan
2024-08-08T14:18:36,83.662018,-61.060577,nan
2024-08-08T14:18:35,83.662041,-61.061180,nan
2024-08-08T14:18:35,83.662056,-61.061787,nan
2024-08-08T14:18:34,83.662079,-61.062389,nan
2024-08-08T14:18:34,83.662094,-61.062988,nan
2024-08-08T14:18:33,83.662117,-61.063587,nan
2024-08-08T14:18:33,83.662132,-61.064186,nan
2024-08-08T14:18:32,83.662155,-61.064785,nan
2024-08-08T14:18:32,83.662170,-61.065380,nan
2024-08-08T14:18:31,83.662193,-61.065979,nan
2024-08-08T14:18:31,83.662209,-61.066578,nan
2024-08-08T14:18:29,83.662270,-61.068382,nan
2024-08-08T14:18:29,83.662292,-61.068989,nan
2024-08-08T14:18:28,83.662308,-61.069599,nan
2024-08-08T14:18:28,83.662331,-61.070210,nan
2024-08-08T14:18:27,83.662354,-61.070820,nan
2024-08-08T14:18:27,83.662369,-61.071438,nan
2024-08-08T14:18:26,83.662392,-61.072048,nan
2024-08-08T14:18:26,83.662415,-61.072659,nan
2024-08-08T14:18:25,83.662430,-61.073273,nan
2024-08-08T14:18:25,83.662453,-61.073887,nan
2024-08-08T14:18:24,83.662476,-61.074501,nan
2024-08-08T14:18:24,83.662498,-61.075119,nan
2024-08-08T14:18:23,83.662514,-61.075733,nan
2024-08-08T14:18:23,83.662537,-61.076351,nan
2024-08-08T14:18:22,83.662560,-61.076965,nan
2024-08-08T14:18:22,83.662582,-61.077576,nan
2024-08-08T14:18:21,83.662605,-61.078186,nan
2024-08-08T14:18:21,83.662628,-61.078796,nan
2024-08-08T14:18:20,83.662643,-61.079403,nan
2024-08-08T14:18:20,83.662666,-61.080013,nan
2024-08-08T14:18:19,83.662689,-61.080624,nan
2024-08-08T14:18:19,83.662712,-61.081230,nan
2024-08-08T14:18:18,83.662735,-61.081837,nan
2024-08-08T14:18:18,83.662758,-61.082447,nan
2024-08-08T14:18:17,83.662781,-61.083057,nan
2024-08-08T14:18:17,83.662811,-61.083672,nan
2024-08-08T14:18:16,83.662834,-61.084282,nan
2024-08-08T14:18:16,83.662857,-61.084896,nan
2024-08-08T14:18:15,83.662880,-61.085514,nan
2024-08-08T14:18:15,83.662910,-61.086136,nan
2024-08-08T14:18:14,83.662933,-61.086758,nan
2024-08-08T14:18:14,83.662956,-61.087383,nan
2024-08-08T14:18:13,83.662987,-61.088013,nan
2024-08-08T14:18:13,83.663010,-61.088646,nan
2024-08-08T14:18:12,83.663033,-61.089287,nan
2024-08-08T14:18:12,83.663063,-61.089924,nan
2024-08-08T14:18:11,83.663086,-61.090565,nan
2024-08-08T14:18:11,83.663109,-61.091217,nan
2024-08-08T14:18:10,83.663139,-61.091866,nan
2024-08-08T14:18:10,83.663162,-61.092510,nan
2024-08-08T14:18:09,83.663193,-61.093155,nan
2024-08-08T14:18:09,83.663216,-61.093800,nan
2024-08-08T14:18:08,83.663239,-61.094440,nan
2024-08-08T14:18:08,83.663269,-61.095085,nan
2024-08-08T14:18:07,83.663292,-61.095734,nan
2024-08-08T14:18:07,83.663322,-61.096382,nan
2024-08-08T14:18:06,83.663345,-61.097031,nan
2024-08-08T14:18:06,83.663376,-61.097683,nan
2024-08-08T14:18:05,83.663406,-61.098343,nan
2024-08-08T14:18:05,83.663429,-61.099003,nan
2024-08-08T14:18:04,83.663460,-61.099667,nan
2024-08-08T14:18:04,83.663483,-61.100330,nan
2024-08-08T14:18:03,83.663513,-61.100994,nan
2024-08-08T14:18:03,83.663544,-61.101658,nan
2024-08-08T14:18:02,83.663567,-61.102318,nan
2024-08-08T14:18:02,83.663597,-61.102978,nan
2024-08-08T14:18:01,83.663628,-61.103638,nan
2024-08-08T14:18:01,83.663658,-61.104298,nan
2024-08-08T14:18:00,83.663689,-61.104958,nan
2024-08-08T14:18:00,83.663712,-61.105618,nan
2024-08-08T14:17:59,83.663742,-61.106277,nan
2024-08-08T14:17:59,83.663773,-61.106937,nan
2024-08-08T14:17:58,83.663803,-61.107601,nan
2024-08-08T14:17:58,83.663834,-61.108257,nan
2024-08-08T14:17:57,83.663864,-61.108921,nan
2024-08-08T14:17:57,83.663895,-61.109585,nan
2024-08-08T14:17:56,83.663925,-61.110245,nan
2024-08-08T14:17:56,83.663956,-61.110905,nan
2024-08-08T14:17:55,83.663986,-61.111568,nan
2024-08-08T14:17:55,83.664017,-61.112228,nan
2024-08-08T14:17:54,83.664047,-61.112885,nan
2024-08-08T14:17:54,83.664078,-61.113533,nan
2024-08-08T14:17:53,83.664108,-61.114178,nan
2024-08-08T14:17:53,83.664139,-61.114815,nan
2024-08-08T14:17:52,83.664169,-61.115448,nan
2024-08-08T14:17:52,83.664200,-61.116077,nan
2024-08-08T14:17:51,83.664230,-61.116707,nan
2024-08-08T14:17:51,83.664261,-61.117336,nan
2024-08-08T14:17:50,83.664291,-61.117962,nan
2024-08-08T14:17:50,83.664322,-61.118587,nan
2024-08-08T14:17:49,83.664352,-61.119209,nan
2024-08-08T14:17:49,83.664383,-61.119835,nan
2024-08-08T14:17:48,83.664413,-61.120449,nan
2024-08-08T14:17:48,83.664444,-61.121063,nan
2024-08-08T14:17:47,83.664474,-61.121674,nan
2024-08-08T14:17:47,83.664505,-61.122276,nan
2024-08-08T14:17:46,83.664536,-61.122879,nan
2024-08-08T14:17:46,83.664558,-61.123482,nan
2024-08-08T14:17:45,83.664589,-61.124084,nan
2024-08-08T14:17:45,83.664619,-61.124691,nan
2024-08-08T14:17:44,83.664650,-61.125294,nan
2024-08-08T14:17:44,83.664680,-61.125900,nan
2024-08-08T14:17:43,83.664703,-61.126507,nan
2024-08-08T14:17:43,83.664734,-61.127110,nan
2024-08-08T14:17:42,83.664764,-61.127716,nan
2024-08-08T14:17:42,83.664787,-61.128323,nan
2024-08-08T14:17:41,83.664818,-61.128937,nan
2024-08-08T14:17:41,83.664841,-61.129543,nan
2024-08-08T14:17:40,83.664871,-61.130146,nan
2024-08-08T14:17:40,83.664894,-61.130749,nan
2024-08-08T14:17:39,83.664925,-61.131348,nan
2024-08-08T14:17:39,83.664948,-61.131947,nan
2024-08-08T14:17:38,83.664978,-61.132545,nan
2024-08-08T14:17:38,83.665001,-61.133144,nan
2024-08-08T14:17:37,83.665031,-61.133743,nan
2024-08-08T14:17:37,83.665054,-61.134342,nan
2024-08-08T14:17:36,83.665077,-61.134949,nan
2024-08-08T14:17:36,83.665108,-61.135559,nan
2024-08-08T14:17:35,83.665131,-61.136173,nan
2024-08-08T14:17:35,83.665154,-61.136791,nan
2024-08-08T14:17:34,83.665176,-61.137409,nan
2024-08-08T14:17:34,83.665199,-61.138035,nan
2024-08-08T14:17:33,83.665222,-61.138657,nan
2024-08-08T14:17:33,83.665245,-61.139271,nan
2024-08-08T14:17:32,83.665268,-61.139889,nan
2024-08-08T14:17:32,83.665291,-61.140511,nan
2024-08-08T14:17:31,83.665314,-61.141129,nan
2024-08-08T14:17:31,83.665329,-61.141750,nan
2024-08-08T14:17:30,83.665352,-61.142372,nan
2024-08-08T14:17:30,83.665375,-61.142998,nan
2024-08-08T14:17:29,83.665398,-61.143627,nan
2024-08-08T14:17:29,83.665421,-61.144253,nan
2024-08-08T14:17:28,83.665443,-61.144878,nan
2024-08-08T14:17:28,83.665474,-61.145508,nan
2024-08-08T14:17:27,83.665497,-61.146133,nan
2024-08-08T14:17:27,83.665520,-61.146763,nan
2024-08-08T14:17:26,83.665550,-61.147392,nan
2024-08-08T14:17:26,83.665573,-61.148018,nan
2024-08-08T14:17:25,83.665604,-61.148640,nan
2024-08-08T14:17:25,83.665627,-61.149254,nan
2024-08-08T14:17:24,83.665649,-61.149864,nan
2024-08-08T14:17:24,83.665680,-61.150463,nan
2024-08-08T14:17:23,83.665703,-61.151054,nan
2024-08-08T14:17:23,83.665726,-61.151642,nan
2024-08-08T14:17:22,83.665756,-61.152222,nan
2024-08-08T14:17:22,83.665771,-61.152802,nan
2024-08-08T14:17:21,83.665794,-61.153374,nan
2024-08-08T14:17:21,83.665817,-61.153950,nan
2024-08-08T14:17:20,83.665833,-61.154526,nan
2024-08-08T14:17:20,83.665855,-61.155094,nan
2024-08-08T14:17:19,83.665871,-61.155659,nan
2024-08-08T14:17:19,83.665886,-61.156216,nan
2024-08-08T14:17:18,83.665901,-61.156769,nan
2024-08-08T14:17:18,83.665916,-61.157318,nan
2024-08-08T14:17:17,83.665932,-61.157871,nan
2024-08-08T14:17:17,83.665947,-61.158421,nan
2024-08-08T14:17:16,83.665962,-61.158978,nan
2024-08-08T14:17:16,83.665970,-61.159531,nan
2024-08-08T14:17:15,83.665985,-61.160088,nan
2024-08-08T14:17:15,83.666000,-61.160645,nan
2024-08-08T14:17:14,83.666016,-61.161201,nan
2024-08-08T14:17:14,83.666031,-61.161758,nan
2024-08-08T14:17:13,83.666046,-61.162315,nan
2024-08-08T14:17:13,83.666061,-61.162872,nan
2024-08-08T14:17:12,83.666077,-61.163425,nan
2024-08-08T14:17:12,83.666092,-61.163971,nan
2024-08-08T14:17:11,83.666100,-61.164516,nan
2024-08-08T14:17:11,83.666115,-61.165058,nan
2024-08-08T14:17:10,83.666130,-61.165604,nan
2024-08-08T14:17:10,83.666145,-61.166149,nan
2024-08-08T14:17:09,83.666153,-61.166695,nan
2024-08-08T14:17:09,83.666161,-61.167236,nan
2024-08-08T14:17:08,83.666168,-61.167786,nan
2024-08-08T14:17:08,83.666176,-61.168335,nan
2024-08-08T14:17:07,83.666183,-61.168888,nan
2024-08-08T14:17:07,83.666183,-61.169445,nan
2024-08-08T14:17:06,83.666191,-61.170006,nan
2024-08-08T14:17:06,83.666191,-61.170567,nan
2024-08-08T14:17:05,83.666199,-61.171139,nan
2024-08-08T14:17:05,83.666199,-61.171715,nan
2024-08-08T14:17:04,83.666199,-61.172298,nan
2024-08-08T14:17:04,83.666199,-61.172886,nan
2024-08-08T14:17:03,83.666206,-61.173481,nan
2024-08-08T14:17:03,83.666206,-61.174088,nan
2024-08-08T14:17:02,83.666214,-61.174690,nan
2024-08-08T14:17:02,83.666214,-61.175301,nan
2024-08-08T14:17:01,83.666222,-61.175915,nan
2024-08-08T14:17:01,83.666222,-61.176537,nan
2024-08-08T14:17:00,83.666229,-61.177158,nan
2024-08-08T14:17:00,83.666237,-61.177792,nan
2024-08-08T14:16:59,83.666245,-61.178425,nan
2024-08-08T14:16:59,83.666252,-61.179062,nan
2024-08-08T14:16:58,83.666260,-61.179703,nan
2024-08-08T14:16:58,83.666267,-61.180347,nan
2024-08-08T14:16:57,83.666283,-61.180996,nan
2024-08-08T14:16:57,83.666290,-61.181641,nan
2024-08-08T14:16:56,83.666306,-61.182281,nan
2024-08-08T14:16:56,83.666321,-61.182919,nan
2024-08-08T14:16:55,83.666336,-61.183548,nan
2024-08-08T14:16:55,83.666351,-61.184170,nan
2024-08-08T14:16:54,83.666367,-61.184788,nan
2024-08-08T14:16:54,83.666382,-61.185406,nan
2024-08-08T14:16:53,83.666397,-61.186020,nan
2024-08-08T14:16:53,83.666420,-61.186630,nan
2024-08-08T14:16:52,83.666435,-61.187233,nan
2024-08-08T14:16:52,83.666451,-61.187828,nan
2024-08-08T14:16:51,83.666473,-61.188419,nan
2024-08-08T14:16:51,83.666489,-61.189007,nan
2024-08-08T14:16:50,83.666512,-61.189594,nan
2024-08-08T14:16:50,83.666527,-61.190182,nan
2024-08-08T14:16:49,83.666550,-61.190769,nan
2024-08-08T14:16:49,83.666565,-61.191360,nan
2024-08-08T14:16:48,83.666580,-61.191959,nan
2024-08-08T14:16:48,83.666595,-61.192558,nan
2024-08-08T14:16:47,83.666618,-61.193153,nan
2024-08-08T14:16:47,83.666634,-61.193748,nan
2024-08-08T14:16:46,83.666649,-61.194336,nan
2024-08-08T14:16:46,83.666664,-61.194916,nan
2024-08-08T14:16:45,83.666679,-61.195484,nan
2024-08-08T14:16:45,83.666695,-61.196053,nan
2024-08-08T14:16:44,83.666710,-61.196613,nan
2024-08-08T14:16:44,83.666718,-61.197174,nan
2024-08-08T14:16:43,83.666733,-61.197727,nan
2024-08-08T14:16:43,83.666740,-61.198280,nan
2024-08-08T14:16:42,83.666748,-61.198830,nan
2024-08-08T14:16:42,83.666756,-61.199375,nan
2024-08-08T14:16:41,83.666763,-61.199917,nan
2024-08-08T14:16:41,83.666771,-61.200462,nan
2024-08-08T14:16:40,83.666779,-61.201008,nan
2024-08-08T14:16:40,83.666786,-61.201553,nan
2024-08-08T14:16:39,83.666794,-61.202106,nan
2024-08-08T14:16:39,83.666801,-61.202660,nan
2024-08-08T14:16:38,83.666809,-61.203217,nan
2024-08-08T14:16:38,83.666817,-61.203773,nan
2024-08-08T14:16:37,83.666824,-61.204327,nan
2024-08-08T14:16:37,83.666832,-61.204872,nan
2024-08-08T14:16:36,83.666840,-61.205418,nan
2024-08-08T14:16:36,83.666847,-61.205956,nan
2024-08-08T14:16:35,83.666855,-61.206486,nan
2024-08-08T14:16:35,83.666855,-61.207024,nan
2024-08-08T14:16:34,83.666855,-61.207558,nan
2024-08-08T14:16:34,83.666862,-61.208099,nan
2024-08-08T14:16:33,83.666862,-61.208637,nan
2024-08-08T14:16:33,83.666862,-61.209179,nan
2024-08-08T14:16:32,83.666862,-61.209721,nan
2024-08-08T14:16:32,83.666862,-61.210258,nan
2024-08-08T14:16:31,83.666862,-61.210796,nan
2024-08-08T14:16:31,83.666855,-61.211338,nan
2024-08-08T14:16:30,83.666855,-61.211880,nan
2024-08-08T14:16:30,83.666855,-61.212429,nan
2024-08-08T14:16:29,83.666855,-61.212971,nan
2024-08-08T14:16:29,83.666855,-61.213516,nan
2024-08-08T14:16:28,83.666855,-61.214058,nan
2024-08-08T14:16:28,83.666855,-61.214603,nan
2024-08-08T14:16:27,83.666862,-61.215145,nan
2024-08-08T14:16:27,83.666862,-61.215683,nan
2024-08-08T14:16:26,83.666870,-61.216225,nan
2024-08-08T14:16:26,83.666870,-61.216759,nan
2024-08-08T14:16:25,83.666878,-61.217289,nan
2024-08-08T14:16:25,83.666885,-61.217812,nan
2024-08-08T14:16:24,83.666885,-61.218330,nan
2024-08-08T14:16:24,83.666893,-61.218838,nan
2024-08-08T14:16:23,83.666901,-61.219341,nan
2024-08-08T14:16:23,83.666901,-61.219841,nan
2024-08-08T14:16:22,83.666901,-61.220341,nan
2024-08-08T14:16:22,83.666901,-61.220833,nan
2024-08-08T14:16:21,83.666901,-61.221336,nan
2024-08-08T14:16:21,83.666901,-61.221840,nan
2024-08-08T14:16:20,83.666901,-61.222343,nan
2024-08-08T14:16:20,83.666901,-61.222855,nan
2024-08-08T14:16:19,83.666893,-61.223362,nan
2024-08-08T14:16:19,83.666893,-61.223873,nan
2024-08-08T14:16:18,83.666893,-61.224384,nan
2024-08-08T14:16:18,83.666893,-61.224895,nan
2024-08-08T14:16:17,83.666885,-61.225407,nan
2024-08-08T14:16:17,83.666885,-61.225914,nan
2024-08-08T14:16:16,83.666885,-61.226421,nan
2024-08-08T14:16:16,83.666885,-61.226933,nan
2024-08-08T14:16:15,83.666885,-61.227444,nan
2024-08-08T14:16:15,83.666878,-61.227951,nan
2024-08-08T14:16:14,83.666878,-61.228458,nan
2024-08-08T14:16:14,83.666878,-61.228962,nan
2024-08-08T14:16:13,83.666878,-61.229462,nan
2024-08-08T14:16:13,83.666870,-61.229958,nan
2024-08-08T14:16:12,83.666870,-61.230442,nan
2024-08-08T14:16:12,83.666862,-61.230919,nan
2024-08-08T14:16:11,83.666862,-61.231392,nan
2024-08-08T14:16:11,83.666855,-61.231857,nan
2024-08-08T14:16:10,83.666855,-61.232327,nan
2024-08-08T14:16:10,83.666847,-61.232792,nan
2024-08-08T14:16:09,83.666847,-61.233261,nan
2024-08-08T14:16:09,83.666840,-61.233730,nan
2024-08-08T14:16:08,83.666832,-61.234203,nan
2024-08-08T14:16:08,83.666832,-61.234676,nan
2024-08-08T14:16:07,83.666824,-61.235153,nan
2024-08-08T14:16:07,83.666824,-61.235634,nan
2024-08-08T14:16:06,83.666817,-61.236115,nan
2024-08-08T14:16:06,83.666817,-61.236595,nan
2024-08-08T14:16:05,83.666809,-61.237080,nan
2024-08-08T14:16:05,83.666809,-61.237564,nan
2024-08-08T14:16:04,83.666809,-61.238052,nan
2024-08-08T14:16:04,83.666809,-61.238537,nan
2024-08-08T14:16:03,83.666809,-61.239021,nan
2024-08-08T14:16:03,83.666809,-61.239502,nan
2024-08-08T14:16:02,83.666809,-61.239979,nan
2024-08-08T14:16:02,83.666817,-61.240456,nan
2024-08-08T14:16:01,83.666817,-61.240925,nan
2024-08-08T14:16:01,83.666817,-61.241390,nan
2024-08-08T14:16:00,83.666817,-61.241848,nan
2024-08-08T14:16:00,83.666824,-61.242302,nan
2024-08-08T14:15:59,83.666824,-61.242752,nan
2024-08-08T14:15:59,83.666824,-61.243195,nan
2024-08-08T14:15:58,83.666824,-61.243633,nan
2024-08-08T14:15:58,83.666832,-61.244064,nan
2024-08-08T14:15:57,83.666832,-61.244492,nan
2024-08-08T14:15:57,83.666840,-61.244911,nan
2024-08-08T14:15:56,83.666840,-61.245335,nan
2024-08-08T14:15:56,83.666840,-61.245750,nan
2024-08-08T14:15:55,83.666840,-61.246170,nan
2024-08-08T14:15:55,83.666840,-61.246593,nan
2024-08-08T14:15:54,83.666840,-61.247025,nan
2024-08-08T14:15:54,83.666840,-61.247452,nan
2024-08-08T14:15:53,83.666840,-61.247890,nan
2024-08-08T14:15:53,83.666847,-61.248333,nan
2024-08-08T14:15:52,83.666847,-61.248775,nan
2024-08-08T14:15:52,83.666847,-61.249214,nan
2024-08-08T14:15:51,83.666847,-61.249653,nan
2024-08-08T14:15:51,83.666847,-61.250088,nan
2024-08-08T14:15:50,83.666847,-61.250507,nan
2024-08-08T14:15:50,83.666847,-61.250923,nan
2024-08-08T14:15:49,83.666847,-61.251331,nan
2024-08-08T14:15:49,83.666847,-61.251732,nan
2024-08-08T14:15:48,83.666847,-61.252125,nan
2024-08-08T14:15:48,83.666847,-61.252514,nan
2024-08-08T14:15:47,83.666847,-61.252899,nan
2024-08-08T14:15:47,83.666847,-61.253288,nan
2024-08-08T14:15:46,83.666847,-61.253670,nan
2024-08-08T14:15:46,83.666847,-61.254051,nan
2024-08-08T14:15:45,83.666847,-61.254433,nan
2024-08-08T14:15:45,83.666840,-61.254807,nan
2024-08-08T14:15:44,83.666840,-61.255180,nan
2024-08-08T14:15:44,83.666840,-61.255550,nan
2024-08-08T14:15:43,83.666832,-61.255920,nan
2024-08-08T14:15:43,83.666832,-61.256290,nan
2024-08-08T14:15:42,83.666824,-61.256657,nan
2024-08-08T14:15:42,83.666824,-61.257030,nan
2024-08-08T14:15:41,83.666817,-61.257404,nan
2024-08-08T14:15:41,83.666817,-61.257778,nan
2024-08-08T14:15:40,83.666809,-61.258152,nan
2024-08-08T14:15:40,83.666801,-61.258526,nan
2024-08-08T14:15:39,83.666794,-61.258904,nan
2024-08-08T14:15:39,83.666786,-61.259289,nan
2024-08-08T14:15:38,83.666779,-61.259674,nan
2024-08-08T14:15:38,83.666763,-61.260063,nan
2024-08-08T14:15:37,83.666756,-61.260456,nan
2024-08-08T14:15:37,83.666748,-61.260849,nan
2024-08-08T14:15:36,83.666740,-61.261242,nan
2024-08-08T14:15:36,83.666733,-61.261639,nan
2024-08-08T14:15:35,83.666733,-61.262028,nan
2024-08-08T14:15:35,83.666725,-61.262413,nan
2024-08-08T14:15:34,83.666718,-61.262798,nan
2024-08-08T14:15:34,83.666718,-61.263187,nan
2024-08-08T14:15:33,83.666710,-61.263592,nan
2024-08-08T14:15:33,83.666710,-61.264000,nan
2024-08-08T14:15:32,83.666702,-61.264408,nan
2024-08-08T14:15:32,83.666702,-61.264828,nan
2024-08-08T14:15:31,83.666702,-61.265247,nan
2024-08-08T14:15:31,83.666702,-61.265656,nan
2024-08-08T14:15:30,83.666702,-61.266071,nan
2024-08-08T14:15:30,83.666702,-61.266476,nan
2024-08-08T14:15:29,83.666702,-61.266865,nan
2024-08-08T14:15:29,83.666702,-61.267254,nan
2024-08-08T14:15:28,83.666702,-61.267639,nan
2024-08-08T14:15:28,83.666702,-61.268013,nan
2024-08-08T14:15:27,83.666702,-61.268383,nan
2024-08-08T14:15:27,83.666702,-61.268742,nan
2024-08-08T14:15:26,83.666702,-61.269096,nan
2024-08-08T14:15:26,83.666702,-61.269451,nan
2024-08-08T14:15:25,83.666702,-61.269806,nan
2024-08-08T14:15:25,83.666710,-61.270164,nan
2024-08-08T14:15:24,83.666710,-61.270515,nan
2024-08-08T14:15:24,83.666710,-61.270870,nan
2024-08-08T14:15:23,83.666710,-61.271229,nan
2024-08-08T14:15:23,83.666710,-61.271584,nan
2024-08-08T14:15:22,83.666702,-61.271938,nan
2024-08-08T14:15:22,83.666702,-61.272301,nan
2024-08-08T14:15:21,83.666702,-61.272671,nan
2024-08-08T14:15:21,83.666702,-61.273037,nan
2024-08-08T14:15:20,83.666702,-61.273415,nan
2024-08-08T14:15:20,83.666702,-61.273796,nan
2024-08-08T14:15:19,83.666702,-61.274178,nan
2024-08-08T14:15:19,83.666702,-61.274555,nan
2024-08-08T14:15:18,83.666702,-61.274933,nan
2024-08-08T14:15:18,83.666695,-61.275303,nan
2024-08-08T14:15:17,83.666695,-61.275665,nan
2024-08-08T14:15:17,83.666695,-61.276031,nan
2024-08-08T14:15:16,83.666687,-61.276386,nan
2024-08-08T14:15:16,83.666687,-61.276730,nan
2024-08-08T14:15:15,83.666679,-61.277069,nan
2024-08-08T14:15:15,83.666679,-61.277401,nan
2024-08-08T14:15:14,83.666672,-61.277729,nan
2024-08-08T14:15:14,83.666672,-61.278057,nan
2024-08-08T14:15:13,83.666664,-61.278381,nan
2024-08-08T14:15:13,83.666656,-61.278709,nan
2024-08-08T14:15:12,83.666649,-61.279045,nan
2024-08-08T14:15:12,83.666641,-61.279385,nan
2024-08-08T14:15:11,83.666641,-61.279724,nan
2024-08-08T14:15:11,83.666634,-61.280067,nan
2024-08-08T14:15:10,83.666626,-61.280418,nan
2024-08-08T14:15:10,83.666618,-61.280766,nan
2024-08-08T14:15:09,83.666611,-61.281109,nan
2024-08-08T14:15:09,83.666611,-61.281452,nan
2024-08-08T14:15:08,83.666603,-61.281796,nan
2024-08-08T14:15:08,83.666603,-61.282131,nan
2024-08-08T14:15:07,83.666595,-61.282463,nan
2024-08-08T14:15:07,83.666595,-61.282799,nan
2024-08-08T14:15:06,83.666595,-61.283131,nan
2024-08-08T14:15:06,83.666588,-61.283459,nan
2024-08-08T14:15:05,83.666588,-61.283783,nan
2024-08-08T14:15:05,83.666588,-61.284103,nan
2024-08-08T14:15:04,83.666588,-61.284424,nan
2024-08-08T14:15:04,83.666588,-61.284744,nan
2024-08-08T14:15:03,83.666588,-61.285057,nan
2024-08-08T14:15:03,83.666588,-61.285374,nan
2024-08-08T14:15:02,83.666595,-61.285679,nan
2024-08-08T14:15:02,83.666595,-61.285984,nan
2024-08-08T14:15:01,83.666595,-61.286289,nan
2024-08-08T14:15:01,83.666595,-61.286591,nan
2024-08-08T14:15:00,83.666595,-61.286888,nan
2024-08-08T14:15:00,83.666595,-61.287186,nan
2024-08-08T14:14:59,83.666603,-61.287479,nan
2024-08-08T14:14:59,83.666603,-61.287769,nan
2024-08-08T14:14:58,83.666603,-61.288063,nan
2024-08-08T14:14:58,83.666611,-61.288349,nan
2024-08-08T14:14:57,83.666611,-61.288624,nan
2024-08-08T14:14:57,83.666611,-61.288895,nan
2024-08-08T14:14:56,83.666611,-61.289158,nan
2024-08-08T14:14:56,83.666618,-61.289413,nan
2024-08-08T14:14:55,83.666618,-61.289665,nan
2024-08-08T14:14:55,83.666618,-61.289921,nan
2024-08-08T14:14:54,83.666618,-61.290173,nan
2024-08-08T14:14:54,83.666618,-61.290421,nan
2024-08-08T14:14:53,83.666618,-61.290680,nan
2024-08-08T14:14:53,83.666618,-61.290932,nan
2024-08-08T14:14:52,83.666618,-61.291176,nan
2024-08-08T14:14:52,83.666618,-61.291424,nan
2024-08-08T14:14:51,83.666618,-61.291672,nan
2024-08-08T14:14:51,83.666618,-61.291916,nan
2024-08-08T14:14:50,83.666618,-61.292160,nan
2024-08-08T14:14:50,83.666611,-61.292400,nan
2024-08-08T14:14:49,83.666611,-61.292633,nan
2024-08-08T14:14:49,83.666611,-61.292870,nan
2024-08-08T14:14:48,83.666603,-61.293110,nan
2024-08-08T14:14:48,83.666603,-61.293335,nan
2024-08-08T14:14:47,83.666595,-61.293568,nan
2024-08-08T14:14:47,83.666595,-61.293800,nan
2024-08-08T14:14:46,83.666588,-61.294025,nan
2024-08-08T14:14:46,83.666588,-61.294239,nan
2024-08-08T14:14:45,83.666580,-61.294453,nan
2024-08-08T14:14:45,83.666573,-61.294670,nan
2024-08-08T14:14:44,83.666565,-61.294880,nan
2024-08-08T14:14:44,83.666557,-61.295086,nan
2024-08-08T14:14:43,83.666550,-61.295311,nan
2024-08-08T14:14:43,83.666542,-61.295536,nan
2024-08-08T14:14:42,83.666527,-61.295746,nan
2024-08-08T14:14:42,83.666519,-61.295967,nan
2024-08-08T14:14:41,83.666512,-61.296200,nan
2024-08-08T14:14:41,83.666504,-61.296413,nan
2024-08-08T14:14:40,83.666496,-61.296635,nan
2024-08-08T14:14:40,83.666489,-61.296848,nan
2024-08-08T14:14:39,83.666481,-61.297066,nan
2024-08-08T14:14:39,83.666473,-61.297298,nan
2024-08-08T14:14:38,83.666473,-61.297531,nan
2024-08-08T14:14:38,83.666466,-61.297768,nan
2024-08-08T14:14:37,83.666466,-61.298012,nan
2024-08-08T14:14:37,83.666458,-61.298248,nan
2024-08-08T14:14:36,83.666458,-61.298477,nan
2024-08-08T14:14:36,83.666458,-61.298725,nan
2024-08-08T14:14:35,83.666458,-61.298946,nan
2024-08-08T14:14:35,83.666458,-61.299175,nan
2024-08-08T14:14:34,83.666458,-61.299358,nan
2024-08-08T14:14:34,83.666466,-61.299541,nan
2024-08-08T14:14:33,83.666473,-61.299755,nan
2024-08-08T14:14:33,83.666481,-61.299892,nan
2024-08-08T14:14:32,83.666489,-61.299942,nan
2024-08-08T14:14:32,83.666496,-61.299953,nan
2024-08-08T14:14:31,83.666512,-61.299988,nan
2024-08-08T14:14:31,83.666519,-61.299805,nan
2024-08-08T14:14:30,83.666534,-61.299427,nan
2024-08-08T14:14:30,83.666557,-61.298794,nan
2024-08-08T14:14:29,83.666573,-61.297104,nan
2024-08-08T14:14:29,83.666542,-61.294739,nan
2024-08-08T14:14:28,83.666573,-61.291698,nan
2024-08-08T14:14:24,83.666451,-61.305355,nan
2024-08-08T14:14:24,83.666420,-61.313908,nan
2024-08-08T14:14:23,83.666420,-61.322796,nan
