datetime,lat,lon,elev
2024-08-08T14:47:19,84.074577,-39.143219,nan
2024-08-08T14:47:19,84.074577,-39.143223,nan
2024-08-08T14:47:18,84.074577,-39.143227,nan
2024-08-08T14:47:18,84.074577,-39.143227,nan
2024-08-08T14:47:17,84.074577,-39.143230,nan
2024-08-08T14:47:17,84.074577,-39.143234,nan
2024-08-08T14:47:16,84.074585,-39.143242,nan
2024-08-08T14:47:16,84.074585,-39.143250,nan
2024-08-08T14:47:15,84.074585,-39.143257,nan
2024-08-08T14:47:15,84.074593,-39.143269,nan
2024-08-08T14:47:14,84.074593,-39.143280,nan
2024-08-08T14:47:14,84.074593,-39.143295,nan
2024-08-08T14:47:13,84.074593,-39.143311,nan
2024-08-08T14:47:13,84.074593,-39.143333,nan
2024-08-08T14:47:12,84.074600,-39.143356,nan
2024-08-08T14:47:12,84.074600,-39.143383,nan
2024-08-08T14:47:11,84.074600,-39.143421,nan
2024-08-08T14:47:11,84.074600,-39.143459,nan
2024-08-08T14:47:10,84.074608,-39.143505,nan
2024-08-08T14:47:10,84.074608,-39.143559,nan
2024-08-08T14:47:09,84.074615,-39.143616,nan
2024-08-08T14:47:09,84.074615,-39.143677,nan
2024-08-08T14:47:08,84.074615,-39.143742,nan
2024-08-08T14:47:08,84.074623,-39.143803,nan
2024-08-08T14:47:07,84.074623,-39.143867,nan
2024-08-08T14:47:07,84.074631,-39.143932,nan
2024-08-08T14:47:06,84.074631,-39.144005,nan
2024-08-08T14:47:06,84.074631,-39.144077,nan
2024-08-08T14:47:05,84.074638,-39.144150,nan
2024-08-08T14:47:05,84.074638,-39.144218,nan
2024-08-08T14:47:04,84.074638,-39.144291,nan
2024-08-08T14:47:04,84.074646,-39.144356,nan
2024-08-08T14:47:03,84.074646,-39.144417,nan
2024-08-08T14:47:03,84.074646,-39.144482,nan
2024-08-08T14:47:02,84.074654,-39.144543,nan
2024-08-08T14:47:02,84.074654,-39.144600,nan
2024-08-08T14:47:01,84.074661,-39.144661,nan
2024-08-08T14:47:01,84.074661,-39.144718,nan
2024-08-08T14:47:00,84.074669,-39.144779,nan
2024-08-08T14:47:00,84.074669,-39.144848,nan
2024-08-08T14:46:59,84.074677,-39.144917,nan
2024-08-08T14:46:59,84.074684,-39.144989,nan
2024-08-08T14:46:58,84.074684,-39.145061,nan
2024-08-08T14:46:58,84.074692,-39.145138,nan
2024-08-08T14:46:57,84.074699,-39.145222,nan
2024-08-08T14:46:57,84.074707,-39.145313,nan
2024-08-08T14:46:56,84.074715,-39.145409,nan
2024-08-08T14:46:56,84.074715,-39.145515,nan
2024-08-08T14:46:55,84.074722,-39.145630,nan
2024-08-08T14:46:55,84.074722,-39.145752,nan
2024-08-08T14:46:54,84.074730,-39.145885,nan
2024-08-08T14:46:54,84.074730,-39.146019,nan
2024-08-08T14:46:53,84.074730,-39.146152,nan
2024-08-08T14:46:53,84.074730,-39.146286,nan
2024-08-08T14:46:52,84.074730,-39.146416,nan
2024-08-08T14:46:51,84.074722,-39.146667,nan
2024-08-08T14:46:51,84.074722,-39.146793,nan
2024-08-08T14:46:50,84.074715,-39.146923,nan
2024-08-08T14:46:50,84.074707,-39.147053,nan
2024-08-08T14:46:49,84.074699,-39.147179,nan
2024-08-08T14:46:49,84.074699,-39.147308,nan
2024-08-08T14:46:48,84.074692,-39.147438,nan
2024-08-08T14:46:48,84.074684,-39.147568,nan
2024-08-08T14:46:47,84.074677,-39.147697,nan
2024-08-08T14:46:47,84.074669,-39.147827,nan
2024-08-08T14:46:46,84.074661,-39.147957,nan
2024-08-08T14:46:46,84.074661,-39.148087,nan
2024-08-08T14:46:45,84.074654,-39.148216,nan
2024-08-08T14:46:45,84.074646,-39.148346,nan
2024-08-08T14:46:44,84.074638,-39.148472,nan
2024-08-08T14:46:44,84.074631,-39.148598,nan
2024-08-08T14:46:43,84.074623,-39.148724,nan
2024-08-08T14:46:43,84.074615,-39.148853,nan
2024-08-08T14:46:42,84.074608,-39.148979,nan
2024-08-08T14:46:42,84.074600,-39.149109,nan
2024-08-08T14:46:41,84.074593,-39.149239,nan
2024-08-08T14:46:41,84.074585,-39.149364,nan
2024-08-08T14:46:40,84.074577,-39.149498,nan
2024-08-08T14:46:40,84.074570,-39.149628,nan
2024-08-08T14:46:39,84.074562,-39.149761,nan
2024-08-08T14:46:39,84.074554,-39.149891,nan
2024-08-08T14:46:38,84.074547,-39.150024,nan
2024-08-08T14:46:38,84.074539,-39.150150,nan
2024-08-08T14:46:37,84.074532,-39.150272,nan
2024-08-08T14:46:37,84.074524,-39.150394,nan
2024-08-08T14:46:36,84.074516,-39.150513,nan
2024-08-08T14:46:36,84.074509,-39.150635,nan
2024-08-08T14:46:35,84.074501,-39.150753,nan
2024-08-08T14:46:34,84.074486,-39.150993,nan
2024-08-08T14:46:34,84.074478,-39.151112,nan
2024-08-08T14:46:33,84.074471,-39.151234,nan
2024-08-08T14:46:33,84.074463,-39.151356,nan
2024-08-08T14:46:32,84.074455,-39.151478,nan
2024-08-08T14:46:32,84.074448,-39.151600,nan
2024-08-08T14:46:31,84.074440,-39.151726,nan
2024-08-08T14:46:31,84.074432,-39.151848,nan
2024-08-08T14:46:30,84.074432,-39.151974,nan
2024-08-08T14:46:30,84.074425,-39.152096,nan
2024-08-08T14:46:29,84.074425,-39.152222,nan
2024-08-08T14:46:29,84.074417,-39.152348,nan
2024-08-08T14:46:28,84.074417,-39.152477,nan
2024-08-08T14:46:28,84.074409,-39.152607,nan
2024-08-08T14:46:27,84.074409,-39.152737,nan
2024-08-08T14:46:27,84.074409,-39.152870,nan
2024-08-08T14:46:26,84.074409,-39.153000,nan
2024-08-08T14:46:26,84.074402,-39.153133,nan
2024-08-08T14:46:25,84.074402,-39.153271,nan
2024-08-08T14:46:25,84.074394,-39.153404,nan
2024-08-08T14:46:24,84.074394,-39.153538,nan
2024-08-08T14:46:24,84.074394,-39.153671,nan
2024-08-08T14:46:23,84.074387,-39.153809,nan
2024-08-08T14:46:23,84.074387,-39.153942,nan
2024-08-08T14:46:22,84.074387,-39.154076,nan
2024-08-08T14:46:22,84.074379,-39.154205,nan
2024-08-08T14:46:21,84.074379,-39.154339,nan
2024-08-08T14:46:21,84.074379,-39.154469,nan
2024-08-08T14:46:20,84.074379,-39.154602,nan
2024-08-08T14:46:20,84.074379,-39.154739,nan
2024-08-08T14:46:19,84.074379,-39.154884,nan
2024-08-08T14:46:19,84.074379,-39.155033,nan
2024-08-08T14:46:18,84.074379,-39.155190,nan
2024-08-08T14:46:18,84.074379,-39.155342,nan
2024-08-08T14:46:17,84.074379,-39.155502,nan
2024-08-08T14:46:17,84.074379,-39.155666,nan
2024-08-08T14:46:16,84.074387,-39.155834,nan
2024-08-08T14:46:16,84.074387,-39.156006,nan
2024-08-08T14:46:15,84.074394,-39.156174,nan
2024-08-08T14:46:15,84.074394,-39.156345,nan
2024-08-08T14:46:14,84.074394,-39.156513,nan
2024-08-08T14:46:14,84.074402,-39.156689,nan
2024-08-08T14:46:13,84.074409,-39.156860,nan
2024-08-08T14:46:13,84.074409,-39.157040,nan
2024-08-08T14:46:12,84.074417,-39.157219,nan
2024-08-08T14:46:12,84.074425,-39.157406,nan
2024-08-08T14:46:11,84.074432,-39.157597,nan
2024-08-08T14:46:11,84.074440,-39.157799,nan
2024-08-08T14:46:10,84.074448,-39.158001,nan
2024-08-08T14:46:10,84.074455,-39.158211,nan
2024-08-08T14:46:09,84.074463,-39.158428,nan
2024-08-08T14:46:09,84.074471,-39.158649,nan
2024-08-08T14:46:08,84.074478,-39.158875,nan
2024-08-08T14:46:08,84.074493,-39.159103,nan
2024-08-08T14:46:07,84.074501,-39.159340,nan
2024-08-08T14:46:07,84.074509,-39.159573,nan
2024-08-08T14:46:06,84.074516,-39.159813,nan
2024-08-08T14:46:06,84.074532,-39.160049,nan
2024-08-08T14:46:05,84.074539,-39.160282,nan
2024-08-08T14:46:05,84.074547,-39.160522,nan
2024-08-08T14:46:04,84.074554,-39.160759,nan
2024-08-08T14:46:04,84.074562,-39.160995,nan
2024-08-08T14:46:03,84.074570,-39.161228,nan
2024-08-08T14:46:03,84.074577,-39.161465,nan
2024-08-08T14:46:02,84.074585,-39.161701,nan
2024-08-08T14:46:02,84.074593,-39.161938,nan
2024-08-08T14:46:01,84.074600,-39.162178,nan
2024-08-08T14:46:01,84.074600,-39.162418,nan
2024-08-08T14:46:00,84.074608,-39.162663,nan
2024-08-08T14:46:00,84.074615,-39.162907,nan
2024-08-08T14:45:59,84.074623,-39.163155,nan
2024-08-08T14:45:59,84.074623,-39.163403,nan
2024-08-08T14:45:58,84.074631,-39.163651,nan
2024-08-08T14:45:58,84.074638,-39.163906,nan
2024-08-08T14:45:57,84.074638,-39.164165,nan
2024-08-08T14:45:57,84.074646,-39.164425,nan
2024-08-08T14:45:56,84.074654,-39.164688,nan
2024-08-08T14:45:56,84.074654,-39.164959,nan
2024-08-08T14:45:55,84.074661,-39.165230,nan
2024-08-08T14:45:55,84.074661,-39.165501,nan
2024-08-08T14:45:54,84.074661,-39.165775,nan
2024-08-08T14:45:54,84.074669,-39.166054,nan
2024-08-08T14:45:53,84.074669,-39.166332,nan
2024-08-08T14:45:53,84.074669,-39.166615,nan
2024-08-08T14:45:52,84.074669,-39.166901,nan
2024-08-08T14:45:52,84.074669,-39.167191,nan
2024-08-08T14:45:51,84.074669,-39.167477,nan
2024-08-08T14:45:51,84.074669,-39.167763,nan
2024-08-08T14:45:50,84.074669,-39.168053,nan
2024-08-08T14:45:50,84.074669,-39.168343,nan
2024-08-08T14:45:49,84.074669,-39.168629,nan
2024-08-08T14:45:49,84.074669,-39.168915,nan
2024-08-08T14:45:48,84.074669,-39.169197,nan
2024-08-08T14:45:48,84.074661,-39.169479,nan
2024-08-08T14:45:47,84.074661,-39.169758,nan
2024-08-08T14:45:47,84.074661,-39.170033,nan
2024-08-08T14:45:46,84.074661,-39.170307,nan
2024-08-08T14:45:46,84.074661,-39.170578,nan
2024-08-08T14:45:45,84.074661,-39.170853,nan
2024-08-08T14:45:45,84.074661,-39.171127,nan
2024-08-08T14:45:44,84.074654,-39.171402,nan
2024-08-08T14:45:44,84.074654,-39.171677,nan
2024-08-08T14:45:43,84.074654,-39.171955,nan
2024-08-08T14:45:43,84.074646,-39.172230,nan
2024-08-08T14:45:42,84.074646,-39.172508,nan
2024-08-08T14:45:42,84.074638,-39.172783,nan
2024-08-08T14:45:41,84.074638,-39.173058,nan
2024-08-08T14:45:41,84.074631,-39.173332,nan
2024-08-08T14:45:40,84.074631,-39.173607,nan
2024-08-08T14:45:40,84.074623,-39.173882,nan
2024-08-08T14:45:39,84.074615,-39.174156,nan
2024-08-08T14:45:39,84.074615,-39.174435,nan
2024-08-08T14:45:38,84.074608,-39.174709,nan
2024-08-08T14:45:38,84.074608,-39.174980,nan
2024-08-08T14:45:37,84.074600,-39.175259,nan
2024-08-08T14:45:37,84.074593,-39.175529,nan
2024-08-08T14:45:36,84.074593,-39.175800,nan
2024-08-08T14:45:36,84.074585,-39.176067,nan
2024-08-08T14:45:35,84.074577,-39.176334,nan
2024-08-08T14:45:35,84.074570,-39.176594,nan
2024-08-08T14:45:34,84.074562,-39.176853,nan
2024-08-08T14:45:34,84.074554,-39.177105,nan
2024-08-08T14:45:33,84.074547,-39.177353,nan
2024-08-08T14:45:33,84.074539,-39.177601,nan
2024-08-08T14:45:32,84.074532,-39.177845,nan
2024-08-08T14:45:32,84.074516,-39.178085,nan
2024-08-08T14:45:31,84.074509,-39.178326,nan
2024-08-08T14:45:31,84.074493,-39.178566,nan
2024-08-08T14:45:30,84.074486,-39.178802,nan
2024-08-08T14:45:30,84.074471,-39.179035,nan
2024-08-08T14:45:29,84.074463,-39.179272,nan
2024-08-08T14:45:29,84.074448,-39.179512,nan
2024-08-08T14:45:28,84.074432,-39.179752,nan
2024-08-08T14:45:28,84.074425,-39.179996,nan
2024-08-08T14:45:27,84.074409,-39.180237,nan
2024-08-08T14:45:27,84.074394,-39.180477,nan
2024-08-08T14:45:26,84.074387,-39.180717,nan
2024-08-08T14:45:26,84.074371,-39.180958,nan
2024-08-08T14:45:25,84.074356,-39.181198,nan
2024-08-08T14:45:25,84.074348,-39.181446,nan
2024-08-08T14:45:24,84.074333,-39.181698,nan
2024-08-08T14:45:24,84.074318,-39.181953,nan
2024-08-08T14:45:23,84.074303,-39.182213,nan
2024-08-08T14:45:23,84.074287,-39.182476,nan
2024-08-08T14:45:22,84.074272,-39.182747,nan
2024-08-08T14:45:22,84.074257,-39.183014,nan
2024-08-08T14:45:21,84.074242,-39.183285,nan
2024-08-08T14:45:21,84.074219,-39.183559,nan
2024-08-08T14:45:20,84.074203,-39.183834,nan
2024-08-08T14:45:20,84.074188,-39.184109,nan
2024-08-08T14:45:19,84.074165,-39.184387,nan
2024-08-08T14:45:19,84.074150,-39.184669,nan
2024-08-08T14:45:18,84.074135,-39.184952,nan
2024-08-08T14:45:18,84.074120,-39.185234,nan
2024-08-08T14:45:17,84.074104,-39.185516,nan
2024-08-08T14:45:17,84.074081,-39.185802,nan
2024-08-08T14:45:16,84.074066,-39.186089,nan
2024-08-08T14:45:16,84.074051,-39.186371,nan
2024-08-08T14:45:15,84.074036,-39.186653,nan
2024-08-08T14:45:15,84.074020,-39.186939,nan
2024-08-08T14:45:14,84.074005,-39.187229,nan
2024-08-08T14:45:14,84.073990,-39.187519,nan
2024-08-08T14:45:13,84.073975,-39.187817,nan
2024-08-08T14:45:13,84.073952,-39.188110,nan
2024-08-08T14:45:12,84.073936,-39.188408,nan
2024-08-08T14:45:12,84.073921,-39.188702,nan
2024-08-08T14:45:11,84.073906,-39.188999,nan
2024-08-08T14:45:11,84.073891,-39.189301,nan
2024-08-08T14:45:10,84.073875,-39.189602,nan
2024-08-08T14:45:10,84.073860,-39.189903,nan
2024-08-08T14:45:09,84.073845,-39.190216,nan
2024-08-08T14:45:09,84.073830,-39.190533,nan
2024-08-08T14:45:08,84.073814,-39.190861,nan
2024-08-08T14:45:08,84.073799,-39.191196,nan
2024-08-08T14:45:07,84.073776,-39.191536,nan
2024-08-08T14:45:07,84.073769,-39.191872,nan
2024-08-08T14:45:06,84.073753,-39.192215,nan
2024-08-08T14:45:06,84.073730,-39.192566,nan
2024-08-08T14:45:05,84.073715,-39.192913,nan
2024-08-08T14:45:05,84.073708,-39.193256,nan
2024-08-08T14:45:04,84.073692,-39.193604,nan
2024-08-08T14:45:04,84.073677,-39.193951,nan
2024-08-08T14:45:03,84.073662,-39.194302,nan
2024-08-08T14:45:03,84.073647,-39.194649,nan
2024-08-08T14:45:02,84.073639,-39.195000,nan
2024-08-08T14:45:02,84.073624,-39.195347,nan
2024-08-08T14:45:01,84.073608,-39.195698,nan
2024-08-08T14:45:01,84.073593,-39.196045,nan
2024-08-08T14:45:00,84.073586,-39.196388,nan
2024-08-08T14:45:00,84.073570,-39.196728,nan
2024-08-08T14:44:59,84.073555,-39.197060,nan
2024-08-08T14:44:59,84.073540,-39.197388,nan
2024-08-08T14:44:58,84.073532,-39.197720,nan
2024-08-08T14:44:58,84.073517,-39.198051,nan
2024-08-08T14:44:57,84.073509,-39.198387,nan
2024-08-08T14:44:57,84.073502,-39.198727,nan
2024-08-08T14:44:56,84.073486,-39.199062,nan
2024-08-08T14:44:56,84.073479,-39.199402,nan
2024-08-08T14:44:55,84.073463,-39.199749,nan
2024-08-08T14:44:55,84.073456,-39.200096,nan
2024-08-08T14:44:54,84.073448,-39.200451,nan
2024-08-08T14:44:54,84.073433,-39.200802,nan
2024-08-08T14:44:53,84.073425,-39.201157,nan
2024-08-08T14:44:53,84.073418,-39.201511,nan
2024-08-08T14:44:52,84.073402,-39.201870,nan
2024-08-08T14:44:52,84.073395,-39.202229,nan
2024-08-08T14:44:51,84.073380,-39.202587,nan
2024-08-08T14:44:51,84.073372,-39.202950,nan
2024-08-08T14:44:50,84.073364,-39.203320,nan
2024-08-08T14:44:50,84.073349,-39.203690,nan
2024-08-08T14:44:49,84.073341,-39.204063,nan
2024-08-08T14:44:49,84.073326,-39.204441,nan
2024-08-08T14:44:48,84.073318,-39.204819,nan
2024-08-08T14:44:48,84.073303,-39.205196,nan
2024-08-08T14:44:47,84.073296,-39.205585,nan
2024-08-08T14:44:47,84.073280,-39.205971,nan
2024-08-08T14:44:46,84.073273,-39.206356,nan
2024-08-08T14:44:46,84.073257,-39.206745,nan
2024-08-08T14:44:45,84.073250,-39.207127,nan
2024-08-08T14:44:45,84.073235,-39.207516,nan
2024-08-08T14:44:44,84.073227,-39.207909,nan
2024-08-08T14:44:44,84.073212,-39.208305,nan
2024-08-08T14:44:43,84.073204,-39.208706,nan
2024-08-08T14:44:43,84.073189,-39.209103,nan
2024-08-08T14:44:42,84.073181,-39.209496,nan
2024-08-08T14:44:42,84.073166,-39.209892,nan
2024-08-08T14:44:41,84.073151,-39.210285,nan
2024-08-08T14:44:41,84.073143,-39.210678,nan
2024-08-08T14:44:40,84.073128,-39.211067,nan
2024-08-08T14:44:40,84.073112,-39.211452,nan
2024-08-08T14:44:39,84.073105,-39.211838,nan
2024-08-08T14:44:39,84.073090,-39.212219,nan
2024-08-08T14:44:38,84.073074,-39.212605,nan
2024-08-08T14:44:38,84.073067,-39.212982,nan
2024-08-08T14:44:37,84.073051,-39.213364,nan
2024-08-08T14:44:37,84.073036,-39.213741,nan
2024-08-08T14:44:36,84.073029,-39.214127,nan
2024-08-08T14:44:36,84.073013,-39.214508,nan
2024-08-08T14:44:35,84.073006,-39.214893,nan
2024-08-08T14:44:35,84.072990,-39.215279,nan
2024-08-08T14:44:34,84.072983,-39.215664,nan
2024-08-08T14:44:34,84.072968,-39.216045,nan
2024-08-08T14:44:33,84.072952,-39.216427,nan
2024-08-08T14:44:33,84.072945,-39.216808,nan
2024-08-08T14:44:32,84.072929,-39.217190,nan
2024-08-08T14:44:32,84.072922,-39.217567,nan
2024-08-08T14:44:31,84.072906,-39.217945,nan
2024-08-08T14:44:31,84.072899,-39.218315,nan
2024-08-08T14:44:30,84.072891,-39.218693,nan
2024-08-08T14:44:30,84.072876,-39.219067,nan
2024-08-08T14:44:29,84.072868,-39.219448,nan
2024-08-08T14:44:29,84.072853,-39.219830,nan
2024-08-08T14:44:28,84.072845,-39.220211,nan
2024-08-08T14:44:28,84.072830,-39.220592,nan
2024-08-08T14:44:27,84.072823,-39.220970,nan
2024-08-08T14:44:27,84.072807,-39.221348,nan
2024-08-08T14:44:26,84.072800,-39.221714,nan
2024-08-08T14:44:26,84.072784,-39.222073,nan
2024-08-08T14:44:25,84.072769,-39.222416,nan
2024-08-08T14:44:25,84.072762,-39.222744,nan
2024-08-08T14:44:24,84.072746,-39.223061,nan
2024-08-08T14:44:24,84.072723,-39.223370,nan
2024-08-08T14:44:23,84.072708,-39.223679,nan
2024-08-08T14:44:23,84.072693,-39.223988,nan
2024-08-08T14:44:22,84.072678,-39.224293,nan
2024-08-08T14:44:22,84.072662,-39.224594,nan
2024-08-08T14:44:21,84.072647,-39.224899,nan
2024-08-08T14:44:21,84.072632,-39.225201,nan
2024-08-08T14:44:20,84.072617,-39.225502,nan
2024-08-08T14:44:20,84.072601,-39.225803,nan
2024-08-08T14:44:19,84.072586,-39.226105,nan
2024-08-08T14:44:19,84.072571,-39.226406,nan
2024-08-08T14:44:18,84.072563,-39.226707,nan
2024-08-08T14:44:18,84.072548,-39.227009,nan
2024-08-08T14:44:17,84.072533,-39.227314,nan
2024-08-08T14:44:17,84.072525,-39.227623,nan
2024-08-08T14:44:16,84.072510,-39.227932,nan
2024-08-08T14:44:16,84.072495,-39.228245,nan
2024-08-08T14:44:15,84.072479,-39.228561,nan
2024-08-08T14:44:15,84.072464,-39.228886,nan
2024-08-08T14:44:14,84.072449,-39.229214,nan
2024-08-08T14:44:14,84.072441,-39.229546,nan
2024-08-08T14:44:13,84.072426,-39.229881,nan
2024-08-08T14:44:13,84.072411,-39.230221,nan
2024-08-08T14:44:12,84.072395,-39.230560,nan
2024-08-08T14:44:12,84.072380,-39.230907,nan
2024-08-08T14:44:11,84.072365,-39.231255,nan
2024-08-08T14:44:11,84.072350,-39.231602,nan
2024-08-08T14:44:10,84.072334,-39.231949,nan
2024-08-08T14:44:10,84.072319,-39.232300,nan
2024-08-08T14:44:09,84.072304,-39.232651,nan
2024-08-08T14:44:09,84.072289,-39.233002,nan
2024-08-08T14:44:08,84.072273,-39.233353,nan
2024-08-08T14:44:08,84.072258,-39.233707,nan
2024-08-08T14:44:07,84.072243,-39.234066,nan
2024-08-08T14:44:07,84.072227,-39.234425,nan
2024-08-08T14:44:06,84.072212,-39.234791,nan
2024-08-08T14:44:06,84.072197,-39.235161,nan
2024-08-08T14:44:05,84.072182,-39.235531,nan
2024-08-08T14:44:05,84.072166,-39.235909,nan
2024-08-08T14:44:04,84.072159,-39.236282,nan
2024-08-08T14:44:04,84.072144,-39.236656,nan
2024-08-08T14:44:03,84.072128,-39.237034,nan
2024-08-08T14:44:03,84.072113,-39.237408,nan
2024-08-08T14:44:02,84.072098,-39.237782,nan
2024-08-08T14:44:02,84.072090,-39.238152,nan
2024-08-08T14:44:01,84.072075,-39.238522,nan
2024-08-08T14:44:01,84.072060,-39.238888,nan
2024-08-08T14:44:00,84.072044,-39.239246,nan
2024-08-08T14:44:00,84.072029,-39.239597,nan
2024-08-08T14:43:59,84.072006,-39.239944,nan
2024-08-08T14:43:59,84.071991,-39.240284,nan
2024-08-08T14:43:58,84.071976,-39.240620,nan
2024-08-08T14:43:58,84.071953,-39.240955,nan
2024-08-08T14:43:57,84.071938,-39.241287,nan
2024-08-08T14:43:57,84.071915,-39.241623,nan
2024-08-08T14:43:56,84.071899,-39.241959,nan
2024-08-08T14:43:56,84.071877,-39.242290,nan
2024-08-08T14:43:55,84.071854,-39.242622,nan
2024-08-08T14:43:55,84.071838,-39.242958,nan
2024-08-08T14:43:54,84.071815,-39.243294,nan
2024-08-08T14:43:54,84.071793,-39.243633,nan
2024-08-08T14:43:53,84.071777,-39.243977,nan
2024-08-08T14:43:53,84.071754,-39.244320,nan
2024-08-08T14:43:52,84.071732,-39.244667,nan
2024-08-08T14:43:52,84.071716,-39.245014,nan
2024-08-08T14:43:51,84.071693,-39.245365,nan
2024-08-08T14:43:51,84.071678,-39.245716,nan
2024-08-08T14:43:50,84.071655,-39.246071,nan
2024-08-08T14:43:50,84.071640,-39.246426,nan
2024-08-08T14:43:49,84.071617,-39.246780,nan
2024-08-08T14:43:49,84.071594,-39.247135,nan
2024-08-08T14:43:48,84.071579,-39.247490,nan
2024-08-08T14:43:48,84.071556,-39.247849,nan
2024-08-08T14:43:47,84.071533,-39.248207,nan
2024-08-08T14:43:47,84.071518,-39.248566,nan
2024-08-08T14:43:46,84.071495,-39.248928,nan
2024-08-08T14:43:46,84.071472,-39.249290,nan
2024-08-08T14:43:45,84.071449,-39.249653,nan
2024-08-08T14:43:45,84.071434,-39.250019,nan
2024-08-08T14:43:44,84.071411,-39.250381,nan
2024-08-08T14:43:44,84.071388,-39.250748,nan
2024-08-08T14:43:43,84.071365,-39.251114,nan
2024-08-08T14:43:43,84.071342,-39.251476,nan
2024-08-08T14:43:42,84.071327,-39.251842,nan
2024-08-08T14:43:42,84.071304,-39.252209,nan
2024-08-08T14:43:41,84.071281,-39.252571,nan
2024-08-08T14:43:41,84.071266,-39.252941,nan
2024-08-08T14:43:40,84.071243,-39.253307,nan
2024-08-08T14:43:40,84.071228,-39.253677,nan
2024-08-08T14:43:39,84.071205,-39.254047,nan
2024-08-08T14:43:39,84.071190,-39.254421,nan
2024-08-08T14:43:38,84.071175,-39.254795,nan
2024-08-08T14:43:38,84.071152,-39.255173,nan
2024-08-08T14:43:37,84.071136,-39.255550,nan
2024-08-08T14:43:37,84.071121,-39.255932,nan
2024-08-08T14:43:36,84.071106,-39.256317,nan
2024-08-08T14:43:36,84.071091,-39.256706,nan
2024-08-08T14:43:35,84.071075,-39.257099,nan
2024-08-08T14:43:35,84.071060,-39.257500,nan
2024-08-08T14:43:34,84.071045,-39.257900,nan
2024-08-08T14:43:34,84.071030,-39.258308,nan
2024-08-08T14:43:33,84.071014,-39.258717,nan
2024-08-08T14:43:33,84.070999,-39.259121,nan
2024-08-08T14:43:32,84.070984,-39.259529,nan
2024-08-08T14:43:32,84.070969,-39.259941,nan
2024-08-08T14:43:31,84.070953,-39.260353,nan
2024-08-08T14:43:31,84.070938,-39.260765,nan
2024-08-08T14:43:30,84.070923,-39.261173,nan
2024-08-08T14:43:30,84.070915,-39.261581,nan
2024-08-08T14:43:29,84.070900,-39.261993,nan
2024-08-08T14:43:29,84.070892,-39.262402,nan
2024-08-08T14:43:28,84.070877,-39.262817,nan
2024-08-08T14:43:28,84.070869,-39.263229,nan
2024-08-08T14:43:27,84.070854,-39.263645,nan
2024-08-08T14:43:27,84.070847,-39.264057,nan
2024-08-08T14:43:26,84.070839,-39.264465,nan
2024-08-08T14:43:26,84.070824,-39.264874,nan
2024-08-08T14:43:25,84.070816,-39.265274,nan
2024-08-08T14:43:24,84.070793,-39.266060,nan
2024-08-08T14:43:24,84.070778,-39.266445,nan
2024-08-08T14:43:23,84.070763,-39.266830,nan
2024-08-08T14:43:23,84.070755,-39.267216,nan
2024-08-08T14:43:22,84.070740,-39.267601,nan
2024-08-08T14:43:22,84.070724,-39.267986,nan
2024-08-08T14:43:21,84.070709,-39.268368,nan
2024-08-08T14:43:21,84.070694,-39.268749,nan
2024-08-08T14:43:20,84.070679,-39.269131,nan
2024-08-08T14:43:20,84.070663,-39.269512,nan
2024-08-08T14:43:19,84.070648,-39.269894,nan
2024-08-08T14:43:19,84.070633,-39.270271,nan
2024-08-08T14:43:18,84.070618,-39.270657,nan
2024-08-08T14:43:18,84.070602,-39.271046,nan
2024-08-08T14:43:17,84.070587,-39.271439,nan
2024-08-08T14:43:17,84.070572,-39.271832,nan
2024-08-08T14:43:16,84.070557,-39.272228,nan
2024-08-08T14:43:16,84.070541,-39.272629,nan
2024-08-08T14:43:15,84.070526,-39.273029,nan
2024-08-08T14:43:15,84.070503,-39.273430,nan
2024-08-08T14:43:14,84.070488,-39.273830,nan
2024-08-08T14:43:14,84.070473,-39.274235,nan
2024-08-08T14:43:13,84.070457,-39.274635,nan
2024-08-08T14:43:13,84.070442,-39.275040,nan
2024-08-08T14:43:12,84.070427,-39.275444,nan
2024-08-08T14:43:12,84.070412,-39.275848,nan
2024-08-08T14:43:11,84.070396,-39.276253,nan
2024-08-08T14:43:11,84.070381,-39.276653,nan
2024-08-08T14:43:10,84.070366,-39.277054,nan
2024-08-08T14:43:10,84.070351,-39.277451,nan
2024-08-08T14:43:09,84.070335,-39.277847,nan
2024-08-08T14:43:09,84.070320,-39.278244,nan
2024-08-08T14:43:08,84.070305,-39.278641,nan
2024-08-08T14:43:08,84.070290,-39.279037,nan
2024-08-08T14:43:07,84.070267,-39.279438,nan
2024-08-08T14:43:07,84.070251,-39.279842,nan
2024-08-08T14:43:06,84.070236,-39.280247,nan
2024-08-08T14:43:06,84.070221,-39.280651,nan
2024-08-08T14:43:05,84.070206,-39.281059,nan
2024-08-08T14:43:05,84.070183,-39.281467,nan
2024-08-08T14:43:04,84.070168,-39.281876,nan
2024-08-08T14:43:04,84.070152,-39.282288,nan
2024-08-08T14:43:03,84.070129,-39.282696,nan
2024-08-08T14:43:03,84.070114,-39.283108,nan
2024-08-08T14:43:02,84.070091,-39.283516,nan
2024-08-08T14:43:02,84.070068,-39.283928,nan
2024-08-08T14:43:01,84.070053,-39.284340,nan
2024-08-08T14:43:01,84.070030,-39.284752,nan
2024-08-08T14:43:00,84.070007,-39.285164,nan
2024-08-08T14:43:00,84.069984,-39.285583,nan
2024-08-08T14:42:59,84.069962,-39.286003,nan
2024-08-08T14:42:59,84.069939,-39.286430,nan
2024-08-08T14:42:58,84.069916,-39.286861,nan
2024-08-08T14:42:58,84.069885,-39.287292,nan
2024-08-08T14:42:57,84.069862,-39.287724,nan
2024-08-08T14:42:57,84.069839,-39.288158,nan
2024-08-08T14:42:56,84.069817,-39.288589,nan
2024-08-08T14:42:56,84.069794,-39.289028,nan
2024-08-08T14:42:55,84.069771,-39.289471,nan
2024-08-08T14:42:55,84.069748,-39.289913,nan
2024-08-08T14:42:54,84.069725,-39.290359,nan
2024-08-08T14:42:54,84.069702,-39.290810,nan
2024-08-08T14:42:53,84.069679,-39.291264,nan
2024-08-08T14:42:53,84.069656,-39.291725,nan
2024-08-08T14:42:52,84.069626,-39.292187,nan
2024-08-08T14:42:52,84.069603,-39.292652,nan
2024-08-08T14:42:51,84.069580,-39.293121,nan
2024-08-08T14:42:51,84.069557,-39.293594,nan
2024-08-08T14:42:50,84.069534,-39.294067,nan
2024-08-08T14:42:50,84.069511,-39.294544,nan
2024-08-08T14:42:49,84.069489,-39.295021,nan
2024-08-08T14:42:49,84.069466,-39.295502,nan
2024-08-08T14:42:48,84.069443,-39.295982,nan
2024-08-08T14:42:48,84.069412,-39.296467,nan
2024-08-08T14:42:47,84.069389,-39.296951,nan
2024-08-08T14:42:47,84.069366,-39.297436,nan
2024-08-08T14:42:46,84.069344,-39.297920,nan
2024-08-08T14:42:46,84.069321,-39.298405,nan
2024-08-08T14:42:45,84.069298,-39.298893,nan
2024-08-08T14:42:45,84.069275,-39.299381,nan
2024-08-08T14:42:44,84.069252,-39.299877,nan
2024-08-08T14:42:44,84.069229,-39.300373,nan
2024-08-08T14:42:43,84.069199,-39.300869,nan
2024-08-08T14:42:43,84.069176,-39.301369,nan
2024-08-08T14:42:42,84.069153,-39.301865,nan
2024-08-08T14:42:42,84.069130,-39.302361,nan
2024-08-08T14:42:41,84.069107,-39.302856,nan
2024-08-08T14:42:41,84.069084,-39.303349,nan
2024-08-08T14:42:40,84.069054,-39.303844,nan
2024-08-08T14:42:40,84.069031,-39.304337,nan
2024-08-08T14:42:39,84.069008,-39.304832,nan
2024-08-08T14:42:39,84.068977,-39.305328,nan
2024-08-08T14:42:38,84.068954,-39.305820,nan
2024-08-08T14:42:38,84.068932,-39.306316,nan
2024-08-08T14:42:37,84.068901,-39.306812,nan
2024-08-08T14:42:37,84.068878,-39.307312,nan
2024-08-08T14:42:36,84.068848,-39.307812,nan
2024-08-08T14:42:36,84.068825,-39.308315,nan
2024-08-08T14:42:35,84.068794,-39.308823,nan
2024-08-08T14:42:35,84.068771,-39.309334,nan
2024-08-08T14:42:34,84.068748,-39.309845,nan
2024-08-08T14:42:34,84.068718,-39.310356,nan
2024-08-08T14:42:33,84.068695,-39.310871,nan
2024-08-08T14:42:33,84.068665,-39.311386,nan
2024-08-08T14:42:32,84.068642,-39.311901,nan
2024-08-08T14:42:32,84.068619,-39.312412,nan
2024-08-08T14:42:31,84.068588,-39.312923,nan
2024-08-08T14:42:31,84.068565,-39.313427,nan
2024-08-08T14:42:30,84.068535,-39.313934,nan
2024-08-08T14:42:30,84.068512,-39.314438,nan
2024-08-08T14:42:29,84.068481,-39.314941,nan
2024-08-08T14:42:29,84.068459,-39.315449,nan
2024-08-08T14:42:28,84.068428,-39.315956,nan
2024-08-08T14:42:28,84.068405,-39.316467,nan
2024-08-08T14:42:27,84.068375,-39.316982,nan
2024-08-08T14:42:27,84.068352,-39.317497,nan
2024-08-08T14:42:26,84.068329,-39.318020,nan
2024-08-08T14:42:26,84.068298,-39.318539,nan
2024-08-08T14:42:25,84.068275,-39.319061,nan
2024-08-08T14:42:25,84.068253,-39.319584,nan
2024-08-08T14:42:24,84.068230,-39.320114,nan
2024-08-08T14:42:24,84.068207,-39.320644,nan
2024-08-08T14:42:23,84.068184,-39.321175,nan
2024-08-08T14:42:23,84.068161,-39.321709,nan
2024-08-08T14:42:22,84.068138,-39.322247,nan
2024-08-08T14:42:22,84.068108,-39.322784,nan
2024-08-08T14:42:21,84.068085,-39.323326,nan
2024-08-08T14:42:21,84.068062,-39.323868,nan
2024-08-08T14:42:20,84.068039,-39.324413,nan
2024-08-08T14:42:20,84.068016,-39.324963,nan
2024-08-08T14:42:19,84.067993,-39.325520,nan
2024-08-08T14:42:19,84.067970,-39.326077,nan
2024-08-08T14:42:18,84.067947,-39.326637,nan
2024-08-08T14:42:18,84.067924,-39.327202,nan
2024-08-08T14:42:17,84.067909,-39.327763,nan
2024-08-08T14:42:17,84.067886,-39.328327,nan
2024-08-08T14:42:16,84.067863,-39.328892,nan
2024-08-08T14:42:16,84.067841,-39.329456,nan
2024-08-08T14:42:15,84.067818,-39.330025,nan
2024-08-08T14:42:15,84.067795,-39.330589,nan
2024-08-08T14:42:14,84.067772,-39.331158,nan
2024-08-08T14:42:14,84.067749,-39.331726,nan
2024-08-08T14:42:13,84.067726,-39.332294,nan
2024-08-08T14:42:13,84.067703,-39.332863,nan
2024-08-08T14:42:12,84.067680,-39.333431,nan
2024-08-08T14:42:12,84.067657,-39.334000,nan
2024-08-08T14:42:11,84.067635,-39.334568,nan
2024-08-08T14:42:11,84.067619,-39.335133,nan
2024-08-08T14:42:10,84.067596,-39.335697,nan
2024-08-08T14:42:10,84.067574,-39.336262,nan
2024-08-08T14:42:09,84.067551,-39.336823,nan
2024-08-08T14:42:09,84.067528,-39.337379,nan
2024-08-08T14:42:08,84.067505,-39.337933,nan
2024-08-08T14:42:08,84.067490,-39.338478,nan
2024-08-08T14:42:07,84.067467,-39.339020,nan
2024-08-08T14:42:07,84.067436,-39.339554,nan
2024-08-08T14:42:06,84.067413,-39.340084,nan
2024-08-08T14:42:06,84.067390,-39.340614,nan
2024-08-08T14:42:05,84.067368,-39.341148,nan
2024-08-08T14:42:05,84.067345,-39.341682,nan
2024-08-08T14:42:04,84.067322,-39.342220,nan
2024-08-08T14:42:04,84.067299,-39.342751,nan
2024-08-08T14:42:03,84.067276,-39.343281,nan
2024-08-08T14:42:03,84.067245,-39.343807,nan
2024-08-08T14:42:02,84.067223,-39.344334,nan
2024-08-08T14:42:02,84.067200,-39.344856,nan
2024-08-08T14:42:01,84.067177,-39.345379,nan
2024-08-08T14:42:01,84.067154,-39.345898,nan
2024-08-08T14:42:00,84.067123,-39.346413,nan
2024-08-08T14:42:00,84.067101,-39.346928,nan
2024-08-08T14:41:59,84.067078,-39.347443,nan
2024-08-08T14:41:59,84.067055,-39.347958,nan
2024-08-08T14:41:58,84.067024,-39.348473,nan
2024-08-08T14:41:58,84.067001,-39.348984,nan
2024-08-08T14:41:57,84.066978,-39.349491,nan
2024-08-08T14:41:57,84.066956,-39.350002,nan
2024-08-08T14:41:56,84.066925,-39.350513,nan
2024-08-08T14:41:56,84.066902,-39.351021,nan
2024-08-08T14:41:55,84.066879,-39.351521,nan
2024-08-08T14:41:55,84.066856,-39.352016,nan
2024-08-08T14:41:54,84.066826,-39.352509,nan
2024-08-08T14:41:54,84.066803,-39.353001,nan
2024-08-08T14:41:53,84.066780,-39.353485,nan
2024-08-08T14:41:53,84.066750,-39.353966,nan
2024-08-08T14:41:52,84.066727,-39.354443,nan
2024-08-08T14:41:52,84.066704,-39.354916,nan
2024-08-08T14:41:51,84.066673,-39.355389,nan
2024-08-08T14:41:51,84.066650,-39.355865,nan
2024-08-08T14:41:50,84.066620,-39.356339,nan
2024-08-08T14:41:50,84.066597,-39.356819,nan
2024-08-08T14:41:49,84.066566,-39.357300,nan
2024-08-08T14:41:49,84.066536,-39.357780,nan
2024-08-08T14:41:48,84.066513,-39.358261,nan
2024-08-08T14:41:48,84.066483,-39.358746,nan
2024-08-08T14:41:47,84.066452,-39.359230,nan
2024-08-08T14:41:47,84.066429,-39.359707,nan
2024-08-08T14:41:46,84.066399,-39.360184,nan
2024-08-08T14:41:46,84.066376,-39.360661,nan
2024-08-08T14:41:45,84.066345,-39.361134,nan
2024-08-08T14:41:45,84.066315,-39.361603,nan
2024-08-08T14:41:44,84.066292,-39.362072,nan
2024-08-08T14:41:44,84.066261,-39.362541,nan
2024-08-08T14:41:43,84.066238,-39.363007,nan
2024-08-08T14:41:43,84.066208,-39.363468,nan
2024-08-08T14:41:42,84.066177,-39.363930,nan
2024-08-08T14:41:42,84.066154,-39.364391,nan
2024-08-08T14:41:41,84.066124,-39.364849,nan
2024-08-08T14:41:41,84.066093,-39.365311,nan
2024-08-08T14:41:40,84.066071,-39.365776,nan
2024-08-08T14:41:40,84.066040,-39.366241,nan
2024-08-08T14:41:39,84.066010,-39.366714,nan
2024-08-08T14:41:39,84.065979,-39.367188,nan
2024-08-08T14:41:38,84.065948,-39.367661,nan
2024-08-08T14:41:38,84.065918,-39.368130,nan
2024-08-08T14:41:37,84.065887,-39.368599,nan
2024-08-08T14:41:37,84.065857,-39.369068,nan
2024-08-08T14:41:36,84.065826,-39.369534,nan
2024-08-08T14:41:36,84.065796,-39.369991,nan
2024-08-08T14:41:35,84.065765,-39.370449,nan
2024-08-08T14:41:35,84.065735,-39.370907,nan
2024-08-08T14:41:34,84.065704,-39.371368,nan
2024-08-08T14:41:34,84.065674,-39.371834,nan
2024-08-08T14:41:33,84.065636,-39.372303,nan
2024-08-08T14:41:33,84.065605,-39.372776,nan
2024-08-08T14:41:32,84.065575,-39.373249,nan
2024-08-08T14:41:32,84.065536,-39.373722,nan
2024-08-08T14:41:31,84.065506,-39.374203,nan
2024-08-08T14:41:31,84.065468,-39.374687,nan
2024-08-08T14:41:30,84.065437,-39.375179,nan
2024-08-08T14:41:30,84.065399,-39.375671,nan
2024-08-08T14:41:29,84.065369,-39.376160,nan
2024-08-08T14:41:29,84.065331,-39.376648,nan
2024-08-08T14:41:28,84.065292,-39.377132,nan
2024-08-08T14:41:28,84.065254,-39.377621,nan
2024-08-08T14:41:27,84.065216,-39.378109,nan
2024-08-08T14:41:27,84.065178,-39.378601,nan
2024-08-08T14:41:26,84.065140,-39.379101,nan
2024-08-08T14:41:26,84.065094,-39.379608,nan
2024-08-08T14:41:25,84.065056,-39.380123,nan
2024-08-08T14:41:25,84.065010,-39.380638,nan
2024-08-08T14:41:24,84.064972,-39.381157,nan
2024-08-08T14:41:24,84.064926,-39.381680,nan
2024-08-08T14:41:23,84.064880,-39.382202,nan
2024-08-08T14:41:23,84.064835,-39.382729,nan
2024-08-08T14:41:22,84.064796,-39.383251,nan
2024-08-08T14:41:22,84.064751,-39.383781,nan
2024-08-08T14:41:21,84.064705,-39.384312,nan
2024-08-08T14:41:21,84.064659,-39.384838,nan
2024-08-08T14:41:20,84.064613,-39.385365,nan
2024-08-08T14:41:20,84.064568,-39.385887,nan
2024-08-08T14:41:19,84.064522,-39.386410,nan
2024-08-08T14:41:19,84.064476,-39.386929,nan
2024-08-08T14:41:18,84.064430,-39.387451,nan
2024-08-08T14:41:18,84.064384,-39.387974,nan
2024-08-08T14:41:17,84.064339,-39.388496,nan
2024-08-08T14:41:17,84.064285,-39.389019,nan
2024-08-08T14:41:16,84.064240,-39.389542,nan
2024-08-08T14:41:16,84.064186,-39.390064,nan
2024-08-08T14:41:15,84.064140,-39.390591,nan
2024-08-08T14:41:15,84.064087,-39.391117,nan
2024-08-08T14:41:14,84.064034,-39.391640,nan
2024-08-08T14:41:14,84.063988,-39.392162,nan
2024-08-08T14:41:13,84.063934,-39.392681,nan
2024-08-08T14:41:13,84.063881,-39.393200,nan
2024-08-08T14:41:12,84.063835,-39.393719,nan
2024-08-08T14:41:12,84.063782,-39.394234,nan
2024-08-08T14:41:11,84.063728,-39.394749,nan
2024-08-08T14:41:11,84.063675,-39.395264,nan
2024-08-08T14:41:10,84.063629,-39.395775,nan
2024-08-08T14:41:10,84.063576,-39.396290,nan
2024-08-08T14:41:09,84.063522,-39.396801,nan
2024-08-08T14:41:09,84.063477,-39.397312,nan
2024-08-08T14:41:08,84.063423,-39.397823,nan
2024-08-08T14:41:08,84.063370,-39.398335,nan
2024-08-08T14:41:07,84.063316,-39.398842,nan
2024-08-08T14:41:07,84.063263,-39.399353,nan
2024-08-08T14:41:06,84.063210,-39.399868,nan
2024-08-08T14:41:06,84.063156,-39.400383,nan
2024-08-08T14:41:05,84.063103,-39.400902,nan
2024-08-08T14:41:05,84.063049,-39.401424,nan
2024-08-08T14:41:04,84.062996,-39.401943,nan
2024-08-08T14:41:04,84.062943,-39.402470,nan
2024-08-08T14:41:03,84.062889,-39.402996,nan
2024-08-08T14:41:03,84.062836,-39.403522,nan
2024-08-08T14:41:02,84.062782,-39.404049,nan
2024-08-08T14:41:02,84.062729,-39.404575,nan
2024-08-08T14:41:01,84.062675,-39.405106,nan
2024-08-08T14:41:01,84.062622,-39.405636,nan
2024-08-08T14:41:00,84.062569,-39.406162,nan
2024-08-08T14:41:00,84.062515,-39.406689,nan
2024-08-08T14:40:59,84.062454,-39.407215,nan
2024-08-08T14:40:59,84.062401,-39.407745,nan
2024-08-08T14:40:58,84.062347,-39.408279,nan
2024-08-08T14:40:58,84.062294,-39.408813,nan
2024-08-08T14:40:57,84.062241,-39.409348,nan
2024-08-08T14:40:57,84.062187,-39.409885,nan
2024-08-08T14:40:56,84.062126,-39.410419,nan
2024-08-08T14:40:56,84.062073,-39.410954,nan
2024-08-08T14:40:55,84.062019,-39.411491,nan
2024-08-08T14:40:55,84.061966,-39.412029,nan
2024-08-08T14:40:54,84.061905,-39.412571,nan
2024-08-08T14:40:54,84.061852,-39.413113,nan
2024-08-08T14:40:53,84.061798,-39.413651,nan
2024-08-08T14:40:53,84.061737,-39.414192,nan
2024-08-08T14:40:52,84.061684,-39.414734,nan
2024-08-08T14:40:52,84.061623,-39.415272,nan
2024-08-08T14:40:51,84.061569,-39.415810,nan
2024-08-08T14:40:51,84.061516,-39.416348,nan
2024-08-08T14:40:50,84.061455,-39.416889,nan
2024-08-08T14:40:50,84.061401,-39.417427,nan
2024-08-08T14:40:49,84.061340,-39.417965,nan
2024-08-08T14:40:49,84.061287,-39.418507,nan
2024-08-08T14:40:48,84.061226,-39.419044,nan
2024-08-08T14:40:48,84.061172,-39.419582,nan
2024-08-08T14:40:47,84.061111,-39.420120,nan
2024-08-08T14:40:47,84.061058,-39.420658,nan
2024-08-08T14:40:46,84.061005,-39.421200,nan
2024-08-08T14:40:46,84.060944,-39.421741,nan
2024-08-08T14:40:45,84.060890,-39.422291,nan
2024-08-08T14:40:45,84.060829,-39.422840,nan
2024-08-08T14:40:44,84.060776,-39.423397,nan
2024-08-08T14:40:44,84.060715,-39.423958,nan
2024-08-08T14:40:43,84.060661,-39.424522,nan
2024-08-08T14:40:43,84.060600,-39.425091,nan
2024-08-08T14:40:42,84.060547,-39.425659,nan
2024-08-08T14:40:42,84.060493,-39.426235,nan
2024-08-08T14:40:41,84.060432,-39.426807,nan
2024-08-08T14:40:41,84.060379,-39.427376,nan
2024-08-08T14:40:40,84.060318,-39.427948,nan
2024-08-08T14:40:40,84.060265,-39.428516,nan
2024-08-08T14:40:39,84.060204,-39.429085,nan
2024-08-08T14:40:39,84.060150,-39.429653,nan
2024-08-08T14:40:38,84.060089,-39.430218,nan
2024-08-08T14:40:38,84.060028,-39.430786,nan
2024-08-08T14:40:37,84.059975,-39.431351,nan
2024-08-08T14:40:37,84.059914,-39.431915,nan
2024-08-08T14:40:36,84.059860,-39.432480,nan
2024-08-08T14:40:36,84.059799,-39.433044,nan
2024-08-08T14:40:35,84.059738,-39.433613,nan
2024-08-08T14:40:35,84.059685,-39.434177,nan
2024-08-08T14:40:34,84.059624,-39.434750,nan
2024-08-08T14:40:34,84.059563,-39.435322,nan
2024-08-08T14:40:33,84.059509,-39.435890,nan
2024-08-08T14:40:33,84.059448,-39.436459,nan
2024-08-08T14:40:32,84.059387,-39.437031,nan
2024-08-08T14:40:32,84.059326,-39.437599,nan
2024-08-08T14:40:31,84.059265,-39.438171,nan
2024-08-08T14:40:31,84.059204,-39.438740,nan
2024-08-08T14:40:30,84.059143,-39.439304,nan
2024-08-08T14:40:30,84.059082,-39.439873,nan
2024-08-08T14:40:29,84.059029,-39.440437,nan
2024-08-08T14:40:29,84.058968,-39.441002,nan
2024-08-08T14:40:28,84.058907,-39.441566,nan
2024-08-08T14:40:28,84.058846,-39.442127,nan
2024-08-08T14:40:27,84.058784,-39.442688,nan
2024-08-08T14:40:27,84.058723,-39.443245,nan
2024-08-08T14:40:26,84.058662,-39.443798,nan
2024-08-08T14:40:26,84.058601,-39.444347,nan
2024-08-08T14:40:25,84.058540,-39.444897,nan
2024-08-08T14:40:25,84.058479,-39.445442,nan
2024-08-08T14:40:24,84.058418,-39.445984,nan
2024-08-08T14:40:24,84.058350,-39.446526,nan
2024-08-08T14:40:23,84.058289,-39.447067,nan
2024-08-08T14:40:23,84.058228,-39.447609,nan
2024-08-08T14:40:22,84.058167,-39.448147,nan
2024-08-08T14:40:22,84.058098,-39.448689,nan
2024-08-08T14:40:21,84.058037,-39.449230,nan
2024-08-08T14:40:21,84.057976,-39.449768,nan
2024-08-08T14:40:20,84.057907,-39.450310,nan
2024-08-08T14:40:20,84.057846,-39.450855,nan
2024-08-08T14:40:19,84.057785,-39.451408,nan
2024-08-08T14:40:19,84.057724,-39.451958,nan
2024-08-08T14:40:18,84.057663,-39.452515,nan
2024-08-08T14:40:18,84.057610,-39.453072,nan
2024-08-08T14:40:16,84.057434,-39.454758,nan
2024-08-08T14:40:16,84.057373,-39.455318,nan
2024-08-08T14:40:15,84.057320,-39.455883,nan
2024-08-08T14:40:15,84.057266,-39.456448,nan
2024-08-08T14:40:14,84.057205,-39.457008,nan
2024-08-08T14:40:14,84.057152,-39.457573,nan
2024-08-08T14:40:13,84.057091,-39.458134,nan
2024-08-08T14:40:13,84.057037,-39.458698,nan
2024-08-08T14:40:12,84.056976,-39.459270,nan
2024-08-08T14:40:12,84.056923,-39.459843,nan
2024-08-08T14:40:11,84.056862,-39.460415,nan
2024-08-08T14:40:11,84.056808,-39.460995,nan
2024-08-08T14:40:10,84.056747,-39.461575,nan
2024-08-08T14:40:10,84.056694,-39.462154,nan
2024-08-08T14:40:09,84.056633,-39.462738,nan
2024-08-08T14:40:09,84.056572,-39.463318,nan
2024-08-08T14:40:08,84.056519,-39.463902,nan
2024-08-08T14:40:08,84.056458,-39.464478,nan
2024-08-08T14:40:07,84.056396,-39.465057,nan
2024-08-08T14:40:07,84.056335,-39.465641,nan
2024-08-08T14:40:06,84.056282,-39.466217,nan
2024-08-08T14:40:06,84.056221,-39.466801,nan
2024-08-08T14:40:05,84.056160,-39.467384,nan
2024-08-08T14:40:05,84.056099,-39.467968,nan
2024-08-08T14:40:04,84.056038,-39.468555,nan
2024-08-08T14:40:04,84.055977,-39.469143,nan
2024-08-08T14:40:03,84.055908,-39.469730,nan
2024-08-08T14:40:03,84.055847,-39.470322,nan
2024-08-08T14:40:02,84.055786,-39.470913,nan
2024-08-08T14:40:02,84.055725,-39.471508,nan
2024-08-08T14:40:01,84.055656,-39.472103,nan
2024-08-08T14:40:01,84.055595,-39.472706,nan
2024-08-08T14:40:00,84.055527,-39.473316,nan
2024-08-08T14:40:00,84.055466,-39.473923,nan
2024-08-08T14:39:59,84.055405,-39.474537,nan
2024-08-08T14:39:59,84.055336,-39.475147,nan
2024-08-08T14:39:58,84.055267,-39.475761,nan
2024-08-08T14:39:58,84.055206,-39.476379,nan
2024-08-08T14:39:57,84.055138,-39.477001,nan
2024-08-08T14:39:57,84.055077,-39.477623,nan
2024-08-08T14:39:56,84.055008,-39.478245,nan
2024-08-08T14:39:56,84.054939,-39.478870,nan
2024-08-08T14:39:55,84.054878,-39.479496,nan
2024-08-08T14:39:55,84.054810,-39.480122,nan
2024-08-08T14:39:54,84.054741,-39.480747,nan
2024-08-08T14:39:54,84.054672,-39.481373,nan
2024-08-08T14:39:53,84.054604,-39.481998,nan
2024-08-08T14:39:53,84.054535,-39.482628,nan
2024-08-08T14:39:52,84.054466,-39.483257,nan
2024-08-08T14:39:52,84.054398,-39.483891,nan
2024-08-08T14:39:51,84.054329,-39.484528,nan
2024-08-08T14:39:51,84.054260,-39.485161,nan
2024-08-08T14:39:50,84.054192,-39.485798,nan
2024-08-08T14:39:50,84.054123,-39.486435,nan
2024-08-08T14:39:49,84.054054,-39.487068,nan
2024-08-08T14:39:49,84.053986,-39.487698,nan
2024-08-08T14:39:48,84.053917,-39.488331,nan
2024-08-08T14:39:48,84.053841,-39.488956,nan
2024-08-08T14:39:47,84.053772,-39.489582,nan
2024-08-08T14:39:47,84.053703,-39.490204,nan
2024-08-08T14:39:46,84.053635,-39.490822,nan
2024-08-08T14:39:46,84.053558,-39.491440,nan
2024-08-08T14:39:45,84.053490,-39.492054,nan
2024-08-08T14:39:45,84.053413,-39.492668,nan
2024-08-08T14:39:44,84.053345,-39.493282,nan
2024-08-08T14:39:44,84.053268,-39.493893,nan
2024-08-08T14:39:43,84.053192,-39.494503,nan
2024-08-08T14:39:43,84.053116,-39.495106,nan
2024-08-08T14:39:42,84.053040,-39.495716,nan
2024-08-08T14:39:42,84.052963,-39.496323,nan
2024-08-08T14:39:41,84.052879,-39.496929,nan
2024-08-08T14:39:41,84.052803,-39.497532,nan
2024-08-08T14:39:40,84.052727,-39.498138,nan
2024-08-08T14:39:40,84.052650,-39.498741,nan
2024-08-08T14:39:39,84.052574,-39.499344,nan
2024-08-08T14:39:39,84.052490,-39.499943,nan
2024-08-08T14:39:38,84.052414,-39.500542,nan
2024-08-08T14:39:38,84.052330,-39.501137,nan
2024-08-08T14:39:37,84.052254,-39.501724,nan
2024-08-08T14:39:37,84.052170,-39.502312,nan
2024-08-08T14:39:36,84.052086,-39.502895,nan
2024-08-08T14:39:36,84.052010,-39.503475,nan
2024-08-08T14:39:35,84.051926,-39.504055,nan
2024-08-08T14:39:35,84.051842,-39.504639,nan
2024-08-08T14:39:34,84.051758,-39.505222,nan
2024-08-08T14:39:34,84.051674,-39.505810,nan
2024-08-08T14:39:33,84.051590,-39.506401,nan
2024-08-08T14:39:33,84.051506,-39.506996,nan
2024-08-08T14:39:32,84.051422,-39.507591,nan
2024-08-08T14:39:32,84.051338,-39.508194,nan
2024-08-08T14:39:31,84.051254,-39.508789,nan
2024-08-08T14:39:31,84.051170,-39.509384,nan
2024-08-08T14:39:30,84.051086,-39.509979,nan
2024-08-08T14:39:30,84.051003,-39.510578,nan
2024-08-08T14:39:29,84.050919,-39.511169,nan
2024-08-08T14:39:29,84.050835,-39.511757,nan
2024-08-08T14:39:28,84.050743,-39.512344,nan
2024-08-08T14:39:28,84.050659,-39.512924,nan
2024-08-08T14:39:27,84.050575,-39.513500,nan
2024-08-08T14:39:27,84.050484,-39.514076,nan
2024-08-08T14:39:26,84.050400,-39.514652,nan
2024-08-08T14:39:26,84.050308,-39.515232,nan
2024-08-08T14:39:25,84.050224,-39.515812,nan
2024-08-08T14:39:25,84.050133,-39.516396,nan
2024-08-08T14:39:24,84.050049,-39.516975,nan
2024-08-08T14:39:24,84.049965,-39.517551,nan
2024-08-08T14:39:23,84.049873,-39.518127,nan
2024-08-08T14:39:23,84.049789,-39.518700,nan
2024-08-08T14:39:22,84.049698,-39.519264,nan
2024-08-08T14:39:22,84.049614,-39.519829,nan
2024-08-08T14:39:21,84.049522,-39.520390,nan
2024-08-08T14:39:21,84.049438,-39.520950,nan
2024-08-08T14:39:20,84.049347,-39.521519,nan
2024-08-08T14:39:20,84.049255,-39.522091,nan
2024-08-08T14:39:19,84.049164,-39.522663,nan
2024-08-08T14:39:19,84.049080,-39.523235,nan
2024-08-08T14:39:18,84.048988,-39.523808,nan
2024-08-08T14:39:18,84.048897,-39.524384,nan
2024-08-08T14:39:17,84.048813,-39.524952,nan
2024-08-08T14:39:17,84.048721,-39.525517,nan
2024-08-08T14:39:16,84.048637,-39.526085,nan
2024-08-08T14:39:16,84.048546,-39.526646,nan
2024-08-08T14:39:15,84.048454,-39.527203,nan
2024-08-08T14:39:15,84.048370,-39.527760,nan
2024-08-08T14:39:14,84.048279,-39.528309,nan
2024-08-08T14:39:14,84.048195,-39.528858,nan
2024-08-08T14:39:13,84.048103,-39.529408,nan
2024-08-08T14:39:13,84.048012,-39.529953,nan
2024-08-08T14:39:12,84.047920,-39.530499,nan
2024-08-08T14:39:12,84.047836,-39.531044,nan
2024-08-08T14:39:11,84.047745,-39.531590,nan
2024-08-08T14:39:11,84.047653,-39.532135,nan
2024-08-08T14:39:10,84.047562,-39.532684,nan
2024-08-08T14:39:10,84.047470,-39.533234,nan
2024-08-08T14:39:09,84.047379,-39.533783,nan
2024-08-08T14:39:09,84.047295,-39.534332,nan
2024-08-08T14:39:08,84.047203,-39.534874,nan
2024-08-08T14:39:08,84.047112,-39.535412,nan
2024-08-08T14:39:07,84.047020,-39.535950,nan
2024-08-08T14:39:07,84.046928,-39.536480,nan
2024-08-08T14:39:06,84.046844,-39.537006,nan
2024-08-08T14:39:06,84.046753,-39.537533,nan
2024-08-08T14:39:05,84.046661,-39.538055,nan
2024-08-08T14:39:05,84.046570,-39.538574,nan
2024-08-08T14:39:04,84.046478,-39.539097,nan
2024-08-08T14:39:04,84.046387,-39.539616,nan
2024-08-08T14:39:03,84.046295,-39.540142,nan
2024-08-08T14:39:03,84.046204,-39.540668,nan
2024-08-08T14:39:02,84.046120,-39.541203,nan
2024-08-08T14:39:02,84.046028,-39.541733,nan
2024-08-08T14:39:01,84.045937,-39.542267,nan
2024-08-08T14:39:01,84.045845,-39.542801,nan
2024-08-08T14:39:00,84.045753,-39.543335,nan
2024-08-08T14:39:00,84.045670,-39.543865,nan
2024-08-08T14:38:59,84.045578,-39.544399,nan
2024-08-08T14:38:59,84.045486,-39.544933,nan
2024-08-08T14:38:58,84.045395,-39.545460,nan
2024-08-08T14:38:58,84.045303,-39.545990,nan
2024-08-08T14:38:57,84.045219,-39.546516,nan
2024-08-08T14:38:57,84.045128,-39.547043,nan
2024-08-08T14:38:56,84.045036,-39.547573,nan
2024-08-08T14:38:56,84.044945,-39.548096,nan
2024-08-08T14:38:55,84.044853,-39.548618,nan
2024-08-08T14:38:55,84.044762,-39.549137,nan
2024-08-08T14:38:54,84.044670,-39.549652,nan
2024-08-08T14:38:54,84.044586,-39.550167,nan
2024-08-08T14:38:53,84.044495,-39.550686,nan
2024-08-08T14:38:53,84.044403,-39.551208,nan
2024-08-08T14:38:52,84.044319,-39.551735,nan
2024-08-08T14:38:52,84.044228,-39.552265,nan
2024-08-08T14:38:51,84.044144,-39.552799,nan
2024-08-08T14:38:51,84.044052,-39.553337,nan
2024-08-08T14:38:50,84.043968,-39.553875,nan
2024-08-08T14:38:50,84.043877,-39.554413,nan
2024-08-08T14:38:49,84.043793,-39.554951,nan
2024-08-08T14:38:49,84.043701,-39.555485,nan
2024-08-08T14:38:48,84.043617,-39.556015,nan
2024-08-08T14:38:48,84.043526,-39.556549,nan
2024-08-08T14:38:47,84.043442,-39.557076,nan
2024-08-08T14:38:47,84.043350,-39.557598,nan
2024-08-08T14:38:46,84.043266,-39.558125,nan
2024-08-08T14:38:46,84.043175,-39.558655,nan
2024-08-08T14:38:45,84.043083,-39.559189,nan
2024-08-08T14:38:45,84.042999,-39.559723,nan
2024-08-08T14:38:44,84.042908,-39.560253,nan
2024-08-08T14:38:44,84.042816,-39.560787,nan
2024-08-08T14:38:43,84.042732,-39.561317,nan
2024-08-08T14:38:43,84.042641,-39.561848,nan
2024-08-08T14:38:42,84.042557,-39.562374,nan
2024-08-08T14:38:42,84.042465,-39.562893,nan
2024-08-08T14:38:41,84.042381,-39.563416,nan
2024-08-08T14:38:41,84.042290,-39.563934,nan
2024-08-08T14:38:40,84.042206,-39.564453,nan
2024-08-08T14:38:40,84.042114,-39.564976,nan
2024-08-08T14:38:39,84.042030,-39.565498,nan
2024-08-08T14:38:39,84.041946,-39.566025,nan
2024-08-08T14:38:38,84.041855,-39.566555,nan
2024-08-08T14:38:38,84.041771,-39.567093,nan
2024-08-08T14:38:37,84.041687,-39.567635,nan
2024-08-08T14:38:37,84.041603,-39.568184,nan
2024-08-08T14:38:36,84.041519,-39.568733,nan
2024-08-08T14:38:36,84.041435,-39.569290,nan
2024-08-08T14:38:35,84.041351,-39.569851,nan
2024-08-08T14:38:35,84.041267,-39.570408,nan
2024-08-08T14:38:34,84.041183,-39.570961,nan
2024-08-08T14:38:34,84.041100,-39.571510,nan
2024-08-08T14:38:33,84.041016,-39.572056,nan
2024-08-08T14:38:33,84.040932,-39.572598,nan
2024-08-08T14:38:32,84.040848,-39.573132,nan
2024-08-08T14:38:32,84.040756,-39.573666,nan
2024-08-08T14:38:31,84.040672,-39.574192,nan
2024-08-08T14:38:31,84.040588,-39.574718,nan
2024-08-08T14:38:30,84.040497,-39.575241,nan
2024-08-08T14:38:30,84.040413,-39.575760,nan
2024-08-08T14:38:29,84.040321,-39.576279,nan
2024-08-08T14:38:29,84.040237,-39.576794,nan
2024-08-08T14:38:28,84.040146,-39.577309,nan
2024-08-08T14:38:28,84.040062,-39.577820,nan
2024-08-08T14:38:27,84.039970,-39.578331,nan
2024-08-08T14:38:27,84.039886,-39.578835,nan
2024-08-08T14:38:26,84.039795,-39.579338,nan
2024-08-08T14:38:26,84.039711,-39.579838,nan
2024-08-08T14:38:25,84.039619,-39.580334,nan
2024-08-08T14:38:25,84.039536,-39.580830,nan
2024-08-08T14:38:24,84.039452,-39.581322,nan
2024-08-08T14:38:24,84.039360,-39.581814,nan
2024-08-08T14:38:23,84.039276,-39.582306,nan
2024-08-08T14:38:23,84.039192,-39.582798,nan
2024-08-08T14:38:22,84.039101,-39.583294,nan
2024-08-08T14:38:22,84.039017,-39.583794,nan
2024-08-08T14:38:21,84.038933,-39.584290,nan
2024-08-08T14:38:21,84.038841,-39.584782,nan
2024-08-08T14:38:20,84.038757,-39.585274,nan
2024-08-08T14:38:20,84.038673,-39.585766,nan
2024-08-08T14:38:19,84.038582,-39.586254,nan
2024-08-08T14:38:19,84.038498,-39.586742,nan
2024-08-08T14:38:18,84.038406,-39.587231,nan
2024-08-08T14:38:18,84.038322,-39.587715,nan
2024-08-08T14:38:17,84.038239,-39.588203,nan
2024-08-08T14:38:17,84.038147,-39.588684,nan
2024-08-08T14:38:16,84.038063,-39.589169,nan
2024-08-08T14:38:16,84.037971,-39.589657,nan
2024-08-08T14:38:15,84.037888,-39.590141,nan
2024-08-08T14:38:15,84.037796,-39.590626,nan
2024-08-08T14:38:14,84.037712,-39.591110,nan
2024-08-08T14:38:14,84.037621,-39.591595,nan
2024-08-08T14:38:13,84.037537,-39.592075,nan
2024-08-08T14:38:13,84.037445,-39.592552,nan
2024-08-08T14:38:12,84.037361,-39.593025,nan
2024-08-08T14:38:12,84.037270,-39.593502,nan
2024-08-08T14:38:11,84.037178,-39.593975,nan
2024-08-08T14:38:11,84.037086,-39.594452,nan
2024-08-08T14:38:10,84.036995,-39.594929,nan
2024-08-08T14:38:10,84.036903,-39.595413,nan
2024-08-08T14:38:09,84.036812,-39.595901,nan
2024-08-08T14:38:09,84.036720,-39.596390,nan
2024-08-08T14:38:08,84.036629,-39.596886,nan
2024-08-08T14:38:08,84.036545,-39.597378,nan
2024-08-08T14:38:07,84.036453,-39.597874,nan
2024-08-08T14:38:07,84.036362,-39.598370,nan
2024-08-08T14:38:06,84.036270,-39.598866,nan
2024-08-08T14:38:06,84.036179,-39.599358,nan
2024-08-08T14:38:05,84.036087,-39.599850,nan
2024-08-08T14:38:05,84.035995,-39.600342,nan
2024-08-08T14:38:04,84.035904,-39.600830,nan
2024-08-08T14:38:04,84.035812,-39.601315,nan
2024-08-08T14:38:03,84.035713,-39.601799,nan
2024-08-08T14:38:03,84.035622,-39.602283,nan
2024-08-08T14:38:02,84.035530,-39.602768,nan
2024-08-08T14:38:02,84.035439,-39.603256,nan
2024-08-08T14:38:01,84.035347,-39.603745,nan
2024-08-08T14:38:01,84.035255,-39.604237,nan
2024-08-08T14:38:00,84.035156,-39.604729,nan
2024-08-08T14:38:00,84.035065,-39.605225,nan
2024-08-08T14:37:59,84.034973,-39.605724,nan
2024-08-08T14:37:59,84.034882,-39.606228,nan
2024-08-08T14:37:58,84.034790,-39.606731,nan
2024-08-08T14:37:58,84.034698,-39.607239,nan
2024-08-08T14:37:57,84.034607,-39.607746,nan
2024-08-08T14:37:57,84.034508,-39.608253,nan
2024-08-08T14:37:56,84.034416,-39.608761,nan
2024-08-08T14:37:56,84.034325,-39.609268,nan
2024-08-08T14:37:55,84.034233,-39.609772,nan
2024-08-08T14:37:55,84.034142,-39.610275,nan
2024-08-08T14:37:54,84.034050,-39.610779,nan
2024-08-08T14:37:54,84.033958,-39.611282,nan
2024-08-08T14:37:53,84.033867,-39.611786,nan
2024-08-08T14:37:53,84.033768,-39.612289,nan
2024-08-08T14:37:52,84.033676,-39.612793,nan
2024-08-08T14:37:52,84.033585,-39.613297,nan
2024-08-08T14:37:51,84.033485,-39.613804,nan
2024-08-08T14:37:51,84.033394,-39.614311,nan
2024-08-08T14:37:50,84.033295,-39.614822,nan
2024-08-08T14:37:50,84.033203,-39.615334,nan
2024-08-08T14:37:49,84.033104,-39.615849,nan
2024-08-08T14:37:49,84.033005,-39.616364,nan
2024-08-08T14:37:48,84.032906,-39.616882,nan
2024-08-08T14:37:48,84.032814,-39.617405,nan
2024-08-08T14:37:47,84.032715,-39.617928,nan
2024-08-08T14:37:47,84.032616,-39.618454,nan
2024-08-08T14:37:46,84.032516,-39.618977,nan
2024-08-08T14:37:46,84.032417,-39.619507,nan
2024-08-08T14:37:45,84.032318,-39.620037,nan
2024-08-08T14:37:45,84.032219,-39.620567,nan
2024-08-08T14:37:44,84.032120,-39.621098,nan
2024-08-08T14:37:44,84.032021,-39.621628,nan
2024-08-08T14:37:43,84.031921,-39.622154,nan
2024-08-08T14:37:43,84.031822,-39.622681,nan
2024-08-08T14:37:42,84.031715,-39.623203,nan
2024-08-08T14:37:42,84.031616,-39.623726,nan
2024-08-08T14:37:41,84.031517,-39.624249,nan
2024-08-08T14:37:41,84.031418,-39.624775,nan
2024-08-08T14:37:40,84.031319,-39.625301,nan
2024-08-08T14:37:40,84.031219,-39.625832,nan
2024-08-08T14:37:39,84.031113,-39.626358,nan
2024-08-08T14:37:39,84.031013,-39.626881,nan
2024-08-08T14:37:38,84.030907,-39.627399,nan
2024-08-08T14:37:38,84.030807,-39.627914,nan
2024-08-08T14:37:37,84.030701,-39.628429,nan
2024-08-08T14:37:37,84.030602,-39.628937,nan
2024-08-08T14:37:36,84.030495,-39.629444,nan
2024-08-08T14:37:36,84.030396,-39.629959,nan
2024-08-08T14:37:35,84.030289,-39.630470,nan
2024-08-08T14:37:35,84.030190,-39.630981,nan
2024-08-08T14:37:34,84.030090,-39.631489,nan
2024-08-08T14:37:34,84.029991,-39.631992,nan
2024-08-08T14:37:33,84.029884,-39.632492,nan
2024-08-08T14:37:33,84.029785,-39.632984,nan
2024-08-08T14:37:32,84.029686,-39.633472,nan
2024-08-08T14:37:32,84.029587,-39.633953,nan
2024-08-08T14:37:31,84.029480,-39.634426,nan
2024-08-08T14:37:31,84.029381,-39.634899,nan
2024-08-08T14:37:30,84.029274,-39.635372,nan
2024-08-08T14:37:30,84.029175,-39.635853,nan
2024-08-08T14:37:29,84.029068,-39.636333,nan
2024-08-08T14:37:29,84.028961,-39.636822,nan
2024-08-08T14:37:28,84.028862,-39.637318,nan
2024-08-08T14:37:28,84.028755,-39.637814,nan
2024-08-08T14:37:27,84.028656,-39.638309,nan
2024-08-08T14:37:27,84.028549,-39.638809,nan
2024-08-08T14:37:26,84.028450,-39.639305,nan
2024-08-08T14:37:26,84.028343,-39.639793,nan
2024-08-08T14:37:25,84.028236,-39.640282,nan
2024-08-08T14:37:25,84.028130,-39.640770,nan
2024-08-08T14:37:24,84.028023,-39.641251,nan
2024-08-08T14:37:24,84.027908,-39.641735,nan
2024-08-08T14:37:23,84.027802,-39.642220,nan
2024-08-08T14:37:23,84.027695,-39.642708,nan
2024-08-08T14:37:22,84.027588,-39.643204,nan
2024-08-08T14:37:22,84.027481,-39.643703,nan
2024-08-08T14:37:21,84.027374,-39.644211,nan
2024-08-08T14:37:21,84.027267,-39.644730,nan
2024-08-08T14:37:20,84.027161,-39.645252,nan
2024-08-08T14:37:20,84.027054,-39.645779,nan
2024-08-08T14:37:19,84.026947,-39.646305,nan
2024-08-08T14:37:19,84.026848,-39.646839,nan
2024-08-08T14:37:18,84.026741,-39.647377,nan
2024-08-08T14:37:18,84.026642,-39.647919,nan
2024-08-08T14:37:17,84.026543,-39.648460,nan
2024-08-08T14:37:17,84.026436,-39.648998,nan
2024-08-08T14:37:16,84.026337,-39.649540,nan
2024-08-08T14:37:16,84.026237,-39.650078,nan
2024-08-08T14:37:15,84.026138,-39.650612,nan
2024-08-08T14:37:15,84.026039,-39.651146,nan
2024-08-08T14:37:14,84.025940,-39.651669,nan
2024-08-08T14:37:14,84.025841,-39.652187,nan
2024-08-08T14:37:13,84.025742,-39.652706,nan
2024-08-08T14:37:13,84.025642,-39.653225,nan
2024-08-08T14:37:12,84.025543,-39.653748,nan
2024-08-08T14:37:12,84.025444,-39.654274,nan
2024-08-08T14:37:11,84.025345,-39.654808,nan
2024-08-08T14:37:11,84.025253,-39.655350,nan
2024-08-08T14:37:10,84.025154,-39.655891,nan
2024-08-08T14:37:10,84.025055,-39.656441,nan
2024-08-08T14:37:09,84.024956,-39.656994,nan
2024-08-08T14:37:09,84.024857,-39.657555,nan
2024-08-08T14:37:08,84.024757,-39.658115,nan
2024-08-08T14:37:08,84.024658,-39.658680,nan
2024-08-08T14:37:07,84.024559,-39.659248,nan
2024-08-08T14:37:07,84.024460,-39.659821,nan
2024-08-08T14:37:06,84.024361,-39.660393,nan
2024-08-08T14:37:06,84.024261,-39.660969,nan
2024-08-08T14:37:05,84.024162,-39.661541,nan
2024-08-08T14:37:05,84.024063,-39.662121,nan
2024-08-08T14:37:04,84.023964,-39.662708,nan
2024-08-08T14:37:04,84.023872,-39.663296,nan
2024-08-08T14:37:03,84.023773,-39.663883,nan
2024-08-08T14:37:03,84.023682,-39.664471,nan
2024-08-08T14:37:02,84.023590,-39.665058,nan
2024-08-08T14:37:02,84.023499,-39.665653,nan
2024-08-08T14:37:01,84.023407,-39.666241,nan
2024-08-08T14:37:01,84.023315,-39.666824,nan
2024-08-08T14:37:00,84.023224,-39.667416,nan
2024-08-08T14:37:00,84.023140,-39.668003,nan
2024-08-08T14:36:59,84.023048,-39.668594,nan
2024-08-08T14:36:59,84.022964,-39.669182,nan
2024-08-08T14:36:58,84.022881,-39.669762,nan
2024-08-08T14:36:58,84.022789,-39.670345,nan
2024-08-08T14:36:57,84.022705,-39.670921,nan
2024-08-08T14:36:57,84.022621,-39.671494,nan
2024-08-08T14:36:56,84.022537,-39.672058,nan
2024-08-08T14:36:56,84.022446,-39.672611,nan
2024-08-08T14:36:55,84.022362,-39.673149,nan
2024-08-08T14:36:55,84.022270,-39.673679,nan
2024-08-08T14:36:54,84.022179,-39.674202,nan
2024-08-08T14:36:54,84.022087,-39.674717,nan
2024-08-08T14:36:53,84.021996,-39.675220,nan
2024-08-08T14:36:53,84.021904,-39.675713,nan
2024-08-08T14:36:52,84.021812,-39.676193,nan
2024-08-08T14:36:52,84.021713,-39.676670,nan
2024-08-08T14:36:51,84.021622,-39.677139,nan
2024-08-08T14:36:51,84.021523,-39.677612,nan
2024-08-08T14:36:50,84.021423,-39.678085,nan
2024-08-08T14:36:50,84.021324,-39.678558,nan
2024-08-08T14:36:49,84.021225,-39.679031,nan
2024-08-08T14:36:49,84.021133,-39.679512,nan
2024-08-08T14:36:48,84.021034,-39.679993,nan
2024-08-08T14:36:48,84.020935,-39.680477,nan
2024-08-08T14:36:47,84.020836,-39.680965,nan
2024-08-08T14:36:47,84.020737,-39.681461,nan
2024-08-08T14:36:46,84.020645,-39.681961,nan
2024-08-08T14:36:46,84.020546,-39.682465,nan
2024-08-08T14:36:45,84.020454,-39.682972,nan
2024-08-08T14:36:45,84.020355,-39.683479,nan
2024-08-08T14:36:44,84.020264,-39.683990,nan
2024-08-08T14:36:44,84.020172,-39.684498,nan
2024-08-08T14:36:43,84.020081,-39.685009,nan
2024-08-08T14:36:43,84.019989,-39.685520,nan
2024-08-08T14:36:42,84.019897,-39.686031,nan
2024-08-08T14:36:42,84.019814,-39.686550,nan
2024-08-08T14:36:41,84.019722,-39.687077,nan
2024-08-08T14:36:41,84.019638,-39.687599,nan
2024-08-08T14:36:40,84.019554,-39.688126,nan
2024-08-08T14:36:40,84.019470,-39.688648,nan
2024-08-08T14:36:39,84.019394,-39.689178,nan
2024-08-08T14:36:39,84.019310,-39.689713,nan
2024-08-08T14:36:38,84.019234,-39.690247,nan
2024-08-08T14:36:38,84.019150,-39.690792,nan
2024-08-08T14:36:37,84.019073,-39.691338,nan
2024-08-08T14:36:37,84.018990,-39.691887,nan
2024-08-08T14:36:36,84.018913,-39.692444,nan
2024-08-08T14:36:36,84.018837,-39.693001,nan
2024-08-08T14:36:35,84.018761,-39.693554,nan
2024-08-08T14:36:35,84.018684,-39.694111,nan
2024-08-08T14:36:34,84.018608,-39.694660,nan
2024-08-08T14:36:34,84.018539,-39.695206,nan
2024-08-08T14:36:33,84.018463,-39.695747,nan
2024-08-08T14:36:33,84.018387,-39.696281,nan
2024-08-08T14:36:32,84.018318,-39.696815,nan
2024-08-08T14:36:32,84.018250,-39.697346,nan
2024-08-08T14:36:31,84.018173,-39.697868,nan
2024-08-08T14:36:31,84.018105,-39.698391,nan
2024-08-08T14:36:30,84.018036,-39.698914,nan
2024-08-08T14:36:30,84.017967,-39.699432,nan
2024-08-08T14:36:29,84.017899,-39.699951,nan
2024-08-08T14:36:29,84.017830,-39.700474,nan
2024-08-08T14:36:28,84.017761,-39.700996,nan
2024-08-08T14:36:28,84.017693,-39.701527,nan
2024-08-08T14:36:27,84.017624,-39.702057,nan
2024-08-08T14:36:27,84.017555,-39.702587,nan
2024-08-08T14:36:26,84.017487,-39.703117,nan
2024-08-08T14:36:26,84.017410,-39.703644,nan
2024-08-08T14:36:25,84.017342,-39.704170,nan
2024-08-08T14:36:25,84.017273,-39.704693,nan
2024-08-08T14:36:24,84.017204,-39.705215,nan
2024-08-08T14:36:24,84.017136,-39.705742,nan
2024-08-08T14:36:23,84.017059,-39.706264,nan
2024-08-08T14:36:23,84.016991,-39.706783,nan
2024-08-08T14:36:22,84.016922,-39.707294,nan
2024-08-08T14:36:22,84.016853,-39.707798,nan
2024-08-08T14:36:21,84.016785,-39.708290,nan
2024-08-08T14:36:21,84.016716,-39.708775,nan
2024-08-08T14:36:20,84.016647,-39.709251,nan
2024-08-08T14:36:20,84.016579,-39.709717,nan
2024-08-08T14:36:19,84.016510,-39.710171,nan
2024-08-08T14:36:19,84.016441,-39.710613,nan
2024-08-08T14:36:18,84.016373,-39.711052,nan
2024-08-08T14:36:18,84.016304,-39.711487,nan
2024-08-08T14:36:17,84.016235,-39.711918,nan
2024-08-08T14:36:17,84.016174,-39.712341,nan
2024-08-08T14:36:16,84.016106,-39.712772,nan
2024-08-08T14:36:16,84.016037,-39.713203,nan
2024-08-08T14:36:15,84.015968,-39.713642,nan
2024-08-08T14:36:15,84.015900,-39.714088,nan
2024-08-08T14:36:14,84.015831,-39.714539,nan
2024-08-08T14:36:14,84.015762,-39.714989,nan
2024-08-08T14:36:13,84.015694,-39.715443,nan
2024-08-08T14:36:13,84.015633,-39.715900,nan
2024-08-08T14:36:12,84.015564,-39.716358,nan
2024-08-08T14:36:12,84.015495,-39.716820,nan
2024-08-08T14:36:11,84.015434,-39.717285,nan
2024-08-08T14:36:11,84.015366,-39.717751,nan
2024-08-08T14:36:10,84.015305,-39.718216,nan
2024-08-08T14:36:10,84.015244,-39.718674,nan
2024-08-08T14:36:09,84.015182,-39.719120,nan
2024-08-08T14:36:09,84.015121,-39.719555,nan
2024-08-08T14:36:08,84.015068,-39.719975,nan
2024-08-08T14:36:08,84.015007,-39.720387,nan
2024-08-08T14:36:07,84.014946,-39.720791,nan
2024-08-08T14:36:07,84.014893,-39.721188,nan
2024-08-08T14:36:06,84.014832,-39.721577,nan
2024-08-08T14:36:06,84.014771,-39.721958,nan
2024-08-08T14:36:05,84.014709,-39.722340,nan
2024-08-08T14:36:05,84.014648,-39.722717,nan
2024-08-08T14:36:04,84.014595,-39.723099,nan
2024-08-08T14:36:04,84.014534,-39.723480,nan
2024-08-08T14:36:03,84.014473,-39.723858,nan
2024-08-08T14:36:03,84.014412,-39.724236,nan
2024-08-08T14:36:02,84.014351,-39.724609,nan
2024-08-08T14:36:02,84.014297,-39.724983,nan
2024-08-08T14:36:01,84.014236,-39.725361,nan
2024-08-08T14:36:01,84.014175,-39.725746,nan
2024-08-08T14:36:00,84.014114,-39.726135,nan
2024-08-08T14:36:00,84.014053,-39.726517,nan
2024-08-08T14:35:59,84.013985,-39.726891,nan
2024-08-08T14:35:59,84.013924,-39.727264,nan
2024-08-08T14:35:58,84.013863,-39.727631,nan
2024-08-08T14:35:58,84.013794,-39.727997,nan
2024-08-08T14:35:57,84.013725,-39.728363,nan
2024-08-08T14:35:57,84.013664,-39.728725,nan
2024-08-08T14:35:56,84.013596,-39.729092,nan
2024-08-08T14:35:56,84.013527,-39.729458,nan
2024-08-08T14:35:55,84.013458,-39.729832,nan
2024-08-08T14:35:55,84.013390,-39.730213,nan
2024-08-08T14:35:54,84.013321,-39.730595,nan
2024-08-08T14:35:54,84.013252,-39.730988,nan
2024-08-08T14:35:53,84.013184,-39.731384,nan
2024-08-08T14:35:53,84.013123,-39.731789,nan
2024-08-08T14:35:52,84.013054,-39.732204,nan
2024-08-08T14:35:52,84.012985,-39.732632,nan
2024-08-08T14:35:51,84.012924,-39.733070,nan
2024-08-08T14:35:51,84.012863,-39.733517,nan
2024-08-08T14:35:50,84.012802,-39.733971,nan
2024-08-08T14:35:50,84.012741,-39.734421,nan
2024-08-08T14:35:49,84.012680,-39.734879,nan
2024-08-08T14:35:49,84.012619,-39.735340,nan
2024-08-08T14:35:48,84.012566,-39.735802,nan
2024-08-08T14:35:48,84.012505,-39.736259,nan
2024-08-08T14:35:47,84.012451,-39.736713,nan
2024-08-08T14:35:47,84.012390,-39.737152,nan
2024-08-08T14:35:46,84.012337,-39.737595,nan
2024-08-08T14:35:46,84.012283,-39.738026,nan
2024-08-08T14:35:45,84.012230,-39.738453,nan
2024-08-08T14:35:45,84.012177,-39.738873,nan
2024-08-08T14:35:44,84.012123,-39.739281,nan
2024-08-08T14:35:44,84.012070,-39.739685,nan
2024-08-08T14:35:43,84.012016,-39.740082,nan
2024-08-08T14:35:43,84.011971,-39.740471,nan
2024-08-08T14:35:42,84.011917,-39.740864,nan
2024-08-08T14:35:42,84.011871,-39.741249,nan
2024-08-08T14:35:41,84.011818,-39.741631,nan
2024-08-08T14:35:41,84.011772,-39.742008,nan
2024-08-08T14:35:40,84.011726,-39.742382,nan
2024-08-08T14:35:40,84.011681,-39.742752,nan
2024-08-08T14:35:39,84.011627,-39.743118,nan
2024-08-08T14:35:39,84.011581,-39.743481,nan
2024-08-08T14:35:38,84.011536,-39.743847,nan
2024-08-08T14:35:38,84.011490,-39.744209,nan
2024-08-08T14:35:37,84.011436,-39.744572,nan
2024-08-08T14:35:37,84.011391,-39.744934,nan
2024-08-08T14:35:36,84.011345,-39.745300,nan
2024-08-08T14:35:36,84.011299,-39.745667,nan
2024-08-08T14:35:35,84.011253,-39.746037,nan
2024-08-08T14:35:35,84.011208,-39.746407,nan
2024-08-08T14:35:34,84.011162,-39.746765,nan
2024-08-08T14:35:34,84.011116,-39.747120,nan
2024-08-08T14:35:33,84.011070,-39.747459,nan
2024-08-08T14:35:33,84.011032,-39.747807,nan
2024-08-08T14:35:32,84.010986,-39.748150,nan
2024-08-08T14:35:32,84.010941,-39.748493,nan
2024-08-08T14:35:31,84.010895,-39.748837,nan
2024-08-08T14:35:31,84.010849,-39.749180,nan
2024-08-08T14:35:30,84.010803,-39.749519,nan
2024-08-08T14:35:30,84.010757,-39.749859,nan
2024-08-08T14:35:29,84.010712,-39.750198,nan
2024-08-08T14:35:29,84.010666,-39.750538,nan
2024-08-08T14:35:28,84.010620,-39.750874,nan
2024-08-08T14:35:28,84.010582,-39.751205,nan
2024-08-08T14:35:27,84.010536,-39.751534,nan
2024-08-08T14:35:27,84.010490,-39.751842,nan
2024-08-08T14:35:26,84.010452,-39.752148,nan
2024-08-08T14:35:26,84.010406,-39.752441,nan
2024-08-08T14:35:25,84.010368,-39.752728,nan
2024-08-08T14:35:25,84.010323,-39.753010,nan
2024-08-08T14:35:24,84.010277,-39.753288,nan
2024-08-08T14:35:24,84.010239,-39.753571,nan
2024-08-08T14:35:23,84.010193,-39.753853,nan
2024-08-08T14:35:23,84.010147,-39.754131,nan
2024-08-08T14:35:22,84.010109,-39.754406,nan
2024-08-08T14:35:22,84.010063,-39.754673,nan
2024-08-08T14:35:21,84.010017,-39.754932,nan
2024-08-08T14:35:21,84.009972,-39.755199,nan
2024-08-08T14:35:20,84.009933,-39.755466,nan
2024-08-08T14:35:20,84.009880,-39.755730,nan
2024-08-08T14:35:19,84.009834,-39.756001,nan
2024-08-08T14:35:19,84.009789,-39.756271,nan
2024-08-08T14:35:18,84.009743,-39.756542,nan
2024-08-08T14:35:18,84.009697,-39.756821,nan
2024-08-08T14:35:17,84.009644,-39.757126,nan
2024-08-08T14:35:17,84.009598,-39.757446,nan
2024-08-08T14:35:16,84.009552,-39.757782,nan
2024-08-08T14:35:16,84.009506,-39.758099,nan
2024-08-08T14:35:15,84.009468,-39.758392,nan
2024-08-08T14:35:15,84.009422,-39.758690,nan
2024-08-08T14:35:14,84.009392,-39.758968,nan
2024-08-08T14:35:14,84.009354,-39.759201,nan
2024-08-08T14:35:13,84.009323,-39.759136,nan
2024-08-08T14:35:13,84.009300,-39.758732,nan
2024-08-08T14:35:12,84.009300,-39.757538,nan
2024-08-08T14:35:12,84.009338,-39.754467,nan
2024-08-08T14:35:11,84.009361,-39.752365,nan
2024-08-08T14:35:11,84.009399,-39.749653,nan
2024-08-08T14:35:07,84.008720,-39.761768,nan
2024-08-08T14:35:06,84.008484,-39.768700,nan
2024-08-08T14:35:06,84.008240,-39.775909,nan
2024-08-08T14:35:05,84.007980,-39.783440,nan
