datetime,lat,lon,elev
2024-06-05T16:28:50,83.812622,-55.352276,nan
2024-06-05T16:28:49,83.812630,-55.352207,nan
2024-06-05T16:28:49,83.812645,-55.352135,nan
2024-06-05T16:28:48,83.812683,-55.351963,nan
2024-06-05T16:28:47,83.812698,-55.351856,nan
2024-06-05T16:28:47,83.812721,-55.351738,nan
2024-06-05T16:28:46,83.812737,-55.351608,nan
2024-06-05T16:28:46,83.812759,-55.351467,nan
2024-06-05T16:28:45,83.812775,-55.351315,nan
2024-06-05T16:28:45,83.812798,-55.351151,nan
2024-06-05T16:28:44,83.812820,-55.350967,nan
2024-06-05T16:28:44,83.812836,-55.350773,nan
2024-06-05T16:28:43,83.812859,-55.350567,nan
2024-06-05T16:28:43,83.812874,-55.350357,nan
2024-06-05T16:28:42,83.812897,-55.350143,nan
2024-06-05T16:28:42,83.812912,-55.349934,nan
2024-06-05T16:28:41,83.812935,-55.349724,nan
2024-06-05T16:28:41,83.812958,-55.349522,nan
2024-06-05T16:28:40,83.812973,-55.349323,nan
2024-06-05T16:28:40,83.812996,-55.349129,nan
2024-06-05T16:28:39,83.813019,-55.348942,nan
2024-06-05T16:28:39,83.813042,-55.348755,nan
2024-06-05T16:28:38,83.813065,-55.348572,nan
2024-06-05T16:28:38,83.813080,-55.348385,nan
2024-06-05T16:28:37,83.813103,-55.348190,nan
2024-06-05T16:28:37,83.813126,-55.347996,nan
2024-06-05T16:28:36,83.813148,-55.347794,nan
2024-06-05T16:28:36,83.813171,-55.347591,nan
2024-06-05T16:28:35,83.813194,-55.347385,nan
2024-06-05T16:28:35,83.813225,-55.347176,nan
2024-06-05T16:28:34,83.813248,-55.346962,nan
2024-06-05T16:28:34,83.813271,-55.346752,nan
2024-06-05T16:28:33,83.813293,-55.346539,nan
2024-06-05T16:28:33,83.813324,-55.346329,nan
2024-06-05T16:28:32,83.813347,-55.346111,nan
2024-06-05T16:28:32,83.813377,-55.345898,nan
2024-06-05T16:28:31,83.813400,-55.345688,nan
2024-06-05T16:28:31,83.813431,-55.345478,nan
2024-06-05T16:28:30,83.813454,-55.345272,nan
2024-06-05T16:28:30,83.813484,-55.345070,nan
2024-06-05T16:28:29,83.813515,-55.344868,nan
2024-06-05T16:28:29,83.813545,-55.344669,nan
2024-06-05T16:28:28,83.813568,-55.344471,nan
2024-06-05T16:28:28,83.813599,-55.344265,nan
2024-06-05T16:28:27,83.813629,-55.344055,nan
2024-06-05T16:28:27,83.813652,-55.343845,nan
2024-06-05T16:28:26,83.813675,-55.343628,nan
2024-06-05T16:28:26,83.813705,-55.343410,nan
2024-06-05T16:28:25,83.813728,-55.343193,nan
2024-06-05T16:28:25,83.813751,-55.342976,nan
2024-06-05T16:28:24,83.813774,-55.342758,nan
2024-06-05T16:28:24,83.813789,-55.342548,nan
2024-06-05T16:28:23,83.813812,-55.342339,nan
2024-06-05T16:28:23,83.813828,-55.342140,nan
2024-06-05T16:28:22,83.813843,-55.341938,nan
2024-06-05T16:28:22,83.813866,-55.341743,nan
2024-06-05T16:28:21,83.813881,-55.341557,nan
2024-06-05T16:28:21,83.813896,-55.341373,nan
2024-06-05T16:28:20,83.813911,-55.341198,nan
2024-06-05T16:28:20,83.813927,-55.341026,nan
2024-06-05T16:28:19,83.813942,-55.340858,nan
2024-06-05T16:28:19,83.813957,-55.340698,nan
2024-06-05T16:28:18,83.813972,-55.340534,nan
2024-06-05T16:28:18,83.813988,-55.340370,nan
2024-06-05T16:28:17,83.814003,-55.340202,nan
2024-06-05T16:28:17,83.814026,-55.340027,nan
2024-06-05T16:28:16,83.814041,-55.339844,nan
2024-06-05T16:28:16,83.814056,-55.339657,nan
2024-06-05T16:28:15,83.814072,-55.339462,nan
2024-06-05T16:28:15,83.814095,-55.339264,nan
2024-06-05T16:28:14,83.814110,-55.339066,nan
2024-06-05T16:28:14,83.814125,-55.338871,nan
2024-06-05T16:28:13,83.814140,-55.338676,nan
2024-06-05T16:28:13,83.814163,-55.338478,nan
2024-06-05T16:28:12,83.814178,-55.338272,nan
2024-06-05T16:28:12,83.814194,-55.338066,nan
2024-06-05T16:28:07,83.814354,-55.335751,nan
2024-06-05T16:28:06,83.814369,-55.335506,nan
2024-06-05T16:28:06,83.814377,-55.335258,nan
2024-06-05T16:28:05,83.814400,-55.334763,nan
2024-06-05T16:28:04,83.814415,-55.334518,nan
2024-06-05T16:28:04,83.814423,-55.334282,nan
2024-06-05T16:28:03,83.814438,-55.334049,nan
2024-06-05T16:28:03,83.814445,-55.333820,nan
2024-06-05T16:28:02,83.814468,-55.333374,nan
2024-06-05T16:28:01,83.814484,-55.333157,nan
2024-06-05T16:28:01,83.814491,-55.332943,nan
2024-06-05T16:28:00,83.814499,-55.332733,nan
2024-06-05T16:28:00,83.814507,-55.332523,nan
2024-06-05T16:27:59,83.814522,-55.332321,nan
2024-06-05T16:27:59,83.814529,-55.332108,nan
2024-06-05T16:27:58,83.814537,-55.331898,nan
2024-06-05T16:27:58,83.814552,-55.331688,nan
2024-06-05T16:27:57,83.814560,-55.331478,nan
2024-06-05T16:27:56,83.814583,-55.331059,nan
2024-06-05T16:27:56,83.814590,-55.330849,nan
2024-06-05T16:27:55,83.814598,-55.330643,nan
2024-06-05T16:27:55,83.814613,-55.330429,nan
2024-06-05T16:27:54,83.814621,-55.330219,nan
2024-06-05T16:27:54,83.814629,-55.330006,nan
2024-06-05T16:27:53,83.814644,-55.329796,nan
2024-06-05T16:27:53,83.814651,-55.329582,nan
2024-06-05T16:27:52,83.814659,-55.329369,nan
2024-06-05T16:27:52,83.814674,-55.329151,nan
2024-06-05T16:27:51,83.814682,-55.328934,nan
2024-06-05T16:27:51,83.814690,-55.328709,nan
2024-06-05T16:27:50,83.814697,-55.328484,nan
2024-06-05T16:27:50,83.814713,-55.328259,nan
2024-06-05T16:27:49,83.814720,-55.328033,nan
2024-06-05T16:27:48,83.814751,-55.327347,nan
2024-06-05T16:27:47,83.814758,-55.327118,nan
2024-06-05T16:27:47,83.814766,-55.326885,nan
2024-06-05T16:27:46,83.814774,-55.326656,nan
2024-06-05T16:27:46,83.814789,-55.326420,nan
2024-06-05T16:27:45,83.814804,-55.325939,nan
2024-06-05T16:27:44,83.814812,-55.325699,nan
2024-06-05T16:27:44,83.814827,-55.325459,nan
2024-06-05T16:27:43,83.814835,-55.325211,nan
2024-06-05T16:27:43,83.814842,-55.324963,nan
2024-06-05T16:27:42,83.814850,-55.324715,nan
2024-06-05T16:27:42,83.814857,-55.324463,nan
2024-06-05T16:27:41,83.814873,-55.324211,nan
2024-06-05T16:27:41,83.814880,-55.323959,nan
2024-06-05T16:27:40,83.814888,-55.323715,nan
2024-06-05T16:27:40,83.814896,-55.323467,nan
2024-06-05T16:27:39,83.814903,-55.323219,nan
2024-06-05T16:27:39,83.814911,-55.322971,nan
2024-06-05T16:27:38,83.814919,-55.322720,nan
2024-06-05T16:27:38,83.814934,-55.322468,nan
2024-06-05T16:27:37,83.814941,-55.322212,nan
2024-06-05T16:27:37,83.814949,-55.321949,nan
2024-06-05T16:27:36,83.814957,-55.321686,nan
2024-06-05T16:27:36,83.814964,-55.321423,nan
2024-06-05T16:27:35,83.814972,-55.321159,nan
2024-06-05T16:27:35,83.814987,-55.320892,nan
2024-06-05T16:27:34,83.814995,-55.320618,nan
2024-06-05T16:27:34,83.815002,-55.320347,nan
2024-06-05T16:27:33,83.815010,-55.320072,nan
2024-06-05T16:27:33,83.815018,-55.319794,nan
2024-06-05T16:27:32,83.815025,-55.319515,nan
2024-06-05T16:27:32,83.815041,-55.319233,nan
2024-06-05T16:27:31,83.815041,-55.318951,nan
2024-06-05T16:27:31,83.815048,-55.318672,nan
2024-06-05T16:27:30,83.815056,-55.318398,nan
2024-06-05T16:27:30,83.815063,-55.318130,nan
2024-06-05T16:27:29,83.815063,-55.317867,nan
2024-06-05T16:27:29,83.815071,-55.317608,nan
2024-06-05T16:27:28,83.815071,-55.317352,nan
2024-06-05T16:27:28,83.815079,-55.317097,nan
2024-06-05T16:27:27,83.815086,-55.316841,nan
2024-06-05T16:27:27,83.815086,-55.316582,nan
2024-06-05T16:27:26,83.815086,-55.316322,nan
2024-06-05T16:27:26,83.815094,-55.316059,nan
2024-06-05T16:27:25,83.815094,-55.315796,nan
2024-06-05T16:27:24,83.815102,-55.315266,nan
2024-06-05T16:27:24,83.815102,-55.314999,nan
2024-06-05T16:27:23,83.815109,-55.314732,nan
2024-06-05T16:27:23,83.815109,-55.314461,nan
2024-06-05T16:27:22,83.815109,-55.314186,nan
2024-06-05T16:27:22,83.815109,-55.313915,nan
2024-06-05T16:27:21,83.815109,-55.313637,nan
2024-06-05T16:27:21,83.815109,-55.313358,nan
2024-06-05T16:27:20,83.815117,-55.313080,nan
2024-06-05T16:27:20,83.815117,-55.312798,nan
2024-06-05T16:27:19,83.815117,-55.312511,nan
2024-06-05T16:27:19,83.815117,-55.312222,nan
2024-06-05T16:27:18,83.815117,-55.311928,nan
2024-06-05T16:27:18,83.815117,-55.311638,nan
2024-06-05T16:27:17,83.815117,-55.311344,nan
2024-06-05T16:27:17,83.815125,-55.311050,nan
2024-06-05T16:27:16,83.815125,-55.310757,nan
2024-06-05T16:27:16,83.815125,-55.310459,nan
2024-06-05T16:27:15,83.815125,-55.310162,nan
2024-06-05T16:27:15,83.815125,-55.309868,nan
2024-06-05T16:27:14,83.815132,-55.309277,nan
2024-06-05T16:27:13,83.815132,-55.308983,nan
2024-06-05T16:27:13,83.815132,-55.308685,nan
2024-06-05T16:27:12,83.815140,-55.308388,nan
2024-06-05T16:27:12,83.815140,-55.308090,nan
2024-06-05T16:27:11,83.815140,-55.307796,nan
2024-06-05T16:27:11,83.815147,-55.307503,nan
2024-06-05T16:27:10,83.815147,-55.307209,nan
2024-06-05T16:27:10,83.815147,-55.306915,nan
2024-06-05T16:27:09,83.815155,-55.306622,nan
2024-06-05T16:27:09,83.815155,-55.306328,nan
2024-06-05T16:27:08,83.815163,-55.306026,nan
2024-06-05T16:27:08,83.815163,-55.305714,nan
2024-06-05T16:27:07,83.815163,-55.305393,nan
2024-06-05T16:27:07,83.815163,-55.305069,nan
2024-06-05T16:27:06,83.815170,-55.304733,nan
2024-06-05T16:27:06,83.815170,-55.304390,nan
2024-06-05T16:27:05,83.815170,-55.304039,nan
2024-06-05T16:27:05,83.815170,-55.303680,nan
2024-06-05T16:27:04,83.815170,-55.303314,nan
2024-06-05T16:27:03,83.815170,-55.302567,nan
2024-06-05T16:27:03,83.815170,-55.302181,nan
2024-06-05T16:27:02,83.815170,-55.301792,nan
2024-06-05T16:27:02,83.815170,-55.301407,nan
2024-06-05T16:27:01,83.815170,-55.300632,nan
2024-06-05T16:27:00,83.815170,-55.300251,nan
2024-06-05T16:27:00,83.815170,-55.299873,nan
2024-06-05T16:26:59,83.815170,-55.299496,nan
2024-06-05T16:26:59,83.815170,-55.299122,nan
2024-06-05T16:26:58,83.815170,-55.298744,nan
2024-06-05T16:26:58,83.815170,-55.298363,nan
2024-06-05T16:26:57,83.815170,-55.297981,nan
2024-06-05T16:26:57,83.815170,-55.297592,nan
2024-06-05T16:26:56,83.815170,-55.297195,nan
2024-06-05T16:26:56,83.815170,-55.296795,nan
2024-06-05T16:26:55,83.815163,-55.296391,nan
2024-06-05T16:26:55,83.815163,-55.295986,nan
2024-06-05T16:26:54,83.815163,-55.295582,nan
2024-06-05T16:26:54,83.815163,-55.295177,nan
2024-06-05T16:26:53,83.815163,-55.294773,nan
2024-06-05T16:26:53,83.815163,-55.294373,nan
2024-06-05T16:26:52,83.815163,-55.293972,nan
2024-06-05T16:26:52,83.815163,-55.293571,nan
2024-06-05T16:26:51,83.815170,-55.293175,nan
2024-06-05T16:26:51,83.815170,-55.292770,nan
2024-06-05T16:26:50,83.815178,-55.292374,nan
2024-06-05T16:26:50,83.815178,-55.291977,nan
2024-06-05T16:26:49,83.815186,-55.291576,nan
2024-06-05T16:26:49,83.815186,-55.291180,nan
2024-06-05T16:26:48,83.815193,-55.290775,nan
2024-06-05T16:26:48,83.815193,-55.290367,nan
2024-06-05T16:26:47,83.815201,-55.289967,nan
2024-06-05T16:26:47,83.815201,-55.289558,nan
2024-06-05T16:26:46,83.815201,-55.289154,nan
2024-06-05T16:26:46,83.815208,-55.288754,nan
2024-06-05T16:26:45,83.815208,-55.288353,nan
2024-06-05T16:26:45,83.815216,-55.287964,nan
2024-06-05T16:26:44,83.815216,-55.287575,nan
2024-06-05T16:26:44,83.815216,-55.287193,nan
2024-06-05T16:26:43,83.815224,-55.286819,nan
2024-06-05T16:26:43,83.815224,-55.286449,nan
2024-06-05T16:26:42,83.815231,-55.285709,nan
2024-06-05T16:26:41,83.815231,-55.285336,nan
2024-06-05T16:26:41,83.815239,-55.284958,nan
2024-06-05T16:26:40,83.815239,-55.284576,nan
2024-06-05T16:26:40,83.815247,-55.284191,nan
2024-06-05T16:26:39,83.815254,-55.283802,nan
2024-06-05T16:26:39,83.815254,-55.283409,nan
2024-06-05T16:26:38,83.815262,-55.283016,nan
2024-06-05T16:26:38,83.815262,-55.282619,nan
2024-06-05T16:26:37,83.815269,-55.282215,nan
2024-06-05T16:26:37,83.815277,-55.281815,nan
2024-06-05T16:26:36,83.815285,-55.281406,nan
2024-06-05T16:26:36,83.815285,-55.280994,nan
2024-06-05T16:26:35,83.815292,-55.280582,nan
2024-06-05T16:26:35,83.815300,-55.280174,nan
2024-06-05T16:26:34,83.815308,-55.279762,nan
2024-06-05T16:26:34,83.815315,-55.279350,nan
2024-06-05T16:26:33,83.815315,-55.278934,nan
2024-06-05T16:26:33,83.815323,-55.278522,nan
2024-06-05T16:26:32,83.815331,-55.278111,nan
2024-06-05T16:26:32,83.815338,-55.277699,nan
2024-06-05T16:26:31,83.815346,-55.277294,nan
2024-06-05T16:26:31,83.815346,-55.276890,nan
2024-06-05T16:26:30,83.815353,-55.276489,nan
2024-06-05T16:26:30,83.815353,-55.276093,nan
2024-06-05T16:26:29,83.815361,-55.275703,nan
2024-06-05T16:26:29,83.815369,-55.275318,nan
2024-06-05T16:26:28,83.815369,-55.274933,nan
2024-06-05T16:26:28,83.815376,-55.274551,nan
2024-06-05T16:26:27,83.815376,-55.274170,nan
2024-06-05T16:26:27,83.815376,-55.273788,nan
2024-06-05T16:26:26,83.815384,-55.273407,nan
2024-06-05T16:26:26,83.815384,-55.273029,nan
2024-06-05T16:26:25,83.815384,-55.272652,nan
2024-06-05T16:26:25,83.815392,-55.272278,nan
2024-06-05T16:26:23,83.815399,-55.271122,nan
2024-06-05T16:26:23,83.815407,-55.270733,nan
2024-06-05T16:26:22,83.815407,-55.270344,nan
2024-06-05T16:26:22,83.815414,-55.269951,nan
2024-06-05T16:26:21,83.815422,-55.269554,nan
2024-06-05T16:26:20,83.815437,-55.268761,nan
2024-06-05T16:26:20,83.815445,-55.268364,nan
2024-06-05T16:26:19,83.815453,-55.267960,nan
2024-06-05T16:26:19,83.815460,-55.267555,nan
2024-06-05T16:26:18,83.815468,-55.267147,nan
2024-06-05T16:26:18,83.815475,-55.266739,nan
2024-06-05T16:26:17,83.815483,-55.266327,nan
2024-06-05T16:26:17,83.815491,-55.265919,nan
2024-06-05T16:26:16,83.815498,-55.265514,nan
2024-06-05T16:26:16,83.815506,-55.265114,nan
2024-06-05T16:26:15,83.815514,-55.264713,nan
2024-06-05T16:26:15,83.815514,-55.264317,nan
2024-06-05T16:26:14,83.815521,-55.263920,nan
2024-06-05T16:26:14,83.815529,-55.263527,nan
2024-06-05T16:26:13,83.815536,-55.263130,nan
2024-06-05T16:26:13,83.815544,-55.262733,nan
2024-06-05T16:26:12,83.815552,-55.262337,nan
2024-06-05T16:26:12,83.815552,-55.261940,nan
2024-06-05T16:26:11,83.815559,-55.261536,nan
2024-06-05T16:26:11,83.815567,-55.261131,nan
2024-06-05T16:26:10,83.815575,-55.260727,nan
2024-06-05T16:26:10,83.815575,-55.260323,nan
2024-06-05T16:26:09,83.815582,-55.259914,nan
2024-06-05T16:26:09,83.815590,-55.259506,nan
2024-06-05T16:26:08,83.815590,-55.259098,nan
2024-06-05T16:26:08,83.815598,-55.258690,nan
2024-06-05T16:26:07,83.815605,-55.258286,nan
2024-06-05T16:26:07,83.815605,-55.257877,nan
2024-06-05T16:26:06,83.815613,-55.257469,nan
2024-06-05T16:26:06,83.815620,-55.257061,nan
2024-06-05T16:26:05,83.815620,-55.256660,nan
2024-06-05T16:26:05,83.815628,-55.256264,nan
2024-06-05T16:26:04,83.815628,-55.255867,nan
2024-06-05T16:26:04,83.815636,-55.255478,nan
2024-06-05T16:26:03,83.815636,-55.255096,nan
2024-06-05T16:26:03,83.815643,-55.254715,nan
2024-06-05T16:26:02,83.815643,-55.254337,nan
2024-06-05T16:26:02,83.815651,-55.253960,nan
2024-06-05T16:26:01,83.815651,-55.253582,nan
2024-06-05T16:26:01,83.815659,-55.253201,nan
2024-06-05T16:26:00,83.815659,-55.252819,nan
2024-06-05T16:26:00,83.815666,-55.252434,nan
2024-06-05T16:25:59,83.815666,-55.252052,nan
2024-06-05T16:25:59,83.815674,-55.251667,nan
2024-06-05T16:25:58,83.815681,-55.251282,nan
2024-06-05T16:25:58,83.815689,-55.250893,nan
2024-06-05T16:25:57,83.815689,-55.250496,nan
2024-06-05T16:25:57,83.815697,-55.250095,nan
2024-06-05T16:25:56,83.815704,-55.249699,nan
2024-06-05T16:25:56,83.815704,-55.249294,nan
2024-06-05T16:25:55,83.815712,-55.248894,nan
2024-06-05T16:25:55,83.815720,-55.248489,nan
2024-06-05T16:25:54,83.815727,-55.248085,nan
2024-06-05T16:25:54,83.815735,-55.247681,nan
2024-06-05T16:25:53,83.815742,-55.247276,nan
2024-06-05T16:25:53,83.815742,-55.246876,nan
2024-06-05T16:25:52,83.815750,-55.246471,nan
2024-06-05T16:25:52,83.815758,-55.246071,nan
2024-06-05T16:25:51,83.815765,-55.245667,nan
2024-06-05T16:25:51,83.815773,-55.245258,nan
2024-06-05T16:25:50,83.815781,-55.244850,nan
2024-06-05T16:25:50,83.815788,-55.244446,nan
2024-06-05T16:25:49,83.815796,-55.244041,nan
2024-06-05T16:25:49,83.815804,-55.243645,nan
2024-06-05T16:25:48,83.815811,-55.243244,nan
2024-06-05T16:25:48,83.815819,-55.242844,nan
2024-06-05T16:25:47,83.815826,-55.242447,nan
2024-06-05T16:25:47,83.815842,-55.242050,nan
2024-06-05T16:25:46,83.815849,-55.241657,nan
2024-06-05T16:25:46,83.815857,-55.241261,nan
2024-06-05T16:25:45,83.815865,-55.240871,nan
2024-06-05T16:25:45,83.815880,-55.240482,nan
2024-06-05T16:25:44,83.815887,-55.240093,nan
2024-06-05T16:25:44,83.815903,-55.239704,nan
2024-06-05T16:25:43,83.815910,-55.239319,nan
2024-06-05T16:25:43,83.815918,-55.238934,nan
2024-06-05T16:25:42,83.815933,-55.238552,nan
2024-06-05T16:25:42,83.815941,-55.238171,nan
2024-06-05T16:25:41,83.815948,-55.237793,nan
2024-06-05T16:25:41,83.815964,-55.237419,nan
2024-06-05T16:25:40,83.815971,-55.237053,nan
2024-06-05T16:25:40,83.815987,-55.236691,nan
2024-06-05T16:25:39,83.815994,-55.236336,nan
2024-06-05T16:25:39,83.816002,-55.235977,nan
2024-06-05T16:25:38,83.816017,-55.235622,nan
2024-06-05T16:25:38,83.816025,-55.235268,nan
2024-06-05T16:25:37,83.816032,-55.234917,nan
2024-06-05T16:25:37,83.816040,-55.234570,nan
2024-06-05T16:25:36,83.816048,-55.234222,nan
2024-06-05T16:25:35,83.816063,-55.233521,nan
2024-06-05T16:25:35,83.816071,-55.233166,nan
2024-06-05T16:25:34,83.816078,-55.232811,nan
2024-06-05T16:25:34,83.816086,-55.232456,nan
2024-06-05T16:25:33,83.816093,-55.232105,nan
2024-06-05T16:25:33,83.816101,-55.231754,nan
2024-06-05T16:25:32,83.816109,-55.231407,nan
2024-06-05T16:25:32,83.816109,-55.231056,nan
2024-06-05T16:25:31,83.816116,-55.230713,nan
2024-06-05T16:25:31,83.816116,-55.230366,nan
2024-06-05T16:25:30,83.816124,-55.230015,nan
2024-06-05T16:25:30,83.816124,-55.229656,nan
2024-06-05T16:25:29,83.816132,-55.229301,nan
2024-06-05T16:25:29,83.816132,-55.228943,nan
2024-06-05T16:25:28,83.816132,-55.228580,nan
2024-06-05T16:25:28,83.816132,-55.228218,nan
2024-06-05T16:25:27,83.816139,-55.227856,nan
2024-06-05T16:25:27,83.816139,-55.227493,nan
2024-06-05T16:25:26,83.816139,-55.227131,nan
2024-06-05T16:25:26,83.816139,-55.226765,nan
2024-06-05T16:25:25,83.816139,-55.226402,nan
2024-06-05T16:25:25,83.816139,-55.226040,nan
2024-06-05T16:25:24,83.816147,-55.225681,nan
2024-06-05T16:25:24,83.816147,-55.225323,nan
2024-06-05T16:25:23,83.816147,-55.224964,nan
2024-06-05T16:25:23,83.816147,-55.224606,nan
2024-06-05T16:25:22,83.816147,-55.224243,nan
2024-06-05T16:25:22,83.816147,-55.223888,nan
2024-06-05T16:25:21,83.816154,-55.223526,nan
2024-06-05T16:25:21,83.816154,-55.223164,nan
2024-06-05T16:25:20,83.816154,-55.222797,nan
2024-06-05T16:25:20,83.816162,-55.222431,nan
2024-06-05T16:25:19,83.816162,-55.222057,nan
2024-06-05T16:25:19,83.816162,-55.221687,nan
2024-06-05T16:25:18,83.816162,-55.221317,nan
2024-06-05T16:25:18,83.816162,-55.220943,nan
2024-06-05T16:25:17,83.816162,-55.220570,nan
2024-06-05T16:25:17,83.816170,-55.220200,nan
2024-06-05T16:25:16,83.816170,-55.219826,nan
2024-06-05T16:25:16,83.816170,-55.219456,nan
2024-06-05T16:25:15,83.816170,-55.219082,nan
2024-06-05T16:25:15,83.816177,-55.218712,nan
2024-06-05T16:25:14,83.816177,-55.218342,nan
2024-06-05T16:25:14,83.816177,-55.217976,nan
2024-06-05T16:25:13,83.816185,-55.217613,nan
2024-06-05T16:25:13,83.816185,-55.217251,nan
2024-06-05T16:25:12,83.816193,-55.216888,nan
2024-06-05T16:25:12,83.816193,-55.216534,nan
2024-06-05T16:25:11,83.816200,-55.216183,nan
2024-06-05T16:25:11,83.816200,-55.215832,nan
2024-06-05T16:25:10,83.816208,-55.215481,nan
2024-06-05T16:25:10,83.816208,-55.215130,nan
2024-06-05T16:25:09,83.816216,-55.214775,nan
2024-06-05T16:25:09,83.816216,-55.214417,nan
2024-06-05T16:25:08,83.816223,-55.214062,nan
2024-06-05T16:25:08,83.816231,-55.213707,nan
2024-06-05T16:25:07,83.816231,-55.213348,nan
2024-06-05T16:25:07,83.816238,-55.212990,nan
2024-06-05T16:25:06,83.816246,-55.212631,nan
2024-06-05T16:25:06,83.816254,-55.212273,nan
2024-06-05T16:25:05,83.816254,-55.211910,nan
2024-06-05T16:25:05,83.816261,-55.211548,nan
2024-06-05T16:25:04,83.816269,-55.211182,nan
2024-06-05T16:25:04,83.816269,-55.210819,nan
2024-06-05T16:25:03,83.816277,-55.210457,nan
2024-06-05T16:25:03,83.816284,-55.210091,nan
2024-06-05T16:25:02,83.816292,-55.209728,nan
2024-06-05T16:25:02,83.816292,-55.209358,nan
2024-06-05T16:25:01,83.816299,-55.208992,nan
2024-06-05T16:25:01,83.816307,-55.208618,nan
2024-06-05T16:25:00,83.816315,-55.208248,nan
2024-06-05T16:25:00,83.816315,-55.207874,nan
2024-06-05T16:24:59,83.816322,-55.207500,nan
2024-06-05T16:24:59,83.816322,-55.207127,nan
2024-06-05T16:24:58,83.816330,-55.206753,nan
2024-06-05T16:24:58,83.816338,-55.206383,nan
2024-06-05T16:24:57,83.816338,-55.206013,nan
2024-06-05T16:24:57,83.816345,-55.205643,nan
2024-06-05T16:24:56,83.816353,-55.205276,nan
2024-06-05T16:24:56,83.816360,-55.204906,nan
2024-06-05T16:24:55,83.816360,-55.204536,nan
2024-06-05T16:24:55,83.816368,-55.204166,nan
2024-06-05T16:24:54,83.816376,-55.203793,nan
2024-06-05T16:24:54,83.816383,-55.203419,nan
2024-06-05T16:24:53,83.816391,-55.203045,nan
2024-06-05T16:24:53,83.816399,-55.202671,nan
2024-06-05T16:24:52,83.816399,-55.202293,nan
2024-06-05T16:24:52,83.816406,-55.201920,nan
2024-06-05T16:24:51,83.816414,-55.201542,nan
2024-06-05T16:24:51,83.816422,-55.201160,nan
2024-06-05T16:24:50,83.816429,-55.200779,nan
2024-06-05T16:24:50,83.816429,-55.200394,nan
2024-06-05T16:24:49,83.816437,-55.200012,nan
2024-06-05T16:24:49,83.816444,-55.199627,nan
2024-06-05T16:24:48,83.816452,-55.199238,nan
2024-06-05T16:24:48,83.816460,-55.198853,nan
2024-06-05T16:24:47,83.816467,-55.198463,nan
2024-06-05T16:24:47,83.816475,-55.198071,nan
2024-06-05T16:24:46,83.816483,-55.197678,nan
2024-06-05T16:24:46,83.816490,-55.197281,nan
2024-06-05T16:24:45,83.816505,-55.196884,nan
2024-06-05T16:24:45,83.816513,-55.196484,nan
2024-06-05T16:24:44,83.816521,-55.196079,nan
2024-06-05T16:24:44,83.816528,-55.195671,nan
2024-06-05T16:24:43,83.816536,-55.195263,nan
2024-06-05T16:24:43,83.816551,-55.194855,nan
2024-06-05T16:24:42,83.816559,-55.194439,nan
2024-06-05T16:24:42,83.816566,-55.194023,nan
2024-06-05T16:24:41,83.816582,-55.193607,nan
2024-06-05T16:24:41,83.816589,-55.193188,nan
2024-06-05T16:24:40,83.816597,-55.192768,nan
2024-06-05T16:24:40,83.816605,-55.192341,nan
2024-06-05T16:24:39,83.816620,-55.191910,nan
2024-06-05T16:24:39,83.816628,-55.191475,nan
2024-06-05T16:24:38,83.816635,-55.191044,nan
2024-06-05T16:24:38,83.816643,-55.190605,nan
2024-06-05T16:24:37,83.816650,-55.190170,nan
2024-06-05T16:24:37,83.816658,-55.189739,nan
2024-06-05T16:24:36,83.816673,-55.189304,nan
2024-06-05T16:24:36,83.816681,-55.188866,nan
2024-06-05T16:24:35,83.816689,-55.188431,nan
2024-06-05T16:24:35,83.816696,-55.187992,nan
2024-06-05T16:24:34,83.816704,-55.187550,nan
2024-06-05T16:24:34,83.816711,-55.187099,nan
2024-06-05T16:24:33,83.816719,-55.186649,nan
2024-06-05T16:24:33,83.816727,-55.186195,nan
2024-06-05T16:24:32,83.816734,-55.185741,nan
2024-06-05T16:24:32,83.816742,-55.185287,nan
2024-06-05T16:24:31,83.816750,-55.184830,nan
2024-06-05T16:24:31,83.816750,-55.184376,nan
2024-06-05T16:24:30,83.816757,-55.183918,nan
2024-06-05T16:24:30,83.816765,-55.183460,nan
2024-06-05T16:24:29,83.816765,-55.182999,nan
2024-06-05T16:24:29,83.816772,-55.182537,nan
2024-06-05T16:24:28,83.816772,-55.182076,nan
2024-06-05T16:24:28,83.816780,-55.181618,nan
2024-06-05T16:24:27,83.816780,-55.181152,nan
2024-06-05T16:24:27,83.816788,-55.180691,nan
2024-06-05T16:24:26,83.816788,-55.180229,nan
2024-06-05T16:24:26,83.816788,-55.179764,nan
2024-06-05T16:24:25,83.816795,-55.179302,nan
2024-06-05T16:24:25,83.816795,-55.178844,nan
2024-06-05T16:24:24,83.816803,-55.178391,nan
2024-06-05T16:24:24,83.816803,-55.177933,nan
2024-06-05T16:24:23,83.816811,-55.177479,nan
2024-06-05T16:24:23,83.816811,-55.177029,nan
2024-06-05T16:24:22,83.816818,-55.176575,nan
2024-06-05T16:24:22,83.816826,-55.176128,nan
2024-06-05T16:24:21,83.816833,-55.175682,nan
2024-06-05T16:24:21,83.816833,-55.175232,nan
2024-06-05T16:24:20,83.816841,-55.174786,nan
2024-06-05T16:24:20,83.816849,-55.174339,nan
2024-06-05T16:24:19,83.816856,-55.173897,nan
2024-06-05T16:24:19,83.816864,-55.173454,nan
2024-06-05T16:24:18,83.816872,-55.173012,nan
2024-06-05T16:24:18,83.816879,-55.172569,nan
2024-06-05T16:24:17,83.816887,-55.172123,nan
2024-06-05T16:24:17,83.816895,-55.171673,nan
2024-06-05T16:24:16,83.816895,-55.171219,nan
2024-06-05T16:24:16,83.816910,-55.170769,nan
2024-06-05T16:24:15,83.816910,-55.170315,nan
2024-06-05T16:24:15,83.816917,-55.169865,nan
2024-06-05T16:24:14,83.816925,-55.169411,nan
2024-06-05T16:24:14,83.816933,-55.168957,nan
2024-06-05T16:24:13,83.816940,-55.168510,nan
2024-06-05T16:24:13,83.816948,-55.168060,nan
2024-06-05T16:24:12,83.816956,-55.167614,nan
2024-06-05T16:24:12,83.816963,-55.167168,nan
2024-06-05T16:24:11,83.816971,-55.166718,nan
2024-06-05T16:24:11,83.816971,-55.166264,nan
2024-06-05T16:24:10,83.816978,-55.165813,nan
2024-06-05T16:24:10,83.816986,-55.165359,nan
2024-06-05T16:24:09,83.816994,-55.164906,nan
2024-06-05T16:24:09,83.817001,-55.164455,nan
2024-06-05T16:24:08,83.817009,-55.164001,nan
2024-06-05T16:24:08,83.817009,-55.163548,nan
2024-06-05T16:24:07,83.817017,-55.163094,nan
2024-06-05T16:24:07,83.817024,-55.162640,nan
2024-06-05T16:24:06,83.817032,-55.162174,nan
2024-06-05T16:24:06,83.817039,-55.161709,nan
2024-06-05T16:24:05,83.817047,-55.161240,nan
2024-06-05T16:24:05,83.817055,-55.160767,nan
2024-06-05T16:24:04,83.817062,-55.160290,nan
2024-06-05T16:24:04,83.817070,-55.159813,nan
2024-06-05T16:24:03,83.817078,-55.159328,nan
2024-06-05T16:24:03,83.817085,-55.158848,nan
2024-06-05T16:24:02,83.817093,-55.158363,nan
2024-06-05T16:24:02,83.817101,-55.157879,nan
2024-06-05T16:24:01,83.817108,-55.157391,nan
2024-06-05T16:24:01,83.817116,-55.156902,nan
2024-06-05T16:24:00,83.817123,-55.156418,nan
2024-06-05T16:24:00,83.817131,-55.155933,nan
2024-06-05T16:23:59,83.817139,-55.155445,nan
2024-06-05T16:23:59,83.817146,-55.154957,nan
2024-06-05T16:23:58,83.817162,-55.154472,nan
2024-06-05T16:23:58,83.817169,-55.153992,nan
2024-06-05T16:23:57,83.817177,-55.153507,nan
2024-06-05T16:23:57,83.817192,-55.153027,nan
2024-06-05T16:23:56,83.817200,-55.152546,nan
2024-06-05T16:23:56,83.817207,-55.152069,nan
2024-06-05T16:23:55,83.817223,-55.151592,nan
2024-06-05T16:23:55,83.817230,-55.151115,nan
2024-06-05T16:23:54,83.817245,-55.150639,nan
2024-06-05T16:23:54,83.817253,-55.150162,nan
2024-06-05T16:23:53,83.817268,-55.149689,nan
2024-06-05T16:23:53,83.817284,-55.149212,nan
2024-06-05T16:23:52,83.817291,-55.148739,nan
2024-06-05T16:23:52,83.817307,-55.148266,nan
2024-06-05T16:23:51,83.817314,-55.147785,nan
2024-06-05T16:23:51,83.817329,-55.147308,nan
2024-06-05T16:23:50,83.817337,-55.146832,nan
2024-06-05T16:23:50,83.817352,-55.146351,nan
2024-06-05T16:23:49,83.817368,-55.145870,nan
2024-06-05T16:23:49,83.817375,-55.145390,nan
2024-06-05T16:23:48,83.817390,-55.144901,nan
2024-06-05T16:23:48,83.817398,-55.144417,nan
2024-06-05T16:23:47,83.817406,-55.143929,nan
2024-06-05T16:23:47,83.817421,-55.143436,nan
2024-06-05T16:23:46,83.817429,-55.142941,nan
2024-06-05T16:23:46,83.817436,-55.142445,nan
2024-06-05T16:23:45,83.817451,-55.141949,nan
2024-06-05T16:23:45,83.817459,-55.141445,nan
2024-06-05T16:23:44,83.817467,-55.140942,nan
2024-06-05T16:23:44,83.817474,-55.140430,nan
2024-06-05T16:23:43,83.817482,-55.139919,nan
2024-06-05T16:23:43,83.817490,-55.139408,nan
2024-06-05T16:23:42,83.817497,-55.138889,nan
2024-06-05T16:23:42,83.817505,-55.138374,nan
2024-06-05T16:23:41,83.817505,-55.137859,nan
2024-06-05T16:23:41,83.817513,-55.137348,nan
2024-06-05T16:23:40,83.817513,-55.136841,nan
2024-06-05T16:23:40,83.817520,-55.136337,nan
2024-06-05T16:23:39,83.817520,-55.135841,nan
2024-06-05T16:23:39,83.817520,-55.135342,nan
2024-06-05T16:23:38,83.817528,-55.134846,nan
2024-06-05T16:23:38,83.817528,-55.134354,nan
2024-06-05T16:23:37,83.817528,-55.133862,nan
2024-06-05T16:23:37,83.817528,-55.133377,nan
2024-06-05T16:23:36,83.817535,-55.132893,nan
2024-06-05T16:23:36,83.817535,-55.132416,nan
2024-06-05T16:23:35,83.817535,-55.131935,nan
2024-06-05T16:23:35,83.817543,-55.131458,nan
2024-06-05T16:23:34,83.817543,-55.130981,nan
2024-06-05T16:23:34,83.817551,-55.130505,nan
2024-06-05T16:23:33,83.817551,-55.130024,nan
2024-06-05T16:23:33,83.817558,-55.129543,nan
2024-06-05T16:23:32,83.817566,-55.129063,nan
2024-06-05T16:23:32,83.817574,-55.128578,nan
2024-06-05T16:23:31,83.817574,-55.128094,nan
2024-06-05T16:23:31,83.817581,-55.127613,nan
2024-06-05T16:23:30,83.817589,-55.127132,nan
2024-06-05T16:23:30,83.817596,-55.126652,nan
2024-06-05T16:23:29,83.817604,-55.126171,nan
2024-06-05T16:23:29,83.817612,-55.125698,nan
2024-06-05T16:23:28,83.817612,-55.125225,nan
2024-06-05T16:23:28,83.817619,-55.124752,nan
2024-06-05T16:23:27,83.817627,-55.124283,nan
2024-06-05T16:23:27,83.817635,-55.123814,nan
2024-06-05T16:23:26,83.817642,-55.123344,nan
2024-06-05T16:23:26,83.817650,-55.122883,nan
2024-06-05T16:23:25,83.817657,-55.122417,nan
2024-06-05T16:23:25,83.817665,-55.121956,nan
2024-06-05T16:23:24,83.817673,-55.121490,nan
2024-06-05T16:23:24,83.817680,-55.121029,nan
2024-06-05T16:23:23,83.817688,-55.120567,nan
2024-06-05T16:23:23,83.817688,-55.120102,nan
2024-06-05T16:23:22,83.817696,-55.119633,nan
2024-06-05T16:23:22,83.817703,-55.119167,nan
2024-06-05T16:23:21,83.817711,-55.118698,nan
2024-06-05T16:23:21,83.817719,-55.118225,nan
2024-06-05T16:23:20,83.817726,-55.117756,nan
2024-06-05T16:23:20,83.817734,-55.117283,nan
2024-06-05T16:23:19,83.817741,-55.116810,nan
2024-06-05T16:23:19,83.817749,-55.116329,nan
2024-06-05T16:23:18,83.817757,-55.115852,nan
2024-06-05T16:23:18,83.817764,-55.115368,nan
2024-06-05T16:23:17,83.817772,-55.114891,nan
2024-06-05T16:23:17,83.817780,-55.114414,nan
2024-06-05T16:23:16,83.817795,-55.113937,nan
2024-06-05T16:23:16,83.817802,-55.113461,nan
2024-06-05T16:23:15,83.817810,-55.112980,nan
2024-06-05T16:23:15,83.817818,-55.112503,nan
2024-06-05T16:23:14,83.817833,-55.112022,nan
2024-06-05T16:23:14,83.817841,-55.111542,nan
2024-06-05T16:23:13,83.817856,-55.111061,nan
2024-06-05T16:23:13,83.817871,-55.110577,nan
2024-06-05T16:23:12,83.817879,-55.110092,nan
2024-06-05T16:23:12,83.817894,-55.109612,nan
2024-06-05T16:23:11,83.817902,-55.109131,nan
2024-06-05T16:23:11,83.817917,-55.108654,nan
2024-06-05T16:23:10,83.817932,-55.108177,nan
2024-06-05T16:23:10,83.817940,-55.107704,nan
2024-06-05T16:23:09,83.817955,-55.107231,nan
2024-06-05T16:23:09,83.817970,-55.106758,nan
2024-06-05T16:23:08,83.817986,-55.106285,nan
2024-06-05T16:23:08,83.818001,-55.105812,nan
2024-06-05T16:23:07,83.818008,-55.105331,nan
2024-06-05T16:23:07,83.818024,-55.104851,nan
2024-06-05T16:23:06,83.818039,-55.104362,nan
2024-06-05T16:23:06,83.818054,-55.103874,nan
2024-06-05T16:23:05,83.818069,-55.103386,nan
2024-06-05T16:23:05,83.818085,-55.102894,nan
2024-06-05T16:23:04,83.818092,-55.102402,nan
2024-06-05T16:23:04,83.818108,-55.101910,nan
2024-06-05T16:23:03,83.818123,-55.101414,nan
2024-06-05T16:23:03,83.818138,-55.100922,nan
2024-06-05T16:23:02,83.818153,-55.100426,nan
2024-06-05T16:23:01,83.818184,-55.099430,nan
2024-06-05T16:23:01,83.818199,-55.098930,nan
2024-06-05T16:23:00,83.818207,-55.098427,nan
2024-06-05T16:23:00,83.818222,-55.097923,nan
2024-06-05T16:22:59,83.818237,-55.097420,nan
2024-06-05T16:22:59,83.818253,-55.096916,nan
2024-06-05T16:22:58,83.818260,-55.096416,nan
2024-06-05T16:22:58,83.818275,-55.095921,nan
2024-06-05T16:22:57,83.818283,-55.095428,nan
2024-06-05T16:22:57,83.818298,-55.094936,nan
2024-06-05T16:22:56,83.818314,-55.094448,nan
2024-06-05T16:22:56,83.818321,-55.093960,nan
2024-06-05T16:22:55,83.818336,-55.093472,nan
2024-06-05T16:22:55,83.818352,-55.092987,nan
2024-06-05T16:22:54,83.818367,-55.092503,nan
2024-06-05T16:22:54,83.818375,-55.092018,nan
2024-06-05T16:22:53,83.818390,-55.091534,nan
2024-06-05T16:22:53,83.818405,-55.091049,nan
2024-06-05T16:22:52,83.818420,-55.090572,nan
2024-06-05T16:22:52,83.818436,-55.090096,nan
2024-06-05T16:22:51,83.818451,-55.089619,nan
2024-06-05T16:22:51,83.818466,-55.089146,nan
2024-06-05T16:22:50,83.818481,-55.088669,nan
2024-06-05T16:22:50,83.818504,-55.088196,nan
2024-06-05T16:22:49,83.818520,-55.087723,nan
2024-06-05T16:22:49,83.818535,-55.087250,nan
2024-06-05T16:22:48,83.818550,-55.086777,nan
2024-06-05T16:22:48,83.818565,-55.086308,nan
2024-06-05T16:22:47,83.818581,-55.085835,nan
2024-06-05T16:22:47,83.818596,-55.085358,nan
2024-06-05T16:22:46,83.818611,-55.084885,nan
2024-06-05T16:22:46,83.818619,-55.084408,nan
2024-06-05T16:22:45,83.818634,-55.083931,nan
2024-06-05T16:22:45,83.818649,-55.083458,nan
2024-06-05T16:22:44,83.818657,-55.082981,nan
2024-06-05T16:22:44,83.818672,-55.082504,nan
2024-06-05T16:22:43,83.818680,-55.082027,nan
2024-06-05T16:22:43,83.818687,-55.081547,nan
2024-06-05T16:22:42,83.818703,-55.081070,nan
2024-06-05T16:22:42,83.818710,-55.080593,nan
2024-06-05T16:22:41,83.818718,-55.080112,nan
2024-06-05T16:22:41,83.818726,-55.079632,nan
2024-06-05T16:22:40,83.818733,-55.079151,nan
2024-06-05T16:22:40,83.818748,-55.078671,nan
2024-06-05T16:22:39,83.818756,-55.078190,nan
2024-06-05T16:22:39,83.818764,-55.077709,nan
2024-06-05T16:22:38,83.818771,-55.077232,nan
2024-06-05T16:22:38,83.818779,-55.076756,nan
2024-06-05T16:22:37,83.818787,-55.076275,nan
2024-06-05T16:22:37,83.818794,-55.075794,nan
2024-06-05T16:22:36,83.818802,-55.075314,nan
2024-06-05T16:22:36,83.818810,-55.074825,nan
2024-06-05T16:22:35,83.818817,-55.074345,nan
2024-06-05T16:22:35,83.818825,-55.073864,nan
2024-06-05T16:22:34,83.818832,-55.073383,nan
2024-06-05T16:22:34,83.818840,-55.072903,nan
2024-06-05T16:22:33,83.818848,-55.072418,nan
2024-06-05T16:22:33,83.818855,-55.071934,nan
2024-06-05T16:22:32,83.818863,-55.071449,nan
2024-06-05T16:22:32,83.818871,-55.070961,nan
2024-06-05T16:22:31,83.818871,-55.070473,nan
2024-06-05T16:22:31,83.818878,-55.069981,nan
2024-06-05T16:22:30,83.818886,-55.069489,nan
2024-06-05T16:22:30,83.818893,-55.068996,nan
2024-06-05T16:22:29,83.818901,-55.068504,nan
2024-06-05T16:22:29,83.818901,-55.068008,nan
2024-06-05T16:22:28,83.818909,-55.067513,nan
2024-06-05T16:22:28,83.818916,-55.067013,nan
2024-06-05T16:22:27,83.818916,-55.066517,nan
2024-06-05T16:22:27,83.818916,-55.066017,nan
2024-06-05T16:22:26,83.818924,-55.065521,nan
2024-06-05T16:22:26,83.818924,-55.065025,nan
2024-06-05T16:22:25,83.818932,-55.064529,nan
2024-06-05T16:22:25,83.818932,-55.064041,nan
2024-06-05T16:22:24,83.818932,-55.063549,nan
2024-06-05T16:22:24,83.818939,-55.063061,nan
2024-06-05T16:22:23,83.818939,-55.062572,nan
2024-06-05T16:22:23,83.818947,-55.062084,nan
2024-06-05T16:22:22,83.818954,-55.061592,nan
2024-06-05T16:22:22,83.818954,-55.061100,nan
2024-06-05T16:22:21,83.818962,-55.060600,nan
2024-06-05T16:22:21,83.818970,-55.060104,nan
2024-06-05T16:22:20,83.818977,-55.059605,nan
2024-06-05T16:22:20,83.818985,-55.059109,nan
2024-06-05T16:22:19,83.818993,-55.058605,nan
2024-06-05T16:22:19,83.818993,-55.058102,nan
2024-06-05T16:22:18,83.819000,-55.057598,nan
2024-06-05T16:22:18,83.819008,-55.057091,nan
2024-06-05T16:22:17,83.819016,-55.056583,nan
2024-06-05T16:22:17,83.819023,-55.056076,nan
2024-06-05T16:22:16,83.819031,-55.055569,nan
2024-06-05T16:22:16,83.819038,-55.055058,nan
2024-06-05T16:22:15,83.819046,-55.054546,nan
2024-06-05T16:22:15,83.819054,-55.054035,nan
2024-06-05T16:22:14,83.819061,-55.053528,nan
2024-06-05T16:22:14,83.819069,-55.053024,nan
2024-06-05T16:22:13,83.819077,-55.052525,nan
2024-06-05T16:22:13,83.819084,-55.052029,nan
2024-06-05T16:22:12,83.819092,-55.051537,nan
2024-06-05T16:22:12,83.819099,-55.051044,nan
2024-06-05T16:22:11,83.819107,-55.050552,nan
2024-06-05T16:22:11,83.819122,-55.050060,nan
2024-06-05T16:22:10,83.819130,-55.049572,nan
2024-06-05T16:22:10,83.819138,-55.049084,nan
2024-06-05T16:22:09,83.819153,-55.048595,nan
2024-06-05T16:22:09,83.819168,-55.048103,nan
2024-06-05T16:22:08,83.819176,-55.047615,nan
2024-06-05T16:22:08,83.819191,-55.047123,nan
2024-06-05T16:22:07,83.819206,-55.046631,nan
2024-06-05T16:22:07,83.819214,-55.046139,nan
2024-06-05T16:22:06,83.819229,-55.045643,nan
2024-06-05T16:22:06,83.819244,-55.045147,nan
2024-06-05T16:22:05,83.819252,-55.044651,nan
2024-06-05T16:22:05,83.819267,-55.044151,nan
2024-06-05T16:22:04,83.819283,-55.043655,nan
2024-06-05T16:22:04,83.819290,-55.043159,nan
2024-06-05T16:22:03,83.819305,-55.042667,nan
2024-06-05T16:22:03,83.819313,-55.042179,nan
2024-06-05T16:22:02,83.819321,-55.041698,nan
2024-06-05T16:22:02,83.819328,-55.041214,nan
2024-06-05T16:22:01,83.819344,-55.040733,nan
2024-06-05T16:22:01,83.819351,-55.040249,nan
2024-06-05T16:22:00,83.819359,-55.039764,nan
2024-06-05T16:22:00,83.819366,-55.039280,nan
2024-06-05T16:21:59,83.819374,-55.038795,nan
2024-06-05T16:21:59,83.819382,-55.038311,nan
2024-06-05T16:21:58,83.819389,-55.037827,nan
2024-06-05T16:21:58,83.819397,-55.037346,nan
2024-06-05T16:21:57,83.819405,-55.036865,nan
2024-06-05T16:21:57,83.819412,-55.036385,nan
2024-06-05T16:21:56,83.819420,-55.035896,nan
2024-06-05T16:21:56,83.819427,-55.035412,nan
2024-06-05T16:21:55,83.819435,-55.034920,nan
2024-06-05T16:21:55,83.819443,-55.034428,nan
2024-06-05T16:21:54,83.819450,-55.033936,nan
2024-06-05T16:21:54,83.819450,-55.033443,nan
2024-06-05T16:21:53,83.819458,-55.032951,nan
2024-06-05T16:21:53,83.819466,-55.032459,nan
2024-06-05T16:21:52,83.819473,-55.031971,nan
2024-06-05T16:21:52,83.819473,-55.031487,nan
2024-06-05T16:21:51,83.819481,-55.031002,nan
2024-06-05T16:21:51,83.819489,-55.030521,nan
2024-06-05T16:21:50,83.819496,-55.030041,nan
2024-06-05T16:21:50,83.819504,-55.029564,nan
2024-06-05T16:21:49,83.819504,-55.029087,nan
2024-06-05T16:21:49,83.819511,-55.028610,nan
2024-06-05T16:21:48,83.819519,-55.028133,nan
2024-06-05T16:21:48,83.819527,-55.027657,nan
2024-06-05T16:21:47,83.819542,-55.027180,nan
2024-06-05T16:21:47,83.819550,-55.026695,nan
2024-06-05T16:21:46,83.819557,-55.026211,nan
2024-06-05T16:21:46,83.819565,-55.025719,nan
2024-06-05T16:21:45,83.819572,-55.025227,nan
2024-06-05T16:21:45,83.819580,-55.024731,nan
2024-06-05T16:21:44,83.819588,-55.024239,nan
2024-06-05T16:21:44,83.819595,-55.023746,nan
2024-06-05T16:21:43,83.819603,-55.023258,nan
2024-06-05T16:21:43,83.819611,-55.022770,nan
2024-06-05T16:21:42,83.819618,-55.022285,nan
2024-06-05T16:21:42,83.819626,-55.021797,nan
2024-06-05T16:21:41,83.819633,-55.021309,nan
2024-06-05T16:21:41,83.819641,-55.020824,nan
2024-06-05T16:21:40,83.819649,-55.020336,nan
2024-06-05T16:21:40,83.819656,-55.019855,nan
2024-06-05T16:21:39,83.819664,-55.019379,nan
2024-06-05T16:21:39,83.819672,-55.018902,nan
2024-06-05T16:21:38,83.819679,-55.018429,nan
2024-06-05T16:21:38,83.819695,-55.017956,nan
2024-06-05T16:21:37,83.819702,-55.017487,nan
2024-06-05T16:21:37,83.819710,-55.017017,nan
2024-06-05T16:21:36,83.819717,-55.016552,nan
2024-06-05T16:21:36,83.819725,-55.016083,nan
2024-06-05T16:21:35,83.819733,-55.015617,nan
2024-06-05T16:21:35,83.819740,-55.015148,nan
2024-06-05T16:21:34,83.819748,-55.014675,nan
2024-06-05T16:21:34,83.819756,-55.014202,nan
2024-06-05T16:21:33,83.819763,-55.013725,nan
2024-06-05T16:21:33,83.819771,-55.013248,nan
2024-06-05T16:21:32,83.819778,-55.012768,nan
2024-06-05T16:21:32,83.819786,-55.012291,nan
2024-06-05T16:21:31,83.819794,-55.011810,nan
2024-06-05T16:21:31,83.819801,-55.011333,nan
2024-06-05T16:21:30,83.819809,-55.010853,nan
2024-06-05T16:21:30,83.819817,-55.010372,nan
2024-06-05T16:21:29,83.819817,-55.009888,nan
2024-06-05T16:21:29,83.819824,-55.009411,nan
2024-06-05T16:21:28,83.819832,-55.008934,nan
2024-06-05T16:21:28,83.819839,-55.008457,nan
2024-06-05T16:21:27,83.819847,-55.007988,nan
2024-06-05T16:21:27,83.819855,-55.007523,nan
2024-06-05T16:21:26,83.819855,-55.007057,nan
2024-06-05T16:21:26,83.819862,-55.006592,nan
2024-06-05T16:21:25,83.819870,-55.006130,nan
2024-06-05T16:21:25,83.819878,-55.005672,nan
2024-06-05T16:21:24,83.819885,-55.005215,nan
2024-06-05T16:21:24,83.819893,-55.004757,nan
2024-06-05T16:21:23,83.819908,-55.004299,nan
2024-06-05T16:21:23,83.819916,-55.003838,nan
2024-06-05T16:21:22,83.819923,-55.003376,nan
2024-06-05T16:21:22,83.819931,-55.002911,nan
2024-06-05T16:21:21,83.819946,-55.002445,nan
2024-06-05T16:21:21,83.819954,-55.001980,nan
2024-06-05T16:21:20,83.819962,-55.001511,nan
2024-06-05T16:21:20,83.819977,-55.001038,nan
2024-06-05T16:21:19,83.819984,-55.000565,nan
2024-06-05T16:21:19,83.819992,-55.000092,nan
2024-06-05T16:21:18,83.820007,-54.999619,nan
2024-06-05T16:21:18,83.820015,-54.999146,nan
2024-06-05T16:21:17,83.820023,-54.998676,nan
2024-06-05T16:21:17,83.820030,-54.998211,nan
2024-06-05T16:21:16,83.820045,-54.997746,nan
2024-06-05T16:21:16,83.820053,-54.997288,nan
2024-06-05T16:21:15,83.820061,-54.996826,nan
2024-06-05T16:21:15,83.820068,-54.996372,nan
2024-06-05T16:21:14,83.820076,-54.995914,nan
2024-06-05T16:21:14,83.820084,-54.995461,nan
2024-06-05T16:21:13,83.820091,-54.995010,nan
2024-06-05T16:21:13,83.820099,-54.994560,nan
2024-06-05T16:21:12,83.820107,-54.994110,nan
2024-06-05T16:21:12,83.820114,-54.993656,nan
2024-06-05T16:21:11,83.820122,-54.993206,nan
2024-06-05T16:21:11,83.820129,-54.992748,nan
2024-06-05T16:21:10,83.820137,-54.992294,nan
2024-06-05T16:21:10,83.820145,-54.991840,nan
2024-06-05T16:21:09,83.820152,-54.991383,nan
2024-06-05T16:21:09,83.820160,-54.990921,nan
2024-06-05T16:21:08,83.820168,-54.990456,nan
2024-06-05T16:21:08,83.820175,-54.989990,nan
2024-06-05T16:21:07,83.820175,-54.989517,nan
2024-06-05T16:21:07,83.820183,-54.989044,nan
2024-06-05T16:21:06,83.820190,-54.988571,nan
2024-06-05T16:21:06,83.820198,-54.988098,nan
2024-06-05T16:21:05,83.820198,-54.987629,nan
2024-06-05T16:21:05,83.820206,-54.987164,nan
2024-06-05T16:21:04,83.820213,-54.986698,nan
2024-06-05T16:21:04,83.820213,-54.986237,nan
2024-06-05T16:21:03,83.820221,-54.985779,nan
2024-06-05T16:21:03,83.820229,-54.985325,nan
2024-06-05T16:21:02,83.820229,-54.984875,nan
2024-06-05T16:21:02,83.820236,-54.984425,nan
2024-06-05T16:21:01,83.820244,-54.983974,nan
2024-06-05T16:21:01,83.820251,-54.983524,nan
2024-06-05T16:21:00,83.820259,-54.983070,nan
2024-06-05T16:21:00,83.820267,-54.982616,nan
2024-06-05T16:20:59,83.820274,-54.982162,nan
2024-06-05T16:20:59,83.820282,-54.981705,nan
2024-06-05T16:20:58,83.820290,-54.981243,nan
2024-06-05T16:20:58,83.820297,-54.980782,nan
2024-06-05T16:20:57,83.820305,-54.980312,nan
2024-06-05T16:20:57,83.820312,-54.979843,nan
2024-06-05T16:20:56,83.820328,-54.979374,nan
2024-06-05T16:20:56,83.820335,-54.978897,nan
2024-06-05T16:20:55,83.820343,-54.978428,nan
2024-06-05T16:20:55,83.820351,-54.977959,nan
2024-06-05T16:20:54,83.820358,-54.977489,nan
2024-06-05T16:20:54,83.820358,-54.977020,nan
2024-06-05T16:20:53,83.820366,-54.976555,nan
2024-06-05T16:20:53,83.820374,-54.976086,nan
2024-06-05T16:20:52,83.820381,-54.975620,nan
2024-06-05T16:20:52,83.820381,-54.975159,nan
2024-06-05T16:20:51,83.820389,-54.974701,nan
2024-06-05T16:20:51,83.820389,-54.974251,nan
2024-06-05T16:20:50,83.820396,-54.973797,nan
2024-06-05T16:20:50,83.820396,-54.973351,nan
2024-06-05T16:20:49,83.820404,-54.972904,nan
2024-06-05T16:20:49,83.820412,-54.972458,nan
2024-06-05T16:20:48,83.820412,-54.972012,nan
2024-06-05T16:20:48,83.820419,-54.971561,nan
2024-06-05T16:20:47,83.820419,-54.971115,nan
2024-06-05T16:20:47,83.820427,-54.970661,nan
2024-06-05T16:20:46,83.820427,-54.970207,nan
2024-06-05T16:20:46,83.820435,-54.969746,nan
2024-06-05T16:20:45,83.820435,-54.969280,nan
2024-06-05T16:20:45,83.820442,-54.968819,nan
2024-06-05T16:20:44,83.820442,-54.968353,nan
2024-06-05T16:20:44,83.820450,-54.967888,nan
2024-06-05T16:20:43,83.820450,-54.967422,nan
2024-06-05T16:20:43,83.820457,-54.966965,nan
2024-06-05T16:20:42,83.820457,-54.966503,nan
2024-06-05T16:20:42,83.820465,-54.966045,nan
2024-06-05T16:20:41,83.820465,-54.965591,nan
2024-06-05T16:20:41,83.820473,-54.965134,nan
2024-06-05T16:20:40,83.820473,-54.964680,nan
2024-06-05T16:20:40,83.820480,-54.964226,nan
2024-06-05T16:20:39,83.820480,-54.963772,nan
2024-06-05T16:20:39,83.820488,-54.963310,nan
2024-06-05T16:20:38,83.820496,-54.962849,nan
2024-06-05T16:20:38,83.820496,-54.962383,nan
2024-06-05T16:20:37,83.820503,-54.961918,nan
2024-06-05T16:20:37,83.820511,-54.961449,nan
2024-06-05T16:20:36,83.820518,-54.960976,nan
2024-06-05T16:20:36,83.820518,-54.960506,nan
2024-06-05T16:20:35,83.820526,-54.960037,nan
2024-06-05T16:20:35,83.820526,-54.959568,nan
2024-06-05T16:20:34,83.820534,-54.959099,nan
2024-06-05T16:20:34,83.820534,-54.958633,nan
2024-06-05T16:20:33,83.820541,-54.958168,nan
2024-06-05T16:20:33,83.820541,-54.957703,nan
2024-06-05T16:20:32,83.820549,-54.957241,nan
2024-06-05T16:20:32,83.820557,-54.956776,nan
2024-06-05T16:20:31,83.820557,-54.956310,nan
2024-06-05T16:20:31,83.820557,-54.955849,nan
2024-06-05T16:20:30,83.820564,-54.955387,nan
2024-06-05T16:20:30,83.820564,-54.954929,nan
2024-06-05T16:20:29,83.820572,-54.954472,nan
2024-06-05T16:20:29,83.820572,-54.954021,nan
2024-06-05T16:20:28,83.820580,-54.953571,nan
2024-06-05T16:20:28,83.820580,-54.953121,nan
2024-06-05T16:20:27,83.820580,-54.952675,nan
2024-06-05T16:20:27,83.820587,-54.952225,nan
2024-06-05T16:20:26,83.820595,-54.951775,nan
2024-06-05T16:20:26,83.820595,-54.951321,nan
2024-06-05T16:20:25,83.820595,-54.950863,nan
2024-06-05T16:20:25,83.820602,-54.950401,nan
2024-06-05T16:20:24,83.820602,-54.949936,nan
2024-06-05T16:20:24,83.820602,-54.949471,nan
2024-06-05T16:20:23,83.820610,-54.949001,nan
2024-06-05T16:20:23,83.820610,-54.948532,nan
2024-06-05T16:20:22,83.820610,-54.948063,nan
2024-06-05T16:20:22,83.820618,-54.947594,nan
2024-06-05T16:20:21,83.820618,-54.947121,nan
2024-06-05T16:20:21,83.820618,-54.946651,nan
2024-06-05T16:20:20,83.820618,-54.946182,nan
2024-06-05T16:20:20,83.820618,-54.945713,nan
2024-06-05T16:20:19,83.820618,-54.945244,nan
2024-06-05T16:20:19,83.820618,-54.944778,nan
2024-06-05T16:20:18,83.820618,-54.944321,nan
2024-06-05T16:20:18,83.820618,-54.943859,nan
2024-06-05T16:20:17,83.820618,-54.943405,nan
2024-06-05T16:20:17,83.820618,-54.942955,nan
2024-06-05T16:20:16,83.820618,-54.942509,nan
2024-06-05T16:20:16,83.820618,-54.942062,nan
2024-06-05T16:20:15,83.820618,-54.941620,nan
2024-06-05T16:20:15,83.820618,-54.941177,nan
2024-06-05T16:20:14,83.820618,-54.940742,nan
2024-06-05T16:20:14,83.820618,-54.940311,nan
2024-06-05T16:20:13,83.820618,-54.939880,nan
2024-06-05T16:20:13,83.820618,-54.939449,nan
2024-06-05T16:20:12,83.820618,-54.939022,nan
2024-06-05T16:20:12,83.820625,-54.938591,nan
2024-06-05T16:20:11,83.820625,-54.938164,nan
2024-06-05T16:20:11,83.820625,-54.937733,nan
2024-06-05T16:20:10,83.820633,-54.937309,nan
2024-06-05T16:20:10,83.820633,-54.936886,nan
2024-06-05T16:20:09,83.820641,-54.936466,nan
2024-06-05T16:20:09,83.820641,-54.936050,nan
2024-06-05T16:20:08,83.820641,-54.935635,nan
2024-06-05T16:20:08,83.820648,-54.935219,nan
2024-06-05T16:20:07,83.820648,-54.934807,nan
2024-06-05T16:20:07,83.820656,-54.934395,nan
2024-06-05T16:20:06,83.820656,-54.933983,nan
2024-06-05T16:20:06,83.820656,-54.933575,nan
2024-06-05T16:20:05,83.820656,-54.933167,nan
2024-06-05T16:20:05,83.820663,-54.932758,nan
2024-06-05T16:20:04,83.820663,-54.932350,nan
2024-06-05T16:20:04,83.820663,-54.931942,nan
2024-06-05T16:20:03,83.820671,-54.931534,nan
2024-06-05T16:20:03,83.820671,-54.931122,nan
2024-06-05T16:20:02,83.820671,-54.930710,nan
2024-06-05T16:20:02,83.820679,-54.930294,nan
2024-06-05T16:20:01,83.820679,-54.929878,nan
2024-06-05T16:20:01,83.820679,-54.929459,nan
2024-06-05T16:20:00,83.820679,-54.929039,nan
2024-06-05T16:20:00,83.820679,-54.928619,nan
2024-06-05T16:19:59,83.820679,-54.928196,nan
2024-06-05T16:19:59,83.820686,-54.927776,nan
2024-06-05T16:19:58,83.820686,-54.927357,nan
2024-06-05T16:19:58,83.820686,-54.926937,nan
2024-06-05T16:19:57,83.820686,-54.926525,nan
2024-06-05T16:19:57,83.820686,-54.926113,nan
2024-06-05T16:19:56,83.820686,-54.925709,nan
2024-06-05T16:19:56,83.820686,-54.925304,nan
2024-06-05T16:19:55,83.820686,-54.924900,nan
2024-06-05T16:19:55,83.820686,-54.924500,nan
2024-06-05T16:19:54,83.820686,-54.924103,nan
2024-06-05T16:19:54,83.820686,-54.923710,nan
2024-06-05T16:19:53,83.820686,-54.923317,nan
2024-06-05T16:19:53,83.820686,-54.922928,nan
2024-06-05T16:19:52,83.820686,-54.922539,nan
2024-06-05T16:19:52,83.820686,-54.922157,nan
2024-06-05T16:19:51,83.820686,-54.921776,nan
2024-06-05T16:19:51,83.820686,-54.921394,nan
2024-06-05T16:19:50,83.820686,-54.921017,nan
2024-06-05T16:19:50,83.820686,-54.920643,nan
2024-06-05T16:19:49,83.820694,-54.920269,nan
2024-06-05T16:19:49,83.820694,-54.919895,nan
2024-06-05T16:19:48,83.820702,-54.919518,nan
2024-06-05T16:19:48,83.820702,-54.919144,nan
2024-06-05T16:19:47,83.820702,-54.918770,nan
2024-06-05T16:19:47,83.820709,-54.918396,nan
2024-06-05T16:19:46,83.820709,-54.918030,nan
2024-06-05T16:19:46,83.820709,-54.917667,nan
2024-06-05T16:19:45,83.820709,-54.917309,nan
2024-06-05T16:19:45,83.820709,-54.916958,nan
2024-06-05T16:19:44,83.820717,-54.916611,nan
2024-06-05T16:19:44,83.820717,-54.916267,nan
2024-06-05T16:19:43,83.820717,-54.915924,nan
2024-06-05T16:19:43,83.820724,-54.915581,nan
2024-06-05T16:19:42,83.820724,-54.915241,nan
2024-06-05T16:19:42,83.820724,-54.914902,nan
2024-06-05T16:19:41,83.820724,-54.914566,nan
2024-06-05T16:19:41,83.820732,-54.914230,nan
2024-06-05T16:19:40,83.820732,-54.913895,nan
2024-06-05T16:19:40,83.820732,-54.913559,nan
2024-06-05T16:19:39,83.820740,-54.913219,nan
2024-06-05T16:19:39,83.820740,-54.912880,nan
2024-06-05T16:19:38,83.820740,-54.912533,nan
2024-06-05T16:19:38,83.820740,-54.912193,nan
2024-06-05T16:19:37,83.820740,-54.911854,nan
2024-06-05T16:19:37,83.820740,-54.911514,nan
2024-06-05T16:19:36,83.820740,-54.911179,nan
2024-06-05T16:19:36,83.820740,-54.910843,nan
2024-06-05T16:19:35,83.820740,-54.910507,nan
2024-06-05T16:19:35,83.820740,-54.910172,nan
2024-06-05T16:19:34,83.820740,-54.909836,nan
2024-06-05T16:19:34,83.820732,-54.909500,nan
2024-06-05T16:19:33,83.820732,-54.909168,nan
2024-06-05T16:19:33,83.820732,-54.908833,nan
2024-06-05T16:19:32,83.820732,-54.908504,nan
2024-06-05T16:19:32,83.820732,-54.908173,nan
2024-06-05T16:19:31,83.820732,-54.907837,nan
2024-06-05T16:19:31,83.820732,-54.907501,nan
2024-06-05T16:19:30,83.820732,-54.907166,nan
2024-06-05T16:19:30,83.820732,-54.906830,nan
2024-06-05T16:19:29,83.820732,-54.906487,nan
2024-06-05T16:19:29,83.820732,-54.906147,nan
2024-06-05T16:19:28,83.820732,-54.905800,nan
2024-06-05T16:19:28,83.820732,-54.905457,nan
2024-06-05T16:19:27,83.820732,-54.905109,nan
2024-06-05T16:19:27,83.820740,-54.904758,nan
2024-06-05T16:19:26,83.820740,-54.904408,nan
2024-06-05T16:19:26,83.820740,-54.904053,nan
2024-06-05T16:19:25,83.820740,-54.903698,nan
2024-06-05T16:19:25,83.820740,-54.903339,nan
2024-06-05T16:19:24,83.820740,-54.902985,nan
2024-06-05T16:19:24,83.820740,-54.902630,nan
2024-06-05T16:19:23,83.820740,-54.902271,nan
2024-06-05T16:19:23,83.820732,-54.901920,nan
2024-06-05T16:19:22,83.820732,-54.901569,nan
2024-06-05T16:19:22,83.820732,-54.901218,nan
2024-06-05T16:19:21,83.820732,-54.900867,nan
2024-06-05T16:19:21,83.820732,-54.900520,nan
2024-06-05T16:19:20,83.820732,-54.900173,nan
2024-06-05T16:19:20,83.820732,-54.899830,nan
2024-06-05T16:19:19,83.820732,-54.899487,nan
2024-06-05T16:19:19,83.820732,-54.899147,nan
2024-06-05T16:19:18,83.820732,-54.898808,nan
2024-06-05T16:19:18,83.820732,-54.898464,nan
2024-06-05T16:19:17,83.820732,-54.898121,nan
2024-06-05T16:19:17,83.820732,-54.897774,nan
2024-06-05T16:19:16,83.820732,-54.897423,nan
2024-06-05T16:19:16,83.820732,-54.897068,nan
2024-06-05T16:19:15,83.820724,-54.896709,nan
2024-06-05T16:19:15,83.820724,-54.896351,nan
2024-06-05T16:19:14,83.820724,-54.895992,nan
2024-06-05T16:19:14,83.820717,-54.895641,nan
2024-06-05T16:19:13,83.820709,-54.895290,nan
2024-06-05T16:19:13,83.820709,-54.894943,nan
2024-06-05T16:19:12,83.820702,-54.894600,nan
2024-06-05T16:19:12,83.820702,-54.894260,nan
2024-06-05T16:19:11,83.820694,-54.893921,nan
2024-06-05T16:19:11,83.820694,-54.893581,nan
2024-06-05T16:19:10,83.820686,-54.893242,nan
2024-06-05T16:19:10,83.820686,-54.892902,nan
2024-06-05T16:19:09,83.820679,-54.892559,nan
2024-06-05T16:19:09,83.820679,-54.892220,nan
2024-06-05T16:19:08,83.820671,-54.891872,nan
2024-06-05T16:19:08,83.820671,-54.891525,nan
2024-06-05T16:19:07,83.820671,-54.891178,nan
2024-06-05T16:19:07,83.820663,-54.890831,nan
2024-06-05T16:19:06,83.820663,-54.890476,nan
2024-06-05T16:19:06,83.820656,-54.890125,nan
2024-06-05T16:19:05,83.820648,-54.889778,nan
2024-06-05T16:19:05,83.820648,-54.889431,nan
2024-06-05T16:19:04,83.820641,-54.889088,nan
2024-06-05T16:19:04,83.820641,-54.888744,nan
2024-06-05T16:19:03,83.820633,-54.888405,nan
2024-06-05T16:19:03,83.820625,-54.888058,nan
2024-06-05T16:19:02,83.820625,-54.887714,nan
2024-06-05T16:19:02,83.820618,-54.887367,nan
2024-06-05T16:19:01,83.820610,-54.887020,nan
2024-06-05T16:19:01,83.820602,-54.886669,nan
2024-06-05T16:19:00,83.820595,-54.886314,nan
2024-06-05T16:19:00,83.820595,-54.885960,nan
2024-06-05T16:18:59,83.820587,-54.885597,nan
2024-06-05T16:18:59,83.820580,-54.885231,nan
2024-06-05T16:18:58,83.820572,-54.884861,nan
2024-06-05T16:18:58,83.820564,-54.884487,nan
2024-06-05T16:18:57,83.820564,-54.884109,nan
2024-06-05T16:18:57,83.820557,-54.883736,nan
2024-06-05T16:18:56,83.820549,-54.883354,nan
2024-06-05T16:18:56,83.820541,-54.882973,nan
2024-06-05T16:18:55,83.820534,-54.882595,nan
2024-06-05T16:18:55,83.820526,-54.882217,nan
2024-06-05T16:18:54,83.820518,-54.881840,nan
2024-06-05T16:18:54,83.820511,-54.881470,nan
2024-06-05T16:18:53,83.820511,-54.881100,nan
2024-06-05T16:18:53,83.820503,-54.880737,nan
2024-06-05T16:18:52,83.820496,-54.880375,nan
2024-06-05T16:18:52,83.820496,-54.880016,nan
2024-06-05T16:18:51,83.820488,-54.879654,nan
2024-06-05T16:18:51,83.820480,-54.879292,nan
2024-06-05T16:18:50,83.820480,-54.878929,nan
2024-06-05T16:18:50,83.820473,-54.878567,nan
2024-06-05T16:18:49,83.820473,-54.878201,nan
2024-06-05T16:18:49,83.820465,-54.877834,nan
2024-06-05T16:18:48,83.820457,-54.877468,nan
2024-06-05T16:18:48,83.820457,-54.877102,nan
2024-06-05T16:18:47,83.820450,-54.876736,nan
2024-06-05T16:18:47,83.820442,-54.876366,nan
2024-06-05T16:18:46,83.820435,-54.875992,nan
2024-06-05T16:18:46,83.820435,-54.875618,nan
2024-06-05T16:18:45,83.820427,-54.875240,nan
2024-06-05T16:18:45,83.820419,-54.874866,nan
2024-06-05T16:18:44,83.820419,-54.874493,nan
2024-06-05T16:18:44,83.820412,-54.874119,nan
2024-06-05T16:18:43,83.820404,-54.873741,nan
2024-06-05T16:18:43,83.820404,-54.873371,nan
2024-06-05T16:18:42,83.820396,-54.872997,nan
2024-06-05T16:18:42,83.820396,-54.872631,nan
2024-06-05T16:18:41,83.820389,-54.872265,nan
2024-06-05T16:18:41,83.820389,-54.871899,nan
2024-06-05T16:18:40,83.820389,-54.871532,nan
2024-06-05T16:18:40,83.820381,-54.871162,nan
2024-06-05T16:18:39,83.820381,-54.870789,nan
2024-06-05T16:18:39,83.820381,-54.870411,nan
2024-06-05T16:18:38,83.820374,-54.870029,nan
2024-06-05T16:18:38,83.820374,-54.869652,nan
2024-06-05T16:18:37,83.820366,-54.869267,nan
2024-06-05T16:18:37,83.820366,-54.868889,nan
2024-06-05T16:18:36,83.820358,-54.868515,nan
2024-06-05T16:18:36,83.820358,-54.868141,nan
2024-06-05T16:18:35,83.820351,-54.867775,nan
2024-06-05T16:18:35,83.820343,-54.867409,nan
2024-06-05T16:18:34,83.820343,-54.867046,nan
2024-06-05T16:18:34,83.820335,-54.866688,nan
2024-06-05T16:18:33,83.820328,-54.866333,nan
2024-06-05T16:18:33,83.820328,-54.865978,nan
2024-06-05T16:18:32,83.820320,-54.865631,nan
2024-06-05T16:18:32,83.820312,-54.865280,nan
2024-06-05T16:18:31,83.820312,-54.864929,nan
2024-06-05T16:18:31,83.820305,-54.864571,nan
2024-06-05T16:18:30,83.820297,-54.864204,nan
2024-06-05T16:18:30,83.820290,-54.863834,nan
2024-06-05T16:18:29,83.820290,-54.863461,nan
2024-06-05T16:18:29,83.820274,-54.863087,nan
2024-06-05T16:18:28,83.820274,-54.862709,nan
2024-06-05T16:18:28,83.820259,-54.862331,nan
2024-06-05T16:18:27,83.820251,-54.861958,nan
2024-06-05T16:18:27,83.820244,-54.861584,nan
2024-06-05T16:18:26,83.820236,-54.861221,nan
2024-06-05T16:18:26,83.820229,-54.860859,nan
2024-06-05T16:18:25,83.820221,-54.860508,nan
2024-06-05T16:18:25,83.820206,-54.860161,nan
2024-06-05T16:18:24,83.820198,-54.859821,nan
2024-06-05T16:18:24,83.820190,-54.859482,nan
2024-06-05T16:18:23,83.820183,-54.859146,nan
2024-06-05T16:18:23,83.820175,-54.858818,nan
2024-06-05T16:18:22,83.820168,-54.858486,nan
2024-06-05T16:18:22,83.820160,-54.858154,nan
2024-06-05T16:18:21,83.820152,-54.857826,nan
2024-06-05T16:18:21,83.820145,-54.857498,nan
2024-06-05T16:18:20,83.820137,-54.857162,nan
2024-06-05T16:18:20,83.820129,-54.856823,nan
2024-06-05T16:18:19,83.820122,-54.856483,nan
2024-06-05T16:18:19,83.820114,-54.856140,nan
2024-06-05T16:18:18,83.820107,-54.855797,nan
2024-06-05T16:18:18,83.820099,-54.855453,nan
2024-06-05T16:18:17,83.820091,-54.855110,nan
2024-06-05T16:18:17,83.820084,-54.854767,nan
2024-06-05T16:18:16,83.820076,-54.854431,nan
2024-06-05T16:18:16,83.820068,-54.854092,nan
2024-06-05T16:18:15,83.820053,-54.853764,nan
2024-06-05T16:18:15,83.820045,-54.853439,nan
2024-06-05T16:18:14,83.820038,-54.853127,nan
2024-06-05T16:18:14,83.820030,-54.852821,nan
2024-06-05T16:18:13,83.820023,-54.852524,nan
2024-06-05T16:18:13,83.820023,-54.852226,nan
2024-06-05T16:18:12,83.820015,-54.851929,nan
2024-06-05T16:18:12,83.820007,-54.851631,nan
2024-06-05T16:18:11,83.820000,-54.851330,nan
2024-06-05T16:18:11,83.819992,-54.851021,nan
2024-06-05T16:18:10,83.819984,-54.850708,nan
2024-06-05T16:18:10,83.819984,-54.850391,nan
2024-06-05T16:18:09,83.819977,-54.850071,nan
2024-06-05T16:18:09,83.819969,-54.849747,nan
2024-06-05T16:18:08,83.819962,-54.849422,nan
2024-06-05T16:18:08,83.819954,-54.849091,nan
2024-06-05T16:18:07,83.819946,-54.848763,nan
2024-06-05T16:18:07,83.819946,-54.848431,nan
2024-06-05T16:18:06,83.819939,-54.848103,nan
2024-06-05T16:18:06,83.819923,-54.847782,nan
2024-06-05T16:18:05,83.819916,-54.847469,nan
2024-06-05T16:18:05,83.819901,-54.847160,nan
2024-06-05T16:18:04,83.819893,-54.846859,nan
2024-06-05T16:18:04,83.819878,-54.846565,nan
2024-06-05T16:18:03,83.819862,-54.846279,nan
2024-06-05T16:18:03,83.819855,-54.846004,nan
2024-06-05T16:18:02,83.819839,-54.845737,nan
2024-06-05T16:18:02,83.819824,-54.845482,nan
2024-06-05T16:18:01,83.819809,-54.845230,nan
2024-06-05T16:18:01,83.819801,-54.844986,nan
2024-06-05T16:18:00,83.819786,-54.844749,nan
2024-06-05T16:18:00,83.819778,-54.844521,nan
2024-06-05T16:17:59,83.819763,-54.844292,nan
2024-06-05T16:17:59,83.819756,-54.844059,nan
2024-06-05T16:17:58,83.819748,-54.843822,nan
2024-06-05T16:17:58,83.819748,-54.843582,nan
2024-06-05T16:17:57,83.819740,-54.843334,nan
2024-06-05T16:17:57,83.819740,-54.843082,nan
2024-06-05T16:17:56,83.819733,-54.842815,nan
2024-06-05T16:17:56,83.819733,-54.842541,nan
2024-06-05T16:17:55,83.819733,-54.842255,nan
2024-06-05T16:17:55,83.819733,-54.841961,nan
2024-06-05T16:17:54,83.819733,-54.841663,nan
2024-06-05T16:17:54,83.819725,-54.841366,nan
2024-06-05T16:17:53,83.819725,-54.841061,nan
2024-06-05T16:17:53,83.819725,-54.840752,nan
2024-06-05T16:17:52,83.819725,-54.840446,nan
2024-06-05T16:17:52,83.819717,-54.840137,nan
2024-06-05T16:17:51,83.819717,-54.839828,nan
2024-06-05T16:17:51,83.819717,-54.839520,nan
2024-06-05T16:17:50,83.819710,-54.839218,nan
2024-06-05T16:17:50,83.819710,-54.838921,nan
2024-06-05T16:17:49,83.819702,-54.838638,nan
2024-06-05T16:17:49,83.819702,-54.838360,nan
2024-06-05T16:17:48,83.819695,-54.838089,nan
2024-06-05T16:17:48,83.819695,-54.837822,nan
2024-06-05T16:17:47,83.819687,-54.837559,nan
2024-06-05T16:17:47,83.819679,-54.837299,nan
2024-06-05T16:17:46,83.819672,-54.837044,nan
2024-06-05T16:17:46,83.819656,-54.836788,nan
2024-06-05T16:17:45,83.819649,-54.836536,nan
2024-06-05T16:17:45,83.819633,-54.836292,nan
2024-06-05T16:17:44,83.819618,-54.836056,nan
2024-06-05T16:17:44,83.819603,-54.835827,nan
2024-06-05T16:17:43,83.819588,-54.835602,nan
2024-06-05T16:17:43,83.819565,-54.835381,nan
2024-06-05T16:17:42,83.819550,-54.835163,nan
2024-06-05T16:17:42,83.819534,-54.834949,nan
2024-06-05T16:17:41,83.819511,-54.834740,nan
2024-06-05T16:17:41,83.819496,-54.834526,nan
2024-06-05T16:17:40,83.819481,-54.834312,nan
2024-06-05T16:17:40,83.819458,-54.834095,nan
2024-06-05T16:17:39,83.819443,-54.833862,nan
2024-06-05T16:17:39,83.819427,-54.833614,nan
2024-06-05T16:17:38,83.819412,-54.833355,nan
2024-06-05T16:17:38,83.819389,-54.833088,nan
2024-06-05T16:17:37,83.819374,-54.832809,nan
2024-06-05T16:17:37,83.819359,-54.832523,nan
2024-06-05T16:17:36,83.819336,-54.832237,nan
2024-06-05T16:17:36,83.819321,-54.831951,nan
2024-06-05T16:17:35,83.819298,-54.831665,nan
2024-06-05T16:17:35,83.819275,-54.831383,nan
2024-06-05T16:17:34,83.819260,-54.831097,nan
2024-06-05T16:17:34,83.819237,-54.830814,nan
2024-06-05T16:17:33,83.819214,-54.830532,nan
2024-06-05T16:17:33,83.819199,-54.830254,nan
2024-06-05T16:17:32,83.819176,-54.829967,nan
2024-06-05T16:17:32,83.819153,-54.829685,nan
2024-06-05T16:17:31,83.819130,-54.829399,nan
2024-06-05T16:17:31,83.819099,-54.829117,nan
2024-06-05T16:17:30,83.819077,-54.828846,nan
2024-06-05T16:17:30,83.819054,-54.828583,nan
2024-06-05T16:17:29,83.819031,-54.828327,nan
2024-06-05T16:17:29,83.819008,-54.828075,nan
2024-06-05T16:17:28,83.818985,-54.827831,nan
2024-06-05T16:17:28,83.818962,-54.827599,nan
2024-06-05T16:17:27,83.818939,-54.827377,nan
2024-06-05T16:17:27,83.818916,-54.827156,nan
2024-06-05T16:17:26,83.818901,-54.826935,nan
2024-06-05T16:17:26,83.818878,-54.826714,nan
2024-06-05T16:17:25,83.818855,-54.826488,nan
2024-06-05T16:17:25,83.818840,-54.826271,nan
2024-06-05T16:17:24,83.818825,-54.826042,nan
2024-06-05T16:17:24,83.818802,-54.825821,nan
2024-06-05T16:17:23,83.818787,-54.825600,nan
2024-06-05T16:17:23,83.818771,-54.825378,nan
2024-06-05T16:17:22,83.818756,-54.825153,nan
2024-06-05T16:17:22,83.818748,-54.824932,nan
2024-06-05T16:17:21,83.818733,-54.824715,nan
2024-06-05T16:17:21,83.818726,-54.824493,nan
2024-06-05T16:17:20,83.818718,-54.824276,nan
2024-06-05T16:17:20,83.818718,-54.824059,nan
2024-06-05T16:17:19,83.818710,-54.823837,nan
2024-06-05T16:17:19,83.818710,-54.823608,nan
2024-06-05T16:17:18,83.818703,-54.823376,nan
2024-06-05T16:17:18,83.818703,-54.823135,nan
2024-06-05T16:17:17,83.818703,-54.822884,nan
2024-06-05T16:17:17,83.818703,-54.822632,nan
2024-06-05T16:17:16,83.818695,-54.822376,nan
2024-06-05T16:17:16,83.818695,-54.822117,nan
2024-06-05T16:17:15,83.818687,-54.821854,nan
2024-06-05T16:17:15,83.818687,-54.821583,nan
2024-06-05T16:17:14,83.818680,-54.821304,nan
2024-06-05T16:17:14,83.818680,-54.821011,nan
2024-06-05T16:17:13,83.818672,-54.820709,nan
2024-06-05T16:17:13,83.818665,-54.820396,nan
2024-06-05T16:17:12,83.818665,-54.820080,nan
2024-06-05T16:17:12,83.818649,-54.819759,nan
2024-06-05T16:17:11,83.818642,-54.819447,nan
2024-06-05T16:17:11,83.818634,-54.819141,nan
2024-06-05T16:17:10,83.818626,-54.818844,nan
2024-06-05T16:17:10,83.818611,-54.818546,nan
2024-06-05T16:17:09,83.818596,-54.818260,nan
2024-06-05T16:17:09,83.818581,-54.817978,nan
2024-06-05T16:17:08,83.818565,-54.817703,nan
2024-06-05T16:17:08,83.818558,-54.817436,nan
2024-06-05T16:17:07,83.818542,-54.817165,nan
2024-06-05T16:17:07,83.818527,-54.816898,nan
2024-06-05T16:17:06,83.818512,-54.816631,nan
2024-06-05T16:17:06,83.818497,-54.816368,nan
2024-06-05T16:17:05,83.818474,-54.816109,nan
2024-06-05T16:17:05,83.818459,-54.815857,nan
2024-06-05T16:17:04,83.818443,-54.815609,nan
2024-06-05T16:17:04,83.818428,-54.815372,nan
2024-06-05T16:17:03,83.818413,-54.815140,nan
2024-06-05T16:17:03,83.818390,-54.814915,nan
2024-06-05T16:17:02,83.818375,-54.814690,nan
2024-06-05T16:17:02,83.818352,-54.814472,nan
2024-06-05T16:17:01,83.818336,-54.814255,nan
2024-06-05T16:17:01,83.818314,-54.814034,nan
2024-06-05T16:17:00,83.818298,-54.813812,nan
2024-06-05T16:17:00,83.818283,-54.813587,nan
2024-06-05T16:16:59,83.818260,-54.813362,nan
2024-06-05T16:16:59,83.818245,-54.813129,nan
2024-06-05T16:16:58,83.818230,-54.812901,nan
2024-06-05T16:16:58,83.818207,-54.812672,nan
2024-06-05T16:16:57,83.818192,-54.812439,nan
2024-06-05T16:16:57,83.818176,-54.812214,nan
2024-06-05T16:16:56,83.818161,-54.811989,nan
2024-06-05T16:16:56,83.818138,-54.811756,nan
2024-06-05T16:16:55,83.818123,-54.811527,nan
2024-06-05T16:16:55,83.818108,-54.811295,nan
2024-06-05T16:16:54,83.818092,-54.811066,nan
2024-06-05T16:16:54,83.818069,-54.810844,nan
2024-06-05T16:16:53,83.818054,-54.810623,nan
2024-06-05T16:16:53,83.818031,-54.810410,nan
2024-06-05T16:16:52,83.818008,-54.810196,nan
2024-06-05T16:16:52,83.817993,-54.809986,nan
2024-06-05T16:16:51,83.817970,-54.809784,nan
2024-06-05T16:16:51,83.817947,-54.809586,nan
2024-06-05T16:16:50,83.817924,-54.809395,nan
2024-06-05T16:16:50,83.817902,-54.809204,nan
2024-06-05T16:16:49,83.817879,-54.809010,nan
2024-06-05T16:16:49,83.817856,-54.808819,nan
2024-06-05T16:16:48,83.817833,-54.808636,nan
2024-06-05T16:16:48,83.817810,-54.808449,nan
2024-06-05T16:16:47,83.817787,-54.808270,nan
2024-06-05T16:16:47,83.817772,-54.808090,nan
2024-06-05T16:16:46,83.817749,-54.807919,nan
2024-06-05T16:16:46,83.817734,-54.807743,nan
2024-06-05T16:16:45,83.817711,-54.807575,nan
2024-06-05T16:16:45,83.817696,-54.807400,nan
2024-06-05T16:16:44,83.817680,-54.807228,nan
2024-06-05T16:16:44,83.817665,-54.807056,nan
2024-06-05T16:16:43,83.817642,-54.806885,nan
2024-06-05T16:16:43,83.817635,-54.806705,nan
2024-06-05T16:16:42,83.817612,-54.806522,nan
2024-06-05T16:16:42,83.817596,-54.806328,nan
2024-06-05T16:16:41,83.817589,-54.806129,nan
2024-06-05T16:16:41,83.817566,-54.805923,nan
2024-06-05T16:16:40,83.817558,-54.805717,nan
2024-06-05T16:16:40,83.817543,-54.805504,nan
2024-06-05T16:16:39,83.817528,-54.805294,nan
2024-06-05T16:16:39,83.817505,-54.805088,nan
2024-06-05T16:16:38,83.817490,-54.804886,nan
2024-06-05T16:16:38,83.817474,-54.804680,nan
2024-06-05T16:16:37,83.817459,-54.804485,nan
2024-06-05T16:16:37,83.817436,-54.804291,nan
2024-06-05T16:16:36,83.817413,-54.804104,nan
2024-06-05T16:16:36,83.817398,-54.803913,nan
2024-06-05T16:16:35,83.817375,-54.803722,nan
2024-06-05T16:16:35,83.817352,-54.803535,nan
2024-06-05T16:16:34,83.817329,-54.803352,nan
2024-06-05T16:16:34,83.817314,-54.803158,nan
2024-06-05T16:16:33,83.817299,-54.802956,nan
2024-06-05T16:16:33,83.817276,-54.802742,nan
2024-06-05T16:16:32,83.817253,-54.802505,nan
2024-06-05T16:16:32,83.817238,-54.802280,nan
2024-06-05T16:16:31,83.817215,-54.802071,nan
2024-06-05T16:16:31,83.817192,-54.801926,nan
2024-06-05T16:16:30,83.817177,-54.801853,nan
2024-06-05T16:16:30,83.817154,-54.801880,nan
2024-06-05T16:16:29,83.817116,-54.802273,nan
2024-06-05T16:16:29,83.817085,-54.802940,nan
2024-06-05T16:16:28,83.817024,-54.804741,nan
2024-06-05T16:16:28,83.816933,-54.807098,nan
2024-06-05T16:16:27,83.816887,-54.808430,nan
2024-06-05T16:16:27,83.816856,-54.808899,nan
2024-06-05T16:16:26,83.816841,-54.808960,nan
2024-06-05T16:16:24,83.816978,-54.801888,nan
2024-06-05T16:16:23,83.817139,-54.795254,nan
2024-06-05T16:16:23,83.817322,-54.787743,nan
2024-06-05T16:16:22,83.817513,-54.779530,nan
