datetime,lat,lon,elev
2024-08-16T12:30:16,71.807007,-63.323685,nan
2024-08-16T12:30:15,71.807030,-63.323746,nan
2024-08-16T12:30:15,71.807045,-63.323803,nan
2024-08-16T12:30:14,71.807068,-63.323860,nan
2024-08-16T12:30:14,71.807091,-63.323917,nan
2024-08-16T12:30:13,71.807114,-63.323975,nan
2024-08-16T12:30:13,71.807129,-63.324032,nan
2024-08-16T12:30:12,71.807152,-63.324093,nan
2024-08-16T12:30:12,71.807175,-63.324150,nan
2024-08-16T12:30:11,71.807198,-63.324207,nan
2024-08-16T12:30:11,71.807220,-63.324265,nan
2024-08-16T12:30:10,71.807243,-63.324322,nan
2024-08-16T12:30:10,71.807259,-63.324375,nan
2024-08-16T12:30:09,71.807281,-63.324436,nan
2024-08-16T12:30:09,71.807304,-63.324493,nan
2024-08-16T12:30:08,71.807327,-63.324551,nan
2024-08-16T12:30:08,71.807350,-63.324612,nan
2024-08-16T12:30:07,71.807365,-63.324673,nan
2024-08-16T12:30:07,71.807388,-63.324730,nan
2024-08-16T12:30:06,71.807411,-63.324791,nan
2024-08-16T12:30:06,71.807434,-63.324852,nan
2024-08-16T12:30:05,71.807457,-63.324917,nan
2024-08-16T12:30:05,71.807472,-63.324978,nan
2024-08-16T12:30:04,71.807495,-63.325043,nan
2024-08-16T12:30:04,71.807518,-63.325108,nan
2024-08-16T12:30:03,71.807533,-63.325172,nan
2024-08-16T12:30:03,71.807556,-63.325237,nan
2024-08-16T12:30:02,71.807579,-63.325302,nan
2024-08-16T12:30:02,71.807602,-63.325363,nan
2024-08-16T12:30:01,71.807625,-63.325428,nan
2024-08-16T12:30:01,71.807648,-63.325493,nan
2024-08-16T12:30:00,71.807671,-63.325554,nan
2024-08-16T12:30:00,71.807686,-63.325619,nan
2024-08-16T12:29:59,71.807709,-63.325684,nan
2024-08-16T12:29:59,71.807732,-63.325748,nan
2024-08-16T12:29:58,71.807755,-63.325817,nan
2024-08-16T12:29:58,71.807777,-63.325886,nan
2024-08-16T12:29:57,71.807800,-63.325954,nan
2024-08-16T12:29:57,71.807823,-63.326023,nan
2024-08-16T12:29:56,71.807846,-63.326096,nan
2024-08-16T12:29:56,71.807869,-63.326168,nan
2024-08-16T12:29:55,71.807892,-63.326237,nan
2024-08-16T12:29:55,71.807915,-63.326309,nan
2024-08-16T12:29:54,71.807938,-63.326385,nan
2024-08-16T12:29:54,71.807961,-63.326462,nan
2024-08-16T12:29:53,71.807983,-63.326538,nan
2024-08-16T12:29:53,71.807999,-63.326611,nan
2024-08-16T12:29:52,71.808022,-63.326683,nan
2024-08-16T12:29:52,71.808044,-63.326756,nan
2024-08-16T12:29:51,71.808067,-63.326824,nan
2024-08-16T12:29:51,71.808090,-63.326893,nan
2024-08-16T12:29:50,71.808105,-63.326962,nan
2024-08-16T12:29:50,71.808128,-63.327030,nan
2024-08-16T12:29:49,71.808151,-63.327099,nan
2024-08-16T12:29:49,71.808174,-63.327171,nan
2024-08-16T12:29:48,71.808197,-63.327244,nan
2024-08-16T12:29:48,71.808212,-63.327316,nan
2024-08-16T12:29:47,71.808235,-63.327393,nan
2024-08-16T12:29:47,71.808258,-63.327465,nan
2024-08-16T12:29:46,71.808281,-63.327538,nan
2024-08-16T12:29:46,71.808304,-63.327614,nan
2024-08-16T12:29:45,71.808327,-63.327686,nan
2024-08-16T12:29:45,71.808350,-63.327759,nan
2024-08-16T12:29:44,71.808372,-63.327831,nan
2024-08-16T12:29:44,71.808403,-63.327904,nan
2024-08-16T12:29:43,71.808426,-63.327976,nan
2024-08-16T12:29:43,71.808449,-63.328049,nan
2024-08-16T12:29:42,71.808479,-63.328121,nan
2024-08-16T12:29:42,71.808502,-63.328190,nan
2024-08-16T12:29:41,71.808533,-63.328262,nan
2024-08-16T12:29:41,71.808556,-63.328335,nan
2024-08-16T12:29:40,71.808586,-63.328403,nan
2024-08-16T12:29:40,71.808609,-63.328468,nan
2024-08-16T12:29:39,71.808640,-63.328537,nan
2024-08-16T12:29:39,71.808662,-63.328602,nan
2024-08-16T12:29:38,71.808685,-63.328671,nan
2024-08-16T12:29:38,71.808716,-63.328739,nan
2024-08-16T12:29:37,71.808739,-63.328808,nan
2024-08-16T12:29:37,71.808762,-63.328873,nan
2024-08-16T12:29:36,71.808792,-63.328938,nan
2024-08-16T12:29:36,71.808815,-63.329002,nan
2024-08-16T12:29:35,71.808846,-63.329063,nan
2024-08-16T12:29:35,71.808868,-63.329121,nan
2024-08-16T12:29:34,71.808899,-63.329174,nan
2024-08-16T12:29:34,71.808929,-63.329224,nan
2024-08-16T12:29:33,71.808960,-63.329269,nan
2024-08-16T12:29:33,71.808990,-63.329311,nan
2024-08-16T12:29:32,71.809021,-63.329353,nan
2024-08-16T12:29:32,71.809052,-63.329395,nan
2024-08-16T12:29:31,71.809082,-63.329441,nan
2024-08-16T12:29:31,71.809113,-63.329487,nan
2024-08-16T12:29:30,71.809143,-63.329536,nan
2024-08-16T12:29:30,71.809174,-63.329586,nan
2024-08-16T12:29:29,71.809204,-63.329636,nan
2024-08-16T12:29:29,71.809235,-63.329693,nan
2024-08-16T12:29:28,71.809265,-63.329746,nan
2024-08-16T12:29:28,71.809296,-63.329803,nan
2024-08-16T12:29:27,71.809326,-63.329861,nan
2024-08-16T12:29:27,71.809357,-63.329922,nan
2024-08-16T12:29:26,71.809387,-63.329979,nan
2024-08-16T12:29:26,71.809418,-63.330036,nan
2024-08-16T12:29:25,71.809448,-63.330093,nan
2024-08-16T12:29:25,71.809486,-63.330151,nan
2024-08-16T12:29:24,71.809517,-63.330212,nan
2024-08-16T12:29:24,71.809547,-63.330273,nan
2024-08-16T12:29:23,71.809586,-63.330334,nan
2024-08-16T12:29:23,71.809616,-63.330395,nan
2024-08-16T12:29:22,71.809647,-63.330456,nan
2024-08-16T12:29:22,71.809685,-63.330517,nan
2024-08-16T12:29:21,71.809715,-63.330578,nan
2024-08-16T12:29:21,71.809746,-63.330639,nan
2024-08-16T12:29:20,71.809784,-63.330704,nan
2024-08-16T12:29:20,71.809814,-63.330765,nan
2024-08-16T12:29:19,71.809853,-63.330830,nan
2024-08-16T12:29:19,71.809883,-63.330894,nan
2024-08-16T12:29:18,71.809914,-63.330959,nan
2024-08-16T12:29:18,71.809952,-63.331024,nan
2024-08-16T12:29:17,71.809982,-63.331089,nan
2024-08-16T12:29:17,71.810013,-63.331150,nan
2024-08-16T12:29:16,71.810051,-63.331211,nan
2024-08-16T12:29:16,71.810081,-63.331272,nan
2024-08-16T12:29:15,71.810112,-63.331329,nan
2024-08-16T12:29:15,71.810143,-63.331390,nan
2024-08-16T12:29:14,71.810173,-63.331448,nan
2024-08-16T12:29:14,71.810211,-63.331509,nan
2024-08-16T12:29:13,71.810242,-63.331566,nan
2024-08-16T12:29:13,71.810272,-63.331619,nan
2024-08-16T12:29:12,71.810303,-63.331680,nan
2024-08-16T12:29:12,71.810333,-63.331738,nan
2024-08-16T12:29:11,71.810371,-63.331795,nan
2024-08-16T12:29:11,71.810402,-63.331852,nan
2024-08-16T12:29:10,71.810440,-63.331909,nan
2024-08-16T12:29:10,71.810471,-63.331966,nan
2024-08-16T12:29:09,71.810509,-63.332024,nan
2024-08-16T12:29:09,71.810539,-63.332077,nan
2024-08-16T12:29:08,71.810570,-63.332134,nan
2024-08-16T12:29:08,71.810608,-63.332188,nan
2024-08-16T12:29:07,71.810638,-63.332241,nan
2024-08-16T12:29:07,71.810669,-63.332294,nan
2024-08-16T12:29:06,71.810707,-63.332348,nan
2024-08-16T12:29:06,71.810738,-63.332397,nan
2024-08-16T12:29:05,71.810768,-63.332451,nan
2024-08-16T12:29:05,71.810799,-63.332500,nan
2024-08-16T12:29:04,71.810829,-63.332554,nan
2024-08-16T12:29:04,71.810852,-63.332603,nan
2024-08-16T12:29:03,71.810883,-63.332657,nan
2024-08-16T12:29:03,71.810913,-63.332706,nan
2024-08-16T12:29:02,71.810944,-63.332764,nan
2024-08-16T12:29:02,71.810966,-63.332817,nan
2024-08-16T12:29:01,71.810997,-63.332874,nan
2024-08-16T12:29:01,71.811028,-63.332932,nan
2024-08-16T12:29:00,71.811058,-63.332989,nan
2024-08-16T12:29:00,71.811089,-63.333042,nan
2024-08-16T12:28:59,71.811119,-63.333096,nan
2024-08-16T12:28:59,71.811150,-63.333149,nan
2024-08-16T12:28:58,71.811180,-63.333202,nan
2024-08-16T12:28:58,71.811211,-63.333252,nan
2024-08-16T12:28:57,71.811241,-63.333302,nan
2024-08-16T12:28:57,71.811272,-63.333351,nan
2024-08-16T12:28:56,71.811310,-63.333401,nan
2024-08-16T12:28:56,71.811340,-63.333450,nan
2024-08-16T12:28:55,71.811371,-63.333500,nan
2024-08-16T12:28:55,71.811401,-63.333549,nan
2024-08-16T12:28:54,71.811432,-63.333599,nan
2024-08-16T12:28:54,71.811462,-63.333649,nan
2024-08-16T12:28:53,71.811493,-63.333698,nan
2024-08-16T12:28:53,71.811523,-63.333744,nan
2024-08-16T12:28:52,71.811554,-63.333794,nan
2024-08-16T12:28:52,71.811584,-63.333843,nan
2024-08-16T12:28:51,71.811615,-63.333893,nan
2024-08-16T12:28:51,71.811646,-63.333939,nan
2024-08-16T12:28:50,71.811676,-63.333988,nan
2024-08-16T12:28:50,71.811707,-63.334042,nan
2024-08-16T12:28:49,71.811737,-63.334091,nan
2024-08-16T12:28:49,71.811768,-63.334145,nan
2024-08-16T12:28:48,71.811798,-63.334194,nan
2024-08-16T12:28:48,71.811829,-63.334248,nan
2024-08-16T12:28:47,71.811859,-63.334301,nan
2024-08-16T12:28:47,71.811890,-63.334354,nan
2024-08-16T12:28:46,71.811920,-63.334408,nan
2024-08-16T12:28:46,71.811951,-63.334461,nan
2024-08-16T12:28:45,71.811981,-63.334515,nan
2024-08-16T12:28:45,71.812012,-63.334568,nan
2024-08-16T12:28:44,71.812042,-63.334621,nan
2024-08-16T12:28:44,71.812073,-63.334671,nan
2024-08-16T12:28:43,71.812096,-63.334721,nan
2024-08-16T12:28:43,71.812126,-63.334766,nan
2024-08-16T12:28:42,71.812157,-63.334812,nan
2024-08-16T12:28:42,71.812187,-63.334858,nan
2024-08-16T12:28:41,71.812218,-63.334900,nan
2024-08-16T12:28:41,71.812241,-63.334942,nan
2024-08-16T12:28:40,71.812271,-63.334980,nan
2024-08-16T12:28:40,71.812302,-63.335018,nan
2024-08-16T12:28:39,71.812332,-63.335056,nan
2024-08-16T12:28:39,71.812363,-63.335094,nan
2024-08-16T12:28:38,71.812393,-63.335133,nan
2024-08-16T12:28:37,71.812454,-63.335209,nan
2024-08-16T12:28:37,71.812485,-63.335243,nan
2024-08-16T12:28:36,71.812515,-63.335285,nan
2024-08-16T12:28:36,71.812546,-63.335327,nan
2024-08-16T12:28:35,71.812607,-63.335407,nan
2024-08-16T12:28:34,71.812637,-63.335449,nan
2024-08-16T12:28:34,71.812668,-63.335491,nan
2024-08-16T12:28:33,71.812698,-63.335529,nan
2024-08-16T12:28:33,71.812729,-63.335571,nan
2024-08-16T12:28:32,71.812759,-63.335609,nan
2024-08-16T12:28:32,71.812790,-63.335651,nan
2024-08-16T12:28:31,71.812820,-63.335693,nan
2024-08-16T12:28:31,71.812843,-63.335735,nan
2024-08-16T12:28:30,71.812874,-63.335777,nan
2024-08-16T12:28:30,71.812904,-63.335819,nan
2024-08-16T12:28:29,71.812927,-63.335865,nan
2024-08-16T12:28:29,71.812958,-63.335907,nan
2024-08-16T12:28:28,71.812981,-63.335949,nan
2024-08-16T12:28:28,71.813011,-63.335987,nan
2024-08-16T12:28:27,71.813034,-63.336025,nan
2024-08-16T12:28:27,71.813065,-63.336063,nan
2024-08-16T12:28:26,71.813087,-63.336102,nan
2024-08-16T12:28:26,71.813110,-63.336143,nan
2024-08-16T12:28:25,71.813141,-63.336185,nan
2024-08-16T12:28:25,71.813164,-63.336227,nan
2024-08-16T12:28:24,71.813187,-63.336273,nan
2024-08-16T12:28:24,71.813210,-63.336315,nan
2024-08-16T12:28:23,71.813232,-63.336361,nan
2024-08-16T12:28:23,71.813255,-63.336407,nan
2024-08-16T12:28:22,71.813278,-63.336452,nan
2024-08-16T12:28:22,71.813301,-63.336494,nan
2024-08-16T12:28:21,71.813324,-63.336536,nan
2024-08-16T12:28:21,71.813347,-63.336578,nan
2024-08-16T12:28:20,71.813370,-63.336620,nan
2024-08-16T12:28:20,71.813393,-63.336662,nan
2024-08-16T12:28:19,71.813416,-63.336704,nan
2024-08-16T12:28:19,71.813438,-63.336746,nan
2024-08-16T12:28:18,71.813461,-63.336788,nan
2024-08-16T12:28:18,71.813484,-63.336830,nan
2024-08-16T12:28:17,71.813507,-63.336876,nan
2024-08-16T12:28:17,71.813538,-63.336918,nan
2024-08-16T12:28:16,71.813560,-63.336964,nan
2024-08-16T12:28:16,71.813583,-63.337009,nan
2024-08-16T12:28:15,71.813606,-63.337055,nan
2024-08-16T12:28:15,71.813629,-63.337105,nan
2024-08-16T12:28:14,71.813652,-63.337151,nan
2024-08-16T12:28:14,71.813675,-63.337196,nan
2024-08-16T12:28:13,71.813698,-63.337246,nan
2024-08-16T12:28:13,71.813721,-63.337296,nan
2024-08-16T12:28:12,71.813744,-63.337341,nan
2024-08-16T12:28:12,71.813774,-63.337391,nan
2024-08-16T12:28:11,71.813797,-63.337437,nan
2024-08-16T12:28:11,71.813820,-63.337486,nan
2024-08-16T12:28:10,71.813843,-63.337532,nan
2024-08-16T12:28:10,71.813866,-63.337582,nan
2024-08-16T12:28:09,71.813896,-63.337627,nan
2024-08-16T12:28:09,71.813919,-63.337677,nan
2024-08-16T12:28:08,71.813942,-63.337727,nan
2024-08-16T12:28:08,71.813972,-63.337776,nan
2024-08-16T12:28:07,71.813995,-63.337830,nan
2024-08-16T12:28:07,71.814026,-63.337875,nan
2024-08-16T12:28:06,71.814056,-63.337925,nan
2024-08-16T12:28:06,71.814079,-63.337975,nan
2024-08-16T12:28:05,71.814110,-63.338020,nan
2024-08-16T12:28:05,71.814140,-63.338066,nan
2024-08-16T12:28:04,71.814171,-63.338112,nan
2024-08-16T12:28:04,71.814201,-63.338158,nan
2024-08-16T12:28:03,71.814232,-63.338203,nan
2024-08-16T12:28:03,71.814262,-63.338249,nan
2024-08-16T12:28:02,71.814293,-63.338299,nan
2024-08-16T12:28:02,71.814323,-63.338348,nan
2024-08-16T12:28:01,71.814362,-63.338398,nan
2024-08-16T12:28:01,71.814392,-63.338451,nan
2024-08-16T12:28:00,71.814423,-63.338505,nan
2024-08-16T12:28:00,71.814453,-63.338562,nan
2024-08-16T12:27:59,71.814491,-63.338619,nan
2024-08-16T12:27:59,71.814522,-63.338676,nan
2024-08-16T12:27:58,71.814552,-63.338737,nan
2024-08-16T12:27:58,71.814590,-63.338799,nan
2024-08-16T12:27:57,71.814621,-63.338856,nan
2024-08-16T12:27:57,71.814659,-63.338917,nan
2024-08-16T12:27:56,71.814690,-63.338978,nan
2024-08-16T12:27:56,71.814728,-63.339039,nan
2024-08-16T12:27:55,71.814758,-63.339096,nan
2024-08-16T12:27:55,71.814789,-63.339157,nan
2024-08-16T12:27:54,71.814827,-63.339222,nan
2024-08-16T12:27:54,71.814857,-63.339287,nan
2024-08-16T12:27:53,71.814896,-63.339348,nan
2024-08-16T12:27:53,71.814926,-63.339413,nan
2024-08-16T12:27:52,71.814957,-63.339478,nan
2024-08-16T12:27:52,71.814995,-63.339546,nan
2024-08-16T12:27:51,71.815025,-63.339611,nan
2024-08-16T12:27:51,71.815056,-63.339676,nan
2024-08-16T12:27:50,71.815094,-63.339741,nan
2024-08-16T12:27:50,71.815125,-63.339802,nan
2024-08-16T12:27:49,71.815155,-63.339867,nan
2024-08-16T12:27:49,71.815193,-63.339931,nan
2024-08-16T12:27:48,71.815224,-63.339996,nan
2024-08-16T12:27:48,71.815254,-63.340065,nan
2024-08-16T12:27:47,71.815292,-63.340130,nan
2024-08-16T12:27:47,71.815323,-63.340199,nan
2024-08-16T12:27:46,71.815353,-63.340263,nan
2024-08-16T12:27:46,71.815392,-63.340328,nan
2024-08-16T12:27:45,71.815422,-63.340397,nan
2024-08-16T12:27:45,71.815453,-63.340462,nan
2024-08-16T12:27:44,71.815491,-63.340527,nan
2024-08-16T12:27:44,71.815521,-63.340591,nan
2024-08-16T12:27:43,71.815552,-63.340652,nan
2024-08-16T12:27:43,71.815590,-63.340714,nan
2024-08-16T12:27:42,71.815620,-63.340775,nan
2024-08-16T12:27:42,71.815651,-63.340836,nan
2024-08-16T12:27:41,71.815689,-63.340897,nan
2024-08-16T12:27:41,71.815720,-63.340958,nan
2024-08-16T12:27:40,71.815750,-63.341019,nan
2024-08-16T12:27:40,71.815781,-63.341076,nan
2024-08-16T12:27:39,71.815819,-63.341137,nan
2024-08-16T12:27:39,71.815849,-63.341194,nan
2024-08-16T12:27:38,71.815880,-63.341255,nan
2024-08-16T12:27:38,71.815910,-63.341312,nan
2024-08-16T12:27:37,71.815941,-63.341373,nan
2024-08-16T12:27:37,71.815971,-63.341431,nan
2024-08-16T12:27:36,71.816002,-63.341488,nan
2024-08-16T12:27:36,71.816032,-63.341545,nan
2024-08-16T12:27:35,71.816063,-63.341599,nan
2024-08-16T12:27:35,71.816093,-63.341656,nan
2024-08-16T12:27:34,71.816124,-63.341713,nan
2024-08-16T12:27:34,71.816154,-63.341766,nan
2024-08-16T12:27:33,71.816185,-63.341824,nan
2024-08-16T12:27:33,71.816216,-63.341881,nan
2024-08-16T12:27:32,71.816238,-63.341934,nan
2024-08-16T12:27:32,71.816269,-63.341991,nan
2024-08-16T12:27:31,71.816299,-63.342045,nan
2024-08-16T12:27:31,71.816322,-63.342094,nan
2024-08-16T12:27:30,71.816353,-63.342144,nan
2024-08-16T12:27:30,71.816383,-63.342194,nan
2024-08-16T12:27:29,71.816406,-63.342239,nan
2024-08-16T12:27:29,71.816437,-63.342285,nan
2024-08-16T12:27:28,71.816467,-63.342327,nan
2024-08-16T12:27:28,71.816490,-63.342373,nan
2024-08-16T12:27:27,71.816521,-63.342415,nan
2024-08-16T12:27:27,71.816544,-63.342461,nan
2024-08-16T12:27:26,71.816566,-63.342503,nan
2024-08-16T12:27:26,71.816589,-63.342548,nan
2024-08-16T12:27:25,71.816620,-63.342590,nan
2024-08-16T12:27:25,71.816643,-63.342636,nan
2024-08-16T12:27:24,71.816666,-63.342682,nan
2024-08-16T12:27:24,71.816696,-63.342728,nan
2024-08-16T12:27:23,71.816719,-63.342777,nan
2024-08-16T12:27:23,71.816750,-63.342827,nan
2024-08-16T12:27:22,71.816772,-63.342873,nan
2024-08-16T12:27:22,71.816795,-63.342922,nan
2024-08-16T12:27:21,71.816818,-63.342972,nan
2024-08-16T12:27:21,71.816841,-63.343021,nan
2024-08-16T12:27:20,71.816864,-63.343067,nan
2024-08-16T12:27:20,71.816887,-63.343117,nan
2024-08-16T12:27:19,71.816910,-63.343163,nan
2024-08-16T12:27:19,71.816933,-63.343208,nan
2024-08-16T12:27:18,71.816956,-63.343254,nan
2024-08-16T12:27:18,71.816978,-63.343296,nan
2024-08-16T12:27:17,71.817001,-63.343338,nan
2024-08-16T12:27:17,71.817017,-63.343380,nan
2024-08-16T12:27:16,71.817039,-63.343422,nan
2024-08-16T12:27:16,71.817062,-63.343464,nan
2024-08-16T12:27:15,71.817085,-63.343506,nan
2024-08-16T12:27:15,71.817108,-63.343544,nan
2024-08-16T12:27:14,71.817131,-63.343582,nan
2024-08-16T12:27:14,71.817154,-63.343616,nan
2024-08-16T12:27:13,71.817177,-63.343655,nan
2024-08-16T12:27:13,71.817200,-63.343689,nan
2024-08-16T12:27:12,71.817223,-63.343723,nan
2024-08-16T12:27:12,71.817245,-63.343761,nan
2024-08-16T12:27:11,71.817276,-63.343796,nan
2024-08-16T12:27:11,71.817299,-63.343830,nan
2024-08-16T12:27:10,71.817322,-63.343864,nan
2024-08-16T12:27:10,71.817345,-63.343903,nan
2024-08-16T12:27:09,71.817368,-63.343937,nan
2024-08-16T12:27:09,71.817398,-63.343971,nan
2024-08-16T12:27:08,71.817421,-63.344006,nan
2024-08-16T12:27:08,71.817444,-63.344040,nan
2024-08-16T12:27:07,71.817474,-63.344074,nan
2024-08-16T12:27:07,71.817497,-63.344109,nan
2024-08-16T12:27:06,71.817528,-63.344147,nan
2024-08-16T12:27:06,71.817551,-63.344181,nan
2024-08-16T12:27:05,71.817574,-63.344215,nan
2024-08-16T12:27:05,71.817604,-63.344254,nan
2024-08-16T12:27:04,71.817635,-63.344292,nan
2024-08-16T12:27:04,71.817657,-63.344334,nan
2024-08-16T12:27:03,71.817680,-63.344376,nan
2024-08-16T12:27:03,71.817711,-63.344418,nan
2024-08-16T12:27:02,71.817741,-63.344460,nan
2024-08-16T12:27:02,71.817764,-63.344505,nan
2024-08-16T12:27:01,71.817795,-63.344551,nan
2024-08-16T12:27:01,71.817818,-63.344597,nan
2024-08-16T12:27:00,71.817848,-63.344646,nan
2024-08-16T12:27:00,71.817871,-63.344692,nan
2024-08-16T12:26:59,71.817902,-63.344738,nan
2024-08-16T12:26:59,71.817924,-63.344788,nan
2024-08-16T12:26:58,71.817947,-63.344833,nan
2024-08-16T12:26:58,71.817978,-63.344883,nan
2024-08-16T12:26:57,71.818001,-63.344929,nan
2024-08-16T12:26:57,71.818024,-63.344978,nan
2024-08-16T12:26:56,71.818047,-63.345024,nan
2024-08-16T12:26:56,71.818077,-63.345070,nan
2024-08-16T12:26:55,71.818100,-63.345116,nan
2024-08-16T12:26:55,71.818123,-63.345161,nan
2024-08-16T12:26:54,71.818153,-63.345207,nan
2024-08-16T12:26:54,71.818176,-63.345257,nan
2024-08-16T12:26:53,71.818207,-63.345303,nan
2024-08-16T12:26:53,71.818230,-63.345348,nan
2024-08-16T12:26:52,71.818253,-63.345394,nan
2024-08-16T12:26:52,71.818283,-63.345436,nan
2024-08-16T12:26:51,71.818306,-63.345482,nan
2024-08-16T12:26:51,71.818336,-63.345528,nan
2024-08-16T12:26:50,71.818359,-63.345570,nan
2024-08-16T12:26:50,71.818390,-63.345615,nan
2024-08-16T12:26:49,71.818413,-63.345657,nan
2024-08-16T12:26:49,71.818443,-63.345699,nan
2024-08-16T12:26:48,71.818474,-63.345745,nan
2024-08-16T12:26:48,71.818497,-63.345791,nan
2024-08-16T12:26:47,71.818527,-63.345837,nan
2024-08-16T12:26:47,71.818550,-63.345882,nan
2024-08-16T12:26:46,71.818581,-63.345928,nan
2024-08-16T12:26:46,71.818604,-63.345978,nan
2024-08-16T12:26:45,71.818634,-63.346027,nan
2024-08-16T12:26:45,71.818657,-63.346073,nan
2024-08-16T12:26:44,71.818687,-63.346123,nan
2024-08-16T12:26:44,71.818710,-63.346172,nan
2024-08-16T12:26:43,71.818733,-63.346218,nan
2024-08-16T12:26:43,71.818764,-63.346264,nan
2024-08-16T12:26:42,71.818787,-63.346310,nan
2024-08-16T12:26:42,71.818817,-63.346352,nan
2024-08-16T12:26:41,71.818840,-63.346394,nan
2024-08-16T12:26:41,71.818871,-63.346432,nan
2024-08-16T12:26:40,71.818893,-63.346470,nan
2024-08-16T12:26:40,71.818924,-63.346508,nan
2024-08-16T12:26:39,71.818947,-63.346546,nan
2024-08-16T12:26:39,71.818977,-63.346581,nan
2024-08-16T12:26:38,71.819008,-63.346615,nan
2024-08-16T12:26:38,71.819031,-63.346649,nan
2024-08-16T12:26:37,71.819061,-63.346684,nan
2024-08-16T12:26:37,71.819092,-63.346718,nan
2024-08-16T12:26:36,71.819115,-63.346752,nan
2024-08-16T12:26:36,71.819145,-63.346786,nan
2024-08-16T12:26:35,71.819176,-63.346821,nan
2024-08-16T12:26:35,71.819206,-63.346851,nan
2024-08-16T12:26:34,71.819237,-63.346886,nan
2024-08-16T12:26:34,71.819260,-63.346920,nan
2024-08-16T12:26:33,71.819290,-63.346954,nan
2024-08-16T12:26:33,71.819321,-63.346989,nan
2024-08-16T12:26:32,71.819344,-63.347019,nan
2024-08-16T12:26:32,71.819374,-63.347057,nan
2024-08-16T12:26:31,71.819405,-63.347092,nan
2024-08-16T12:26:31,71.819427,-63.347122,nan
2024-08-16T12:26:30,71.819458,-63.347157,nan
2024-08-16T12:26:30,71.819489,-63.347191,nan
2024-08-16T12:26:29,71.819519,-63.347221,nan
2024-08-16T12:26:29,71.819550,-63.347256,nan
2024-08-16T12:26:28,71.819572,-63.347290,nan
2024-08-16T12:26:28,71.819603,-63.347324,nan
2024-08-16T12:26:27,71.819626,-63.347359,nan
2024-08-16T12:26:27,71.819656,-63.347393,nan
2024-08-16T12:26:26,71.819679,-63.347427,nan
2024-08-16T12:26:26,71.819710,-63.347458,nan
2024-08-16T12:26:25,71.819733,-63.347492,nan
2024-08-16T12:26:25,71.819763,-63.347527,nan
2024-08-16T12:26:24,71.819794,-63.347561,nan
2024-08-16T12:26:24,71.819817,-63.347591,nan
2024-08-16T12:26:23,71.819847,-63.347626,nan
2024-08-16T12:26:23,71.819870,-63.347656,nan
2024-08-16T12:26:22,71.819901,-63.347691,nan
2024-08-16T12:26:22,71.819923,-63.347725,nan
2024-08-16T12:26:21,71.819954,-63.347759,nan
2024-08-16T12:26:21,71.819977,-63.347790,nan
2024-08-16T12:26:20,71.820007,-63.347824,nan
2024-08-16T12:26:20,71.820030,-63.347855,nan
2024-08-16T12:26:19,71.820061,-63.347885,nan
2024-08-16T12:26:19,71.820091,-63.347919,nan
2024-08-16T12:26:18,71.820114,-63.347946,nan
2024-08-16T12:26:18,71.820145,-63.347977,nan
2024-08-16T12:26:17,71.820175,-63.348007,nan
2024-08-16T12:26:17,71.820198,-63.348038,nan
2024-08-16T12:26:16,71.820229,-63.348068,nan
2024-08-16T12:26:16,71.820259,-63.348099,nan
2024-08-16T12:26:15,71.820282,-63.348129,nan
2024-08-16T12:26:15,71.820312,-63.348164,nan
2024-08-16T12:26:14,71.820343,-63.348194,nan
2024-08-16T12:26:14,71.820374,-63.348228,nan
2024-08-16T12:26:13,71.820396,-63.348259,nan
2024-08-16T12:26:13,71.820427,-63.348289,nan
2024-08-16T12:26:12,71.820457,-63.348324,nan
2024-08-16T12:26:12,71.820488,-63.348358,nan
2024-08-16T12:26:11,71.820511,-63.348392,nan
2024-08-16T12:26:11,71.820541,-63.348427,nan
2024-08-16T12:26:10,71.820572,-63.348465,nan
2024-08-16T12:26:10,71.820595,-63.348503,nan
2024-08-16T12:26:09,71.820625,-63.348541,nan
2024-08-16T12:26:09,71.820648,-63.348583,nan
2024-08-16T12:26:08,71.820679,-63.348625,nan
2024-08-16T12:26:08,71.820709,-63.348667,nan
2024-08-16T12:26:07,71.820740,-63.348709,nan
2024-08-16T12:26:07,71.820763,-63.348755,nan
2024-08-16T12:26:06,71.820793,-63.348801,nan
2024-08-16T12:26:06,71.820824,-63.348846,nan
2024-08-16T12:26:05,71.820854,-63.348892,nan
2024-08-16T12:26:05,71.820877,-63.348938,nan
2024-08-16T12:26:04,71.820908,-63.348984,nan
2024-08-16T12:26:04,71.820938,-63.349030,nan
2024-08-16T12:26:03,71.820969,-63.349075,nan
2024-08-16T12:26:03,71.820999,-63.349117,nan
2024-08-16T12:26:02,71.821030,-63.349167,nan
2024-08-16T12:26:02,71.821060,-63.349209,nan
2024-08-16T12:26:01,71.821091,-63.349255,nan
2024-08-16T12:26:01,71.821121,-63.349297,nan
2024-08-16T12:26:00,71.821144,-63.349339,nan
2024-08-16T12:26:00,71.821175,-63.349377,nan
2024-08-16T12:25:59,71.821205,-63.349419,nan
2024-08-16T12:25:59,71.821236,-63.349457,nan
2024-08-16T12:25:58,71.821259,-63.349491,nan
2024-08-16T12:25:58,71.821281,-63.349529,nan
2024-08-16T12:25:57,71.821312,-63.349567,nan
2024-08-16T12:25:57,71.821335,-63.349602,nan
2024-08-16T12:25:56,71.821358,-63.349640,nan
2024-08-16T12:25:56,71.821381,-63.349678,nan
2024-08-16T12:25:55,71.821396,-63.349712,nan
2024-08-16T12:25:55,71.821419,-63.349751,nan
2024-08-16T12:25:54,71.821442,-63.349785,nan
2024-08-16T12:25:54,71.821465,-63.349823,nan
2024-08-16T12:25:53,71.821480,-63.349861,nan
2024-08-16T12:25:53,71.821503,-63.349899,nan
2024-08-16T12:25:52,71.821526,-63.349937,nan
2024-08-16T12:25:52,71.821548,-63.349976,nan
2024-08-16T12:25:51,71.821571,-63.350014,nan
2024-08-16T12:25:51,71.821594,-63.350048,nan
2024-08-16T12:25:50,71.821617,-63.350086,nan
2024-08-16T12:25:50,71.821640,-63.350121,nan
2024-08-16T12:25:49,71.821663,-63.350155,nan
2024-08-16T12:25:49,71.821693,-63.350189,nan
2024-08-16T12:25:48,71.821716,-63.350220,nan
2024-08-16T12:25:48,71.821739,-63.350246,nan
2024-08-16T12:25:47,71.821770,-63.350273,nan
2024-08-16T12:25:47,71.821800,-63.350292,nan
2024-08-16T12:25:46,71.821831,-63.350311,nan
2024-08-16T12:25:46,71.821861,-63.350327,nan
2024-08-16T12:25:45,71.821892,-63.350338,nan
2024-08-16T12:25:45,71.821922,-63.350346,nan
2024-08-16T12:25:44,71.821953,-63.350353,nan
2024-08-16T12:25:44,71.821983,-63.350361,nan
2024-08-16T12:25:43,71.822014,-63.350361,nan
2024-08-16T12:25:43,71.822052,-63.350365,nan
2024-08-16T12:25:42,71.822083,-63.350361,nan
2024-08-16T12:25:42,71.822113,-63.350361,nan
2024-08-16T12:25:41,71.822151,-63.350357,nan
2024-08-16T12:25:41,71.822182,-63.350353,nan
2024-08-16T12:25:40,71.822220,-63.350349,nan
2024-08-16T12:25:40,71.822250,-63.350342,nan
2024-08-16T12:25:39,71.822289,-63.350334,nan
2024-08-16T12:25:39,71.822319,-63.350327,nan
2024-08-16T12:25:38,71.822350,-63.350319,nan
2024-08-16T12:25:38,71.822388,-63.350311,nan
2024-08-16T12:25:37,71.822418,-63.350307,nan
2024-08-16T12:25:37,71.822456,-63.350300,nan
2024-08-16T12:25:36,71.822487,-63.350292,nan
2024-08-16T12:25:36,71.822525,-63.350285,nan
2024-08-16T12:25:35,71.822556,-63.350281,nan
2024-08-16T12:25:35,71.822594,-63.350273,nan
2024-08-16T12:25:34,71.822624,-63.350266,nan
2024-08-16T12:25:34,71.822662,-63.350258,nan
2024-08-16T12:25:33,71.822693,-63.350250,nan
2024-08-16T12:25:33,71.822731,-63.350243,nan
2024-08-16T12:25:32,71.822762,-63.350239,nan
2024-08-16T12:25:32,71.822800,-63.350227,nan
2024-08-16T12:25:31,71.822830,-63.350224,nan
2024-08-16T12:25:31,71.822861,-63.350212,nan
2024-08-16T12:25:30,71.822899,-63.350208,nan
2024-08-16T12:25:30,71.822937,-63.350201,nan
2024-08-16T12:25:29,71.822975,-63.350193,nan
2024-08-16T12:25:29,71.823006,-63.350182,nan
2024-08-16T12:25:28,71.823044,-63.350174,nan
2024-08-16T12:25:28,71.823082,-63.350166,nan
2024-08-16T12:25:27,71.823120,-63.350155,nan
2024-08-16T12:25:27,71.823151,-63.350147,nan
2024-08-16T12:25:26,71.823189,-63.350136,nan
2024-08-16T12:25:26,71.823227,-63.350124,nan
2024-08-16T12:25:25,71.823265,-63.350117,nan
2024-08-16T12:25:25,71.823303,-63.350105,nan
2024-08-16T12:25:24,71.823341,-63.350094,nan
2024-08-16T12:25:24,71.823380,-63.350082,nan
2024-08-16T12:25:23,71.823410,-63.350067,nan
2024-08-16T12:25:23,71.823448,-63.350056,nan
2024-08-16T12:25:22,71.823486,-63.350040,nan
2024-08-16T12:25:22,71.823524,-63.350025,nan
2024-08-16T12:25:21,71.823563,-63.350006,nan
2024-08-16T12:25:21,71.823608,-63.349991,nan
2024-08-16T12:25:20,71.823647,-63.349972,nan
2024-08-16T12:25:20,71.823685,-63.349953,nan
2024-08-16T12:25:19,71.823723,-63.349930,nan
2024-08-16T12:25:19,71.823769,-63.349911,nan
2024-08-16T12:25:18,71.823807,-63.349888,nan
2024-08-16T12:25:18,71.823845,-63.349865,nan
2024-08-16T12:25:17,71.823891,-63.349842,nan
2024-08-16T12:25:17,71.823929,-63.349815,nan
2024-08-16T12:25:16,71.823975,-63.349792,nan
2024-08-16T12:25:16,71.824013,-63.349766,nan
2024-08-16T12:25:15,71.824051,-63.349743,nan
2024-08-16T12:25:15,71.824089,-63.349716,nan
2024-08-16T12:25:14,71.824135,-63.349693,nan
2024-08-16T12:25:14,71.824173,-63.349667,nan
2024-08-16T12:25:13,71.824219,-63.349640,nan
2024-08-16T12:25:13,71.824257,-63.349613,nan
2024-08-16T12:25:12,71.824295,-63.349590,nan
2024-08-16T12:25:12,71.824341,-63.349564,nan
2024-08-16T12:25:11,71.824379,-63.349537,nan
2024-08-16T12:25:11,71.824425,-63.349510,nan
2024-08-16T12:25:10,71.824463,-63.349483,nan
2024-08-16T12:25:10,71.824501,-63.349457,nan
2024-08-16T12:25:09,71.824539,-63.349434,nan
2024-08-16T12:25:09,71.824585,-63.349407,nan
2024-08-16T12:25:08,71.824623,-63.349380,nan
2024-08-16T12:25:08,71.824661,-63.349358,nan
2024-08-16T12:25:07,71.824699,-63.349335,nan
2024-08-16T12:25:07,71.824745,-63.349308,nan
2024-08-16T12:25:06,71.824783,-63.349281,nan
2024-08-16T12:25:06,71.824821,-63.349258,nan
2024-08-16T12:25:05,71.824860,-63.349236,nan
2024-08-16T12:25:05,71.824898,-63.349213,nan
2024-08-16T12:25:04,71.824944,-63.349190,nan
2024-08-16T12:25:04,71.824982,-63.349167,nan
2024-08-16T12:25:03,71.825020,-63.349148,nan
2024-08-16T12:25:03,71.825058,-63.349129,nan
2024-08-16T12:25:02,71.825096,-63.349106,nan
2024-08-16T12:25:02,71.825134,-63.349087,nan
2024-08-16T12:25:01,71.825172,-63.349068,nan
2024-08-16T12:25:01,71.825218,-63.349045,nan
2024-08-16T12:25:00,71.825256,-63.349026,nan
2024-08-16T12:25:00,71.825294,-63.349003,nan
2024-08-16T12:24:59,71.825333,-63.348976,nan
2024-08-16T12:24:59,71.825371,-63.348953,nan
2024-08-16T12:24:58,71.825409,-63.348927,nan
2024-08-16T12:24:58,71.825455,-63.348900,nan
2024-08-16T12:24:57,71.825493,-63.348873,nan
2024-08-16T12:24:57,71.825531,-63.348846,nan
2024-08-16T12:24:56,71.825569,-63.348820,nan
2024-08-16T12:24:56,71.825607,-63.348793,nan
2024-08-16T12:24:55,71.825645,-63.348766,nan
2024-08-16T12:24:55,71.825676,-63.348743,nan
2024-08-16T12:24:54,71.825714,-63.348717,nan
2024-08-16T12:24:54,71.825752,-63.348690,nan
2024-08-16T12:24:53,71.825790,-63.348663,nan
2024-08-16T12:24:53,71.825829,-63.348633,nan
2024-08-16T12:24:52,71.825867,-63.348606,nan
2024-08-16T12:24:52,71.825897,-63.348576,nan
2024-08-16T12:24:51,71.825935,-63.348545,nan
2024-08-16T12:24:51,71.825974,-63.348511,nan
2024-08-16T12:24:50,71.826012,-63.348480,nan
2024-08-16T12:24:50,71.826050,-63.348446,nan
2024-08-16T12:24:49,71.826080,-63.348412,nan
2024-08-16T12:24:49,71.826118,-63.348377,nan
2024-08-16T12:24:48,71.826157,-63.348343,nan
2024-08-16T12:24:48,71.826187,-63.348309,nan
2024-08-16T12:24:47,71.826225,-63.348274,nan
2024-08-16T12:24:47,71.826263,-63.348240,nan
2024-08-16T12:24:46,71.826294,-63.348202,nan
2024-08-16T12:24:46,71.826332,-63.348167,nan
2024-08-16T12:24:45,71.826370,-63.348129,nan
2024-08-16T12:24:45,71.826408,-63.348091,nan
2024-08-16T12:24:44,71.826447,-63.348057,nan
2024-08-16T12:24:44,71.826477,-63.348019,nan
2024-08-16T12:24:43,71.826515,-63.347980,nan
2024-08-16T12:24:43,71.826553,-63.347939,nan
2024-08-16T12:24:42,71.826591,-63.347900,nan
2024-08-16T12:24:42,71.826630,-63.347862,nan
2024-08-16T12:24:41,71.826660,-63.347824,nan
2024-08-16T12:24:41,71.826698,-63.347786,nan
2024-08-16T12:24:40,71.826736,-63.347748,nan
2024-08-16T12:24:40,71.826775,-63.347706,nan
2024-08-16T12:24:39,71.826813,-63.347668,nan
2024-08-16T12:24:38,71.826881,-63.347588,nan
2024-08-16T12:24:38,71.826920,-63.347546,nan
2024-08-16T12:24:37,71.826958,-63.347504,nan
2024-08-16T12:24:37,71.826988,-63.347462,nan
2024-08-16T12:24:36,71.827026,-63.347420,nan
2024-08-16T12:24:36,71.827065,-63.347382,nan
2024-08-16T12:24:35,71.827103,-63.347340,nan
2024-08-16T12:24:35,71.827133,-63.347298,nan
2024-08-16T12:24:34,71.827171,-63.347252,nan
2024-08-16T12:24:34,71.827209,-63.347210,nan
2024-08-16T12:24:33,71.827240,-63.347164,nan
2024-08-16T12:24:33,71.827278,-63.347118,nan
2024-08-16T12:24:32,71.827309,-63.347076,nan
2024-08-16T12:24:32,71.827347,-63.347031,nan
2024-08-16T12:24:31,71.827385,-63.346985,nan
2024-08-16T12:24:31,71.827415,-63.346939,nan
2024-08-16T12:24:30,71.827454,-63.346893,nan
2024-08-16T12:24:30,71.827492,-63.346848,nan
2024-08-16T12:24:29,71.827522,-63.346802,nan
2024-08-16T12:24:29,71.827560,-63.346752,nan
2024-08-16T12:24:28,71.827599,-63.346703,nan
2024-08-16T12:24:28,71.827629,-63.346649,nan
2024-08-16T12:24:27,71.827667,-63.346596,nan
2024-08-16T12:24:27,71.827705,-63.346539,nan
2024-08-16T12:24:26,71.827744,-63.346481,nan
2024-08-16T12:24:26,71.827774,-63.346424,nan
2024-08-16T12:24:25,71.827812,-63.346367,nan
2024-08-16T12:24:25,71.827850,-63.346310,nan
2024-08-16T12:24:24,71.827881,-63.346252,nan
2024-08-16T12:24:24,71.827919,-63.346195,nan
2024-08-16T12:24:23,71.827957,-63.346142,nan
2024-08-16T12:24:23,71.827988,-63.346085,nan
2024-08-16T12:24:22,71.828026,-63.346027,nan
2024-08-16T12:24:22,71.828056,-63.345966,nan
2024-08-16T12:24:21,71.828094,-63.345909,nan
2024-08-16T12:24:21,71.828125,-63.345852,nan
2024-08-16T12:24:20,71.828163,-63.345795,nan
2024-08-16T12:24:20,71.828194,-63.345734,nan
2024-08-16T12:24:19,71.828224,-63.345676,nan
2024-08-16T12:24:19,71.828262,-63.345619,nan
2024-08-16T12:24:18,71.828293,-63.345558,nan
2024-08-16T12:24:18,71.828331,-63.345501,nan
2024-08-16T12:24:17,71.828362,-63.345444,nan
2024-08-16T12:24:17,71.828400,-63.345387,nan
2024-08-16T12:24:16,71.828438,-63.345329,nan
2024-08-16T12:24:16,71.828468,-63.345272,nan
2024-08-16T12:24:15,71.828506,-63.345219,nan
2024-08-16T12:24:15,71.828545,-63.345161,nan
2024-08-16T12:24:14,71.828575,-63.345104,nan
2024-08-16T12:24:14,71.828613,-63.345051,nan
2024-08-16T12:24:13,71.828651,-63.344997,nan
2024-08-16T12:24:13,71.828690,-63.344940,nan
2024-08-16T12:24:12,71.828720,-63.344891,nan
2024-08-16T12:24:12,71.828758,-63.344837,nan
2024-08-16T12:24:11,71.828796,-63.344788,nan
2024-08-16T12:24:11,71.828835,-63.344734,nan
2024-08-16T12:24:10,71.828873,-63.344681,nan
2024-08-16T12:24:10,71.828903,-63.344627,nan
2024-08-16T12:24:09,71.828941,-63.344574,nan
2024-08-16T12:24:09,71.828979,-63.344521,nan
2024-08-16T12:24:08,71.829010,-63.344467,nan
2024-08-16T12:24:08,71.829048,-63.344410,nan
2024-08-16T12:24:07,71.829086,-63.344357,nan
2024-08-16T12:24:07,71.829117,-63.344299,nan
2024-08-16T12:24:06,71.829155,-63.344246,nan
2024-08-16T12:24:06,71.829185,-63.344193,nan
2024-08-16T12:24:05,71.829224,-63.344139,nan
2024-08-16T12:24:05,71.829254,-63.344086,nan
2024-08-16T12:24:04,71.829292,-63.344032,nan
2024-08-16T12:24:04,71.829330,-63.343983,nan
2024-08-16T12:24:03,71.829361,-63.343933,nan
2024-08-16T12:24:03,71.829399,-63.343884,nan
2024-08-16T12:24:02,71.829430,-63.343834,nan
2024-08-16T12:24:02,71.829468,-63.343788,nan
2024-08-16T12:24:01,71.829498,-63.343746,nan
2024-08-16T12:24:01,71.829536,-63.343700,nan
2024-08-16T12:24:00,71.829567,-63.343658,nan
2024-08-16T12:24:00,71.829605,-63.343613,nan
2024-08-16T12:23:59,71.829636,-63.343571,nan
2024-08-16T12:23:59,71.829674,-63.343525,nan
2024-08-16T12:23:58,71.829704,-63.343479,nan
2024-08-16T12:23:58,71.829742,-63.343437,nan
2024-08-16T12:23:57,71.829773,-63.343391,nan
2024-08-16T12:23:57,71.829811,-63.343349,nan
2024-08-16T12:23:56,71.829842,-63.343307,nan
2024-08-16T12:23:56,71.829880,-63.343266,nan
2024-08-16T12:23:55,71.829910,-63.343227,nan
2024-08-16T12:23:55,71.829948,-63.343193,nan
2024-08-16T12:23:54,71.829979,-63.343159,nan
2024-08-16T12:23:54,71.830009,-63.343124,nan
2024-08-16T12:23:53,71.830048,-63.343094,nan
2024-08-16T12:23:53,71.830078,-63.343060,nan
2024-08-16T12:23:52,71.830109,-63.343029,nan
2024-08-16T12:23:52,71.830147,-63.342999,nan
2024-08-16T12:23:51,71.830177,-63.342964,nan
2024-08-16T12:23:51,71.830208,-63.342934,nan
2024-08-16T12:23:50,71.830246,-63.342899,nan
2024-08-16T12:23:50,71.830276,-63.342869,nan
2024-08-16T12:23:49,71.830307,-63.342834,nan
2024-08-16T12:23:49,71.830338,-63.342800,nan
2024-08-16T12:23:48,71.830376,-63.342770,nan
2024-08-16T12:23:48,71.830406,-63.342735,nan
2024-08-16T12:23:47,71.830437,-63.342705,nan
2024-08-16T12:23:47,71.830467,-63.342674,nan
2024-08-16T12:23:46,71.830505,-63.342644,nan
2024-08-16T12:23:46,71.830536,-63.342609,nan
2024-08-16T12:23:45,71.830566,-63.342575,nan
2024-08-16T12:23:45,71.830597,-63.342541,nan
2024-08-16T12:23:44,71.830635,-63.342506,nan
2024-08-16T12:23:44,71.830666,-63.342472,nan
2024-08-16T12:23:43,71.830696,-63.342438,nan
2024-08-16T12:23:42,71.830757,-63.342369,nan
2024-08-16T12:23:42,71.830788,-63.342335,nan
2024-08-16T12:23:41,71.830818,-63.342297,nan
2024-08-16T12:23:41,71.830849,-63.342262,nan
2024-08-16T12:23:40,71.830879,-63.342224,nan
2024-08-16T12:23:40,71.830910,-63.342186,nan
2024-08-16T12:23:39,71.830940,-63.342148,nan
2024-08-16T12:23:39,71.830971,-63.342110,nan
2024-08-16T12:23:38,71.831001,-63.342072,nan
2024-08-16T12:23:38,71.831032,-63.342030,nan
2024-08-16T12:23:37,71.831062,-63.341991,nan
2024-08-16T12:23:37,71.831093,-63.341949,nan
2024-08-16T12:23:36,71.831116,-63.341908,nan
2024-08-16T12:23:36,71.831146,-63.341869,nan
2024-08-16T12:23:35,71.831177,-63.341827,nan
2024-08-16T12:23:35,71.831200,-63.341785,nan
2024-08-16T12:23:34,71.831230,-63.341747,nan
2024-08-16T12:23:34,71.831261,-63.341705,nan
2024-08-16T12:23:33,71.831284,-63.341663,nan
2024-08-16T12:23:33,71.831306,-63.341625,nan
2024-08-16T12:23:32,71.831337,-63.341591,nan
2024-08-16T12:23:32,71.831360,-63.341553,nan
2024-08-16T12:23:31,71.831383,-63.341518,nan
2024-08-16T12:23:31,71.831406,-63.341480,nan
2024-08-16T12:23:30,71.831429,-63.341446,nan
2024-08-16T12:23:30,71.831451,-63.341415,nan
2024-08-16T12:23:29,71.831474,-63.341381,nan
2024-08-16T12:23:29,71.831497,-63.341351,nan
2024-08-16T12:23:28,71.831512,-63.341320,nan
2024-08-16T12:23:28,71.831535,-63.341293,nan
2024-08-16T12:23:27,71.831558,-63.341263,nan
2024-08-16T12:23:27,71.831581,-63.341232,nan
2024-08-16T12:23:26,71.831596,-63.341202,nan
2024-08-16T12:23:26,71.831619,-63.341175,nan
2024-08-16T12:23:25,71.831642,-63.341148,nan
2024-08-16T12:23:25,71.831665,-63.341122,nan
2024-08-16T12:23:24,71.831688,-63.341091,nan
2024-08-16T12:23:24,71.831711,-63.341064,nan
2024-08-16T12:23:23,71.831734,-63.341038,nan
2024-08-16T12:23:23,71.831757,-63.341011,nan
2024-08-16T12:23:22,71.831779,-63.340981,nan
2024-08-16T12:23:22,71.831802,-63.340950,nan
2024-08-16T12:23:21,71.831825,-63.340919,nan
2024-08-16T12:23:21,71.831856,-63.340881,nan
2024-08-16T12:23:20,71.831879,-63.340847,nan
2024-08-16T12:23:20,71.831902,-63.340809,nan
2024-08-16T12:23:19,71.831924,-63.340771,nan
2024-08-16T12:23:19,71.831947,-63.340729,nan
2024-08-16T12:23:18,71.831970,-63.340691,nan
2024-08-16T12:23:18,71.832001,-63.340649,nan
2024-08-16T12:23:17,71.832024,-63.340603,nan
2024-08-16T12:23:17,71.832047,-63.340553,nan
2024-08-16T12:23:16,71.832069,-63.340504,nan
2024-08-16T12:23:16,71.832092,-63.340454,nan
2024-08-16T12:23:15,71.832115,-63.340401,nan
2024-08-16T12:23:15,71.832146,-63.340347,nan
2024-08-16T12:23:14,71.832169,-63.340290,nan
2024-08-16T12:23:14,71.832191,-63.340237,nan
2024-08-16T12:23:13,71.832214,-63.340187,nan
2024-08-16T12:23:13,71.832237,-63.340137,nan
2024-08-16T12:23:12,71.832260,-63.340092,nan
2024-08-16T12:23:12,71.832291,-63.340046,nan
2024-08-16T12:23:11,71.832314,-63.340000,nan
2024-08-16T12:23:11,71.832336,-63.339954,nan
2024-08-16T12:23:10,71.832359,-63.339909,nan
2024-08-16T12:23:10,71.832390,-63.339863,nan
2024-08-16T12:23:09,71.832413,-63.339817,nan
2024-08-16T12:23:09,71.832436,-63.339767,nan
2024-08-16T12:23:08,71.832458,-63.339722,nan
2024-08-16T12:23:08,71.832481,-63.339676,nan
2024-08-16T12:23:07,71.832504,-63.339630,nan
2024-08-16T12:23:07,71.832527,-63.339581,nan
2024-08-16T12:23:06,71.832550,-63.339535,nan
2024-08-16T12:23:06,71.832565,-63.339489,nan
2024-08-16T12:23:05,71.832588,-63.339443,nan
2024-08-16T12:23:05,71.832611,-63.339394,nan
2024-08-16T12:23:04,71.832634,-63.339340,nan
2024-08-16T12:23:04,71.832657,-63.339291,nan
2024-08-16T12:23:03,71.832680,-63.339233,nan
2024-08-16T12:23:03,71.832703,-63.339180,nan
2024-08-16T12:23:02,71.832718,-63.339123,nan
2024-08-16T12:23:02,71.832741,-63.339066,nan
2024-08-16T12:23:01,71.832764,-63.339008,nan
2024-08-16T12:23:01,71.832787,-63.338951,nan
2024-08-16T12:23:00,71.832802,-63.338894,nan
2024-08-16T12:23:00,71.832825,-63.338833,nan
2024-08-16T12:22:59,71.832840,-63.338772,nan
2024-08-16T12:22:59,71.832863,-63.338715,nan
2024-08-16T12:22:58,71.832886,-63.338654,nan
2024-08-16T12:22:58,71.832901,-63.338593,nan
2024-08-16T12:22:57,71.832924,-63.338531,nan
2024-08-16T12:22:57,71.832939,-63.338467,nan
2024-08-16T12:22:56,71.832962,-63.338402,nan
2024-08-16T12:22:56,71.832977,-63.338337,nan
2024-08-16T12:22:55,71.833000,-63.338272,nan
2024-08-16T12:22:55,71.833015,-63.338207,nan
2024-08-16T12:22:54,71.833038,-63.338139,nan
2024-08-16T12:22:54,71.833054,-63.338070,nan
2024-08-16T12:22:53,71.833076,-63.338001,nan
2024-08-16T12:22:53,71.833092,-63.337933,nan
2024-08-16T12:22:52,71.833107,-63.337868,nan
2024-08-16T12:22:52,71.833130,-63.337795,nan
2024-08-16T12:22:51,71.833145,-63.337730,nan
2024-08-16T12:22:51,71.833168,-63.337662,nan
2024-08-16T12:22:50,71.833183,-63.337597,nan
2024-08-16T12:22:50,71.833206,-63.337532,nan
2024-08-16T12:22:49,71.833221,-63.337467,nan
2024-08-16T12:22:49,71.833244,-63.337402,nan
2024-08-16T12:22:48,71.833267,-63.337341,nan
2024-08-16T12:22:48,71.833282,-63.337276,nan
2024-08-16T12:22:47,71.833305,-63.337215,nan
2024-08-16T12:22:47,71.833328,-63.337158,nan
2024-08-16T12:22:46,71.833344,-63.337097,nan
2024-08-16T12:22:46,71.833366,-63.337036,nan
2024-08-16T12:22:45,71.833382,-63.336975,nan
2024-08-16T12:22:45,71.833405,-63.336910,nan
2024-08-16T12:22:44,71.833427,-63.336845,nan
2024-08-16T12:22:44,71.833443,-63.336781,nan
2024-08-16T12:22:43,71.833466,-63.336712,nan
2024-08-16T12:22:43,71.833481,-63.336639,nan
2024-08-16T12:22:42,71.833496,-63.336567,nan
2024-08-16T12:22:42,71.833519,-63.336494,nan
2024-08-16T12:22:41,71.833534,-63.336422,nan
2024-08-16T12:22:41,71.833549,-63.336353,nan
2024-08-16T12:22:40,71.833572,-63.336285,nan
2024-08-16T12:22:40,71.833588,-63.336212,nan
2024-08-16T12:22:39,71.833603,-63.336147,nan
2024-08-16T12:22:39,71.833626,-63.336082,nan
2024-08-16T12:22:38,71.833641,-63.336014,nan
2024-08-16T12:22:38,71.833664,-63.335949,nan
2024-08-16T12:22:37,71.833679,-63.335884,nan
2024-08-16T12:22:37,71.833702,-63.335819,nan
2024-08-16T12:22:36,71.833725,-63.335754,nan
2024-08-16T12:22:36,71.833748,-63.335693,nan
2024-08-16T12:22:35,71.833771,-63.335629,nan
2024-08-16T12:22:35,71.833794,-63.335567,nan
2024-08-16T12:22:34,71.833817,-63.335510,nan
2024-08-16T12:22:34,71.833839,-63.335449,nan
2024-08-16T12:22:33,71.833855,-63.335392,nan
2024-08-16T12:22:33,71.833878,-63.335335,nan
2024-08-16T12:22:32,71.833900,-63.335274,nan
2024-08-16T12:22:32,71.833923,-63.335217,nan
2024-08-16T12:22:31,71.833946,-63.335159,nan
2024-08-16T12:22:31,71.833977,-63.335102,nan
2024-08-16T12:22:30,71.834000,-63.335045,nan
2024-08-16T12:22:30,71.834023,-63.334984,nan
2024-08-16T12:22:29,71.834045,-63.334927,nan
2024-08-16T12:22:28,71.834091,-63.334816,nan
2024-08-16T12:22:28,71.834114,-63.334759,nan
2024-08-16T12:22:27,71.834145,-63.334705,nan
2024-08-16T12:22:27,71.834167,-63.334652,nan
2024-08-16T12:22:26,71.834190,-63.334599,nan
2024-08-16T12:22:26,71.834213,-63.334549,nan
2024-08-16T12:22:25,71.834236,-63.334499,nan
2024-08-16T12:22:25,71.834259,-63.334454,nan
2024-08-16T12:22:24,71.834282,-63.334404,nan
2024-08-16T12:22:24,71.834312,-63.334358,nan
2024-08-16T12:22:23,71.834335,-63.334312,nan
2024-08-16T12:22:23,71.834358,-63.334263,nan
2024-08-16T12:22:22,71.834381,-63.334217,nan
2024-08-16T12:22:22,71.834404,-63.334167,nan
2024-08-16T12:22:21,71.834435,-63.334118,nan
2024-08-16T12:22:21,71.834457,-63.334068,nan
2024-08-16T12:22:20,71.834480,-63.334015,nan
2024-08-16T12:22:20,71.834503,-63.333961,nan
2024-08-16T12:22:19,71.834526,-63.333904,nan
2024-08-16T12:22:19,71.834549,-63.333851,nan
2024-08-16T12:22:18,71.834572,-63.333797,nan
2024-08-16T12:22:18,71.834595,-63.333740,nan
2024-08-16T12:22:17,71.834618,-63.333679,nan
2024-08-16T12:22:17,71.834641,-63.333622,nan
2024-08-16T12:22:16,71.834663,-63.333561,nan
2024-08-16T12:22:16,71.834686,-63.333496,nan
2024-08-16T12:22:15,71.834717,-63.333431,nan
2024-08-16T12:22:15,71.834740,-63.333363,nan
2024-08-16T12:22:14,71.834763,-63.333294,nan
2024-08-16T12:22:14,71.834785,-63.333221,nan
2024-08-16T12:22:13,71.834808,-63.333149,nan
2024-08-16T12:22:13,71.834831,-63.333076,nan
2024-08-16T12:22:12,71.834854,-63.333000,nan
2024-08-16T12:22:12,71.834877,-63.332928,nan
2024-08-16T12:22:11,71.834892,-63.332851,nan
2024-08-16T12:22:11,71.834915,-63.332775,nan
2024-08-16T12:22:10,71.834930,-63.332695,nan
2024-08-16T12:22:10,71.834953,-63.332611,nan
2024-08-16T12:22:09,71.834969,-63.332531,nan
2024-08-16T12:22:09,71.834991,-63.332451,nan
2024-08-16T12:22:08,71.835007,-63.332367,nan
2024-08-16T12:22:08,71.835022,-63.332287,nan
2024-08-16T12:22:07,71.835037,-63.332207,nan
2024-08-16T12:22:07,71.835060,-63.332123,nan
2024-08-16T12:22:06,71.835075,-63.332043,nan
2024-08-16T12:22:06,71.835091,-63.331963,nan
2024-08-16T12:22:05,71.835106,-63.331886,nan
2024-08-16T12:22:05,71.835121,-63.331806,nan
2024-08-16T12:22:04,71.835136,-63.331726,nan
2024-08-16T12:22:04,71.835144,-63.331650,nan
2024-08-16T12:22:03,71.835159,-63.331570,nan
2024-08-16T12:22:03,71.835175,-63.331493,nan
2024-08-16T12:22:02,71.835182,-63.331413,nan
2024-08-16T12:22:02,71.835197,-63.331333,nan
2024-08-16T12:22:01,71.835213,-63.331257,nan
2024-08-16T12:22:01,71.835220,-63.331177,nan
2024-08-16T12:22:00,71.835236,-63.331097,nan
2024-08-16T12:22:00,71.835251,-63.331017,nan
2024-08-16T12:21:59,71.835266,-63.330933,nan
2024-08-16T12:21:59,71.835274,-63.330849,nan
2024-08-16T12:21:58,71.835289,-63.330765,nan
2024-08-16T12:21:57,71.835312,-63.330601,nan
2024-08-16T12:21:57,71.835320,-63.330517,nan
2024-08-16T12:21:56,71.835327,-63.330433,nan
2024-08-16T12:21:56,71.835342,-63.330345,nan
2024-08-16T12:21:55,71.835350,-63.330257,nan
2024-08-16T12:21:55,71.835365,-63.330170,nan
2024-08-16T12:21:54,71.835373,-63.330078,nan
2024-08-16T12:21:54,71.835381,-63.329983,nan
2024-08-16T12:21:53,71.835396,-63.329887,nan
2024-08-16T12:21:53,71.835403,-63.329792,nan
2024-08-16T12:21:52,71.835411,-63.329697,nan
2024-08-16T12:21:52,71.835419,-63.329597,nan
2024-08-16T12:21:51,71.835426,-63.329498,nan
2024-08-16T12:21:51,71.835442,-63.329399,nan
2024-08-16T12:21:50,71.835449,-63.329300,nan
2024-08-16T12:21:50,71.835457,-63.329201,nan
2024-08-16T12:21:49,71.835464,-63.329102,nan
2024-08-16T12:21:49,71.835472,-63.329002,nan
2024-08-16T12:21:48,71.835480,-63.328899,nan
2024-08-16T12:21:48,71.835487,-63.328800,nan
2024-08-16T12:21:47,71.835495,-63.328697,nan
2024-08-16T12:21:47,71.835503,-63.328598,nan
2024-08-16T12:21:46,71.835510,-63.328499,nan
2024-08-16T12:21:46,71.835518,-63.328400,nan
2024-08-16T12:21:45,71.835526,-63.328297,nan
2024-08-16T12:21:45,71.835541,-63.328197,nan
2024-08-16T12:21:44,71.835548,-63.328098,nan
2024-08-16T12:21:44,71.835556,-63.327999,nan
2024-08-16T12:21:43,71.835564,-63.327900,nan
2024-08-16T12:21:43,71.835571,-63.327801,nan
2024-08-16T12:21:42,71.835587,-63.327702,nan
2024-08-16T12:21:42,71.835594,-63.327602,nan
2024-08-16T12:21:41,71.835602,-63.327499,nan
2024-08-16T12:21:41,71.835609,-63.327400,nan
2024-08-16T12:21:40,71.835625,-63.327297,nan
2024-08-16T12:21:40,71.835632,-63.327190,nan
2024-08-16T12:21:39,71.835640,-63.327084,nan
2024-08-16T12:21:39,71.835648,-63.326977,nan
2024-08-16T12:21:38,71.835655,-63.326866,nan
2024-08-16T12:21:38,71.835663,-63.326756,nan
2024-08-16T12:21:37,71.835686,-63.326534,nan
2024-08-16T12:21:36,71.835693,-63.326424,nan
2024-08-16T12:21:36,71.835701,-63.326313,nan
2024-08-16T12:21:35,71.835709,-63.326206,nan
2024-08-16T12:21:35,71.835724,-63.326096,nan
2024-08-16T12:21:34,71.835732,-63.325989,nan
2024-08-16T12:21:34,71.835739,-63.325878,nan
2024-08-16T12:21:33,71.835747,-63.325768,nan
2024-08-16T12:21:33,71.835754,-63.325661,nan
2024-08-16T12:21:32,71.835770,-63.325550,nan
2024-08-16T12:21:32,71.835777,-63.325443,nan
2024-08-16T12:21:31,71.835785,-63.325336,nan
2024-08-16T12:21:31,71.835793,-63.325230,nan
2024-08-16T12:21:30,71.835808,-63.325123,nan
2024-08-16T12:21:30,71.835815,-63.325020,nan
2024-08-16T12:21:29,71.835831,-63.324917,nan
2024-08-16T12:21:29,71.835838,-63.324814,nan
2024-08-16T12:21:28,71.835854,-63.324711,nan
2024-08-16T12:21:28,71.835861,-63.324608,nan
2024-08-16T12:21:27,71.835884,-63.324402,nan
2024-08-16T12:21:26,71.835892,-63.324303,nan
2024-08-16T12:21:26,71.835899,-63.324203,nan
2024-08-16T12:21:25,71.835907,-63.324104,nan
2024-08-16T12:21:25,71.835915,-63.324005,nan
2024-08-16T12:21:24,71.835922,-63.323910,nan
2024-08-16T12:21:24,71.835930,-63.323814,nan
2024-08-16T12:21:23,71.835938,-63.323715,nan
2024-08-16T12:21:23,71.835953,-63.323620,nan
2024-08-16T12:21:22,71.835960,-63.323524,nan
2024-08-16T12:21:22,71.835968,-63.323425,nan
2024-08-16T12:21:21,71.835976,-63.323330,nan
2024-08-16T12:21:21,71.835983,-63.323235,nan
2024-08-16T12:21:20,71.835991,-63.323139,nan
2024-08-16T12:21:20,71.835999,-63.323044,nan
2024-08-16T12:21:19,71.836014,-63.322948,nan
2024-08-16T12:21:19,71.836021,-63.322849,nan
2024-08-16T12:21:18,71.836029,-63.322754,nan
2024-08-16T12:21:18,71.836044,-63.322655,nan
2024-08-16T12:21:17,71.836052,-63.322559,nan
2024-08-16T12:21:17,71.836060,-63.322460,nan
2024-08-16T12:21:16,71.836075,-63.322361,nan
2024-08-16T12:21:16,71.836082,-63.322262,nan
2024-08-16T12:21:15,71.836098,-63.322166,nan
2024-08-16T12:21:15,71.836105,-63.322067,nan
2024-08-16T12:21:14,71.836113,-63.321972,nan
2024-08-16T12:21:14,71.836128,-63.321873,nan
2024-08-16T12:21:13,71.836136,-63.321777,nan
2024-08-16T12:21:13,71.836143,-63.321678,nan
2024-08-16T12:21:12,71.836159,-63.321583,nan
2024-08-16T12:21:12,71.836166,-63.321484,nan
2024-08-16T12:21:11,71.836189,-63.321285,nan
2024-08-16T12:21:10,71.836197,-63.321190,nan
2024-08-16T12:21:09,71.836220,-63.320992,nan
2024-08-16T12:21:09,71.836227,-63.320892,nan
2024-08-16T12:21:08,71.836235,-63.320793,nan
2024-08-16T12:21:08,71.836243,-63.320694,nan
2024-08-16T12:21:07,71.836258,-63.320591,nan
2024-08-16T12:21:07,71.836266,-63.320492,nan
2024-08-16T12:21:06,71.836281,-63.320389,nan
2024-08-16T12:21:06,71.836288,-63.320286,nan
2024-08-16T12:21:05,71.836304,-63.320183,nan
2024-08-16T12:21:05,71.836311,-63.320080,nan
2024-08-16T12:21:04,71.836327,-63.319973,nan
2024-08-16T12:21:04,71.836334,-63.319866,nan
2024-08-16T12:21:03,71.836349,-63.319759,nan
2024-08-16T12:21:03,71.836365,-63.319653,nan
2024-08-16T12:21:02,71.836372,-63.319546,nan
2024-08-16T12:21:02,71.836388,-63.319439,nan
2024-08-16T12:21:01,71.836395,-63.319328,nan
2024-08-16T12:21:01,71.836411,-63.319221,nan
2024-08-16T12:21:00,71.836426,-63.319115,nan
2024-08-16T12:21:00,71.836433,-63.319008,nan
2024-08-16T12:20:59,71.836449,-63.318897,nan
2024-08-16T12:20:59,71.836464,-63.318790,nan
2024-08-16T12:20:58,71.836472,-63.318680,nan
2024-08-16T12:20:58,71.836487,-63.318569,nan
2024-08-16T12:20:57,71.836502,-63.318459,nan
2024-08-16T12:20:57,71.836517,-63.318344,nan
2024-08-16T12:20:56,71.836525,-63.318230,nan
2024-08-16T12:20:56,71.836540,-63.318115,nan
2024-08-16T12:20:55,71.836563,-63.317886,nan
2024-08-16T12:20:54,71.836571,-63.317772,nan
2024-08-16T12:20:54,71.836586,-63.317657,nan
2024-08-16T12:20:53,71.836601,-63.317543,nan
2024-08-16T12:20:53,71.836609,-63.317429,nan
2024-08-16T12:20:52,71.836624,-63.317314,nan
2024-08-16T12:20:52,71.836639,-63.317200,nan
2024-08-16T12:20:51,71.836647,-63.317085,nan
2024-08-16T12:20:51,71.836662,-63.316975,nan
2024-08-16T12:20:50,71.836678,-63.316860,nan
2024-08-16T12:20:50,71.836685,-63.316746,nan
2024-08-16T12:20:49,71.836700,-63.316635,nan
2024-08-16T12:20:49,71.836716,-63.316525,nan
2024-08-16T12:20:48,71.836723,-63.316414,nan
2024-08-16T12:20:48,71.836739,-63.316303,nan
2024-08-16T12:20:47,71.836754,-63.316193,nan
2024-08-16T12:20:47,71.836761,-63.316082,nan
2024-08-16T12:20:46,71.836777,-63.315971,nan
2024-08-16T12:20:46,71.836792,-63.315861,nan
2024-08-16T12:20:45,71.836800,-63.315746,nan
2024-08-16T12:20:45,71.836815,-63.315636,nan
2024-08-16T12:20:44,71.836830,-63.315525,nan
2024-08-16T12:20:44,71.836845,-63.315414,nan
2024-08-16T12:20:43,71.836853,-63.315300,nan
2024-08-16T12:20:43,71.836868,-63.315189,nan
2024-08-16T12:20:42,71.836884,-63.315079,nan
2024-08-16T12:20:42,71.836891,-63.314964,nan
2024-08-16T12:20:41,71.836906,-63.314854,nan
2024-08-16T12:20:41,71.836922,-63.314743,nan
2024-08-16T12:20:40,71.836929,-63.314629,nan
2024-08-16T12:20:39,71.836952,-63.314407,nan
2024-08-16T12:20:39,71.836967,-63.314297,nan
2024-08-16T12:20:38,71.836975,-63.314186,nan
2024-08-16T12:20:38,71.836990,-63.314075,nan
2024-08-16T12:20:37,71.836998,-63.313969,nan
2024-08-16T12:20:37,71.837013,-63.313862,nan
2024-08-16T12:20:36,71.837029,-63.313751,nan
2024-08-16T12:20:36,71.837036,-63.313644,nan
2024-08-16T12:20:35,71.837051,-63.313534,nan
2024-08-16T12:20:35,71.837067,-63.313427,nan
2024-08-16T12:20:34,71.837074,-63.313320,nan
2024-08-16T12:20:34,71.837090,-63.313213,nan
2024-08-16T12:20:33,71.837105,-63.313110,nan
2024-08-16T12:20:33,71.837120,-63.313007,nan
2024-08-16T12:20:32,71.837135,-63.312901,nan
2024-08-16T12:20:32,71.837151,-63.312798,nan
2024-08-16T12:20:31,71.837166,-63.312698,nan
2024-08-16T12:20:31,71.837181,-63.312592,nan
2024-08-16T12:20:30,71.837196,-63.312489,nan
2024-08-16T12:20:30,71.837212,-63.312382,nan
2024-08-16T12:20:29,71.837234,-63.312279,nan
2024-08-16T12:20:29,71.837250,-63.312172,nan
2024-08-16T12:20:28,71.837265,-63.312065,nan
2024-08-16T12:20:28,71.837280,-63.311958,nan
2024-08-16T12:20:27,71.837296,-63.311852,nan
2024-08-16T12:20:27,71.837311,-63.311749,nan
2024-08-16T12:20:26,71.837334,-63.311646,nan
2024-08-16T12:20:26,71.837349,-63.311539,nan
2024-08-16T12:20:25,71.837364,-63.311436,nan
2024-08-16T12:20:25,71.837379,-63.311333,nan
2024-08-16T12:20:24,71.837395,-63.311226,nan
2024-08-16T12:20:24,71.837418,-63.311123,nan
2024-08-16T12:20:23,71.837433,-63.311020,nan
2024-08-16T12:20:23,71.837448,-63.310909,nan
2024-08-16T12:20:22,71.837463,-63.310802,nan
2024-08-16T12:20:22,71.837479,-63.310692,nan
2024-08-16T12:20:21,71.837502,-63.310581,nan
2024-08-16T12:20:21,71.837517,-63.310471,nan
2024-08-16T12:20:20,71.837532,-63.310356,nan
2024-08-16T12:20:20,71.837547,-63.310242,nan
2024-08-16T12:20:19,71.837563,-63.310123,nan
2024-08-16T12:20:19,71.837578,-63.310009,nan
2024-08-16T12:20:18,71.837593,-63.309891,nan
2024-08-16T12:20:18,71.837608,-63.309769,nan
2024-08-16T12:20:17,71.837624,-63.309647,nan
2024-08-16T12:20:17,71.837631,-63.309525,nan
2024-08-16T12:20:16,71.837646,-63.309399,nan
2024-08-16T12:20:16,71.837662,-63.309277,nan
2024-08-16T12:20:15,71.837669,-63.309155,nan
2024-08-16T12:20:15,71.837685,-63.309032,nan
2024-08-16T12:20:14,71.837692,-63.308907,nan
2024-08-16T12:20:14,71.837708,-63.308788,nan
2024-08-16T12:20:13,71.837715,-63.308666,nan
2024-08-16T12:20:13,71.837730,-63.308548,nan
2024-08-16T12:20:12,71.837738,-63.308430,nan
2024-08-16T12:20:12,71.837753,-63.308308,nan
2024-08-16T12:20:11,71.837761,-63.308193,nan
2024-08-16T12:20:11,71.837776,-63.308075,nan
2024-08-16T12:20:10,71.837784,-63.307961,nan
2024-08-16T12:20:10,71.837799,-63.307850,nan
2024-08-16T12:20:09,71.837807,-63.307739,nan
2024-08-16T12:20:09,71.837822,-63.307629,nan
2024-08-16T12:20:08,71.837830,-63.307518,nan
2024-08-16T12:20:08,71.837845,-63.307411,nan
2024-08-16T12:20:07,71.837852,-63.307301,nan
2024-08-16T12:20:07,71.837868,-63.307190,nan
2024-08-16T12:20:06,71.837875,-63.307076,nan
2024-08-16T12:20:06,71.837891,-63.306965,nan
2024-08-16T12:20:05,71.837906,-63.306854,nan
2024-08-16T12:20:05,71.837914,-63.306740,nan
2024-08-16T12:20:04,71.837929,-63.306629,nan
2024-08-16T12:20:04,71.837936,-63.306519,nan
2024-08-16T12:20:03,71.837952,-63.306408,nan
2024-08-16T12:20:03,71.837967,-63.306301,nan
2024-08-16T12:20:02,71.837975,-63.306194,nan
2024-08-16T12:20:02,71.837990,-63.306087,nan
2024-08-16T12:20:01,71.838005,-63.305981,nan
2024-08-16T12:20:01,71.838013,-63.305878,nan
2024-08-16T12:20:00,71.838028,-63.305779,nan
2024-08-16T12:20:00,71.838043,-63.305679,nan
2024-08-16T12:19:59,71.838058,-63.305580,nan
2024-08-16T12:19:59,71.838074,-63.305489,nan
2024-08-16T12:19:58,71.838097,-63.305393,nan
2024-08-16T12:19:58,71.838112,-63.305302,nan
2024-08-16T12:19:57,71.838135,-63.305210,nan
2024-08-16T12:19:57,71.838150,-63.305122,nan
2024-08-16T12:19:56,71.838173,-63.305031,nan
2024-08-16T12:19:56,71.838188,-63.304943,nan
2024-08-16T12:19:55,71.838211,-63.304855,nan
2024-08-16T12:19:55,71.838234,-63.304768,nan
2024-08-16T12:19:54,71.838257,-63.304680,nan
2024-08-16T12:19:54,71.838280,-63.304592,nan
2024-08-16T12:19:53,71.838303,-63.304501,nan
2024-08-16T12:19:53,71.838326,-63.304413,nan
2024-08-16T12:19:52,71.838356,-63.304321,nan
2024-08-16T12:19:52,71.838379,-63.304234,nan
2024-08-16T12:19:51,71.838402,-63.304142,nan
2024-08-16T12:19:51,71.838432,-63.304047,nan
2024-08-16T12:19:50,71.838455,-63.303955,nan
2024-08-16T12:19:50,71.838486,-63.303860,nan
2024-08-16T12:19:49,71.838516,-63.303761,nan
2024-08-16T12:19:49,71.838547,-63.303661,nan
2024-08-16T12:19:48,71.838570,-63.303562,nan
2024-08-16T12:19:48,71.838600,-63.303467,nan
2024-08-16T12:19:47,71.838631,-63.303364,nan
2024-08-16T12:19:47,71.838654,-63.303265,nan
2024-08-16T12:19:46,71.838684,-63.303165,nan
2024-08-16T12:19:46,71.838707,-63.303062,nan
2024-08-16T12:19:45,71.838737,-63.302959,nan
2024-08-16T12:19:45,71.838760,-63.302856,nan
2024-08-16T12:19:44,71.838783,-63.302753,nan
2024-08-16T12:19:44,71.838814,-63.302650,nan
2024-08-16T12:19:43,71.838837,-63.302544,nan
2024-08-16T12:19:43,71.838867,-63.302441,nan
2024-08-16T12:19:42,71.838890,-63.302338,nan
2024-08-16T12:19:42,71.838913,-63.302231,nan
2024-08-16T12:19:41,71.838943,-63.302128,nan
2024-08-16T12:19:41,71.838966,-63.302025,nan
2024-08-16T12:19:40,71.838997,-63.301926,nan
2024-08-16T12:19:40,71.839027,-63.301826,nan
2024-08-16T12:19:39,71.839058,-63.301723,nan
2024-08-16T12:19:39,71.839088,-63.301624,nan
2024-08-16T12:19:38,71.839119,-63.301521,nan
2024-08-16T12:19:38,71.839149,-63.301418,nan
2024-08-16T12:19:37,71.839188,-63.301315,nan
2024-08-16T12:19:37,71.839218,-63.301212,nan
2024-08-16T12:19:36,71.839256,-63.301117,nan
2024-08-16T12:19:36,71.839294,-63.301022,nan
2024-08-16T12:19:35,71.839333,-63.300934,nan
2024-08-16T12:19:35,71.839371,-63.300846,nan
2024-08-16T12:19:34,71.839409,-63.300770,nan
2024-08-16T12:19:34,71.839439,-63.300694,nan
2024-08-16T12:19:33,71.839478,-63.300621,nan
2024-08-16T12:19:33,71.839516,-63.300549,nan
2024-08-16T12:19:32,71.839554,-63.300480,nan
2024-08-16T12:19:32,71.839584,-63.300415,nan
2024-08-16T12:19:31,71.839622,-63.300350,nan
2024-08-16T12:19:31,71.839661,-63.300285,nan
2024-08-16T12:19:30,71.839699,-63.300220,nan
2024-08-16T12:19:30,71.839729,-63.300152,nan
2024-08-16T12:19:29,71.839767,-63.300083,nan
2024-08-16T12:19:29,71.839806,-63.300011,nan
2024-08-16T12:19:28,71.839844,-63.299938,nan
2024-08-16T12:19:28,71.839882,-63.299866,nan
2024-08-16T12:19:27,71.839920,-63.299789,nan
2024-08-16T12:19:27,71.839958,-63.299713,nan
2024-08-16T12:19:26,71.839996,-63.299641,nan
2024-08-16T12:19:26,71.840034,-63.299564,nan
2024-08-16T12:19:25,71.840073,-63.299488,nan
2024-08-16T12:19:25,71.840111,-63.299412,nan
2024-08-16T12:19:24,71.840149,-63.299335,nan
2024-08-16T12:19:24,71.840187,-63.299259,nan
2024-08-16T12:19:23,71.840218,-63.299179,nan
2024-08-16T12:19:23,71.840256,-63.299103,nan
2024-08-16T12:19:22,71.840294,-63.299026,nan
2024-08-16T12:19:22,71.840340,-63.298950,nan
2024-08-16T12:19:21,71.840378,-63.298874,nan
2024-08-16T12:19:21,71.840416,-63.298794,nan
2024-08-16T12:19:20,71.840462,-63.298714,nan
2024-08-16T12:19:20,71.840500,-63.298634,nan
2024-08-16T12:19:19,71.840538,-63.298557,nan
2024-08-16T12:19:19,71.840584,-63.298477,nan
2024-08-16T12:19:18,71.840622,-63.298405,nan
2024-08-16T12:19:18,71.840660,-63.298340,nan
2024-08-16T12:19:17,71.840706,-63.298275,nan
2024-08-16T12:19:17,71.840744,-63.298210,nan
2024-08-16T12:19:16,71.840790,-63.298149,nan
2024-08-16T12:19:16,71.840836,-63.298088,nan
2024-08-16T12:19:15,71.840881,-63.298031,nan
2024-08-16T12:19:15,71.840927,-63.297970,nan
2024-08-16T12:19:14,71.840973,-63.297913,nan
2024-08-16T12:19:14,71.841019,-63.297852,nan
2024-08-16T12:19:13,71.841064,-63.297791,nan
2024-08-16T12:19:13,71.841110,-63.297726,nan
2024-08-16T12:19:12,71.841156,-63.297661,nan
2024-08-16T12:19:12,71.841202,-63.297588,nan
2024-08-16T12:19:11,71.841240,-63.297520,nan
2024-08-16T12:19:11,71.841286,-63.297447,nan
2024-08-16T12:19:10,71.841324,-63.297375,nan
2024-08-16T12:19:10,71.841362,-63.297302,nan
2024-08-16T12:19:09,71.841400,-63.297234,nan
2024-08-16T12:19:09,71.841438,-63.297165,nan
2024-08-16T12:19:08,71.841476,-63.297100,nan
2024-08-16T12:19:08,71.841515,-63.297035,nan
2024-08-16T12:19:07,71.841553,-63.296970,nan
2024-08-16T12:19:07,71.841599,-63.296906,nan
2024-08-16T12:19:06,71.841637,-63.296844,nan
2024-08-16T12:19:06,71.841675,-63.296783,nan
2024-08-16T12:19:05,71.841705,-63.296722,nan
2024-08-16T12:19:05,71.841743,-63.296661,nan
2024-08-16T12:19:04,71.841782,-63.296597,nan
2024-08-16T12:19:04,71.841820,-63.296539,nan
2024-08-16T12:19:03,71.841858,-63.296478,nan
2024-08-16T12:19:03,71.841888,-63.296417,nan
2024-08-16T12:19:02,71.841927,-63.296364,nan
2024-08-16T12:19:02,71.841965,-63.296307,nan
2024-08-16T12:19:01,71.841995,-63.296257,nan
2024-08-16T12:19:01,71.842033,-63.296207,nan
2024-08-16T12:19:00,71.842064,-63.296165,nan
2024-08-16T12:19:00,71.842102,-63.296124,nan
2024-08-16T12:18:59,71.842140,-63.296082,nan
2024-08-16T12:18:59,71.842171,-63.296047,nan
2024-08-16T12:18:58,71.842209,-63.296017,nan
2024-08-16T12:18:58,71.842247,-63.295986,nan
2024-08-16T12:18:57,71.842278,-63.295959,nan
2024-08-16T12:18:57,71.842323,-63.295933,nan
2024-08-16T12:18:56,71.842361,-63.295902,nan
2024-08-16T12:18:56,71.842400,-63.295872,nan
2024-08-16T12:18:55,71.842438,-63.295841,nan
2024-08-16T12:18:55,71.842476,-63.295807,nan
2024-08-16T12:18:54,71.842522,-63.295773,nan
2024-08-16T12:18:54,71.842560,-63.295738,nan
2024-08-16T12:18:53,71.842606,-63.295704,nan
2024-08-16T12:18:53,71.842651,-63.295666,nan
2024-08-16T12:18:52,71.842690,-63.295628,nan
2024-08-16T12:18:52,71.842735,-63.295589,nan
2024-08-16T12:18:51,71.842781,-63.295551,nan
2024-08-16T12:18:51,71.842827,-63.295506,nan
2024-08-16T12:18:50,71.842873,-63.295464,nan
2024-08-16T12:18:50,71.842918,-63.295418,nan
2024-08-16T12:18:49,71.842964,-63.295376,nan
2024-08-16T12:18:49,71.843010,-63.295334,nan
2024-08-16T12:18:48,71.843056,-63.295292,nan
2024-08-16T12:18:48,71.843102,-63.295250,nan
2024-08-16T12:18:47,71.843147,-63.295208,nan
2024-08-16T12:18:47,71.843193,-63.295174,nan
2024-08-16T12:18:46,71.843239,-63.295128,nan
2024-08-16T12:18:46,71.843285,-63.295078,nan
2024-08-16T12:18:45,71.843330,-63.295029,nan
2024-08-16T12:18:45,71.843376,-63.294979,nan
2024-08-16T12:18:44,71.843422,-63.294930,nan
2024-08-16T12:18:44,71.843475,-63.294884,nan
2024-08-16T12:18:43,71.843529,-63.294838,nan
2024-08-16T12:18:43,71.843582,-63.294804,nan
2024-08-16T12:18:42,71.843643,-63.294777,nan
2024-08-16T12:18:42,71.843704,-63.294773,nan
2024-08-16T12:18:41,71.843765,-63.294788,nan
2024-08-16T12:18:41,71.843842,-63.294815,nan
2024-08-16T12:18:40,71.843910,-63.294846,nan
2024-08-16T12:18:40,71.843918,-63.294796,nan
2024-08-16T12:18:39,71.843857,-63.294659,nan
2024-08-16T12:18:39,71.843513,-63.294243,nan
2024-08-16T12:18:38,71.843239,-63.293884,nan
2024-08-16T12:18:38,71.842979,-63.293457,nan
2024-08-16T12:18:37,71.842590,-63.292824,nan
2024-08-16T12:18:37,71.842293,-63.292446,nan
2024-08-16T12:18:34,71.844193,-63.294945,nan
2024-08-16T12:18:33,71.845139,-63.296230,nan
2024-08-16T12:18:33,71.846146,-63.297527,nan
