datetime,lat,lon,elev
2024-06-07T16:35:51,83.564133,-41.968521,nan
2024-06-07T16:35:50,83.564148,-41.968212,nan
2024-06-07T16:35:50,83.564163,-41.967903,nan
2024-06-07T16:35:49,83.564194,-41.967285,nan
2024-06-07T16:35:48,83.564209,-41.966984,nan
2024-06-07T16:35:48,83.564224,-41.966682,nan
2024-06-07T16:35:47,83.564240,-41.966373,nan
2024-06-07T16:35:47,83.564262,-41.966057,nan
2024-06-07T16:35:46,83.564278,-41.965717,nan
2024-06-07T16:35:46,83.564293,-41.965366,nan
2024-06-07T16:35:45,83.564316,-41.965008,nan
2024-06-07T16:35:44,83.564362,-41.964245,nan
2024-06-07T16:35:44,83.564377,-41.963844,nan
2024-06-07T16:35:43,83.564392,-41.963428,nan
2024-06-07T16:35:43,83.564415,-41.963001,nan
2024-06-07T16:35:42,83.564430,-41.962574,nan
2024-06-07T16:35:42,83.564445,-41.962147,nan
2024-06-07T16:35:41,83.564468,-41.961727,nan
2024-06-07T16:35:41,83.564491,-41.961319,nan
2024-06-07T16:35:40,83.564507,-41.960915,nan
2024-06-07T16:35:40,83.564529,-41.960514,nan
2024-06-07T16:35:39,83.564545,-41.960121,nan
2024-06-07T16:35:39,83.564568,-41.959724,nan
2024-06-07T16:35:38,83.564590,-41.959324,nan
2024-06-07T16:35:38,83.564606,-41.958923,nan
2024-06-07T16:35:37,83.564629,-41.958515,nan
2024-06-07T16:35:37,83.564644,-41.958111,nan
2024-06-07T16:35:36,83.564667,-41.957714,nan
2024-06-07T16:35:36,83.564682,-41.957317,nan
2024-06-07T16:35:35,83.564705,-41.956936,nan
2024-06-07T16:35:35,83.564728,-41.956566,nan
2024-06-07T16:35:34,83.564751,-41.956184,nan
2024-06-07T16:35:34,83.564774,-41.955799,nan
2024-06-07T16:35:33,83.564804,-41.955418,nan
2024-06-07T16:35:33,83.564827,-41.955021,nan
2024-06-07T16:35:32,83.564850,-41.954617,nan
2024-06-07T16:35:32,83.564880,-41.954220,nan
2024-06-07T16:35:31,83.564903,-41.953819,nan
2024-06-07T16:35:31,83.564926,-41.953415,nan
2024-06-07T16:35:30,83.564957,-41.953007,nan
2024-06-07T16:35:30,83.564980,-41.952587,nan
2024-06-07T16:35:29,83.565010,-41.952164,nan
2024-06-07T16:35:29,83.565033,-41.951725,nan
2024-06-07T16:35:28,83.565056,-41.951267,nan
2024-06-07T16:35:28,83.565086,-41.950802,nan
2024-06-07T16:35:27,83.565109,-41.950329,nan
2024-06-07T16:35:27,83.565132,-41.949856,nan
2024-06-07T16:35:26,83.565155,-41.949383,nan
2024-06-07T16:35:25,83.565208,-41.948437,nan
2024-06-07T16:35:25,83.565231,-41.947968,nan
2024-06-07T16:35:24,83.565262,-41.947502,nan
2024-06-07T16:35:24,83.565285,-41.947037,nan
2024-06-07T16:35:23,83.565315,-41.946575,nan
2024-06-07T16:35:23,83.565338,-41.946114,nan
2024-06-07T16:35:22,83.565369,-41.945637,nan
2024-06-07T16:35:22,83.565399,-41.945168,nan
2024-06-07T16:35:21,83.565422,-41.944691,nan
2024-06-07T16:35:21,83.565453,-41.944206,nan
2024-06-07T16:35:20,83.565483,-41.943729,nan
2024-06-07T16:35:20,83.565506,-41.943256,nan
2024-06-07T16:35:19,83.565536,-41.942780,nan
2024-06-07T16:35:19,83.565567,-41.942307,nan
2024-06-07T16:35:18,83.565598,-41.941830,nan
2024-06-07T16:35:18,83.565628,-41.941349,nan
2024-06-07T16:35:17,83.565659,-41.940868,nan
2024-06-07T16:35:17,83.565689,-41.940384,nan
2024-06-07T16:35:16,83.565720,-41.939892,nan
2024-06-07T16:35:16,83.565750,-41.939396,nan
2024-06-07T16:35:15,83.565773,-41.938885,nan
2024-06-07T16:35:15,83.565804,-41.938354,nan
2024-06-07T16:35:14,83.565834,-41.937817,nan
2024-06-07T16:35:14,83.565857,-41.937263,nan
2024-06-07T16:35:13,83.565880,-41.936699,nan
2024-06-07T16:35:13,83.565910,-41.936127,nan
2024-06-07T16:35:12,83.565926,-41.935535,nan
2024-06-07T16:35:12,83.565948,-41.934940,nan
2024-06-07T16:35:11,83.565964,-41.934341,nan
2024-06-07T16:35:11,83.565979,-41.933750,nan
2024-06-07T16:35:10,83.565994,-41.933174,nan
2024-06-07T16:35:10,83.566010,-41.932613,nan
2024-06-07T16:35:09,83.566017,-41.932068,nan
2024-06-07T16:35:09,83.566025,-41.931549,nan
2024-06-07T16:35:08,83.566032,-41.931049,nan
2024-06-07T16:35:07,83.566055,-41.930103,nan
2024-06-07T16:35:07,83.566063,-41.929649,nan
2024-06-07T16:35:06,83.566071,-41.929211,nan
2024-06-07T16:35:05,83.566078,-41.928375,nan
2024-06-07T16:35:05,83.566086,-41.927975,nan
2024-06-07T16:35:04,83.566093,-41.927589,nan
2024-06-07T16:35:04,83.566101,-41.927212,nan
2024-06-07T16:35:03,83.566109,-41.926846,nan
2024-06-07T16:35:03,83.566116,-41.926498,nan
2024-06-07T16:35:02,83.566116,-41.926163,nan
2024-06-07T16:35:02,83.566124,-41.925842,nan
2024-06-07T16:35:01,83.566132,-41.925529,nan
2024-06-07T16:35:01,83.566132,-41.925217,nan
2024-06-07T16:35:00,83.566139,-41.924915,nan
2024-06-07T16:35:00,83.566139,-41.924618,nan
2024-06-07T16:34:59,83.566147,-41.924328,nan
2024-06-07T16:34:59,83.566147,-41.924049,nan
2024-06-07T16:34:58,83.566154,-41.923771,nan
2024-06-07T16:34:58,83.566154,-41.923504,nan
2024-06-07T16:34:57,83.566162,-41.923244,nan
2024-06-07T16:34:57,83.566162,-41.922993,nan
2024-06-07T16:34:56,83.566170,-41.922752,nan
2024-06-07T16:34:56,83.566170,-41.922508,nan
2024-06-07T16:34:55,83.566170,-41.922272,nan
2024-06-07T16:34:55,83.566177,-41.922050,nan
2024-06-07T16:34:54,83.566177,-41.921844,nan
2024-06-07T16:34:54,83.566177,-41.921646,nan
2024-06-07T16:34:53,83.566177,-41.921467,nan
2024-06-07T16:34:53,83.566185,-41.921291,nan
2024-06-07T16:34:52,83.566185,-41.921120,nan
2024-06-07T16:34:52,83.566185,-41.920959,nan
2024-06-07T16:34:51,83.566185,-41.920792,nan
2024-06-07T16:34:51,83.566185,-41.920624,nan
2024-06-07T16:34:50,83.566185,-41.920460,nan
2024-06-07T16:34:50,83.566177,-41.920284,nan
2024-06-07T16:34:49,83.566177,-41.920116,nan
2024-06-07T16:34:49,83.566177,-41.919949,nan
2024-06-07T16:34:48,83.566177,-41.919773,nan
2024-06-07T16:34:48,83.566177,-41.919605,nan
2024-06-07T16:34:47,83.566177,-41.919434,nan
2024-06-07T16:34:47,83.566185,-41.919258,nan
2024-06-07T16:34:46,83.566185,-41.919083,nan
2024-06-07T16:34:46,83.566185,-41.918903,nan
2024-06-07T16:34:45,83.566185,-41.918732,nan
2024-06-07T16:34:45,83.566185,-41.918560,nan
2024-06-07T16:34:44,83.566193,-41.918392,nan
2024-06-07T16:34:44,83.566193,-41.918236,nan
2024-06-07T16:34:43,83.566193,-41.918079,nan
2024-06-07T16:34:43,83.566185,-41.917927,nan
2024-06-07T16:34:42,83.566185,-41.917782,nan
2024-06-07T16:34:42,83.566185,-41.917629,nan
2024-06-07T16:34:41,83.566185,-41.917480,nan
2024-06-07T16:34:40,83.566177,-41.917179,nan
2024-06-07T16:34:40,83.566177,-41.917034,nan
2024-06-07T16:34:39,83.566177,-41.916885,nan
2024-06-07T16:34:39,83.566177,-41.916729,nan
2024-06-07T16:34:38,83.566170,-41.916576,nan
2024-06-07T16:34:38,83.566170,-41.916416,nan
2024-06-07T16:34:37,83.566170,-41.916256,nan
2024-06-07T16:34:37,83.566162,-41.916088,nan
2024-06-07T16:34:36,83.566162,-41.915909,nan
2024-06-07T16:34:36,83.566154,-41.915733,nan
2024-06-07T16:34:35,83.566154,-41.915546,nan
2024-06-07T16:34:35,83.566154,-41.915356,nan
2024-06-07T16:34:34,83.566147,-41.915169,nan
2024-06-07T16:34:34,83.566139,-41.914967,nan
2024-06-07T16:34:33,83.566139,-41.914776,nan
2024-06-07T16:34:33,83.566139,-41.914574,nan
2024-06-07T16:34:32,83.566132,-41.914375,nan
2024-06-07T16:34:32,83.566132,-41.914181,nan
2024-06-07T16:34:31,83.566132,-41.913982,nan
2024-06-07T16:34:31,83.566132,-41.913792,nan
2024-06-07T16:34:30,83.566132,-41.913601,nan
2024-06-07T16:34:30,83.566132,-41.913406,nan
2024-06-07T16:34:29,83.566132,-41.913216,nan
2024-06-07T16:34:29,83.566139,-41.913021,nan
2024-06-07T16:34:28,83.566139,-41.912823,nan
2024-06-07T16:34:28,83.566139,-41.912632,nan
2024-06-07T16:34:27,83.566147,-41.912437,nan
2024-06-07T16:34:27,83.566154,-41.912251,nan
2024-06-07T16:34:26,83.566154,-41.912056,nan
2024-06-07T16:34:26,83.566162,-41.911865,nan
2024-06-07T16:34:25,83.566162,-41.911674,nan
2024-06-07T16:34:25,83.566170,-41.911480,nan
2024-06-07T16:34:24,83.566170,-41.911289,nan
2024-06-07T16:34:24,83.566170,-41.911102,nan
2024-06-07T16:34:23,83.566177,-41.910915,nan
2024-06-07T16:34:23,83.566177,-41.910732,nan
2024-06-07T16:34:22,83.566177,-41.910549,nan
2024-06-07T16:34:22,83.566185,-41.910370,nan
2024-06-07T16:34:21,83.566185,-41.910194,nan
2024-06-07T16:34:21,83.566193,-41.910023,nan
2024-06-07T16:34:20,83.566193,-41.909855,nan
2024-06-07T16:34:20,83.566193,-41.909687,nan
2024-06-07T16:34:19,83.566193,-41.909519,nan
2024-06-07T16:34:19,83.566200,-41.909359,nan
2024-06-07T16:34:18,83.566200,-41.909199,nan
2024-06-07T16:34:18,83.566200,-41.909035,nan
2024-06-07T16:34:17,83.566208,-41.908875,nan
2024-06-07T16:34:17,83.566208,-41.908710,nan
2024-06-07T16:34:16,83.566216,-41.908539,nan
2024-06-07T16:34:16,83.566216,-41.908371,nan
2024-06-07T16:34:15,83.566223,-41.908192,nan
2024-06-07T16:34:15,83.566223,-41.908024,nan
2024-06-07T16:34:14,83.566231,-41.907845,nan
2024-06-07T16:34:14,83.566231,-41.907665,nan
2024-06-07T16:34:13,83.566231,-41.907490,nan
2024-06-07T16:34:13,83.566238,-41.907310,nan
2024-06-07T16:34:12,83.566238,-41.907127,nan
2024-06-07T16:34:12,83.566246,-41.906944,nan
2024-06-07T16:34:11,83.566246,-41.906750,nan
2024-06-07T16:34:11,83.566254,-41.906555,nan
2024-06-07T16:34:10,83.566254,-41.906353,nan
2024-06-07T16:34:10,83.566254,-41.906151,nan
2024-06-07T16:34:09,83.566254,-41.905952,nan
2024-06-07T16:34:09,83.566261,-41.905750,nan
2024-06-07T16:34:08,83.566261,-41.905548,nan
2024-06-07T16:34:08,83.566261,-41.905346,nan
2024-06-07T16:34:07,83.566261,-41.905144,nan
2024-06-07T16:34:07,83.566269,-41.904945,nan
2024-06-07T16:34:06,83.566269,-41.904739,nan
2024-06-07T16:34:06,83.566269,-41.904533,nan
2024-06-07T16:34:05,83.566269,-41.904327,nan
2024-06-07T16:34:05,83.566269,-41.904118,nan
2024-06-07T16:34:04,83.566269,-41.903908,nan
2024-06-07T16:34:04,83.566269,-41.903694,nan
2024-06-07T16:34:03,83.566269,-41.903477,nan
2024-06-07T16:34:03,83.566269,-41.903259,nan
2024-06-07T16:34:02,83.566269,-41.903038,nan
2024-06-07T16:34:02,83.566269,-41.902817,nan
2024-06-07T16:34:01,83.566269,-41.902603,nan
2024-06-07T16:34:01,83.566269,-41.902390,nan
2024-06-07T16:34:00,83.566261,-41.902184,nan
2024-06-07T16:34:00,83.566261,-41.901978,nan
2024-06-07T16:33:59,83.566269,-41.901783,nan
2024-06-07T16:33:59,83.566269,-41.901596,nan
2024-06-07T16:33:58,83.566269,-41.901405,nan
2024-06-07T16:33:58,83.566269,-41.901222,nan
2024-06-07T16:33:57,83.566277,-41.901039,nan
2024-06-07T16:33:57,83.566277,-41.900864,nan
2024-06-07T16:33:56,83.566277,-41.900692,nan
2024-06-07T16:33:56,83.566284,-41.900520,nan
2024-06-07T16:33:55,83.566292,-41.900352,nan
2024-06-07T16:33:55,83.566292,-41.900185,nan
2024-06-07T16:33:54,83.566299,-41.900017,nan
2024-06-07T16:33:54,83.566307,-41.899853,nan
2024-06-07T16:33:53,83.566307,-41.899689,nan
2024-06-07T16:33:53,83.566315,-41.899532,nan
2024-06-07T16:33:52,83.566315,-41.899368,nan
2024-06-07T16:33:52,83.566322,-41.899208,nan
2024-06-07T16:33:51,83.566322,-41.899044,nan
2024-06-07T16:33:51,83.566330,-41.898880,nan
2024-06-07T16:33:50,83.566330,-41.898716,nan
2024-06-07T16:33:50,83.566330,-41.898544,nan
2024-06-07T16:33:49,83.566338,-41.898373,nan
2024-06-07T16:33:49,83.566338,-41.898205,nan
2024-06-07T16:33:48,83.566338,-41.898029,nan
2024-06-07T16:33:48,83.566338,-41.897861,nan
2024-06-07T16:33:47,83.566345,-41.897690,nan
2024-06-07T16:33:47,83.566345,-41.897518,nan
2024-06-07T16:33:46,83.566345,-41.897346,nan
2024-06-07T16:33:46,83.566345,-41.897167,nan
2024-06-07T16:33:45,83.566345,-41.896992,nan
2024-06-07T16:33:45,83.566353,-41.896812,nan
2024-06-07T16:33:44,83.566353,-41.896641,nan
2024-06-07T16:33:44,83.566353,-41.896465,nan
2024-06-07T16:33:43,83.566353,-41.896290,nan
2024-06-07T16:33:43,83.566353,-41.896118,nan
2024-06-07T16:33:42,83.566353,-41.895943,nan
2024-06-07T16:33:42,83.566360,-41.895767,nan
2024-06-07T16:33:41,83.566360,-41.895592,nan
2024-06-07T16:33:41,83.566360,-41.895412,nan
2024-06-07T16:33:40,83.566360,-41.895241,nan
2024-06-07T16:33:40,83.566360,-41.895061,nan
2024-06-07T16:33:39,83.566368,-41.894886,nan
2024-06-07T16:33:39,83.566368,-41.894714,nan
2024-06-07T16:33:38,83.566368,-41.894539,nan
2024-06-07T16:33:38,83.566376,-41.894363,nan
2024-06-07T16:33:37,83.566376,-41.894192,nan
2024-06-07T16:33:37,83.566376,-41.894012,nan
2024-06-07T16:33:36,83.566376,-41.893658,nan
2024-06-07T16:33:35,83.566383,-41.893482,nan
2024-06-07T16:33:35,83.566383,-41.893299,nan
2024-06-07T16:33:34,83.566383,-41.893124,nan
2024-06-07T16:33:34,83.566383,-41.892948,nan
2024-06-07T16:33:33,83.566383,-41.892776,nan
2024-06-07T16:33:33,83.566383,-41.892609,nan
2024-06-07T16:33:32,83.566383,-41.892441,nan
2024-06-07T16:33:32,83.566391,-41.892273,nan
2024-06-07T16:33:31,83.566391,-41.892109,nan
2024-06-07T16:33:31,83.566391,-41.891945,nan
2024-06-07T16:33:30,83.566391,-41.891781,nan
2024-06-07T16:33:30,83.566391,-41.891617,nan
2024-06-07T16:33:29,83.566391,-41.891453,nan
2024-06-07T16:33:29,83.566399,-41.891293,nan
2024-06-07T16:33:28,83.566399,-41.891129,nan
2024-06-07T16:33:28,83.566399,-41.890972,nan
2024-06-07T16:33:27,83.566399,-41.890804,nan
2024-06-07T16:33:27,83.566399,-41.890644,nan
2024-06-07T16:33:26,83.566399,-41.890469,nan
2024-06-07T16:33:26,83.566399,-41.890293,nan
2024-06-07T16:33:25,83.566406,-41.890118,nan
2024-06-07T16:33:25,83.566406,-41.889935,nan
2024-06-07T16:33:24,83.566406,-41.889751,nan
2024-06-07T16:33:24,83.566406,-41.889565,nan
2024-06-07T16:33:23,83.566406,-41.889381,nan
2024-06-07T16:33:23,83.566406,-41.889191,nan
2024-06-07T16:33:22,83.566406,-41.889008,nan
2024-06-07T16:33:22,83.566406,-41.888828,nan
2024-06-07T16:33:21,83.566414,-41.888645,nan
2024-06-07T16:33:21,83.566414,-41.888477,nan
2024-06-07T16:33:20,83.566406,-41.888306,nan
2024-06-07T16:33:20,83.566406,-41.888145,nan
2024-06-07T16:33:19,83.566406,-41.887981,nan
2024-06-07T16:33:19,83.566406,-41.887829,nan
2024-06-07T16:33:18,83.566406,-41.887676,nan
2024-06-07T16:33:18,83.566406,-41.887524,nan
2024-06-07T16:33:17,83.566406,-41.887375,nan
2024-06-07T16:33:17,83.566406,-41.887226,nan
2024-06-07T16:33:16,83.566406,-41.887077,nan
2024-06-07T16:33:16,83.566406,-41.886936,nan
2024-06-07T16:33:15,83.566406,-41.886791,nan
2024-06-07T16:33:15,83.566406,-41.886654,nan
2024-06-07T16:33:14,83.566406,-41.886513,nan
2024-06-07T16:33:14,83.566406,-41.886379,nan
2024-06-07T16:33:13,83.566399,-41.886246,nan
2024-06-07T16:33:13,83.566399,-41.886108,nan
2024-06-07T16:33:12,83.566399,-41.885983,nan
2024-06-07T16:33:12,83.566391,-41.885849,nan
2024-06-07T16:33:11,83.566391,-41.885719,nan
2024-06-07T16:33:11,83.566383,-41.885593,nan
2024-06-07T16:33:10,83.566383,-41.885460,nan
2024-06-07T16:33:10,83.566376,-41.885330,nan
2024-06-07T16:33:09,83.566376,-41.885201,nan
2024-06-07T16:33:09,83.566368,-41.885071,nan
2024-06-07T16:33:08,83.566368,-41.884933,nan
2024-06-07T16:33:08,83.566360,-41.884804,nan
2024-06-07T16:33:07,83.566360,-41.884670,nan
2024-06-07T16:33:07,83.566353,-41.884537,nan
2024-06-07T16:33:06,83.566353,-41.884407,nan
2024-06-07T16:33:06,83.566353,-41.884270,nan
2024-06-07T16:33:05,83.566345,-41.884132,nan
2024-06-07T16:33:05,83.566345,-41.883995,nan
2024-06-07T16:33:04,83.566345,-41.883862,nan
2024-06-07T16:33:04,83.566345,-41.883720,nan
2024-06-07T16:33:03,83.566345,-41.883583,nan
2024-06-07T16:33:03,83.566338,-41.883446,nan
2024-06-07T16:33:02,83.566338,-41.883308,nan
2024-06-07T16:33:02,83.566338,-41.883167,nan
2024-06-07T16:33:01,83.566338,-41.883026,nan
2024-06-07T16:33:01,83.566338,-41.882893,nan
2024-06-07T16:33:00,83.566338,-41.882751,nan
2024-06-07T16:33:00,83.566338,-41.882618,nan
2024-06-07T16:32:59,83.566338,-41.882488,nan
2024-06-07T16:32:59,83.566338,-41.882355,nan
2024-06-07T16:32:58,83.566338,-41.882225,nan
2024-06-07T16:32:58,83.566330,-41.882092,nan
2024-06-07T16:32:57,83.566330,-41.881962,nan
2024-06-07T16:32:57,83.566330,-41.881828,nan
2024-06-07T16:32:56,83.566330,-41.881691,nan
2024-06-07T16:32:56,83.566330,-41.881557,nan
2024-06-07T16:32:55,83.566322,-41.881416,nan
2024-06-07T16:32:55,83.566322,-41.881283,nan
2024-06-07T16:32:54,83.566322,-41.881149,nan
2024-06-07T16:32:54,83.566315,-41.881012,nan
2024-06-07T16:32:53,83.566315,-41.880878,nan
2024-06-07T16:32:53,83.566315,-41.880741,nan
2024-06-07T16:32:52,83.566307,-41.880604,nan
2024-06-07T16:32:52,83.566307,-41.880459,nan
2024-06-07T16:32:51,83.566299,-41.880310,nan
2024-06-07T16:32:51,83.566299,-41.880157,nan
2024-06-07T16:32:50,83.566299,-41.880005,nan
2024-06-07T16:32:50,83.566299,-41.879845,nan
2024-06-07T16:32:49,83.566292,-41.879681,nan
2024-06-07T16:32:49,83.566292,-41.879520,nan
2024-06-07T16:32:48,83.566292,-41.879356,nan
2024-06-07T16:32:48,83.566292,-41.879196,nan
2024-06-07T16:32:47,83.566292,-41.879032,nan
2024-06-07T16:32:47,83.566284,-41.878860,nan
2024-06-07T16:32:46,83.566284,-41.878693,nan
2024-06-07T16:32:46,83.566284,-41.878517,nan
2024-06-07T16:32:45,83.566284,-41.878342,nan
2024-06-07T16:32:45,83.566284,-41.878166,nan
2024-06-07T16:32:44,83.566277,-41.877991,nan
2024-06-07T16:32:44,83.566277,-41.877815,nan
2024-06-07T16:32:43,83.566277,-41.877640,nan
2024-06-07T16:32:43,83.566277,-41.877464,nan
2024-06-07T16:32:42,83.566277,-41.877281,nan
2024-06-07T16:32:42,83.566277,-41.877110,nan
2024-06-07T16:32:41,83.566277,-41.876930,nan
2024-06-07T16:32:41,83.566269,-41.876762,nan
2024-06-07T16:32:40,83.566269,-41.876587,nan
2024-06-07T16:32:40,83.566269,-41.876415,nan
2024-06-07T16:32:39,83.566269,-41.876247,nan
2024-06-07T16:32:39,83.566269,-41.876076,nan
2024-06-07T16:32:38,83.566261,-41.875904,nan
2024-06-07T16:32:38,83.566261,-41.875732,nan
2024-06-07T16:32:37,83.566261,-41.875565,nan
2024-06-07T16:32:37,83.566261,-41.875393,nan
2024-06-07T16:32:36,83.566254,-41.875229,nan
2024-06-07T16:32:36,83.566254,-41.875061,nan
2024-06-07T16:32:35,83.566254,-41.874889,nan
2024-06-07T16:32:35,83.566246,-41.874725,nan
2024-06-07T16:32:34,83.566246,-41.874557,nan
2024-06-07T16:32:34,83.566238,-41.874397,nan
2024-06-07T16:32:33,83.566238,-41.874233,nan
2024-06-07T16:32:33,83.566231,-41.874077,nan
2024-06-07T16:32:32,83.566231,-41.873917,nan
2024-06-07T16:32:32,83.566223,-41.873760,nan
2024-06-07T16:32:31,83.566223,-41.873608,nan
2024-06-07T16:32:31,83.566216,-41.873447,nan
2024-06-07T16:32:30,83.566216,-41.873295,nan
2024-06-07T16:32:30,83.566208,-41.873138,nan
2024-06-07T16:32:29,83.566208,-41.872986,nan
2024-06-07T16:32:29,83.566200,-41.872833,nan
2024-06-07T16:32:28,83.566200,-41.872681,nan
2024-06-07T16:32:28,83.566193,-41.872540,nan
2024-06-07T16:32:27,83.566193,-41.872395,nan
2024-06-07T16:32:27,83.566185,-41.872250,nan
2024-06-07T16:32:26,83.566177,-41.872105,nan
2024-06-07T16:32:26,83.566177,-41.871964,nan
2024-06-07T16:32:25,83.566170,-41.871826,nan
2024-06-07T16:32:25,83.566170,-41.871689,nan
2024-06-07T16:32:24,83.566162,-41.871559,nan
2024-06-07T16:32:24,83.566162,-41.871429,nan
2024-06-07T16:32:23,83.566154,-41.871307,nan
2024-06-07T16:32:23,83.566154,-41.871181,nan
2024-06-07T16:32:22,83.566147,-41.871059,nan
2024-06-07T16:32:22,83.566139,-41.870941,nan
2024-06-07T16:32:21,83.566139,-41.870815,nan
2024-06-07T16:32:21,83.566139,-41.870701,nan
2024-06-07T16:32:20,83.566132,-41.870583,nan
2024-06-07T16:32:20,83.566132,-41.870468,nan
2024-06-07T16:32:19,83.566132,-41.870354,nan
2024-06-07T16:32:19,83.566124,-41.870239,nan
2024-06-07T16:32:18,83.566124,-41.870125,nan
2024-06-07T16:32:18,83.566124,-41.870010,nan
2024-06-07T16:32:17,83.566124,-41.869896,nan
2024-06-07T16:32:17,83.566124,-41.869778,nan
2024-06-07T16:32:16,83.566124,-41.869663,nan
2024-06-07T16:32:16,83.566124,-41.869545,nan
2024-06-07T16:32:15,83.566124,-41.869431,nan
2024-06-07T16:32:15,83.566124,-41.869316,nan
2024-06-07T16:32:14,83.566124,-41.869202,nan
2024-06-07T16:32:14,83.566124,-41.869080,nan
2024-06-07T16:32:13,83.566124,-41.868961,nan
2024-06-07T16:32:13,83.566124,-41.868847,nan
2024-06-07T16:32:12,83.566124,-41.868725,nan
2024-06-07T16:32:12,83.566124,-41.868614,nan
2024-06-07T16:32:11,83.566124,-41.868492,nan
2024-06-07T16:32:11,83.566124,-41.868385,nan
2024-06-07T16:32:10,83.566124,-41.868271,nan
2024-06-07T16:32:10,83.566124,-41.868156,nan
2024-06-07T16:32:09,83.566124,-41.868046,nan
2024-06-07T16:32:09,83.566124,-41.867931,nan
2024-06-07T16:32:08,83.566124,-41.867825,nan
2024-06-07T16:32:08,83.566124,-41.867714,nan
2024-06-07T16:32:07,83.566132,-41.867603,nan
2024-06-07T16:32:07,83.566132,-41.867485,nan
2024-06-07T16:32:06,83.566132,-41.867367,nan
2024-06-07T16:32:06,83.566132,-41.867245,nan
2024-06-07T16:32:05,83.566132,-41.867130,nan
2024-06-07T16:32:05,83.566132,-41.867016,nan
2024-06-07T16:32:04,83.566132,-41.866898,nan
2024-06-07T16:32:04,83.566139,-41.866795,nan
2024-06-07T16:32:03,83.566139,-41.866692,nan
2024-06-07T16:32:03,83.566139,-41.866592,nan
2024-06-07T16:32:02,83.566139,-41.866398,nan
2024-06-07T16:32:01,83.566147,-41.866295,nan
2024-06-07T16:32:01,83.566147,-41.866199,nan
2024-06-07T16:32:00,83.566147,-41.866100,nan
2024-06-07T16:32:00,83.566147,-41.866001,nan
2024-06-07T16:31:59,83.566147,-41.865902,nan
2024-06-07T16:31:59,83.566147,-41.865803,nan
2024-06-07T16:31:58,83.566147,-41.865704,nan
2024-06-07T16:31:58,83.566154,-41.865601,nan
2024-06-07T16:31:57,83.566154,-41.865505,nan
2024-06-07T16:31:57,83.566154,-41.865410,nan
2024-06-07T16:31:56,83.566154,-41.865314,nan
2024-06-07T16:31:56,83.566154,-41.865219,nan
2024-06-07T16:31:55,83.566162,-41.865124,nan
2024-06-07T16:31:55,83.566162,-41.865032,nan
2024-06-07T16:31:54,83.566162,-41.864941,nan
2024-06-07T16:31:54,83.566170,-41.864853,nan
2024-06-07T16:31:53,83.566170,-41.864769,nan
2024-06-07T16:31:53,83.566170,-41.864681,nan
2024-06-07T16:31:52,83.566170,-41.864597,nan
2024-06-07T16:31:52,83.566177,-41.864521,nan
2024-06-07T16:31:51,83.566177,-41.864437,nan
2024-06-07T16:31:51,83.566177,-41.864361,nan
2024-06-07T16:31:50,83.566185,-41.864277,nan
2024-06-07T16:31:50,83.566185,-41.864193,nan
2024-06-07T16:31:49,83.566185,-41.864105,nan
2024-06-07T16:31:49,83.566193,-41.864017,nan
2024-06-07T16:31:48,83.566193,-41.863934,nan
2024-06-07T16:31:48,83.566193,-41.863846,nan
2024-06-07T16:31:47,83.566193,-41.863758,nan
2024-06-07T16:31:47,83.566193,-41.863667,nan
2024-06-07T16:31:46,83.566200,-41.863579,nan
2024-06-07T16:31:46,83.566200,-41.863487,nan
2024-06-07T16:31:45,83.566200,-41.863400,nan
2024-06-07T16:31:45,83.566200,-41.863312,nan
2024-06-07T16:31:44,83.566200,-41.863224,nan
2024-06-07T16:31:44,83.566200,-41.863136,nan
2024-06-07T16:31:43,83.566200,-41.863052,nan
2024-06-07T16:31:43,83.566200,-41.862965,nan
2024-06-07T16:31:42,83.566200,-41.862888,nan
2024-06-07T16:31:42,83.566200,-41.862812,nan
2024-06-07T16:31:41,83.566200,-41.862740,nan
2024-06-07T16:31:41,83.566200,-41.862667,nan
2024-06-07T16:31:40,83.566200,-41.862598,nan
2024-06-07T16:31:40,83.566200,-41.862534,nan
2024-06-07T16:31:39,83.566193,-41.862411,nan
2024-06-07T16:31:38,83.566193,-41.862350,nan
2024-06-07T16:31:38,83.566193,-41.862297,nan
2024-06-07T16:31:37,83.566193,-41.862240,nan
2024-06-07T16:31:37,83.566193,-41.862183,nan
2024-06-07T16:31:36,83.566193,-41.862125,nan
2024-06-07T16:31:36,83.566193,-41.862068,nan
2024-06-07T16:31:35,83.566193,-41.862015,nan
2024-06-07T16:31:35,83.566193,-41.861958,nan
2024-06-07T16:31:34,83.566193,-41.861904,nan
2024-06-07T16:31:34,83.566193,-41.861855,nan
2024-06-07T16:31:33,83.566193,-41.861809,nan
2024-06-07T16:31:33,83.566193,-41.861763,nan
2024-06-07T16:31:32,83.566193,-41.861725,nan
2024-06-07T16:31:32,83.566193,-41.861691,nan
2024-06-07T16:31:31,83.566193,-41.861656,nan
2024-06-07T16:31:31,83.566185,-41.861626,nan
2024-06-07T16:31:30,83.566185,-41.861599,nan
2024-06-07T16:31:30,83.566185,-41.861568,nan
2024-06-07T16:31:29,83.566185,-41.861546,nan
2024-06-07T16:31:29,83.566185,-41.861519,nan
2024-06-07T16:31:28,83.566185,-41.861496,nan
2024-06-07T16:31:28,83.566185,-41.861473,nan
2024-06-07T16:31:27,83.566185,-41.861446,nan
2024-06-07T16:31:27,83.566185,-41.861427,nan
2024-06-07T16:31:26,83.566185,-41.861404,nan
2024-06-07T16:31:26,83.566185,-41.861382,nan
2024-06-07T16:31:25,83.566185,-41.861366,nan
2024-06-07T16:31:25,83.566185,-41.861347,nan
2024-06-07T16:31:24,83.566185,-41.861336,nan
2024-06-07T16:31:24,83.566185,-41.861320,nan
2024-06-07T16:31:23,83.566185,-41.861309,nan
2024-06-07T16:31:23,83.566185,-41.861298,nan
2024-06-07T16:31:22,83.566185,-41.861290,nan
2024-06-07T16:31:22,83.566185,-41.861282,nan
2024-06-07T16:31:21,83.566177,-41.861282,nan
2024-06-07T16:31:21,83.566177,-41.861275,nan
2024-06-07T16:31:20,83.566177,-41.861275,nan
2024-06-07T16:31:20,83.566170,-41.861271,nan
2024-06-07T16:31:19,83.566170,-41.861271,nan
2024-06-07T16:31:19,83.566162,-41.861271,nan
2024-06-07T16:31:18,83.566154,-41.861271,nan
2024-06-07T16:31:18,83.566154,-41.861267,nan
2024-06-07T16:31:17,83.566147,-41.861271,nan
2024-06-07T16:31:17,83.566147,-41.861271,nan
2024-06-07T16:31:16,83.566139,-41.861275,nan
2024-06-07T16:31:16,83.566139,-41.861282,nan
2024-06-07T16:31:15,83.566132,-41.861286,nan
2024-06-07T16:31:15,83.566124,-41.861290,nan
2024-06-07T16:31:14,83.566124,-41.861286,nan
2024-06-07T16:31:14,83.566116,-41.861282,nan
2024-06-07T16:31:13,83.566116,-41.861271,nan
2024-06-07T16:31:13,83.566109,-41.861259,nan
2024-06-07T16:31:12,83.566101,-41.861244,nan
2024-06-07T16:31:12,83.566093,-41.861233,nan
2024-06-07T16:31:11,83.566093,-41.861217,nan
2024-06-07T16:31:11,83.566086,-41.861210,nan
2024-06-07T16:31:10,83.566086,-41.861198,nan
2024-06-07T16:31:10,83.566078,-41.861191,nan
2024-06-07T16:31:09,83.566071,-41.861176,nan
2024-06-07T16:31:09,83.566071,-41.861164,nan
2024-06-07T16:31:08,83.566071,-41.861149,nan
2024-06-07T16:31:08,83.566063,-41.861137,nan
2024-06-07T16:31:07,83.566063,-41.861118,nan
2024-06-07T16:31:07,83.566055,-41.861107,nan
2024-06-07T16:31:06,83.566055,-41.861092,nan
2024-06-07T16:31:06,83.566055,-41.861084,nan
2024-06-07T16:31:05,83.566048,-41.861073,nan
2024-06-07T16:31:05,83.566048,-41.861065,nan
2024-06-07T16:31:04,83.566048,-41.861061,nan
2024-06-07T16:31:04,83.566048,-41.861069,nan
2024-06-07T16:31:03,83.566040,-41.861073,nan
2024-06-07T16:31:03,83.566040,-41.861080,nan
2024-06-07T16:31:02,83.566040,-41.861088,nan
2024-06-07T16:31:02,83.566040,-41.861107,nan
2024-06-07T16:31:01,83.566032,-41.861115,nan
2024-06-07T16:31:01,83.566032,-41.861130,nan
2024-06-07T16:31:00,83.566032,-41.861141,nan
2024-06-07T16:31:00,83.566032,-41.861160,nan
2024-06-07T16:30:59,83.566025,-41.861172,nan
2024-06-07T16:30:59,83.566025,-41.861191,nan
2024-06-07T16:30:58,83.566025,-41.861202,nan
2024-06-07T16:30:58,83.566017,-41.861225,nan
2024-06-07T16:30:57,83.566017,-41.861240,nan
2024-06-07T16:30:57,83.566017,-41.861263,nan
2024-06-07T16:30:56,83.566017,-41.861286,nan
2024-06-07T16:30:56,83.566010,-41.861305,nan
2024-06-07T16:30:55,83.566010,-41.861328,nan
2024-06-07T16:30:55,83.566010,-41.861343,nan
2024-06-07T16:30:54,83.566010,-41.861366,nan
2024-06-07T16:30:54,83.566010,-41.861382,nan
2024-06-07T16:30:53,83.566010,-41.861401,nan
2024-06-07T16:30:53,83.566010,-41.861416,nan
2024-06-07T16:30:52,83.566010,-41.861439,nan
2024-06-07T16:30:52,83.566010,-41.861454,nan
2024-06-07T16:30:51,83.566010,-41.861481,nan
2024-06-07T16:30:51,83.566010,-41.861500,nan
2024-06-07T16:30:50,83.566010,-41.861530,nan
2024-06-07T16:30:50,83.566010,-41.861553,nan
2024-06-07T16:30:49,83.566017,-41.861588,nan
2024-06-07T16:30:49,83.566017,-41.861618,nan
2024-06-07T16:30:48,83.566017,-41.861656,nan
2024-06-07T16:30:48,83.566017,-41.861691,nan
2024-06-07T16:30:47,83.566025,-41.861729,nan
2024-06-07T16:30:47,83.566025,-41.861767,nan
2024-06-07T16:30:46,83.566025,-41.861809,nan
2024-06-07T16:30:46,83.566032,-41.861851,nan
2024-06-07T16:30:45,83.566032,-41.861897,nan
2024-06-07T16:30:45,83.566032,-41.861938,nan
2024-06-07T16:30:44,83.566032,-41.861988,nan
2024-06-07T16:30:44,83.566040,-41.862034,nan
2024-06-07T16:30:43,83.566040,-41.862087,nan
2024-06-07T16:30:43,83.566040,-41.862137,nan
2024-06-07T16:30:42,83.566040,-41.862198,nan
2024-06-07T16:30:42,83.566040,-41.862263,nan
2024-06-07T16:30:41,83.566040,-41.862335,nan
2024-06-07T16:30:41,83.566040,-41.862411,nan
2024-06-07T16:30:40,83.566032,-41.862492,nan
2024-06-07T16:30:40,83.566032,-41.862572,nan
2024-06-07T16:30:39,83.566032,-41.862656,nan
2024-06-07T16:30:39,83.566032,-41.862743,nan
2024-06-07T16:30:38,83.566025,-41.862831,nan
2024-06-07T16:30:38,83.566025,-41.862919,nan
2024-06-07T16:30:37,83.566025,-41.863018,nan
2024-06-07T16:30:37,83.566025,-41.863113,nan
2024-06-07T16:30:36,83.566017,-41.863216,nan
2024-06-07T16:30:36,83.566017,-41.863319,nan
2024-06-07T16:30:35,83.566017,-41.863434,nan
2024-06-07T16:30:35,83.566017,-41.863541,nan
2024-06-07T16:30:34,83.566017,-41.863659,nan
2024-06-07T16:30:34,83.566017,-41.863770,nan
2024-06-07T16:30:33,83.566017,-41.863895,nan
2024-06-07T16:30:33,83.566017,-41.864010,nan
2024-06-07T16:30:32,83.566017,-41.864136,nan
2024-06-07T16:30:32,83.566025,-41.864262,nan
2024-06-07T16:30:31,83.566025,-41.864391,nan
2024-06-07T16:30:31,83.566032,-41.864521,nan
2024-06-07T16:30:30,83.566032,-41.864662,nan
2024-06-07T16:30:30,83.566032,-41.864796,nan
2024-06-07T16:30:29,83.566040,-41.864941,nan
2024-06-07T16:30:29,83.566040,-41.865086,nan
2024-06-07T16:30:28,83.566048,-41.865238,nan
2024-06-07T16:30:28,83.566048,-41.865387,nan
2024-06-07T16:30:27,83.566055,-41.865711,nan
2024-06-07T16:30:26,83.566055,-41.865887,nan
2024-06-07T16:30:26,83.566063,-41.866062,nan
2024-06-07T16:30:25,83.566063,-41.866241,nan
2024-06-07T16:30:25,83.566063,-41.866421,nan
2024-06-07T16:30:24,83.566063,-41.866608,nan
2024-06-07T16:30:24,83.566063,-41.866791,nan
2024-06-07T16:30:23,83.566063,-41.866978,nan
2024-06-07T16:30:23,83.566063,-41.867165,nan
2024-06-07T16:30:22,83.566063,-41.867355,nan
2024-06-07T16:30:22,83.566063,-41.867546,nan
2024-06-07T16:30:21,83.566063,-41.867741,nan
2024-06-07T16:30:21,83.566063,-41.867931,nan
2024-06-07T16:30:20,83.566055,-41.868130,nan
2024-06-07T16:30:20,83.566055,-41.868320,nan
2024-06-07T16:30:19,83.566055,-41.868523,nan
2024-06-07T16:30:19,83.566055,-41.868717,nan
2024-06-07T16:30:18,83.566055,-41.868919,nan
2024-06-07T16:30:18,83.566055,-41.869118,nan
2024-06-07T16:30:17,83.566055,-41.869316,nan
2024-06-07T16:30:17,83.566055,-41.869511,nan
2024-06-07T16:30:16,83.566048,-41.869709,nan
2024-06-07T16:30:16,83.566048,-41.869904,nan
2024-06-07T16:30:15,83.566048,-41.870106,nan
2024-06-07T16:30:14,83.566048,-41.870506,nan
2024-06-07T16:30:14,83.566048,-41.870705,nan
2024-06-07T16:30:13,83.566048,-41.870911,nan
2024-06-07T16:30:13,83.566048,-41.871109,nan
2024-06-07T16:30:12,83.566048,-41.871311,nan
2024-06-07T16:30:12,83.566048,-41.871513,nan
2024-06-07T16:30:11,83.566040,-41.871716,nan
2024-06-07T16:30:11,83.566040,-41.871914,nan
2024-06-07T16:30:10,83.566040,-41.872116,nan
2024-06-07T16:30:10,83.566040,-41.872318,nan
2024-06-07T16:30:09,83.566040,-41.872517,nan
2024-06-07T16:30:09,83.566040,-41.872719,nan
2024-06-07T16:30:08,83.566032,-41.872913,nan
2024-06-07T16:30:08,83.566032,-41.873112,nan
2024-06-07T16:30:07,83.566032,-41.873306,nan
2024-06-07T16:30:07,83.566032,-41.873505,nan
2024-06-07T16:30:06,83.566032,-41.873699,nan
2024-06-07T16:30:06,83.566032,-41.873901,nan
2024-06-07T16:30:05,83.566032,-41.874100,nan
2024-06-07T16:30:05,83.566025,-41.874306,nan
2024-06-07T16:30:04,83.566025,-41.874508,nan
2024-06-07T16:30:04,83.566025,-41.874714,nan
2024-06-07T16:30:03,83.566025,-41.874920,nan
2024-06-07T16:30:03,83.566025,-41.875122,nan
2024-06-07T16:30:02,83.566025,-41.875320,nan
2024-06-07T16:30:02,83.566017,-41.875515,nan
2024-06-07T16:30:01,83.566017,-41.875706,nan
2024-06-07T16:30:01,83.566010,-41.875896,nan
2024-06-07T16:30:00,83.566010,-41.876083,nan
2024-06-07T16:30:00,83.566010,-41.876274,nan
2024-06-07T16:29:59,83.566002,-41.876465,nan
2024-06-07T16:29:59,83.566002,-41.876648,nan
2024-06-07T16:29:58,83.565994,-41.876835,nan
2024-06-07T16:29:58,83.565994,-41.877018,nan
2024-06-07T16:29:57,83.565987,-41.877209,nan
2024-06-07T16:29:57,83.565987,-41.877392,nan
2024-06-07T16:29:56,83.565979,-41.877583,nan
2024-06-07T16:29:56,83.565971,-41.877769,nan
2024-06-07T16:29:55,83.565964,-41.877960,nan
2024-06-07T16:29:55,83.565964,-41.878147,nan
2024-06-07T16:29:54,83.565956,-41.878342,nan
2024-06-07T16:29:54,83.565948,-41.878532,nan
2024-06-07T16:29:53,83.565941,-41.878735,nan
2024-06-07T16:29:53,83.565933,-41.878933,nan
2024-06-07T16:29:52,83.565926,-41.879143,nan
2024-06-07T16:29:52,83.565918,-41.879345,nan
2024-06-07T16:29:51,83.565910,-41.879555,nan
2024-06-07T16:29:51,83.565903,-41.879768,nan
2024-06-07T16:29:50,83.565887,-41.879974,nan
2024-06-07T16:29:50,83.565880,-41.880192,nan
2024-06-07T16:29:49,83.565872,-41.880402,nan
2024-06-07T16:29:49,83.565857,-41.880615,nan
2024-06-07T16:29:48,83.565849,-41.880833,nan
2024-06-07T16:29:48,83.565842,-41.881054,nan
2024-06-07T16:29:47,83.565826,-41.881268,nan
2024-06-07T16:29:47,83.565819,-41.881493,nan
2024-06-07T16:29:46,83.565804,-41.881706,nan
2024-06-07T16:29:46,83.565796,-41.881927,nan
2024-06-07T16:29:45,83.565781,-41.882141,nan
2024-06-07T16:29:45,83.565773,-41.882370,nan
2024-06-07T16:29:44,83.565758,-41.882595,nan
2024-06-07T16:29:44,83.565750,-41.882828,nan
2024-06-07T16:29:43,83.565735,-41.883060,nan
2024-06-07T16:29:43,83.565727,-41.883301,nan
2024-06-07T16:29:42,83.565712,-41.883537,nan
2024-06-07T16:29:42,83.565697,-41.883774,nan
2024-06-07T16:29:41,83.565689,-41.884010,nan
2024-06-07T16:29:41,83.565674,-41.884251,nan
2024-06-07T16:29:40,83.565659,-41.884499,nan
2024-06-07T16:29:40,83.565643,-41.884743,nan
2024-06-07T16:29:39,83.565628,-41.884998,nan
2024-06-07T16:29:39,83.565613,-41.885250,nan
2024-06-07T16:29:38,83.565598,-41.885517,nan
2024-06-07T16:29:38,83.565582,-41.885780,nan
2024-06-07T16:29:37,83.565567,-41.886055,nan
2024-06-07T16:29:37,83.565552,-41.886330,nan
2024-06-07T16:29:36,83.565536,-41.886612,nan
2024-06-07T16:29:36,83.565521,-41.886890,nan
2024-06-07T16:29:35,83.565506,-41.887173,nan
2024-06-07T16:29:35,83.565498,-41.887459,nan
2024-06-07T16:29:34,83.565483,-41.887745,nan
2024-06-07T16:29:34,83.565468,-41.888031,nan
2024-06-07T16:29:33,83.565460,-41.888309,nan
2024-06-07T16:29:33,83.565445,-41.888596,nan
2024-06-07T16:29:32,83.565430,-41.888870,nan
2024-06-07T16:29:32,83.565422,-41.889153,nan
2024-06-07T16:29:31,83.565407,-41.889420,nan
2024-06-07T16:29:31,83.565399,-41.889690,nan
2024-06-07T16:29:30,83.565392,-41.889954,nan
2024-06-07T16:29:30,83.565376,-41.890221,nan
2024-06-07T16:29:29,83.565369,-41.890472,nan
2024-06-07T16:29:29,83.565353,-41.890724,nan
2024-06-07T16:29:28,83.565346,-41.890976,nan
2024-06-07T16:29:28,83.565338,-41.891224,nan
2024-06-07T16:29:27,83.565323,-41.891464,nan
2024-06-07T16:29:27,83.565315,-41.891705,nan
2024-06-07T16:29:26,83.565300,-41.891941,nan
2024-06-07T16:29:26,83.565292,-41.892166,nan
2024-06-07T16:29:25,83.565285,-41.892395,nan
2024-06-07T16:29:25,83.565269,-41.892612,nan
2024-06-07T16:29:24,83.565254,-41.892834,nan
2024-06-07T16:29:24,83.565247,-41.893044,nan
2024-06-07T16:29:23,83.565231,-41.893257,nan
2024-06-07T16:29:23,83.565224,-41.893467,nan
2024-06-07T16:29:22,83.565208,-41.893681,nan
2024-06-07T16:29:22,83.565201,-41.893890,nan
2024-06-07T16:29:21,83.565186,-41.894096,nan
2024-06-07T16:29:21,83.565170,-41.894306,nan
2024-06-07T16:29:20,83.565155,-41.894512,nan
2024-06-07T16:29:20,83.565147,-41.894726,nan
2024-06-07T16:29:19,83.565132,-41.894936,nan
2024-06-07T16:29:19,83.565117,-41.895157,nan
2024-06-07T16:29:18,83.565102,-41.895374,nan
2024-06-07T16:29:18,83.565086,-41.895599,nan
2024-06-07T16:29:17,83.565079,-41.895828,nan
2024-06-07T16:29:17,83.565063,-41.896065,nan
2024-06-07T16:29:16,83.565048,-41.896297,nan
2024-06-07T16:29:16,83.565041,-41.896538,nan
2024-06-07T16:29:15,83.565025,-41.896786,nan
2024-06-07T16:29:15,83.565018,-41.897030,nan
2024-06-07T16:29:14,83.565002,-41.897285,nan
2024-06-07T16:29:14,83.564995,-41.897537,nan
2024-06-07T16:29:13,83.564980,-41.897800,nan
2024-06-07T16:29:13,83.564972,-41.898056,nan
2024-06-07T16:29:12,83.564964,-41.898319,nan
2024-06-07T16:29:12,83.564957,-41.898575,nan
2024-06-07T16:29:11,83.564949,-41.898830,nan
2024-06-07T16:29:11,83.564941,-41.899094,nan
2024-06-07T16:29:10,83.564934,-41.899345,nan
2024-06-07T16:29:10,83.564926,-41.899609,nan
2024-06-07T16:29:09,83.564919,-41.899860,nan
2024-06-07T16:29:09,83.564911,-41.900120,nan
2024-06-07T16:29:08,83.564903,-41.900372,nan
2024-06-07T16:29:08,83.564896,-41.900631,nan
2024-06-07T16:29:07,83.564888,-41.900883,nan
2024-06-07T16:29:07,83.564880,-41.901138,nan
2024-06-07T16:29:06,83.564873,-41.901390,nan
2024-06-07T16:29:06,83.564865,-41.901642,nan
2024-06-07T16:29:05,83.564857,-41.901897,nan
2024-06-07T16:29:05,83.564850,-41.902149,nan
2024-06-07T16:29:04,83.564842,-41.902409,nan
2024-06-07T16:29:04,83.564835,-41.902664,nan
2024-06-07T16:29:03,83.564819,-41.902927,nan
2024-06-07T16:29:03,83.564812,-41.903187,nan
2024-06-07T16:29:02,83.564804,-41.903446,nan
2024-06-07T16:29:02,83.564796,-41.903706,nan
2024-06-07T16:29:01,83.564789,-41.903965,nan
2024-06-07T16:29:01,83.564781,-41.904228,nan
2024-06-07T16:29:00,83.564774,-41.904488,nan
2024-06-07T16:29:00,83.564766,-41.904755,nan
2024-06-07T16:28:59,83.564758,-41.905018,nan
2024-06-07T16:28:59,83.564751,-41.905285,nan
2024-06-07T16:28:58,83.564751,-41.905552,nan
2024-06-07T16:28:58,83.564735,-41.905819,nan
2024-06-07T16:28:57,83.564735,-41.906094,nan
2024-06-07T16:28:57,83.564728,-41.906368,nan
2024-06-07T16:28:56,83.564720,-41.906654,nan
2024-06-07T16:28:56,83.564705,-41.906937,nan
2024-06-07T16:28:55,83.564697,-41.907230,nan
2024-06-07T16:28:55,83.564690,-41.907520,nan
2024-06-07T16:28:54,83.564682,-41.907822,nan
2024-06-07T16:28:54,83.564674,-41.908123,nan
2024-06-07T16:28:53,83.564667,-41.908432,nan
2024-06-07T16:28:53,83.564659,-41.908741,nan
2024-06-07T16:28:52,83.564651,-41.909050,nan
2024-06-07T16:28:52,83.564636,-41.909374,nan
2024-06-07T16:28:51,83.564629,-41.909695,nan
2024-06-07T16:28:51,83.564621,-41.910030,nan
2024-06-07T16:28:50,83.564613,-41.910362,nan
2024-06-07T16:28:50,83.564606,-41.910709,nan
2024-06-07T16:28:49,83.564598,-41.911068,nan
2024-06-07T16:28:49,83.564590,-41.911430,nan
2024-06-07T16:28:48,83.564575,-41.911804,nan
2024-06-07T16:28:48,83.564568,-41.912174,nan
2024-06-07T16:28:47,83.564560,-41.912556,nan
2024-06-07T16:28:47,83.564552,-41.912930,nan
2024-06-07T16:28:46,83.564545,-41.913311,nan
2024-06-07T16:28:46,83.564537,-41.913696,nan
2024-06-07T16:28:45,83.564529,-41.914078,nan
2024-06-07T16:28:45,83.564522,-41.914471,nan
2024-06-07T16:28:44,83.564514,-41.914856,nan
2024-06-07T16:28:44,83.564507,-41.915245,nan
2024-06-07T16:28:43,83.564499,-41.915630,nan
2024-06-07T16:28:43,83.564484,-41.916019,nan
2024-06-07T16:28:42,83.564476,-41.916416,nan
2024-06-07T16:28:42,83.564468,-41.916805,nan
2024-06-07T16:28:41,83.564461,-41.917210,nan
2024-06-07T16:28:41,83.564453,-41.917603,nan
2024-06-07T16:28:40,83.564445,-41.918007,nan
2024-06-07T16:28:40,83.564438,-41.918407,nan
2024-06-07T16:28:39,83.564430,-41.918812,nan
2024-06-07T16:28:39,83.564423,-41.919220,nan
2024-06-07T16:28:38,83.564415,-41.919628,nan
2024-06-07T16:28:38,83.564407,-41.920040,nan
2024-06-07T16:28:37,83.564400,-41.920452,nan
2024-06-07T16:28:37,83.564392,-41.920864,nan
2024-06-07T16:28:36,83.564384,-41.921284,nan
2024-06-07T16:28:36,83.564377,-41.921700,nan
2024-06-07T16:28:35,83.564369,-41.922119,nan
2024-06-07T16:28:35,83.564362,-41.922543,nan
2024-06-07T16:28:34,83.564354,-41.922966,nan
2024-06-07T16:28:34,83.564346,-41.923397,nan
2024-06-07T16:28:33,83.564339,-41.923828,nan
2024-06-07T16:28:33,83.564331,-41.924267,nan
2024-06-07T16:28:32,83.564323,-41.924706,nan
2024-06-07T16:28:32,83.564316,-41.925156,nan
2024-06-07T16:28:31,83.564308,-41.925610,nan
2024-06-07T16:28:31,83.564301,-41.926064,nan
2024-06-07T16:28:30,83.564285,-41.926525,nan
2024-06-07T16:28:30,83.564278,-41.926987,nan
2024-06-07T16:28:29,83.564262,-41.927460,nan
2024-06-07T16:28:29,83.564247,-41.927929,nan
2024-06-07T16:28:28,83.564240,-41.928406,nan
2024-06-07T16:28:28,83.564224,-41.928879,nan
2024-06-07T16:28:27,83.564209,-41.929356,nan
2024-06-07T16:28:27,83.564194,-41.929840,nan
2024-06-07T16:28:26,83.564178,-41.930321,nan
2024-06-07T16:28:26,83.564156,-41.930809,nan
2024-06-07T16:28:25,83.564140,-41.931290,nan
2024-06-07T16:28:25,83.564125,-41.931778,nan
2024-06-07T16:28:24,83.564110,-41.932262,nan
2024-06-07T16:28:24,83.564087,-41.932751,nan
2024-06-07T16:28:23,83.564072,-41.933239,nan
2024-06-07T16:28:23,83.564056,-41.933720,nan
2024-06-07T16:28:22,83.564034,-41.934212,nan
2024-06-07T16:28:22,83.564018,-41.934692,nan
2024-06-07T16:28:21,83.564003,-41.935184,nan
2024-06-07T16:28:21,83.563988,-41.935673,nan
2024-06-07T16:28:20,83.563965,-41.936157,nan
2024-06-07T16:28:20,83.563950,-41.936653,nan
2024-06-07T16:28:19,83.563934,-41.937141,nan
2024-06-07T16:28:19,83.563919,-41.937630,nan
2024-06-07T16:28:18,83.563896,-41.938126,nan
2024-06-07T16:28:18,83.563881,-41.938614,nan
2024-06-07T16:28:17,83.563866,-41.939110,nan
2024-06-07T16:28:17,83.563850,-41.939594,nan
2024-06-07T16:28:16,83.563828,-41.940086,nan
2024-06-07T16:28:16,83.563812,-41.940578,nan
2024-06-07T16:28:15,83.563797,-41.941067,nan
2024-06-07T16:28:15,83.563782,-41.941563,nan
2024-06-07T16:28:14,83.563766,-41.942047,nan
2024-06-07T16:28:14,83.563751,-41.942543,nan
2024-06-07T16:28:13,83.563736,-41.943031,nan
2024-06-07T16:28:13,83.563721,-41.943523,nan
2024-06-07T16:28:12,83.563713,-41.944019,nan
2024-06-07T16:28:12,83.563698,-41.944515,nan
2024-06-07T16:28:11,83.563683,-41.945019,nan
2024-06-07T16:28:11,83.563675,-41.945522,nan
2024-06-07T16:28:10,83.563660,-41.946030,nan
2024-06-07T16:28:10,83.563652,-41.946541,nan
2024-06-07T16:28:09,83.563637,-41.947056,nan
2024-06-07T16:28:09,83.563629,-41.947578,nan
2024-06-07T16:28:08,83.563614,-41.948101,nan
2024-06-07T16:28:08,83.563606,-41.948643,nan
2024-06-07T16:28:07,83.563599,-41.949181,nan
2024-06-07T16:28:07,83.563583,-41.949738,nan
2024-06-07T16:28:06,83.563576,-41.950302,nan
2024-06-07T16:28:06,83.563568,-41.950878,nan
2024-06-07T16:28:05,83.563553,-41.951462,nan
2024-06-07T16:28:05,83.563545,-41.952042,nan
2024-06-07T16:28:04,83.563538,-41.952633,nan
2024-06-07T16:28:04,83.563522,-41.953224,nan
2024-06-07T16:28:03,83.563515,-41.953819,nan
2024-06-07T16:28:03,83.563507,-41.954414,nan
2024-06-07T16:28:02,83.563492,-41.955013,nan
2024-06-07T16:28:02,83.563484,-41.955612,nan
2024-06-07T16:28:01,83.563469,-41.956215,nan
2024-06-07T16:28:01,83.563461,-41.956821,nan
2024-06-07T16:28:00,83.563446,-41.957424,nan
2024-06-07T16:28:00,83.563431,-41.958031,nan
2024-06-07T16:27:59,83.563423,-41.958641,nan
2024-06-07T16:27:59,83.563408,-41.959248,nan
2024-06-07T16:27:58,83.563393,-41.959862,nan
2024-06-07T16:27:58,83.563377,-41.960464,nan
2024-06-07T16:27:57,83.563370,-41.961079,nan
2024-06-07T16:27:57,83.563354,-41.961689,nan
2024-06-07T16:27:56,83.563339,-41.962296,nan
2024-06-07T16:27:56,83.563324,-41.962910,nan
2024-06-07T16:27:55,83.563309,-41.963520,nan
2024-06-07T16:27:55,83.563293,-41.964134,nan
2024-06-07T16:27:54,83.563278,-41.964745,nan
2024-06-07T16:27:54,83.563263,-41.965359,nan
2024-06-07T16:27:53,83.563248,-41.965981,nan
2024-06-07T16:27:53,83.563232,-41.966599,nan
2024-06-07T16:27:52,83.563210,-41.967224,nan
2024-06-07T16:27:52,83.563194,-41.967846,nan
2024-06-07T16:27:51,83.563179,-41.968468,nan
2024-06-07T16:27:51,83.563164,-41.969093,nan
2024-06-07T16:27:50,83.563148,-41.969719,nan
2024-06-07T16:27:50,83.563133,-41.970352,nan
2024-06-07T16:27:49,83.563118,-41.970982,nan
2024-06-07T16:27:49,83.563103,-41.971619,nan
2024-06-07T16:27:48,83.563087,-41.972263,nan
2024-06-07T16:27:48,83.563072,-41.972900,nan
2024-06-07T16:27:47,83.563057,-41.973549,nan
2024-06-07T16:27:47,83.563042,-41.974197,nan
2024-06-07T16:27:46,83.563026,-41.974846,nan
2024-06-07T16:27:46,83.563011,-41.975498,nan
2024-06-07T16:27:45,83.562996,-41.976147,nan
2024-06-07T16:27:45,83.562981,-41.976795,nan
2024-06-07T16:27:44,83.562965,-41.977455,nan
2024-06-07T16:27:44,83.562950,-41.978107,nan
2024-06-07T16:27:43,83.562935,-41.978767,nan
2024-06-07T16:27:43,83.562920,-41.979427,nan
2024-06-07T16:27:42,83.562904,-41.980083,nan
2024-06-07T16:27:42,83.562881,-41.980751,nan
2024-06-07T16:27:41,83.562866,-41.981407,nan
2024-06-07T16:27:41,83.562851,-41.982075,nan
2024-06-07T16:27:40,83.562836,-41.982738,nan
2024-06-07T16:27:40,83.562813,-41.983398,nan
2024-06-07T16:27:39,83.562790,-41.984066,nan
2024-06-07T16:27:39,83.562775,-41.984734,nan
2024-06-07T16:27:38,83.562752,-41.985397,nan
2024-06-07T16:27:38,83.562729,-41.986069,nan
2024-06-07T16:27:37,83.562714,-41.986736,nan
2024-06-07T16:27:37,83.562691,-41.987408,nan
2024-06-07T16:27:36,83.562668,-41.988083,nan
2024-06-07T16:27:36,83.562645,-41.988750,nan
2024-06-07T16:27:35,83.562630,-41.989426,nan
2024-06-07T16:27:35,83.562607,-41.990093,nan
2024-06-07T16:27:34,83.562584,-41.990765,nan
2024-06-07T16:27:34,83.562561,-41.991440,nan
2024-06-07T16:27:33,83.562538,-41.992111,nan
2024-06-07T16:27:33,83.562515,-41.992783,nan
2024-06-07T16:27:32,83.562492,-41.993458,nan
2024-06-07T16:27:32,83.562477,-41.994125,nan
2024-06-07T16:27:31,83.562454,-41.994804,nan
2024-06-07T16:27:31,83.562431,-41.995476,nan
2024-06-07T16:27:30,83.562408,-41.996143,nan
2024-06-07T16:27:30,83.562386,-41.996819,nan
2024-06-07T16:27:29,83.562370,-41.997482,nan
2024-06-07T16:27:29,83.562347,-41.998154,nan
2024-06-07T16:27:28,83.562332,-41.998817,nan
2024-06-07T16:27:28,83.562309,-41.999485,nan
2024-06-07T16:27:27,83.562286,-42.000149,nan
2024-06-07T16:27:27,83.562271,-42.000809,nan
2024-06-07T16:27:26,83.562248,-42.001472,nan
2024-06-07T16:27:26,83.562233,-42.002129,nan
2024-06-07T16:27:25,83.562218,-42.002789,nan
2024-06-07T16:27:25,83.562195,-42.003452,nan
2024-06-07T16:27:24,83.562180,-42.004108,nan
2024-06-07T16:27:24,83.562164,-42.004768,nan
2024-06-07T16:27:23,83.562141,-42.005428,nan
2024-06-07T16:27:23,83.562126,-42.006084,nan
2024-06-07T16:27:22,83.562111,-42.006744,nan
2024-06-07T16:27:22,83.562088,-42.007401,nan
2024-06-07T16:27:21,83.562073,-42.008060,nan
2024-06-07T16:27:21,83.562057,-42.008720,nan
2024-06-07T16:27:20,83.562035,-42.009377,nan
2024-06-07T16:27:20,83.562019,-42.010040,nan
2024-06-07T16:27:19,83.561996,-42.010700,nan
2024-06-07T16:27:19,83.561981,-42.011364,nan
2024-06-07T16:27:18,83.561958,-42.012032,nan
2024-06-07T16:27:18,83.561935,-42.012691,nan
2024-06-07T16:27:17,83.561920,-42.013359,nan
2024-06-07T16:27:17,83.561897,-42.014019,nan
2024-06-07T16:27:16,83.561874,-42.014687,nan
2024-06-07T16:27:16,83.561852,-42.015347,nan
2024-06-07T16:27:15,83.561836,-42.016006,nan
2024-06-07T16:27:15,83.561813,-42.016670,nan
2024-06-07T16:27:14,83.561790,-42.017338,nan
2024-06-07T16:27:14,83.561768,-42.017998,nan
2024-06-07T16:27:13,83.561745,-42.018669,nan
2024-06-07T16:27:13,83.561729,-42.019333,nan
2024-06-07T16:27:12,83.561707,-42.020004,nan
2024-06-07T16:27:12,83.561684,-42.020676,nan
2024-06-07T16:27:11,83.561661,-42.021343,nan
2024-06-07T16:27:11,83.561638,-42.022018,nan
2024-06-07T16:27:10,83.561615,-42.022690,nan
2024-06-07T16:27:10,83.561592,-42.023361,nan
2024-06-07T16:27:09,83.561569,-42.024033,nan
2024-06-07T16:27:09,83.561546,-42.024700,nan
2024-06-07T16:27:08,83.561523,-42.025372,nan
2024-06-07T16:27:08,83.561501,-42.026039,nan
2024-06-07T16:27:07,83.561478,-42.026707,nan
2024-06-07T16:27:07,83.561455,-42.027378,nan
2024-06-07T16:27:06,83.561424,-42.028042,nan
2024-06-07T16:27:06,83.561401,-42.028709,nan
2024-06-07T16:27:05,83.561378,-42.029381,nan
2024-06-07T16:27:05,83.561356,-42.030048,nan
2024-06-07T16:27:04,83.561333,-42.030720,nan
2024-06-07T16:27:04,83.561310,-42.031387,nan
2024-06-07T16:27:03,83.561287,-42.032063,nan
2024-06-07T16:27:03,83.561264,-42.032734,nan
2024-06-07T16:27:02,83.561241,-42.033409,nan
2024-06-07T16:27:02,83.561218,-42.034084,nan
2024-06-07T16:27:01,83.561195,-42.034756,nan
2024-06-07T16:27:01,83.561172,-42.035435,nan
2024-06-07T16:27:00,83.561150,-42.036106,nan
2024-06-07T16:27:00,83.561127,-42.036777,nan
2024-06-07T16:26:59,83.561104,-42.037453,nan
2024-06-07T16:26:59,83.561089,-42.038124,nan
2024-06-07T16:26:58,83.561066,-42.038799,nan
2024-06-07T16:26:58,83.561043,-42.039471,nan
2024-06-07T16:26:57,83.561012,-42.040146,nan
2024-06-07T16:26:57,83.560989,-42.040817,nan
2024-06-07T16:26:56,83.560966,-42.041485,nan
2024-06-07T16:26:56,83.560944,-42.042160,nan
2024-06-07T16:26:55,83.560921,-42.042831,nan
2024-06-07T16:26:55,83.560898,-42.043499,nan
2024-06-07T16:26:54,83.560875,-42.044170,nan
2024-06-07T16:26:54,83.560852,-42.044842,nan
2024-06-07T16:26:53,83.560829,-42.045506,nan
2024-06-07T16:26:53,83.560806,-42.046181,nan
2024-06-07T16:26:52,83.560783,-42.046852,nan
2024-06-07T16:26:52,83.560760,-42.047527,nan
2024-06-07T16:26:51,83.560738,-42.048206,nan
2024-06-07T16:26:51,83.560715,-42.048885,nan
2024-06-07T16:26:50,83.560692,-42.049561,nan
2024-06-07T16:26:50,83.560669,-42.050243,nan
2024-06-07T16:26:49,83.560646,-42.050922,nan
2024-06-07T16:26:49,83.560616,-42.051605,nan
2024-06-07T16:26:48,83.560593,-42.052288,nan
2024-06-07T16:26:48,83.560570,-42.052971,nan
2024-06-07T16:26:47,83.560547,-42.053658,nan
2024-06-07T16:26:47,83.560524,-42.054333,nan
2024-06-07T16:26:46,83.560501,-42.055019,nan
2024-06-07T16:26:46,83.560478,-42.055702,nan
2024-06-07T16:26:45,83.560455,-42.056377,nan
2024-06-07T16:26:45,83.560432,-42.057056,nan
2024-06-07T16:26:44,83.560417,-42.057732,nan
2024-06-07T16:26:44,83.560394,-42.058407,nan
2024-06-07T16:26:43,83.560371,-42.059086,nan
2024-06-07T16:26:43,83.560349,-42.059753,nan
2024-06-07T16:26:42,83.560326,-42.060432,nan
2024-06-07T16:26:42,83.560303,-42.061100,nan
2024-06-07T16:26:41,83.560280,-42.061775,nan
2024-06-07T16:26:41,83.560257,-42.062443,nan
2024-06-07T16:26:40,83.560234,-42.063114,nan
2024-06-07T16:26:40,83.560211,-42.063789,nan
2024-06-07T16:26:39,83.560188,-42.064461,nan
2024-06-07T16:26:39,83.560165,-42.065132,nan
2024-06-07T16:26:38,83.560143,-42.065807,nan
2024-06-07T16:26:38,83.560120,-42.066479,nan
2024-06-07T16:26:37,83.560097,-42.067154,nan
2024-06-07T16:26:37,83.560074,-42.067825,nan
2024-06-07T16:26:36,83.560059,-42.068493,nan
2024-06-07T16:26:36,83.560036,-42.069164,nan
2024-06-07T16:26:35,83.560013,-42.069832,nan
2024-06-07T16:26:35,83.559990,-42.070496,nan
2024-06-07T16:26:34,83.559967,-42.071167,nan
2024-06-07T16:26:34,83.559944,-42.071831,nan
2024-06-07T16:26:33,83.559921,-42.072502,nan
2024-06-07T16:26:33,83.559898,-42.073174,nan
2024-06-07T16:26:32,83.559875,-42.073841,nan
2024-06-07T16:26:32,83.559853,-42.074509,nan
2024-06-07T16:26:31,83.559830,-42.075184,nan
2024-06-07T16:26:31,83.559807,-42.075851,nan
2024-06-07T16:26:30,83.559784,-42.076527,nan
2024-06-07T16:26:30,83.559761,-42.077202,nan
2024-06-07T16:26:29,83.559738,-42.077881,nan
2024-06-07T16:26:29,83.559715,-42.078560,nan
2024-06-07T16:26:28,83.559700,-42.079239,nan
2024-06-07T16:26:28,83.559677,-42.079914,nan
2024-06-07T16:26:27,83.559654,-42.080597,nan
2024-06-07T16:26:27,83.559631,-42.081276,nan
2024-06-07T16:26:26,83.559608,-42.081963,nan
2024-06-07T16:26:26,83.559586,-42.082642,nan
2024-06-07T16:26:25,83.559563,-42.083317,nan
2024-06-07T16:26:25,83.559547,-42.084003,nan
2024-06-07T16:26:24,83.559525,-42.084682,nan
2024-06-07T16:26:24,83.559502,-42.085369,nan
2024-06-07T16:26:23,83.559479,-42.086060,nan
2024-06-07T16:26:23,83.559456,-42.086746,nan
2024-06-07T16:26:22,83.559433,-42.087437,nan
2024-06-07T16:26:22,83.559410,-42.088135,nan
2024-06-07T16:26:21,83.559387,-42.088833,nan
2024-06-07T16:26:21,83.559364,-42.089535,nan
2024-06-07T16:26:20,83.559341,-42.090240,nan
2024-06-07T16:26:20,83.559319,-42.090946,nan
2024-06-07T16:26:19,83.559296,-42.091656,nan
2024-06-07T16:26:19,83.559265,-42.092365,nan
2024-06-07T16:26:18,83.559242,-42.093075,nan
2024-06-07T16:26:18,83.559219,-42.093788,nan
2024-06-07T16:26:17,83.559196,-42.094505,nan
2024-06-07T16:26:17,83.559174,-42.095219,nan
2024-06-07T16:26:16,83.559151,-42.095940,nan
2024-06-07T16:26:16,83.559128,-42.096661,nan
2024-06-07T16:26:15,83.559105,-42.097385,nan
2024-06-07T16:26:15,83.559082,-42.098118,nan
2024-06-07T16:26:14,83.559059,-42.098843,nan
2024-06-07T16:26:14,83.559036,-42.099567,nan
2024-06-07T16:26:13,83.559013,-42.100296,nan
2024-06-07T16:26:13,83.558990,-42.101017,nan
2024-06-07T16:26:12,83.558968,-42.101742,nan
2024-06-07T16:26:12,83.558952,-42.102463,nan
2024-06-07T16:26:11,83.558929,-42.103184,nan
2024-06-07T16:26:11,83.558907,-42.103905,nan
2024-06-07T16:26:10,83.558884,-42.104622,nan
2024-06-07T16:26:10,83.558861,-42.105335,nan
2024-06-07T16:26:09,83.558838,-42.106052,nan
2024-06-07T16:26:09,83.558815,-42.106773,nan
2024-06-07T16:26:08,83.558792,-42.107487,nan
2024-06-07T16:26:08,83.558769,-42.108208,nan
2024-06-07T16:26:07,83.558746,-42.108925,nan
2024-06-07T16:26:07,83.558723,-42.109646,nan
2024-06-07T16:26:06,83.558693,-42.110371,nan
2024-06-07T16:26:06,83.558670,-42.111099,nan
2024-06-07T16:26:05,83.558647,-42.111824,nan
2024-06-07T16:26:05,83.558624,-42.112556,nan
2024-06-07T16:26:04,83.558601,-42.113289,nan
2024-06-07T16:26:04,83.558571,-42.114021,nan
2024-06-07T16:26:03,83.558548,-42.114765,nan
2024-06-07T16:26:03,83.558525,-42.115501,nan
2024-06-07T16:26:02,83.558502,-42.116245,nan
2024-06-07T16:26:02,83.558479,-42.117001,nan
2024-06-07T16:26:01,83.558456,-42.117752,nan
2024-06-07T16:26:01,83.558441,-42.118504,nan
2024-06-07T16:26:00,83.558418,-42.119267,nan
2024-06-07T16:26:00,83.558395,-42.120029,nan
2024-06-07T16:25:59,83.558372,-42.120796,nan
2024-06-07T16:25:59,83.558350,-42.121574,nan
2024-06-07T16:25:58,83.558327,-42.122349,nan
2024-06-07T16:25:58,83.558304,-42.123131,nan
2024-06-07T16:25:57,83.558281,-42.123920,nan
2024-06-07T16:25:57,83.558258,-42.124710,nan
2024-06-07T16:25:56,83.558235,-42.125500,nan
2024-06-07T16:25:56,83.558212,-42.126301,nan
2024-06-07T16:25:55,83.558189,-42.127094,nan
2024-06-07T16:25:55,83.558159,-42.127892,nan
2024-06-07T16:25:54,83.558136,-42.128693,nan
2024-06-07T16:25:54,83.558113,-42.129494,nan
2024-06-07T16:25:53,83.558083,-42.130291,nan
2024-06-07T16:25:53,83.558060,-42.131096,nan
2024-06-07T16:25:52,83.558037,-42.131893,nan
2024-06-07T16:25:52,83.558006,-42.132694,nan
2024-06-07T16:25:51,83.557983,-42.133499,nan
2024-06-07T16:25:51,83.557961,-42.134300,nan
2024-06-07T16:25:50,83.557930,-42.135101,nan
2024-06-07T16:25:50,83.557907,-42.135906,nan
2024-06-07T16:25:49,83.557877,-42.136711,nan
2024-06-07T16:25:49,83.557854,-42.137512,nan
2024-06-07T16:25:48,83.557823,-42.138321,nan
2024-06-07T16:25:48,83.557800,-42.139130,nan
2024-06-07T16:25:47,83.557770,-42.139938,nan
2024-06-07T16:25:47,83.557747,-42.140755,nan
2024-06-07T16:25:46,83.557716,-42.141567,nan
2024-06-07T16:25:46,83.557693,-42.142384,nan
2024-06-07T16:25:45,83.557663,-42.143208,nan
2024-06-07T16:25:45,83.557632,-42.144035,nan
2024-06-07T16:25:44,83.557610,-42.144859,nan
2024-06-07T16:25:44,83.557579,-42.145699,nan
2024-06-07T16:25:43,83.557556,-42.146538,nan
2024-06-07T16:25:43,83.557526,-42.147377,nan
2024-06-07T16:25:42,83.557503,-42.148228,nan
2024-06-07T16:25:42,83.557472,-42.149086,nan
2024-06-07T16:25:41,83.557449,-42.149940,nan
2024-06-07T16:25:41,83.557426,-42.150806,nan
2024-06-07T16:25:40,83.557404,-42.151676,nan
2024-06-07T16:25:40,83.557381,-42.152550,nan
2024-06-07T16:25:39,83.557358,-42.153423,nan
2024-06-07T16:25:39,83.557335,-42.154308,nan
2024-06-07T16:25:38,83.557312,-42.155190,nan
2024-06-07T16:25:38,83.557289,-42.156078,nan
2024-06-07T16:25:37,83.557274,-42.156975,nan
2024-06-07T16:25:37,83.557251,-42.157871,nan
2024-06-07T16:25:36,83.557236,-42.158772,nan
2024-06-07T16:25:36,83.557213,-42.159672,nan
2024-06-07T16:25:35,83.557198,-42.160580,nan
2024-06-07T16:25:35,83.557175,-42.161484,nan
2024-06-07T16:25:34,83.557159,-42.162392,nan
2024-06-07T16:25:34,83.557137,-42.163303,nan
2024-06-07T16:25:33,83.557121,-42.164215,nan
2024-06-07T16:25:33,83.557106,-42.165127,nan
2024-06-07T16:25:32,83.557083,-42.166046,nan
2024-06-07T16:25:32,83.557068,-42.166962,nan
2024-06-07T16:25:31,83.557045,-42.167889,nan
2024-06-07T16:25:31,83.557030,-42.168812,nan
2024-06-07T16:25:30,83.557007,-42.169739,nan
2024-06-07T16:25:30,83.556992,-42.170673,nan
2024-06-07T16:25:29,83.556969,-42.171608,nan
2024-06-07T16:25:29,83.556946,-42.172546,nan
2024-06-07T16:25:28,83.556923,-42.173492,nan
2024-06-07T16:25:28,83.556900,-42.174438,nan
2024-06-07T16:25:27,83.556877,-42.175392,nan
2024-06-07T16:25:27,83.556854,-42.176353,nan
2024-06-07T16:25:26,83.556831,-42.177319,nan
2024-06-07T16:25:26,83.556808,-42.178284,nan
2024-06-07T16:25:25,83.556786,-42.179260,nan
2024-06-07T16:25:25,83.556755,-42.180244,nan
2024-06-07T16:25:24,83.556732,-42.181225,nan
2024-06-07T16:25:24,83.556709,-42.182217,nan
2024-06-07T16:25:23,83.556686,-42.183205,nan
2024-06-07T16:25:23,83.556664,-42.184193,nan
2024-06-07T16:25:22,83.556641,-42.185192,nan
2024-06-07T16:25:22,83.556618,-42.186192,nan
2024-06-07T16:25:21,83.556587,-42.187191,nan
2024-06-07T16:25:21,83.556564,-42.188202,nan
2024-06-07T16:25:20,83.556541,-42.189213,nan
2024-06-07T16:25:20,83.556519,-42.190224,nan
2024-06-07T16:25:19,83.556488,-42.191238,nan
2024-06-07T16:25:19,83.556458,-42.192257,nan
2024-06-07T16:25:18,83.556435,-42.193275,nan
2024-06-07T16:25:18,83.556404,-42.194294,nan
2024-06-07T16:25:17,83.556381,-42.195316,nan
2024-06-07T16:25:17,83.556351,-42.196342,nan
2024-06-07T16:25:16,83.556320,-42.197365,nan
2024-06-07T16:25:16,83.556297,-42.198399,nan
2024-06-07T16:25:15,83.556267,-42.199429,nan
2024-06-07T16:25:15,83.556236,-42.200459,nan
2024-06-07T16:25:14,83.556213,-42.201492,nan
2024-06-07T16:25:14,83.556183,-42.202530,nan
2024-06-07T16:25:13,83.556152,-42.203556,nan
2024-06-07T16:25:13,83.556129,-42.204578,nan
2024-06-07T16:25:12,83.556099,-42.205601,nan
2024-06-07T16:25:12,83.556076,-42.206619,nan
2024-06-07T16:25:11,83.556046,-42.207630,nan
2024-06-07T16:25:11,83.556023,-42.208633,nan
2024-06-07T16:25:10,83.555992,-42.209641,nan
2024-06-07T16:25:10,83.555969,-42.210636,nan
2024-06-07T16:25:09,83.555939,-42.211632,nan
2024-06-07T16:25:09,83.555916,-42.212627,nan
2024-06-07T16:25:08,83.555893,-42.213627,nan
2024-06-07T16:25:08,83.555862,-42.214619,nan
2024-06-07T16:25:07,83.555840,-42.215622,nan
2024-06-07T16:25:07,83.555817,-42.216625,nan
2024-06-07T16:25:06,83.555794,-42.217632,nan
2024-06-07T16:25:06,83.555771,-42.218643,nan
2024-06-07T16:25:05,83.555740,-42.219650,nan
2024-06-07T16:25:05,83.555717,-42.220657,nan
2024-06-07T16:25:04,83.555695,-42.221668,nan
2024-06-07T16:25:04,83.555672,-42.222683,nan
2024-06-07T16:25:03,83.555649,-42.223682,nan
2024-06-07T16:25:03,83.555634,-42.224686,nan
2024-06-07T16:25:02,83.555611,-42.225681,nan
2024-06-07T16:25:02,83.555588,-42.226665,nan
2024-06-07T16:25:01,83.555565,-42.227650,nan
2024-06-07T16:25:01,83.555550,-42.228626,nan
2024-06-07T16:25:00,83.555527,-42.229595,nan
2024-06-07T16:25:00,83.555511,-42.230560,nan
2024-06-07T16:24:59,83.555489,-42.231514,nan
2024-06-07T16:24:59,83.555473,-42.232456,nan
2024-06-07T16:24:58,83.555450,-42.233372,nan
2024-06-07T16:24:58,83.555435,-42.234268,nan
2024-06-07T16:24:57,83.555420,-42.235142,nan
2024-06-07T16:24:57,83.555405,-42.235985,nan
2024-06-07T16:24:56,83.555382,-42.236801,nan
2024-06-07T16:24:56,83.555367,-42.237591,nan
2024-06-07T16:24:55,83.555359,-42.238361,nan
2024-06-07T16:24:55,83.555344,-42.239117,nan
2024-06-07T16:24:54,83.555328,-42.239853,nan
2024-06-07T16:24:54,83.555321,-42.240570,nan
2024-06-07T16:24:53,83.555305,-42.241264,nan
2024-06-07T16:24:53,83.555298,-42.241947,nan
2024-06-07T16:24:52,83.555290,-42.242619,nan
2024-06-07T16:24:52,83.555283,-42.243275,nan
2024-06-07T16:24:51,83.555267,-42.243923,nan
2024-06-07T16:24:51,83.555260,-42.244572,nan
2024-06-07T16:24:50,83.555252,-42.245197,nan
2024-06-07T16:24:50,83.555237,-42.245811,nan
2024-06-07T16:24:49,83.555229,-42.246418,nan
2024-06-07T16:24:49,83.555222,-42.247009,nan
2024-06-07T16:24:48,83.555206,-42.247578,nan
2024-06-07T16:24:48,83.555199,-42.248138,nan
2024-06-07T16:24:47,83.555183,-42.248676,nan
2024-06-07T16:24:47,83.555176,-42.249199,nan
2024-06-07T16:24:46,83.555161,-42.249714,nan
2024-06-07T16:24:46,83.555153,-42.250214,nan
2024-06-07T16:24:45,83.555145,-42.250694,nan
2024-06-07T16:24:45,83.555138,-42.251171,nan
2024-06-07T16:24:44,83.555130,-42.251648,nan
2024-06-07T16:24:44,83.555122,-42.252110,nan
2024-06-07T16:24:43,83.555115,-42.252560,nan
2024-06-07T16:24:43,83.555107,-42.252998,nan
2024-06-07T16:24:42,83.555107,-42.253433,nan
2024-06-07T16:24:42,83.555099,-42.253853,nan
2024-06-07T16:24:41,83.555099,-42.254261,nan
2024-06-07T16:24:41,83.555099,-42.254665,nan
2024-06-07T16:24:40,83.555092,-42.255074,nan
2024-06-07T16:24:40,83.555092,-42.255466,nan
2024-06-07T16:24:39,83.555092,-42.255848,nan
2024-06-07T16:24:39,83.555092,-42.256222,nan
2024-06-07T16:24:38,83.555092,-42.256596,nan
2024-06-07T16:24:38,83.555092,-42.256954,nan
2024-06-07T16:24:37,83.555084,-42.257305,nan
2024-06-07T16:24:37,83.555084,-42.257652,nan
2024-06-07T16:24:36,83.555084,-42.258003,nan
2024-06-07T16:24:36,83.555084,-42.258339,nan
2024-06-07T16:24:35,83.555077,-42.258675,nan
2024-06-07T16:24:35,83.555077,-42.259010,nan
2024-06-07T16:24:34,83.555077,-42.259342,nan
2024-06-07T16:24:34,83.555077,-42.259659,nan
2024-06-07T16:24:33,83.555077,-42.259972,nan
2024-06-07T16:24:33,83.555077,-42.260277,nan
2024-06-07T16:24:32,83.555084,-42.260571,nan
2024-06-07T16:24:32,83.555084,-42.260860,nan
2024-06-07T16:24:31,83.555084,-42.261147,nan
2024-06-07T16:24:31,83.555084,-42.261425,nan
2024-06-07T16:24:30,83.555084,-42.261696,nan
2024-06-07T16:24:30,83.555084,-42.261963,nan
2024-06-07T16:24:29,83.555084,-42.262230,nan
2024-06-07T16:24:29,83.555092,-42.262501,nan
2024-06-07T16:24:28,83.555092,-42.262772,nan
2024-06-07T16:24:28,83.555084,-42.263035,nan
2024-06-07T16:24:27,83.555084,-42.263313,nan
2024-06-07T16:24:27,83.555084,-42.263592,nan
2024-06-07T16:24:26,83.555077,-42.263863,nan
2024-06-07T16:24:26,83.555069,-42.264145,nan
2024-06-07T16:24:25,83.555061,-42.264427,nan
2024-06-07T16:24:25,83.555054,-42.264709,nan
2024-06-07T16:24:24,83.555054,-42.264992,nan
2024-06-07T16:24:24,83.555038,-42.265274,nan
2024-06-07T16:24:23,83.555031,-42.265560,nan
2024-06-07T16:24:23,83.555023,-42.265842,nan
2024-06-07T16:24:22,83.555016,-42.266129,nan
2024-06-07T16:24:22,83.555008,-42.266418,nan
2024-06-07T16:24:21,83.555000,-42.266705,nan
2024-06-07T16:24:21,83.554993,-42.266991,nan
2024-06-07T16:24:20,83.554985,-42.267277,nan
2024-06-07T16:24:20,83.554977,-42.267559,nan
2024-06-07T16:24:19,83.554970,-42.267834,nan
2024-06-07T16:24:19,83.554962,-42.268116,nan
2024-06-07T16:24:18,83.554955,-42.268402,nan
2024-06-07T16:24:18,83.554947,-42.268681,nan
2024-06-07T16:24:17,83.554939,-42.268951,nan
2024-06-07T16:24:17,83.554932,-42.269207,nan
2024-06-07T16:24:16,83.554924,-42.269466,nan
2024-06-07T16:24:16,83.554916,-42.269722,nan
2024-06-07T16:24:15,83.554909,-42.269970,nan
2024-06-07T16:24:15,83.554901,-42.270203,nan
2024-06-07T16:24:14,83.554893,-42.270428,nan
2024-06-07T16:24:14,83.554893,-42.270653,nan
2024-06-07T16:24:13,83.554886,-42.270874,nan
2024-06-07T16:24:13,83.554878,-42.271088,nan
2024-06-07T16:24:12,83.554871,-42.271286,nan
2024-06-07T16:24:12,83.554871,-42.271484,nan
2024-06-07T16:24:11,83.554863,-42.271687,nan
2024-06-07T16:24:11,83.554855,-42.271881,nan
2024-06-07T16:24:10,83.554848,-42.272072,nan
2024-06-07T16:24:10,83.554840,-42.272263,nan
2024-06-07T16:24:09,83.554832,-42.272449,nan
2024-06-07T16:24:09,83.554817,-42.272633,nan
2024-06-07T16:24:08,83.554810,-42.272812,nan
2024-06-07T16:24:08,83.554794,-42.272999,nan
2024-06-07T16:24:07,83.554787,-42.273178,nan
2024-06-07T16:24:07,83.554771,-42.273369,nan
2024-06-07T16:24:06,83.554756,-42.273552,nan
2024-06-07T16:24:06,83.554741,-42.273743,nan
2024-06-07T16:24:05,83.554733,-42.273930,nan
2024-06-07T16:24:05,83.554718,-42.274117,nan
2024-06-07T16:24:04,83.554703,-42.274303,nan
2024-06-07T16:24:04,83.554695,-42.274479,nan
2024-06-07T16:24:03,83.554680,-42.274654,nan
2024-06-07T16:24:03,83.554672,-42.274822,nan
2024-06-07T16:24:02,83.554665,-42.274986,nan
2024-06-07T16:24:02,83.554649,-42.275131,nan
2024-06-07T16:24:01,83.554649,-42.275261,nan
2024-06-07T16:24:01,83.554642,-42.275391,nan
2024-06-07T16:24:00,83.554634,-42.275513,nan
2024-06-07T16:24:00,83.554626,-42.275623,nan
2024-06-07T16:23:59,83.554619,-42.275730,nan
2024-06-07T16:23:59,83.554619,-42.275829,nan
2024-06-07T16:23:58,83.554611,-42.275917,nan
2024-06-07T16:23:58,83.554611,-42.275997,nan
2024-06-07T16:23:57,83.554604,-42.276081,nan
2024-06-07T16:23:57,83.554604,-42.276157,nan
2024-06-07T16:23:56,83.554596,-42.276234,nan
2024-06-07T16:23:56,83.554588,-42.276314,nan
2024-06-07T16:23:55,83.554588,-42.276394,nan
2024-06-07T16:23:55,83.554581,-42.276478,nan
2024-06-07T16:23:54,83.554573,-42.276569,nan
2024-06-07T16:23:54,83.554573,-42.276672,nan
2024-06-07T16:23:53,83.554565,-42.276787,nan
2024-06-07T16:23:53,83.554558,-42.276901,nan
2024-06-07T16:23:52,83.554550,-42.277027,nan
2024-06-07T16:23:52,83.554543,-42.277161,nan
2024-06-07T16:23:51,83.554535,-42.277302,nan
2024-06-07T16:23:51,83.554527,-42.277439,nan
2024-06-07T16:23:50,83.554512,-42.277580,nan
2024-06-07T16:23:50,83.554504,-42.277733,nan
2024-06-07T16:23:49,83.554497,-42.277889,nan
2024-06-07T16:23:49,83.554482,-42.278034,nan
2024-06-07T16:23:48,83.554474,-42.278179,nan
2024-06-07T16:23:48,83.554459,-42.278309,nan
2024-06-07T16:23:47,83.554451,-42.278431,nan
2024-06-07T16:23:47,83.554436,-42.278538,nan
2024-06-07T16:23:46,83.554428,-42.278633,nan
2024-06-07T16:23:46,83.554413,-42.278732,nan
2024-06-07T16:23:45,83.554398,-42.278828,nan
2024-06-07T16:23:45,83.554390,-42.278915,nan
2024-06-07T16:23:44,83.554375,-42.278996,nan
2024-06-07T16:23:44,83.554359,-42.279076,nan
2024-06-07T16:23:43,83.554352,-42.279152,nan
2024-06-07T16:23:43,83.554337,-42.279221,nan
2024-06-07T16:23:42,83.554329,-42.279289,nan
2024-06-07T16:23:42,83.554321,-42.279366,nan
2024-06-07T16:23:41,83.554306,-42.279446,nan
2024-06-07T16:23:41,83.554298,-42.279537,nan
2024-06-07T16:23:40,83.554291,-42.279625,nan
2024-06-07T16:23:40,83.554276,-42.279716,nan
2024-06-07T16:23:39,83.554268,-42.279808,nan
2024-06-07T16:23:39,83.554260,-42.279903,nan
2024-06-07T16:23:38,83.554253,-42.280003,nan
2024-06-07T16:23:38,83.554245,-42.280102,nan
2024-06-07T16:23:37,83.554237,-42.280209,nan
2024-06-07T16:23:37,83.554230,-42.280319,nan
2024-06-07T16:23:36,83.554222,-42.280418,nan
2024-06-07T16:23:36,83.554207,-42.280518,nan
2024-06-07T16:23:35,83.554199,-42.280605,nan
2024-06-07T16:23:35,83.554192,-42.280678,nan
2024-06-07T16:23:34,83.554184,-42.280743,nan
2024-06-07T16:23:34,83.554176,-42.280804,nan
2024-06-07T16:23:33,83.554169,-42.280849,nan
2024-06-07T16:23:33,83.554161,-42.280891,nan
2024-06-07T16:23:32,83.554153,-42.280930,nan
2024-06-07T16:23:32,83.554146,-42.280956,nan
2024-06-07T16:23:31,83.554138,-42.280979,nan
2024-06-07T16:23:31,83.554131,-42.280998,nan
2024-06-07T16:23:30,83.554123,-42.281021,nan
2024-06-07T16:23:30,83.554115,-42.281052,nan
2024-06-07T16:23:29,83.554115,-42.281082,nan
2024-06-07T16:23:29,83.554108,-42.281113,nan
2024-06-07T16:23:28,83.554100,-42.281151,nan
2024-06-07T16:23:28,83.554092,-42.281200,nan
2024-06-07T16:23:27,83.554092,-42.281250,nan
2024-06-07T16:23:27,83.554085,-42.281303,nan
2024-06-07T16:23:26,83.554085,-42.281364,nan
2024-06-07T16:23:26,83.554085,-42.281448,nan
2024-06-07T16:23:25,83.554085,-42.281513,nan
2024-06-07T16:23:25,83.554077,-42.281586,nan
2024-06-07T16:23:24,83.554077,-42.281662,nan
2024-06-07T16:23:24,83.554077,-42.281757,nan
2024-06-07T16:23:23,83.554085,-42.281879,nan
2024-06-07T16:23:23,83.554085,-42.281975,nan
2024-06-07T16:23:22,83.554085,-42.282055,nan
2024-06-07T16:23:22,83.554085,-42.282150,nan
2024-06-07T16:23:21,83.554092,-42.282280,nan
2024-06-07T16:23:21,83.554100,-42.282364,nan
2024-06-07T16:23:20,83.554115,-42.282478,nan
2024-06-07T16:23:20,83.554131,-42.282612,nan
2024-06-07T16:23:19,83.554161,-42.282780,nan
2024-06-07T16:23:19,83.554199,-42.283012,nan
2024-06-07T16:23:18,83.554245,-42.283344,nan
2024-06-07T16:23:18,83.554321,-42.283749,nan
2024-06-07T16:23:17,83.554443,-42.284454,nan
2024-06-07T16:23:17,83.554611,-42.285458,nan
2024-06-07T16:23:16,83.554825,-42.286564,nan
2024-06-07T16:23:16,83.555107,-42.288036,nan
2024-06-07T16:23:15,83.555412,-42.288967,nan
2024-06-07T16:23:15,83.555565,-42.289280,nan
2024-06-07T16:23:14,83.555649,-42.289398,nan
2024-06-07T16:23:12,83.554276,-42.282974,nan
2024-06-07T16:23:11,83.553528,-42.279816,nan
2024-06-07T16:23:11,83.552711,-42.276104,nan
2024-06-07T16:23:10,83.551865,-42.272030,nan
