datetime,lat,lon,elev
2024-08-08T16:30:41,79.456245,-70.675232,nan
2024-08-08T16:30:41,79.456268,-70.675209,nan
2024-08-08T16:30:40,79.456291,-70.675186,nan
2024-08-08T16:30:40,79.456314,-70.675163,nan
2024-08-08T16:30:39,79.456337,-70.675140,nan
2024-08-08T16:30:39,79.456360,-70.675110,nan
2024-08-08T16:30:38,79.456390,-70.675079,nan
2024-08-08T16:30:38,79.456421,-70.675041,nan
2024-08-08T16:30:37,79.456444,-70.674995,nan
2024-08-08T16:30:37,79.456474,-70.674950,nan
2024-08-08T16:30:36,79.456505,-70.674904,nan
2024-08-08T16:30:35,79.456566,-70.674797,nan
2024-08-08T16:30:35,79.456596,-70.674736,nan
2024-08-08T16:30:34,79.456635,-70.674675,nan
2024-08-08T16:30:34,79.456673,-70.674606,nan
2024-08-08T16:30:33,79.456703,-70.674538,nan
2024-08-08T16:30:33,79.456741,-70.674469,nan
2024-08-08T16:30:32,79.456779,-70.674393,nan
2024-08-08T16:30:32,79.456818,-70.674316,nan
2024-08-08T16:30:31,79.456863,-70.674232,nan
2024-08-08T16:30:31,79.456902,-70.674133,nan
2024-08-08T16:30:30,79.456947,-70.674034,nan
2024-08-08T16:30:29,79.457047,-70.673798,nan
2024-08-08T16:30:29,79.457100,-70.673676,nan
2024-08-08T16:30:28,79.457153,-70.673553,nan
2024-08-08T16:30:28,79.457207,-70.673424,nan
2024-08-08T16:30:27,79.457260,-70.673309,nan
2024-08-08T16:30:27,79.457314,-70.673195,nan
2024-08-08T16:30:26,79.457367,-70.673080,nan
2024-08-08T16:30:25,79.457527,-70.672752,nan
2024-08-08T16:30:24,79.457581,-70.672653,nan
2024-08-08T16:30:24,79.457634,-70.672554,nan
2024-08-08T16:30:23,79.457680,-70.672455,nan
2024-08-08T16:30:23,79.457733,-70.672356,nan
2024-08-08T16:30:22,79.457787,-70.672264,nan
2024-08-08T16:30:22,79.457832,-70.672165,nan
2024-08-08T16:30:21,79.457886,-70.672066,nan
2024-08-08T16:30:21,79.457939,-70.671967,nan
2024-08-08T16:30:20,79.457985,-70.671860,nan
2024-08-08T16:30:20,79.458038,-70.671761,nan
2024-08-08T16:30:19,79.458084,-70.671661,nan
2024-08-08T16:30:19,79.458138,-70.671562,nan
2024-08-08T16:30:18,79.458183,-70.671455,nan
2024-08-08T16:30:18,79.458237,-70.671356,nan
2024-08-08T16:30:17,79.458282,-70.671249,nan
2024-08-08T16:30:17,79.458328,-70.671150,nan
2024-08-08T16:30:16,79.458374,-70.671051,nan
2024-08-08T16:30:16,79.458420,-70.670959,nan
2024-08-08T16:30:15,79.458466,-70.670860,nan
2024-08-08T16:30:15,79.458511,-70.670761,nan
2024-08-08T16:30:14,79.458557,-70.670670,nan
2024-08-08T16:30:14,79.458595,-70.670570,nan
2024-08-08T16:30:13,79.458641,-70.670479,nan
2024-08-08T16:30:13,79.458687,-70.670380,nan
2024-08-08T16:30:12,79.458725,-70.670280,nan
2024-08-08T16:30:12,79.458763,-70.670189,nan
2024-08-08T16:30:11,79.458801,-70.670090,nan
2024-08-08T16:30:11,79.458847,-70.669998,nan
2024-08-08T16:30:10,79.458878,-70.669899,nan
2024-08-08T16:30:10,79.458916,-70.669807,nan
2024-08-08T16:30:09,79.458954,-70.669708,nan
2024-08-08T16:30:09,79.458992,-70.669617,nan
2024-08-08T16:30:08,79.459023,-70.669518,nan
2024-08-08T16:30:08,79.459061,-70.669426,nan
2024-08-08T16:30:07,79.459091,-70.669334,nan
2024-08-08T16:30:07,79.459122,-70.669243,nan
2024-08-08T16:30:06,79.459152,-70.669151,nan
2024-08-08T16:30:06,79.459190,-70.669060,nan
2024-08-08T16:30:05,79.459221,-70.668968,nan
2024-08-08T16:30:05,79.459251,-70.668869,nan
2024-08-08T16:30:04,79.459282,-70.668777,nan
2024-08-08T16:30:04,79.459305,-70.668686,nan
2024-08-08T16:30:03,79.459335,-70.668587,nan
2024-08-08T16:30:03,79.459366,-70.668488,nan
2024-08-08T16:30:02,79.459389,-70.668381,nan
2024-08-08T16:30:02,79.459419,-70.668282,nan
2024-08-08T16:30:01,79.459442,-70.668175,nan
2024-08-08T16:30:01,79.459473,-70.668076,nan
2024-08-08T16:30:00,79.459496,-70.667969,nan
2024-08-08T16:30:00,79.459526,-70.667870,nan
2024-08-08T16:29:59,79.459549,-70.667763,nan
2024-08-08T16:29:59,79.459579,-70.667664,nan
2024-08-08T16:29:58,79.459610,-70.667557,nan
2024-08-08T16:29:58,79.459633,-70.667458,nan
2024-08-08T16:29:57,79.459663,-70.667358,nan
2024-08-08T16:29:57,79.459694,-70.667252,nan
2024-08-08T16:29:56,79.459724,-70.667152,nan
2024-08-08T16:29:56,79.459755,-70.667046,nan
2024-08-08T16:29:55,79.459785,-70.666946,nan
2024-08-08T16:29:55,79.459816,-70.666840,nan
2024-08-08T16:29:54,79.459846,-70.666733,nan
2024-08-08T16:29:54,79.459877,-70.666634,nan
2024-08-08T16:29:53,79.459908,-70.666527,nan
2024-08-08T16:29:53,79.459946,-70.666420,nan
2024-08-08T16:29:52,79.459976,-70.666313,nan
2024-08-08T16:29:52,79.460007,-70.666206,nan
2024-08-08T16:29:51,79.460037,-70.666107,nan
2024-08-08T16:29:51,79.460075,-70.666000,nan
2024-08-08T16:29:50,79.460106,-70.665901,nan
2024-08-08T16:29:50,79.460136,-70.665794,nan
2024-08-08T16:29:49,79.460167,-70.665695,nan
2024-08-08T16:29:48,79.460228,-70.665482,nan
2024-08-08T16:29:48,79.460258,-70.665367,nan
2024-08-08T16:29:47,79.460297,-70.665245,nan
2024-08-08T16:29:47,79.460327,-70.665131,nan
2024-08-08T16:29:46,79.460358,-70.665009,nan
2024-08-08T16:29:46,79.460388,-70.664886,nan
2024-08-08T16:29:45,79.460419,-70.664764,nan
2024-08-08T16:29:45,79.460457,-70.664642,nan
2024-08-08T16:29:44,79.460487,-70.664513,nan
2024-08-08T16:29:44,79.460518,-70.664391,nan
2024-08-08T16:29:43,79.460548,-70.664261,nan
2024-08-08T16:29:43,79.460587,-70.664139,nan
2024-08-08T16:29:42,79.460617,-70.664024,nan
2024-08-08T16:29:42,79.460655,-70.663902,nan
2024-08-08T16:29:41,79.460686,-70.663780,nan
2024-08-08T16:29:41,79.460724,-70.663658,nan
2024-08-08T16:29:40,79.460754,-70.663528,nan
2024-08-08T16:29:40,79.460785,-70.663406,nan
2024-08-08T16:29:39,79.460823,-70.663284,nan
2024-08-08T16:29:39,79.460854,-70.663155,nan
2024-08-08T16:29:38,79.460892,-70.663025,nan
2024-08-08T16:29:38,79.460922,-70.662903,nan
2024-08-08T16:29:37,79.460960,-70.662773,nan
2024-08-08T16:29:37,79.460991,-70.662636,nan
2024-08-08T16:29:36,79.461029,-70.662498,nan
2024-08-08T16:29:36,79.461060,-70.662361,nan
2024-08-08T16:29:35,79.461098,-70.662224,nan
2024-08-08T16:29:35,79.461128,-70.662086,nan
2024-08-08T16:29:34,79.461166,-70.661942,nan
2024-08-08T16:29:33,79.461235,-70.661652,nan
2024-08-08T16:29:33,79.461273,-70.661499,nan
2024-08-08T16:29:32,79.461304,-70.661346,nan
2024-08-08T16:29:32,79.461342,-70.661194,nan
2024-08-08T16:29:31,79.461380,-70.661041,nan
2024-08-08T16:29:31,79.461411,-70.660889,nan
2024-08-08T16:29:30,79.461449,-70.660736,nan
2024-08-08T16:29:30,79.461479,-70.660576,nan
2024-08-08T16:29:29,79.461517,-70.660423,nan
2024-08-08T16:29:29,79.461555,-70.660263,nan
2024-08-08T16:29:28,79.461586,-70.660110,nan
2024-08-08T16:29:28,79.461624,-70.659950,nan
2024-08-08T16:29:27,79.461662,-70.659798,nan
2024-08-08T16:29:27,79.461693,-70.659637,nan
2024-08-08T16:29:26,79.461731,-70.659485,nan
2024-08-08T16:29:26,79.461769,-70.659332,nan
2024-08-08T16:29:25,79.461800,-70.659180,nan
2024-08-08T16:29:25,79.461838,-70.659019,nan
2024-08-08T16:29:24,79.461876,-70.658875,nan
2024-08-08T16:29:24,79.461906,-70.658722,nan
2024-08-08T16:29:23,79.461945,-70.658569,nan
2024-08-08T16:29:23,79.461983,-70.658417,nan
2024-08-08T16:29:22,79.462013,-70.658272,nan
2024-08-08T16:29:22,79.462051,-70.658119,nan
2024-08-08T16:29:21,79.462082,-70.657974,nan
2024-08-08T16:29:21,79.462120,-70.657829,nan
2024-08-08T16:29:20,79.462151,-70.657684,nan
2024-08-08T16:29:20,79.462189,-70.657539,nan
2024-08-08T16:29:19,79.462219,-70.657394,nan
2024-08-08T16:29:19,79.462257,-70.657249,nan
2024-08-08T16:29:18,79.462288,-70.657097,nan
2024-08-08T16:29:18,79.462318,-70.656952,nan
2024-08-08T16:29:17,79.462357,-70.656799,nan
2024-08-08T16:29:17,79.462387,-70.656654,nan
2024-08-08T16:29:16,79.462425,-70.656509,nan
2024-08-08T16:29:16,79.462456,-70.656364,nan
2024-08-08T16:29:15,79.462494,-70.656212,nan
2024-08-08T16:29:15,79.462524,-70.656067,nan
2024-08-08T16:29:14,79.462555,-70.655914,nan
2024-08-08T16:29:14,79.462593,-70.655762,nan
2024-08-08T16:29:13,79.462624,-70.655617,nan
2024-08-08T16:29:13,79.462654,-70.655472,nan
2024-08-08T16:29:12,79.462685,-70.655327,nan
2024-08-08T16:29:12,79.462723,-70.655182,nan
2024-08-08T16:29:11,79.462753,-70.655037,nan
2024-08-08T16:29:11,79.462784,-70.654892,nan
2024-08-08T16:29:10,79.462814,-70.654747,nan
2024-08-08T16:29:10,79.462845,-70.654602,nan
2024-08-08T16:29:09,79.462875,-70.654457,nan
2024-08-08T16:29:09,79.462898,-70.654312,nan
2024-08-08T16:29:08,79.462929,-70.654175,nan
2024-08-08T16:29:08,79.462959,-70.654030,nan
2024-08-08T16:29:07,79.462990,-70.653885,nan
2024-08-08T16:29:07,79.463020,-70.653748,nan
2024-08-08T16:29:06,79.463043,-70.653603,nan
2024-08-08T16:29:06,79.463074,-70.653465,nan
2024-08-08T16:29:05,79.463104,-70.653328,nan
2024-08-08T16:29:05,79.463135,-70.653198,nan
2024-08-08T16:29:04,79.463158,-70.653061,nan
2024-08-08T16:29:04,79.463188,-70.652924,nan
2024-08-08T16:29:03,79.463211,-70.652794,nan
2024-08-08T16:29:03,79.463242,-70.652664,nan
2024-08-08T16:29:02,79.463264,-70.652534,nan
2024-08-08T16:29:02,79.463295,-70.652412,nan
2024-08-08T16:29:01,79.463318,-70.652298,nan
2024-08-08T16:29:01,79.463341,-70.652184,nan
2024-08-08T16:29:00,79.463371,-70.652069,nan
2024-08-08T16:29:00,79.463394,-70.651955,nan
2024-08-08T16:28:59,79.463417,-70.651848,nan
2024-08-08T16:28:59,79.463448,-70.651741,nan
2024-08-08T16:28:58,79.463470,-70.651634,nan
2024-08-08T16:28:58,79.463493,-70.651535,nan
2024-08-08T16:28:57,79.463524,-70.651428,nan
2024-08-08T16:28:57,79.463547,-70.651329,nan
2024-08-08T16:28:56,79.463570,-70.651230,nan
2024-08-08T16:28:56,79.463600,-70.651138,nan
2024-08-08T16:28:55,79.463623,-70.651047,nan
2024-08-08T16:28:55,79.463654,-70.650955,nan
2024-08-08T16:28:54,79.463676,-70.650864,nan
2024-08-08T16:28:54,79.463699,-70.650780,nan
2024-08-08T16:28:53,79.463730,-70.650696,nan
2024-08-08T16:28:53,79.463753,-70.650612,nan
2024-08-08T16:28:52,79.463783,-70.650528,nan
2024-08-08T16:28:52,79.463806,-70.650452,nan
2024-08-08T16:28:51,79.463837,-70.650375,nan
2024-08-08T16:28:51,79.463860,-70.650307,nan
2024-08-08T16:28:50,79.463882,-70.650230,nan
2024-08-08T16:28:50,79.463913,-70.650162,nan
2024-08-08T16:28:49,79.463936,-70.650085,nan
2024-08-08T16:28:49,79.463966,-70.650009,nan
2024-08-08T16:28:48,79.463989,-70.649933,nan
2024-08-08T16:28:48,79.464020,-70.649857,nan
2024-08-08T16:28:47,79.464043,-70.649780,nan
2024-08-08T16:28:47,79.464073,-70.649704,nan
2024-08-08T16:28:46,79.464104,-70.649620,nan
2024-08-08T16:28:46,79.464127,-70.649544,nan
2024-08-08T16:28:45,79.464157,-70.649452,nan
2024-08-08T16:28:45,79.464188,-70.649368,nan
2024-08-08T16:28:44,79.464211,-70.649284,nan
2024-08-08T16:28:44,79.464241,-70.649200,nan
2024-08-08T16:28:43,79.464272,-70.649117,nan
2024-08-08T16:28:43,79.464294,-70.649033,nan
2024-08-08T16:28:42,79.464325,-70.648956,nan
2024-08-08T16:28:42,79.464348,-70.648880,nan
2024-08-08T16:28:41,79.464378,-70.648804,nan
2024-08-08T16:28:41,79.464401,-70.648735,nan
2024-08-08T16:28:40,79.464432,-70.648666,nan
2024-08-08T16:28:39,79.464485,-70.648521,nan
2024-08-08T16:28:39,79.464516,-70.648453,nan
2024-08-08T16:28:38,79.464539,-70.648376,nan
2024-08-08T16:28:38,79.464569,-70.648308,nan
2024-08-08T16:28:37,79.464592,-70.648239,nan
2024-08-08T16:28:37,79.464622,-70.648178,nan
2024-08-08T16:28:36,79.464645,-70.648109,nan
2024-08-08T16:28:36,79.464676,-70.648048,nan
2024-08-08T16:28:35,79.464699,-70.647980,nan
2024-08-08T16:28:35,79.464722,-70.647919,nan
2024-08-08T16:28:34,79.464752,-70.647850,nan
2024-08-08T16:28:34,79.464775,-70.647789,nan
2024-08-08T16:28:33,79.464798,-70.647720,nan
2024-08-08T16:28:33,79.464828,-70.647659,nan
2024-08-08T16:28:32,79.464851,-70.647591,nan
2024-08-08T16:28:32,79.464874,-70.647522,nan
2024-08-08T16:28:31,79.464897,-70.647453,nan
2024-08-08T16:28:31,79.464920,-70.647392,nan
2024-08-08T16:28:30,79.464943,-70.647324,nan
2024-08-08T16:28:30,79.464966,-70.647255,nan
2024-08-08T16:28:29,79.464989,-70.647186,nan
2024-08-08T16:28:29,79.465012,-70.647110,nan
2024-08-08T16:28:28,79.465034,-70.647041,nan
2024-08-08T16:28:28,79.465057,-70.646965,nan
2024-08-08T16:28:27,79.465080,-70.646896,nan
2024-08-08T16:28:27,79.465103,-70.646820,nan
2024-08-08T16:28:26,79.465126,-70.646744,nan
2024-08-08T16:28:26,79.465149,-70.646667,nan
2024-08-08T16:28:25,79.465172,-70.646591,nan
2024-08-08T16:28:25,79.465195,-70.646515,nan
2024-08-08T16:28:24,79.465210,-70.646439,nan
2024-08-08T16:28:24,79.465233,-70.646362,nan
2024-08-08T16:28:23,79.465256,-70.646286,nan
2024-08-08T16:28:23,79.465279,-70.646210,nan
2024-08-08T16:28:22,79.465294,-70.646133,nan
2024-08-08T16:28:22,79.465317,-70.646057,nan
2024-08-08T16:28:21,79.465340,-70.645981,nan
2024-08-08T16:28:21,79.465363,-70.645905,nan
2024-08-08T16:28:20,79.465385,-70.645828,nan
2024-08-08T16:28:20,79.465401,-70.645752,nan
2024-08-08T16:28:19,79.465424,-70.645676,nan
2024-08-08T16:28:19,79.465446,-70.645592,nan
2024-08-08T16:28:18,79.465469,-70.645508,nan
2024-08-08T16:28:18,79.465492,-70.645432,nan
2024-08-08T16:28:17,79.465508,-70.645348,nan
2024-08-08T16:28:17,79.465530,-70.645264,nan
2024-08-08T16:28:16,79.465553,-70.645180,nan
2024-08-08T16:28:16,79.465576,-70.645088,nan
2024-08-08T16:28:15,79.465591,-70.644997,nan
2024-08-08T16:28:15,79.465614,-70.644905,nan
2024-08-08T16:28:14,79.465637,-70.644821,nan
2024-08-08T16:28:14,79.465652,-70.644730,nan
2024-08-08T16:28:13,79.465675,-70.644646,nan
2024-08-08T16:28:13,79.465691,-70.644554,nan
2024-08-08T16:28:12,79.465714,-70.644470,nan
2024-08-08T16:28:12,79.465729,-70.644386,nan
2024-08-08T16:28:11,79.465744,-70.644310,nan
2024-08-08T16:28:11,79.465759,-70.644234,nan
2024-08-08T16:28:10,79.465782,-70.644157,nan
2024-08-08T16:28:10,79.465797,-70.644089,nan
2024-08-08T16:28:09,79.465813,-70.644012,nan
2024-08-08T16:28:09,79.465828,-70.643944,nan
2024-08-08T16:28:08,79.465851,-70.643867,nan
2024-08-08T16:28:08,79.465866,-70.643799,nan
2024-08-08T16:28:07,79.465889,-70.643730,nan
2024-08-08T16:28:07,79.465904,-70.643654,nan
2024-08-08T16:28:06,79.465927,-70.643585,nan
2024-08-08T16:28:06,79.465950,-70.643509,nan
2024-08-08T16:28:05,79.465973,-70.643425,nan
2024-08-08T16:28:05,79.465996,-70.643349,nan
2024-08-08T16:28:04,79.466019,-70.643265,nan
2024-08-08T16:28:04,79.466034,-70.643188,nan
2024-08-08T16:28:03,79.466057,-70.643105,nan
2024-08-08T16:28:03,79.466080,-70.643021,nan
2024-08-08T16:28:02,79.466103,-70.642937,nan
2024-08-08T16:28:02,79.466125,-70.642845,nan
2024-08-08T16:28:01,79.466148,-70.642761,nan
2024-08-08T16:28:01,79.466171,-70.642677,nan
2024-08-08T16:28:00,79.466194,-70.642593,nan
2024-08-08T16:28:00,79.466217,-70.642517,nan
2024-08-08T16:27:59,79.466240,-70.642441,nan
2024-08-08T16:27:59,79.466263,-70.642357,nan
2024-08-08T16:27:58,79.466286,-70.642288,nan
2024-08-08T16:27:58,79.466309,-70.642220,nan
2024-08-08T16:27:57,79.466331,-70.642151,nan
2024-08-08T16:27:57,79.466354,-70.642082,nan
2024-08-08T16:27:56,79.466377,-70.642021,nan
2024-08-08T16:27:56,79.466408,-70.641953,nan
2024-08-08T16:27:55,79.466431,-70.641891,nan
2024-08-08T16:27:55,79.466454,-70.641830,nan
2024-08-08T16:27:54,79.466484,-70.641769,nan
2024-08-08T16:27:54,79.466507,-70.641708,nan
2024-08-08T16:27:53,79.466530,-70.641655,nan
2024-08-08T16:27:53,79.466553,-70.641594,nan
2024-08-08T16:27:52,79.466576,-70.641541,nan
2024-08-08T16:27:52,79.466599,-70.641479,nan
2024-08-08T16:27:51,79.466621,-70.641426,nan
2024-08-08T16:27:51,79.466637,-70.641380,nan
2024-08-08T16:27:50,79.466660,-70.641327,nan
2024-08-08T16:27:50,79.466682,-70.641273,nan
2024-08-08T16:27:49,79.466698,-70.641220,nan
2024-08-08T16:27:49,79.466713,-70.641167,nan
2024-08-08T16:27:48,79.466736,-70.641113,nan
2024-08-08T16:27:48,79.466751,-70.641060,nan
2024-08-08T16:27:47,79.466774,-70.641006,nan
2024-08-08T16:27:47,79.466789,-70.640945,nan
2024-08-08T16:27:46,79.466805,-70.640892,nan
2024-08-08T16:27:45,79.466843,-70.640762,nan
2024-08-08T16:27:45,79.466858,-70.640701,nan
2024-08-08T16:27:44,79.466881,-70.640640,nan
2024-08-08T16:27:44,79.466896,-70.640572,nan
2024-08-08T16:27:43,79.466919,-70.640503,nan
2024-08-08T16:27:43,79.466934,-70.640434,nan
2024-08-08T16:27:42,79.466957,-70.640358,nan
2024-08-08T16:27:42,79.466972,-70.640282,nan
2024-08-08T16:27:41,79.466995,-70.640205,nan
2024-08-08T16:27:41,79.467010,-70.640129,nan
2024-08-08T16:27:40,79.467026,-70.640060,nan
2024-08-08T16:27:40,79.467049,-70.639977,nan
2024-08-08T16:27:39,79.467064,-70.639900,nan
2024-08-08T16:27:39,79.467087,-70.639824,nan
2024-08-08T16:27:38,79.467110,-70.639748,nan
2024-08-08T16:27:38,79.467125,-70.639679,nan
2024-08-08T16:27:37,79.467148,-70.639610,nan
2024-08-08T16:27:37,79.467171,-70.639549,nan
2024-08-08T16:27:36,79.467186,-70.639488,nan
2024-08-08T16:27:36,79.467209,-70.639427,nan
2024-08-08T16:27:35,79.467232,-70.639366,nan
2024-08-08T16:27:35,79.467247,-70.639305,nan
2024-08-08T16:27:34,79.467270,-70.639252,nan
2024-08-08T16:27:34,79.467285,-70.639206,nan
2024-08-08T16:27:33,79.467308,-70.639153,nan
2024-08-08T16:27:33,79.467323,-70.639107,nan
2024-08-08T16:27:32,79.467346,-70.639053,nan
2024-08-08T16:27:32,79.467361,-70.639000,nan
2024-08-08T16:27:31,79.467384,-70.638939,nan
2024-08-08T16:27:31,79.467407,-70.638893,nan
2024-08-08T16:27:30,79.467422,-70.638840,nan
2024-08-08T16:27:30,79.467445,-70.638786,nan
2024-08-08T16:27:29,79.467461,-70.638741,nan
2024-08-08T16:27:29,79.467484,-70.638695,nan
2024-08-08T16:27:28,79.467499,-70.638649,nan
2024-08-08T16:27:28,79.467522,-70.638603,nan
2024-08-08T16:27:27,79.467537,-70.638565,nan
2024-08-08T16:27:27,79.467560,-70.638519,nan
2024-08-08T16:27:26,79.467575,-70.638481,nan
2024-08-08T16:27:26,79.467590,-70.638435,nan
2024-08-08T16:27:25,79.467613,-70.638390,nan
2024-08-08T16:27:25,79.467628,-70.638336,nan
2024-08-08T16:27:24,79.467651,-70.638290,nan
2024-08-08T16:27:24,79.467667,-70.638237,nan
2024-08-08T16:27:23,79.467682,-70.638184,nan
2024-08-08T16:27:23,79.467697,-70.638123,nan
2024-08-08T16:27:22,79.467720,-70.638069,nan
2024-08-08T16:27:22,79.467735,-70.638016,nan
2024-08-08T16:27:21,79.467751,-70.637962,nan
2024-08-08T16:27:21,79.467766,-70.637901,nan
2024-08-08T16:27:20,79.467781,-70.637848,nan
2024-08-08T16:27:20,79.467796,-70.637794,nan
2024-08-08T16:27:19,79.467812,-70.637741,nan
2024-08-08T16:27:19,79.467827,-70.637688,nan
2024-08-08T16:27:18,79.467842,-70.637634,nan
2024-08-08T16:27:18,79.467857,-70.637581,nan
2024-08-08T16:27:17,79.467873,-70.637535,nan
2024-08-08T16:27:17,79.467880,-70.637482,nan
2024-08-08T16:27:16,79.467896,-70.637428,nan
2024-08-08T16:27:16,79.467911,-70.637375,nan
2024-08-08T16:27:15,79.467918,-70.637321,nan
2024-08-08T16:27:15,79.467934,-70.637276,nan
2024-08-08T16:27:14,79.467949,-70.637222,nan
2024-08-08T16:27:14,79.467957,-70.637177,nan
2024-08-08T16:27:13,79.467972,-70.637123,nan
2024-08-08T16:27:13,79.467987,-70.637070,nan
2024-08-08T16:27:12,79.467995,-70.637016,nan
2024-08-08T16:27:12,79.468010,-70.636971,nan
2024-08-08T16:27:11,79.468025,-70.636925,nan
2024-08-08T16:27:11,79.468033,-70.636871,nan
2024-08-08T16:27:10,79.468048,-70.636826,nan
2024-08-08T16:27:10,79.468056,-70.636772,nan
2024-08-08T16:27:09,79.468071,-70.636719,nan
2024-08-08T16:27:09,79.468086,-70.636673,nan
2024-08-08T16:27:08,79.468094,-70.636627,nan
2024-08-08T16:27:08,79.468102,-70.636574,nan
2024-08-08T16:27:07,79.468117,-70.636528,nan
2024-08-08T16:27:07,79.468124,-70.636475,nan
2024-08-08T16:27:06,79.468140,-70.636421,nan
2024-08-08T16:27:06,79.468147,-70.636360,nan
2024-08-08T16:27:05,79.468163,-70.636307,nan
2024-08-08T16:27:05,79.468170,-70.636253,nan
2024-08-08T16:27:04,79.468185,-70.636192,nan
2024-08-08T16:27:04,79.468193,-70.636131,nan
2024-08-08T16:27:03,79.468208,-70.636070,nan
2024-08-08T16:27:03,79.468216,-70.636009,nan
2024-08-08T16:27:02,79.468231,-70.635956,nan
2024-08-08T16:27:02,79.468239,-70.635895,nan
2024-08-08T16:27:01,79.468254,-70.635841,nan
2024-08-08T16:27:01,79.468269,-70.635788,nan
2024-08-08T16:27:00,79.468277,-70.635735,nan
2024-08-08T16:27:00,79.468292,-70.635681,nan
2024-08-08T16:26:59,79.468323,-70.635567,nan
2024-08-08T16:26:58,79.468330,-70.635521,nan
2024-08-08T16:26:58,79.468346,-70.635468,nan
2024-08-08T16:26:57,79.468361,-70.635414,nan
2024-08-08T16:26:57,79.468376,-70.635361,nan
2024-08-08T16:26:56,79.468391,-70.635315,nan
2024-08-08T16:26:56,79.468414,-70.635262,nan
2024-08-08T16:26:55,79.468430,-70.635223,nan
2024-08-08T16:26:55,79.468445,-70.635185,nan
2024-08-08T16:26:54,79.468460,-70.635147,nan
2024-08-08T16:26:54,79.468483,-70.635117,nan
2024-08-08T16:26:53,79.468498,-70.635086,nan
2024-08-08T16:26:53,79.468513,-70.635056,nan
2024-08-08T16:26:52,79.468536,-70.635025,nan
2024-08-08T16:26:52,79.468552,-70.634995,nan
2024-08-08T16:26:51,79.468575,-70.634972,nan
2024-08-08T16:26:51,79.468590,-70.634949,nan
2024-08-08T16:26:50,79.468613,-70.634926,nan
2024-08-08T16:26:50,79.468628,-70.634903,nan
2024-08-08T16:26:49,79.468643,-70.634880,nan
2024-08-08T16:26:49,79.468666,-70.634857,nan
2024-08-08T16:26:48,79.468681,-70.634842,nan
2024-08-08T16:26:48,79.468704,-70.634819,nan
2024-08-08T16:26:47,79.468719,-70.634796,nan
2024-08-08T16:26:47,79.468742,-70.634773,nan
2024-08-08T16:26:46,79.468758,-70.634758,nan
2024-08-08T16:26:46,79.468781,-70.634735,nan
2024-08-08T16:26:45,79.468796,-70.634720,nan
2024-08-08T16:26:45,79.468819,-70.634712,nan
2024-08-08T16:26:44,79.468834,-70.634697,nan
2024-08-08T16:26:44,79.468857,-70.634689,nan
2024-08-08T16:26:43,79.468872,-70.634682,nan
2024-08-08T16:26:43,79.468887,-70.634674,nan
2024-08-08T16:26:42,79.468910,-70.634674,nan
2024-08-08T16:26:42,79.468925,-70.634674,nan
2024-08-08T16:26:41,79.468941,-70.634674,nan
2024-08-08T16:26:41,79.468956,-70.634666,nan
2024-08-08T16:26:40,79.468971,-70.634666,nan
2024-08-08T16:26:40,79.468994,-70.634666,nan
2024-08-08T16:26:39,79.469009,-70.634666,nan
2024-08-08T16:26:39,79.469025,-70.634666,nan
2024-08-08T16:26:38,79.469040,-70.634674,nan
2024-08-08T16:26:38,79.469055,-70.634674,nan
2024-08-08T16:26:37,79.469070,-70.634674,nan
2024-08-08T16:26:37,79.469093,-70.634682,nan
2024-08-08T16:26:36,79.469109,-70.634689,nan
2024-08-08T16:26:36,79.469124,-70.634697,nan
2024-08-08T16:26:35,79.469139,-70.634705,nan
2024-08-08T16:26:35,79.469154,-70.634712,nan
2024-08-08T16:26:34,79.469177,-70.634712,nan
2024-08-08T16:26:34,79.469193,-70.634712,nan
2024-08-08T16:26:33,79.469208,-70.634720,nan
2024-08-08T16:26:33,79.469231,-70.634720,nan
2024-08-08T16:26:32,79.469246,-70.634720,nan
2024-08-08T16:26:32,79.469261,-70.634727,nan
2024-08-08T16:26:31,79.469284,-70.634720,nan
2024-08-08T16:26:31,79.469299,-70.634720,nan
2024-08-08T16:26:30,79.469315,-70.634727,nan
2024-08-08T16:26:30,79.469330,-70.634727,nan
2024-08-08T16:26:29,79.469345,-70.634735,nan
2024-08-08T16:26:29,79.469360,-70.634743,nan
2024-08-08T16:26:28,79.469383,-70.634750,nan
2024-08-08T16:26:28,79.469398,-70.634750,nan
2024-08-08T16:26:27,79.469414,-70.634750,nan
2024-08-08T16:26:27,79.469429,-70.634750,nan
2024-08-08T16:26:26,79.469444,-70.634750,nan
2024-08-08T16:26:26,79.469467,-70.634750,nan
2024-08-08T16:26:25,79.469498,-70.634766,nan
2024-08-08T16:26:24,79.469521,-70.634766,nan
2024-08-08T16:26:24,79.469536,-70.634781,nan
2024-08-08T16:26:23,79.469559,-70.634796,nan
2024-08-08T16:26:23,79.469574,-70.634811,nan
2024-08-08T16:26:22,79.469597,-70.634827,nan
2024-08-08T16:26:22,79.469612,-70.634842,nan
2024-08-08T16:26:21,79.469627,-70.634857,nan
2024-08-08T16:26:21,79.469650,-70.634880,nan
2024-08-08T16:26:20,79.469666,-70.634903,nan
2024-08-08T16:26:20,79.469688,-70.634926,nan
2024-08-08T16:26:19,79.469704,-70.634949,nan
2024-08-08T16:26:19,79.469719,-70.634979,nan
2024-08-08T16:26:18,79.469734,-70.635002,nan
2024-08-08T16:26:18,79.469757,-70.635033,nan
2024-08-08T16:26:17,79.469772,-70.635056,nan
2024-08-08T16:26:17,79.469795,-70.635078,nan
2024-08-08T16:26:16,79.469810,-70.635101,nan
2024-08-08T16:26:16,79.469826,-70.635124,nan
2024-08-08T16:26:15,79.469849,-70.635139,nan
2024-08-08T16:26:15,79.469864,-70.635155,nan
2024-08-08T16:26:14,79.469879,-70.635178,nan
2024-08-08T16:26:14,79.469902,-70.635193,nan
2024-08-08T16:26:13,79.469917,-70.635216,nan
2024-08-08T16:26:13,79.469940,-70.635231,nan
2024-08-08T16:26:12,79.469955,-70.635246,nan
2024-08-08T16:26:12,79.469978,-70.635262,nan
2024-08-08T16:26:11,79.469994,-70.635277,nan
2024-08-08T16:26:11,79.470016,-70.635300,nan
2024-08-08T16:26:10,79.470032,-70.635315,nan
2024-08-08T16:26:10,79.470047,-70.635338,nan
2024-08-08T16:26:09,79.470070,-70.635353,nan
2024-08-08T16:26:09,79.470085,-70.635361,nan
2024-08-08T16:26:08,79.470100,-70.635376,nan
2024-08-08T16:26:08,79.470123,-70.635391,nan
2024-08-08T16:26:07,79.470139,-70.635406,nan
2024-08-08T16:26:07,79.470154,-70.635414,nan
2024-08-08T16:26:06,79.470177,-70.635422,nan
2024-08-08T16:26:06,79.470192,-70.635429,nan
2024-08-08T16:26:05,79.470207,-70.635445,nan
2024-08-08T16:26:05,79.470230,-70.635460,nan
2024-08-08T16:26:04,79.470245,-70.635475,nan
2024-08-08T16:26:04,79.470268,-70.635483,nan
2024-08-08T16:26:03,79.470284,-70.635490,nan
2024-08-08T16:26:03,79.470306,-70.635498,nan
2024-08-08T16:26:02,79.470322,-70.635506,nan
2024-08-08T16:26:02,79.470337,-70.635521,nan
2024-08-08T16:26:01,79.470360,-70.635536,nan
2024-08-08T16:26:01,79.470375,-70.635551,nan
2024-08-08T16:26:00,79.470398,-70.635559,nan
2024-08-08T16:26:00,79.470421,-70.635574,nan
2024-08-08T16:25:59,79.470436,-70.635590,nan
2024-08-08T16:25:59,79.470459,-70.635597,nan
2024-08-08T16:25:58,79.470482,-70.635612,nan
2024-08-08T16:25:58,79.470497,-70.635620,nan
2024-08-08T16:25:57,79.470520,-70.635628,nan
2024-08-08T16:25:57,79.470543,-70.635635,nan
2024-08-08T16:25:56,79.470566,-70.635643,nan
2024-08-08T16:25:56,79.470581,-70.635651,nan
2024-08-08T16:25:55,79.470604,-70.635658,nan
2024-08-08T16:25:55,79.470627,-70.635666,nan
2024-08-08T16:25:54,79.470650,-70.635666,nan
2024-08-08T16:25:53,79.470695,-70.635681,nan
2024-08-08T16:25:53,79.470718,-70.635689,nan
2024-08-08T16:25:52,79.470741,-70.635696,nan
2024-08-08T16:25:52,79.470764,-70.635704,nan
2024-08-08T16:25:51,79.470787,-70.635712,nan
2024-08-08T16:25:51,79.470810,-70.635719,nan
2024-08-08T16:25:50,79.470833,-70.635727,nan
2024-08-08T16:25:50,79.470856,-70.635735,nan
2024-08-08T16:25:49,79.470879,-70.635750,nan
2024-08-08T16:25:49,79.470909,-70.635757,nan
2024-08-08T16:25:48,79.470932,-70.635773,nan
2024-08-08T16:25:48,79.470955,-70.635788,nan
2024-08-08T16:25:47,79.470985,-70.635811,nan
2024-08-08T16:25:47,79.471008,-70.635826,nan
2024-08-08T16:25:46,79.471031,-70.635849,nan
2024-08-08T16:25:46,79.471062,-70.635864,nan
2024-08-08T16:25:45,79.471085,-70.635880,nan
2024-08-08T16:25:45,79.471115,-70.635902,nan
2024-08-08T16:25:44,79.471138,-70.635925,nan
2024-08-08T16:25:44,79.471169,-70.635941,nan
2024-08-08T16:25:43,79.471191,-70.635963,nan
2024-08-08T16:25:43,79.471214,-70.635979,nan
2024-08-08T16:25:42,79.471245,-70.635994,nan
2024-08-08T16:25:42,79.471268,-70.636009,nan
2024-08-08T16:25:41,79.471298,-70.636032,nan
2024-08-08T16:25:41,79.471321,-70.636055,nan
2024-08-08T16:25:40,79.471352,-70.636078,nan
2024-08-08T16:25:40,79.471375,-70.636101,nan
2024-08-08T16:25:39,79.471397,-70.636124,nan
2024-08-08T16:25:39,79.471428,-70.636154,nan
2024-08-08T16:25:38,79.471458,-70.636185,nan
2024-08-08T16:25:38,79.471481,-70.636215,nan
2024-08-08T16:25:37,79.471512,-70.636246,nan
2024-08-08T16:25:37,79.471535,-70.636276,nan
2024-08-08T16:25:36,79.471565,-70.636307,nan
2024-08-08T16:25:36,79.471596,-70.636337,nan
2024-08-08T16:25:35,79.471626,-70.636368,nan
2024-08-08T16:25:35,79.471649,-70.636406,nan
2024-08-08T16:25:34,79.471680,-70.636436,nan
2024-08-08T16:25:34,79.471710,-70.636475,nan
2024-08-08T16:25:33,79.471741,-70.636505,nan
2024-08-08T16:25:33,79.471771,-70.636543,nan
2024-08-08T16:25:32,79.471794,-70.636581,nan
2024-08-08T16:25:32,79.471825,-70.636612,nan
2024-08-08T16:25:31,79.471855,-70.636650,nan
2024-08-08T16:25:31,79.471886,-70.636681,nan
2024-08-08T16:25:30,79.471916,-70.636719,nan
2024-08-08T16:25:30,79.471939,-70.636749,nan
2024-08-08T16:25:29,79.471970,-70.636787,nan
2024-08-08T16:25:29,79.471992,-70.636818,nan
2024-08-08T16:25:28,79.472023,-70.636848,nan
2024-08-08T16:25:28,79.472054,-70.636887,nan
2024-08-08T16:25:27,79.472076,-70.636925,nan
2024-08-08T16:25:27,79.472107,-70.636971,nan
2024-08-08T16:25:26,79.472137,-70.637009,nan
2024-08-08T16:25:26,79.472160,-70.637054,nan
2024-08-08T16:25:25,79.472191,-70.637093,nan
2024-08-08T16:25:25,79.472221,-70.637138,nan
2024-08-08T16:25:24,79.472252,-70.637177,nan
2024-08-08T16:25:24,79.472275,-70.637222,nan
2024-08-08T16:25:23,79.472305,-70.637268,nan
2024-08-08T16:25:23,79.472336,-70.637306,nan
2024-08-08T16:25:22,79.472366,-70.637352,nan
2024-08-08T16:25:22,79.472389,-70.637398,nan
2024-08-08T16:25:21,79.472420,-70.637444,nan
2024-08-08T16:25:21,79.472443,-70.637497,nan
2024-08-08T16:25:20,79.472473,-70.637543,nan
2024-08-08T16:25:20,79.472504,-70.637589,nan
2024-08-08T16:25:19,79.472527,-70.637634,nan
2024-08-08T16:25:19,79.472557,-70.637680,nan
2024-08-08T16:25:18,79.472588,-70.637733,nan
2024-08-08T16:25:18,79.472618,-70.637779,nan
2024-08-08T16:25:17,79.472641,-70.637833,nan
2024-08-08T16:25:17,79.472672,-70.637878,nan
2024-08-08T16:25:16,79.472702,-70.637932,nan
2024-08-08T16:25:16,79.472733,-70.637985,nan
2024-08-08T16:25:15,79.472763,-70.638046,nan
2024-08-08T16:25:15,79.472794,-70.638092,nan
2024-08-08T16:25:14,79.472824,-70.638145,nan
2024-08-08T16:25:14,79.472855,-70.638199,nan
2024-08-08T16:25:13,79.472878,-70.638252,nan
2024-08-08T16:25:13,79.472908,-70.638306,nan
2024-08-08T16:25:12,79.472939,-70.638351,nan
2024-08-08T16:25:12,79.472969,-70.638405,nan
2024-08-08T16:25:11,79.473000,-70.638451,nan
2024-08-08T16:25:11,79.473022,-70.638496,nan
2024-08-08T16:25:10,79.473053,-70.638550,nan
2024-08-08T16:25:10,79.473083,-70.638603,nan
2024-08-08T16:25:09,79.473114,-70.638657,nan
2024-08-08T16:25:09,79.473145,-70.638710,nan
2024-08-08T16:25:08,79.473183,-70.638763,nan
2024-08-08T16:25:08,79.473213,-70.638824,nan
2024-08-08T16:25:07,79.473244,-70.638878,nan
2024-08-08T16:25:07,79.473274,-70.638939,nan
2024-08-08T16:25:06,79.473305,-70.639000,nan
2024-08-08T16:25:06,79.473335,-70.639061,nan
2024-08-08T16:25:05,79.473373,-70.639122,nan
2024-08-08T16:25:05,79.473404,-70.639191,nan
2024-08-08T16:25:04,79.473434,-70.639267,nan
2024-08-08T16:25:04,79.473465,-70.639336,nan
2024-08-08T16:25:03,79.473495,-70.639420,nan
2024-08-08T16:25:03,79.473526,-70.639496,nan
2024-08-08T16:25:02,79.473557,-70.639580,nan
2024-08-08T16:25:02,79.473587,-70.639664,nan
2024-08-08T16:25:01,79.473618,-70.639748,nan
2024-08-08T16:25:01,79.473640,-70.639832,nan
2024-08-08T16:25:00,79.473671,-70.639915,nan
2024-08-08T16:25:00,79.473701,-70.639999,nan
2024-08-08T16:24:59,79.473732,-70.640076,nan
2024-08-08T16:24:59,79.473763,-70.640160,nan
2024-08-08T16:24:58,79.473793,-70.640236,nan
2024-08-08T16:24:58,79.473824,-70.640312,nan
2024-08-08T16:24:57,79.473854,-70.640388,nan
2024-08-08T16:24:57,79.473885,-70.640465,nan
2024-08-08T16:24:56,79.473915,-70.640541,nan
2024-08-08T16:24:56,79.473946,-70.640625,nan
2024-08-08T16:24:55,79.473976,-70.640701,nan
2024-08-08T16:24:55,79.474007,-70.640785,nan
2024-08-08T16:24:54,79.474030,-70.640862,nan
2024-08-08T16:24:54,79.474060,-70.640945,nan
2024-08-08T16:24:53,79.474091,-70.641029,nan
2024-08-08T16:24:53,79.474121,-70.641113,nan
2024-08-08T16:24:52,79.474152,-70.641190,nan
2024-08-08T16:24:52,79.474174,-70.641281,nan
2024-08-08T16:24:51,79.474205,-70.641365,nan
2024-08-08T16:24:51,79.474236,-70.641449,nan
2024-08-08T16:24:50,79.474266,-70.641541,nan
2024-08-08T16:24:50,79.474289,-70.641624,nan
2024-08-08T16:24:49,79.474319,-70.641716,nan
2024-08-08T16:24:49,79.474350,-70.641808,nan
2024-08-08T16:24:48,79.474380,-70.641891,nan
2024-08-08T16:24:48,79.474411,-70.641983,nan
2024-08-08T16:24:47,79.474442,-70.642075,nan
2024-08-08T16:24:47,79.474464,-70.642159,nan
2024-08-08T16:24:46,79.474495,-70.642250,nan
2024-08-08T16:24:46,79.474525,-70.642342,nan
2024-08-08T16:24:45,79.474556,-70.642433,nan
2024-08-08T16:24:45,79.474586,-70.642525,nan
2024-08-08T16:24:44,79.474617,-70.642616,nan
2024-08-08T16:24:44,79.474648,-70.642700,nan
2024-08-08T16:24:43,79.474678,-70.642792,nan
2024-08-08T16:24:43,79.474709,-70.642876,nan
2024-08-08T16:24:42,79.474739,-70.642960,nan
2024-08-08T16:24:42,79.474770,-70.643044,nan
2024-08-08T16:24:41,79.474792,-70.643127,nan
2024-08-08T16:24:41,79.474823,-70.643211,nan
2024-08-08T16:24:40,79.474854,-70.643295,nan
2024-08-08T16:24:40,79.474876,-70.643387,nan
2024-08-08T16:24:39,79.474907,-70.643471,nan
2024-08-08T16:24:39,79.474937,-70.643562,nan
2024-08-08T16:24:38,79.474968,-70.643654,nan
2024-08-08T16:24:38,79.474998,-70.643745,nan
2024-08-08T16:24:37,79.475029,-70.643837,nan
2024-08-08T16:24:37,79.475060,-70.643929,nan
2024-08-08T16:24:36,79.475090,-70.644020,nan
2024-08-08T16:24:36,79.475121,-70.644119,nan
2024-08-08T16:24:35,79.475151,-70.644218,nan
2024-08-08T16:24:35,79.475182,-70.644318,nan
2024-08-08T16:24:34,79.475212,-70.644417,nan
2024-08-08T16:24:34,79.475243,-70.644516,nan
2024-08-08T16:24:33,79.475273,-70.644615,nan
2024-08-08T16:24:33,79.475304,-70.644714,nan
2024-08-08T16:24:32,79.475334,-70.644821,nan
2024-08-08T16:24:32,79.475365,-70.644928,nan
2024-08-08T16:24:31,79.475395,-70.645027,nan
2024-08-08T16:24:31,79.475426,-70.645134,nan
2024-08-08T16:24:30,79.475456,-70.645241,nan
2024-08-08T16:24:30,79.475487,-70.645340,nan
2024-08-08T16:24:29,79.475517,-70.645447,nan
2024-08-08T16:24:29,79.475548,-70.645554,nan
2024-08-08T16:24:28,79.475578,-70.645653,nan
2024-08-08T16:24:28,79.475609,-70.645760,nan
2024-08-08T16:24:27,79.475639,-70.645859,nan
2024-08-08T16:24:27,79.475670,-70.645966,nan
2024-08-08T16:24:26,79.475700,-70.646072,nan
2024-08-08T16:24:26,79.475731,-70.646179,nan
2024-08-08T16:24:25,79.475761,-70.646286,nan
2024-08-08T16:24:25,79.475792,-70.646400,nan
2024-08-08T16:24:24,79.475822,-70.646507,nan
2024-08-08T16:24:24,79.475845,-70.646614,nan
2024-08-08T16:24:23,79.475876,-70.646721,nan
2024-08-08T16:24:23,79.475906,-70.646828,nan
2024-08-08T16:24:22,79.475937,-70.646935,nan
2024-08-08T16:24:22,79.475967,-70.647049,nan
2024-08-08T16:24:21,79.475998,-70.647156,nan
2024-08-08T16:24:21,79.476021,-70.647270,nan
2024-08-08T16:24:20,79.476051,-70.647377,nan
2024-08-08T16:24:20,79.476082,-70.647491,nan
2024-08-08T16:24:19,79.476112,-70.647598,nan
2024-08-08T16:24:18,79.476173,-70.647820,nan
2024-08-08T16:24:18,79.476196,-70.647926,nan
2024-08-08T16:24:17,79.476227,-70.648033,nan
2024-08-08T16:24:17,79.476257,-70.648140,nan
2024-08-08T16:24:16,79.476288,-70.648247,nan
2024-08-08T16:24:16,79.476318,-70.648354,nan
2024-08-08T16:24:15,79.476341,-70.648460,nan
2024-08-08T16:24:15,79.476372,-70.648560,nan
2024-08-08T16:24:14,79.476402,-70.648666,nan
2024-08-08T16:24:14,79.476433,-70.648781,nan
2024-08-08T16:24:13,79.476463,-70.648888,nan
2024-08-08T16:24:13,79.476494,-70.648994,nan
2024-08-08T16:24:12,79.476517,-70.649109,nan
2024-08-08T16:24:12,79.476547,-70.649216,nan
2024-08-08T16:24:11,79.476578,-70.649323,nan
2024-08-08T16:24:11,79.476608,-70.649437,nan
2024-08-08T16:24:10,79.476639,-70.649544,nan
2024-08-08T16:24:10,79.476662,-70.649658,nan
2024-08-08T16:24:09,79.476692,-70.649765,nan
2024-08-08T16:24:09,79.476723,-70.649879,nan
2024-08-08T16:24:08,79.476753,-70.649994,nan
2024-08-08T16:24:08,79.476776,-70.650108,nan
2024-08-08T16:24:07,79.476807,-70.650223,nan
2024-08-08T16:24:07,79.476837,-70.650337,nan
2024-08-08T16:24:06,79.476860,-70.650452,nan
2024-08-08T16:24:06,79.476891,-70.650574,nan
2024-08-08T16:24:05,79.476913,-70.650696,nan
2024-08-08T16:24:05,79.476944,-70.650810,nan
2024-08-08T16:24:04,79.476974,-70.650932,nan
2024-08-08T16:24:04,79.476997,-70.651054,nan
2024-08-08T16:24:03,79.477028,-70.651176,nan
2024-08-08T16:24:03,79.477051,-70.651306,nan
2024-08-08T16:24:02,79.477081,-70.651428,nan
2024-08-08T16:24:02,79.477104,-70.651558,nan
2024-08-08T16:24:01,79.477135,-70.651688,nan
2024-08-08T16:24:01,79.477158,-70.651817,nan
2024-08-08T16:24:00,79.477180,-70.651947,nan
2024-08-08T16:24:00,79.477203,-70.652077,nan
2024-08-08T16:23:59,79.477234,-70.652214,nan
2024-08-08T16:23:59,79.477257,-70.652351,nan
2024-08-08T16:23:58,79.477280,-70.652489,nan
2024-08-08T16:23:58,79.477303,-70.652626,nan
2024-08-08T16:23:57,79.477325,-70.652763,nan
2024-08-08T16:23:57,79.477356,-70.652901,nan
2024-08-08T16:23:56,79.477379,-70.653030,nan
2024-08-08T16:23:56,79.477402,-70.653175,nan
2024-08-08T16:23:55,79.477425,-70.653313,nan
2024-08-08T16:23:55,79.477448,-70.653450,nan
2024-08-08T16:23:54,79.477463,-70.653587,nan
2024-08-08T16:23:54,79.477486,-70.653732,nan
2024-08-08T16:23:53,79.477509,-70.653877,nan
2024-08-08T16:23:53,79.477531,-70.654022,nan
2024-08-08T16:23:52,79.477554,-70.654160,nan
2024-08-08T16:23:52,79.477577,-70.654305,nan
2024-08-08T16:23:51,79.477600,-70.654449,nan
2024-08-08T16:23:51,79.477615,-70.654602,nan
2024-08-08T16:23:50,79.477638,-70.654755,nan
2024-08-08T16:23:50,79.477661,-70.654900,nan
2024-08-08T16:23:49,79.477684,-70.655052,nan
2024-08-08T16:23:49,79.477707,-70.655197,nan
2024-08-08T16:23:48,79.477730,-70.655342,nan
2024-08-08T16:23:48,79.477753,-70.655495,nan
2024-08-08T16:23:47,79.477783,-70.655640,nan
2024-08-08T16:23:47,79.477806,-70.655785,nan
2024-08-08T16:23:46,79.477829,-70.655930,nan
2024-08-08T16:23:46,79.477859,-70.656075,nan
2024-08-08T16:23:45,79.477882,-70.656227,nan
2024-08-08T16:23:45,79.477913,-70.656380,nan
2024-08-08T16:23:44,79.477936,-70.656532,nan
2024-08-08T16:23:44,79.477966,-70.656677,nan
2024-08-08T16:23:43,79.477997,-70.656830,nan
2024-08-08T16:23:43,79.478020,-70.656990,nan
2024-08-08T16:23:42,79.478050,-70.657150,nan
2024-08-08T16:23:42,79.478081,-70.657303,nan
2024-08-08T16:23:41,79.478104,-70.657463,nan
2024-08-08T16:23:41,79.478134,-70.657631,nan
2024-08-08T16:23:40,79.478157,-70.657799,nan
2024-08-08T16:23:40,79.478188,-70.657967,nan
2024-08-08T16:23:39,79.478218,-70.658142,nan
2024-08-08T16:23:39,79.478241,-70.658318,nan
2024-08-08T16:23:38,79.478271,-70.658493,nan
2024-08-08T16:23:38,79.478302,-70.658676,nan
2024-08-08T16:23:37,79.478333,-70.658852,nan
2024-08-08T16:23:37,79.478363,-70.659027,nan
2024-08-08T16:23:36,79.478401,-70.659203,nan
2024-08-08T16:23:36,79.478432,-70.659386,nan
2024-08-08T16:23:35,79.478462,-70.659554,nan
2024-08-08T16:23:35,79.478500,-70.659729,nan
2024-08-08T16:23:34,79.478531,-70.659904,nan
2024-08-08T16:23:34,79.478569,-70.660072,nan
2024-08-08T16:23:33,79.478607,-70.660240,nan
2024-08-08T16:23:33,79.478638,-70.660416,nan
2024-08-08T16:23:32,79.478676,-70.660591,nan
2024-08-08T16:23:32,79.478714,-70.660774,nan
2024-08-08T16:23:31,79.478790,-70.661133,nan
2024-08-08T16:23:30,79.478821,-70.661324,nan
2024-08-08T16:23:30,79.478859,-70.661514,nan
2024-08-08T16:23:29,79.478897,-70.661697,nan
2024-08-08T16:23:29,79.478935,-70.661888,nan
2024-08-08T16:23:28,79.478973,-70.662071,nan
2024-08-08T16:23:28,79.479012,-70.662262,nan
2024-08-08T16:23:27,79.479050,-70.662453,nan
2024-08-08T16:23:27,79.479088,-70.662636,nan
2024-08-08T16:23:26,79.479126,-70.662819,nan
2024-08-08T16:23:26,79.479164,-70.663010,nan
2024-08-08T16:23:25,79.479202,-70.663193,nan
2024-08-08T16:23:25,79.479240,-70.663383,nan
2024-08-08T16:23:24,79.479279,-70.663574,nan
2024-08-08T16:23:24,79.479317,-70.663765,nan
2024-08-08T16:23:23,79.479347,-70.663956,nan
2024-08-08T16:23:23,79.479385,-70.664146,nan
2024-08-08T16:23:22,79.479424,-70.664337,nan
2024-08-08T16:23:22,79.479462,-70.664528,nan
2024-08-08T16:23:21,79.479507,-70.664719,nan
2024-08-08T16:23:21,79.479546,-70.664902,nan
2024-08-08T16:23:20,79.479584,-70.665092,nan
2024-08-08T16:23:20,79.479622,-70.665283,nan
2024-08-08T16:23:19,79.479660,-70.665474,nan
2024-08-08T16:23:19,79.479698,-70.665665,nan
2024-08-08T16:23:18,79.479736,-70.665848,nan
2024-08-08T16:23:18,79.479774,-70.666039,nan
2024-08-08T16:23:17,79.479813,-70.666229,nan
2024-08-08T16:23:16,79.479889,-70.666603,nan
2024-08-08T16:23:16,79.479927,-70.666794,nan
2024-08-08T16:23:15,79.479965,-70.666985,nan
2024-08-08T16:23:15,79.480003,-70.667175,nan
2024-08-08T16:23:14,79.480042,-70.667374,nan
2024-08-08T16:23:14,79.480080,-70.667564,nan
2024-08-08T16:23:13,79.480118,-70.667755,nan
2024-08-08T16:23:13,79.480156,-70.667953,nan
2024-08-08T16:23:12,79.480194,-70.668152,nan
2024-08-08T16:23:12,79.480232,-70.668350,nan
2024-08-08T16:23:11,79.480270,-70.668549,nan
2024-08-08T16:23:11,79.480309,-70.668747,nan
2024-08-08T16:23:10,79.480347,-70.668945,nan
2024-08-08T16:23:10,79.480385,-70.669151,nan
2024-08-08T16:23:09,79.480423,-70.669357,nan
2024-08-08T16:23:09,79.480461,-70.669556,nan
2024-08-08T16:23:08,79.480499,-70.669762,nan
2024-08-08T16:23:08,79.480537,-70.669960,nan
2024-08-08T16:23:07,79.480568,-70.670166,nan
2024-08-08T16:23:07,79.480606,-70.670364,nan
2024-08-08T16:23:06,79.480644,-70.670555,nan
2024-08-08T16:23:06,79.480682,-70.670753,nan
2024-08-08T16:23:05,79.480721,-70.670944,nan
2024-08-08T16:23:05,79.480759,-70.671143,nan
2024-08-08T16:23:04,79.480797,-70.671341,nan
2024-08-08T16:23:04,79.480835,-70.671532,nan
2024-08-08T16:23:03,79.480881,-70.671730,nan
2024-08-08T16:23:03,79.480919,-70.671928,nan
2024-08-08T16:23:02,79.480957,-70.672134,nan
2024-08-08T16:23:02,79.480995,-70.672340,nan
2024-08-08T16:23:01,79.481033,-70.672539,nan
2024-08-08T16:23:01,79.481071,-70.672745,nan
2024-08-08T16:23:00,79.481110,-70.672958,nan
2024-08-08T16:23:00,79.481148,-70.673164,nan
2024-08-08T16:22:59,79.481186,-70.673370,nan
2024-08-08T16:22:59,79.481224,-70.673576,nan
2024-08-08T16:22:58,79.481262,-70.673775,nan
2024-08-08T16:22:58,79.481300,-70.673981,nan
2024-08-08T16:22:57,79.481339,-70.674179,nan
2024-08-08T16:22:57,79.481384,-70.674377,nan
2024-08-08T16:22:56,79.481422,-70.674576,nan
2024-08-08T16:22:56,79.481461,-70.674774,nan
2024-08-08T16:22:55,79.481499,-70.674980,nan
2024-08-08T16:22:55,79.481537,-70.675179,nan
2024-08-08T16:22:54,79.481575,-70.675385,nan
2024-08-08T16:22:54,79.481621,-70.675598,nan
2024-08-08T16:22:53,79.481659,-70.675804,nan
2024-08-08T16:22:53,79.481697,-70.676018,nan
2024-08-08T16:22:52,79.481735,-70.676231,nan
2024-08-08T16:22:52,79.481781,-70.676445,nan
2024-08-08T16:22:51,79.481819,-70.676666,nan
2024-08-08T16:22:51,79.481857,-70.676880,nan
2024-08-08T16:22:50,79.481903,-70.677101,nan
2024-08-08T16:22:50,79.481941,-70.677322,nan
2024-08-08T16:22:49,79.481987,-70.677536,nan
2024-08-08T16:22:49,79.482025,-70.677765,nan
2024-08-08T16:22:48,79.482071,-70.677986,nan
2024-08-08T16:22:48,79.482117,-70.678207,nan
2024-08-08T16:22:47,79.482155,-70.678436,nan
2024-08-08T16:22:47,79.482201,-70.678658,nan
2024-08-08T16:22:46,79.482246,-70.678886,nan
2024-08-08T16:22:46,79.482292,-70.679115,nan
2024-08-08T16:22:45,79.482330,-70.679344,nan
2024-08-08T16:22:45,79.482376,-70.679565,nan
2024-08-08T16:22:44,79.482422,-70.679802,nan
2024-08-08T16:22:44,79.482468,-70.680031,nan
2024-08-08T16:22:43,79.482506,-70.680267,nan
2024-08-08T16:22:43,79.482552,-70.680504,nan
2024-08-08T16:22:42,79.482597,-70.680740,nan
2024-08-08T16:22:42,79.482635,-70.680984,nan
2024-08-08T16:22:41,79.482681,-70.681229,nan
2024-08-08T16:22:41,79.482719,-70.681465,nan
2024-08-08T16:22:40,79.482765,-70.681709,nan
2024-08-08T16:22:40,79.482803,-70.681961,nan
2024-08-08T16:22:39,79.482849,-70.682213,nan
2024-08-08T16:22:39,79.482887,-70.682465,nan
2024-08-08T16:22:38,79.482933,-70.682724,nan
2024-08-08T16:22:38,79.482971,-70.682976,nan
2024-08-08T16:22:37,79.483017,-70.683235,nan
2024-08-08T16:22:37,79.483063,-70.683495,nan
2024-08-08T16:22:36,79.483101,-70.683746,nan
2024-08-08T16:22:36,79.483147,-70.684006,nan
2024-08-08T16:22:35,79.483185,-70.684265,nan
2024-08-08T16:22:35,79.483231,-70.684525,nan
2024-08-08T16:22:34,79.483269,-70.684784,nan
2024-08-08T16:22:34,79.483315,-70.685051,nan
2024-08-08T16:22:33,79.483360,-70.685318,nan
2024-08-08T16:22:33,79.483406,-70.685577,nan
2024-08-08T16:22:32,79.483444,-70.685844,nan
2024-08-08T16:22:32,79.483490,-70.686119,nan
2024-08-08T16:22:31,79.483536,-70.686386,nan
2024-08-08T16:22:31,79.483582,-70.686661,nan
2024-08-08T16:22:30,79.483627,-70.686928,nan
2024-08-08T16:22:30,79.483673,-70.687202,nan
2024-08-08T16:22:29,79.483719,-70.687469,nan
2024-08-08T16:22:29,79.483765,-70.687744,nan
2024-08-08T16:22:28,79.483810,-70.688019,nan
2024-08-08T16:22:28,79.483856,-70.688301,nan
2024-08-08T16:22:27,79.483902,-70.688576,nan
2024-08-08T16:22:27,79.483948,-70.688858,nan
2024-08-08T16:22:26,79.483994,-70.689140,nan
2024-08-08T16:22:26,79.484039,-70.689423,nan
2024-08-08T16:22:25,79.484085,-70.689705,nan
2024-08-08T16:22:25,79.484138,-70.689995,nan
2024-08-08T16:22:24,79.484238,-70.690590,nan
2024-08-08T16:22:23,79.484283,-70.690895,nan
2024-08-08T16:22:23,79.484337,-70.691193,nan
2024-08-08T16:22:22,79.484383,-70.691498,nan
2024-08-08T16:22:22,79.484436,-70.691803,nan
2024-08-08T16:22:21,79.484489,-70.692108,nan
2024-08-08T16:22:21,79.484543,-70.692413,nan
2024-08-08T16:22:20,79.484589,-70.692719,nan
2024-08-08T16:22:20,79.484642,-70.693024,nan
2024-08-08T16:22:19,79.484695,-70.693336,nan
2024-08-08T16:22:19,79.484749,-70.693642,nan
2024-08-08T16:22:18,79.484802,-70.693947,nan
2024-08-08T16:22:18,79.484848,-70.694252,nan
2024-08-08T16:22:17,79.484901,-70.694565,nan
2024-08-08T16:22:17,79.484955,-70.694878,nan
2024-08-08T16:22:16,79.485008,-70.695183,nan
2024-08-08T16:22:16,79.485062,-70.695496,nan
2024-08-08T16:22:15,79.485115,-70.695808,nan
2024-08-08T16:22:15,79.485168,-70.696121,nan
2024-08-08T16:22:14,79.485222,-70.696434,nan
2024-08-08T16:22:14,79.485275,-70.696747,nan
2024-08-08T16:22:13,79.485329,-70.697060,nan
2024-08-08T16:22:13,79.485382,-70.697372,nan
2024-08-08T16:22:12,79.485435,-70.697685,nan
2024-08-08T16:22:12,79.485489,-70.697998,nan
2024-08-08T16:22:11,79.485542,-70.698318,nan
2024-08-08T16:22:11,79.485596,-70.698631,nan
2024-08-08T16:22:10,79.485649,-70.698944,nan
2024-08-08T16:22:10,79.485703,-70.699265,nan
2024-08-08T16:22:09,79.485764,-70.699577,nan
2024-08-08T16:22:09,79.485817,-70.699890,nan
2024-08-08T16:22:08,79.485870,-70.700211,nan
2024-08-08T16:22:08,79.485924,-70.700523,nan
2024-08-08T16:22:07,79.485977,-70.700844,nan
2024-08-08T16:22:07,79.486031,-70.701157,nan
2024-08-08T16:22:06,79.486084,-70.701477,nan
2024-08-08T16:22:06,79.486137,-70.701790,nan
2024-08-08T16:22:05,79.486198,-70.702110,nan
2024-08-08T16:22:05,79.486252,-70.702431,nan
2024-08-08T16:22:04,79.486305,-70.702751,nan
2024-08-08T16:22:04,79.486359,-70.703072,nan
2024-08-08T16:22:03,79.486412,-70.703392,nan
2024-08-08T16:22:03,79.486465,-70.703720,nan
2024-08-08T16:22:02,79.486519,-70.704041,nan
2024-08-08T16:22:02,79.486572,-70.704369,nan
2024-08-08T16:22:01,79.486626,-70.704689,nan
2024-08-08T16:22:01,79.486679,-70.705017,nan
2024-08-08T16:22:00,79.486732,-70.705353,nan
2024-08-08T16:22:00,79.486786,-70.705688,nan
2024-08-08T16:21:59,79.486839,-70.706017,nan
2024-08-08T16:21:59,79.486893,-70.706352,nan
2024-08-08T16:21:58,79.486946,-70.706688,nan
2024-08-08T16:21:58,79.487000,-70.707031,nan
2024-08-08T16:21:57,79.487053,-70.707367,nan
2024-08-08T16:21:57,79.487106,-70.707703,nan
2024-08-08T16:21:56,79.487160,-70.708038,nan
2024-08-08T16:21:56,79.487213,-70.708382,nan
2024-08-08T16:21:55,79.487267,-70.708717,nan
2024-08-08T16:21:55,79.487320,-70.709061,nan
2024-08-08T16:21:54,79.487381,-70.709396,nan
2024-08-08T16:21:54,79.487434,-70.709740,nan
2024-08-08T16:21:53,79.487488,-70.710075,nan
2024-08-08T16:21:53,79.487549,-70.710419,nan
2024-08-08T16:21:52,79.487602,-70.710754,nan
2024-08-08T16:21:52,79.487663,-70.711090,nan
2024-08-08T16:21:51,79.487724,-70.711433,nan
2024-08-08T16:21:51,79.487778,-70.711777,nan
2024-08-08T16:21:50,79.487839,-70.712112,nan
2024-08-08T16:21:50,79.487907,-70.712448,nan
2024-08-08T16:21:49,79.487968,-70.712791,nan
2024-08-08T16:21:49,79.488029,-70.713127,nan
2024-08-08T16:21:48,79.488098,-70.713470,nan
2024-08-08T16:21:48,79.488159,-70.713806,nan
2024-08-08T16:21:47,79.488228,-70.714142,nan
2024-08-08T16:21:47,79.488297,-70.714485,nan
2024-08-08T16:21:46,79.488365,-70.714828,nan
2024-08-08T16:21:46,79.488426,-70.715172,nan
2024-08-08T16:21:45,79.488503,-70.715523,nan
2024-08-08T16:21:45,79.488571,-70.715874,nan
2024-08-08T16:21:44,79.488640,-70.716225,nan
2024-08-08T16:21:44,79.488708,-70.716583,nan
2024-08-08T16:21:43,79.488777,-70.716949,nan
2024-08-08T16:21:43,79.488846,-70.717316,nan
2024-08-08T16:21:42,79.488914,-70.717682,nan
2024-08-08T16:21:42,79.488983,-70.718063,nan
2024-08-08T16:21:41,79.489052,-70.718437,nan
2024-08-08T16:21:41,79.489120,-70.718819,nan
2024-08-08T16:21:40,79.489189,-70.719208,nan
2024-08-08T16:21:40,79.489258,-70.719589,nan
2024-08-08T16:21:39,79.489319,-70.719986,nan
2024-08-08T16:21:39,79.489388,-70.720383,nan
2024-08-08T16:21:38,79.489456,-70.720779,nan
2024-08-08T16:21:38,79.489517,-70.721184,nan
2024-08-08T16:21:37,79.489586,-70.721588,nan
2024-08-08T16:21:37,79.489655,-70.722000,nan
2024-08-08T16:21:36,79.489716,-70.722404,nan
2024-08-08T16:21:36,79.489777,-70.722816,nan
2024-08-08T16:21:35,79.489845,-70.723236,nan
2024-08-08T16:21:35,79.489906,-70.723648,nan
2024-08-08T16:21:34,79.489967,-70.724068,nan
2024-08-08T16:21:34,79.490036,-70.724480,nan
2024-08-08T16:21:33,79.490097,-70.724892,nan
2024-08-08T16:21:33,79.490166,-70.725304,nan
2024-08-08T16:21:32,79.490227,-70.725716,nan
2024-08-08T16:21:32,79.490288,-70.726128,nan
2024-08-08T16:21:31,79.490356,-70.726532,nan
2024-08-08T16:21:31,79.490417,-70.726936,nan
2024-08-08T16:21:30,79.490486,-70.727348,nan
2024-08-08T16:21:30,79.490547,-70.727753,nan
2024-08-08T16:21:29,79.490616,-70.728149,nan
2024-08-08T16:21:29,79.490685,-70.728554,nan
2024-08-08T16:21:28,79.490746,-70.728966,nan
2024-08-08T16:21:28,79.490814,-70.729362,nan
2024-08-08T16:21:27,79.490883,-70.729767,nan
2024-08-08T16:21:27,79.490952,-70.730171,nan
2024-08-08T16:21:26,79.491020,-70.730576,nan
2024-08-08T16:21:26,79.491081,-70.730980,nan
2024-08-08T16:21:25,79.491150,-70.731384,nan
2024-08-08T16:21:25,79.491219,-70.731796,nan
2024-08-08T16:21:24,79.491287,-70.732201,nan
2024-08-08T16:21:24,79.491356,-70.732605,nan
2024-08-08T16:21:23,79.491425,-70.733017,nan
2024-08-08T16:21:23,79.491493,-70.733429,nan
2024-08-08T16:21:22,79.491562,-70.733841,nan
2024-08-08T16:21:22,79.491631,-70.734261,nan
2024-08-08T16:21:21,79.491699,-70.734673,nan
2024-08-08T16:21:21,79.491760,-70.735092,nan
2024-08-08T16:21:20,79.491829,-70.735504,nan
2024-08-08T16:21:20,79.491898,-70.735924,nan
2024-08-08T16:21:19,79.491966,-70.736343,nan
2024-08-08T16:21:19,79.492035,-70.736763,nan
2024-08-08T16:21:18,79.492104,-70.737183,nan
2024-08-08T16:21:18,79.492172,-70.737595,nan
2024-08-08T16:21:17,79.492241,-70.738014,nan
2024-08-08T16:21:17,79.492310,-70.738434,nan
2024-08-08T16:21:16,79.492378,-70.738853,nan
2024-08-08T16:21:16,79.492447,-70.739281,nan
2024-08-08T16:21:15,79.492516,-70.739700,nan
2024-08-08T16:21:15,79.492584,-70.740120,nan
2024-08-08T16:21:14,79.492653,-70.740547,nan
2024-08-08T16:21:14,79.492722,-70.740974,nan
2024-08-08T16:21:13,79.492790,-70.741394,nan
2024-08-08T16:21:13,79.492851,-70.741821,nan
2024-08-08T16:21:12,79.492920,-70.742249,nan
2024-08-08T16:21:12,79.492989,-70.742683,nan
2024-08-08T16:21:11,79.493050,-70.743118,nan
2024-08-08T16:21:11,79.493118,-70.743553,nan
2024-08-08T16:21:10,79.493179,-70.743996,nan
2024-08-08T16:21:10,79.493248,-70.744431,nan
2024-08-08T16:21:09,79.493309,-70.744865,nan
2024-08-08T16:21:09,79.493378,-70.745308,nan
2024-08-08T16:21:08,79.493439,-70.745743,nan
2024-08-08T16:21:08,79.493507,-70.746185,nan
2024-08-08T16:21:07,79.493576,-70.746620,nan
2024-08-08T16:21:07,79.493637,-70.747055,nan
2024-08-08T16:21:06,79.493706,-70.747490,nan
2024-08-08T16:21:06,79.493774,-70.747925,nan
2024-08-08T16:21:05,79.493843,-70.748360,nan
2024-08-08T16:21:05,79.493912,-70.748802,nan
2024-08-08T16:21:04,79.493980,-70.749237,nan
2024-08-08T16:21:04,79.494049,-70.749672,nan
2024-08-08T16:21:03,79.494118,-70.750107,nan
2024-08-08T16:21:03,79.494186,-70.750549,nan
2024-08-08T16:21:02,79.494263,-70.750992,nan
2024-08-08T16:21:02,79.494331,-70.751427,nan
2024-08-08T16:21:01,79.494408,-70.751869,nan
2024-08-08T16:21:01,79.494484,-70.752304,nan
2024-08-08T16:21:00,79.494560,-70.752747,nan
2024-08-08T16:21:00,79.494637,-70.753181,nan
2024-08-08T16:20:59,79.494713,-70.753624,nan
2024-08-08T16:20:59,79.494789,-70.754059,nan
2024-08-08T16:20:58,79.494865,-70.754494,nan
2024-08-08T16:20:58,79.494942,-70.754936,nan
2024-08-08T16:20:57,79.495026,-70.755371,nan
2024-08-08T16:20:57,79.495102,-70.755814,nan
2024-08-08T16:20:56,79.495178,-70.756248,nan
2024-08-08T16:20:56,79.495255,-70.756691,nan
2024-08-08T16:20:55,79.495338,-70.757133,nan
2024-08-08T16:20:55,79.495415,-70.757568,nan
2024-08-08T16:20:54,79.495491,-70.758011,nan
2024-08-08T16:20:54,79.495575,-70.758453,nan
2024-08-08T16:20:53,79.495651,-70.758904,nan
2024-08-08T16:20:53,79.495728,-70.759346,nan
2024-08-08T16:20:52,79.495804,-70.759796,nan
2024-08-08T16:20:52,79.495888,-70.760246,nan
2024-08-08T16:20:51,79.495964,-70.760704,nan
2024-08-08T16:20:51,79.496040,-70.761154,nan
2024-08-08T16:20:50,79.496124,-70.761612,nan
2024-08-08T16:20:50,79.496201,-70.762070,nan
2024-08-08T16:20:49,79.496284,-70.762527,nan
2024-08-08T16:20:49,79.496361,-70.762985,nan
2024-08-08T16:20:48,79.496445,-70.763443,nan
2024-08-08T16:20:48,79.496529,-70.763901,nan
2024-08-08T16:20:47,79.496605,-70.764359,nan
2024-08-08T16:20:47,79.496689,-70.764824,nan
2024-08-08T16:20:46,79.496773,-70.765282,nan
2024-08-08T16:20:46,79.496857,-70.765747,nan
2024-08-08T16:20:45,79.496941,-70.766212,nan
2024-08-08T16:20:45,79.497025,-70.766685,nan
2024-08-08T16:20:44,79.497108,-70.767159,nan
2024-08-08T16:20:44,79.497192,-70.767632,nan
2024-08-08T16:20:43,79.497276,-70.768112,nan
2024-08-08T16:20:43,79.497360,-70.768593,nan
2024-08-08T16:20:42,79.497452,-70.769081,nan
2024-08-08T16:20:42,79.497536,-70.769569,nan
2024-08-08T16:20:41,79.497620,-70.770050,nan
2024-08-08T16:20:41,79.497704,-70.770538,nan
2024-08-08T16:20:40,79.497795,-70.771027,nan
2024-08-08T16:20:40,79.497879,-70.771507,nan
2024-08-08T16:20:39,79.497963,-70.771996,nan
2024-08-08T16:20:39,79.498047,-70.772484,nan
2024-08-08T16:20:38,79.498138,-70.772980,nan
2024-08-08T16:20:38,79.498222,-70.773476,nan
2024-08-08T16:20:37,79.498306,-70.773972,nan
2024-08-08T16:20:37,79.498390,-70.774475,nan
2024-08-08T16:20:36,79.498482,-70.774979,nan
2024-08-08T16:20:36,79.498566,-70.775482,nan
2024-08-08T16:20:35,79.498657,-70.775986,nan
2024-08-08T16:20:35,79.498741,-70.776497,nan
2024-08-08T16:20:34,79.498833,-70.777008,nan
2024-08-08T16:20:34,79.498924,-70.777527,nan
2024-08-08T16:20:33,79.499008,-70.778038,nan
2024-08-08T16:20:33,79.499100,-70.778557,nan
2024-08-08T16:20:32,79.499184,-70.779083,nan
2024-08-08T16:20:32,79.499275,-70.779602,nan
2024-08-08T16:20:31,79.499367,-70.780128,nan
2024-08-08T16:20:31,79.499451,-70.780647,nan
2024-08-08T16:20:30,79.499542,-70.781174,nan
2024-08-08T16:20:30,79.499634,-70.781693,nan
2024-08-08T16:20:29,79.499718,-70.782219,nan
2024-08-08T16:20:29,79.499809,-70.782745,nan
2024-08-08T16:20:28,79.499901,-70.783272,nan
2024-08-08T16:20:28,79.499992,-70.783806,nan
2024-08-08T16:20:27,79.500084,-70.784332,nan
2024-08-08T16:20:27,79.500175,-70.784866,nan
2024-08-08T16:20:26,79.500267,-70.785400,nan
2024-08-08T16:20:26,79.500359,-70.785927,nan
2024-08-08T16:20:25,79.500450,-70.786461,nan
2024-08-08T16:20:25,79.500542,-70.786987,nan
2024-08-08T16:20:24,79.500633,-70.787514,nan
2024-08-08T16:20:24,79.500732,-70.788048,nan
2024-08-08T16:20:23,79.500824,-70.788567,nan
2024-08-08T16:20:23,79.500916,-70.789093,nan
2024-08-08T16:20:22,79.501007,-70.789612,nan
2024-08-08T16:20:22,79.501106,-70.790131,nan
2024-08-08T16:20:21,79.501198,-70.790649,nan
2024-08-08T16:20:21,79.501289,-70.791168,nan
2024-08-08T16:20:20,79.501389,-70.791687,nan
2024-08-08T16:20:20,79.501480,-70.792206,nan
2024-08-08T16:20:19,79.501572,-70.792717,nan
2024-08-08T16:20:19,79.501663,-70.793236,nan
2024-08-08T16:20:18,79.501762,-70.793755,nan
2024-08-08T16:20:18,79.501854,-70.794273,nan
2024-08-08T16:20:17,79.501945,-70.794785,nan
2024-08-08T16:20:17,79.502037,-70.795311,nan
2024-08-08T16:20:16,79.502129,-70.795830,nan
2024-08-08T16:20:16,79.502228,-70.796356,nan
2024-08-08T16:20:15,79.502319,-70.796883,nan
2024-08-08T16:20:15,79.502411,-70.797409,nan
2024-08-08T16:20:14,79.502502,-70.797943,nan
2024-08-08T16:20:14,79.502594,-70.798477,nan
2024-08-08T16:20:13,79.502686,-70.799011,nan
2024-08-08T16:20:13,79.502777,-70.799553,nan
2024-08-08T16:20:12,79.502869,-70.800087,nan
2024-08-08T16:20:12,79.502968,-70.800621,nan
2024-08-08T16:20:11,79.503059,-70.801147,nan
2024-08-08T16:20:11,79.503151,-70.801674,nan
2024-08-08T16:20:10,79.503242,-70.802200,nan
2024-08-08T16:20:10,79.503342,-70.802719,nan
2024-08-08T16:20:09,79.503433,-70.803246,nan
2024-08-08T16:20:09,79.503532,-70.803757,nan
2024-08-08T16:20:08,79.503624,-70.804268,nan
2024-08-08T16:20:08,79.503723,-70.804771,nan
2024-08-08T16:20:07,79.503822,-70.805275,nan
2024-08-08T16:20:07,79.503914,-70.805771,nan
2024-08-08T16:20:06,79.504013,-70.806267,nan
2024-08-08T16:20:06,79.504112,-70.806755,nan
2024-08-08T16:20:05,79.504204,-70.807243,nan
2024-08-08T16:20:05,79.504303,-70.807724,nan
2024-08-08T16:20:04,79.504395,-70.808205,nan
2024-08-08T16:20:04,79.504486,-70.808685,nan
2024-08-08T16:20:03,79.504578,-70.809158,nan
2024-08-08T16:20:03,79.504669,-70.809631,nan
2024-08-08T16:20:02,79.504761,-70.810104,nan
2024-08-08T16:20:02,79.504845,-70.810570,nan
2024-08-08T16:20:01,79.504936,-70.811028,nan
2024-08-08T16:20:01,79.505020,-70.811485,nan
2024-08-08T16:20:00,79.505112,-70.811935,nan
2024-08-08T16:20:00,79.505196,-70.812378,nan
2024-08-08T16:19:59,79.505287,-70.812813,nan
2024-08-08T16:19:59,79.505371,-70.813248,nan
2024-08-08T16:19:58,79.505455,-70.813667,nan
2024-08-08T16:19:58,79.505547,-70.814095,nan
2024-08-08T16:19:57,79.505630,-70.814514,nan
2024-08-08T16:19:57,79.505722,-70.814926,nan
2024-08-08T16:19:56,79.505806,-70.815338,nan
2024-08-08T16:19:56,79.505890,-70.815742,nan
2024-08-08T16:19:55,79.505981,-70.816139,nan
2024-08-08T16:19:55,79.506065,-70.816528,nan
2024-08-08T16:19:54,79.506149,-70.816917,nan
2024-08-08T16:19:54,79.506241,-70.817307,nan
2024-08-08T16:19:53,79.506325,-70.817680,nan
2024-08-08T16:19:53,79.506409,-70.818054,nan
2024-08-08T16:19:52,79.506485,-70.818420,nan
2024-08-08T16:19:52,79.506569,-70.818779,nan
2024-08-08T16:19:51,79.506645,-70.819130,nan
2024-08-08T16:19:51,79.506721,-70.819473,nan
2024-08-08T16:19:50,79.506798,-70.819809,nan
2024-08-08T16:19:50,79.506874,-70.820145,nan
2024-08-08T16:19:49,79.506950,-70.820480,nan
2024-08-08T16:19:49,79.507019,-70.820808,nan
2024-08-08T16:19:48,79.507095,-70.821136,nan
2024-08-08T16:19:48,79.507164,-70.821465,nan
2024-08-08T16:19:47,79.507233,-70.821793,nan
2024-08-08T16:19:47,79.507301,-70.822121,nan
2024-08-08T16:19:46,79.507370,-70.822449,nan
2024-08-08T16:19:46,79.507439,-70.822784,nan
2024-08-08T16:19:45,79.507507,-70.823120,nan
2024-08-08T16:19:45,79.507568,-70.823463,nan
2024-08-08T16:19:44,79.507637,-70.823799,nan
2024-08-08T16:19:44,79.507706,-70.824142,nan
2024-08-08T16:19:43,79.507767,-70.824478,nan
2024-08-08T16:19:43,79.507835,-70.824814,nan
2024-08-08T16:19:42,79.507896,-70.825157,nan
2024-08-08T16:19:42,79.507965,-70.825493,nan
2024-08-08T16:19:41,79.508026,-70.825836,nan
2024-08-08T16:19:41,79.508095,-70.826180,nan
2024-08-08T16:19:40,79.508156,-70.826515,nan
2024-08-08T16:19:40,79.508224,-70.826843,nan
2024-08-08T16:19:39,79.508286,-70.827179,nan
2024-08-08T16:19:39,79.508354,-70.827515,nan
2024-08-08T16:19:38,79.508415,-70.827843,nan
2024-08-08T16:19:38,79.508484,-70.828178,nan
2024-08-08T16:19:37,79.508553,-70.828506,nan
2024-08-08T16:19:37,79.508614,-70.828835,nan
2024-08-08T16:19:36,79.508682,-70.829163,nan
2024-08-08T16:19:36,79.508751,-70.829491,nan
2024-08-08T16:19:35,79.508812,-70.829819,nan
2024-08-08T16:19:35,79.508881,-70.830147,nan
2024-08-08T16:19:34,79.508949,-70.830475,nan
2024-08-08T16:19:34,79.509018,-70.830795,nan
2024-08-08T16:19:33,79.509087,-70.831116,nan
2024-08-08T16:19:33,79.509148,-70.831444,nan
2024-08-08T16:19:32,79.509216,-70.831764,nan
2024-08-08T16:19:32,79.509285,-70.832085,nan
2024-08-08T16:19:31,79.509354,-70.832397,nan
2024-08-08T16:19:31,79.509422,-70.832710,nan
2024-08-08T16:19:30,79.509491,-70.833015,nan
2024-08-08T16:19:30,79.509560,-70.833313,nan
2024-08-08T16:19:29,79.509628,-70.833618,nan
2024-08-08T16:19:29,79.509697,-70.833916,nan
2024-08-08T16:19:28,79.509758,-70.834206,nan
2024-08-08T16:19:28,79.509827,-70.834503,nan
2024-08-08T16:19:27,79.509888,-70.834793,nan
2024-08-08T16:19:27,79.509956,-70.835083,nan
2024-08-08T16:19:26,79.510017,-70.835373,nan
2024-08-08T16:19:26,79.510086,-70.835655,nan
2024-08-08T16:19:25,79.510147,-70.835945,nan
2024-08-08T16:19:25,79.510216,-70.836227,nan
2024-08-08T16:19:24,79.510284,-70.836502,nan
2024-08-08T16:19:24,79.510353,-70.836777,nan
2024-08-08T16:19:23,79.510422,-70.837044,nan
2024-08-08T16:19:23,79.510483,-70.837303,nan
2024-08-08T16:19:22,79.510551,-70.837570,nan
2024-08-08T16:19:22,79.510612,-70.837830,nan
2024-08-08T16:19:21,79.510681,-70.838089,nan
2024-08-08T16:19:21,79.510742,-70.838356,nan
2024-08-08T16:19:20,79.510811,-70.838623,nan
2024-08-08T16:19:20,79.510872,-70.838882,nan
2024-08-08T16:19:19,79.510933,-70.839157,nan
2024-08-08T16:19:19,79.510994,-70.839424,nan
2024-08-08T16:19:18,79.511055,-70.839691,nan
2024-08-08T16:19:18,79.511116,-70.839966,nan
2024-08-08T16:19:17,79.511169,-70.840240,nan
2024-08-08T16:19:17,79.511230,-70.840523,nan
2024-08-08T16:19:16,79.511284,-70.840797,nan
2024-08-08T16:19:16,79.511345,-70.841080,nan
2024-08-08T16:19:15,79.511398,-70.841362,nan
2024-08-08T16:19:15,79.511452,-70.841644,nan
2024-08-08T16:19:14,79.511505,-70.841927,nan
2024-08-08T16:19:14,79.511559,-70.842209,nan
2024-08-08T16:19:13,79.511604,-70.842491,nan
2024-08-08T16:19:13,79.511658,-70.842773,nan
2024-08-08T16:19:12,79.511711,-70.843056,nan
2024-08-08T16:19:12,79.511757,-70.843338,nan
2024-08-08T16:19:11,79.511810,-70.843620,nan
2024-08-08T16:19:11,79.511864,-70.843910,nan
2024-08-08T16:19:10,79.511909,-70.844193,nan
2024-08-08T16:19:10,79.511963,-70.844475,nan
2024-08-08T16:19:09,79.512009,-70.844765,nan
2024-08-08T16:19:09,79.512062,-70.845055,nan
2024-08-08T16:19:08,79.512108,-70.845345,nan
2024-08-08T16:19:08,79.512161,-70.845634,nan
2024-08-08T16:19:07,79.512215,-70.845932,nan
2024-08-08T16:19:07,79.512260,-70.846222,nan
2024-08-08T16:19:06,79.512314,-70.846519,nan
2024-08-08T16:19:06,79.512367,-70.846802,nan
2024-08-08T16:19:05,79.512421,-70.847084,nan
2024-08-08T16:19:05,79.512474,-70.847374,nan
2024-08-08T16:19:04,79.512527,-70.847664,nan
2024-08-08T16:19:04,79.512573,-70.847954,nan
2024-08-08T16:19:03,79.512627,-70.848244,nan
2024-08-08T16:19:03,79.512680,-70.848534,nan
2024-08-08T16:19:02,79.512733,-70.848824,nan
2024-08-08T16:19:02,79.512787,-70.849113,nan
2024-08-08T16:19:01,79.512840,-70.849411,nan
2024-08-08T16:19:01,79.512894,-70.849701,nan
2024-08-08T16:19:00,79.512939,-70.849991,nan
2024-08-08T16:19:00,79.512993,-70.850288,nan
2024-08-08T16:18:59,79.513046,-70.850586,nan
2024-08-08T16:18:59,79.513092,-70.850876,nan
2024-08-08T16:18:58,79.513145,-70.851166,nan
2024-08-08T16:18:58,79.513199,-70.851448,nan
2024-08-08T16:18:57,79.513252,-70.851730,nan
2024-08-08T16:18:57,79.513298,-70.852005,nan
2024-08-08T16:18:56,79.513351,-70.852280,nan
2024-08-08T16:18:56,79.513405,-70.852547,nan
2024-08-08T16:18:55,79.513451,-70.852814,nan
2024-08-08T16:18:55,79.513504,-70.853073,nan
2024-08-08T16:18:54,79.513557,-70.853340,nan
2024-08-08T16:18:54,79.513611,-70.853607,nan
2024-08-08T16:18:53,79.513657,-70.853874,nan
2024-08-08T16:18:53,79.513710,-70.854149,nan
2024-08-08T16:18:52,79.513763,-70.854416,nan
2024-08-08T16:18:52,79.513809,-70.854691,nan
2024-08-08T16:18:51,79.513863,-70.854965,nan
2024-08-08T16:18:51,79.513916,-70.855247,nan
2024-08-08T16:18:50,79.513969,-70.855515,nan
2024-08-08T16:18:50,79.514023,-70.855797,nan
2024-08-08T16:18:49,79.514076,-70.856071,nan
2024-08-08T16:18:49,79.514130,-70.856346,nan
2024-08-08T16:18:48,79.514183,-70.856621,nan
2024-08-08T16:18:48,79.514236,-70.856895,nan
2024-08-08T16:18:47,79.514290,-70.857162,nan
2024-08-08T16:18:47,79.514343,-70.857430,nan
2024-08-08T16:18:46,79.514397,-70.857689,nan
2024-08-08T16:18:46,79.514458,-70.857941,nan
2024-08-08T16:18:45,79.514511,-70.858200,nan
2024-08-08T16:18:45,79.514557,-70.858467,nan
2024-08-08T16:18:44,79.514610,-70.858734,nan
2024-08-08T16:18:44,79.514664,-70.858978,nan
2024-08-08T16:18:43,79.514717,-70.859238,nan
2024-08-08T16:18:43,79.514771,-70.859489,nan
2024-08-08T16:18:42,79.514816,-70.859734,nan
2024-08-08T16:18:42,79.514870,-70.859993,nan
2024-08-08T16:18:41,79.514915,-70.860245,nan
2024-08-08T16:18:41,79.514961,-70.860489,nan
2024-08-08T16:18:40,79.515007,-70.860756,nan
2024-08-08T16:18:40,79.515060,-70.861000,nan
2024-08-08T16:18:39,79.515106,-70.861275,nan
2024-08-08T16:18:39,79.515144,-70.861534,nan
2024-08-08T16:18:38,79.515198,-70.861801,nan
2024-08-08T16:18:38,79.515244,-70.862076,nan
2024-08-08T16:18:37,79.515289,-70.862312,nan
2024-08-08T16:18:37,79.515335,-70.862549,nan
2024-08-08T16:18:36,79.515388,-70.862831,nan
2024-08-08T16:18:36,79.515427,-70.863136,nan
2024-08-08T16:18:35,79.515480,-70.863373,nan
2024-08-08T16:18:35,79.515503,-70.863785,nan
2024-08-08T16:18:34,79.515495,-70.864212,nan
2024-08-08T16:18:34,79.515488,-70.864578,nan
2024-08-08T16:18:33,79.515419,-70.865021,nan
2024-08-08T16:18:33,79.515251,-70.865662,nan
2024-08-08T16:18:32,79.515106,-70.866096,nan
2024-08-08T16:18:32,79.514923,-70.866669,nan
2024-08-08T16:18:31,79.514648,-70.867691,nan
2024-08-08T16:18:31,79.514458,-70.868385,nan
2024-08-08T16:18:30,79.514458,-70.868660,nan
2024-08-08T16:18:30,79.514496,-70.868797,nan
2024-08-08T16:18:29,79.514565,-70.868950,nan
2024-08-08T16:18:26,79.517845,-70.862633,nan
