datetime,lat,lon,elev
2024-06-07T17:11:56,83.906204,-44.098637,nan
2024-06-07T17:11:55,83.906204,-44.098640,nan
2024-06-07T17:11:55,83.906204,-44.098640,nan
2024-06-07T17:11:54,83.906204,-44.098640,nan
2024-06-07T17:11:54,83.906204,-44.098640,nan
2024-06-07T17:11:53,83.906204,-44.098640,nan
2024-06-07T17:11:53,83.906204,-44.098640,nan
2024-06-07T17:11:52,83.906204,-44.098640,nan
2024-06-07T17:11:52,83.906204,-44.098640,nan
2024-06-07T17:11:51,83.906204,-44.098640,nan
2024-06-07T17:11:51,83.906204,-44.098640,nan
2024-06-07T17:11:50,83.906204,-44.098644,nan
2024-06-07T17:11:50,83.906204,-44.098644,nan
2024-06-07T17:11:49,83.906212,-44.098648,nan
2024-06-07T17:11:49,83.906212,-44.098656,nan
2024-06-07T17:11:48,83.906204,-44.098660,nan
2024-06-07T17:11:48,83.906204,-44.098671,nan
2024-06-07T17:11:47,83.906204,-44.098682,nan
2024-06-07T17:11:47,83.906212,-44.098698,nan
2024-06-07T17:11:46,83.906212,-44.098724,nan
2024-06-07T17:11:46,83.906219,-44.098740,nan
2024-06-07T17:11:45,83.906235,-44.098648,nan
2024-06-07T17:11:45,83.906250,-44.098335,nan
2024-06-07T17:11:44,83.906281,-44.098011,nan
2024-06-07T17:11:44,83.906303,-44.097672,nan
2024-06-07T17:11:43,83.906326,-44.097309,nan
2024-06-07T17:11:43,83.906357,-44.096920,nan
2024-06-07T17:11:42,83.906380,-44.096493,nan
2024-06-07T17:11:42,83.906410,-44.096027,nan
2024-06-07T17:11:41,83.906441,-44.095551,nan
2024-06-07T17:11:41,83.906479,-44.095074,nan
2024-06-07T17:11:40,83.906509,-44.094597,nan
2024-06-07T17:11:40,83.906540,-44.094124,nan
2024-06-07T17:11:39,83.906563,-44.093658,nan
2024-06-07T17:11:39,83.906593,-44.093201,nan
2024-06-07T17:11:38,83.906616,-44.092747,nan
2024-06-07T17:11:38,83.906647,-44.092293,nan
2024-06-07T17:11:37,83.906670,-44.091835,nan
2024-06-07T17:11:37,83.906700,-44.091377,nan
2024-06-07T17:11:36,83.906723,-44.090923,nan
2024-06-07T17:11:36,83.906746,-44.090473,nan
2024-06-07T17:11:35,83.906769,-44.090027,nan
2024-06-07T17:11:35,83.906792,-44.089577,nan
2024-06-07T17:11:34,83.906815,-44.089127,nan
2024-06-07T17:11:34,83.906830,-44.088669,nan
2024-06-07T17:11:33,83.906845,-44.088203,nan
2024-06-07T17:11:33,83.906868,-44.087734,nan
2024-06-07T17:11:32,83.906891,-44.087257,nan
2024-06-07T17:11:32,83.906906,-44.086769,nan
2024-06-07T17:11:31,83.906929,-44.086273,nan
2024-06-07T17:11:31,83.906952,-44.085770,nan
2024-06-07T17:11:30,83.906975,-44.085258,nan
2024-06-07T17:11:30,83.906998,-44.084743,nan
2024-06-07T17:11:29,83.907028,-44.084225,nan
2024-06-07T17:11:29,83.907059,-44.083710,nan
2024-06-07T17:11:28,83.907089,-44.083195,nan
2024-06-07T17:11:28,83.907120,-44.082684,nan
2024-06-07T17:11:27,83.907150,-44.082165,nan
2024-06-07T17:11:27,83.907181,-44.081650,nan
2024-06-07T17:11:26,83.907204,-44.081127,nan
2024-06-07T17:11:26,83.907234,-44.080608,nan
2024-06-07T17:11:25,83.907265,-44.080082,nan
2024-06-07T17:11:25,83.907288,-44.079552,nan
2024-06-07T17:11:24,83.907318,-44.079018,nan
2024-06-07T17:11:24,83.907349,-44.078476,nan
2024-06-07T17:11:23,83.907379,-44.077915,nan
2024-06-07T17:11:23,83.907402,-44.077347,nan
2024-06-07T17:11:22,83.907433,-44.076771,nan
2024-06-07T17:11:22,83.907463,-44.076187,nan
2024-06-07T17:11:21,83.907494,-44.075600,nan
2024-06-07T17:11:21,83.907524,-44.075008,nan
2024-06-07T17:11:20,83.907555,-44.074409,nan
2024-06-07T17:11:20,83.907585,-44.073811,nan
2024-06-07T17:11:19,83.907616,-44.073208,nan
2024-06-07T17:11:19,83.907639,-44.072605,nan
2024-06-07T17:11:18,83.907669,-44.072006,nan
2024-06-07T17:11:18,83.907700,-44.071407,nan
2024-06-07T17:11:17,83.907730,-44.070812,nan
2024-06-07T17:11:17,83.907761,-44.070213,nan
2024-06-07T17:11:16,83.907791,-44.069614,nan
2024-06-07T17:11:16,83.907814,-44.069012,nan
2024-06-07T17:11:15,83.907845,-44.068405,nan
2024-06-07T17:11:15,83.907875,-44.067802,nan
2024-06-07T17:11:14,83.907898,-44.067196,nan
2024-06-07T17:11:14,83.907928,-44.066586,nan
2024-06-07T17:11:13,83.907951,-44.065975,nan
2024-06-07T17:11:13,83.907982,-44.065361,nan
2024-06-07T17:11:12,83.908005,-44.064747,nan
2024-06-07T17:11:12,83.908028,-44.064137,nan
2024-06-07T17:11:11,83.908058,-44.063526,nan
2024-06-07T17:11:11,83.908081,-44.062923,nan
2024-06-07T17:11:10,83.908112,-44.062325,nan
2024-06-07T17:11:10,83.908134,-44.061729,nan
2024-06-07T17:11:09,83.908157,-44.061127,nan
2024-06-07T17:11:09,83.908188,-44.060532,nan
2024-06-07T17:11:08,83.908211,-44.059937,nan
2024-06-07T17:11:08,83.908241,-44.059345,nan
2024-06-07T17:11:07,83.908264,-44.058758,nan
2024-06-07T17:11:07,83.908287,-44.058174,nan
2024-06-07T17:11:06,83.908310,-44.057590,nan
2024-06-07T17:11:06,83.908340,-44.057003,nan
2024-06-07T17:11:05,83.908363,-44.056419,nan
2024-06-07T17:11:05,83.908386,-44.055840,nan
2024-06-07T17:11:04,83.908409,-44.055256,nan
2024-06-07T17:11:04,83.908440,-44.054672,nan
2024-06-07T17:11:03,83.908463,-44.054089,nan
2024-06-07T17:11:03,83.908485,-44.053509,nan
2024-06-07T17:11:02,83.908508,-44.052933,nan
2024-06-07T17:11:02,83.908531,-44.052361,nan
2024-06-07T17:11:01,83.908554,-44.051792,nan
2024-06-07T17:11:01,83.908577,-44.051228,nan
2024-06-07T17:11:00,83.908592,-44.050663,nan
2024-06-07T17:11:00,83.908607,-44.050091,nan
2024-06-07T17:10:59,83.908630,-44.049503,nan
2024-06-07T17:10:59,83.908646,-44.048912,nan
2024-06-07T17:10:58,83.908661,-44.048313,nan
2024-06-07T17:10:58,83.908676,-44.047707,nan
2024-06-07T17:10:57,83.908684,-44.047092,nan
2024-06-07T17:10:57,83.908699,-44.046471,nan
2024-06-07T17:10:56,83.908707,-44.045845,nan
2024-06-07T17:10:56,83.908722,-44.045216,nan
2024-06-07T17:10:55,83.908730,-44.044586,nan
2024-06-07T17:10:55,83.908737,-44.043953,nan
2024-06-07T17:10:54,83.908752,-44.043316,nan
2024-06-07T17:10:54,83.908760,-44.042683,nan
2024-06-07T17:10:53,83.908768,-44.042049,nan
2024-06-07T17:10:53,83.908775,-44.041420,nan
2024-06-07T17:10:52,83.908783,-44.040794,nan
2024-06-07T17:10:52,83.908791,-44.040173,nan
2024-06-07T17:10:51,83.908798,-44.039555,nan
2024-06-07T17:10:51,83.908806,-44.038933,nan
2024-06-07T17:10:50,83.908813,-44.038319,nan
2024-06-07T17:10:50,83.908821,-44.037704,nan
2024-06-07T17:10:49,83.908829,-44.037094,nan
2024-06-07T17:10:49,83.908829,-44.036491,nan
2024-06-07T17:10:48,83.908836,-44.035889,nan
2024-06-07T17:10:48,83.908844,-44.035286,nan
2024-06-07T17:10:47,83.908844,-44.034691,nan
2024-06-07T17:10:47,83.908852,-44.034096,nan
2024-06-07T17:10:46,83.908852,-44.033501,nan
2024-06-07T17:10:46,83.908859,-44.032909,nan
2024-06-07T17:10:45,83.908867,-44.032310,nan
2024-06-07T17:10:45,83.908875,-44.031708,nan
2024-06-07T17:10:44,83.908882,-44.031097,nan
2024-06-07T17:10:44,83.908890,-44.030483,nan
2024-06-07T17:10:43,83.908897,-44.029861,nan
2024-06-07T17:10:43,83.908905,-44.029236,nan
2024-06-07T17:10:42,83.908913,-44.028614,nan
2024-06-07T17:10:42,83.908928,-44.027992,nan
2024-06-07T17:10:41,83.908936,-44.027374,nan
2024-06-07T17:10:41,83.908943,-44.026756,nan
2024-06-07T17:10:40,83.908958,-44.026142,nan
2024-06-07T17:10:40,83.908966,-44.025532,nan
2024-06-07T17:10:39,83.908974,-44.024918,nan
2024-06-07T17:10:39,83.908989,-44.024307,nan
2024-06-07T17:10:38,83.908997,-44.023701,nan
2024-06-07T17:10:38,83.909004,-44.023090,nan
2024-06-07T17:10:37,83.909019,-44.022480,nan
2024-06-07T17:10:37,83.909027,-44.021873,nan
2024-06-07T17:10:36,83.909035,-44.021263,nan
2024-06-07T17:10:36,83.909042,-44.020649,nan
2024-06-07T17:10:35,83.909058,-44.020035,nan
2024-06-07T17:10:35,83.909065,-44.019424,nan
2024-06-07T17:10:34,83.909081,-44.018814,nan
2024-06-07T17:10:34,83.909088,-44.018211,nan
2024-06-07T17:10:33,83.909103,-44.017612,nan
2024-06-07T17:10:33,83.909119,-44.017017,nan
2024-06-07T17:10:32,83.909134,-44.016426,nan
2024-06-07T17:10:32,83.909149,-44.015842,nan
2024-06-07T17:10:31,83.909157,-44.015259,nan
2024-06-07T17:10:31,83.909172,-44.014679,nan
2024-06-07T17:10:30,83.909187,-44.014099,nan
2024-06-07T17:10:30,83.909203,-44.013519,nan
2024-06-07T17:10:29,83.909218,-44.012936,nan
2024-06-07T17:10:29,83.909233,-44.012352,nan
2024-06-07T17:10:28,83.909248,-44.011772,nan
2024-06-07T17:10:28,83.909264,-44.011189,nan
2024-06-07T17:10:27,83.909279,-44.010609,nan
2024-06-07T17:10:27,83.909302,-44.010025,nan
2024-06-07T17:10:26,83.909317,-44.009434,nan
2024-06-07T17:10:26,83.909332,-44.008839,nan
2024-06-07T17:10:25,83.909348,-44.008244,nan
2024-06-07T17:10:25,83.909370,-44.007652,nan
2024-06-07T17:10:24,83.909386,-44.007065,nan
2024-06-07T17:10:24,83.909401,-44.006477,nan
2024-06-07T17:10:23,83.909424,-44.005894,nan
2024-06-07T17:10:23,83.909439,-44.005314,nan
2024-06-07T17:10:22,83.909462,-44.004730,nan
2024-06-07T17:10:22,83.909477,-44.004147,nan
2024-06-07T17:10:21,83.909492,-44.003559,nan
2024-06-07T17:10:21,83.909515,-44.002975,nan
2024-06-07T17:10:20,83.909531,-44.002392,nan
2024-06-07T17:10:20,83.909546,-44.001808,nan
2024-06-07T17:10:19,83.909569,-44.001228,nan
2024-06-07T17:10:19,83.909584,-44.000648,nan
2024-06-07T17:10:18,83.909599,-44.000072,nan
2024-06-07T17:10:18,83.909615,-43.999500,nan
2024-06-07T17:10:17,83.909637,-43.998936,nan
2024-06-07T17:10:17,83.909653,-43.998375,nan
2024-06-07T17:10:16,83.909668,-43.997810,nan
2024-06-07T17:10:16,83.909683,-43.997250,nan
2024-06-07T17:10:15,83.909698,-43.996689,nan
2024-06-07T17:10:15,83.909721,-43.996136,nan
2024-06-07T17:10:14,83.909737,-43.995586,nan
2024-06-07T17:10:14,83.909752,-43.995049,nan
2024-06-07T17:10:13,83.909767,-43.994514,nan
2024-06-07T17:10:13,83.909782,-43.993988,nan
2024-06-07T17:10:12,83.909805,-43.993469,nan
2024-06-07T17:10:12,83.909821,-43.992970,nan
2024-06-07T17:10:11,83.909828,-43.992477,nan
2024-06-07T17:10:11,83.909843,-43.991989,nan
2024-06-07T17:10:10,83.909866,-43.991508,nan
2024-06-07T17:10:10,83.909882,-43.991035,nan
2024-06-07T17:10:09,83.909889,-43.990566,nan
2024-06-07T17:10:09,83.909912,-43.990101,nan
2024-06-07T17:10:08,83.909927,-43.989643,nan
2024-06-07T17:10:08,83.909935,-43.989185,nan
2024-06-07T17:10:07,83.909950,-43.988728,nan
2024-06-07T17:10:07,83.909966,-43.988262,nan
2024-06-07T17:10:06,83.909981,-43.987793,nan
2024-06-07T17:10:06,83.909988,-43.987324,nan
2024-06-07T17:10:05,83.910004,-43.986851,nan
2024-06-07T17:10:05,83.910011,-43.986382,nan
2024-06-07T17:10:04,83.910027,-43.985912,nan
2024-06-07T17:10:04,83.910034,-43.985451,nan
2024-06-07T17:10:03,83.910049,-43.984997,nan
2024-06-07T17:10:02,83.910072,-43.984097,nan
2024-06-07T17:10:02,83.910080,-43.983654,nan
2024-06-07T17:10:01,83.910088,-43.983212,nan
2024-06-07T17:10:01,83.910095,-43.982777,nan
2024-06-07T17:10:00,83.910110,-43.982338,nan
2024-06-07T17:10:00,83.910118,-43.981907,nan
2024-06-07T17:09:59,83.910126,-43.981476,nan
2024-06-07T17:09:59,83.910126,-43.981049,nan
2024-06-07T17:09:58,83.910133,-43.980621,nan
2024-06-07T17:09:58,83.910141,-43.980194,nan
2024-06-07T17:09:57,83.910149,-43.979763,nan
2024-06-07T17:09:57,83.910156,-43.979332,nan
2024-06-07T17:09:56,83.910156,-43.978897,nan
2024-06-07T17:09:56,83.910164,-43.978466,nan
2024-06-07T17:09:55,83.910172,-43.978031,nan
2024-06-07T17:09:55,83.910179,-43.977604,nan
2024-06-07T17:09:54,83.910187,-43.977177,nan
2024-06-07T17:09:54,83.910194,-43.976753,nan
2024-06-07T17:09:53,83.910202,-43.976337,nan
2024-06-07T17:09:53,83.910210,-43.975922,nan
2024-06-07T17:09:52,83.910217,-43.975510,nan
2024-06-07T17:09:52,83.910225,-43.975101,nan
2024-06-07T17:09:51,83.910225,-43.974705,nan
2024-06-07T17:09:51,83.910233,-43.974308,nan
2024-06-07T17:09:50,83.910240,-43.973915,nan
2024-06-07T17:09:50,83.910248,-43.973522,nan
2024-06-07T17:09:49,83.910255,-43.973129,nan
2024-06-07T17:09:49,83.910263,-43.972740,nan
2024-06-07T17:09:48,83.910271,-43.972355,nan
2024-06-07T17:09:48,83.910278,-43.971977,nan
2024-06-07T17:09:47,83.910294,-43.971600,nan
2024-06-07T17:09:47,83.910301,-43.971226,nan
2024-06-07T17:09:46,83.910316,-43.970856,nan
2024-06-07T17:09:46,83.910324,-43.970493,nan
2024-06-07T17:09:45,83.910339,-43.970139,nan
2024-06-07T17:09:45,83.910355,-43.969784,nan
2024-06-07T17:09:44,83.910362,-43.969437,nan
2024-06-07T17:09:44,83.910378,-43.969093,nan
2024-06-07T17:09:43,83.910393,-43.968758,nan
2024-06-07T17:09:43,83.910408,-43.968418,nan
2024-06-07T17:09:42,83.910423,-43.968082,nan
2024-06-07T17:09:42,83.910439,-43.967743,nan
2024-06-07T17:09:41,83.910454,-43.967403,nan
2024-06-07T17:09:41,83.910469,-43.967064,nan
2024-06-07T17:09:40,83.910484,-43.966717,nan
2024-06-07T17:09:40,83.910500,-43.966373,nan
2024-06-07T17:09:39,83.910515,-43.966026,nan
2024-06-07T17:09:39,83.910538,-43.965679,nan
2024-06-07T17:09:38,83.910553,-43.965332,nan
2024-06-07T17:09:38,83.910568,-43.964981,nan
2024-06-07T17:09:37,83.910583,-43.964634,nan
2024-06-07T17:09:37,83.910599,-43.964291,nan
2024-06-07T17:09:36,83.910614,-43.963955,nan
2024-06-07T17:09:36,83.910629,-43.963619,nan
2024-06-07T17:09:35,83.910645,-43.963287,nan
2024-06-07T17:09:35,83.910652,-43.962955,nan
2024-06-07T17:09:34,83.910667,-43.962627,nan
2024-06-07T17:09:34,83.910683,-43.962296,nan
2024-06-07T17:09:33,83.910698,-43.961964,nan
2024-06-07T17:09:33,83.910713,-43.961632,nan
2024-06-07T17:09:32,83.910728,-43.961300,nan
2024-06-07T17:09:32,83.910744,-43.960976,nan
2024-06-07T17:09:31,83.910751,-43.960651,nan
2024-06-07T17:09:31,83.910767,-43.960335,nan
2024-06-07T17:09:30,83.910782,-43.960018,nan
2024-06-07T17:09:30,83.910797,-43.959705,nan
2024-06-07T17:09:29,83.910812,-43.959393,nan
2024-06-07T17:09:29,83.910828,-43.959076,nan
2024-06-07T17:09:28,83.910843,-43.958763,nan
2024-06-07T17:09:28,83.910858,-43.958447,nan
2024-06-07T17:09:27,83.910873,-43.958134,nan
2024-06-07T17:09:27,83.910889,-43.957821,nan
2024-06-07T17:09:26,83.910904,-43.957512,nan
2024-06-07T17:09:26,83.910919,-43.957203,nan
2024-06-07T17:09:25,83.910934,-43.956905,nan
2024-06-07T17:09:25,83.910950,-43.956612,nan
2024-06-07T17:09:24,83.910965,-43.956329,nan
2024-06-07T17:09:24,83.910980,-43.956051,nan
2024-06-07T17:09:23,83.910995,-43.955776,nan
2024-06-07T17:09:22,83.911018,-43.955242,nan
2024-06-07T17:09:22,83.911026,-43.954971,nan
2024-06-07T17:09:21,83.911041,-43.954708,nan
2024-06-07T17:09:21,83.911049,-43.954441,nan
2024-06-07T17:09:20,83.911057,-43.954178,nan
2024-06-07T17:09:20,83.911072,-43.953911,nan
2024-06-07T17:09:19,83.911079,-43.953651,nan
2024-06-07T17:09:19,83.911087,-43.953392,nan
2024-06-07T17:09:18,83.911095,-43.953136,nan
2024-06-07T17:09:18,83.911102,-43.952885,nan
2024-06-07T17:09:17,83.911110,-43.952637,nan
2024-06-07T17:09:17,83.911118,-43.952389,nan
2024-06-07T17:09:16,83.911125,-43.952148,nan
2024-06-07T17:09:16,83.911125,-43.951912,nan
2024-06-07T17:09:15,83.911133,-43.951679,nan
2024-06-07T17:09:15,83.911140,-43.951447,nan
2024-06-07T17:09:14,83.911140,-43.951221,nan
2024-06-07T17:09:14,83.911148,-43.950996,nan
2024-06-07T17:09:13,83.911156,-43.950775,nan
2024-06-07T17:09:13,83.911156,-43.950550,nan
2024-06-07T17:09:12,83.911163,-43.950325,nan
2024-06-07T17:09:12,83.911163,-43.950100,nan
2024-06-07T17:09:11,83.911171,-43.949871,nan
2024-06-07T17:09:11,83.911179,-43.949635,nan
2024-06-07T17:09:10,83.911179,-43.949398,nan
2024-06-07T17:09:10,83.911186,-43.949158,nan
2024-06-07T17:09:09,83.911194,-43.948917,nan
2024-06-07T17:09:09,83.911201,-43.948673,nan
2024-06-07T17:09:08,83.911209,-43.948433,nan
2024-06-07T17:09:08,83.911217,-43.948196,nan
2024-06-07T17:09:07,83.911224,-43.947960,nan
2024-06-07T17:09:07,83.911232,-43.947727,nan
2024-06-07T17:09:06,83.911240,-43.947498,nan
2024-06-07T17:09:06,83.911247,-43.947269,nan
2024-06-07T17:09:05,83.911255,-43.947041,nan
2024-06-07T17:09:05,83.911263,-43.946815,nan
2024-06-07T17:09:04,83.911270,-43.946594,nan
2024-06-07T17:09:04,83.911278,-43.946373,nan
2024-06-07T17:09:03,83.911285,-43.946156,nan
2024-06-07T17:09:03,83.911301,-43.945934,nan
2024-06-07T17:09:02,83.911308,-43.945721,nan
2024-06-07T17:09:02,83.911316,-43.945499,nan
2024-06-07T17:09:01,83.911324,-43.945278,nan
2024-06-07T17:09:01,83.911339,-43.945053,nan
2024-06-07T17:09:00,83.911346,-43.944820,nan
2024-06-07T17:09:00,83.911354,-43.944588,nan
2024-06-07T17:08:59,83.911362,-43.944359,nan
2024-06-07T17:08:59,83.911377,-43.944134,nan
2024-06-07T17:08:58,83.911385,-43.943913,nan
2024-06-07T17:08:58,83.911400,-43.943691,nan
2024-06-07T17:08:57,83.911407,-43.943478,nan
2024-06-07T17:08:57,83.911423,-43.943264,nan
2024-06-07T17:08:56,83.911430,-43.943050,nan
2024-06-07T17:08:56,83.911446,-43.942841,nan
2024-06-07T17:08:55,83.911453,-43.942631,nan
2024-06-07T17:08:55,83.911461,-43.942421,nan
2024-06-07T17:08:54,83.911469,-43.942211,nan
2024-06-07T17:08:54,83.911476,-43.942001,nan
2024-06-07T17:08:53,83.911484,-43.941788,nan
2024-06-07T17:08:53,83.911491,-43.941574,nan
2024-06-07T17:08:52,83.911499,-43.941357,nan
2024-06-07T17:08:52,83.911507,-43.941139,nan
2024-06-07T17:08:51,83.911514,-43.940914,nan
2024-06-07T17:08:51,83.911514,-43.940689,nan
2024-06-07T17:08:50,83.911522,-43.940460,nan
2024-06-07T17:08:50,83.911530,-43.940231,nan
2024-06-07T17:08:49,83.911537,-43.940002,nan
2024-06-07T17:08:49,83.911537,-43.939770,nan
2024-06-07T17:08:48,83.911545,-43.939537,nan
2024-06-07T17:08:48,83.911552,-43.939308,nan
2024-06-07T17:08:47,83.911552,-43.939079,nan
2024-06-07T17:08:47,83.911560,-43.938847,nan
2024-06-07T17:08:46,83.911568,-43.938622,nan
2024-06-07T17:08:46,83.911575,-43.938396,nan
2024-06-07T17:08:45,83.911583,-43.938168,nan
2024-06-07T17:08:45,83.911591,-43.937943,nan
2024-06-07T17:08:44,83.911598,-43.937717,nan
2024-06-07T17:08:44,83.911598,-43.937492,nan
2024-06-07T17:08:43,83.911613,-43.937267,nan
2024-06-07T17:08:43,83.911621,-43.937046,nan
2024-06-07T17:08:42,83.911629,-43.936825,nan
2024-06-07T17:08:42,83.911636,-43.936604,nan
2024-06-07T17:08:41,83.911636,-43.936386,nan
2024-06-07T17:08:41,83.911644,-43.936172,nan
2024-06-07T17:08:40,83.911652,-43.935955,nan
2024-06-07T17:08:40,83.911659,-43.935741,nan
2024-06-07T17:08:39,83.911667,-43.935528,nan
2024-06-07T17:08:39,83.911674,-43.935314,nan
2024-06-07T17:08:38,83.911674,-43.935101,nan
2024-06-07T17:08:38,83.911682,-43.934887,nan
2024-06-07T17:08:37,83.911682,-43.934669,nan
2024-06-07T17:08:37,83.911690,-43.934456,nan
2024-06-07T17:08:36,83.911697,-43.934238,nan
2024-06-07T17:08:36,83.911697,-43.934025,nan
2024-06-07T17:08:35,83.911705,-43.933811,nan
2024-06-07T17:08:35,83.911713,-43.933601,nan
2024-06-07T17:08:34,83.911713,-43.933395,nan
2024-06-07T17:08:34,83.911720,-43.933197,nan
2024-06-07T17:08:33,83.911728,-43.933002,nan
2024-06-07T17:08:33,83.911728,-43.932812,nan
2024-06-07T17:08:32,83.911736,-43.932625,nan
2024-06-07T17:08:32,83.911743,-43.932442,nan
2024-06-07T17:08:31,83.911743,-43.932262,nan
2024-06-07T17:08:31,83.911743,-43.932091,nan
2024-06-07T17:08:30,83.911743,-43.931915,nan
2024-06-07T17:08:30,83.911743,-43.931747,nan
2024-06-07T17:08:29,83.911743,-43.931580,nan
2024-06-07T17:08:29,83.911743,-43.931412,nan
2024-06-07T17:08:28,83.911743,-43.931244,nan
2024-06-07T17:08:28,83.911743,-43.931072,nan
2024-06-07T17:08:27,83.911743,-43.930901,nan
2024-06-07T17:08:27,83.911743,-43.930729,nan
2024-06-07T17:08:26,83.911743,-43.930557,nan
2024-06-07T17:08:26,83.911743,-43.930382,nan
2024-06-07T17:08:25,83.911743,-43.930206,nan
2024-06-07T17:08:25,83.911751,-43.930031,nan
2024-06-07T17:08:24,83.911751,-43.929859,nan
2024-06-07T17:08:24,83.911751,-43.929695,nan
2024-06-07T17:08:23,83.911751,-43.929531,nan
2024-06-07T17:08:23,83.911758,-43.929371,nan
2024-06-07T17:08:22,83.911758,-43.929211,nan
2024-06-07T17:08:22,83.911766,-43.929058,nan
2024-06-07T17:08:21,83.911766,-43.928909,nan
2024-06-07T17:08:21,83.911774,-43.928761,nan
2024-06-07T17:08:20,83.911774,-43.928619,nan
2024-06-07T17:08:20,83.911781,-43.928478,nan
2024-06-07T17:08:19,83.911781,-43.928345,nan
2024-06-07T17:08:19,83.911789,-43.928211,nan
2024-06-07T17:08:18,83.911797,-43.928074,nan
2024-06-07T17:08:18,83.911797,-43.927933,nan
2024-06-07T17:08:17,83.911797,-43.927792,nan
2024-06-07T17:08:17,83.911804,-43.927643,nan
2024-06-07T17:08:16,83.911804,-43.927486,nan
2024-06-07T17:08:16,83.911804,-43.927326,nan
2024-06-07T17:08:15,83.911812,-43.927158,nan
2024-06-07T17:08:15,83.911812,-43.926991,nan
2024-06-07T17:08:14,83.911819,-43.926819,nan
2024-06-07T17:08:14,83.911819,-43.926647,nan
2024-06-07T17:08:13,83.911827,-43.926479,nan
2024-06-07T17:08:13,83.911827,-43.926311,nan
2024-06-07T17:08:12,83.911835,-43.926147,nan
2024-06-07T17:08:12,83.911842,-43.925991,nan
2024-06-07T17:08:11,83.911842,-43.925835,nan
2024-06-07T17:08:11,83.911850,-43.925686,nan
2024-06-07T17:08:10,83.911850,-43.925533,nan
2024-06-07T17:08:10,83.911858,-43.925388,nan
2024-06-07T17:08:09,83.911858,-43.925240,nan
2024-06-07T17:08:09,83.911858,-43.925095,nan
2024-06-07T17:08:08,83.911865,-43.924950,nan
2024-06-07T17:08:08,83.911865,-43.924805,nan
2024-06-07T17:08:07,83.911865,-43.924652,nan
2024-06-07T17:08:07,83.911865,-43.924500,nan
2024-06-07T17:08:06,83.911865,-43.924339,nan
2024-06-07T17:08:06,83.911873,-43.924179,nan
2024-06-07T17:08:05,83.911873,-43.924019,nan
2024-06-07T17:08:05,83.911873,-43.923855,nan
2024-06-07T17:08:04,83.911873,-43.923687,nan
2024-06-07T17:08:04,83.911880,-43.923519,nan
2024-06-07T17:08:03,83.911880,-43.923347,nan
2024-06-07T17:08:03,83.911888,-43.923180,nan
2024-06-07T17:08:02,83.911888,-43.923008,nan
2024-06-07T17:08:02,83.911896,-43.922836,nan
2024-06-07T17:08:01,83.911896,-43.922665,nan
2024-06-07T17:08:01,83.911903,-43.922497,nan
2024-06-07T17:08:00,83.911903,-43.922329,nan
2024-06-07T17:08:00,83.911911,-43.922165,nan
2024-06-07T17:07:59,83.911919,-43.922005,nan
2024-06-07T17:07:59,83.911919,-43.921848,nan
2024-06-07T17:07:58,83.911926,-43.921692,nan
2024-06-07T17:07:58,83.911926,-43.921539,nan
2024-06-07T17:07:57,83.911926,-43.921394,nan
2024-06-07T17:07:57,83.911934,-43.921246,nan
2024-06-07T17:07:56,83.911934,-43.921101,nan
2024-06-07T17:07:56,83.911942,-43.920956,nan
2024-06-07T17:07:55,83.911942,-43.920811,nan
2024-06-07T17:07:55,83.911942,-43.920670,nan
2024-06-07T17:07:54,83.911942,-43.920528,nan
2024-06-07T17:07:54,83.911949,-43.920391,nan
2024-06-07T17:07:53,83.911949,-43.920258,nan
2024-06-07T17:07:53,83.911949,-43.920124,nan
2024-06-07T17:07:52,83.911949,-43.919998,nan
2024-06-07T17:07:52,83.911957,-43.919872,nan
2024-06-07T17:07:51,83.911957,-43.919750,nan
2024-06-07T17:07:51,83.911957,-43.919628,nan
2024-06-07T17:07:50,83.911957,-43.919514,nan
2024-06-07T17:07:50,83.911957,-43.919399,nan
2024-06-07T17:07:49,83.911957,-43.919289,nan
2024-06-07T17:07:49,83.911957,-43.919170,nan
2024-06-07T17:07:48,83.911957,-43.919056,nan
2024-06-07T17:07:48,83.911957,-43.918938,nan
2024-06-07T17:07:47,83.911964,-43.918812,nan
2024-06-07T17:07:47,83.911964,-43.918690,nan
2024-06-07T17:07:46,83.911964,-43.918564,nan
2024-06-07T17:07:46,83.911964,-43.918434,nan
2024-06-07T17:07:45,83.911964,-43.918301,nan
2024-06-07T17:07:45,83.911964,-43.918171,nan
2024-06-07T17:07:44,83.911964,-43.918041,nan
2024-06-07T17:07:44,83.911972,-43.917915,nan
2024-06-07T17:07:43,83.911972,-43.917793,nan
2024-06-07T17:07:43,83.911972,-43.917679,nan
2024-06-07T17:07:42,83.911972,-43.917568,nan
2024-06-07T17:07:42,83.911980,-43.917465,nan
2024-06-07T17:07:41,83.911980,-43.917374,nan
2024-06-07T17:07:41,83.911980,-43.917286,nan
2024-06-07T17:07:40,83.911987,-43.917206,nan
2024-06-07T17:07:40,83.911987,-43.917130,nan
2024-06-07T17:07:39,83.911987,-43.917057,nan
2024-06-07T17:07:39,83.911987,-43.916985,nan
2024-06-07T17:07:38,83.911995,-43.916916,nan
2024-06-07T17:07:38,83.911995,-43.916847,nan
2024-06-07T17:07:37,83.911995,-43.916779,nan
2024-06-07T17:07:37,83.911995,-43.916710,nan
2024-06-07T17:07:36,83.911995,-43.916637,nan
2024-06-07T17:07:36,83.911995,-43.916565,nan
2024-06-07T17:07:35,83.911995,-43.916489,nan
2024-06-07T17:07:35,83.911995,-43.916409,nan
2024-06-07T17:07:34,83.912003,-43.916325,nan
2024-06-07T17:07:34,83.912003,-43.916241,nan
2024-06-07T17:07:33,83.912003,-43.916145,nan
2024-06-07T17:07:33,83.912003,-43.916054,nan
2024-06-07T17:07:32,83.912003,-43.915958,nan
2024-06-07T17:07:32,83.912003,-43.915867,nan
2024-06-07T17:07:31,83.912010,-43.915771,nan
2024-06-07T17:07:31,83.912010,-43.915680,nan
2024-06-07T17:07:30,83.912010,-43.915592,nan
2024-06-07T17:07:30,83.912018,-43.915504,nan
2024-06-07T17:07:29,83.912018,-43.915417,nan
2024-06-07T17:07:29,83.912025,-43.915329,nan
2024-06-07T17:07:28,83.912025,-43.915237,nan
2024-06-07T17:07:28,83.912033,-43.915150,nan
2024-06-07T17:07:27,83.912033,-43.915062,nan
2024-06-07T17:07:27,83.912033,-43.914970,nan
2024-06-07T17:07:26,83.912041,-43.914879,nan
2024-06-07T17:07:26,83.912041,-43.914783,nan
2024-06-07T17:07:25,83.912041,-43.914684,nan
2024-06-07T17:07:25,83.912048,-43.914585,nan
2024-06-07T17:07:24,83.912048,-43.914486,nan
2024-06-07T17:07:24,83.912048,-43.914383,nan
2024-06-07T17:07:23,83.912056,-43.914276,nan
2024-06-07T17:07:23,83.912056,-43.914173,nan
2024-06-07T17:07:22,83.912064,-43.914062,nan
2024-06-07T17:07:22,83.912064,-43.913956,nan
2024-06-07T17:07:21,83.912071,-43.913845,nan
2024-06-07T17:07:21,83.912071,-43.913734,nan
2024-06-07T17:07:20,83.912079,-43.913628,nan
2024-06-07T17:07:20,83.912086,-43.913521,nan
2024-06-07T17:07:19,83.912094,-43.913414,nan
2024-06-07T17:07:19,83.912094,-43.913307,nan
2024-06-07T17:07:18,83.912102,-43.913200,nan
2024-06-07T17:07:18,83.912109,-43.913094,nan
2024-06-07T17:07:17,83.912109,-43.912987,nan
2024-06-07T17:07:17,83.912117,-43.912880,nan
2024-06-07T17:07:16,83.912125,-43.912773,nan
2024-06-07T17:07:16,83.912125,-43.912663,nan
2024-06-07T17:07:15,83.912132,-43.912556,nan
2024-06-07T17:07:15,83.912140,-43.912453,nan
2024-06-07T17:07:14,83.912148,-43.912350,nan
2024-06-07T17:07:14,83.912155,-43.912251,nan
2024-06-07T17:07:13,83.912163,-43.912151,nan
2024-06-07T17:07:13,83.912170,-43.912052,nan
2024-06-07T17:07:12,83.912178,-43.911961,nan
2024-06-07T17:07:12,83.912186,-43.911873,nan
2024-06-07T17:07:11,83.912193,-43.911785,nan
2024-06-07T17:07:11,83.912201,-43.911701,nan
2024-06-07T17:07:10,83.912209,-43.911621,nan
2024-06-07T17:07:10,83.912209,-43.911545,nan
2024-06-07T17:07:09,83.912216,-43.911469,nan
2024-06-07T17:07:09,83.912224,-43.911392,nan
2024-06-07T17:07:08,83.912224,-43.911316,nan
2024-06-07T17:07:08,83.912231,-43.911236,nan
2024-06-07T17:07:07,83.912239,-43.911160,nan
2024-06-07T17:07:07,83.912239,-43.911079,nan
2024-06-07T17:07:06,83.912247,-43.910992,nan
2024-06-07T17:07:06,83.912247,-43.910908,nan
2024-06-07T17:07:05,83.912254,-43.910820,nan
2024-06-07T17:07:05,83.912254,-43.910736,nan
2024-06-07T17:07:04,83.912262,-43.910648,nan
2024-06-07T17:07:04,83.912270,-43.910564,nan
2024-06-07T17:07:03,83.912270,-43.910480,nan
2024-06-07T17:07:03,83.912277,-43.910397,nan
2024-06-07T17:07:02,83.912277,-43.910316,nan
2024-06-07T17:07:02,83.912285,-43.910236,nan
2024-06-07T17:07:01,83.912285,-43.910156,nan
2024-06-07T17:07:01,83.912292,-43.910076,nan
2024-06-07T17:07:00,83.912292,-43.910000,nan
2024-06-07T17:07:00,83.912300,-43.909927,nan
2024-06-07T17:06:59,83.912300,-43.909859,nan
2024-06-07T17:06:59,83.912300,-43.909790,nan
2024-06-07T17:06:58,83.912308,-43.909721,nan
2024-06-07T17:06:58,83.912308,-43.909653,nan
2024-06-07T17:06:57,83.912308,-43.909588,nan
2024-06-07T17:06:57,83.912308,-43.909519,nan
2024-06-07T17:06:56,83.912308,-43.909451,nan
2024-06-07T17:06:56,83.912308,-43.909382,nan
2024-06-07T17:06:55,83.912308,-43.909309,nan
2024-06-07T17:06:55,83.912308,-43.909237,nan
2024-06-07T17:06:54,83.912308,-43.909164,nan
2024-06-07T17:06:54,83.912308,-43.909088,nan
2024-06-07T17:06:53,83.912308,-43.909019,nan
2024-06-07T17:06:53,83.912308,-43.908951,nan
2024-06-07T17:06:52,83.912308,-43.908882,nan
2024-06-07T17:06:52,83.912308,-43.908821,nan
2024-06-07T17:06:51,83.912308,-43.908764,nan
2024-06-07T17:06:51,83.912308,-43.908710,nan
2024-06-07T17:06:50,83.912308,-43.908661,nan
2024-06-07T17:06:50,83.912308,-43.908615,nan
2024-06-07T17:06:49,83.912308,-43.908577,nan
2024-06-07T17:06:49,83.912308,-43.908539,nan
2024-06-07T17:06:48,83.912300,-43.908501,nan
2024-06-07T17:06:48,83.912300,-43.908463,nan
2024-06-07T17:06:47,83.912300,-43.908428,nan
2024-06-07T17:06:47,83.912292,-43.908390,nan
2024-06-07T17:06:46,83.912292,-43.908356,nan
2024-06-07T17:06:46,83.912292,-43.908325,nan
2024-06-07T17:06:45,83.912285,-43.908302,nan
2024-06-07T17:06:45,83.912285,-43.908283,nan
2024-06-07T17:06:44,83.912285,-43.908276,nan
2024-06-07T17:06:44,83.912285,-43.908279,nan
2024-06-07T17:06:43,83.912277,-43.908295,nan
2024-06-07T17:06:43,83.912277,-43.908314,nan
2024-06-07T17:06:42,83.912277,-43.908340,nan
2024-06-07T17:06:42,83.912277,-43.908367,nan
2024-06-07T17:06:41,83.912277,-43.908401,nan
2024-06-07T17:06:41,83.912277,-43.908440,nan
2024-06-07T17:06:40,83.912277,-43.908474,nan
2024-06-07T17:06:40,83.912270,-43.908508,nan
2024-06-07T17:06:39,83.912270,-43.908543,nan
2024-06-07T17:06:39,83.912270,-43.908577,nan
2024-06-07T17:06:38,83.912270,-43.908607,nan
2024-06-07T17:06:38,83.912270,-43.908634,nan
2024-06-07T17:06:37,83.912270,-43.908661,nan
2024-06-07T17:06:37,83.912277,-43.908688,nan
2024-06-07T17:06:36,83.912277,-43.908718,nan
2024-06-07T17:06:36,83.912277,-43.908752,nan
2024-06-07T17:06:35,83.912277,-43.908787,nan
2024-06-07T17:06:35,83.912277,-43.908821,nan
2024-06-07T17:06:34,83.912285,-43.908867,nan
2024-06-07T17:06:34,83.912285,-43.908913,nan
2024-06-07T17:06:33,83.912285,-43.908966,nan
2024-06-07T17:06:33,83.912285,-43.909027,nan
2024-06-07T17:06:32,83.912285,-43.909088,nan
2024-06-07T17:06:32,83.912285,-43.909157,nan
2024-06-07T17:06:31,83.912285,-43.909222,nan
2024-06-07T17:06:31,83.912292,-43.909294,nan
2024-06-07T17:06:30,83.912292,-43.909367,nan
2024-06-07T17:06:30,83.912292,-43.909443,nan
2024-06-07T17:06:29,83.912292,-43.909519,nan
2024-06-07T17:06:29,83.912292,-43.909599,nan
2024-06-07T17:06:28,83.912292,-43.909676,nan
2024-06-07T17:06:28,83.912300,-43.909760,nan
2024-06-07T17:06:27,83.912300,-43.909843,nan
2024-06-07T17:06:27,83.912300,-43.909927,nan
2024-06-07T17:06:26,83.912300,-43.910011,nan
2024-06-07T17:06:26,83.912308,-43.910099,nan
2024-06-07T17:06:25,83.912308,-43.910187,nan
2024-06-07T17:06:25,83.912308,-43.910275,nan
2024-06-07T17:06:24,83.912308,-43.910366,nan
2024-06-07T17:06:24,83.912315,-43.910454,nan
2024-06-07T17:06:23,83.912315,-43.910545,nan
2024-06-07T17:06:23,83.912315,-43.910637,nan
2024-06-07T17:06:22,83.912315,-43.910732,nan
2024-06-07T17:06:22,83.912315,-43.910828,nan
2024-06-07T17:06:21,83.912323,-43.910923,nan
2024-06-07T17:06:21,83.912323,-43.911015,nan
2024-06-07T17:06:20,83.912323,-43.911106,nan
2024-06-07T17:06:20,83.912323,-43.911198,nan
2024-06-07T17:06:19,83.912331,-43.911289,nan
2024-06-07T17:06:19,83.912331,-43.911381,nan
2024-06-07T17:06:18,83.912331,-43.911472,nan
2024-06-07T17:06:18,83.912338,-43.911572,nan
2024-06-07T17:06:17,83.912338,-43.911674,nan
2024-06-07T17:06:17,83.912338,-43.911781,nan
2024-06-07T17:06:16,83.912346,-43.911896,nan
2024-06-07T17:06:16,83.912346,-43.912010,nan
2024-06-07T17:06:15,83.912346,-43.912128,nan
2024-06-07T17:06:15,83.912346,-43.912251,nan
2024-06-07T17:06:14,83.912346,-43.912373,nan
2024-06-07T17:06:14,83.912354,-43.912495,nan
2024-06-07T17:06:13,83.912354,-43.912613,nan
2024-06-07T17:06:13,83.912354,-43.912731,nan
2024-06-07T17:06:12,83.912361,-43.912853,nan
2024-06-07T17:06:12,83.912369,-43.912979,nan
2024-06-07T17:06:11,83.912369,-43.913105,nan
2024-06-07T17:06:11,83.912376,-43.913235,nan
2024-06-07T17:06:10,83.912376,-43.913368,nan
2024-06-07T17:06:10,83.912384,-43.913509,nan
2024-06-07T17:06:09,83.912384,-43.913654,nan
2024-06-07T17:06:09,83.912392,-43.913803,nan
2024-06-07T17:06:08,83.912392,-43.913952,nan
2024-06-07T17:06:08,83.912392,-43.914101,nan
2024-06-07T17:06:07,83.912399,-43.914253,nan
2024-06-07T17:06:07,83.912399,-43.914406,nan
2024-06-07T17:06:06,83.912399,-43.914558,nan
2024-06-07T17:06:06,83.912407,-43.914711,nan
2024-06-07T17:06:05,83.912407,-43.914860,nan
2024-06-07T17:06:05,83.912415,-43.915005,nan
2024-06-07T17:06:04,83.912415,-43.915146,nan
2024-06-07T17:06:04,83.912422,-43.915291,nan
2024-06-07T17:06:03,83.912422,-43.915436,nan
2024-06-07T17:06:03,83.912430,-43.915581,nan
2024-06-07T17:06:02,83.912437,-43.915733,nan
2024-06-07T17:06:02,83.912437,-43.915890,nan
2024-06-07T17:06:01,83.912445,-43.916042,nan
2024-06-07T17:06:01,83.912453,-43.916203,nan
2024-06-07T17:06:00,83.912453,-43.916363,nan
2024-06-07T17:06:00,83.912460,-43.916523,nan
2024-06-07T17:05:59,83.912460,-43.916683,nan
2024-06-07T17:05:59,83.912468,-43.916843,nan
2024-06-07T17:05:58,83.912468,-43.917000,nan
2024-06-07T17:05:58,83.912476,-43.917152,nan
2024-06-07T17:05:57,83.912476,-43.917301,nan
2024-06-07T17:05:57,83.912476,-43.917450,nan
2024-06-07T17:05:56,83.912476,-43.917599,nan
2024-06-07T17:05:56,83.912483,-43.917751,nan
2024-06-07T17:05:55,83.912483,-43.917912,nan
2024-06-07T17:05:55,83.912483,-43.918076,nan
2024-06-07T17:05:54,83.912483,-43.918240,nan
2024-06-07T17:05:54,83.912483,-43.918407,nan
2024-06-07T17:05:53,83.912483,-43.918575,nan
2024-06-07T17:05:53,83.912483,-43.918743,nan
2024-06-07T17:05:52,83.912483,-43.918907,nan
2024-06-07T17:05:52,83.912483,-43.919067,nan
2024-06-07T17:05:51,83.912476,-43.919224,nan
2024-06-07T17:05:51,83.912476,-43.919380,nan
2024-06-07T17:05:50,83.912476,-43.919533,nan
2024-06-07T17:05:50,83.912476,-43.919693,nan
2024-06-07T17:05:49,83.912476,-43.919853,nan
2024-06-07T17:05:49,83.912476,-43.920017,nan
2024-06-07T17:05:48,83.912468,-43.920185,nan
2024-06-07T17:05:48,83.912468,-43.920353,nan
2024-06-07T17:05:47,83.912468,-43.920525,nan
2024-06-07T17:05:47,83.912460,-43.920696,nan
2024-06-07T17:05:46,83.912460,-43.920872,nan
2024-06-07T17:05:46,83.912460,-43.921047,nan
2024-06-07T17:05:45,83.912460,-43.921219,nan
2024-06-07T17:05:45,83.912453,-43.921391,nan
2024-06-07T17:05:44,83.912453,-43.921558,nan
2024-06-07T17:05:44,83.912445,-43.921722,nan
2024-06-07T17:05:43,83.912445,-43.921886,nan
2024-06-07T17:05:43,83.912445,-43.922047,nan
2024-06-07T17:05:42,83.912437,-43.922207,nan
2024-06-07T17:05:42,83.912437,-43.922367,nan
2024-06-07T17:05:41,83.912437,-43.922531,nan
2024-06-07T17:05:41,83.912437,-43.922699,nan
2024-06-07T17:05:40,83.912437,-43.922871,nan
2024-06-07T17:05:40,83.912437,-43.923042,nan
2024-06-07T17:05:39,83.912437,-43.923222,nan
2024-06-07T17:05:39,83.912437,-43.923405,nan
2024-06-07T17:05:38,83.912437,-43.923588,nan
2024-06-07T17:05:38,83.912437,-43.923767,nan
2024-06-07T17:05:37,83.912437,-43.923950,nan
2024-06-07T17:05:37,83.912437,-43.924133,nan
2024-06-07T17:05:36,83.912437,-43.924316,nan
2024-06-07T17:05:36,83.912430,-43.924496,nan
2024-06-07T17:05:35,83.912430,-43.924679,nan
2024-06-07T17:05:35,83.912430,-43.924858,nan
2024-06-07T17:05:34,83.912430,-43.925045,nan
2024-06-07T17:05:34,83.912430,-43.925240,nan
2024-06-07T17:05:33,83.912430,-43.925438,nan
2024-06-07T17:05:33,83.912422,-43.925640,nan
2024-06-07T17:05:32,83.912422,-43.925842,nan
2024-06-07T17:05:32,83.912422,-43.926048,nan
2024-06-07T17:05:31,83.912415,-43.926254,nan
2024-06-07T17:05:31,83.912415,-43.926464,nan
2024-06-07T17:05:30,83.912407,-43.926678,nan
2024-06-07T17:05:30,83.912407,-43.926888,nan
2024-06-07T17:05:29,83.912399,-43.927101,nan
2024-06-07T17:05:29,83.912392,-43.927315,nan
2024-06-07T17:05:28,83.912392,-43.927528,nan
2024-06-07T17:05:28,83.912384,-43.927742,nan
2024-06-07T17:05:27,83.912376,-43.927959,nan
2024-06-07T17:05:27,83.912376,-43.928173,nan
2024-06-07T17:05:26,83.912369,-43.928391,nan
2024-06-07T17:05:26,83.912369,-43.928616,nan
2024-06-07T17:05:25,83.912361,-43.928841,nan
2024-06-07T17:05:25,83.912361,-43.929073,nan
2024-06-07T17:05:24,83.912354,-43.929310,nan
2024-06-07T17:05:24,83.912346,-43.929554,nan
2024-06-07T17:05:23,83.912346,-43.929806,nan
2024-06-07T17:05:23,83.912338,-43.930061,nan
2024-06-07T17:05:22,83.912331,-43.930321,nan
2024-06-07T17:05:22,83.912323,-43.930588,nan
2024-06-07T17:05:21,83.912315,-43.930855,nan
2024-06-07T17:05:21,83.912308,-43.931122,nan
2024-06-07T17:05:20,83.912308,-43.931389,nan
2024-06-07T17:05:20,83.912300,-43.931667,nan
2024-06-07T17:05:19,83.912292,-43.931942,nan
2024-06-07T17:05:19,83.912292,-43.932220,nan
2024-06-07T17:05:18,83.912285,-43.932507,nan
2024-06-07T17:05:18,83.912277,-43.932796,nan
2024-06-07T17:05:17,83.912277,-43.933090,nan
2024-06-07T17:05:17,83.912270,-43.933392,nan
2024-06-07T17:05:16,83.912270,-43.933701,nan
2024-06-07T17:05:16,83.912270,-43.934010,nan
2024-06-07T17:05:15,83.912262,-43.934326,nan
2024-06-07T17:05:15,83.912262,-43.934643,nan
2024-06-07T17:05:14,83.912254,-43.934967,nan
2024-06-07T17:05:14,83.912254,-43.935291,nan
2024-06-07T17:05:13,83.912247,-43.935616,nan
2024-06-07T17:05:13,83.912239,-43.935940,nan
2024-06-07T17:05:12,83.912239,-43.936268,nan
2024-06-07T17:05:12,83.912231,-43.936588,nan
2024-06-07T17:05:11,83.912224,-43.936913,nan
2024-06-07T17:05:11,83.912216,-43.937233,nan
2024-06-07T17:05:10,83.912209,-43.937550,nan
2024-06-07T17:05:10,83.912209,-43.937862,nan
2024-06-07T17:05:09,83.912201,-43.938175,nan
2024-06-07T17:05:09,83.912193,-43.938484,nan
2024-06-07T17:05:08,83.912186,-43.938793,nan
2024-06-07T17:05:08,83.912178,-43.939106,nan
2024-06-07T17:05:07,83.912170,-43.939419,nan
2024-06-07T17:05:07,83.912163,-43.939728,nan
2024-06-07T17:05:06,83.912155,-43.940041,nan
2024-06-07T17:05:06,83.912148,-43.940353,nan
2024-06-07T17:05:05,83.912140,-43.940670,nan
2024-06-07T17:05:05,83.912132,-43.940983,nan
2024-06-07T17:05:04,83.912125,-43.941292,nan
2024-06-07T17:05:04,83.912109,-43.941601,nan
2024-06-07T17:05:03,83.912102,-43.941910,nan
2024-06-07T17:05:03,83.912094,-43.942219,nan
2024-06-07T17:05:02,83.912086,-43.942532,nan
2024-06-07T17:05:02,83.912079,-43.942844,nan
2024-06-07T17:05:01,83.912064,-43.943161,nan
2024-06-07T17:05:01,83.912056,-43.943481,nan
2024-06-07T17:05:00,83.912048,-43.943806,nan
2024-06-07T17:05:00,83.912041,-43.944130,nan
2024-06-07T17:04:59,83.912033,-43.944454,nan
2024-06-07T17:04:59,83.912025,-43.944778,nan
2024-06-07T17:04:58,83.912003,-43.945427,nan
2024-06-07T17:04:57,83.911995,-43.945747,nan
2024-06-07T17:04:57,83.911987,-43.946072,nan
2024-06-07T17:04:56,83.911980,-43.946396,nan
2024-06-07T17:04:56,83.911972,-43.946720,nan
2024-06-07T17:04:55,83.911957,-43.947044,nan
2024-06-07T17:04:55,83.911949,-43.947372,nan
2024-06-07T17:04:54,83.911942,-43.947701,nan
2024-06-07T17:04:54,83.911934,-43.948029,nan
2024-06-07T17:04:53,83.911926,-43.948360,nan
2024-06-07T17:04:53,83.911911,-43.948689,nan
2024-06-07T17:04:52,83.911903,-43.949013,nan
2024-06-07T17:04:52,83.911896,-43.949337,nan
2024-06-07T17:04:51,83.911880,-43.949657,nan
2024-06-07T17:04:51,83.911873,-43.949974,nan
2024-06-07T17:04:50,83.911865,-43.950298,nan
2024-06-07T17:04:50,83.911858,-43.950626,nan
2024-06-07T17:04:49,83.911850,-43.950954,nan
2024-06-07T17:04:49,83.911842,-43.951286,nan
2024-06-07T17:04:48,83.911827,-43.951622,nan
2024-06-07T17:04:48,83.911819,-43.951962,nan
2024-06-07T17:04:47,83.911804,-43.952297,nan
2024-06-07T17:04:47,83.911797,-43.952633,nan
2024-06-07T17:04:46,83.911789,-43.952969,nan
2024-06-07T17:04:46,83.911774,-43.953300,nan
2024-06-07T17:04:45,83.911766,-43.953632,nan
2024-06-07T17:04:45,83.911751,-43.953960,nan
2024-06-07T17:04:44,83.911743,-43.954292,nan
2024-06-07T17:04:44,83.911736,-43.954624,nan
2024-06-07T17:04:43,83.911728,-43.954956,nan
2024-06-07T17:04:43,83.911720,-43.955296,nan
2024-06-07T17:04:42,83.911713,-43.955635,nan
2024-06-07T17:04:35,83.911575,-43.961006,nan
2024-06-07T17:04:34,83.911560,-43.961372,nan
2024-06-07T17:04:34,83.911552,-43.961742,nan
2024-06-07T17:04:33,83.911545,-43.962105,nan
2024-06-07T17:04:33,83.911530,-43.962471,nan
2024-06-07T17:04:32,83.911522,-43.962833,nan
2024-06-07T17:04:32,83.911507,-43.963192,nan
2024-06-07T17:04:31,83.911499,-43.963551,nan
2024-06-07T17:04:31,83.911491,-43.963909,nan
2024-06-07T17:04:30,83.911484,-43.964260,nan
2024-06-07T17:04:30,83.911469,-43.964619,nan
2024-06-07T17:04:29,83.911461,-43.964977,nan
2024-06-07T17:04:29,83.911453,-43.965336,nan
2024-06-07T17:04:28,83.911446,-43.965702,nan
2024-06-07T17:04:28,83.911438,-43.966068,nan
2024-06-07T17:04:27,83.911430,-43.966438,nan
2024-06-07T17:04:27,83.911415,-43.966812,nan
2024-06-07T17:04:26,83.911407,-43.967186,nan
2024-06-07T17:04:26,83.911400,-43.967560,nan
2024-06-07T17:04:25,83.911385,-43.967930,nan
2024-06-07T17:04:25,83.911377,-43.968300,nan
2024-06-07T17:04:24,83.911362,-43.968666,nan
2024-06-07T17:04:24,83.911354,-43.969028,nan
2024-06-07T17:04:23,83.911339,-43.969387,nan
2024-06-07T17:04:23,83.911331,-43.969742,nan
2024-06-07T17:04:22,83.911324,-43.970093,nan
2024-06-07T17:04:22,83.911308,-43.970444,nan
2024-06-07T17:04:21,83.911301,-43.970798,nan
2024-06-07T17:04:21,83.911285,-43.971161,nan
2024-06-07T17:04:20,83.911278,-43.971523,nan
2024-06-07T17:04:20,83.911263,-43.971886,nan
2024-06-07T17:04:19,83.911255,-43.972248,nan
2024-06-07T17:04:19,83.911240,-43.972614,nan
2024-06-07T17:04:18,83.911232,-43.972984,nan
2024-06-07T17:04:18,83.911217,-43.973351,nan
2024-06-07T17:04:17,83.911209,-43.973721,nan
2024-06-07T17:04:17,83.911201,-43.974091,nan
2024-06-07T17:04:16,83.911186,-43.974468,nan
2024-06-07T17:04:16,83.911179,-43.974846,nan
2024-06-07T17:04:15,83.911171,-43.975231,nan
2024-06-07T17:04:15,83.911156,-43.975620,nan
2024-06-07T17:04:14,83.911148,-43.976013,nan
2024-06-07T17:04:14,83.911140,-43.976410,nan
2024-06-07T17:04:13,83.911125,-43.976810,nan
2024-06-07T17:04:13,83.911118,-43.977207,nan
2024-06-07T17:04:12,83.911102,-43.977604,nan
2024-06-07T17:04:12,83.911095,-43.978001,nan
2024-06-07T17:04:11,83.911087,-43.978394,nan
2024-06-07T17:04:11,83.911072,-43.978790,nan
2024-06-07T17:04:10,83.911064,-43.979183,nan
2024-06-07T17:04:10,83.911057,-43.979580,nan
2024-06-07T17:04:09,83.911049,-43.979980,nan
2024-06-07T17:04:09,83.911041,-43.980385,nan
2024-06-07T17:04:08,83.911034,-43.980793,nan
2024-06-07T17:04:08,83.911018,-43.981205,nan
2024-06-07T17:04:07,83.911011,-43.981621,nan
2024-06-07T17:04:07,83.911003,-43.982040,nan
2024-06-07T17:04:06,83.910995,-43.982460,nan
2024-06-07T17:04:06,83.910988,-43.982880,nan
2024-06-07T17:04:05,83.910980,-43.983303,nan
2024-06-07T17:04:05,83.910973,-43.983727,nan
2024-06-07T17:04:04,83.910965,-43.984146,nan
2024-06-07T17:04:04,83.910957,-43.984566,nan
2024-06-07T17:04:03,83.910950,-43.984985,nan
2024-06-07T17:04:03,83.910934,-43.985405,nan
2024-06-07T17:04:02,83.910934,-43.985828,nan
2024-06-07T17:04:02,83.910919,-43.986256,nan
2024-06-07T17:04:01,83.910919,-43.986687,nan
2024-06-07T17:04:01,83.910912,-43.987125,nan
2024-06-07T17:04:00,83.910904,-43.987572,nan
2024-06-07T17:04:00,83.910896,-43.988022,nan
2024-06-07T17:03:59,83.910889,-43.988476,nan
2024-06-07T17:03:59,83.910873,-43.988934,nan
2024-06-07T17:03:58,83.910866,-43.989391,nan
2024-06-07T17:03:58,83.910851,-43.989853,nan
2024-06-07T17:03:57,83.910843,-43.990311,nan
2024-06-07T17:03:57,83.910828,-43.990768,nan
2024-06-07T17:03:56,83.910812,-43.991222,nan
2024-06-07T17:03:56,83.910805,-43.991673,nan
2024-06-07T17:03:55,83.910789,-43.992119,nan
2024-06-07T17:03:55,83.910774,-43.992561,nan
2024-06-07T17:03:54,83.910767,-43.993004,nan
2024-06-07T17:03:54,83.910751,-43.993450,nan
2024-06-07T17:03:53,83.910744,-43.993896,nan
2024-06-07T17:03:53,83.910728,-43.994343,nan
2024-06-07T17:03:52,83.910713,-43.994789,nan
2024-06-07T17:03:52,83.910706,-43.995235,nan
2024-06-07T17:03:51,83.910690,-43.995674,nan
2024-06-07T17:03:51,83.910683,-43.996109,nan
2024-06-07T17:03:50,83.910667,-43.996540,nan
2024-06-07T17:03:50,83.910660,-43.996967,nan
2024-06-07T17:03:49,83.910645,-43.997395,nan
2024-06-07T17:03:49,83.910637,-43.997822,nan
2024-06-07T17:03:48,83.910622,-43.998253,nan
2024-06-07T17:03:48,83.910614,-43.998680,nan
2024-06-07T17:03:47,83.910599,-43.999115,nan
2024-06-07T17:03:47,83.910591,-43.999550,nan
2024-06-07T17:03:46,83.910576,-43.999989,nan
2024-06-07T17:03:46,83.910568,-44.000427,nan
2024-06-07T17:03:45,83.910553,-44.000870,nan
2024-06-07T17:03:45,83.910545,-44.001312,nan
2024-06-07T17:03:44,83.910530,-44.001755,nan
2024-06-07T17:03:44,83.910515,-44.002193,nan
2024-06-07T17:03:43,83.910500,-44.002625,nan
2024-06-07T17:03:43,83.910492,-44.003063,nan
2024-06-07T17:03:42,83.910477,-44.003502,nan
2024-06-07T17:03:42,83.910461,-44.003941,nan
2024-06-07T17:03:41,83.910454,-44.004387,nan
2024-06-07T17:03:41,83.910439,-44.004841,nan
2024-06-07T17:03:40,83.910423,-44.005299,nan
2024-06-07T17:03:40,83.910416,-44.005768,nan
2024-06-07T17:03:39,83.910400,-44.006241,nan
2024-06-07T17:03:39,83.910385,-44.006718,nan
2024-06-07T17:03:38,83.910370,-44.007202,nan
2024-06-07T17:03:38,83.910355,-44.007694,nan
2024-06-07T17:03:37,83.910339,-44.008190,nan
2024-06-07T17:03:37,83.910332,-44.008690,nan
2024-06-07T17:03:36,83.910316,-44.009190,nan
2024-06-07T17:03:36,83.910301,-44.009701,nan
2024-06-07T17:03:35,83.910294,-44.010212,nan
2024-06-07T17:03:35,83.910278,-44.010735,nan
2024-06-07T17:03:34,83.910271,-44.011269,nan
2024-06-07T17:03:34,83.910255,-44.011806,nan
2024-06-07T17:03:33,83.910248,-44.012360,nan
2024-06-07T17:03:33,83.910233,-44.012917,nan
2024-06-07T17:03:32,83.910225,-44.013489,nan
2024-06-07T17:03:32,83.910210,-44.014065,nan
2024-06-07T17:03:31,83.910202,-44.014648,nan
2024-06-07T17:03:31,83.910187,-44.015240,nan
2024-06-07T17:03:30,83.910179,-44.015842,nan
2024-06-07T17:03:30,83.910164,-44.016449,nan
2024-06-07T17:03:29,83.910156,-44.017067,nan
2024-06-07T17:03:29,83.910141,-44.017689,nan
2024-06-07T17:03:28,83.910133,-44.018314,nan
2024-06-07T17:03:28,83.910118,-44.018944,nan
2024-06-07T17:03:27,83.910103,-44.019573,nan
2024-06-07T17:03:27,83.910088,-44.020203,nan
2024-06-07T17:03:26,83.910080,-44.020832,nan
2024-06-07T17:03:26,83.910065,-44.021465,nan
2024-06-07T17:03:25,83.910049,-44.022102,nan
2024-06-07T17:03:25,83.910034,-44.022751,nan
2024-06-07T17:03:24,83.910027,-44.023403,nan
2024-06-07T17:03:24,83.910011,-44.024067,nan
2024-06-07T17:03:23,83.909996,-44.024742,nan
2024-06-07T17:03:23,83.909981,-44.025425,nan
2024-06-07T17:03:22,83.909966,-44.026115,nan
2024-06-07T17:03:22,83.909950,-44.026814,nan
2024-06-07T17:03:21,83.909935,-44.027512,nan
2024-06-07T17:03:21,83.909920,-44.028217,nan
2024-06-07T17:03:20,83.909904,-44.028927,nan
2024-06-07T17:03:20,83.909889,-44.029640,nan
2024-06-07T17:03:19,83.909866,-44.030369,nan
2024-06-07T17:03:19,83.909859,-44.031101,nan
2024-06-07T17:03:18,83.909843,-44.031849,nan
2024-06-07T17:03:18,83.909821,-44.032600,nan
2024-06-07T17:03:17,83.909805,-44.033363,nan
2024-06-07T17:03:17,83.909790,-44.034126,nan
2024-06-07T17:03:16,83.909775,-44.034897,nan
2024-06-07T17:03:16,83.909752,-44.035667,nan
2024-06-07T17:03:15,83.909737,-44.036442,nan
2024-06-07T17:03:15,83.909714,-44.037216,nan
2024-06-07T17:03:14,83.909698,-44.037994,nan
2024-06-07T17:03:14,83.909676,-44.038776,nan
2024-06-07T17:03:13,83.909653,-44.039562,nan
2024-06-07T17:03:13,83.909637,-44.040356,nan
2024-06-07T17:03:12,83.909615,-44.041153,nan
2024-06-07T17:03:12,83.909599,-44.041958,nan
2024-06-07T17:03:11,83.909576,-44.042767,nan
2024-06-07T17:03:11,83.909561,-44.043579,nan
2024-06-07T17:03:10,83.909538,-44.044392,nan
2024-06-07T17:03:10,83.909515,-44.045200,nan
2024-06-07T17:03:09,83.909492,-44.046013,nan
2024-06-07T17:03:09,83.909477,-44.046814,nan
2024-06-07T17:03:08,83.909454,-44.047619,nan
2024-06-07T17:03:08,83.909431,-44.048416,nan
2024-06-07T17:03:07,83.909409,-44.049221,nan
2024-06-07T17:03:07,83.909386,-44.050030,nan
2024-06-07T17:03:06,83.909363,-44.050838,nan
2024-06-07T17:03:06,83.909340,-44.051651,nan
2024-06-07T17:03:05,83.909317,-44.052460,nan
2024-06-07T17:03:05,83.909294,-44.053268,nan
2024-06-07T17:03:04,83.909271,-44.054073,nan
2024-06-07T17:03:04,83.909248,-44.054874,nan
2024-06-07T17:03:03,83.909218,-44.055679,nan
2024-06-07T17:03:03,83.909195,-44.056480,nan
2024-06-07T17:03:02,83.909172,-44.057281,nan
2024-06-07T17:03:02,83.909149,-44.058090,nan
2024-06-07T17:03:01,83.909126,-44.058899,nan
2024-06-07T17:03:01,83.909103,-44.059711,nan
2024-06-07T17:03:00,83.909081,-44.060528,nan
2024-06-07T17:03:00,83.909058,-44.061344,nan
2024-06-07T17:02:59,83.909035,-44.062157,nan
2024-06-07T17:02:59,83.909012,-44.062969,nan
2024-06-07T17:02:58,83.908989,-44.063774,nan
2024-06-07T17:02:58,83.908958,-44.064575,nan
2024-06-07T17:02:57,83.908936,-44.065372,nan
2024-06-07T17:02:57,83.908913,-44.066162,nan
2024-06-07T17:02:56,83.908890,-44.066956,nan
2024-06-07T17:02:56,83.908867,-44.067753,nan
2024-06-07T17:02:55,83.908844,-44.068550,nan
2024-06-07T17:02:55,83.908821,-44.069351,nan
2024-06-07T17:02:54,83.908798,-44.070152,nan
2024-06-07T17:02:54,83.908775,-44.070957,nan
2024-06-07T17:02:53,83.908752,-44.071758,nan
2024-06-07T17:02:53,83.908730,-44.072556,nan
2024-06-07T17:02:52,83.908707,-44.073353,nan
2024-06-07T17:02:52,83.908684,-44.074150,nan
2024-06-07T17:02:51,83.908669,-44.074951,nan
2024-06-07T17:02:51,83.908646,-44.075756,nan
2024-06-07T17:02:50,83.908623,-44.076565,nan
2024-06-07T17:02:50,83.908600,-44.077370,nan
2024-06-07T17:02:49,83.908585,-44.078178,nan
2024-06-07T17:02:49,83.908562,-44.078991,nan
2024-06-07T17:02:48,83.908539,-44.079800,nan
2024-06-07T17:02:48,83.908516,-44.080605,nan
2024-06-07T17:02:47,83.908493,-44.081406,nan
2024-06-07T17:02:47,83.908478,-44.082207,nan
2024-06-07T17:02:46,83.908455,-44.083012,nan
2024-06-07T17:02:46,83.908432,-44.083817,nan
2024-06-07T17:02:45,83.908409,-44.084625,nan
2024-06-07T17:02:45,83.908386,-44.085438,nan
2024-06-07T17:02:44,83.908363,-44.086243,nan
2024-06-07T17:02:44,83.908340,-44.087051,nan
2024-06-07T17:02:43,83.908318,-44.087852,nan
2024-06-07T17:02:43,83.908295,-44.088654,nan
2024-06-07T17:02:42,83.908272,-44.089447,nan
2024-06-07T17:02:42,83.908241,-44.090244,nan
2024-06-07T17:02:41,83.908218,-44.091042,nan
2024-06-07T17:02:41,83.908195,-44.091843,nan
2024-06-07T17:02:40,83.908173,-44.092648,nan
2024-06-07T17:02:40,83.908150,-44.093456,nan
2024-06-07T17:02:39,83.908119,-44.094265,nan
2024-06-07T17:02:39,83.908096,-44.095078,nan
2024-06-07T17:02:38,83.908073,-44.095886,nan
2024-06-07T17:02:38,83.908051,-44.096695,nan
2024-06-07T17:02:37,83.908020,-44.097500,nan
2024-06-07T17:02:37,83.907997,-44.098301,nan
2024-06-07T17:02:36,83.907974,-44.099106,nan
2024-06-07T17:02:36,83.907951,-44.099903,nan
2024-06-07T17:02:35,83.907928,-44.100708,nan
2024-06-07T17:02:35,83.907906,-44.101509,nan
2024-06-07T17:02:34,83.907883,-44.102322,nan
2024-06-07T17:02:34,83.907860,-44.103134,nan
2024-06-07T17:02:33,83.907837,-44.103947,nan
2024-06-07T17:02:33,83.907814,-44.104767,nan
2024-06-07T17:02:32,83.907799,-44.105579,nan
2024-06-07T17:02:32,83.907776,-44.106388,nan
2024-06-07T17:02:31,83.907753,-44.107193,nan
2024-06-07T17:02:31,83.907730,-44.107998,nan
2024-06-07T17:02:30,83.907715,-44.108799,nan
2024-06-07T17:02:30,83.907692,-44.109596,nan
2024-06-07T17:02:29,83.907677,-44.110401,nan
2024-06-07T17:02:29,83.907661,-44.111210,nan
2024-06-07T17:02:28,83.907639,-44.112015,nan
2024-06-07T17:02:28,83.907623,-44.112827,nan
2024-06-07T17:02:27,83.907600,-44.113640,nan
2024-06-07T17:02:27,83.907585,-44.114452,nan
2024-06-07T17:02:26,83.907570,-44.115257,nan
2024-06-07T17:02:26,83.907547,-44.116062,nan
2024-06-07T17:02:25,83.907532,-44.116867,nan
2024-06-07T17:02:25,83.907509,-44.117668,nan
2024-06-07T17:02:24,83.907486,-44.118469,nan
2024-06-07T17:02:24,83.907471,-44.119270,nan
2024-06-07T17:02:23,83.907448,-44.120079,nan
2024-06-07T17:02:23,83.907425,-44.120892,nan
2024-06-07T17:02:22,83.907402,-44.121712,nan
2024-06-07T17:02:22,83.907387,-44.122532,nan
2024-06-07T17:02:21,83.907356,-44.123352,nan
2024-06-07T17:02:21,83.907341,-44.124172,nan
2024-06-07T17:02:20,83.907318,-44.124992,nan
2024-06-07T17:02:20,83.907295,-44.125809,nan
2024-06-07T17:02:19,83.907272,-44.126633,nan
2024-06-07T17:02:19,83.907249,-44.127457,nan
2024-06-07T17:02:18,83.907227,-44.128288,nan
2024-06-07T17:02:18,83.907204,-44.129124,nan
2024-06-07T17:02:17,83.907181,-44.129959,nan
2024-06-07T17:02:17,83.907166,-44.130798,nan
2024-06-07T17:02:16,83.907143,-44.131641,nan
2024-06-07T17:02:16,83.907120,-44.132477,nan
2024-06-07T17:02:15,83.907104,-44.133308,nan
2024-06-07T17:02:15,83.907082,-44.134140,nan
2024-06-07T17:02:14,83.907066,-44.134972,nan
2024-06-07T17:02:14,83.907051,-44.135807,nan
2024-06-07T17:02:13,83.907036,-44.136646,nan
2024-06-07T17:02:13,83.907013,-44.137489,nan
2024-06-07T17:02:12,83.906998,-44.138336,nan
2024-06-07T17:02:12,83.906982,-44.139179,nan
2024-06-07T17:02:11,83.906960,-44.140018,nan
2024-06-07T17:02:11,83.906944,-44.140850,nan
2024-06-07T17:02:10,83.906921,-44.141678,nan
2024-06-07T17:02:10,83.906906,-44.142509,nan
2024-06-07T17:02:09,83.906883,-44.143349,nan
2024-06-07T17:02:09,83.906868,-44.144188,nan
2024-06-07T17:02:08,83.906853,-44.145031,nan
2024-06-07T17:02:08,83.906830,-44.145882,nan
2024-06-07T17:02:07,83.906815,-44.146732,nan
2024-06-07T17:02:07,83.906792,-44.147587,nan
2024-06-07T17:02:06,83.906776,-44.148438,nan
2024-06-07T17:02:06,83.906761,-44.149288,nan
2024-06-07T17:02:05,83.906738,-44.150143,nan
2024-06-07T17:02:05,83.906723,-44.150997,nan
2024-06-07T17:02:04,83.906708,-44.151855,nan
2024-06-07T17:02:04,83.906693,-44.152718,nan
2024-06-07T17:02:03,83.906670,-44.153584,nan
2024-06-07T17:02:03,83.906654,-44.154449,nan
2024-06-07T17:02:02,83.906639,-44.155312,nan
2024-06-07T17:02:02,83.906616,-44.156178,nan
2024-06-07T17:02:01,83.906601,-44.157040,nan
2024-06-07T17:02:01,83.906586,-44.157902,nan
2024-06-07T17:02:00,83.906570,-44.158768,nan
2024-06-07T17:02:00,83.906555,-44.159637,nan
2024-06-07T17:01:59,83.906540,-44.160511,nan
2024-06-07T17:01:59,83.906525,-44.161385,nan
2024-06-07T17:01:58,83.906502,-44.162262,nan
2024-06-07T17:01:58,83.906487,-44.163139,nan
2024-06-07T17:01:57,83.906471,-44.164021,nan
2024-06-07T17:01:57,83.906456,-44.164898,nan
2024-06-07T17:01:56,83.906441,-44.165775,nan
2024-06-07T17:01:56,83.906425,-44.166656,nan
2024-06-07T17:01:55,83.906410,-44.167542,nan
2024-06-07T17:01:55,83.906395,-44.168427,nan
2024-06-07T17:01:54,83.906380,-44.169319,nan
2024-06-07T17:01:54,83.906364,-44.170212,nan
2024-06-07T17:01:53,83.906349,-44.171104,nan
2024-06-07T17:01:53,83.906334,-44.171997,nan
2024-06-07T17:01:52,83.906319,-44.172886,nan
2024-06-07T17:01:52,83.906296,-44.173779,nan
2024-06-07T17:01:51,83.906281,-44.174671,nan
2024-06-07T17:01:51,83.906265,-44.175568,nan
2024-06-07T17:01:50,83.906250,-44.176468,nan
2024-06-07T17:01:50,83.906235,-44.177368,nan
2024-06-07T17:01:49,83.906219,-44.178272,nan
2024-06-07T17:01:49,83.906197,-44.179176,nan
2024-06-07T17:01:48,83.906181,-44.180080,nan
2024-06-07T17:01:48,83.906166,-44.180981,nan
2024-06-07T17:01:47,83.906151,-44.181881,nan
2024-06-07T17:01:47,83.906136,-44.182777,nan
2024-06-07T17:01:46,83.906120,-44.183685,nan
2024-06-07T17:01:46,83.906097,-44.184597,nan
2024-06-07T17:01:45,83.906090,-44.185516,nan
2024-06-07T17:01:45,83.906075,-44.186440,nan
2024-06-07T17:01:44,83.906052,-44.187366,nan
2024-06-07T17:01:44,83.906036,-44.188297,nan
2024-06-07T17:01:43,83.906021,-44.189228,nan
2024-06-07T17:01:43,83.906006,-44.190159,nan
2024-06-07T17:01:42,83.905983,-44.191093,nan
2024-06-07T17:01:42,83.905968,-44.192032,nan
2024-06-07T17:01:41,83.905945,-44.192970,nan
2024-06-07T17:01:41,83.905930,-44.193913,nan
2024-06-07T17:01:40,83.905907,-44.194862,nan
2024-06-07T17:01:40,83.905884,-44.195816,nan
2024-06-07T17:01:39,83.905869,-44.196770,nan
2024-06-07T17:01:39,83.905846,-44.197723,nan
2024-06-07T17:01:38,83.905823,-44.198677,nan
2024-06-07T17:01:38,83.905800,-44.199623,nan
2024-06-07T17:01:37,83.905777,-44.200569,nan
2024-06-07T17:01:37,83.905754,-44.201523,nan
2024-06-07T17:01:36,83.905731,-44.202477,nan
2024-06-07T17:01:36,83.905708,-44.203430,nan
2024-06-07T17:01:35,83.905685,-44.204388,nan
2024-06-07T17:01:35,83.905663,-44.205349,nan
2024-06-07T17:01:34,83.905640,-44.206306,nan
2024-06-07T17:01:34,83.905624,-44.207260,nan
2024-06-07T17:01:33,83.905602,-44.208214,nan
2024-06-07T17:01:33,83.905579,-44.209164,nan
2024-06-07T17:01:32,83.905556,-44.210114,nan
2024-06-07T17:01:32,83.905533,-44.211067,nan
2024-06-07T17:01:31,83.905518,-44.212025,nan
2024-06-07T17:01:31,83.905495,-44.212990,nan
2024-06-07T17:01:30,83.905472,-44.213951,nan
2024-06-07T17:01:30,83.905449,-44.214912,nan
2024-06-07T17:01:29,83.905426,-44.215874,nan
2024-06-07T17:01:29,83.905411,-44.216831,nan
2024-06-07T17:01:28,83.905380,-44.217789,nan
2024-06-07T17:01:28,83.905357,-44.218742,nan
2024-06-07T17:01:27,83.905334,-44.219692,nan
2024-06-07T17:01:27,83.905312,-44.220646,nan
2024-06-07T17:01:26,83.905289,-44.221600,nan
2024-06-07T17:01:26,83.905266,-44.222561,nan
2024-06-07T17:01:25,83.905243,-44.223526,nan
2024-06-07T17:01:25,83.905220,-44.224495,nan
2024-06-07T17:01:24,83.905197,-44.225468,nan
2024-06-07T17:01:24,83.905174,-44.226440,nan
2024-06-07T17:01:23,83.905144,-44.227413,nan
2024-06-07T17:01:23,83.905121,-44.228386,nan
2024-06-07T17:01:22,83.905098,-44.229359,nan
2024-06-07T17:01:22,83.905067,-44.230331,nan
2024-06-07T17:01:21,83.905045,-44.231312,nan
2024-06-07T17:01:21,83.905014,-44.232296,nan
2024-06-07T17:01:20,83.904991,-44.233288,nan
2024-06-07T17:01:20,83.904961,-44.234287,nan
2024-06-07T17:01:19,83.904938,-44.235294,nan
2024-06-07T17:01:19,83.904907,-44.236305,nan
2024-06-07T17:01:18,83.904877,-44.237320,nan
2024-06-07T17:01:18,83.904846,-44.238342,nan
2024-06-07T17:01:17,83.904823,-44.239368,nan
2024-06-07T17:01:17,83.904793,-44.240398,nan
2024-06-07T17:01:16,83.904762,-44.241428,nan
2024-06-07T17:01:16,83.904732,-44.242455,nan
2024-06-07T17:01:15,83.904709,-44.243477,nan
2024-06-07T17:01:15,83.904678,-44.244492,nan
2024-06-07T17:01:14,83.904655,-44.245510,nan
2024-06-07T17:01:14,83.904625,-44.246529,nan
2024-06-07T17:01:13,83.904602,-44.247547,nan
2024-06-07T17:01:13,83.904579,-44.248562,nan
2024-06-07T17:01:12,83.904549,-44.249573,nan
2024-06-07T17:01:12,83.904526,-44.250587,nan
2024-06-07T17:01:11,83.904503,-44.251595,nan
2024-06-07T17:01:11,83.904472,-44.252602,nan
2024-06-07T17:01:10,83.904449,-44.253613,nan
2024-06-07T17:01:10,83.904419,-44.254623,nan
2024-06-07T17:01:09,83.904388,-44.255638,nan
2024-06-07T17:01:09,83.904366,-44.256660,nan
2024-06-07T17:01:08,83.904335,-44.257690,nan
2024-06-07T17:01:08,83.904305,-44.258720,nan
2024-06-07T17:01:07,83.904266,-44.259754,nan
2024-06-07T17:01:07,83.904236,-44.260784,nan
2024-06-07T17:01:06,83.904205,-44.261818,nan
2024-06-07T17:01:06,83.904175,-44.262856,nan
2024-06-07T17:01:05,83.904137,-44.263901,nan
2024-06-07T17:01:05,83.904106,-44.264946,nan
2024-06-07T17:01:04,83.904076,-44.265995,nan
2024-06-07T17:01:04,83.904045,-44.267040,nan
2024-06-07T17:01:03,83.904015,-44.268078,nan
2024-06-07T17:01:03,83.903984,-44.269108,nan
2024-06-07T17:01:02,83.903954,-44.270130,nan
2024-06-07T17:01:02,83.903923,-44.271145,nan
2024-06-07T17:01:01,83.903900,-44.272148,nan
2024-06-07T17:01:01,83.903870,-44.273148,nan
2024-06-07T17:01:00,83.903839,-44.274128,nan
2024-06-07T17:01:00,83.903816,-44.275093,nan
2024-06-07T17:00:59,83.903793,-44.276039,nan
2024-06-07T17:00:59,83.903763,-44.276970,nan
2024-06-07T17:00:58,83.903740,-44.277889,nan
2024-06-07T17:00:58,83.903717,-44.278797,nan
2024-06-07T17:00:57,83.903694,-44.279697,nan
2024-06-07T17:00:57,83.903671,-44.280582,nan
2024-06-07T17:00:56,83.903656,-44.281460,nan
2024-06-07T17:00:56,83.903633,-44.282318,nan
2024-06-07T17:00:55,83.903610,-44.283161,nan
2024-06-07T17:00:55,83.903595,-44.283989,nan
2024-06-07T17:00:54,83.903572,-44.284801,nan
2024-06-07T17:00:54,83.903557,-44.285603,nan
2024-06-07T17:00:53,83.903542,-44.286400,nan
2024-06-07T17:00:53,83.903519,-44.287189,nan
2024-06-07T17:00:52,83.903503,-44.287971,nan
2024-06-07T17:00:52,83.903488,-44.288750,nan
2024-06-07T17:00:51,83.903465,-44.289520,nan
2024-06-07T17:00:51,83.903450,-44.290276,nan
2024-06-07T17:00:50,83.903435,-44.291016,nan
2024-06-07T17:00:50,83.903412,-44.291740,nan
2024-06-07T17:00:49,83.903397,-44.292454,nan
2024-06-07T17:00:49,83.903381,-44.293152,nan
2024-06-07T17:00:48,83.903366,-44.293842,nan
2024-06-07T17:00:48,83.903351,-44.294518,nan
2024-06-07T17:00:47,83.903336,-44.295181,nan
2024-06-07T17:00:47,83.903320,-44.295830,nan
2024-06-07T17:00:46,83.903305,-44.296467,nan
2024-06-07T17:00:46,83.903290,-44.297096,nan
2024-06-07T17:00:45,83.903282,-44.297722,nan
2024-06-07T17:00:45,83.903267,-44.298340,nan
2024-06-07T17:00:44,83.903252,-44.298946,nan
2024-06-07T17:00:44,83.903244,-44.299545,nan
2024-06-07T17:00:43,83.903229,-44.300137,nan
2024-06-07T17:00:43,83.903221,-44.300720,nan
2024-06-07T17:00:42,83.903214,-44.301292,nan
2024-06-07T17:00:42,83.903206,-44.301861,nan
2024-06-07T17:00:41,83.903198,-44.302418,nan
2024-06-07T17:00:41,83.903191,-44.302967,nan
2024-06-07T17:00:40,83.903183,-44.303509,nan
2024-06-07T17:00:40,83.903175,-44.304035,nan
2024-06-07T17:00:39,83.903168,-44.304546,nan
2024-06-07T17:00:39,83.903160,-44.305042,nan
2024-06-07T17:00:38,83.903152,-44.305523,nan
2024-06-07T17:00:38,83.903152,-44.305992,nan
2024-06-07T17:00:37,83.903145,-44.306454,nan
2024-06-07T17:00:37,83.903137,-44.306900,nan
2024-06-07T17:00:36,83.903130,-44.307335,nan
2024-06-07T17:00:36,83.903122,-44.307758,nan
2024-06-07T17:00:35,83.903114,-44.308163,nan
2024-06-07T17:00:35,83.903107,-44.308552,nan
2024-06-07T17:00:34,83.903099,-44.308926,nan
2024-06-07T17:00:34,83.903099,-44.309288,nan
2024-06-07T17:00:33,83.903091,-44.309639,nan
2024-06-07T17:00:33,83.903091,-44.309978,nan
2024-06-07T17:00:32,83.903084,-44.310307,nan
2024-06-07T17:00:32,83.903084,-44.310623,nan
2024-06-07T17:00:31,83.903076,-44.310928,nan
2024-06-07T17:00:31,83.903076,-44.311222,nan
2024-06-07T17:00:30,83.903069,-44.311512,nan
2024-06-07T17:00:30,83.903069,-44.311806,nan
2024-06-07T17:00:29,83.903069,-44.312099,nan
2024-06-07T17:00:29,83.903069,-44.312401,nan
2024-06-07T17:00:28,83.903069,-44.312710,nan
2024-06-07T17:00:28,83.903061,-44.313023,nan
2024-06-07T17:00:27,83.903061,-44.313332,nan
2024-06-07T17:00:27,83.903053,-44.313633,nan
2024-06-07T17:00:26,83.903053,-44.313938,nan
2024-06-07T17:00:26,83.903046,-44.314243,nan
2024-06-07T17:00:25,83.903038,-44.314545,nan
2024-06-07T17:00:25,83.903030,-44.314850,nan
2024-06-07T17:00:24,83.903030,-44.315151,nan
2024-06-07T17:00:24,83.903023,-44.315456,nan
2024-06-07T17:00:23,83.903015,-44.315758,nan
2024-06-07T17:00:23,83.903008,-44.316059,nan
2024-06-07T17:00:22,83.903000,-44.316368,nan
2024-06-07T17:00:22,83.903000,-44.316677,nan
2024-06-07T17:00:21,83.902992,-44.316998,nan
2024-06-07T17:00:21,83.902985,-44.317322,nan
2024-06-07T17:00:20,83.902985,-44.317646,nan
2024-06-07T17:00:20,83.902977,-44.317963,nan
2024-06-07T17:00:19,83.902977,-44.318272,nan
2024-06-07T17:00:19,83.902969,-44.318569,nan
2024-06-07T17:00:18,83.902969,-44.318859,nan
2024-06-07T17:00:18,83.902962,-44.319141,nan
2024-06-07T17:00:17,83.902962,-44.319424,nan
2024-06-07T17:00:17,83.902954,-44.319698,nan
2024-06-07T17:00:16,83.902946,-44.319950,nan
2024-06-07T17:00:16,83.902946,-44.320190,nan
2024-06-07T17:00:15,83.902939,-44.320423,nan
2024-06-07T17:00:15,83.902931,-44.320644,nan
2024-06-07T17:00:14,83.902924,-44.320858,nan
2024-06-07T17:00:14,83.902916,-44.321060,nan
2024-06-07T17:00:13,83.902908,-44.321247,nan
2024-06-07T17:00:13,83.902901,-44.321430,nan
2024-06-07T17:00:12,83.902885,-44.321602,nan
2024-06-07T17:00:12,83.902878,-44.321770,nan
2024-06-07T17:00:11,83.902870,-44.321941,nan
2024-06-07T17:00:11,83.902863,-44.322117,nan
2024-06-07T17:00:10,83.902863,-44.322296,nan
2024-06-07T17:00:10,83.902855,-44.322468,nan
2024-06-07T17:00:09,83.902847,-44.322636,nan
2024-06-07T17:00:09,83.902840,-44.322800,nan
2024-06-07T17:00:08,83.902840,-44.322960,nan
2024-06-07T17:00:08,83.902840,-44.323128,nan
2024-06-07T17:00:07,83.902832,-44.323303,nan
2024-06-07T17:00:07,83.902832,-44.323486,nan
2024-06-07T17:00:06,83.902824,-44.323669,nan
2024-06-07T17:00:06,83.902824,-44.323853,nan
2024-06-07T17:00:05,83.902817,-44.324047,nan
2024-06-07T17:00:05,83.902817,-44.324249,nan
2024-06-07T17:00:04,83.902809,-44.324463,nan
2024-06-07T17:00:04,83.902809,-44.324688,nan
2024-06-07T17:00:03,83.902802,-44.324917,nan
2024-06-07T17:00:03,83.902794,-44.325150,nan
2024-06-07T17:00:02,83.902786,-44.325382,nan
2024-06-07T17:00:02,83.902779,-44.325619,nan
2024-06-07T17:00:01,83.902771,-44.325855,nan
2024-06-07T17:00:01,83.902763,-44.326092,nan
2024-06-07T17:00:00,83.902756,-44.326328,nan
2024-06-07T17:00:00,83.902748,-44.326565,nan
2024-06-07T16:59:59,83.902748,-44.326797,nan
2024-06-07T16:59:59,83.902740,-44.327019,nan
2024-06-07T16:59:58,83.902733,-44.327229,nan
2024-06-07T16:59:58,83.902733,-44.327435,nan
2024-06-07T16:59:57,83.902725,-44.327629,nan
2024-06-07T16:59:57,83.902718,-44.327816,nan
2024-06-07T16:59:56,83.902718,-44.327995,nan
2024-06-07T16:59:56,83.902710,-44.328159,nan
2024-06-07T16:59:55,83.902702,-44.328320,nan
2024-06-07T16:59:55,83.902702,-44.328468,nan
2024-06-07T16:59:54,83.902702,-44.328617,nan
2024-06-07T16:59:54,83.902702,-44.328754,nan
2024-06-07T16:59:53,83.902695,-44.328892,nan
2024-06-07T16:59:53,83.902695,-44.329025,nan
2024-06-07T16:59:52,83.902687,-44.329155,nan
2024-06-07T16:59:52,83.902687,-44.329277,nan
2024-06-07T16:59:51,83.902679,-44.329395,nan
2024-06-07T16:59:51,83.902672,-44.329514,nan
2024-06-07T16:59:50,83.902664,-44.329632,nan
2024-06-07T16:59:50,83.902657,-44.329746,nan
2024-06-07T16:59:49,83.902641,-44.329865,nan
2024-06-07T16:59:49,83.902634,-44.329987,nan
2024-06-07T16:59:48,83.902626,-44.330112,nan
2024-06-07T16:59:48,83.902611,-44.330238,nan
2024-06-07T16:59:47,83.902603,-44.330360,nan
2024-06-07T16:59:47,83.902588,-44.330482,nan
2024-06-07T16:59:46,83.902580,-44.330601,nan
2024-06-07T16:59:46,83.902565,-44.330715,nan
2024-06-07T16:59:45,83.902557,-44.330833,nan
2024-06-07T16:59:45,83.902542,-44.330956,nan
2024-06-07T16:59:44,83.902534,-44.331081,nan
2024-06-07T16:59:44,83.902519,-44.331203,nan
2024-06-07T16:59:43,83.902504,-44.331329,nan
2024-06-07T16:59:43,83.902496,-44.331459,nan
2024-06-07T16:59:42,83.902481,-44.331593,nan
2024-06-07T16:59:42,83.902466,-44.331722,nan
2024-06-07T16:59:41,83.902458,-44.331848,nan
2024-06-07T16:59:41,83.902443,-44.331970,nan
2024-06-07T16:59:40,83.902435,-44.332085,nan
2024-06-07T16:59:40,83.902420,-44.332191,nan
2024-06-07T16:59:39,83.902412,-44.332298,nan
2024-06-07T16:59:39,83.902397,-44.332394,nan
2024-06-07T16:59:38,83.902382,-44.332481,nan
2024-06-07T16:59:38,83.902374,-44.332554,nan
2024-06-07T16:59:37,83.902359,-44.332615,nan
2024-06-07T16:59:37,83.902351,-44.332657,nan
2024-06-07T16:59:36,83.902336,-44.332691,nan
2024-06-07T16:59:36,83.902321,-44.332710,nan
2024-06-07T16:59:35,83.902313,-44.332722,nan
2024-06-07T16:59:35,83.902298,-44.332722,nan
2024-06-07T16:59:34,83.902283,-44.332718,nan
2024-06-07T16:59:34,83.902275,-44.332714,nan
2024-06-07T16:59:33,83.902260,-44.332710,nan
2024-06-07T16:59:33,83.902252,-44.332699,nan
2024-06-07T16:59:32,83.902237,-44.332687,nan
2024-06-07T16:59:32,83.902229,-44.332676,nan
2024-06-07T16:59:31,83.902222,-44.332668,nan
2024-06-07T16:59:31,83.902206,-44.332664,nan
2024-06-07T16:59:30,83.902199,-44.332668,nan
2024-06-07T16:59:30,83.902184,-44.332684,nan
2024-06-07T16:59:29,83.902176,-44.332695,nan
2024-06-07T16:59:29,83.902161,-44.332706,nan
2024-06-07T16:59:28,83.902153,-44.332722,nan
2024-06-07T16:59:28,83.902138,-44.332737,nan
2024-06-07T16:59:27,83.902130,-44.332756,nan
2024-06-07T16:59:27,83.902115,-44.332775,nan
2024-06-07T16:59:26,83.902107,-44.332806,nan
2024-06-07T16:59:26,83.902092,-44.332844,nan
2024-06-07T16:59:25,83.902084,-44.332878,nan
2024-06-07T16:59:25,83.902069,-44.332912,nan
2024-06-07T16:59:24,83.902061,-44.332947,nan
2024-06-07T16:59:24,83.902046,-44.332981,nan
2024-06-07T16:59:23,83.902039,-44.333015,nan
2024-06-07T16:59:23,83.902023,-44.333050,nan
2024-06-07T16:59:22,83.902016,-44.333088,nan
2024-06-07T16:59:22,83.902000,-44.333115,nan
2024-06-07T16:59:21,83.901993,-44.333141,nan
2024-06-07T16:59:21,83.901985,-44.333172,nan
2024-06-07T16:59:20,83.901978,-44.333195,nan
2024-06-07T16:59:20,83.901970,-44.333206,nan
2024-06-07T16:59:19,83.901962,-44.333218,nan
2024-06-07T16:59:19,83.901962,-44.333233,nan
2024-06-07T16:59:18,83.901962,-44.333248,nan
2024-06-07T16:59:18,83.901962,-44.333260,nan
2024-06-07T16:59:17,83.901962,-44.333279,nan
2024-06-07T16:59:17,83.901962,-44.333305,nan
2024-06-07T16:59:16,83.901962,-44.333328,nan
2024-06-07T16:59:16,83.901962,-44.333347,nan
2024-06-07T16:59:15,83.901970,-44.333363,nan
2024-06-07T16:59:15,83.901978,-44.333401,nan
2024-06-07T16:59:14,83.901978,-44.333458,nan
2024-06-07T16:59:14,83.901978,-44.333534,nan
2024-06-07T16:59:13,83.901962,-44.333557,nan
2024-06-07T16:59:13,83.901947,-44.333496,nan
2024-06-07T16:59:12,83.901924,-44.333393,nan
2024-06-07T16:59:12,83.901871,-44.333359,nan
2024-06-07T16:59:11,83.901779,-44.332771,nan
2024-06-07T16:59:11,83.901535,-44.331825,nan
2024-06-07T16:59:10,83.901085,-44.329796,nan
2024-06-07T16:59:10,83.900879,-44.328999,nan
2024-06-07T16:59:09,83.900475,-44.326744,nan
2024-06-07T16:59:06,83.901344,-44.332165,nan
2024-06-07T16:59:05,83.902168,-44.337215,nan
2024-06-07T16:59:05,83.903000,-44.342316,nan
2024-06-07T16:59:04,83.903839,-44.347324,nan
