datetime,lat,lon,elev
2024-06-05T13:33:24,83.498016,-61.532780,nan
2024-06-05T13:33:23,83.498016,-61.532780,nan
2024-06-05T13:33:23,83.498016,-61.532780,nan
2024-06-05T13:33:22,83.498016,-61.532776,nan
2024-06-05T13:33:22,83.498016,-61.532776,nan
2024-06-05T13:33:21,83.498016,-61.532776,nan
2024-06-05T13:33:21,83.498016,-61.532776,nan
2024-06-05T13:33:20,83.498016,-61.532776,nan
2024-06-05T13:33:20,83.498016,-61.532772,nan
2024-06-05T13:33:19,83.498016,-61.532772,nan
2024-06-05T13:33:19,83.498016,-61.532772,nan
2024-06-05T13:33:18,83.498016,-61.532772,nan
2024-06-05T13:33:18,83.498016,-61.532768,nan
2024-06-05T13:33:17,83.498016,-61.532768,nan
2024-06-05T13:33:17,83.498016,-61.532768,nan
2024-06-05T13:33:16,83.498016,-61.532768,nan
2024-06-05T13:33:16,83.498016,-61.532768,nan
2024-06-05T13:33:15,83.498016,-61.532764,nan
2024-06-05T13:33:15,83.498024,-61.532764,nan
2024-06-05T13:33:14,83.498024,-61.532764,nan
2024-06-05T13:33:14,83.498024,-61.532764,nan
2024-06-05T13:33:13,83.498024,-61.532764,nan
2024-06-05T13:33:13,83.498024,-61.532761,nan
2024-06-05T13:33:12,83.498024,-61.532761,nan
2024-06-05T13:33:12,83.498024,-61.532761,nan
2024-06-05T13:33:11,83.498024,-61.532757,nan
2024-06-05T13:33:11,83.498024,-61.532757,nan
2024-06-05T13:33:10,83.498024,-61.532757,nan
2024-06-05T13:33:10,83.498024,-61.532753,nan
2024-06-05T13:33:09,83.498024,-61.532753,nan
2024-06-05T13:33:09,83.498024,-61.532753,nan
2024-06-05T13:33:08,83.498024,-61.532749,nan
2024-06-05T13:33:08,83.498024,-61.532749,nan
2024-06-05T13:33:07,83.498024,-61.532749,nan
2024-06-05T13:33:07,83.498024,-61.532745,nan
2024-06-05T13:33:06,83.498024,-61.532745,nan
2024-06-05T13:33:06,83.498024,-61.532745,nan
2024-06-05T13:33:05,83.498024,-61.532742,nan
2024-06-05T13:33:05,83.498024,-61.532742,nan
2024-06-05T13:33:04,83.498024,-61.532742,nan
2024-06-05T13:33:04,83.498024,-61.532742,nan
2024-06-05T13:33:03,83.498024,-61.532742,nan
2024-06-05T13:33:03,83.498024,-61.532738,nan
2024-06-05T13:33:02,83.498024,-61.532738,nan
2024-06-05T13:33:02,83.498024,-61.532738,nan
2024-06-05T13:33:01,83.498024,-61.532738,nan
2024-06-05T13:33:01,83.498024,-61.532738,nan
2024-06-05T13:33:00,83.498024,-61.532738,nan
2024-06-05T13:33:00,83.498024,-61.532738,nan
2024-06-05T13:32:59,83.498032,-61.532738,nan
2024-06-05T13:32:59,83.498032,-61.532742,nan
2024-06-05T13:32:58,83.498032,-61.532745,nan
2024-06-05T13:32:58,83.498032,-61.532749,nan
2024-06-05T13:32:57,83.498032,-61.532761,nan
2024-06-05T13:32:57,83.498032,-61.532780,nan
2024-06-05T13:32:56,83.498039,-61.532784,nan
2024-06-05T13:32:55,83.498055,-61.532574,nan
2024-06-05T13:32:55,83.498070,-61.532448,nan
2024-06-05T13:32:54,83.498077,-61.532299,nan
2024-06-05T13:32:54,83.498093,-61.532131,nan
2024-06-05T13:32:53,83.498100,-61.531956,nan
2024-06-05T13:32:53,83.498116,-61.531761,nan
2024-06-05T13:32:52,83.498123,-61.531555,nan
2024-06-05T13:32:52,83.498138,-61.531334,nan
2024-06-05T13:32:51,83.498146,-61.531090,nan
2024-06-05T13:32:51,83.498154,-61.530830,nan
2024-06-05T13:32:50,83.498161,-61.530567,nan
2024-06-05T13:32:50,83.498169,-61.530300,nan
2024-06-05T13:32:49,83.498184,-61.529758,nan
2024-06-05T13:32:48,83.498192,-61.529488,nan
2024-06-05T13:32:48,83.498192,-61.529213,nan
2024-06-05T13:32:47,83.498199,-61.528934,nan
2024-06-05T13:32:47,83.498207,-61.528660,nan
2024-06-05T13:32:46,83.498215,-61.528385,nan
2024-06-05T13:32:46,83.498222,-61.528114,nan
2024-06-05T13:32:45,83.498230,-61.527840,nan
2024-06-05T13:32:44,83.498253,-61.527027,nan
2024-06-05T13:32:43,83.498260,-61.526768,nan
2024-06-05T13:32:43,83.498276,-61.526508,nan
2024-06-05T13:32:42,83.498283,-61.526260,nan
2024-06-05T13:32:42,83.498299,-61.526012,nan
2024-06-05T13:32:41,83.498306,-61.525768,nan
2024-06-05T13:32:41,83.498322,-61.525532,nan
2024-06-05T13:32:40,83.498329,-61.525295,nan
2024-06-05T13:32:40,83.498337,-61.525066,nan
2024-06-05T13:32:39,83.498344,-61.524834,nan
2024-06-05T13:32:39,83.498352,-61.524612,nan
2024-06-05T13:32:38,83.498360,-61.524395,nan
2024-06-05T13:32:38,83.498367,-61.524181,nan
2024-06-05T13:32:37,83.498375,-61.523979,nan
2024-06-05T13:32:37,83.498383,-61.523781,nan
2024-06-05T13:32:35,83.498405,-61.523209,nan
2024-06-05T13:32:35,83.498413,-61.523018,nan
2024-06-05T13:32:34,83.498421,-61.522823,nan
2024-06-05T13:32:32,83.498459,-61.522057,nan
2024-06-05T13:32:32,83.498466,-61.521866,nan
2024-06-05T13:32:31,83.498482,-61.521675,nan
2024-06-05T13:32:31,83.498489,-61.521488,nan
2024-06-05T13:32:30,83.498497,-61.521301,nan
2024-06-05T13:32:30,83.498505,-61.521114,nan
2024-06-05T13:32:29,83.498512,-61.520924,nan
2024-06-05T13:32:29,83.498528,-61.520733,nan
2024-06-05T13:32:28,83.498535,-61.520546,nan
2024-06-05T13:32:28,83.498543,-61.520355,nan
2024-06-05T13:32:27,83.498558,-61.520164,nan
2024-06-05T13:32:27,83.498566,-61.519970,nan
2024-06-05T13:32:26,83.498573,-61.519779,nan
2024-06-05T13:32:26,83.498581,-61.519588,nan
2024-06-05T13:32:25,83.498604,-61.519211,nan
2024-06-05T13:32:24,83.498611,-61.519020,nan
2024-06-05T13:32:23,83.498650,-61.518456,nan
2024-06-05T13:32:22,83.498672,-61.518078,nan
2024-06-05T13:32:21,83.498688,-61.517887,nan
2024-06-05T13:32:21,83.498695,-61.517696,nan
2024-06-05T13:32:20,83.498711,-61.517506,nan
2024-06-05T13:32:20,83.498718,-61.517311,nan
2024-06-05T13:32:19,83.498734,-61.517117,nan
2024-06-05T13:32:18,83.498764,-61.516537,nan
2024-06-05T13:32:16,83.498810,-61.515755,nan
2024-06-05T13:32:15,83.498817,-61.515553,nan
2024-06-05T13:32:15,83.498825,-61.515347,nan
2024-06-05T13:32:14,83.498848,-61.514931,nan
2024-06-05T13:32:13,83.498856,-61.514717,nan
2024-06-05T13:32:12,83.498878,-61.514069,nan
2024-06-05T13:32:11,83.498886,-61.513851,nan
2024-06-05T13:32:11,83.498894,-61.513634,nan
2024-06-05T13:32:10,83.498901,-61.513416,nan
2024-06-05T13:32:09,83.498917,-61.512997,nan
2024-06-05T13:32:05,83.498978,-61.511158,nan
2024-06-05T13:31:59,83.499077,-61.509029,nan
2024-06-05T13:31:59,83.499092,-61.508846,nan
2024-06-05T13:31:58,83.499107,-61.508472,nan
2024-06-05T13:31:57,83.499123,-61.508274,nan
2024-06-05T13:31:57,83.499130,-61.508072,nan
2024-06-05T13:31:56,83.499138,-61.507870,nan
2024-06-05T13:31:56,83.499153,-61.507664,nan
2024-06-05T13:31:55,83.499161,-61.507454,nan
2024-06-05T13:31:55,83.499168,-61.507240,nan
2024-06-05T13:31:54,83.499184,-61.507027,nan
2024-06-05T13:31:54,83.499191,-61.506809,nan
2024-06-05T13:31:53,83.499199,-61.506588,nan
2024-06-05T13:31:53,83.499207,-61.506363,nan
2024-06-05T13:31:52,83.499214,-61.506138,nan
2024-06-05T13:31:52,83.499222,-61.505909,nan
2024-06-05T13:31:51,83.499229,-61.505684,nan
2024-06-05T13:31:51,83.499237,-61.505455,nan
2024-06-05T13:31:50,83.499245,-61.505226,nan
2024-06-05T13:31:50,83.499252,-61.504997,nan
2024-06-05T13:31:49,83.499260,-61.504768,nan
2024-06-05T13:31:49,83.499268,-61.504539,nan
2024-06-05T13:31:48,83.499275,-61.504311,nan
2024-06-05T13:31:48,83.499290,-61.504086,nan
2024-06-05T13:31:47,83.499298,-61.503864,nan
2024-06-05T13:31:47,83.499306,-61.503647,nan
2024-06-05T13:31:46,83.499313,-61.503426,nan
2024-06-05T13:31:46,83.499313,-61.503212,nan
2024-06-05T13:31:45,83.499321,-61.502998,nan
2024-06-05T13:31:45,83.499329,-61.502785,nan
2024-06-05T13:31:44,83.499336,-61.502571,nan
2024-06-05T13:31:43,83.499352,-61.501942,nan
2024-06-05T13:31:42,83.499352,-61.501736,nan
2024-06-05T13:31:42,83.499359,-61.501530,nan
2024-06-05T13:31:41,83.499367,-61.501328,nan
2024-06-05T13:31:41,83.499367,-61.501122,nan
2024-06-05T13:31:40,83.499374,-61.500919,nan
2024-06-05T13:31:40,83.499382,-61.500717,nan
2024-06-05T13:31:39,83.499390,-61.500511,nan
2024-06-05T13:31:39,83.499390,-61.500309,nan
2024-06-05T13:31:38,83.499397,-61.500107,nan
2024-06-05T13:31:37,83.499420,-61.499481,nan
2024-06-05T13:31:36,83.499428,-61.499264,nan
2024-06-05T13:31:36,83.499435,-61.499050,nan
2024-06-05T13:31:35,83.499443,-61.498833,nan
2024-06-05T13:31:35,83.499451,-61.498611,nan
2024-06-05T13:31:34,83.499458,-61.498390,nan
2024-06-05T13:31:34,83.499466,-61.498169,nan
2024-06-05T13:31:33,83.499474,-61.497948,nan
2024-06-05T13:31:33,83.499481,-61.497726,nan
2024-06-05T13:31:32,83.499489,-61.497505,nan
2024-06-05T13:31:32,83.499496,-61.497288,nan
2024-06-05T13:31:31,83.499504,-61.497070,nan
2024-06-05T13:31:31,83.499512,-61.496857,nan
2024-06-05T13:31:30,83.499519,-61.496647,nan
2024-06-05T13:31:30,83.499535,-61.496437,nan
2024-06-05T13:31:29,83.499542,-61.496223,nan
2024-06-05T13:31:29,83.499550,-61.496014,nan
2024-06-05T13:31:28,83.499557,-61.495800,nan
2024-06-05T13:31:28,83.499573,-61.495583,nan
2024-06-05T13:31:27,83.499580,-61.495361,nan
2024-06-05T13:31:27,83.499588,-61.495136,nan
2024-06-05T13:31:26,83.499596,-61.494907,nan
2024-06-05T13:31:26,83.499603,-61.494678,nan
2024-06-05T13:31:25,83.499611,-61.494446,nan
2024-06-05T13:31:25,83.499619,-61.494213,nan
2024-06-05T13:31:24,83.499626,-61.493988,nan
2024-06-05T13:31:24,83.499634,-61.493767,nan
2024-06-05T13:31:23,83.499634,-61.493549,nan
2024-06-05T13:31:23,83.499641,-61.493340,nan
2024-06-05T13:31:22,83.499649,-61.493137,nan
2024-06-05T13:31:22,83.499657,-61.492943,nan
2024-06-05T13:31:21,83.499664,-61.492748,nan
2024-06-05T13:31:21,83.499672,-61.492558,nan
2024-06-05T13:31:20,83.499680,-61.492371,nan
2024-06-05T13:31:20,83.499680,-61.492184,nan
2024-06-05T13:31:19,83.499687,-61.492001,nan
2024-06-05T13:31:18,83.499702,-61.491631,nan
2024-06-05T13:31:17,83.499710,-61.491268,nan
2024-06-05T13:31:17,83.499718,-61.491085,nan
2024-06-05T13:31:16,83.499725,-61.490906,nan
2024-06-05T13:31:16,83.499725,-61.490726,nan
2024-06-05T13:31:15,83.499733,-61.490543,nan
2024-06-05T13:31:14,83.499741,-61.490173,nan
2024-06-05T13:31:14,83.499741,-61.489983,nan
2024-06-05T13:31:13,83.499748,-61.489788,nan
2024-06-05T13:31:13,83.499748,-61.489590,nan
2024-06-05T13:31:12,83.499748,-61.489391,nan
2024-06-05T13:31:12,83.499756,-61.489189,nan
2024-06-05T13:31:11,83.499756,-61.488987,nan
2024-06-05T13:31:11,83.499763,-61.488781,nan
2024-06-05T13:31:10,83.499763,-61.488575,nan
2024-06-05T13:31:10,83.499763,-61.488365,nan
2024-06-05T13:31:09,83.499763,-61.488152,nan
2024-06-05T13:31:09,83.499771,-61.487938,nan
2024-06-05T13:31:08,83.499771,-61.487724,nan
2024-06-05T13:31:08,83.499779,-61.487511,nan
2024-06-05T13:31:07,83.499779,-61.487297,nan
2024-06-05T13:31:07,83.499779,-61.487087,nan
2024-06-05T13:31:05,83.499794,-61.486458,nan
2024-06-05T13:31:05,83.499794,-61.486252,nan
2024-06-05T13:31:04,83.499802,-61.486046,nan
2024-06-05T13:31:04,83.499802,-61.485844,nan
2024-06-05T13:31:03,83.499809,-61.485645,nan
2024-06-05T13:31:03,83.499809,-61.485447,nan
2024-06-05T13:31:02,83.499809,-61.485252,nan
2024-06-05T13:31:02,83.499817,-61.485062,nan
2024-06-05T13:31:01,83.499825,-61.484871,nan
2024-06-05T13:31:01,83.499825,-61.484684,nan
2024-06-05T13:31:00,83.499832,-61.484497,nan
2024-06-05T13:31:00,83.499832,-61.484306,nan
2024-06-05T13:30:59,83.499840,-61.484116,nan
2024-06-05T13:30:59,83.499840,-61.483925,nan
2024-06-05T13:30:58,83.499847,-61.483723,nan
2024-06-05T13:30:58,83.499847,-61.483521,nan
2024-06-05T13:30:57,83.499855,-61.483315,nan
2024-06-05T13:30:57,83.499855,-61.483109,nan
2024-06-05T13:30:56,83.499863,-61.482899,nan
2024-06-05T13:30:56,83.499863,-61.482685,nan
2024-06-05T13:30:55,83.499863,-61.482468,nan
2024-06-05T13:30:55,83.499870,-61.482246,nan
2024-06-05T13:30:54,83.499870,-61.482021,nan
2024-06-05T13:30:54,83.499878,-61.481800,nan
2024-06-05T13:30:53,83.499878,-61.481579,nan
2024-06-05T13:30:53,83.499878,-61.481354,nan
2024-06-05T13:30:52,83.499886,-61.481129,nan
2024-06-05T13:30:52,83.499886,-61.480904,nan
2024-06-05T13:30:51,83.499886,-61.480686,nan
2024-06-05T13:30:51,83.499893,-61.480469,nan
2024-06-05T13:30:50,83.499893,-61.480255,nan
2024-06-05T13:30:50,83.499901,-61.480042,nan
2024-06-05T13:30:49,83.499901,-61.479832,nan
2024-06-05T13:30:49,83.499908,-61.479622,nan
2024-06-05T13:30:48,83.499916,-61.479416,nan
2024-06-05T13:30:48,83.499924,-61.479202,nan
2024-06-05T13:30:47,83.499924,-61.478989,nan
2024-06-05T13:30:47,83.499931,-61.478771,nan
2024-06-05T13:30:46,83.499939,-61.478554,nan
2024-06-05T13:30:46,83.499947,-61.478333,nan
2024-06-05T13:30:45,83.499954,-61.478111,nan
2024-06-05T13:30:45,83.499962,-61.477890,nan
2024-06-05T13:30:44,83.499969,-61.477669,nan
2024-06-05T13:30:44,83.499977,-61.477455,nan
2024-06-05T13:30:43,83.499985,-61.477245,nan
2024-06-05T13:30:43,83.499985,-61.477036,nan
2024-06-05T13:30:42,83.499992,-61.476830,nan
2024-06-05T13:30:42,83.500000,-61.476627,nan
2024-06-05T13:30:41,83.500008,-61.476425,nan
2024-06-05T13:30:41,83.500015,-61.476227,nan
2024-06-05T13:30:40,83.500023,-61.476025,nan
2024-06-05T13:30:40,83.500031,-61.475822,nan
2024-06-05T13:30:39,83.500038,-61.475620,nan
2024-06-05T13:30:39,83.500046,-61.475422,nan
2024-06-05T13:30:38,83.500046,-61.475224,nan
2024-06-05T13:30:38,83.500053,-61.475025,nan
2024-06-05T13:30:37,83.500061,-61.474827,nan
2024-06-05T13:30:37,83.500069,-61.474625,nan
2024-06-05T13:30:36,83.500076,-61.474422,nan
2024-06-05T13:30:36,83.500084,-61.474220,nan
2024-06-05T13:30:35,83.500092,-61.474014,nan
2024-06-05T13:30:35,83.500099,-61.473812,nan
2024-06-05T13:30:34,83.500107,-61.473610,nan
2024-06-05T13:30:34,83.500114,-61.473408,nan
2024-06-05T13:30:33,83.500122,-61.473202,nan
2024-06-05T13:30:33,83.500130,-61.473000,nan
2024-06-05T13:30:32,83.500137,-61.472790,nan
2024-06-05T13:30:32,83.500145,-61.472580,nan
2024-06-05T13:30:31,83.500153,-61.472370,nan
2024-06-05T13:30:31,83.500160,-61.472157,nan
2024-06-05T13:30:30,83.500160,-61.471947,nan
2024-06-05T13:30:30,83.500168,-61.471737,nan
2024-06-05T13:30:29,83.500175,-61.471531,nan
2024-06-05T13:30:29,83.500183,-61.471321,nan
2024-06-05T13:30:28,83.500191,-61.471111,nan
2024-06-05T13:30:28,83.500198,-61.470901,nan
2024-06-05T13:30:27,83.500198,-61.470688,nan
2024-06-05T13:30:27,83.500206,-61.470470,nan
2024-06-05T13:30:26,83.500229,-61.470020,nan
2024-06-05T13:30:25,83.500237,-61.469788,nan
2024-06-05T13:30:25,83.500244,-61.469555,nan
2024-06-05T13:30:24,83.500259,-61.469318,nan
2024-06-05T13:30:24,83.500267,-61.469082,nan
2024-06-05T13:30:23,83.500282,-61.468838,nan
2024-06-05T13:30:23,83.500290,-61.468594,nan
2024-06-05T13:30:22,83.500305,-61.468349,nan
2024-06-05T13:30:22,83.500320,-61.468098,nan
2024-06-05T13:30:21,83.500328,-61.467838,nan
2024-06-05T13:30:21,83.500343,-61.467579,nan
2024-06-05T13:30:20,83.500351,-61.467304,nan
2024-06-05T13:30:20,83.500359,-61.467026,nan
2024-06-05T13:30:19,83.500374,-61.466740,nan
2024-06-05T13:30:19,83.500381,-61.466442,nan
2024-06-05T13:30:18,83.500389,-61.466137,nan
2024-06-05T13:30:18,83.500397,-61.465824,nan
2024-06-05T13:30:17,83.500397,-61.465511,nan
2024-06-05T13:30:17,83.500404,-61.465191,nan
2024-06-05T13:30:16,83.500404,-61.464874,nan
2024-06-05T13:30:16,83.500404,-61.464561,nan
2024-06-05T13:30:15,83.500412,-61.464241,nan
2024-06-05T13:30:15,83.500412,-61.463921,nan
2024-06-05T13:30:14,83.500420,-61.463585,nan
2024-06-05T13:30:14,83.500420,-61.463245,nan
2024-06-05T13:30:13,83.500427,-61.462898,nan
2024-06-05T13:30:13,83.500427,-61.462543,nan
2024-06-05T13:30:12,83.500435,-61.462181,nan
2024-06-05T13:30:12,83.500443,-61.461815,nan
2024-06-05T13:30:11,83.500443,-61.461441,nan
2024-06-05T13:30:11,83.500450,-61.461067,nan
2024-06-05T13:30:10,83.500458,-61.460690,nan
2024-06-05T13:30:10,83.500465,-61.460312,nan
2024-06-05T13:30:09,83.500473,-61.459934,nan
2024-06-05T13:30:09,83.500481,-61.459553,nan
2024-06-05T13:30:08,83.500488,-61.459167,nan
2024-06-05T13:30:08,83.500496,-61.458778,nan
2024-06-05T13:30:07,83.500504,-61.458389,nan
2024-06-05T13:30:07,83.500511,-61.458000,nan
2024-06-05T13:30:06,83.500519,-61.457611,nan
2024-06-05T13:30:06,83.500526,-61.457222,nan
2024-06-05T13:30:05,83.500542,-61.456833,nan
2024-06-05T13:30:05,83.500549,-61.456444,nan
2024-06-05T13:30:04,83.500557,-61.456051,nan
2024-06-05T13:30:04,83.500565,-61.455654,nan
2024-06-05T13:30:03,83.500572,-61.455261,nan
2024-06-05T13:30:03,83.500580,-61.454861,nan
2024-06-05T13:30:02,83.500587,-61.454453,nan
2024-06-05T13:30:02,83.500603,-61.454048,nan
2024-06-05T13:30:01,83.500610,-61.453651,nan
2024-06-05T13:30:01,83.500618,-61.453251,nan
2024-06-05T13:30:00,83.500633,-61.452858,nan
2024-06-05T13:30:00,83.500641,-61.452469,nan
2024-06-05T13:29:59,83.500648,-61.452080,nan
2024-06-05T13:29:59,83.500656,-61.451694,nan
2024-06-05T13:29:58,83.500671,-61.451309,nan
2024-06-05T13:29:58,83.500679,-61.450920,nan
2024-06-05T13:29:57,83.500687,-61.450531,nan
2024-06-05T13:29:56,83.500702,-61.449745,nan
2024-06-05T13:29:56,83.500710,-61.449345,nan
2024-06-05T13:29:55,83.500717,-61.448944,nan
2024-06-05T13:29:55,83.500725,-61.448540,nan
2024-06-05T13:29:54,83.500732,-61.448132,nan
2024-06-05T13:29:53,83.500748,-61.447311,nan
2024-06-05T13:29:53,83.500755,-61.446896,nan
2024-06-05T13:29:52,83.500771,-61.446480,nan
2024-06-05T13:29:52,83.500778,-61.446060,nan
2024-06-05T13:29:51,83.500786,-61.445633,nan
2024-06-05T13:29:51,83.500793,-61.445206,nan
2024-06-05T13:29:50,83.500801,-61.444771,nan
2024-06-05T13:29:50,83.500809,-61.444336,nan
2024-06-05T13:29:49,83.500824,-61.443897,nan
2024-06-05T13:29:49,83.500832,-61.443459,nan
2024-06-05T13:29:48,83.500839,-61.443012,nan
2024-06-05T13:29:48,83.500847,-61.442562,nan
2024-06-05T13:29:47,83.500854,-61.442116,nan
2024-06-05T13:29:47,83.500862,-61.441666,nan
2024-06-05T13:29:46,83.500877,-61.441219,nan
2024-06-05T13:29:45,83.500893,-61.440319,nan
2024-06-05T13:29:45,83.500900,-61.439869,nan
2024-06-05T13:29:44,83.500908,-61.439423,nan
2024-06-05T13:29:44,83.500916,-61.438969,nan
2024-06-05T13:29:43,83.500923,-61.438519,nan
2024-06-05T13:29:43,83.500931,-61.438065,nan
2024-06-05T13:29:42,83.500938,-61.437607,nan
2024-06-05T13:29:42,83.500954,-61.437153,nan
2024-06-05T13:29:41,83.500969,-61.436237,nan
2024-06-05T13:29:40,83.500977,-61.435780,nan
2024-06-05T13:29:40,83.500984,-61.435322,nan
2024-06-05T13:29:39,83.500999,-61.434860,nan
2024-06-05T13:29:39,83.501007,-61.434402,nan
2024-06-05T13:29:38,83.501015,-61.433945,nan
2024-06-05T13:29:38,83.501022,-61.433479,nan
2024-06-05T13:29:37,83.501038,-61.433010,nan
2024-06-05T13:29:37,83.501045,-61.432545,nan
2024-06-05T13:29:36,83.501053,-61.432076,nan
2024-06-05T13:29:36,83.501068,-61.431610,nan
2024-06-05T13:29:35,83.501076,-61.431152,nan
2024-06-05T13:29:35,83.501083,-61.430695,nan
2024-06-05T13:29:34,83.501099,-61.430237,nan
2024-06-05T13:29:34,83.501106,-61.429775,nan
2024-06-05T13:29:33,83.501114,-61.429317,nan
2024-06-05T13:29:33,83.501122,-61.428856,nan
2024-06-05T13:29:32,83.501137,-61.428391,nan
2024-06-05T13:29:32,83.501144,-61.427921,nan
2024-06-05T13:29:31,83.501152,-61.427452,nan
2024-06-05T13:29:31,83.501160,-61.426979,nan
2024-06-05T13:29:30,83.501175,-61.426502,nan
2024-06-05T13:29:30,83.501183,-61.426022,nan
2024-06-05T13:29:29,83.501190,-61.425545,nan
2024-06-05T13:29:29,83.501205,-61.425060,nan
2024-06-05T13:29:28,83.501213,-61.424576,nan
2024-06-05T13:29:28,83.501228,-61.424088,nan
2024-06-05T13:29:27,83.501236,-61.423595,nan
2024-06-05T13:29:27,83.501251,-61.423103,nan
2024-06-05T13:29:26,83.501259,-61.422604,nan
2024-06-05T13:29:26,83.501274,-61.422108,nan
2024-06-05T13:29:25,83.501282,-61.421608,nan
2024-06-05T13:29:25,83.501297,-61.421104,nan
2024-06-05T13:29:24,83.501305,-61.420605,nan
2024-06-05T13:29:23,83.501328,-61.419613,nan
2024-06-05T13:29:23,83.501343,-61.419117,nan
2024-06-05T13:29:22,83.501350,-61.418629,nan
2024-06-05T13:29:22,83.501366,-61.418137,nan
2024-06-05T13:29:21,83.501373,-61.417648,nan
2024-06-05T13:29:21,83.501389,-61.417160,nan
2024-06-05T13:29:20,83.501396,-61.416676,nan
2024-06-05T13:29:20,83.501404,-61.416191,nan
2024-06-05T13:29:19,83.501419,-61.415710,nan
2024-06-05T13:29:19,83.501427,-61.415230,nan
2024-06-05T13:29:18,83.501450,-61.414272,nan
2024-06-05T13:29:17,83.501457,-61.413795,nan
2024-06-05T13:29:17,83.501472,-61.413319,nan
2024-06-05T13:29:16,83.501488,-61.412849,nan
2024-06-05T13:29:16,83.501495,-61.412376,nan
2024-06-05T13:29:15,83.501511,-61.411911,nan
2024-06-05T13:29:15,83.501518,-61.411442,nan
2024-06-05T13:29:14,83.501534,-61.410976,nan
2024-06-05T13:29:14,83.501541,-61.410515,nan
2024-06-05T13:29:13,83.501556,-61.410057,nan
2024-06-05T13:29:13,83.501572,-61.409595,nan
2024-06-05T13:29:12,83.501579,-61.409138,nan
2024-06-05T13:29:12,83.501595,-61.408680,nan
2024-06-05T13:29:11,83.501610,-61.408222,nan
2024-06-05T13:29:11,83.501617,-61.407761,nan
2024-06-05T13:29:10,83.501633,-61.407299,nan
2024-06-05T13:29:10,83.501648,-61.406834,nan
2024-06-05T13:29:09,83.501663,-61.406368,nan
2024-06-05T13:29:09,83.501678,-61.405903,nan
2024-06-05T13:29:08,83.501694,-61.405434,nan
2024-06-05T13:29:08,83.501701,-61.404964,nan
2024-06-05T13:29:07,83.501717,-61.404491,nan
2024-06-05T13:29:07,83.501732,-61.404022,nan
2024-06-05T13:29:06,83.501740,-61.403549,nan
2024-06-05T13:29:06,83.501755,-61.403080,nan
2024-06-05T13:29:05,83.501770,-61.402611,nan
2024-06-05T13:29:05,83.501778,-61.402145,nan
2024-06-05T13:29:04,83.501793,-61.401676,nan
2024-06-05T13:29:04,83.501808,-61.401215,nan
2024-06-05T13:29:03,83.501816,-61.400753,nan
2024-06-05T13:29:03,83.501831,-61.400288,nan
2024-06-05T13:29:02,83.501839,-61.399826,nan
2024-06-05T13:29:02,83.501854,-61.399364,nan
2024-06-05T13:29:01,83.501862,-61.398903,nan
2024-06-05T13:29:01,83.501877,-61.398441,nan
2024-06-05T13:29:00,83.501884,-61.397980,nan
2024-06-05T13:29:00,83.501900,-61.397518,nan
2024-06-05T13:28:59,83.501915,-61.397053,nan
2024-06-05T13:28:59,83.501923,-61.396587,nan
2024-06-05T13:28:58,83.501938,-61.396126,nan
2024-06-05T13:28:57,83.501961,-61.395191,nan
2024-06-05T13:28:57,83.501976,-61.394722,nan
2024-06-05T13:28:56,83.501991,-61.394253,nan
2024-06-05T13:28:56,83.501999,-61.393780,nan
2024-06-05T13:28:55,83.502014,-61.393307,nan
2024-06-05T13:28:55,83.502029,-61.392834,nan
2024-06-05T13:28:54,83.502037,-61.392361,nan
2024-06-05T13:28:54,83.502052,-61.391888,nan
2024-06-05T13:28:53,83.502068,-61.391415,nan
2024-06-05T13:28:53,83.502075,-61.390942,nan
2024-06-05T13:28:52,83.502090,-61.390469,nan
2024-06-05T13:28:52,83.502106,-61.389999,nan
2024-06-05T13:28:51,83.502113,-61.389530,nan
2024-06-05T13:28:51,83.502129,-61.389065,nan
2024-06-05T13:28:50,83.502136,-61.388596,nan
2024-06-05T13:28:50,83.502151,-61.388130,nan
2024-06-05T13:28:49,83.502159,-61.387665,nan
2024-06-05T13:28:49,83.502174,-61.387203,nan
2024-06-05T13:28:48,83.502190,-61.386738,nan
2024-06-05T13:28:48,83.502197,-61.386276,nan
2024-06-05T13:28:47,83.502213,-61.385815,nan
2024-06-05T13:28:47,83.502220,-61.385349,nan
2024-06-05T13:28:46,83.502235,-61.384888,nan
2024-06-05T13:28:46,83.502243,-61.384418,nan
2024-06-05T13:28:45,83.502251,-61.383949,nan
2024-06-05T13:28:45,83.502266,-61.383472,nan
2024-06-05T13:28:44,83.502274,-61.382999,nan
2024-06-05T13:28:44,83.502289,-61.382519,nan
2024-06-05T13:28:43,83.502296,-61.382042,nan
2024-06-05T13:28:43,83.502312,-61.381561,nan
2024-06-05T13:28:42,83.502319,-61.381088,nan
2024-06-05T13:28:42,83.502335,-61.380611,nan
2024-06-05T13:28:41,83.502342,-61.380138,nan
2024-06-05T13:28:41,83.502357,-61.379665,nan
2024-06-05T13:28:40,83.502373,-61.379192,nan
2024-06-05T13:28:40,83.502380,-61.378719,nan
2024-06-05T13:28:39,83.502396,-61.378242,nan
2024-06-05T13:28:39,83.502403,-61.377769,nan
2024-06-05T13:28:38,83.502419,-61.377296,nan
2024-06-05T13:28:37,83.502441,-61.376347,nan
2024-06-05T13:28:37,83.502457,-61.375874,nan
2024-06-05T13:28:36,83.502464,-61.375401,nan
2024-06-05T13:28:36,83.502480,-61.374931,nan
2024-06-05T13:28:35,83.502487,-61.374458,nan
2024-06-05T13:28:35,83.502502,-61.373985,nan
2024-06-05T13:28:34,83.502518,-61.373516,nan
2024-06-05T13:28:34,83.502525,-61.373043,nan
2024-06-05T13:28:33,83.502541,-61.372574,nan
2024-06-05T13:28:33,83.502548,-61.372101,nan
2024-06-05T13:28:32,83.502563,-61.371628,nan
2024-06-05T13:28:32,83.502579,-61.371159,nan
2024-06-05T13:28:31,83.502586,-61.370689,nan
2024-06-05T13:28:31,83.502602,-61.370220,nan
2024-06-05T13:28:30,83.502609,-61.369755,nan
2024-06-05T13:28:30,83.502625,-61.369289,nan
2024-06-05T13:28:29,83.502640,-61.368824,nan
2024-06-05T13:28:29,83.502647,-61.368359,nan
2024-06-05T13:28:28,83.502663,-61.367893,nan
2024-06-05T13:28:28,83.502670,-61.367435,nan
2024-06-05T13:28:27,83.502686,-61.366978,nan
2024-06-05T13:28:26,83.502708,-61.366070,nan
2024-06-05T13:28:26,83.502724,-61.365616,nan
2024-06-05T13:28:25,83.502731,-61.365162,nan
2024-06-05T13:28:25,83.502747,-61.364708,nan
2024-06-05T13:28:24,83.502769,-61.363796,nan
2024-06-05T13:28:23,83.502785,-61.363342,nan
2024-06-05T13:28:23,83.502792,-61.362885,nan
2024-06-05T13:28:22,83.502808,-61.362427,nan
2024-06-05T13:28:22,83.502823,-61.361969,nan
2024-06-05T13:28:21,83.502831,-61.361507,nan
2024-06-05T13:28:21,83.502846,-61.361042,nan
2024-06-05T13:28:20,83.502861,-61.360577,nan
2024-06-05T13:28:20,83.502869,-61.360115,nan
2024-06-05T13:28:19,83.502884,-61.359650,nan
2024-06-05T13:28:19,83.502892,-61.359188,nan
2024-06-05T13:28:18,83.502907,-61.358723,nan
2024-06-05T13:28:18,83.502922,-61.358257,nan
2024-06-05T13:28:17,83.502930,-61.357792,nan
2024-06-05T13:28:17,83.502945,-61.357323,nan
2024-06-05T13:28:16,83.502960,-61.356850,nan
2024-06-05T13:28:16,83.502975,-61.356380,nan
2024-06-05T13:28:15,83.502983,-61.355911,nan
2024-06-05T13:28:15,83.502998,-61.355438,nan
2024-06-05T13:28:14,83.503014,-61.354969,nan
2024-06-05T13:28:14,83.503029,-61.354500,nan
2024-06-05T13:28:13,83.503044,-61.354031,nan
2024-06-05T13:28:13,83.503059,-61.353561,nan
2024-06-05T13:28:12,83.503075,-61.353088,nan
2024-06-05T13:28:12,83.503090,-61.352619,nan
2024-06-05T13:28:11,83.503105,-61.352146,nan
2024-06-05T13:28:11,83.503120,-61.351673,nan
2024-06-05T13:28:10,83.503136,-61.351200,nan
2024-06-05T13:28:10,83.503159,-61.350731,nan
2024-06-05T13:28:09,83.503174,-61.350262,nan
2024-06-05T13:28:09,83.503189,-61.349792,nan
2024-06-05T13:28:08,83.503204,-61.349323,nan
2024-06-05T13:28:08,83.503220,-61.348854,nan
2024-06-05T13:28:07,83.503235,-61.348385,nan
2024-06-05T13:28:07,83.503250,-61.347919,nan
2024-06-05T13:28:06,83.503265,-61.347450,nan
2024-06-05T13:28:06,83.503288,-61.346977,nan
2024-06-05T13:28:05,83.503304,-61.346508,nan
2024-06-05T13:28:05,83.503319,-61.346039,nan
2024-06-05T13:28:04,83.503334,-61.345573,nan
2024-06-05T13:28:04,83.503349,-61.345104,nan
2024-06-05T13:28:03,83.503365,-61.344635,nan
2024-06-05T13:28:03,83.503380,-61.344166,nan
2024-06-05T13:28:02,83.503395,-61.343693,nan
2024-06-05T13:28:02,83.503410,-61.343224,nan
2024-06-05T13:28:01,83.503426,-61.342751,nan
2024-06-05T13:28:01,83.503441,-61.342278,nan
2024-06-05T13:28:00,83.503456,-61.341805,nan
2024-06-05T13:28:00,83.503464,-61.341335,nan
2024-06-05T13:27:59,83.503479,-61.340870,nan
2024-06-05T13:27:59,83.503494,-61.340401,nan
2024-06-05T13:27:58,83.503510,-61.339931,nan
2024-06-05T13:27:58,83.503525,-61.339466,nan
2024-06-05T13:27:57,83.503540,-61.339001,nan
2024-06-05T13:27:57,83.503555,-61.338531,nan
2024-06-05T13:27:56,83.503571,-61.338062,nan
2024-06-05T13:27:56,83.503586,-61.337593,nan
2024-06-05T13:27:55,83.503609,-61.337124,nan
2024-06-05T13:27:55,83.503616,-61.336651,nan
2024-06-05T13:27:54,83.503639,-61.336178,nan
2024-06-05T13:27:54,83.503654,-61.335705,nan
2024-06-05T13:27:53,83.503670,-61.335228,nan
2024-06-05T13:27:53,83.503685,-61.334751,nan
2024-06-05T13:27:52,83.503700,-61.334270,nan
2024-06-05T13:27:52,83.503716,-61.333786,nan
2024-06-05T13:27:51,83.503731,-61.333302,nan
2024-06-05T13:27:51,83.503746,-61.332813,nan
2024-06-05T13:27:50,83.503769,-61.332325,nan
2024-06-05T13:27:50,83.503784,-61.331837,nan
2024-06-05T13:27:49,83.503799,-61.331348,nan
2024-06-05T13:27:49,83.503815,-61.330864,nan
2024-06-05T13:27:48,83.503830,-61.330379,nan
2024-06-05T13:27:48,83.503845,-61.329899,nan
2024-06-05T13:27:47,83.503860,-61.329418,nan
2024-06-05T13:27:47,83.503883,-61.328934,nan
2024-06-05T13:27:46,83.503899,-61.328449,nan
2024-06-05T13:27:46,83.503914,-61.327969,nan
2024-06-05T13:27:45,83.503929,-61.327480,nan
2024-06-05T13:27:45,83.503944,-61.326996,nan
2024-06-05T13:27:44,83.503960,-61.326508,nan
2024-06-05T13:27:44,83.503975,-61.326015,nan
2024-06-05T13:27:43,83.503990,-61.325523,nan
2024-06-05T13:27:43,83.504005,-61.325031,nan
2024-06-05T13:27:42,83.504021,-61.324535,nan
2024-06-05T13:27:42,83.504036,-61.324032,nan
2024-06-05T13:27:41,83.504051,-61.323524,nan
2024-06-05T13:27:41,83.504066,-61.323013,nan
2024-06-05T13:27:40,83.504082,-61.322495,nan
2024-06-05T13:27:40,83.504097,-61.321976,nan
2024-06-05T13:27:39,83.504112,-61.321453,nan
2024-06-05T13:27:39,83.504120,-61.320930,nan
2024-06-05T13:27:38,83.504135,-61.320404,nan
2024-06-05T13:27:38,83.504150,-61.319881,nan
2024-06-05T13:27:37,83.504166,-61.319359,nan
2024-06-05T13:27:37,83.504181,-61.318832,nan
2024-06-05T13:27:36,83.504196,-61.318306,nan
2024-06-05T13:27:36,83.504211,-61.317783,nan
2024-06-05T13:27:35,83.504227,-61.317261,nan
2024-06-05T13:27:35,83.504234,-61.316738,nan
2024-06-05T13:27:34,83.504250,-61.316216,nan
2024-06-05T13:27:34,83.504265,-61.315697,nan
2024-06-05T13:27:33,83.504288,-61.315178,nan
2024-06-05T13:27:33,83.504295,-61.314663,nan
2024-06-05T13:27:32,83.504311,-61.314144,nan
2024-06-05T13:27:32,83.504326,-61.313629,nan
2024-06-05T13:27:31,83.504341,-61.313114,nan
2024-06-05T13:27:31,83.504356,-61.312599,nan
2024-06-05T13:27:30,83.504372,-61.312080,nan
2024-06-05T13:27:30,83.504387,-61.311562,nan
2024-06-05T13:27:29,83.504402,-61.311043,nan
2024-06-05T13:27:29,83.504410,-61.310520,nan
2024-06-05T13:27:28,83.504425,-61.310001,nan
2024-06-05T13:27:28,83.504440,-61.309479,nan
2024-06-05T13:27:27,83.504456,-61.308956,nan
2024-06-05T13:27:27,83.504471,-61.308434,nan
2024-06-05T13:27:26,83.504478,-61.307915,nan
2024-06-05T13:27:26,83.504494,-61.307396,nan
2024-06-05T13:27:25,83.504509,-61.306877,nan
2024-06-05T13:27:25,83.504524,-61.306362,nan
2024-06-05T13:27:24,83.504539,-61.305847,nan
2024-06-05T13:27:24,83.504547,-61.305332,nan
2024-06-05T13:27:23,83.504562,-61.304813,nan
2024-06-05T13:27:23,83.504578,-61.304298,nan
2024-06-05T13:27:22,83.504593,-61.303780,nan
2024-06-05T13:27:22,83.504601,-61.303265,nan
2024-06-05T13:27:21,83.504616,-61.302746,nan
2024-06-05T13:27:21,83.504631,-61.302223,nan
2024-06-05T13:27:20,83.504639,-61.301701,nan
2024-06-05T13:27:20,83.504654,-61.301178,nan
2024-06-05T13:27:19,83.504669,-61.300655,nan
2024-06-05T13:27:19,83.504684,-61.300133,nan
2024-06-05T13:27:18,83.504692,-61.299606,nan
2024-06-05T13:27:18,83.504707,-61.299080,nan
2024-06-05T13:27:17,83.504723,-61.298550,nan
2024-06-05T13:27:17,83.504738,-61.298019,nan
2024-06-05T13:27:16,83.504745,-61.297485,nan
2024-06-05T13:27:16,83.504768,-61.296955,nan
2024-06-05T13:27:15,83.504784,-61.296425,nan
2024-06-05T13:27:15,83.504799,-61.295891,nan
2024-06-05T13:27:14,83.504814,-61.295361,nan
2024-06-05T13:27:14,83.504829,-61.294827,nan
2024-06-05T13:27:13,83.504845,-61.294296,nan
2024-06-05T13:27:13,83.504860,-61.293766,nan
2024-06-05T13:27:12,83.504883,-61.293240,nan
2024-06-05T13:27:12,83.504898,-61.292713,nan
2024-06-05T13:27:11,83.504913,-61.292187,nan
2024-06-05T13:27:11,83.504929,-61.291653,nan
2024-06-05T13:27:10,83.504944,-61.291119,nan
2024-06-05T13:27:10,83.504967,-61.290585,nan
2024-06-05T13:27:09,83.504982,-61.290051,nan
2024-06-05T13:27:09,83.504997,-61.289516,nan
2024-06-05T13:27:08,83.505013,-61.288982,nan
2024-06-05T13:27:08,83.505035,-61.288448,nan
2024-06-05T13:27:07,83.505051,-61.287910,nan
2024-06-05T13:27:07,83.505074,-61.287373,nan
2024-06-05T13:27:06,83.505089,-61.286839,nan
2024-06-05T13:27:06,83.505104,-61.286301,nan
2024-06-05T13:27:05,83.505127,-61.285759,nan
2024-06-05T13:27:05,83.505142,-61.285221,nan
2024-06-05T13:27:04,83.505157,-61.284683,nan
2024-06-05T13:27:04,83.505173,-61.284145,nan
2024-06-05T13:27:03,83.505196,-61.283607,nan
2024-06-05T13:27:03,83.505211,-61.283073,nan
2024-06-05T13:27:02,83.505226,-61.282539,nan
2024-06-05T13:27:02,83.505241,-61.282005,nan
2024-06-05T13:27:01,83.505257,-61.281471,nan
2024-06-05T13:27:01,83.505272,-61.280937,nan
2024-06-05T13:27:00,83.505287,-61.280403,nan
2024-06-05T13:27:00,83.505302,-61.279865,nan
2024-06-05T13:26:59,83.505318,-61.279331,nan
2024-06-05T13:26:59,83.505325,-61.278797,nan
2024-06-05T13:26:58,83.505341,-61.278259,nan
2024-06-05T13:26:58,83.505356,-61.277729,nan
2024-06-05T13:26:57,83.505371,-61.277195,nan
2024-06-05T13:26:57,83.505379,-61.276661,nan
2024-06-05T13:26:56,83.505394,-61.276131,nan
2024-06-05T13:26:56,83.505409,-61.275597,nan
2024-06-05T13:26:55,83.505417,-61.275063,nan
2024-06-05T13:26:55,83.505432,-61.274529,nan
2024-06-05T13:26:54,83.505447,-61.273994,nan
2024-06-05T13:26:54,83.505463,-61.273457,nan
2024-06-05T13:26:53,83.505470,-61.272919,nan
2024-06-05T13:26:53,83.505486,-61.272377,nan
2024-06-05T13:26:52,83.505501,-61.271835,nan
2024-06-05T13:26:52,83.505516,-61.271290,nan
2024-06-05T13:26:51,83.505531,-61.270748,nan
2024-06-05T13:26:51,83.505539,-61.270203,nan
2024-06-05T13:26:50,83.505554,-61.269653,nan
2024-06-05T13:26:50,83.505569,-61.269104,nan
2024-06-05T13:26:49,83.505585,-61.268551,nan
2024-06-05T13:26:49,83.505600,-61.267994,nan
2024-06-05T13:26:48,83.505615,-61.267433,nan
2024-06-05T13:26:48,83.505630,-61.266869,nan
2024-06-05T13:26:47,83.505646,-61.266300,nan
2024-06-05T13:26:47,83.505661,-61.265728,nan
2024-06-05T13:26:46,83.505676,-61.265152,nan
2024-06-05T13:26:46,83.505692,-61.264580,nan
2024-06-05T13:26:45,83.505707,-61.264008,nan
2024-06-05T13:26:45,83.505722,-61.263435,nan
2024-06-05T13:26:44,83.505745,-61.262859,nan
2024-06-05T13:26:44,83.505760,-61.262287,nan
2024-06-05T13:26:43,83.505775,-61.261719,nan
2024-06-05T13:26:43,83.505798,-61.261147,nan
2024-06-05T13:26:42,83.505814,-61.260574,nan
2024-06-05T13:26:42,83.505829,-61.260002,nan
2024-06-05T13:26:41,83.505852,-61.259430,nan
2024-06-05T13:26:41,83.505867,-61.258858,nan
2024-06-05T13:26:40,83.505890,-61.258289,nan
2024-06-05T13:26:40,83.505905,-61.257721,nan
2024-06-05T13:26:39,83.505920,-61.257160,nan
2024-06-05T13:26:39,83.505943,-61.256596,nan
2024-06-05T13:26:38,83.505959,-61.256035,nan
2024-06-05T13:26:38,83.505981,-61.255478,nan
2024-06-05T13:26:37,83.505997,-61.254921,nan
2024-06-05T13:26:37,83.506012,-61.254368,nan
2024-06-05T13:26:36,83.506035,-61.253811,nan
2024-06-05T13:26:36,83.506050,-61.253262,nan
2024-06-05T13:26:35,83.506065,-61.252708,nan
2024-06-05T13:26:35,83.506088,-61.252163,nan
2024-06-05T13:26:34,83.506104,-61.251621,nan
2024-06-05T13:26:34,83.506126,-61.251080,nan
2024-06-05T13:26:33,83.506142,-61.250538,nan
2024-06-05T13:26:33,83.506157,-61.250000,nan
2024-06-05T13:26:32,83.506180,-61.249466,nan
2024-06-05T13:26:32,83.506195,-61.248936,nan
2024-06-05T13:26:31,83.506210,-61.248402,nan
2024-06-05T13:26:31,83.506233,-61.247868,nan
2024-06-05T13:26:30,83.506248,-61.247334,nan
2024-06-05T13:26:30,83.506264,-61.246799,nan
2024-06-05T13:26:29,83.506287,-61.246265,nan
2024-06-05T13:26:29,83.506302,-61.245728,nan
2024-06-05T13:26:28,83.506325,-61.245193,nan
2024-06-05T13:26:28,83.506340,-61.244663,nan
2024-06-05T13:26:27,83.506363,-61.244133,nan
2024-06-05T13:26:27,83.506378,-61.243603,nan
2024-06-05T13:26:26,83.506401,-61.243076,nan
2024-06-05T13:26:26,83.506416,-61.242550,nan
2024-06-05T13:26:25,83.506439,-61.242016,nan
2024-06-05T13:26:25,83.506454,-61.241486,nan
2024-06-05T13:26:24,83.506477,-61.240952,nan
2024-06-05T13:26:24,83.506493,-61.240417,nan
2024-06-05T13:26:23,83.506516,-61.239876,nan
2024-06-05T13:26:23,83.506531,-61.239334,nan
2024-06-05T13:26:22,83.506546,-61.238792,nan
2024-06-05T13:26:22,83.506561,-61.238251,nan
2024-06-05T13:26:21,83.506577,-61.237705,nan
2024-06-05T13:26:21,83.506592,-61.237167,nan
2024-06-05T13:26:20,83.506607,-61.236633,nan
2024-06-05T13:26:20,83.506622,-61.236099,nan
2024-06-05T13:26:19,83.506638,-61.235565,nan
2024-06-05T13:26:19,83.506653,-61.235035,nan
2024-06-05T13:26:18,83.506668,-61.234505,nan
2024-06-05T13:26:18,83.506676,-61.233974,nan
2024-06-05T13:26:17,83.506691,-61.233440,nan
2024-06-05T13:26:17,83.506706,-61.232906,nan
2024-06-05T13:26:16,83.506714,-61.232372,nan
2024-06-05T13:26:16,83.506729,-61.231838,nan
2024-06-05T13:26:15,83.506737,-61.231300,nan
2024-06-05T13:26:15,83.506744,-61.230759,nan
2024-06-05T13:26:14,83.506760,-61.230221,nan
2024-06-05T13:26:14,83.506767,-61.229679,nan
2024-06-05T13:26:13,83.506783,-61.229137,nan
2024-06-05T13:26:13,83.506790,-61.228596,nan
2024-06-05T13:26:12,83.506805,-61.228054,nan
2024-06-05T13:26:12,83.506821,-61.227512,nan
2024-06-05T13:26:11,83.506828,-61.226971,nan
2024-06-05T13:26:11,83.506844,-61.226425,nan
2024-06-05T13:26:10,83.506859,-61.225880,nan
2024-06-05T13:26:10,83.506882,-61.225330,nan
2024-06-05T13:26:09,83.506897,-61.224785,nan
2024-06-05T13:26:09,83.506912,-61.224236,nan
2024-06-05T13:26:08,83.506927,-61.223682,nan
2024-06-05T13:26:08,83.506950,-61.223129,nan
2024-06-05T13:26:07,83.506966,-61.222580,nan
2024-06-05T13:26:07,83.506989,-61.222034,nan
2024-06-05T13:26:06,83.507004,-61.221489,nan
2024-06-05T13:26:06,83.507027,-61.220947,nan
2024-06-05T13:26:05,83.507042,-61.220413,nan
2024-06-05T13:26:05,83.507065,-61.219883,nan
2024-06-05T13:26:04,83.507080,-61.219360,nan
2024-06-05T13:26:04,83.507095,-61.218838,nan
2024-06-05T13:26:03,83.507118,-61.218319,nan
2024-06-05T13:26:03,83.507133,-61.217800,nan
2024-06-05T13:26:02,83.507149,-61.217285,nan
2024-06-05T13:26:02,83.507172,-61.216770,nan
2024-06-05T13:26:01,83.507187,-61.216251,nan
2024-06-05T13:26:01,83.507202,-61.215733,nan
2024-06-05T13:26:00,83.507217,-61.215218,nan
2024-06-05T13:26:00,83.507233,-61.214703,nan
2024-06-05T13:25:59,83.507248,-61.214184,nan
2024-06-05T13:25:59,83.507263,-61.213669,nan
2024-06-05T13:25:58,83.507271,-61.213146,nan
2024-06-05T13:25:58,83.507286,-61.212620,nan
2024-06-05T13:25:57,83.507301,-61.212090,nan
2024-06-05T13:25:57,83.507317,-61.211552,nan
2024-06-05T13:25:56,83.507332,-61.211006,nan
2024-06-05T13:25:56,83.507347,-61.210457,nan
2024-06-05T13:25:55,83.507362,-61.209904,nan
2024-06-05T13:25:55,83.507370,-61.209347,nan
2024-06-05T13:25:54,83.507385,-61.208794,nan
2024-06-05T13:25:54,83.507408,-61.208241,nan
2024-06-05T13:25:53,83.507423,-61.207684,nan
2024-06-05T13:25:53,83.507439,-61.207134,nan
2024-06-05T13:25:52,83.507454,-61.206589,nan
2024-06-05T13:25:52,83.507469,-61.206039,nan
2024-06-05T13:25:51,83.507492,-61.205494,nan
2024-06-05T13:25:51,83.507507,-61.204952,nan
2024-06-05T13:25:50,83.507523,-61.204411,nan
2024-06-05T13:25:50,83.507545,-61.203869,nan
2024-06-05T13:25:49,83.507561,-61.203327,nan
2024-06-05T13:25:49,83.507576,-61.202789,nan
2024-06-05T13:25:48,83.507591,-61.202248,nan
2024-06-05T13:25:48,83.507607,-61.201706,nan
2024-06-05T13:25:47,83.507622,-61.201160,nan
2024-06-05T13:25:47,83.507637,-61.200611,nan
2024-06-05T13:25:46,83.507660,-61.200066,nan
2024-06-05T13:25:46,83.507675,-61.199516,nan
2024-06-05T13:25:45,83.507690,-61.198967,nan
2024-06-05T13:25:45,83.507713,-61.198418,nan
2024-06-05T13:25:44,83.507729,-61.197868,nan
2024-06-05T13:25:44,83.507744,-61.197319,nan
2024-06-05T13:25:43,83.507759,-61.196766,nan
2024-06-05T13:25:43,83.507774,-61.196213,nan
2024-06-05T13:25:42,83.507797,-61.195660,nan
2024-06-05T13:25:42,83.507812,-61.195107,nan
2024-06-05T13:25:41,83.507828,-61.194550,nan
2024-06-05T13:25:41,83.507843,-61.193993,nan
2024-06-05T13:25:40,83.507866,-61.193436,nan
2024-06-05T13:25:40,83.507881,-61.192883,nan
2024-06-05T13:25:39,83.507904,-61.192329,nan
2024-06-05T13:25:39,83.507919,-61.191776,nan
2024-06-05T13:25:38,83.507942,-61.191231,nan
2024-06-05T13:25:38,83.507965,-61.190693,nan
2024-06-05T13:25:37,83.507988,-61.190163,nan
2024-06-05T13:25:37,83.508003,-61.189636,nan
2024-06-05T13:25:36,83.508026,-61.189114,nan
2024-06-05T13:25:36,83.508049,-61.188595,nan
2024-06-05T13:25:35,83.508072,-61.188080,nan
2024-06-05T13:25:35,83.508095,-61.187569,nan
2024-06-05T13:25:34,83.508118,-61.187061,nan
2024-06-05T13:25:34,83.508141,-61.186558,nan
2024-06-05T13:25:33,83.508163,-61.186050,nan
2024-06-05T13:25:33,83.508186,-61.185547,nan
2024-06-05T13:25:32,83.508202,-61.185036,nan
2024-06-05T13:25:32,83.508224,-61.184525,nan
2024-06-05T13:25:31,83.508247,-61.184010,nan
2024-06-05T13:25:31,83.508263,-61.183491,nan
2024-06-05T13:25:30,83.508286,-61.182976,nan
2024-06-05T13:25:30,83.508301,-61.182453,nan
2024-06-05T13:25:29,83.508324,-61.181931,nan
2024-06-05T13:25:29,83.508339,-61.181412,nan
2024-06-05T13:25:28,83.508362,-61.180889,nan
2024-06-05T13:25:28,83.508385,-61.180367,nan
2024-06-05T13:25:27,83.508400,-61.179844,nan
2024-06-05T13:25:27,83.508423,-61.179321,nan
2024-06-05T13:25:26,83.508446,-61.178802,nan
2024-06-05T13:25:26,83.508469,-61.178280,nan
2024-06-05T13:25:25,83.508492,-61.177761,nan
2024-06-05T13:25:25,83.508514,-61.177242,nan
2024-06-05T13:25:24,83.508537,-61.176727,nan
2024-06-05T13:25:24,83.508560,-61.176216,nan
2024-06-05T13:25:23,83.508583,-61.175713,nan
2024-06-05T13:25:23,83.508606,-61.175213,nan
2024-06-05T13:25:22,83.508629,-61.174713,nan
2024-06-05T13:25:22,83.508652,-61.174217,nan
2024-06-05T13:25:21,83.508675,-61.173729,nan
2024-06-05T13:25:21,83.508698,-61.173237,nan
2024-06-05T13:25:20,83.508720,-61.172749,nan
2024-06-05T13:25:20,83.508743,-61.172256,nan
2024-06-05T13:25:19,83.508766,-61.171761,nan
2024-06-05T13:25:19,83.508781,-61.171265,nan
2024-06-05T13:25:18,83.508804,-61.170761,nan
2024-06-05T13:25:18,83.508827,-61.170254,nan
2024-06-05T13:25:17,83.508850,-61.169746,nan
2024-06-05T13:25:17,83.508865,-61.169239,nan
2024-06-05T13:25:16,83.508888,-61.168728,nan
2024-06-05T13:25:16,83.508911,-61.168213,nan
2024-06-05T13:25:15,83.508926,-61.167698,nan
2024-06-05T13:25:15,83.508949,-61.167175,nan
2024-06-05T13:25:14,83.508972,-61.166656,nan
2024-06-05T13:25:14,83.508987,-61.166138,nan
2024-06-05T13:25:13,83.509010,-61.165623,nan
2024-06-05T13:25:13,83.509033,-61.165108,nan
2024-06-05T13:25:12,83.509056,-61.164597,nan
2024-06-05T13:25:12,83.509071,-61.164085,nan
2024-06-05T13:25:11,83.509094,-61.163582,nan
2024-06-05T13:25:11,83.509109,-61.163074,nan
2024-06-05T13:25:10,83.509132,-61.162575,nan
2024-06-05T13:25:10,83.509155,-61.162071,nan
2024-06-05T13:25:09,83.509171,-61.161572,nan
2024-06-05T13:25:09,83.509193,-61.161076,nan
2024-06-05T13:25:08,83.509209,-61.160572,nan
2024-06-05T13:25:08,83.509232,-61.160072,nan
2024-06-05T13:25:07,83.509247,-61.159576,nan
2024-06-05T13:25:07,83.509262,-61.159077,nan
2024-06-05T13:25:06,83.509285,-61.158573,nan
2024-06-05T13:25:06,83.509300,-61.158070,nan
2024-06-05T13:25:05,83.509315,-61.157562,nan
2024-06-05T13:25:05,83.509331,-61.157047,nan
2024-06-05T13:25:04,83.509354,-61.156532,nan
2024-06-05T13:25:04,83.509369,-61.156013,nan
2024-06-05T13:25:03,83.509384,-61.155491,nan
2024-06-05T13:25:03,83.509399,-61.154968,nan
2024-06-05T13:25:02,83.509422,-61.154442,nan
2024-06-05T13:25:02,83.509438,-61.153919,nan
2024-06-05T13:25:01,83.509460,-61.153397,nan
2024-06-05T13:25:01,83.509476,-61.152882,nan
2024-06-05T13:25:00,83.509499,-61.152367,nan
2024-06-05T13:25:00,83.509514,-61.151855,nan
2024-06-05T13:24:59,83.509537,-61.151344,nan
2024-06-05T13:24:59,83.509552,-61.150837,nan
2024-06-05T13:24:58,83.509567,-61.150330,nan
2024-06-05T13:24:58,83.509590,-61.149818,nan
2024-06-05T13:24:57,83.509605,-61.149303,nan
2024-06-05T13:24:57,83.509621,-61.148788,nan
2024-06-05T13:24:56,83.509636,-61.148266,nan
2024-06-05T13:24:56,83.509651,-61.147739,nan
2024-06-05T13:24:55,83.509666,-61.147217,nan
2024-06-05T13:24:55,83.509689,-61.146690,nan
2024-06-05T13:24:54,83.509705,-61.146168,nan
2024-06-05T13:24:54,83.509727,-61.145641,nan
2024-06-05T13:24:53,83.509743,-61.145123,nan
2024-06-05T13:24:53,83.509766,-61.144611,nan
2024-06-05T13:24:52,83.509789,-61.144108,nan
2024-06-05T13:24:52,83.509804,-61.143608,nan
2024-06-05T13:24:51,83.509827,-61.143116,nan
2024-06-05T13:24:51,83.509850,-61.142624,nan
2024-06-05T13:24:50,83.509865,-61.142136,nan
2024-06-05T13:24:50,83.509888,-61.141647,nan
2024-06-05T13:24:49,83.509911,-61.141155,nan
2024-06-05T13:24:49,83.509926,-61.140656,nan
2024-06-05T13:24:48,83.509949,-61.140160,nan
2024-06-05T13:24:48,83.509964,-61.139660,nan
2024-06-05T13:24:47,83.509987,-61.139156,nan
2024-06-05T13:24:47,83.510002,-61.138653,nan
2024-06-05T13:24:46,83.510017,-61.138142,nan
2024-06-05T13:24:46,83.510040,-61.137627,nan
2024-06-05T13:24:45,83.510056,-61.137112,nan
2024-06-05T13:24:45,83.510078,-61.136597,nan
2024-06-05T13:24:44,83.510094,-61.136082,nan
2024-06-05T13:24:44,83.510117,-61.135567,nan
2024-06-05T13:24:43,83.510132,-61.135052,nan
2024-06-05T13:24:43,83.510155,-61.134537,nan
2024-06-05T13:24:42,83.510178,-61.134022,nan
2024-06-05T13:24:42,83.510193,-61.133514,nan
2024-06-05T13:24:41,83.510216,-61.133011,nan
2024-06-05T13:24:41,83.510231,-61.132504,nan
2024-06-05T13:24:40,83.510254,-61.132000,nan
2024-06-05T13:24:40,83.510269,-61.131500,nan
2024-06-05T13:24:39,83.510292,-61.130997,nan
2024-06-05T13:24:39,83.510307,-61.130497,nan
2024-06-05T13:24:38,83.510323,-61.129993,nan
2024-06-05T13:24:38,83.510345,-61.129482,nan
2024-06-05T13:24:37,83.510361,-61.128967,nan
2024-06-05T13:24:37,83.510376,-61.128445,nan
2024-06-05T13:24:36,83.510391,-61.127922,nan
2024-06-05T13:24:36,83.510414,-61.127396,nan
2024-06-05T13:24:35,83.510429,-61.126865,nan
2024-06-05T13:24:35,83.510452,-61.126339,nan
2024-06-05T13:24:34,83.510468,-61.125813,nan
2024-06-05T13:24:34,83.510483,-61.125290,nan
2024-06-05T13:24:33,83.510506,-61.124767,nan
2024-06-05T13:24:33,83.510521,-61.124252,nan
2024-06-05T13:24:32,83.510536,-61.123741,nan
2024-06-05T13:24:32,83.510559,-61.123226,nan
2024-06-05T13:24:31,83.510574,-61.122715,nan
2024-06-05T13:24:31,83.510590,-61.122196,nan
2024-06-05T13:24:30,83.510605,-61.121677,nan
2024-06-05T13:24:30,83.510620,-61.121155,nan
2024-06-05T13:24:29,83.510635,-61.120628,nan
2024-06-05T13:24:29,83.510651,-61.120098,nan
2024-06-05T13:24:28,83.510666,-61.119564,nan
2024-06-05T13:24:28,83.510689,-61.119026,nan
2024-06-05T13:24:27,83.510704,-61.118488,nan
2024-06-05T13:24:27,83.510719,-61.117954,nan
2024-06-05T13:24:26,83.510742,-61.117420,nan
2024-06-05T13:24:26,83.510757,-61.116894,nan
2024-06-05T13:24:25,83.510773,-61.116364,nan
2024-06-05T13:24:25,83.510796,-61.115845,nan
2024-06-05T13:24:24,83.510811,-61.115326,nan
2024-06-05T13:24:24,83.510834,-61.114811,nan
2024-06-05T13:24:23,83.510849,-61.114296,nan
2024-06-05T13:24:23,83.510864,-61.113789,nan
2024-06-05T13:24:22,83.510887,-61.113281,nan
2024-06-05T13:24:22,83.510902,-61.112778,nan
2024-06-05T13:24:21,83.510918,-61.112270,nan
2024-06-05T13:24:21,83.510933,-61.111759,nan
2024-06-05T13:24:20,83.510948,-61.111244,nan
2024-06-05T13:24:20,83.510963,-61.110733,nan
2024-06-05T13:24:19,83.510986,-61.110214,nan
2024-06-05T13:24:19,83.511002,-61.109699,nan
2024-06-05T13:24:18,83.511017,-61.109188,nan
2024-06-05T13:24:18,83.511040,-61.108681,nan
2024-06-05T13:24:17,83.511055,-61.108177,nan
2024-06-05T13:24:17,83.511078,-61.107681,nan
2024-06-05T13:24:16,83.511093,-61.107185,nan
2024-06-05T13:24:16,83.511108,-61.106697,nan
2024-06-05T13:24:15,83.511131,-61.106205,nan
2024-06-05T13:24:15,83.511147,-61.105713,nan
2024-06-05T13:24:14,83.511162,-61.105213,nan
2024-06-05T13:24:14,83.511177,-61.104713,nan
2024-06-05T13:24:13,83.511192,-61.104210,nan
2024-06-05T13:24:13,83.511208,-61.103703,nan
2024-06-05T13:24:12,83.511223,-61.103195,nan
2024-06-05T13:24:12,83.511238,-61.102684,nan
2024-06-05T13:24:11,83.511253,-61.102180,nan
2024-06-05T13:24:11,83.511269,-61.101677,nan
2024-06-05T13:24:10,83.511292,-61.101177,nan
2024-06-05T13:24:10,83.511307,-61.100681,nan
2024-06-05T13:24:09,83.511322,-61.100189,nan
2024-06-05T13:24:09,83.511345,-61.099701,nan
2024-06-05T13:24:08,83.511360,-61.099216,nan
2024-06-05T13:24:08,83.511383,-61.098728,nan
2024-06-05T13:24:07,83.511398,-61.098248,nan
2024-06-05T13:24:07,83.511414,-61.097763,nan
2024-06-05T13:24:06,83.511429,-61.097279,nan
2024-06-05T13:24:06,83.511452,-61.096783,nan
2024-06-05T13:24:05,83.511467,-61.096291,nan
2024-06-05T13:24:05,83.511482,-61.095795,nan
2024-06-05T13:24:04,83.511497,-61.095291,nan
2024-06-05T13:24:04,83.511513,-61.094791,nan
2024-06-05T13:24:03,83.511536,-61.094288,nan
2024-06-05T13:24:03,83.511551,-61.093788,nan
2024-06-05T13:24:02,83.511574,-61.093288,nan
2024-06-05T13:24:02,83.511589,-61.092789,nan
2024-06-05T13:24:01,83.511612,-61.092297,nan
2024-06-05T13:24:01,83.511627,-61.091808,nan
2024-06-05T13:24:00,83.511650,-61.091324,nan
2024-06-05T13:24:00,83.511665,-61.090836,nan
2024-06-05T13:23:59,83.511681,-61.090351,nan
2024-06-05T13:23:59,83.511703,-61.089863,nan
2024-06-05T13:23:58,83.511719,-61.089367,nan
2024-06-05T13:23:58,83.511734,-61.088871,nan
2024-06-05T13:23:57,83.511757,-61.088371,nan
2024-06-05T13:23:57,83.511772,-61.087872,nan
2024-06-05T13:23:56,83.511795,-61.087376,nan
2024-06-05T13:23:56,83.511810,-61.086880,nan
2024-06-05T13:23:55,83.511833,-61.086388,nan
2024-06-05T13:23:55,83.511848,-61.085896,nan
2024-06-05T13:23:54,83.511871,-61.085415,nan
2024-06-05T13:23:54,83.511887,-61.084934,nan
2024-06-05T13:23:53,83.511902,-61.084457,nan
2024-06-05T13:23:53,83.511925,-61.083977,nan
2024-06-05T13:23:52,83.511940,-61.083492,nan
2024-06-05T13:23:52,83.511955,-61.083004,nan
2024-06-05T13:23:51,83.511971,-61.082512,nan
2024-06-05T13:23:51,83.511993,-61.082012,nan
2024-06-05T13:23:50,83.512009,-61.081512,nan
2024-06-05T13:23:50,83.512024,-61.081005,nan
2024-06-05T13:23:49,83.512047,-61.080502,nan
2024-06-05T13:23:49,83.512062,-61.080002,nan
2024-06-05T13:23:48,83.512085,-61.079502,nan
2024-06-05T13:23:48,83.512100,-61.079006,nan
2024-06-05T13:23:47,83.512123,-61.078514,nan
2024-06-05T13:23:47,83.512138,-61.078030,nan
2024-06-05T13:23:46,83.512161,-61.077545,nan
2024-06-05T13:23:46,83.512177,-61.077057,nan
2024-06-05T13:23:45,83.512199,-61.076569,nan
2024-06-05T13:23:45,83.512215,-61.076077,nan
2024-06-05T13:23:44,83.512238,-61.075581,nan
2024-06-05T13:23:44,83.512253,-61.075085,nan
2024-06-05T13:23:43,83.512268,-61.074585,nan
2024-06-05T13:23:43,83.512291,-61.074085,nan
2024-06-05T13:23:42,83.512314,-61.073586,nan
2024-06-05T13:23:42,83.512329,-61.073090,nan
2024-06-05T13:23:41,83.512352,-61.072594,nan
2024-06-05T13:23:41,83.512375,-61.072105,nan
2024-06-05T13:23:40,83.512398,-61.071621,nan
2024-06-05T13:23:40,83.512413,-61.071136,nan
2024-06-05T13:23:39,83.512436,-61.070660,nan
2024-06-05T13:23:39,83.512451,-61.070175,nan
2024-06-05T13:23:38,83.512474,-61.069691,nan
2024-06-05T13:23:38,83.512489,-61.069202,nan
2024-06-05T13:23:37,83.512512,-61.068710,nan
2024-06-05T13:23:37,83.512527,-61.068214,nan
2024-06-05T13:23:36,83.512550,-61.067719,nan
2024-06-05T13:23:36,83.512573,-61.067219,nan
2024-06-05T13:23:35,83.512596,-61.066719,nan
2024-06-05T13:23:35,83.512611,-61.066219,nan
2024-06-05T13:23:34,83.512634,-61.065723,nan
2024-06-05T13:23:34,83.512657,-61.065228,nan
2024-06-05T13:23:33,83.512680,-61.064735,nan
2024-06-05T13:23:33,83.512695,-61.064240,nan
2024-06-05T13:23:32,83.512718,-61.063736,nan
2024-06-05T13:23:32,83.512733,-61.063229,nan
2024-06-05T13:23:31,83.512756,-61.062714,nan
2024-06-05T13:23:31,83.512772,-61.062199,nan
2024-06-05T13:23:30,83.512794,-61.061687,nan
2024-06-05T13:23:30,83.512817,-61.061176,nan
2024-06-05T13:23:29,83.512833,-61.060673,nan
2024-06-05T13:23:29,83.512856,-61.060173,nan
2024-06-05T13:23:28,83.512871,-61.059681,nan
2024-06-05T13:23:28,83.512886,-61.059189,nan
2024-06-05T13:23:27,83.512909,-61.058697,nan
2024-06-05T13:23:27,83.512924,-61.058205,nan
2024-06-05T13:23:26,83.512939,-61.057705,nan
2024-06-05T13:23:26,83.512955,-61.057201,nan
2024-06-05T13:23:25,83.512970,-61.056698,nan
2024-06-05T13:23:25,83.512985,-61.056194,nan
2024-06-05T13:23:24,83.513000,-61.055691,nan
2024-06-05T13:23:24,83.513016,-61.055191,nan
2024-06-05T13:23:23,83.513031,-61.054699,nan
2024-06-05T13:23:23,83.513054,-61.054211,nan
2024-06-05T13:23:22,83.513069,-61.053726,nan
2024-06-05T13:23:22,83.513084,-61.053249,nan
2024-06-05T13:23:21,83.513100,-61.052776,nan
2024-06-05T13:23:21,83.513115,-61.052299,nan
2024-06-05T13:23:20,83.513123,-61.051819,nan
2024-06-05T13:23:20,83.513138,-61.051338,nan
2024-06-05T13:23:19,83.513153,-61.050858,nan
2024-06-05T13:23:19,83.513168,-61.050377,nan
2024-06-05T13:23:18,83.513184,-61.049900,nan
2024-06-05T13:23:18,83.513199,-61.049427,nan
2024-06-05T13:23:17,83.513214,-61.048958,nan
2024-06-05T13:23:17,83.513229,-61.048496,nan
2024-06-05T13:23:16,83.513245,-61.048038,nan
2024-06-05T13:23:16,83.513252,-61.047577,nan
2024-06-05T13:23:15,83.513268,-61.047112,nan
2024-06-05T13:23:15,83.513283,-61.046638,nan
2024-06-05T13:23:14,83.513298,-61.046165,nan
2024-06-05T13:23:14,83.513313,-61.045689,nan
2024-06-05T13:23:13,83.513329,-61.045216,nan
2024-06-05T13:23:13,83.513344,-61.044743,nan
2024-06-05T13:23:12,83.513359,-61.044277,nan
2024-06-05T13:23:12,83.513374,-61.043819,nan
2024-06-05T13:23:11,83.513390,-61.043362,nan
2024-06-05T13:23:11,83.513405,-61.042908,nan
2024-06-05T13:23:10,83.513420,-61.042450,nan
2024-06-05T13:23:10,83.513435,-61.041988,nan
2024-06-05T13:23:09,83.513451,-61.041527,nan
2024-06-05T13:23:09,83.513466,-61.041061,nan
2024-06-05T13:23:08,83.513481,-61.040592,nan
2024-06-05T13:23:08,83.513496,-61.040127,nan
2024-06-05T13:23:07,83.513512,-61.039661,nan
2024-06-05T13:23:07,83.513527,-61.039200,nan
2024-06-05T13:23:06,83.513542,-61.038750,nan
2024-06-05T13:23:06,83.513557,-61.038303,nan
2024-06-05T13:23:05,83.513573,-61.037857,nan
2024-06-05T13:23:05,83.513588,-61.037407,nan
2024-06-05T13:23:04,83.513603,-61.036953,nan
2024-06-05T13:23:04,83.513618,-61.036495,nan
2024-06-05T13:23:03,83.513641,-61.036034,nan
2024-06-05T13:23:03,83.513657,-61.035572,nan
2024-06-05T13:23:02,83.513672,-61.035114,nan
2024-06-05T13:23:02,83.513687,-61.034657,nan
2024-06-05T13:23:01,83.513710,-61.034203,nan
2024-06-05T13:23:01,83.513725,-61.033745,nan
2024-06-05T13:23:00,83.513741,-61.033287,nan
2024-06-05T13:23:00,83.513756,-61.032822,nan
2024-06-05T13:22:59,83.513771,-61.032352,nan
2024-06-05T13:22:59,83.513786,-61.031879,nan
2024-06-05T13:22:58,83.513809,-61.031406,nan
2024-06-05T13:22:58,83.513824,-61.030930,nan
2024-06-05T13:22:57,83.513840,-61.030453,nan
2024-06-05T13:22:57,83.513855,-61.029980,nan
2024-06-05T13:22:56,83.513878,-61.029510,nan
2024-06-05T13:22:56,83.513893,-61.029045,nan
2024-06-05T13:22:55,83.513908,-61.028576,nan
2024-06-05T13:22:55,83.513924,-61.028107,nan
2024-06-05T13:22:54,83.513931,-61.027634,nan
2024-06-05T13:22:54,83.513947,-61.027161,nan
2024-06-05T13:22:53,83.513962,-61.026684,nan
2024-06-05T13:22:53,83.513985,-61.026211,nan
2024-06-05T13:22:52,83.514000,-61.025742,nan
2024-06-05T13:22:52,83.514015,-61.025280,nan
2024-06-05T13:22:51,83.514030,-61.024815,nan
2024-06-05T13:22:51,83.514046,-61.024357,nan
2024-06-05T13:22:50,83.514053,-61.023891,nan
2024-06-05T13:22:50,83.514069,-61.023422,nan
2024-06-05T13:22:49,83.514084,-61.022953,nan
2024-06-05T13:22:49,83.514099,-61.022476,nan
2024-06-05T13:22:48,83.514114,-61.021996,nan
2024-06-05T13:22:48,83.514122,-61.021511,nan
2024-06-05T13:22:47,83.514137,-61.021034,nan
2024-06-05T13:22:47,83.514153,-61.020557,nan
2024-06-05T13:22:46,83.514168,-61.020088,nan
2024-06-05T13:22:46,83.514183,-61.019623,nan
2024-06-05T13:22:45,83.514191,-61.019157,nan
2024-06-05T13:22:45,83.514206,-61.018684,nan
2024-06-05T13:22:44,83.514221,-61.018208,nan
2024-06-05T13:22:44,83.514229,-61.017738,nan
2024-06-05T13:22:43,83.514244,-61.017265,nan
2024-06-05T13:22:43,83.514259,-61.016800,nan
2024-06-05T13:22:42,83.514267,-61.016338,nan
2024-06-05T13:22:42,83.514282,-61.015884,nan
2024-06-05T13:22:41,83.514297,-61.015427,nan
2024-06-05T13:22:41,83.514313,-61.014961,nan
2024-06-05T13:22:40,83.514320,-61.014500,nan
2024-06-05T13:22:40,83.514336,-61.014030,nan
2024-06-05T13:22:39,83.514351,-61.013561,nan
2024-06-05T13:22:39,83.514366,-61.013100,nan
2024-06-05T13:22:38,83.514381,-61.012634,nan
2024-06-05T13:22:38,83.514397,-61.012177,nan
2024-06-05T13:22:37,83.514412,-61.011726,nan
2024-06-05T13:22:37,83.514427,-61.011276,nan
2024-06-05T13:22:36,83.514435,-61.010830,nan
2024-06-05T13:22:36,83.514450,-61.010380,nan
2024-06-05T13:22:35,83.514465,-61.009933,nan
2024-06-05T13:22:35,83.514481,-61.009483,nan
2024-06-05T13:22:34,83.514496,-61.009037,nan
2024-06-05T13:22:34,83.514503,-61.008595,nan
2024-06-05T13:22:33,83.514519,-61.008160,nan
2024-06-05T13:22:33,83.514534,-61.007725,nan
2024-06-05T13:22:32,83.514542,-61.007290,nan
2024-06-05T13:22:32,83.514557,-61.006855,nan
2024-06-05T13:22:31,83.514565,-61.006420,nan
2024-06-05T13:22:31,83.514572,-61.005985,nan
2024-06-05T13:22:30,83.514587,-61.005554,nan
2024-06-05T13:22:30,83.514595,-61.005123,nan
2024-06-05T13:22:29,83.514603,-61.004696,nan
2024-06-05T13:22:29,83.514618,-61.004276,nan
2024-06-05T13:22:28,83.514626,-61.003860,nan
2024-06-05T13:22:28,83.514641,-61.003448,nan
2024-06-05T13:22:27,83.514648,-61.003040,nan
2024-06-05T13:22:27,83.514656,-61.002628,nan
2024-06-05T13:22:26,83.514671,-61.002213,nan
2024-06-05T13:22:26,83.514679,-61.001797,nan
2024-06-05T13:22:25,83.514687,-61.001373,nan
2024-06-05T13:22:25,83.514702,-61.000950,nan
2024-06-05T13:22:24,83.514709,-61.000530,nan
2024-06-05T13:22:24,83.514725,-61.000111,nan
2024-06-05T13:22:23,83.514732,-60.999695,nan
2024-06-05T13:22:23,83.514748,-60.999279,nan
2024-06-05T13:22:22,83.514755,-60.998859,nan
2024-06-05T13:22:22,83.514763,-60.998444,nan
2024-06-05T13:22:21,83.514778,-60.998028,nan
2024-06-05T13:22:21,83.514786,-60.997612,nan
2024-06-05T13:22:20,83.514801,-60.997200,nan
2024-06-05T13:22:20,83.514809,-60.996788,nan
2024-06-05T13:22:19,83.514816,-60.996384,nan
2024-06-05T13:22:19,83.514832,-60.995979,nan
2024-06-05T13:22:18,83.514839,-60.995579,nan
2024-06-05T13:22:18,83.514854,-60.995182,nan
2024-06-05T13:22:17,83.514862,-60.994789,nan
2024-06-05T13:22:17,83.514870,-60.994396,nan
2024-06-05T13:22:16,83.514885,-60.994007,nan
2024-06-05T13:22:16,83.514893,-60.993614,nan
2024-06-05T13:22:15,83.514900,-60.993225,nan
2024-06-05T13:22:15,83.514915,-60.992840,nan
2024-06-05T13:22:14,83.514923,-60.992455,nan
2024-06-05T13:22:14,83.514938,-60.992069,nan
2024-06-05T13:22:13,83.514946,-60.991688,nan
2024-06-05T13:22:13,83.514961,-60.991314,nan
2024-06-05T13:22:12,83.514969,-60.990944,nan
2024-06-05T13:22:12,83.514984,-60.990578,nan
2024-06-05T13:22:11,83.514999,-60.990215,nan
2024-06-05T13:22:11,83.515007,-60.989853,nan
2024-06-05T13:22:10,83.515022,-60.989487,nan
2024-06-05T13:22:10,83.515030,-60.989120,nan
2024-06-05T13:22:09,83.515045,-60.988754,nan
2024-06-05T13:22:09,83.515060,-60.988392,nan
2024-06-05T13:22:08,83.515068,-60.988026,nan
2024-06-05T13:22:08,83.515083,-60.987671,nan
2024-06-05T13:22:07,83.515099,-60.987316,nan
2024-06-05T13:22:07,83.515106,-60.986965,nan
2024-06-05T13:22:06,83.515121,-60.986610,nan
2024-06-05T13:22:06,83.515129,-60.986259,nan
2024-06-05T13:22:05,83.515144,-60.985909,nan
2024-06-05T13:22:05,83.515152,-60.985550,nan
2024-06-05T13:22:04,83.515167,-60.985195,nan
2024-06-05T13:22:04,83.515175,-60.984840,nan
2024-06-05T13:22:03,83.515190,-60.984489,nan
2024-06-05T13:22:03,83.515198,-60.984146,nan
2024-06-05T13:22:02,83.515205,-60.983799,nan
2024-06-05T13:22:02,83.515221,-60.983452,nan
2024-06-05T13:22:01,83.515228,-60.983105,nan
2024-06-05T13:22:01,83.515236,-60.982758,nan
2024-06-05T13:22:00,83.515244,-60.982410,nan
2024-06-05T13:22:00,83.515259,-60.982063,nan
2024-06-05T13:21:59,83.515266,-60.981724,nan
2024-06-05T13:21:59,83.515282,-60.981388,nan
2024-06-05T13:21:58,83.515289,-60.981049,nan
2024-06-05T13:21:58,83.515297,-60.980713,nan
2024-06-05T13:21:57,83.515312,-60.980377,nan
2024-06-05T13:21:57,83.515320,-60.980038,nan
2024-06-05T13:21:56,83.515335,-60.979702,nan
2024-06-05T13:21:56,83.515343,-60.979366,nan
2024-06-05T13:21:55,83.515358,-60.979034,nan
2024-06-05T13:21:55,83.515366,-60.978703,nan
2024-06-05T13:21:54,83.515381,-60.978374,nan
2024-06-05T13:21:54,83.515388,-60.978046,nan
2024-06-05T13:21:53,83.515404,-60.977718,nan
2024-06-05T13:21:53,83.515411,-60.977386,nan
2024-06-05T13:21:52,83.515427,-60.977058,nan
2024-06-05T13:21:52,83.515434,-60.976730,nan
2024-06-05T13:21:51,83.515442,-60.976398,nan
2024-06-05T13:21:51,83.515450,-60.976074,nan
2024-06-05T13:21:50,83.515465,-60.975750,nan
2024-06-05T13:21:50,83.515472,-60.975426,nan
2024-06-05T13:21:49,83.515480,-60.975105,nan
2024-06-05T13:21:49,83.515488,-60.974785,nan
2024-06-05T13:21:48,83.515503,-60.974468,nan
2024-06-05T13:21:48,83.515511,-60.974155,nan
2024-06-05T13:21:47,83.515518,-60.973846,nan
2024-06-05T13:21:47,83.515526,-60.973534,nan
2024-06-05T13:21:46,83.515533,-60.973221,nan
2024-06-05T13:21:46,83.515541,-60.972908,nan
2024-06-05T13:21:45,83.515549,-60.972591,nan
2024-06-05T13:21:45,83.515556,-60.972275,nan
2024-06-05T13:21:44,83.515572,-60.971958,nan
2024-06-05T13:21:44,83.515579,-60.971642,nan
2024-06-05T13:21:43,83.515587,-60.971321,nan
2024-06-05T13:21:43,83.515594,-60.971004,nan
2024-06-05T13:21:42,83.515602,-60.970684,nan
2024-06-05T13:21:42,83.515610,-60.970360,nan
2024-06-05T13:21:41,83.515617,-60.970032,nan
2024-06-05T13:21:41,83.515625,-60.969700,nan
2024-06-05T13:21:40,83.515640,-60.969360,nan
2024-06-05T13:21:40,83.515648,-60.969013,nan
2024-06-05T13:21:39,83.515656,-60.968662,nan
2024-06-05T13:21:39,83.515663,-60.968307,nan
2024-06-05T13:21:38,83.515671,-60.967949,nan
2024-06-05T13:21:38,83.515678,-60.967583,nan
2024-06-05T13:21:37,83.515686,-60.967213,nan
2024-06-05T13:21:37,83.515694,-60.966839,nan
2024-06-05T13:21:36,83.515701,-60.966454,nan
2024-06-05T13:21:36,83.515717,-60.966064,nan
2024-06-05T13:21:35,83.515724,-60.965660,nan
2024-06-05T13:21:35,83.515732,-60.965256,nan
2024-06-05T13:21:34,83.515739,-60.964844,nan
2024-06-05T13:21:34,83.515747,-60.964432,nan
2024-06-05T13:21:33,83.515755,-60.964012,nan
2024-06-05T13:21:33,83.515762,-60.963600,nan
2024-06-05T13:21:32,83.515770,-60.963188,nan
2024-06-05T13:21:32,83.515778,-60.962776,nan
2024-06-05T13:21:31,83.515793,-60.962364,nan
2024-06-05T13:21:31,83.515800,-60.961948,nan
2024-06-05T13:21:30,83.515808,-60.961529,nan
2024-06-05T13:21:30,83.515816,-60.961113,nan
2024-06-05T13:21:29,83.515831,-60.960693,nan
2024-06-05T13:21:29,83.515839,-60.960278,nan
2024-06-05T13:21:28,83.515846,-60.959862,nan
2024-06-05T13:21:28,83.515862,-60.959438,nan
2024-06-05T13:21:27,83.515869,-60.959011,nan
2024-06-05T13:21:27,83.515884,-60.958576,nan
2024-06-05T13:21:26,83.515892,-60.958138,nan
2024-06-05T13:21:26,83.515907,-60.957695,nan
2024-06-05T13:21:25,83.515923,-60.957245,nan
2024-06-05T13:21:25,83.515930,-60.956787,nan
2024-06-05T13:21:24,83.515945,-60.956322,nan
2024-06-05T13:21:24,83.515961,-60.955853,nan
2024-06-05T13:21:23,83.515976,-60.955379,nan
2024-06-05T13:21:23,83.515991,-60.954903,nan
2024-06-05T13:21:22,83.515999,-60.954422,nan
2024-06-05T13:21:22,83.516014,-60.953941,nan
2024-06-05T13:21:21,83.516029,-60.953465,nan
2024-06-05T13:21:21,83.516037,-60.952995,nan
2024-06-05T13:21:20,83.516052,-60.952534,nan
2024-06-05T13:21:20,83.516068,-60.952084,nan
2024-06-05T13:21:19,83.516075,-60.951637,nan
2024-06-05T13:21:19,83.516090,-60.951202,nan
2024-06-05T13:21:18,83.516106,-60.950760,nan
2024-06-05T13:21:18,83.516121,-60.950321,nan
2024-06-05T13:21:17,83.516136,-60.949883,nan
2024-06-05T13:21:17,83.516151,-60.949444,nan
2024-06-05T13:21:16,83.516159,-60.949001,nan
2024-06-05T13:21:16,83.516174,-60.948559,nan
2024-06-05T13:21:15,83.516190,-60.948116,nan
2024-06-05T13:21:15,83.516205,-60.947681,nan
2024-06-05T13:21:14,83.516228,-60.947247,nan
2024-06-05T13:21:14,83.516235,-60.946812,nan
2024-06-05T13:21:13,83.516258,-60.946373,nan
2024-06-05T13:21:13,83.516266,-60.945938,nan
2024-06-05T13:21:12,83.516281,-60.945503,nan
2024-06-05T13:21:12,83.516296,-60.945068,nan
2024-06-05T13:21:11,83.516312,-60.944637,nan
2024-06-05T13:21:11,83.516327,-60.944199,nan
2024-06-05T13:21:10,83.516335,-60.943768,nan
2024-06-05T13:21:10,83.516350,-60.943336,nan
2024-06-05T13:21:09,83.516365,-60.942902,nan
2024-06-05T13:21:09,83.516373,-60.942459,nan
2024-06-05T13:21:08,83.516388,-60.942017,nan
2024-06-05T13:21:08,83.516403,-60.941570,nan
2024-06-05T13:21:07,83.516418,-60.941120,nan
2024-06-05T13:21:07,83.516426,-60.940674,nan
2024-06-05T13:21:06,83.516441,-60.940231,nan
2024-06-05T13:21:06,83.516457,-60.939796,nan
2024-06-05T13:21:05,83.516472,-60.939365,nan
2024-06-05T13:21:05,83.516479,-60.938942,nan
2024-06-05T13:21:04,83.516495,-60.938530,nan
2024-06-05T13:21:04,83.516502,-60.938122,nan
2024-06-05T13:21:03,83.516510,-60.937717,nan
2024-06-05T13:21:03,83.516518,-60.937313,nan
2024-06-05T13:21:02,83.516525,-60.936916,nan
2024-06-05T13:21:02,83.516541,-60.936527,nan
2024-06-05T13:21:01,83.516548,-60.936142,nan
2024-06-05T13:21:01,83.516556,-60.935768,nan
2024-06-05T13:21:00,83.516563,-60.935406,nan
2024-06-05T13:21:00,83.516571,-60.935047,nan
2024-06-05T13:20:59,83.516579,-60.934696,nan
2024-06-05T13:20:59,83.516579,-60.934345,nan
2024-06-05T13:20:58,83.516586,-60.933994,nan
2024-06-05T13:20:58,83.516594,-60.933647,nan
2024-06-05T13:20:57,83.516602,-60.933304,nan
2024-06-05T13:20:57,83.516609,-60.932968,nan
2024-06-05T13:20:56,83.516617,-60.932632,nan
2024-06-05T13:20:56,83.516624,-60.932304,nan
2024-06-05T13:20:55,83.516632,-60.931980,nan
2024-06-05T13:20:55,83.516640,-60.931656,nan
2024-06-05T13:20:54,83.516647,-60.931335,nan
2024-06-05T13:20:54,83.516655,-60.931019,nan
2024-06-05T13:20:53,83.516663,-60.930714,nan
2024-06-05T13:20:53,83.516670,-60.930405,nan
2024-06-05T13:20:52,83.516678,-60.930088,nan
2024-06-05T13:20:52,83.516685,-60.929771,nan
2024-06-05T13:20:51,83.516693,-60.929447,nan
2024-06-05T13:20:51,83.516701,-60.929111,nan
2024-06-05T13:20:50,83.516708,-60.928768,nan
2024-06-05T13:20:50,83.516716,-60.928417,nan
2024-06-05T13:20:49,83.516724,-60.928070,nan
2024-06-05T13:20:49,83.516731,-60.927715,nan
2024-06-05T13:20:48,83.516739,-60.927357,nan
2024-06-05T13:20:48,83.516747,-60.926998,nan
2024-06-05T13:20:47,83.516754,-60.926643,nan
2024-06-05T13:20:47,83.516762,-60.926289,nan
2024-06-05T13:20:46,83.516769,-60.925934,nan
2024-06-05T13:20:46,83.516769,-60.925575,nan
2024-06-05T13:20:45,83.516769,-60.925217,nan
2024-06-05T13:20:45,83.516777,-60.924850,nan
2024-06-05T13:20:44,83.516777,-60.924477,nan
2024-06-05T13:20:44,83.516777,-60.924103,nan
2024-06-05T13:20:43,83.516777,-60.923725,nan
2024-06-05T13:20:43,83.516777,-60.923347,nan
2024-06-05T13:20:42,83.516777,-60.922974,nan
2024-06-05T13:20:42,83.516769,-60.922604,nan
2024-06-05T13:20:41,83.516769,-60.922241,nan
2024-06-05T13:20:41,83.516769,-60.921894,nan
2024-06-05T13:20:40,83.516762,-60.921558,nan
2024-06-05T13:20:40,83.516762,-60.921223,nan
2024-06-05T13:20:39,83.516754,-60.920895,nan
2024-06-05T13:20:39,83.516754,-60.920567,nan
2024-06-05T13:20:38,83.516754,-60.920238,nan
2024-06-05T13:20:38,83.516747,-60.919914,nan
2024-06-05T13:20:37,83.516754,-60.919598,nan
2024-06-05T13:20:37,83.516754,-60.919273,nan
2024-06-05T13:20:36,83.516754,-60.918949,nan
2024-06-05T13:20:36,83.516754,-60.918625,nan
2024-06-05T13:20:35,83.516754,-60.918301,nan
2024-06-05T13:20:35,83.516762,-60.917973,nan
2024-06-05T13:20:34,83.516762,-60.917645,nan
2024-06-05T13:20:34,83.516769,-60.917316,nan
2024-06-05T13:20:33,83.516769,-60.916985,nan
2024-06-05T13:20:33,83.516777,-60.916653,nan
2024-06-05T13:20:32,83.516777,-60.916313,nan
2024-06-05T13:20:32,83.516785,-60.915970,nan
2024-06-05T13:20:31,83.516785,-60.915615,nan
2024-06-05T13:20:31,83.516785,-60.915249,nan
2024-06-05T13:20:30,83.516792,-60.914871,nan
2024-06-05T13:20:30,83.516792,-60.914494,nan
2024-06-05T13:20:29,83.516792,-60.914104,nan
2024-06-05T13:20:29,83.516792,-60.913712,nan
2024-06-05T13:20:28,83.516800,-60.913319,nan
2024-06-05T13:20:28,83.516800,-60.912922,nan
2024-06-05T13:20:27,83.516808,-60.912533,nan
2024-06-05T13:20:27,83.516808,-60.912144,nan
2024-06-05T13:20:26,83.516815,-60.911755,nan
2024-06-05T13:20:26,83.516815,-60.911358,nan
2024-06-05T13:20:25,83.516823,-60.910969,nan
2024-06-05T13:20:25,83.516830,-60.910580,nan
2024-06-05T13:20:24,83.516830,-60.910187,nan
2024-06-05T13:20:24,83.516830,-60.909798,nan
2024-06-05T13:20:23,83.516838,-60.909416,nan
2024-06-05T13:20:23,83.516838,-60.909039,nan
2024-06-05T13:20:22,83.516838,-60.908665,nan
2024-06-05T13:20:22,83.516838,-60.908298,nan
2024-06-05T13:20:21,83.516846,-60.907940,nan
2024-06-05T13:20:21,83.516846,-60.907597,nan
2024-06-05T13:20:20,83.516846,-60.907261,nan
2024-06-05T13:20:20,83.516846,-60.906929,nan
2024-06-05T13:20:19,83.516846,-60.906609,nan
2024-06-05T13:20:19,83.516853,-60.906300,nan
2024-06-05T13:20:18,83.516853,-60.905994,nan
2024-06-05T13:20:18,83.516853,-60.905701,nan
2024-06-05T13:20:17,83.516853,-60.905403,nan
2024-06-05T13:20:17,83.516853,-60.905109,nan
2024-06-05T13:20:16,83.516861,-60.904823,nan
2024-06-05T13:20:16,83.516861,-60.904541,nan
2024-06-05T13:20:15,83.516853,-60.904259,nan
2024-06-05T13:20:15,83.516853,-60.903980,nan
2024-06-05T13:20:14,83.516853,-60.903709,nan
2024-06-05T13:20:14,83.516846,-60.903442,nan
2024-06-05T13:20:13,83.516846,-60.903175,nan
2024-06-05T13:20:13,83.516838,-60.902924,nan
2024-06-05T13:20:12,83.516838,-60.902676,nan
2024-06-05T13:20:12,83.516830,-60.902435,nan
2024-06-05T13:20:11,83.516830,-60.902191,nan
2024-06-05T13:20:11,83.516830,-60.901947,nan
2024-06-05T13:20:10,83.516830,-60.901703,nan
2024-06-05T13:20:10,83.516838,-60.901443,nan
2024-06-05T13:20:09,83.516838,-60.901180,nan
2024-06-05T13:20:09,83.516838,-60.900913,nan
2024-06-05T13:20:08,83.516846,-60.900642,nan
2024-06-05T13:20:08,83.516853,-60.900372,nan
2024-06-05T13:20:07,83.516853,-60.900093,nan
2024-06-05T13:20:07,83.516861,-60.899807,nan
2024-06-05T13:20:06,83.516869,-60.899513,nan
2024-06-05T13:20:06,83.516876,-60.899212,nan
2024-06-05T13:20:05,83.516884,-60.898903,nan
2024-06-05T13:20:05,83.516891,-60.898586,nan
2024-06-05T13:20:04,83.516899,-60.898266,nan
2024-06-05T13:20:04,83.516907,-60.897934,nan
2024-06-05T13:20:03,83.516914,-60.897598,nan
2024-06-05T13:20:03,83.516922,-60.897259,nan
2024-06-05T13:20:02,83.516922,-60.896912,nan
2024-06-05T13:20:02,83.516930,-60.896557,nan
2024-06-05T13:20:01,83.516937,-60.896206,nan
2024-06-05T13:20:01,83.516937,-60.895844,nan
2024-06-05T13:20:00,83.516945,-60.895481,nan
2024-06-05T13:20:00,83.516945,-60.895119,nan
2024-06-05T13:19:59,83.516953,-60.894753,nan
2024-06-05T13:19:59,83.516953,-60.894382,nan
2024-06-05T13:19:58,83.516953,-60.894016,nan
2024-06-05T13:19:58,83.516953,-60.893646,nan
2024-06-05T13:19:57,83.516953,-60.893291,nan
2024-06-05T13:19:57,83.516953,-60.892937,nan
2024-06-05T13:19:56,83.516945,-60.892586,nan
2024-06-05T13:19:56,83.516937,-60.892242,nan
2024-06-05T13:19:55,83.516930,-60.891907,nan
2024-06-05T13:19:55,83.516922,-60.891582,nan
2024-06-05T13:19:54,83.516914,-60.891266,nan
2024-06-05T13:19:54,83.516907,-60.890961,nan
2024-06-05T13:19:53,83.516891,-60.890656,nan
2024-06-05T13:19:53,83.516884,-60.890358,nan
2024-06-05T13:19:52,83.516876,-60.890057,nan
2024-06-05T13:19:52,83.516861,-60.889759,nan
2024-06-05T13:19:51,83.516853,-60.889462,nan
2024-06-05T13:19:51,83.516846,-60.889156,nan
2024-06-05T13:19:50,83.516830,-60.888851,nan
2024-06-05T13:19:50,83.516823,-60.888531,nan
2024-06-05T13:19:49,83.516808,-60.888199,nan
2024-06-05T13:19:49,83.516800,-60.887859,nan
2024-06-05T13:19:48,83.516785,-60.887524,nan
2024-06-05T13:19:48,83.516777,-60.887165,nan
2024-06-05T13:19:47,83.516762,-60.886780,nan
2024-06-05T13:19:47,83.516754,-60.886391,nan
2024-06-05T13:19:46,83.516747,-60.885986,nan
2024-06-05T13:19:46,83.516739,-60.885582,nan
2024-06-05T13:19:45,83.516724,-60.885212,nan
2024-06-05T13:19:45,83.516708,-60.884827,nan
2024-06-05T13:19:44,83.516693,-60.884449,nan
2024-06-05T13:19:44,83.516678,-60.884071,nan
2024-06-05T13:19:43,83.516663,-60.883698,nan
2024-06-05T13:19:43,83.516647,-60.883289,nan
2024-06-05T13:19:42,83.516640,-60.882816,nan
2024-06-05T13:19:42,83.516632,-60.882339,nan
2024-06-05T13:19:41,83.516624,-60.881824,nan
2024-06-05T13:19:41,83.516617,-60.881115,nan
2024-06-05T13:19:40,83.516602,-60.880482,nan
2024-06-05T13:19:40,83.516586,-60.879726,nan
2024-06-05T13:19:39,83.516579,-60.878830,nan
2024-06-05T13:19:39,83.516563,-60.877563,nan
2024-06-05T13:19:38,83.516609,-60.875542,nan
2024-06-05T13:19:38,83.516685,-60.872082,nan
2024-06-05T13:19:37,83.516808,-60.867496,nan
2024-06-05T13:19:33,83.516151,-60.874413,nan
2024-06-05T13:19:32,83.515907,-60.881607,nan
2024-06-05T13:19:32,83.515656,-60.888580,nan
