datetime,lat,lon,elev
2024-06-13T14:58:28,84.969872,-24.715065,nan
2024-06-13T14:58:28,84.969887,-24.715303,nan
2024-06-13T14:58:27,84.969902,-24.715561,nan
2024-06-13T14:58:27,84.969917,-24.715836,nan
2024-06-13T14:58:26,84.969940,-24.716120,nan
2024-06-13T14:58:26,84.969955,-24.716413,nan
2024-06-13T14:58:25,84.969971,-24.716711,nan
2024-06-13T14:58:25,84.969986,-24.717022,nan
2024-06-13T14:58:24,84.970009,-24.717339,nan
2024-06-13T14:58:24,84.970024,-24.717655,nan
2024-06-13T14:58:23,84.970039,-24.717983,nan
2024-06-13T14:58:23,84.970062,-24.718315,nan
2024-06-13T14:58:22,84.970078,-24.718657,nan
2024-06-13T14:58:22,84.970100,-24.718998,nan
2024-06-13T14:58:21,84.970116,-24.719337,nan
2024-06-13T14:58:21,84.970139,-24.719671,nan
2024-06-13T14:58:20,84.970154,-24.720009,nan
2024-06-13T14:58:20,84.970177,-24.720348,nan
2024-06-13T14:58:19,84.970192,-24.720692,nan
2024-06-13T14:58:19,84.970207,-24.721037,nan
2024-06-13T14:58:18,84.970230,-24.721378,nan
2024-06-13T14:58:18,84.970245,-24.721720,nan
2024-06-13T14:58:17,84.970261,-24.722057,nan
2024-06-13T14:58:17,84.970276,-24.722399,nan
2024-06-13T14:58:16,84.970299,-24.722738,nan
2024-06-13T14:58:16,84.970314,-24.723083,nan
2024-06-13T14:58:15,84.970329,-24.723427,nan
2024-06-13T14:58:15,84.970352,-24.723770,nan
2024-06-13T14:58:14,84.970367,-24.724094,nan
2024-06-13T14:58:14,84.970383,-24.724409,nan
2024-06-13T14:58:13,84.970406,-24.724709,nan
2024-06-13T14:58:13,84.970421,-24.724998,nan
2024-06-13T14:58:12,84.970444,-24.725286,nan
2024-06-13T14:58:12,84.970467,-24.725573,nan
2024-06-13T14:58:11,84.970482,-24.725861,nan
2024-06-13T14:58:11,84.970505,-24.726143,nan
2024-06-13T14:58:10,84.970528,-24.726425,nan
2024-06-13T14:58:10,84.970551,-24.726692,nan
2024-06-13T14:58:09,84.970573,-24.726955,nan
2024-06-13T14:58:09,84.970596,-24.727203,nan
2024-06-13T14:58:08,84.970619,-24.727448,nan
2024-06-13T14:58:08,84.970642,-24.727688,nan
2024-06-13T14:58:07,84.970673,-24.727936,nan
2024-06-13T14:58:07,84.970695,-24.728189,nan
2024-06-13T14:58:06,84.970726,-24.728455,nan
2024-06-13T14:58:06,84.970749,-24.728727,nan
2024-06-13T14:58:05,84.970779,-24.729010,nan
2024-06-13T14:58:05,84.970802,-24.729292,nan
2024-06-13T14:58:04,84.970825,-24.729580,nan
2024-06-13T14:58:04,84.970856,-24.729866,nan
2024-06-13T14:58:03,84.970879,-24.730158,nan
2024-06-13T14:58:03,84.970901,-24.730461,nan
2024-06-13T14:58:02,84.970932,-24.730762,nan
2024-06-13T14:58:02,84.970955,-24.731062,nan
2024-06-13T14:58:01,84.970978,-24.731358,nan
2024-06-13T14:58:01,84.971001,-24.731651,nan
2024-06-13T14:58:00,84.971031,-24.731939,nan
2024-06-13T14:58:00,84.971054,-24.732224,nan
2024-06-13T14:57:59,84.971077,-24.732504,nan
2024-06-13T14:57:59,84.971107,-24.732777,nan
2024-06-13T14:57:58,84.971130,-24.733049,nan
2024-06-13T14:57:58,84.971153,-24.733326,nan
2024-06-13T14:57:57,84.971176,-24.733608,nan
2024-06-13T14:57:57,84.971207,-24.733900,nan
2024-06-13T14:57:56,84.971230,-24.734198,nan
2024-06-13T14:57:56,84.971252,-24.734505,nan
2024-06-13T14:57:55,84.971275,-24.734812,nan
2024-06-13T14:57:55,84.971298,-24.735123,nan
2024-06-13T14:57:54,84.971329,-24.735434,nan
2024-06-13T14:57:54,84.971352,-24.735746,nan
2024-06-13T14:57:53,84.971375,-24.736055,nan
2024-06-13T14:57:53,84.971397,-24.736361,nan
2024-06-13T14:57:52,84.971420,-24.736671,nan
2024-06-13T14:57:52,84.971451,-24.736982,nan
2024-06-13T14:57:51,84.971474,-24.737293,nan
2024-06-13T14:57:51,84.971497,-24.737602,nan
2024-06-13T14:57:50,84.971519,-24.737911,nan
2024-06-13T14:57:50,84.971542,-24.738220,nan
2024-06-13T14:57:49,84.971558,-24.738529,nan
2024-06-13T14:57:49,84.971581,-24.738836,nan
2024-06-13T14:57:48,84.971603,-24.739149,nan
2024-06-13T14:57:48,84.971626,-24.739464,nan
2024-06-13T14:57:47,84.971649,-24.739775,nan
2024-06-13T14:57:47,84.971672,-24.740103,nan
2024-06-13T14:57:46,84.971695,-24.740444,nan
2024-06-13T14:57:46,84.971718,-24.740799,nan
2024-06-13T14:57:45,84.971741,-24.741159,nan
2024-06-13T14:57:45,84.971771,-24.741529,nan
2024-06-13T14:57:44,84.971794,-24.741907,nan
2024-06-13T14:57:44,84.971825,-24.742294,nan
2024-06-13T14:57:43,84.971855,-24.742699,nan
2024-06-13T14:57:43,84.971878,-24.743113,nan
2024-06-13T14:57:42,84.971909,-24.743532,nan
2024-06-13T14:57:42,84.971931,-24.743956,nan
2024-06-13T14:57:41,84.971954,-24.744377,nan
2024-06-13T14:57:41,84.971985,-24.744801,nan
2024-06-13T14:57:40,84.972008,-24.745220,nan
2024-06-13T14:57:40,84.972031,-24.745646,nan
2024-06-13T14:57:39,84.972054,-24.746067,nan
2024-06-13T14:57:39,84.972076,-24.746487,nan
2024-06-13T14:57:38,84.972099,-24.746901,nan
2024-06-13T14:57:38,84.972122,-24.747316,nan
2024-06-13T14:57:37,84.972145,-24.747732,nan
2024-06-13T14:57:37,84.972168,-24.748152,nan
2024-06-13T14:57:36,84.972191,-24.748566,nan
2024-06-13T14:57:36,84.972214,-24.748981,nan
2024-06-13T14:57:35,84.972237,-24.749393,nan
2024-06-13T14:57:35,84.972260,-24.749811,nan
2024-06-13T14:57:34,84.972282,-24.750225,nan
2024-06-13T14:57:34,84.972305,-24.750645,nan
2024-06-13T14:57:33,84.972328,-24.751064,nan
2024-06-13T14:57:33,84.972359,-24.751486,nan
2024-06-13T14:57:32,84.972382,-24.751911,nan
2024-06-13T14:57:32,84.972404,-24.752337,nan
2024-06-13T14:57:31,84.972427,-24.752760,nan
2024-06-13T14:57:31,84.972450,-24.753183,nan
2024-06-13T14:57:30,84.972473,-24.753609,nan
2024-06-13T14:57:30,84.972496,-24.754028,nan
2024-06-13T14:57:29,84.972519,-24.754442,nan
2024-06-13T14:57:29,84.972542,-24.754854,nan
2024-06-13T14:57:28,84.972572,-24.755260,nan
2024-06-13T14:57:28,84.972595,-24.755651,nan
2024-06-13T14:57:27,84.972618,-24.756033,nan
2024-06-13T14:57:27,84.972649,-24.756401,nan
2024-06-13T14:57:26,84.972672,-24.756762,nan
2024-06-13T14:57:26,84.972694,-24.757120,nan
2024-06-13T14:57:25,84.972725,-24.757473,nan
2024-06-13T14:57:25,84.972755,-24.757824,nan
2024-06-13T14:57:24,84.972778,-24.758171,nan
2024-06-13T14:57:24,84.972809,-24.758520,nan
2024-06-13T14:57:23,84.972839,-24.758873,nan
2024-06-13T14:57:23,84.972870,-24.759232,nan
2024-06-13T14:57:22,84.972893,-24.759592,nan
2024-06-13T14:57:22,84.972923,-24.759958,nan
2024-06-13T14:57:21,84.972954,-24.760332,nan
2024-06-13T14:57:21,84.972984,-24.760710,nan
2024-06-13T14:57:20,84.973007,-24.761087,nan
2024-06-13T14:57:20,84.973038,-24.761465,nan
2024-06-13T14:57:19,84.973061,-24.761841,nan
2024-06-13T14:57:19,84.973091,-24.762213,nan
2024-06-13T14:57:18,84.973122,-24.762583,nan
2024-06-13T14:57:18,84.973145,-24.762945,nan
2024-06-13T14:57:17,84.973167,-24.763302,nan
2024-06-13T14:57:17,84.973198,-24.763649,nan
2024-06-13T14:57:16,84.973221,-24.763979,nan
2024-06-13T14:57:16,84.973251,-24.764299,nan
2024-06-13T14:57:15,84.973274,-24.764606,nan
2024-06-13T14:57:15,84.973297,-24.764902,nan
2024-06-13T14:57:14,84.973328,-24.765186,nan
2024-06-13T14:57:14,84.973351,-24.765467,nan
2024-06-13T14:57:13,84.973381,-24.765741,nan
2024-06-13T14:57:13,84.973404,-24.766014,nan
2024-06-13T14:57:12,84.973434,-24.766277,nan
2024-06-13T14:57:12,84.973457,-24.766535,nan
2024-06-13T14:57:11,84.973488,-24.766788,nan
2024-06-13T14:57:11,84.973511,-24.767046,nan
2024-06-13T14:57:10,84.973541,-24.767311,nan
2024-06-13T14:57:10,84.973564,-24.767586,nan
2024-06-13T14:57:09,84.973595,-24.767864,nan
2024-06-13T14:57:09,84.973625,-24.768145,nan
2024-06-13T14:57:08,84.973656,-24.768431,nan
2024-06-13T14:57:08,84.973679,-24.768721,nan
2024-06-13T14:57:07,84.973709,-24.769012,nan
2024-06-13T14:57:07,84.973740,-24.769310,nan
2024-06-13T14:57:06,84.973770,-24.769609,nan
2024-06-13T14:57:06,84.973801,-24.769905,nan
2024-06-13T14:57:05,84.973831,-24.770199,nan
2024-06-13T14:57:05,84.973862,-24.770489,nan
2024-06-13T14:57:04,84.973892,-24.770775,nan
2024-06-13T14:57:04,84.973923,-24.771053,nan
2024-06-13T14:57:03,84.973946,-24.771332,nan
2024-06-13T14:57:03,84.973976,-24.771608,nan
2024-06-13T14:57:02,84.974007,-24.771883,nan
2024-06-13T14:57:02,84.974037,-24.772156,nan
2024-06-13T14:57:01,84.974068,-24.772427,nan
2024-06-13T14:57:01,84.974091,-24.772696,nan
2024-06-13T14:57:00,84.974121,-24.772961,nan
2024-06-13T14:57:00,84.974152,-24.773226,nan
2024-06-13T14:56:59,84.974174,-24.773483,nan
2024-06-13T14:56:59,84.974205,-24.773741,nan
2024-06-13T14:56:58,84.974228,-24.773996,nan
2024-06-13T14:56:58,84.974258,-24.774242,nan
2024-06-13T14:56:57,84.974281,-24.774477,nan
2024-06-13T14:56:57,84.974312,-24.774702,nan
2024-06-13T14:56:56,84.974335,-24.774923,nan
2024-06-13T14:56:56,84.974358,-24.775133,nan
2024-06-13T14:56:55,84.974388,-24.775339,nan
2024-06-13T14:56:55,84.974411,-24.775541,nan
2024-06-13T14:56:54,84.974442,-24.775743,nan
2024-06-13T14:56:54,84.974472,-24.775946,nan
2024-06-13T14:56:53,84.974503,-24.776144,nan
2024-06-13T14:56:53,84.974533,-24.776344,nan
2024-06-13T14:56:52,84.974564,-24.776543,nan
2024-06-13T14:56:52,84.974594,-24.776735,nan
2024-06-13T14:56:51,84.974632,-24.776930,nan
2024-06-13T14:56:51,84.974663,-24.777124,nan
2024-06-13T14:56:50,84.974701,-24.777319,nan
2024-06-13T14:56:50,84.974739,-24.777515,nan
2024-06-13T14:56:49,84.974770,-24.777712,nan
2024-06-13T14:56:49,84.974808,-24.777910,nan
2024-06-13T14:56:48,84.974846,-24.778109,nan
2024-06-13T14:56:48,84.974884,-24.778303,nan
2024-06-13T14:56:47,84.974922,-24.778496,nan
2024-06-13T14:56:47,84.974953,-24.778681,nan
2024-06-13T14:56:46,84.974991,-24.778860,nan
2024-06-13T14:56:46,84.975029,-24.779036,nan
2024-06-13T14:56:45,84.975060,-24.779203,nan
2024-06-13T14:56:45,84.975098,-24.779369,nan
2024-06-13T14:56:44,84.975136,-24.779530,nan
2024-06-13T14:56:44,84.975174,-24.779688,nan
2024-06-13T14:56:43,84.975212,-24.779840,nan
2024-06-13T14:56:43,84.975243,-24.779993,nan
2024-06-13T14:56:42,84.975281,-24.780144,nan
2024-06-13T14:56:42,84.975319,-24.780289,nan
2024-06-13T14:56:41,84.975349,-24.780428,nan
2024-06-13T14:56:41,84.975388,-24.780561,nan
2024-06-13T14:56:40,84.975418,-24.780691,nan
2024-06-13T14:56:40,84.975456,-24.780809,nan
2024-06-13T14:56:39,84.975487,-24.780916,nan
2024-06-13T14:56:39,84.975517,-24.781021,nan
2024-06-13T14:56:38,84.975548,-24.781111,nan
2024-06-13T14:56:38,84.975578,-24.781187,nan
2024-06-13T14:56:37,84.975616,-24.781256,nan
2024-06-13T14:56:37,84.975647,-24.781321,nan
2024-06-13T14:56:36,84.975677,-24.781378,nan
2024-06-13T14:56:36,84.975708,-24.781431,nan
2024-06-13T14:56:35,84.975739,-24.781481,nan
2024-06-13T14:56:35,84.975777,-24.781519,nan
2024-06-13T14:56:34,84.975807,-24.781555,nan
2024-06-13T14:56:34,84.975838,-24.781582,nan
2024-06-13T14:56:33,84.975876,-24.781607,nan
2024-06-13T14:56:33,84.975906,-24.781630,nan
2024-06-13T14:56:32,84.975945,-24.781652,nan
2024-06-13T14:56:32,84.975983,-24.781673,nan
2024-06-13T14:56:31,84.976013,-24.781685,nan
2024-06-13T14:56:31,84.976051,-24.781691,nan
2024-06-13T14:56:30,84.976089,-24.781694,nan
2024-06-13T14:56:30,84.976128,-24.781704,nan
2024-06-13T14:56:29,84.976166,-24.781719,nan
2024-06-13T14:56:29,84.976196,-24.781748,nan
2024-06-13T14:56:28,84.976234,-24.781782,nan
2024-06-13T14:56:28,84.976265,-24.781824,nan
2024-06-13T14:56:27,84.976303,-24.781868,nan
2024-06-13T14:56:27,84.976334,-24.781916,nan
2024-06-13T14:56:26,84.976372,-24.781961,nan
2024-06-13T14:56:26,84.976402,-24.782015,nan
2024-06-13T14:56:25,84.976433,-24.782066,nan
2024-06-13T14:56:25,84.976463,-24.782124,nan
2024-06-13T14:56:24,84.976501,-24.782177,nan
2024-06-13T14:56:24,84.976532,-24.782230,nan
2024-06-13T14:56:23,84.976562,-24.782286,nan
2024-06-13T14:56:23,84.976601,-24.782345,nan
2024-06-13T14:56:22,84.976631,-24.782408,nan
2024-06-13T14:56:22,84.976662,-24.782473,nan
2024-06-13T14:56:21,84.976700,-24.782545,nan
2024-06-13T14:56:21,84.976730,-24.782619,nan
2024-06-13T14:56:20,84.976768,-24.782701,nan
2024-06-13T14:56:20,84.976799,-24.782784,nan
2024-06-13T14:56:19,84.976830,-24.782871,nan
2024-06-13T14:56:19,84.976868,-24.782957,nan
2024-06-13T14:56:18,84.976898,-24.783045,nan
2024-06-13T14:56:18,84.976929,-24.783133,nan
2024-06-13T14:56:17,84.976959,-24.783222,nan
2024-06-13T14:56:17,84.976990,-24.783312,nan
2024-06-13T14:56:16,84.977020,-24.783396,nan
2024-06-13T14:56:16,84.977043,-24.783480,nan
2024-06-13T14:56:15,84.977074,-24.783562,nan
2024-06-13T14:56:15,84.977104,-24.783644,nan
2024-06-13T14:56:14,84.977135,-24.783737,nan
2024-06-13T14:56:14,84.977165,-24.783836,nan
2024-06-13T14:56:13,84.977188,-24.783941,nan
2024-06-13T14:56:13,84.977219,-24.784054,nan
2024-06-13T14:56:12,84.977249,-24.784170,nan
2024-06-13T14:56:12,84.977280,-24.784294,nan
2024-06-13T14:56:11,84.977310,-24.784428,nan
2024-06-13T14:56:11,84.977341,-24.784569,nan
2024-06-13T14:56:10,84.977371,-24.784719,nan
2024-06-13T14:56:10,84.977402,-24.784876,nan
2024-06-13T14:56:09,84.977432,-24.785040,nan
2024-06-13T14:56:09,84.977463,-24.785212,nan
2024-06-13T14:56:08,84.977493,-24.785389,nan
2024-06-13T14:56:08,84.977524,-24.785566,nan
2024-06-13T14:56:07,84.977554,-24.785746,nan
2024-06-13T14:56:07,84.977577,-24.785923,nan
2024-06-13T14:56:06,84.977608,-24.786102,nan
2024-06-13T14:56:06,84.977638,-24.786280,nan
2024-06-13T14:56:05,84.977676,-24.786449,nan
2024-06-13T14:56:05,84.977707,-24.786629,nan
2024-06-13T14:56:04,84.977737,-24.786812,nan
2024-06-13T14:56:04,84.977768,-24.787004,nan
2024-06-13T14:56:03,84.977806,-24.787207,nan
2024-06-13T14:56:03,84.977837,-24.787420,nan
2024-06-13T14:56:02,84.977867,-24.787642,nan
2024-06-13T14:56:02,84.977905,-24.787863,nan
2024-06-13T14:56:01,84.977936,-24.788082,nan
2024-06-13T14:56:01,84.977974,-24.788300,nan
2024-06-13T14:56:00,84.978004,-24.788507,nan
2024-06-13T14:56:00,84.978043,-24.788708,nan
2024-06-13T14:55:59,84.978073,-24.788902,nan
2024-06-13T14:55:59,84.978111,-24.789091,nan
2024-06-13T14:55:58,84.978142,-24.789278,nan
2024-06-13T14:55:58,84.978180,-24.789459,nan
2024-06-13T14:55:57,84.978210,-24.789644,nan
2024-06-13T14:55:57,84.978249,-24.789829,nan
2024-06-13T14:55:56,84.978287,-24.790024,nan
2024-06-13T14:55:56,84.978325,-24.790222,nan
2024-06-13T14:55:55,84.978363,-24.790428,nan
2024-06-13T14:55:55,84.978401,-24.790638,nan
2024-06-13T14:55:54,84.978439,-24.790852,nan
2024-06-13T14:55:54,84.978477,-24.791067,nan
2024-06-13T14:55:53,84.978516,-24.791285,nan
2024-06-13T14:55:53,84.978554,-24.791496,nan
2024-06-13T14:55:52,84.978584,-24.791704,nan
2024-06-13T14:55:52,84.978622,-24.791906,nan
2024-06-13T14:55:51,84.978661,-24.792107,nan
2024-06-13T14:55:51,84.978699,-24.792299,nan
2024-06-13T14:55:50,84.978737,-24.792492,nan
2024-06-13T14:55:50,84.978775,-24.792683,nan
2024-06-13T14:55:49,84.978813,-24.792870,nan
2024-06-13T14:55:49,84.978851,-24.793055,nan
2024-06-13T14:55:48,84.978889,-24.793236,nan
2024-06-13T14:55:48,84.978928,-24.793417,nan
2024-06-13T14:55:47,84.978966,-24.793598,nan
2024-06-13T14:55:47,84.978996,-24.793779,nan
2024-06-13T14:55:46,84.979034,-24.793959,nan
2024-06-13T14:55:46,84.979065,-24.794134,nan
2024-06-13T14:55:45,84.979103,-24.794306,nan
2024-06-13T14:55:45,84.979134,-24.794476,nan
2024-06-13T14:55:44,84.979164,-24.794647,nan
2024-06-13T14:55:44,84.979195,-24.794813,nan
2024-06-13T14:55:43,84.979233,-24.794977,nan
2024-06-13T14:55:43,84.979263,-24.795139,nan
2024-06-13T14:55:42,84.979294,-24.795303,nan
2024-06-13T14:55:42,84.979324,-24.795467,nan
2024-06-13T14:55:41,84.979355,-24.795633,nan
2024-06-13T14:55:41,84.979385,-24.795799,nan
2024-06-13T14:55:40,84.979424,-24.795965,nan
2024-06-13T14:55:40,84.979454,-24.796133,nan
2024-06-13T14:55:39,84.979485,-24.796295,nan
2024-06-13T14:55:39,84.979515,-24.796453,nan
2024-06-13T14:55:38,84.979546,-24.796612,nan
2024-06-13T14:55:38,84.979584,-24.796762,nan
2024-06-13T14:55:37,84.979614,-24.796909,nan
2024-06-13T14:55:37,84.979645,-24.797052,nan
2024-06-13T14:55:36,84.979683,-24.797194,nan
2024-06-13T14:55:36,84.979713,-24.797337,nan
2024-06-13T14:55:35,84.979752,-24.797476,nan
2024-06-13T14:55:35,84.979782,-24.797615,nan
2024-06-13T14:55:34,84.979813,-24.797758,nan
2024-06-13T14:55:34,84.979851,-24.797907,nan
2024-06-13T14:55:33,84.979881,-24.798058,nan
2024-06-13T14:55:33,84.979912,-24.798214,nan
2024-06-13T14:55:32,84.979942,-24.798376,nan
2024-06-13T14:55:32,84.979980,-24.798538,nan
2024-06-13T14:55:31,84.980011,-24.798700,nan
2024-06-13T14:55:31,84.980042,-24.798857,nan
2024-06-13T14:55:30,84.980072,-24.799015,nan
2024-06-13T14:55:30,84.980103,-24.799170,nan
2024-06-13T14:55:29,84.980133,-24.799322,nan
2024-06-13T14:55:29,84.980164,-24.799477,nan
2024-06-13T14:55:28,84.980202,-24.799629,nan
2024-06-13T14:55:28,84.980232,-24.799784,nan
2024-06-13T14:55:27,84.980263,-24.799936,nan
2024-06-13T14:55:27,84.980301,-24.800091,nan
2024-06-13T14:55:26,84.980339,-24.800247,nan
2024-06-13T14:55:26,84.980370,-24.800409,nan
2024-06-13T14:55:25,84.980408,-24.800573,nan
2024-06-13T14:55:25,84.980446,-24.800737,nan
2024-06-13T14:55:24,84.980484,-24.800903,nan
2024-06-13T14:55:24,84.980522,-24.801073,nan
2024-06-13T14:55:23,84.980553,-24.801245,nan
2024-06-13T14:55:23,84.980591,-24.801414,nan
2024-06-13T14:55:22,84.980629,-24.801584,nan
2024-06-13T14:55:22,84.980659,-24.801756,nan
2024-06-13T14:55:21,84.980698,-24.801920,nan
2024-06-13T14:55:21,84.980736,-24.802082,nan
2024-06-13T14:55:20,84.980766,-24.802246,nan
2024-06-13T14:55:20,84.980804,-24.802410,nan
2024-06-13T14:55:19,84.980843,-24.802578,nan
2024-06-13T14:55:19,84.980881,-24.802746,nan
2024-06-13T14:55:18,84.980919,-24.802919,nan
2024-06-13T14:55:18,84.980957,-24.803093,nan
2024-06-13T14:55:17,84.980995,-24.803272,nan
2024-06-13T14:55:17,84.981033,-24.803452,nan
2024-06-13T14:55:16,84.981071,-24.803633,nan
2024-06-13T14:55:16,84.981110,-24.803810,nan
2024-06-13T14:55:15,84.981148,-24.803986,nan
2024-06-13T14:55:15,84.981186,-24.804155,nan
2024-06-13T14:55:14,84.981224,-24.804321,nan
2024-06-13T14:55:14,84.981255,-24.804480,nan
2024-06-13T14:55:13,84.981293,-24.804640,nan
2024-06-13T14:55:13,84.981331,-24.804800,nan
2024-06-13T14:55:12,84.981369,-24.804962,nan
2024-06-13T14:55:12,84.981407,-24.805128,nan
2024-06-13T14:55:11,84.981445,-24.805302,nan
2024-06-13T14:55:11,84.981483,-24.805475,nan
2024-06-13T14:55:10,84.981522,-24.805647,nan
2024-06-13T14:55:10,84.981560,-24.805817,nan
2024-06-13T14:55:09,84.981598,-24.805981,nan
2024-06-13T14:55:09,84.981636,-24.806141,nan
2024-06-13T14:55:08,84.981674,-24.806295,nan
2024-06-13T14:55:08,84.981705,-24.806448,nan
2024-06-13T14:55:07,84.981743,-24.806597,nan
2024-06-13T14:55:07,84.981781,-24.806744,nan
2024-06-13T14:55:06,84.981819,-24.806894,nan
2024-06-13T14:55:06,84.981857,-24.807049,nan
2024-06-13T14:55:05,84.981895,-24.807207,nan
2024-06-13T14:55:05,84.981934,-24.807373,nan
2024-06-13T14:55:04,84.981979,-24.807545,nan
2024-06-13T14:55:04,84.982018,-24.807726,nan
2024-06-13T14:55:03,84.982056,-24.807907,nan
2024-06-13T14:55:03,84.982094,-24.808090,nan
2024-06-13T14:55:02,84.982124,-24.808273,nan
2024-06-13T14:55:02,84.982162,-24.808456,nan
2024-06-13T14:55:01,84.982201,-24.808638,nan
2024-06-13T14:55:01,84.982239,-24.808817,nan
2024-06-13T14:55:00,84.982277,-24.808994,nan
2024-06-13T14:55:00,84.982315,-24.809175,nan
2024-06-13T14:54:59,84.982353,-24.809355,nan
2024-06-13T14:54:59,84.982391,-24.809538,nan
2024-06-13T14:54:58,84.982430,-24.809719,nan
2024-06-13T14:54:58,84.982468,-24.809906,nan
2024-06-13T14:54:57,84.982506,-24.810097,nan
2024-06-13T14:54:57,84.982544,-24.810287,nan
2024-06-13T14:54:56,84.982582,-24.810482,nan
2024-06-13T14:54:56,84.982620,-24.810677,nan
2024-06-13T14:54:55,84.982651,-24.810863,nan
2024-06-13T14:54:55,84.982689,-24.811047,nan
2024-06-13T14:54:54,84.982727,-24.811228,nan
2024-06-13T14:54:54,84.982765,-24.811415,nan
2024-06-13T14:54:53,84.982796,-24.811598,nan
2024-06-13T14:54:53,84.982834,-24.811781,nan
2024-06-13T14:54:52,84.982872,-24.811962,nan
2024-06-13T14:54:52,84.982910,-24.812145,nan
2024-06-13T14:54:51,84.982948,-24.812332,nan
2024-06-13T14:54:51,84.982994,-24.812515,nan
2024-06-13T14:54:50,84.983032,-24.812700,nan
2024-06-13T14:54:50,84.983070,-24.812885,nan
2024-06-13T14:54:49,84.983109,-24.813070,nan
2024-06-13T14:54:49,84.983154,-24.813248,nan
2024-06-13T14:54:48,84.983192,-24.813421,nan
2024-06-13T14:54:48,84.983231,-24.813589,nan
2024-06-13T14:54:47,84.983269,-24.813757,nan
2024-06-13T14:54:47,84.983307,-24.813923,nan
2024-06-13T14:54:46,84.983353,-24.814096,nan
2024-06-13T14:54:46,84.983391,-24.814276,nan
2024-06-13T14:54:45,84.983429,-24.814461,nan
2024-06-13T14:54:45,84.983467,-24.814653,nan
2024-06-13T14:54:44,84.983505,-24.814856,nan
2024-06-13T14:54:44,84.983543,-24.815069,nan
2024-06-13T14:54:43,84.983574,-24.815290,nan
2024-06-13T14:54:43,84.983612,-24.815516,nan
2024-06-13T14:54:42,84.983650,-24.815741,nan
2024-06-13T14:54:42,84.983681,-24.815960,nan
2024-06-13T14:54:41,84.983719,-24.816174,nan
2024-06-13T14:54:41,84.983749,-24.816380,nan
2024-06-13T14:54:40,84.983788,-24.816578,nan
2024-06-13T14:54:40,84.983818,-24.816771,nan
2024-06-13T14:54:39,84.983856,-24.816957,nan
2024-06-13T14:54:39,84.983887,-24.817144,nan
2024-06-13T14:54:38,84.983925,-24.817329,nan
2024-06-13T14:54:38,84.983955,-24.817518,nan
2024-06-13T14:54:37,84.983994,-24.817711,nan
2024-06-13T14:54:37,84.984024,-24.817902,nan
2024-06-13T14:54:36,84.984062,-24.818094,nan
2024-06-13T14:54:36,84.984093,-24.818291,nan
2024-06-13T14:54:35,84.984131,-24.818489,nan
2024-06-13T14:54:35,84.984161,-24.818686,nan
2024-06-13T14:54:34,84.984200,-24.818878,nan
2024-06-13T14:54:34,84.984230,-24.819065,nan
2024-06-13T14:54:33,84.984261,-24.819248,nan
2024-06-13T14:54:33,84.984299,-24.819429,nan
2024-06-13T14:54:32,84.984329,-24.819609,nan
2024-06-13T14:54:32,84.984360,-24.819790,nan
2024-06-13T14:54:31,84.984398,-24.819969,nan
2024-06-13T14:54:31,84.984428,-24.820148,nan
2024-06-13T14:54:30,84.984467,-24.820330,nan
2024-06-13T14:54:30,84.984497,-24.820515,nan
2024-06-13T14:54:29,84.984535,-24.820698,nan
2024-06-13T14:54:29,84.984566,-24.820887,nan
2024-06-13T14:54:28,84.984604,-24.821077,nan
2024-06-13T14:54:28,84.984634,-24.821264,nan
2024-06-13T14:54:27,84.984673,-24.821453,nan
2024-06-13T14:54:27,84.984703,-24.821644,nan
2024-06-13T14:54:26,84.984741,-24.821827,nan
2024-06-13T14:54:26,84.984772,-24.822008,nan
2024-06-13T14:54:25,84.984802,-24.822186,nan
2024-06-13T14:54:25,84.984833,-24.822357,nan
2024-06-13T14:54:24,84.984871,-24.822521,nan
2024-06-13T14:54:24,84.984901,-24.822678,nan
2024-06-13T14:54:23,84.984932,-24.822830,nan
2024-06-13T14:54:23,84.984970,-24.822981,nan
2024-06-13T14:54:22,84.985001,-24.823132,nan
2024-06-13T14:54:22,84.985039,-24.823284,nan
2024-06-13T14:54:21,84.985069,-24.823441,nan
2024-06-13T14:54:21,84.985107,-24.823603,nan
2024-06-13T14:54:20,84.985146,-24.823767,nan
2024-06-13T14:54:20,84.985176,-24.823931,nan
2024-06-13T14:54:19,84.985214,-24.824089,nan
2024-06-13T14:54:19,84.985245,-24.824247,nan
2024-06-13T14:54:18,84.985275,-24.824402,nan
2024-06-13T14:54:18,84.985313,-24.824553,nan
2024-06-13T14:54:17,84.985344,-24.824697,nan
2024-06-13T14:54:17,84.985374,-24.824842,nan
2024-06-13T14:54:16,84.985413,-24.824987,nan
2024-06-13T14:54:16,84.985443,-24.825138,nan
2024-06-13T14:54:15,84.985481,-24.825298,nan
2024-06-13T14:54:15,84.985512,-24.825478,nan
2024-06-13T14:54:14,84.985550,-24.825672,nan
2024-06-13T14:54:14,84.985588,-24.825888,nan
2024-06-13T14:54:13,84.985619,-24.826118,nan
2024-06-13T14:54:13,84.985657,-24.826357,nan
2024-06-13T14:54:12,84.985687,-24.826603,nan
2024-06-13T14:54:12,84.985725,-24.826853,nan
2024-06-13T14:54:11,84.985756,-24.827108,nan
2024-06-13T14:54:11,84.985794,-24.827362,nan
2024-06-13T14:54:10,84.985825,-24.827620,nan
2024-06-13T14:54:10,84.985863,-24.827877,nan
2024-06-13T14:54:09,84.985901,-24.828140,nan
2024-06-13T14:54:09,84.985939,-24.828415,nan
2024-06-13T14:54:08,84.985970,-24.828697,nan
2024-06-13T14:54:08,84.986008,-24.828997,nan
2024-06-13T14:54:07,84.986046,-24.829309,nan
2024-06-13T14:54:07,84.986084,-24.829622,nan
2024-06-13T14:54:06,84.986122,-24.829939,nan
2024-06-13T14:54:06,84.986153,-24.830256,nan
2024-06-13T14:54:05,84.986191,-24.830568,nan
2024-06-13T14:54:05,84.986221,-24.830877,nan
2024-06-13T14:54:04,84.986259,-24.831186,nan
2024-06-13T14:54:04,84.986298,-24.831495,nan
2024-06-13T14:54:03,84.986328,-24.831812,nan
2024-06-13T14:54:03,84.986366,-24.832138,nan
2024-06-13T14:54:02,84.986404,-24.832478,nan
2024-06-13T14:54:02,84.986443,-24.832823,nan
2024-06-13T14:54:01,84.986481,-24.833162,nan
2024-06-13T14:54:01,84.986511,-24.833496,nan
2024-06-13T14:54:00,84.986549,-24.833826,nan
2024-06-13T14:54:00,84.986588,-24.834162,nan
2024-06-13T14:53:59,84.986626,-24.834505,nan
2024-06-13T14:53:59,84.986664,-24.834860,nan
2024-06-13T14:53:58,84.986702,-24.835220,nan
2024-06-13T14:53:58,84.986740,-24.835587,nan
2024-06-13T14:53:57,84.986771,-24.835951,nan
2024-06-13T14:53:57,84.986809,-24.836311,nan
2024-06-13T14:53:56,84.986847,-24.836660,nan
2024-06-13T14:53:56,84.986885,-24.837002,nan
2024-06-13T14:53:55,84.986916,-24.837337,nan
2024-06-13T14:53:55,84.986954,-24.837673,nan
2024-06-13T14:53:54,84.986992,-24.838005,nan
2024-06-13T14:53:54,84.987030,-24.838329,nan
2024-06-13T14:53:53,84.987068,-24.838638,nan
2024-06-13T14:53:53,84.987099,-24.838930,nan
2024-06-13T14:53:52,84.987137,-24.839201,nan
2024-06-13T14:53:52,84.987175,-24.839458,nan
2024-06-13T14:53:51,84.987213,-24.839718,nan
2024-06-13T14:53:51,84.987251,-24.839975,nan
2024-06-13T14:53:50,84.987282,-24.840239,nan
2024-06-13T14:53:50,84.987320,-24.840490,nan
2024-06-13T14:53:49,84.987358,-24.840731,nan
2024-06-13T14:53:49,84.987389,-24.840950,nan
2024-06-13T14:53:48,84.987427,-24.841160,nan
2024-06-13T14:53:48,84.987465,-24.841362,nan
2024-06-13T14:53:47,84.987495,-24.841564,nan
2024-06-13T14:53:47,84.987534,-24.841763,nan
2024-06-13T14:53:46,84.987572,-24.841955,nan
2024-06-13T14:53:46,84.987602,-24.842140,nan
2024-06-13T14:53:45,84.987640,-24.842304,nan
2024-06-13T14:53:45,84.987679,-24.842449,nan
2024-06-13T14:53:44,84.987709,-24.842583,nan
2024-06-13T14:53:44,84.987747,-24.842710,nan
2024-06-13T14:53:43,84.987785,-24.842842,nan
2024-06-13T14:53:43,84.987823,-24.842978,nan
2024-06-13T14:53:42,84.987854,-24.843103,nan
2024-06-13T14:53:42,84.987892,-24.843216,nan
2024-06-13T14:53:41,84.987923,-24.843311,nan
2024-06-13T14:53:41,84.987961,-24.843395,nan
2024-06-13T14:53:40,84.987999,-24.843473,nan
2024-06-13T14:53:40,84.988037,-24.843550,nan
2024-06-13T14:53:39,84.988068,-24.843620,nan
2024-06-13T14:53:39,84.988106,-24.843687,nan
2024-06-13T14:53:38,84.988136,-24.843739,nan
2024-06-13T14:53:38,84.988167,-24.843775,nan
2024-06-13T14:53:37,84.988197,-24.843801,nan
2024-06-13T14:53:37,84.988235,-24.843836,nan
2024-06-13T14:53:36,84.988266,-24.843878,nan
2024-06-13T14:53:36,84.988304,-24.843924,nan
2024-06-13T14:53:35,84.988335,-24.843966,nan
2024-06-13T14:53:35,84.988365,-24.843990,nan
2024-06-13T14:53:34,84.988396,-24.844006,nan
2024-06-13T14:53:34,84.988426,-24.844015,nan
2024-06-13T14:53:33,84.988457,-24.844032,nan
2024-06-13T14:53:33,84.988487,-24.844057,nan
2024-06-13T14:53:32,84.988518,-24.844082,nan
2024-06-13T14:53:32,84.988548,-24.844103,nan
2024-06-13T14:53:31,84.988579,-24.844110,nan
2024-06-13T14:53:31,84.988609,-24.844116,nan
2024-06-13T14:53:30,84.988640,-24.844135,nan
2024-06-13T14:53:30,84.988670,-24.844172,nan
2024-06-13T14:53:29,84.988701,-24.844233,nan
2024-06-13T14:53:29,84.988731,-24.844299,nan
2024-06-13T14:53:28,84.988762,-24.844362,nan
2024-06-13T14:53:28,84.988785,-24.844418,nan
2024-06-13T14:53:27,84.988815,-24.844465,nan
2024-06-13T14:53:27,84.988846,-24.844522,nan
2024-06-13T14:53:26,84.988876,-24.844585,nan
2024-06-13T14:53:26,84.988907,-24.844650,nan
2024-06-13T14:53:25,84.988937,-24.844711,nan
2024-06-13T14:53:25,84.988968,-24.844761,nan
2024-06-13T14:53:24,84.988998,-24.844797,nan
2024-06-13T14:53:24,84.989037,-24.844830,nan
2024-06-13T14:53:23,84.989067,-24.844866,nan
2024-06-13T14:53:23,84.989098,-24.844915,nan
2024-06-13T14:53:22,84.989128,-24.844976,nan
2024-06-13T14:53:22,84.989159,-24.845036,nan
2024-06-13T14:53:21,84.989189,-24.845079,nan
2024-06-13T14:53:21,84.989220,-24.845116,nan
2024-06-13T14:53:20,84.989258,-24.845154,nan
2024-06-13T14:53:20,84.989288,-24.845198,nan
2024-06-13T14:53:19,84.989319,-24.845253,nan
2024-06-13T14:53:18,84.989418,-24.845396,nan
2024-06-13T14:53:17,84.989449,-24.845423,nan
2024-06-13T14:53:09,84.989983,-24.845898,nan
2024-06-13T14:53:08,84.990051,-24.845949,nan
2024-06-13T14:53:06,84.990181,-24.846083,nan
2024-06-13T14:53:06,84.990211,-24.846115,nan
2024-06-13T14:53:05,84.990242,-24.846142,nan
2024-06-13T14:53:05,84.990273,-24.846170,nan
2024-06-13T14:53:04,84.990311,-24.846212,nan
2024-06-13T14:53:04,84.990341,-24.846266,nan
2024-06-13T14:53:03,84.990372,-24.846315,nan
2024-06-13T14:53:03,84.990402,-24.846355,nan
2024-06-13T14:53:02,84.990433,-24.846382,nan
2024-06-13T14:53:02,84.990463,-24.846409,nan
2024-06-13T14:53:01,84.990494,-24.846443,nan
2024-06-13T14:53:01,84.990524,-24.846493,nan
2024-06-13T14:53:00,84.990555,-24.846539,nan
2024-06-13T14:53:00,84.990585,-24.846579,nan
2024-06-13T14:52:59,84.990616,-24.846613,nan
2024-06-13T14:52:59,84.990646,-24.846649,nan
2024-06-13T14:52:58,84.990685,-24.846699,nan
2024-06-13T14:52:58,84.990715,-24.846764,nan
2024-06-13T14:52:57,84.990746,-24.846834,nan
2024-06-13T14:52:57,84.990776,-24.846901,nan
2024-06-13T14:52:56,84.990807,-24.846956,nan
2024-06-13T14:52:56,84.990837,-24.847012,nan
2024-06-13T14:52:55,84.990868,-24.847075,nan
2024-06-13T14:52:55,84.990898,-24.847149,nan
2024-06-13T14:52:54,84.990929,-24.847227,nan
2024-06-13T14:52:54,84.990959,-24.847301,nan
2024-06-13T14:52:53,84.990990,-24.847366,nan
2024-06-13T14:52:53,84.991020,-24.847427,nan
2024-06-13T14:52:52,84.991051,-24.847500,nan
2024-06-13T14:52:52,84.991081,-24.847586,nan
2024-06-13T14:52:51,84.991112,-24.847679,nan
2024-06-13T14:52:51,84.991142,-24.847769,nan
2024-06-13T14:52:50,84.991173,-24.847849,nan
2024-06-13T14:52:50,84.991203,-24.847923,nan
2024-06-13T14:52:49,84.991234,-24.848009,nan
2024-06-13T14:52:49,84.991264,-24.848106,nan
2024-06-13T14:52:48,84.991295,-24.848206,nan
2024-06-13T14:52:48,84.991325,-24.848295,nan
2024-06-13T14:52:47,84.991348,-24.848373,nan
2024-06-13T14:52:47,84.991379,-24.848446,nan
2024-06-13T14:52:46,84.991409,-24.848528,nan
2024-06-13T14:52:46,84.991440,-24.848619,nan
2024-06-13T14:52:45,84.991470,-24.848715,nan
2024-06-13T14:52:45,84.991493,-24.848804,nan
2024-06-13T14:52:44,84.991524,-24.848879,nan
2024-06-13T14:52:44,84.991554,-24.848949,nan
2024-06-13T14:52:43,84.991585,-24.849028,nan
2024-06-13T14:52:43,84.991615,-24.849115,nan
2024-06-13T14:52:42,84.991638,-24.849211,nan
2024-06-13T14:52:42,84.991669,-24.849300,nan
2024-06-13T14:52:41,84.991699,-24.849377,nan
2024-06-13T14:52:41,84.991722,-24.849447,nan
2024-06-13T14:52:40,84.991753,-24.849522,nan
2024-06-13T14:52:40,84.991783,-24.849606,nan
2024-06-13T14:52:39,84.991814,-24.849691,nan
2024-06-13T14:52:39,84.991837,-24.849768,nan
2024-06-13T14:52:38,84.991867,-24.849829,nan
2024-06-13T14:52:38,84.991890,-24.849890,nan
2024-06-13T14:52:37,84.991920,-24.849957,nan
2024-06-13T14:52:37,84.991951,-24.850039,nan
2024-06-13T14:52:36,84.991982,-24.850124,nan
2024-06-13T14:52:36,84.992004,-24.850206,nan
2024-06-13T14:52:35,84.992027,-24.850283,nan
2024-06-13T14:52:35,84.992058,-24.850365,nan
2024-06-13T14:52:34,84.992081,-24.850456,nan
2024-06-13T14:52:34,84.992111,-24.850567,nan
2024-06-13T14:52:33,84.992134,-24.850677,nan
2024-06-13T14:52:33,84.992165,-24.850782,nan
2024-06-13T14:52:32,84.992188,-24.850878,nan
2024-06-13T14:52:32,84.992210,-24.850973,nan
2024-06-13T14:52:31,84.992241,-24.851078,nan
2024-06-13T14:52:31,84.992264,-24.851192,nan
2024-06-13T14:52:30,84.992294,-24.851303,nan
2024-06-13T14:52:30,84.992317,-24.851406,nan
2024-06-13T14:52:29,84.992348,-24.851501,nan
2024-06-13T14:52:29,84.992371,-24.851601,nan
2024-06-13T14:52:28,84.992401,-24.851713,nan
2024-06-13T14:52:28,84.992424,-24.851833,nan
2024-06-13T14:52:27,84.992455,-24.851948,nan
2024-06-13T14:52:27,84.992477,-24.852051,nan
2024-06-13T14:52:26,84.992508,-24.852146,nan
2024-06-13T14:52:26,84.992531,-24.852245,nan
2024-06-13T14:52:25,84.992561,-24.852354,nan
2024-06-13T14:52:25,84.992592,-24.852468,nan
2024-06-13T14:52:24,84.992615,-24.852573,nan
2024-06-13T14:52:24,84.992645,-24.852665,nan
2024-06-13T14:52:23,84.992676,-24.852753,nan
2024-06-13T14:52:23,84.992699,-24.852846,nan
2024-06-13T14:52:22,84.992729,-24.852951,nan
2024-06-13T14:52:22,84.992760,-24.853050,nan
2024-06-13T14:52:21,84.992783,-24.853142,nan
2024-06-13T14:52:21,84.992813,-24.853222,nan
2024-06-13T14:52:20,84.992836,-24.853304,nan
2024-06-13T14:52:20,84.992867,-24.853395,nan
2024-06-13T14:52:19,84.992897,-24.853500,nan
2024-06-13T14:52:19,84.992920,-24.853601,nan
2024-06-13T14:52:18,84.992950,-24.853697,nan
2024-06-13T14:52:18,84.992973,-24.853785,nan
2024-06-13T14:52:17,84.993004,-24.853880,nan
2024-06-13T14:52:17,84.993027,-24.853989,nan
2024-06-13T14:52:16,84.993057,-24.854101,nan
2024-06-13T14:52:16,84.993080,-24.854204,nan
2024-06-13T14:52:15,84.993103,-24.854296,nan
2024-06-13T14:52:15,84.993134,-24.854383,nan
2024-06-13T14:52:14,84.993156,-24.854477,nan
2024-06-13T14:52:14,84.993179,-24.854582,nan
2024-06-13T14:52:13,84.993210,-24.854685,nan
2024-06-13T14:52:13,84.993233,-24.854774,nan
2024-06-13T14:52:12,84.993263,-24.854849,nan
2024-06-13T14:52:12,84.993286,-24.854918,nan
2024-06-13T14:52:11,84.993317,-24.854994,nan
2024-06-13T14:52:11,84.993340,-24.855080,nan
2024-06-13T14:52:10,84.993370,-24.855162,nan
2024-06-13T14:52:10,84.993393,-24.855232,nan
2024-06-13T14:52:09,84.993423,-24.855291,nan
2024-06-13T14:52:09,84.993446,-24.855352,nan
2024-06-13T14:52:08,84.993477,-24.855425,nan
2024-06-13T14:52:08,84.993500,-24.855499,nan
2024-06-13T14:52:07,84.993523,-24.855568,nan
2024-06-13T14:52:07,84.993553,-24.855623,nan
2024-06-13T14:52:06,84.993576,-24.855680,nan
2024-06-13T14:52:06,84.993599,-24.855747,nan
2024-06-13T14:52:05,84.993629,-24.855829,nan
2024-06-13T14:52:05,84.993652,-24.855907,nan
2024-06-13T14:52:04,84.993675,-24.855972,nan
2024-06-13T14:52:04,84.993706,-24.856030,nan
2024-06-13T14:52:03,84.993729,-24.856085,nan
2024-06-13T14:52:03,84.993759,-24.856152,nan
2024-06-13T14:52:02,84.993782,-24.856228,nan
2024-06-13T14:52:02,84.993813,-24.856298,nan
2024-06-13T14:52:01,84.993835,-24.856363,nan
2024-06-13T14:52:01,84.993858,-24.856424,nan
2024-06-13T14:52:00,84.993889,-24.856499,nan
2024-06-13T14:52:00,84.993912,-24.856585,nan
2024-06-13T14:51:59,84.993935,-24.856670,nan
2024-06-13T14:51:59,84.993958,-24.856750,nan
2024-06-13T14:51:58,84.993988,-24.856821,nan
2024-06-13T14:51:58,84.994011,-24.856901,nan
2024-06-13T14:51:57,84.994041,-24.856993,nan
2024-06-13T14:51:57,84.994064,-24.857092,nan
2024-06-13T14:51:56,84.994087,-24.857185,nan
2024-06-13T14:51:56,84.994110,-24.857271,nan
2024-06-13T14:51:55,84.994133,-24.857359,nan
2024-06-13T14:51:55,84.994164,-24.857458,nan
2024-06-13T14:51:54,84.994186,-24.857573,nan
2024-06-13T14:51:54,84.994209,-24.857683,nan
2024-06-13T14:51:53,84.994232,-24.857784,nan
2024-06-13T14:51:53,84.994255,-24.857878,nan
2024-06-13T14:51:52,84.994278,-24.857977,nan
2024-06-13T14:51:52,84.994301,-24.858089,nan
2024-06-13T14:51:51,84.994324,-24.858204,nan
2024-06-13T14:51:51,84.994347,-24.858313,nan
2024-06-13T14:51:50,84.994370,-24.858412,nan
2024-06-13T14:51:50,84.994400,-24.858515,nan
2024-06-13T14:51:49,84.994423,-24.858627,nan
2024-06-13T14:51:49,84.994446,-24.858746,nan
2024-06-13T14:51:48,84.994469,-24.858858,nan
2024-06-13T14:51:48,84.994492,-24.858955,nan
2024-06-13T14:51:47,84.994514,-24.859051,nan
2024-06-13T14:51:47,84.994537,-24.859154,nan
2024-06-13T14:51:46,84.994560,-24.859264,nan
2024-06-13T14:51:46,84.994583,-24.859367,nan
2024-06-13T14:51:45,84.994606,-24.859461,nan
2024-06-13T14:51:45,84.994629,-24.859552,nan
2024-06-13T14:51:44,84.994652,-24.859659,nan
2024-06-13T14:51:44,84.994675,-24.859779,nan
2024-06-13T14:51:43,84.994698,-24.859900,nan
2024-06-13T14:51:43,84.994713,-24.860010,nan
2024-06-13T14:51:42,84.994736,-24.860117,nan
2024-06-13T14:51:42,84.994759,-24.860226,nan
2024-06-13T14:51:41,84.994781,-24.860348,nan
2024-06-13T14:51:41,84.994804,-24.860479,nan
2024-06-13T14:51:40,84.994827,-24.860607,nan
2024-06-13T14:51:40,84.994850,-24.860727,nan
2024-06-13T14:51:39,84.994873,-24.860840,nan
2024-06-13T14:51:39,84.994896,-24.860960,nan
2024-06-13T14:51:38,84.994919,-24.861090,nan
2024-06-13T14:51:38,84.994942,-24.861216,nan
2024-06-13T14:51:37,84.994965,-24.861326,nan
2024-06-13T14:51:37,84.994987,-24.861425,nan
2024-06-13T14:51:36,84.995010,-24.861528,nan
2024-06-13T14:51:36,84.995033,-24.861641,nan
2024-06-13T14:51:35,84.995056,-24.861750,nan
2024-06-13T14:51:35,84.995079,-24.861841,nan
2024-06-13T14:51:34,84.995102,-24.861925,nan
2024-06-13T14:51:34,84.995125,-24.862013,nan
2024-06-13T14:51:33,84.995148,-24.862112,nan
2024-06-13T14:51:33,84.995171,-24.862213,nan
2024-06-13T14:51:32,84.995193,-24.862305,nan
2024-06-13T14:51:32,84.995209,-24.862383,nan
2024-06-13T14:51:31,84.995232,-24.862453,nan
2024-06-13T14:51:31,84.995262,-24.862534,nan
2024-06-13T14:51:30,84.995285,-24.862621,nan
2024-06-13T14:51:30,84.995308,-24.862703,nan
2024-06-13T14:51:29,84.995331,-24.862770,nan
2024-06-13T14:51:29,84.995354,-24.862835,nan
2024-06-13T14:51:28,84.995377,-24.862904,nan
2024-06-13T14:51:28,84.995399,-24.862986,nan
2024-06-13T14:51:27,84.995422,-24.863068,nan
2024-06-13T14:51:27,84.995445,-24.863140,nan
2024-06-13T14:51:26,84.995476,-24.863205,nan
2024-06-13T14:51:26,84.995499,-24.863274,nan
2024-06-13T14:51:25,84.995522,-24.863356,nan
2024-06-13T14:51:25,84.995544,-24.863443,nan
2024-06-13T14:51:24,84.995567,-24.863522,nan
2024-06-13T14:51:24,84.995590,-24.863592,nan
2024-06-13T14:51:23,84.995621,-24.863672,nan
2024-06-13T14:51:23,84.995644,-24.863768,nan
2024-06-13T14:51:22,84.995667,-24.863867,nan
2024-06-13T14:51:22,84.995689,-24.863958,nan
2024-06-13T14:51:21,84.995712,-24.864042,nan
2024-06-13T14:51:21,84.995735,-24.864140,nan
2024-06-13T14:51:20,84.995766,-24.864246,nan
2024-06-13T14:51:20,84.995789,-24.864359,nan
2024-06-13T14:51:19,84.995811,-24.864462,nan
2024-06-13T14:51:19,84.995834,-24.864561,nan
2024-06-13T14:51:18,84.995857,-24.864672,nan
2024-06-13T14:51:18,84.995888,-24.864796,nan
2024-06-13T14:51:17,84.995911,-24.864918,nan
2024-06-13T14:51:17,84.995934,-24.865026,nan
2024-06-13T14:51:16,84.995956,-24.865133,nan
2024-06-13T14:51:16,84.995987,-24.865248,nan
2024-06-13T14:51:15,84.996010,-24.865376,nan
2024-06-13T14:51:15,84.996040,-24.865507,nan
2024-06-13T14:51:14,84.996063,-24.865635,nan
2024-06-13T14:51:14,84.996086,-24.865751,nan
2024-06-13T14:51:13,84.996109,-24.865868,nan
2024-06-13T14:51:13,84.996140,-24.865997,nan
2024-06-13T14:51:12,84.996162,-24.866135,nan
2024-06-13T14:51:12,84.996185,-24.866264,nan
2024-06-13T14:51:11,84.996216,-24.866383,nan
2024-06-13T14:51:11,84.996239,-24.866501,nan
2024-06-13T14:51:10,84.996262,-24.866631,nan
2024-06-13T14:51:10,84.996292,-24.866768,nan
2024-06-13T14:51:09,84.996315,-24.866894,nan
2024-06-13T14:51:09,84.996338,-24.867010,nan
2024-06-13T14:51:08,84.996361,-24.867125,nan
2024-06-13T14:51:08,84.996391,-24.867250,nan
2024-06-13T14:51:07,84.996414,-24.867376,nan
2024-06-13T14:51:07,84.996437,-24.867489,nan
2024-06-13T14:51:06,84.996460,-24.867586,nan
2024-06-13T14:51:06,84.996483,-24.867682,nan
2024-06-13T14:51:05,84.996506,-24.867786,nan
2024-06-13T14:51:05,84.996529,-24.867895,nan
2024-06-13T14:51:04,84.996552,-24.867996,nan
2024-06-13T14:51:04,84.996574,-24.868080,nan
2024-06-13T14:51:03,84.996597,-24.868166,nan
2024-06-13T14:51:03,84.996628,-24.868263,nan
2024-06-13T14:51:02,84.996651,-24.868370,nan
2024-06-13T14:51:02,84.996674,-24.868473,nan
2024-06-13T14:51:01,84.996696,-24.868565,nan
2024-06-13T14:51:01,84.996727,-24.868654,nan
2024-06-13T14:51:00,84.996750,-24.868757,nan
2024-06-13T14:51:00,84.996773,-24.868864,nan
2024-06-13T14:50:59,84.996796,-24.868963,nan
2024-06-13T14:50:59,84.996826,-24.869059,nan
2024-06-13T14:50:58,84.996849,-24.869158,nan
2024-06-13T14:50:58,84.996872,-24.869270,nan
2024-06-13T14:50:57,84.996895,-24.869387,nan
2024-06-13T14:50:57,84.996918,-24.869490,nan
2024-06-13T14:50:56,84.996948,-24.869591,nan
2024-06-13T14:50:56,84.996971,-24.869703,nan
2024-06-13T14:50:55,84.996994,-24.869827,nan
2024-06-13T14:50:55,84.997017,-24.869949,nan
2024-06-13T14:50:54,84.997040,-24.870062,nan
2024-06-13T14:50:54,84.997070,-24.870169,nan
2024-06-13T14:50:53,84.997093,-24.870289,nan
2024-06-13T14:50:53,84.997116,-24.870419,nan
2024-06-13T14:50:52,84.997139,-24.870543,nan
2024-06-13T14:50:52,84.997162,-24.870661,nan
2024-06-13T14:50:51,84.997185,-24.870777,nan
2024-06-13T14:50:51,84.997215,-24.870911,nan
2024-06-13T14:50:50,84.997238,-24.871046,nan
2024-06-13T14:50:50,84.997261,-24.871170,nan
2024-06-13T14:50:49,84.997284,-24.871288,nan
2024-06-13T14:50:49,84.997307,-24.871410,nan
2024-06-13T14:50:48,84.997337,-24.871544,nan
2024-06-13T14:50:48,84.997360,-24.871677,nan
2024-06-13T14:50:47,84.997383,-24.871807,nan
2024-06-13T14:50:47,84.997406,-24.871927,nan
2024-06-13T14:50:46,84.997437,-24.872057,nan
2024-06-13T14:50:46,84.997459,-24.872194,nan
2024-06-13T14:50:45,84.997482,-24.872326,nan
2024-06-13T14:50:45,84.997505,-24.872446,nan
2024-06-13T14:50:44,84.997536,-24.872568,nan
2024-06-13T14:50:44,84.997559,-24.872702,nan
2024-06-13T14:50:43,84.997589,-24.872841,nan
2024-06-13T14:50:43,84.997612,-24.872969,nan
2024-06-13T14:50:42,84.997643,-24.873091,nan
2024-06-13T14:50:42,84.997665,-24.873220,nan
2024-06-13T14:50:41,84.997696,-24.873367,nan
2024-06-13T14:50:41,84.997719,-24.873518,nan
2024-06-13T14:50:40,84.997749,-24.873661,nan
2024-06-13T14:50:40,84.997772,-24.873796,nan
2024-06-13T14:50:39,84.997803,-24.873938,nan
2024-06-13T14:50:39,84.997833,-24.874092,nan
2024-06-13T14:50:38,84.997864,-24.874249,nan
2024-06-13T14:50:38,84.997887,-24.874393,nan
2024-06-13T14:50:37,84.997917,-24.874537,nan
2024-06-13T14:50:37,84.997948,-24.874693,nan
2024-06-13T14:50:36,84.997978,-24.874859,nan
2024-06-13T14:50:36,84.998009,-24.875017,nan
2024-06-13T14:50:35,84.998039,-24.875168,nan
2024-06-13T14:50:35,84.998062,-24.875315,nan
2024-06-13T14:50:34,84.998093,-24.875471,nan
2024-06-13T14:50:34,84.998123,-24.875635,nan
2024-06-13T14:50:33,84.998154,-24.875790,nan
2024-06-13T14:50:33,84.998184,-24.875935,nan
2024-06-13T14:50:32,84.998215,-24.876085,nan
2024-06-13T14:50:32,84.998245,-24.876249,nan
2024-06-13T14:50:31,84.998276,-24.876419,nan
2024-06-13T14:50:31,84.998306,-24.876577,nan
2024-06-13T14:50:30,84.998367,-24.876884,nan
2024-06-13T14:50:29,84.998398,-24.877054,nan
2024-06-13T14:50:29,84.998428,-24.877224,nan
2024-06-13T14:50:28,84.998459,-24.877380,nan
2024-06-13T14:50:28,84.998489,-24.877533,nan
2024-06-13T14:50:27,84.998520,-24.877695,nan
2024-06-13T14:50:27,84.998550,-24.877869,nan
2024-06-13T14:50:26,84.998581,-24.878042,nan
2024-06-13T14:50:26,84.998611,-24.878206,nan
2024-06-13T14:50:25,84.998642,-24.878372,nan
2024-06-13T14:50:25,84.998672,-24.878553,nan
2024-06-13T14:50:24,84.998703,-24.878736,nan
2024-06-13T14:50:24,84.998734,-24.878920,nan
2024-06-13T14:50:23,84.998764,-24.879097,nan
2024-06-13T14:50:23,84.998795,-24.879280,nan
2024-06-13T14:50:22,84.998833,-24.879477,nan
2024-06-13T14:50:22,84.998856,-24.879675,nan
2024-06-13T14:50:21,84.998894,-24.879860,nan
2024-06-13T14:50:21,84.998924,-24.880041,nan
2024-06-13T14:50:20,84.998955,-24.880232,nan
2024-06-13T14:50:20,84.998985,-24.880428,nan
2024-06-13T14:50:19,84.999016,-24.880617,nan
2024-06-13T14:50:19,84.999046,-24.880800,nan
2024-06-13T14:50:18,84.999084,-24.880983,nan
2024-06-13T14:50:18,84.999115,-24.881182,nan
2024-06-13T14:50:17,84.999153,-24.881376,nan
2024-06-13T14:50:17,84.999184,-24.881559,nan
2024-06-13T14:50:16,84.999214,-24.881741,nan
2024-06-13T14:50:16,84.999252,-24.881931,nan
2024-06-13T14:50:15,84.999283,-24.882132,nan
2024-06-13T14:50:15,84.999321,-24.882322,nan
2024-06-13T14:50:14,84.999352,-24.882505,nan
2024-06-13T14:50:14,84.999390,-24.882687,nan
2024-06-13T14:50:13,84.999420,-24.882874,nan
2024-06-13T14:50:13,84.999458,-24.883060,nan
2024-06-13T14:50:12,84.999489,-24.883232,nan
2024-06-13T14:50:12,84.999527,-24.883396,nan
2024-06-13T14:50:11,84.999557,-24.883568,nan
2024-06-13T14:50:11,84.999596,-24.883743,nan
2024-06-13T14:50:10,84.999626,-24.883907,nan
2024-06-13T14:50:10,84.999664,-24.884056,nan
2024-06-13T14:50:09,84.999695,-24.884211,nan
2024-06-13T14:50:09,84.999733,-24.884371,nan
2024-06-13T14:50:08,84.999763,-24.884527,nan
2024-06-13T14:50:08,84.999802,-24.884674,nan
2024-06-13T14:50:07,84.999832,-24.884827,nan
2024-06-13T14:50:07,84.999870,-24.884993,nan
2024-06-13T14:50:06,84.999901,-24.885159,nan
2024-06-13T14:50:06,84.999931,-24.885315,nan
2024-06-13T14:50:05,84.999962,-24.885471,nan
2024-06-13T14:50:05,85.000000,-24.885639,nan
