datetime,lat,lon,elev
2024-06-05T15:52:01,82.840935,-17.005257,nan
2024-06-05T15:52:01,82.840927,-17.005239,nan
2024-06-05T15:52:00,82.840927,-17.005224,nan
2024-06-05T15:52:00,82.840919,-17.005211,nan
2024-06-05T15:51:59,82.840919,-17.005201,nan
2024-06-05T15:51:59,82.840912,-17.005190,nan
2024-06-05T15:51:58,82.840912,-17.005180,nan
2024-06-05T15:51:58,82.840904,-17.005177,nan
2024-06-05T15:51:57,82.840904,-17.005171,nan
2024-06-05T15:51:57,82.840897,-17.005161,nan
2024-06-05T15:51:56,82.840897,-17.005154,nan
2024-06-05T15:51:56,82.840889,-17.005150,nan
2024-06-05T15:51:55,82.840881,-17.005148,nan
2024-06-05T15:51:55,82.840881,-17.005146,nan
2024-06-05T15:51:54,82.840874,-17.005148,nan
2024-06-05T15:51:54,82.840874,-17.005148,nan
2024-06-05T15:51:53,82.840866,-17.005154,nan
2024-06-05T15:51:53,82.840858,-17.005156,nan
2024-06-05T15:51:52,82.840858,-17.005161,nan
2024-06-05T15:51:52,82.840851,-17.005173,nan
2024-06-05T15:51:51,82.840843,-17.005186,nan
2024-06-05T15:51:51,82.840836,-17.005205,nan
2024-06-05T15:51:50,82.840828,-17.005230,nan
2024-06-05T15:51:50,82.840820,-17.005253,nan
2024-06-05T15:51:49,82.840813,-17.005278,nan
2024-06-05T15:51:49,82.840805,-17.005297,nan
2024-06-05T15:51:48,82.840797,-17.005316,nan
2024-06-05T15:51:48,82.840790,-17.005333,nan
2024-06-05T15:51:47,82.840782,-17.005348,nan
2024-06-05T15:51:47,82.840775,-17.005365,nan
2024-06-05T15:51:46,82.840759,-17.005381,nan
2024-06-05T15:51:46,82.840752,-17.005396,nan
2024-06-05T15:51:45,82.840744,-17.005411,nan
2024-06-05T15:51:45,82.840736,-17.005428,nan
2024-06-05T15:51:44,82.840729,-17.005447,nan
2024-06-05T15:51:44,82.840721,-17.005466,nan
2024-06-05T15:51:43,82.840698,-17.005508,nan
2024-06-05T15:51:42,82.840691,-17.005529,nan
2024-06-05T15:51:41,82.840675,-17.005583,nan
2024-06-05T15:51:41,82.840668,-17.005611,nan
2024-06-05T15:51:40,82.840652,-17.005646,nan
2024-06-05T15:51:40,82.840652,-17.005674,nan
2024-06-05T15:51:39,82.840637,-17.005705,nan
2024-06-05T15:51:39,82.840637,-17.005737,nan
2024-06-05T15:51:38,82.840630,-17.005766,nan
2024-06-05T15:51:38,82.840622,-17.005793,nan
2024-06-05T15:51:37,82.840614,-17.005816,nan
2024-06-05T15:51:37,82.840614,-17.005838,nan
2024-06-05T15:51:36,82.840607,-17.005859,nan
2024-06-05T15:51:36,82.840607,-17.005880,nan
2024-06-05T15:51:35,82.840599,-17.005896,nan
2024-06-05T15:51:35,82.840591,-17.005907,nan
2024-06-05T15:51:34,82.840591,-17.005919,nan
2024-06-05T15:51:34,82.840584,-17.005932,nan
2024-06-05T15:51:33,82.840584,-17.005947,nan
2024-06-05T15:51:33,82.840576,-17.005966,nan
2024-06-05T15:51:32,82.840576,-17.005985,nan
2024-06-05T15:51:31,82.840569,-17.006029,nan
2024-06-05T15:51:31,82.840561,-17.006052,nan
2024-06-05T15:51:30,82.840561,-17.006069,nan
2024-06-05T15:51:30,82.840561,-17.006083,nan
2024-06-05T15:51:29,82.840553,-17.006092,nan
2024-06-05T15:51:29,82.840553,-17.006096,nan
2024-06-05T15:51:28,82.840553,-17.006094,nan
2024-06-05T15:51:28,82.840553,-17.006090,nan
2024-06-05T15:51:27,82.840546,-17.006084,nan
2024-06-05T15:51:27,82.840546,-17.006073,nan
2024-06-05T15:51:26,82.840546,-17.006062,nan
2024-06-05T15:51:26,82.840546,-17.006044,nan
2024-06-05T15:51:25,82.840546,-17.006027,nan
2024-06-05T15:51:25,82.840546,-17.006012,nan
2024-06-05T15:51:24,82.840546,-17.005995,nan
2024-06-05T15:51:24,82.840546,-17.005978,nan
2024-06-05T15:51:23,82.840546,-17.005960,nan
2024-06-05T15:51:23,82.840553,-17.005945,nan
2024-06-05T15:51:22,82.840553,-17.005936,nan
2024-06-05T15:51:22,82.840553,-17.005930,nan
2024-06-05T15:51:21,82.840553,-17.005928,nan
2024-06-05T15:51:21,82.840561,-17.005926,nan
2024-06-05T15:51:20,82.840561,-17.005928,nan
2024-06-05T15:51:20,82.840561,-17.005930,nan
2024-06-05T15:51:19,82.840569,-17.005930,nan
2024-06-05T15:51:18,82.840569,-17.005930,nan
2024-06-05T15:51:18,82.840569,-17.005926,nan
2024-06-05T15:51:17,82.840576,-17.005919,nan
2024-06-05T15:51:17,82.840576,-17.005911,nan
2024-06-05T15:51:16,82.840576,-17.005898,nan
2024-06-05T15:51:16,82.840576,-17.005880,nan
2024-06-05T15:51:15,82.840576,-17.005861,nan
2024-06-05T15:51:15,82.840576,-17.005840,nan
2024-06-05T15:51:14,82.840576,-17.005817,nan
2024-06-05T15:51:14,82.840576,-17.005795,nan
2024-06-05T15:51:13,82.840576,-17.005770,nan
2024-06-05T15:51:13,82.840576,-17.005739,nan
2024-06-05T15:51:12,82.840576,-17.005659,nan
2024-06-05T15:51:11,82.840576,-17.005611,nan
2024-06-05T15:51:10,82.840569,-17.005520,nan
2024-06-05T15:51:10,82.840569,-17.005480,nan
2024-06-05T15:51:09,82.840561,-17.005445,nan
2024-06-05T15:51:09,82.840561,-17.005419,nan
2024-06-05T15:51:08,82.840561,-17.005396,nan
2024-06-05T15:51:08,82.840561,-17.005373,nan
2024-06-05T15:51:07,82.840553,-17.005358,nan
2024-06-05T15:51:07,82.840553,-17.005344,nan
2024-06-05T15:51:06,82.840553,-17.005337,nan
2024-06-05T15:51:06,82.840553,-17.005331,nan
2024-06-05T15:51:05,82.840553,-17.005327,nan
2024-06-05T15:51:05,82.840553,-17.005323,nan
2024-06-05T15:51:04,82.840553,-17.005320,nan
2024-06-05T15:51:04,82.840553,-17.005316,nan
2024-06-05T15:51:03,82.840553,-17.005310,nan
2024-06-05T15:51:03,82.840553,-17.005304,nan
2024-06-05T15:51:02,82.840553,-17.005297,nan
2024-06-05T15:51:02,82.840553,-17.005283,nan
2024-06-05T15:51:01,82.840553,-17.005264,nan
2024-06-05T15:51:01,82.840561,-17.005241,nan
2024-06-05T15:51:00,82.840561,-17.005215,nan
2024-06-05T15:51:00,82.840561,-17.005188,nan
2024-06-05T15:50:59,82.840561,-17.005163,nan
2024-06-05T15:50:59,82.840561,-17.005140,nan
2024-06-05T15:50:58,82.840561,-17.005121,nan
2024-06-05T15:50:58,82.840569,-17.005104,nan
2024-06-05T15:50:57,82.840569,-17.005091,nan
2024-06-05T15:50:57,82.840569,-17.005077,nan
2024-06-05T15:50:56,82.840569,-17.005066,nan
2024-06-05T15:50:56,82.840569,-17.005053,nan
2024-06-05T15:50:55,82.840569,-17.005039,nan
2024-06-05T15:50:55,82.840569,-17.005028,nan
2024-06-05T15:50:54,82.840576,-17.005014,nan
2024-06-05T15:50:54,82.840576,-17.004999,nan
2024-06-05T15:50:53,82.840576,-17.004982,nan
2024-06-05T15:50:53,82.840576,-17.004965,nan
2024-06-05T15:50:52,82.840576,-17.004948,nan
2024-06-05T15:50:52,82.840576,-17.004929,nan
2024-06-05T15:50:51,82.840576,-17.004910,nan
2024-06-05T15:50:51,82.840576,-17.004892,nan
2024-06-05T15:50:50,82.840576,-17.004877,nan
2024-06-05T15:50:50,82.840569,-17.004866,nan
2024-06-05T15:50:49,82.840569,-17.004856,nan
2024-06-05T15:50:49,82.840561,-17.004852,nan
2024-06-05T15:50:48,82.840561,-17.004854,nan
2024-06-05T15:50:48,82.840553,-17.004860,nan
2024-06-05T15:50:47,82.840546,-17.004869,nan
2024-06-05T15:50:47,82.840538,-17.004883,nan
2024-06-05T15:50:46,82.840530,-17.004904,nan
2024-06-05T15:50:46,82.840515,-17.004927,nan
2024-06-05T15:50:45,82.840508,-17.004951,nan
2024-06-05T15:50:45,82.840500,-17.004976,nan
2024-06-05T15:50:44,82.840492,-17.005005,nan
2024-06-05T15:50:44,82.840485,-17.005033,nan
2024-06-05T15:50:43,82.840477,-17.005058,nan
2024-06-05T15:50:43,82.840462,-17.005083,nan
2024-06-05T15:50:42,82.840454,-17.005108,nan
2024-06-05T15:50:42,82.840446,-17.005133,nan
2024-06-05T15:50:41,82.840439,-17.005157,nan
2024-06-05T15:50:41,82.840431,-17.005182,nan
2024-06-05T15:50:40,82.840424,-17.005205,nan
2024-06-05T15:50:40,82.840408,-17.005230,nan
2024-06-05T15:50:39,82.840401,-17.005257,nan
2024-06-05T15:50:39,82.840393,-17.005280,nan
2024-06-05T15:50:38,82.840385,-17.005304,nan
2024-06-05T15:50:38,82.840378,-17.005327,nan
2024-06-05T15:50:37,82.840370,-17.005346,nan
2024-06-05T15:50:37,82.840355,-17.005365,nan
2024-06-05T15:50:36,82.840347,-17.005381,nan
2024-06-05T15:50:36,82.840340,-17.005394,nan
2024-06-05T15:50:35,82.840324,-17.005405,nan
2024-06-05T15:50:35,82.840317,-17.005417,nan
2024-06-05T15:50:34,82.840302,-17.005424,nan
2024-06-05T15:50:34,82.840294,-17.005428,nan
2024-06-05T15:50:33,82.840286,-17.005430,nan
2024-06-05T15:50:33,82.840271,-17.005432,nan
2024-06-05T15:50:32,82.840263,-17.005432,nan
2024-06-05T15:50:31,82.840240,-17.005436,nan
2024-06-05T15:50:31,82.840225,-17.005440,nan
2024-06-05T15:50:30,82.840218,-17.005447,nan
2024-06-05T15:50:30,82.840202,-17.005453,nan
2024-06-05T15:50:29,82.840187,-17.005461,nan
2024-06-05T15:50:29,82.840172,-17.005466,nan
2024-06-05T15:50:28,82.840157,-17.005470,nan
2024-06-05T15:50:28,82.840141,-17.005480,nan
2024-06-05T15:50:27,82.840126,-17.005493,nan
2024-06-05T15:50:27,82.840111,-17.005510,nan
2024-06-05T15:50:26,82.840096,-17.005539,nan
2024-06-05T15:50:26,82.840080,-17.005573,nan
2024-06-05T15:50:25,82.840065,-17.005613,nan
2024-06-05T15:50:25,82.840042,-17.005657,nan
2024-06-05T15:50:24,82.840027,-17.005703,nan
2024-06-05T15:50:24,82.840012,-17.005753,nan
2024-06-05T15:50:23,82.839996,-17.005802,nan
2024-06-05T15:50:23,82.839981,-17.005852,nan
2024-06-05T15:50:22,82.839958,-17.005901,nan
2024-06-05T15:50:22,82.839943,-17.005945,nan
2024-06-05T15:50:21,82.839928,-17.005987,nan
2024-06-05T15:50:21,82.839912,-17.006023,nan
2024-06-05T15:50:20,82.839890,-17.006056,nan
2024-06-05T15:50:20,82.839874,-17.006086,nan
2024-06-05T15:50:19,82.839851,-17.006117,nan
2024-06-05T15:50:19,82.839836,-17.006144,nan
2024-06-05T15:50:18,82.839821,-17.006168,nan
2024-06-05T15:50:18,82.839798,-17.006191,nan
2024-06-05T15:50:17,82.839783,-17.006210,nan
2024-06-05T15:50:17,82.839760,-17.006231,nan
2024-06-05T15:50:16,82.839745,-17.006252,nan
2024-06-05T15:50:16,82.839729,-17.006269,nan
2024-06-05T15:50:15,82.839706,-17.006287,nan
2024-06-05T15:50:15,82.839691,-17.006304,nan
2024-06-05T15:50:14,82.839668,-17.006317,nan
2024-06-05T15:50:14,82.839653,-17.006330,nan
2024-06-05T15:50:13,82.839638,-17.006344,nan
2024-06-05T15:50:13,82.839615,-17.006355,nan
2024-06-05T15:50:12,82.839600,-17.006365,nan
2024-06-05T15:50:12,82.839584,-17.006372,nan
2024-06-05T15:50:11,82.839561,-17.006376,nan
2024-06-05T15:50:11,82.839546,-17.006376,nan
2024-06-05T15:50:10,82.839531,-17.006376,nan
2024-06-05T15:50:10,82.839516,-17.006378,nan
2024-06-05T15:50:09,82.839493,-17.006384,nan
2024-06-05T15:50:09,82.839478,-17.006392,nan
2024-06-05T15:50:08,82.839462,-17.006397,nan
2024-06-05T15:50:08,82.839439,-17.006405,nan
2024-06-05T15:50:07,82.839424,-17.006411,nan
2024-06-05T15:50:07,82.839401,-17.006420,nan
2024-06-05T15:50:06,82.839386,-17.006430,nan
2024-06-05T15:50:06,82.839371,-17.006441,nan
2024-06-05T15:50:05,82.839348,-17.006453,nan
2024-06-05T15:50:05,82.839333,-17.006462,nan
2024-06-05T15:50:04,82.839310,-17.006472,nan
2024-06-05T15:50:04,82.839294,-17.006479,nan
2024-06-05T15:50:03,82.839272,-17.006485,nan
2024-06-05T15:50:03,82.839256,-17.006491,nan
2024-06-05T15:50:02,82.839233,-17.006496,nan
2024-06-05T15:50:02,82.839211,-17.006500,nan
2024-06-05T15:50:01,82.839195,-17.006504,nan
2024-06-05T15:50:00,82.839157,-17.006516,nan
2024-06-05T15:50:00,82.839134,-17.006521,nan
2024-06-05T15:49:59,82.839111,-17.006525,nan
2024-06-05T15:49:59,82.839096,-17.006529,nan
2024-06-05T15:49:58,82.839073,-17.006529,nan
2024-06-05T15:49:58,82.839050,-17.006529,nan
2024-06-05T15:49:57,82.839027,-17.006527,nan
2024-06-05T15:49:57,82.839012,-17.006523,nan
2024-06-05T15:49:56,82.838989,-17.006514,nan
2024-06-05T15:49:56,82.838966,-17.006504,nan
2024-06-05T15:49:55,82.838943,-17.006491,nan
2024-06-05T15:49:55,82.838921,-17.006474,nan
2024-06-05T15:49:54,82.838898,-17.006454,nan
2024-06-05T15:49:54,82.838875,-17.006432,nan
2024-06-05T15:49:53,82.838829,-17.006376,nan
2024-06-05T15:49:52,82.838806,-17.006344,nan
2024-06-05T15:49:52,82.838776,-17.006308,nan
2024-06-05T15:49:51,82.838753,-17.006269,nan
2024-06-05T15:49:51,82.838730,-17.006231,nan
2024-06-05T15:49:50,82.838707,-17.006191,nan
2024-06-05T15:49:50,82.838684,-17.006149,nan
2024-06-05T15:49:49,82.838661,-17.006107,nan
2024-06-05T15:49:49,82.838638,-17.006067,nan
2024-06-05T15:49:48,82.838615,-17.006029,nan
2024-06-05T15:49:48,82.838593,-17.005989,nan
2024-06-05T15:49:47,82.838570,-17.005955,nan
2024-06-05T15:49:47,82.838547,-17.005919,nan
2024-06-05T15:49:46,82.838516,-17.005886,nan
2024-06-05T15:49:46,82.838493,-17.005856,nan
2024-06-05T15:49:45,82.838470,-17.005827,nan
2024-06-05T15:49:45,82.838448,-17.005796,nan
2024-06-05T15:49:44,82.838425,-17.005768,nan
2024-06-05T15:49:44,82.838402,-17.005743,nan
2024-06-05T15:49:43,82.838379,-17.005720,nan
2024-06-05T15:49:43,82.838356,-17.005701,nan
2024-06-05T15:49:42,82.838333,-17.005684,nan
2024-06-05T15:49:42,82.838310,-17.005669,nan
2024-06-05T15:49:41,82.838287,-17.005657,nan
2024-06-05T15:49:41,82.838264,-17.005650,nan
2024-06-05T15:49:40,82.838242,-17.005644,nan
2024-06-05T15:49:40,82.838219,-17.005638,nan
2024-06-05T15:49:39,82.838196,-17.005634,nan
2024-06-05T15:49:39,82.838173,-17.005634,nan
2024-06-05T15:49:38,82.838150,-17.005634,nan
2024-06-05T15:49:38,82.838127,-17.005636,nan
2024-06-05T15:49:37,82.838112,-17.005638,nan
2024-06-05T15:49:37,82.838089,-17.005638,nan
2024-06-05T15:49:36,82.838066,-17.005634,nan
2024-06-05T15:49:36,82.838043,-17.005629,nan
2024-06-05T15:49:35,82.838028,-17.005619,nan
2024-06-05T15:49:35,82.838005,-17.005606,nan
2024-06-05T15:49:34,82.837982,-17.005592,nan
2024-06-05T15:49:34,82.837959,-17.005575,nan
2024-06-05T15:49:33,82.837944,-17.005558,nan
2024-06-05T15:49:33,82.837921,-17.005535,nan
2024-06-05T15:49:32,82.837898,-17.005510,nan
2024-06-05T15:49:32,82.837875,-17.005484,nan
2024-06-05T15:49:31,82.837852,-17.005453,nan
2024-06-05T15:49:31,82.837837,-17.005423,nan
2024-06-05T15:49:30,82.837814,-17.005388,nan
2024-06-05T15:49:30,82.837791,-17.005360,nan
2024-06-05T15:49:29,82.837769,-17.005333,nan
2024-06-05T15:49:29,82.837746,-17.005310,nan
2024-06-05T15:49:28,82.837723,-17.005299,nan
2024-06-05T15:49:28,82.837700,-17.005289,nan
2024-06-05T15:49:27,82.837677,-17.005289,nan
2024-06-05T15:49:27,82.837654,-17.005297,nan
2024-06-05T15:49:26,82.837639,-17.005304,nan
2024-06-05T15:49:26,82.837616,-17.005316,nan
2024-06-05T15:49:25,82.837593,-17.005333,nan
2024-06-05T15:49:25,82.837570,-17.005354,nan
2024-06-05T15:49:24,82.837547,-17.005377,nan
2024-06-05T15:49:24,82.837532,-17.005405,nan
2024-06-05T15:49:23,82.837509,-17.005442,nan
2024-06-05T15:49:23,82.837486,-17.005482,nan
2024-06-05T15:49:22,82.837471,-17.005524,nan
2024-06-05T15:49:22,82.837448,-17.005568,nan
2024-06-05T15:49:21,82.837433,-17.005615,nan
2024-06-05T15:49:21,82.837410,-17.005665,nan
2024-06-05T15:49:20,82.837395,-17.005718,nan
2024-06-05T15:49:20,82.837372,-17.005772,nan
2024-06-05T15:49:19,82.837357,-17.005829,nan
2024-06-05T15:49:19,82.837334,-17.005884,nan
2024-06-05T15:49:18,82.837318,-17.005939,nan
2024-06-05T15:49:18,82.837303,-17.005995,nan
2024-06-05T15:49:16,82.837250,-17.006147,nan
2024-06-05T15:49:16,82.837234,-17.006193,nan
2024-06-05T15:49:15,82.837212,-17.006239,nan
2024-06-05T15:49:15,82.837196,-17.006281,nan
2024-06-05T15:49:14,82.837181,-17.006317,nan
2024-06-05T15:49:14,82.837166,-17.006353,nan
2024-06-05T15:49:13,82.837143,-17.006386,nan
2024-06-05T15:49:13,82.837128,-17.006413,nan
2024-06-05T15:49:12,82.837112,-17.006439,nan
2024-06-05T15:49:12,82.837097,-17.006462,nan
2024-06-05T15:49:11,82.837074,-17.006487,nan
2024-06-05T15:49:11,82.837059,-17.006508,nan
2024-06-05T15:49:10,82.837044,-17.006529,nan
2024-06-05T15:49:10,82.837029,-17.006546,nan
2024-06-05T15:49:09,82.837013,-17.006563,nan
2024-06-05T15:49:09,82.836998,-17.006582,nan
2024-06-05T15:49:08,82.836983,-17.006598,nan
2024-06-05T15:49:08,82.836967,-17.006617,nan
2024-06-05T15:49:07,82.836952,-17.006634,nan
2024-06-05T15:49:07,82.836937,-17.006657,nan
2024-06-05T15:49:06,82.836922,-17.006680,nan
2024-06-05T15:49:06,82.836906,-17.006706,nan
2024-06-05T15:49:05,82.836899,-17.006733,nan
2024-06-05T15:49:05,82.836884,-17.006760,nan
2024-06-05T15:49:04,82.836868,-17.006790,nan
2024-06-05T15:49:04,82.836853,-17.006823,nan
2024-06-05T15:49:03,82.836838,-17.006859,nan
2024-06-05T15:49:03,82.836830,-17.006895,nan
2024-06-05T15:49:02,82.836815,-17.006931,nan
2024-06-05T15:49:02,82.836800,-17.006969,nan
2024-06-05T15:49:01,82.836777,-17.007048,nan
2024-06-05T15:49:00,82.836761,-17.007088,nan
2024-06-05T15:48:59,82.836731,-17.007177,nan
2024-06-05T15:48:59,82.836716,-17.007227,nan
2024-06-05T15:48:58,82.836700,-17.007278,nan
2024-06-05T15:48:58,82.836685,-17.007332,nan
2024-06-05T15:48:57,82.836670,-17.007383,nan
2024-06-05T15:48:57,82.836655,-17.007437,nan
2024-06-05T15:48:56,82.836639,-17.007486,nan
2024-06-05T15:48:56,82.836624,-17.007538,nan
2024-06-05T15:48:55,82.836609,-17.007586,nan
2024-06-05T15:48:55,82.836594,-17.007631,nan
2024-06-05T15:48:54,82.836571,-17.007675,nan
2024-06-05T15:48:54,82.836555,-17.007721,nan
2024-06-05T15:48:53,82.836540,-17.007765,nan
2024-06-05T15:48:53,82.836517,-17.007807,nan
2024-06-05T15:48:52,82.836502,-17.007845,nan
2024-06-05T15:48:52,82.836487,-17.007887,nan
2024-06-05T15:48:51,82.836464,-17.007919,nan
2024-06-05T15:48:51,82.836449,-17.007956,nan
2024-06-05T15:48:50,82.836433,-17.007986,nan
2024-06-05T15:48:50,82.836411,-17.008024,nan
2024-06-05T15:48:49,82.836395,-17.008060,nan
2024-06-05T15:48:49,82.836380,-17.008099,nan
2024-06-05T15:48:48,82.836357,-17.008141,nan
2024-06-05T15:48:48,82.836342,-17.008186,nan
2024-06-05T15:48:47,82.836327,-17.008232,nan
2024-06-05T15:48:47,82.836304,-17.008282,nan
2024-06-05T15:48:46,82.836288,-17.008327,nan
2024-06-05T15:48:46,82.836273,-17.008373,nan
2024-06-05T15:48:45,82.836258,-17.008417,nan
2024-06-05T15:48:45,82.836235,-17.008463,nan
2024-06-05T15:48:44,82.836220,-17.008507,nan
2024-06-05T15:48:44,82.836205,-17.008553,nan
2024-06-05T15:48:43,82.836182,-17.008598,nan
2024-06-05T15:48:43,82.836166,-17.008650,nan
2024-06-05T15:48:42,82.836151,-17.008699,nan
2024-06-05T15:48:42,82.836128,-17.008757,nan
2024-06-05T15:48:41,82.836113,-17.008814,nan
2024-06-05T15:48:41,82.836098,-17.008871,nan
2024-06-05T15:48:40,82.836075,-17.008928,nan
2024-06-05T15:48:40,82.836060,-17.008984,nan
2024-06-05T15:48:39,82.836044,-17.009039,nan
2024-06-05T15:48:39,82.836029,-17.009090,nan
2024-06-05T15:48:38,82.836014,-17.009138,nan
2024-06-05T15:48:38,82.835991,-17.009186,nan
2024-06-05T15:48:37,82.835976,-17.009235,nan
2024-06-05T15:48:37,82.835960,-17.009285,nan
2024-06-05T15:48:36,82.835938,-17.009331,nan
2024-06-05T15:48:35,82.835899,-17.009418,nan
2024-06-05T15:48:35,82.835884,-17.009460,nan
2024-06-05T15:48:34,82.835861,-17.009502,nan
2024-06-05T15:48:34,82.835846,-17.009541,nan
2024-06-05T15:48:33,82.835831,-17.009579,nan
2024-06-05T15:48:33,82.835808,-17.009617,nan
2024-06-05T15:48:32,82.835793,-17.009653,nan
2024-06-05T15:48:32,82.835770,-17.009687,nan
2024-06-05T15:48:31,82.835754,-17.009722,nan
2024-06-05T15:48:31,82.835732,-17.009756,nan
2024-06-05T15:48:30,82.835716,-17.009792,nan
2024-06-05T15:48:30,82.835693,-17.009830,nan
2024-06-05T15:48:29,82.835670,-17.009872,nan
2024-06-05T15:48:29,82.835655,-17.009920,nan
2024-06-05T15:48:28,82.835617,-17.010019,nan
2024-06-05T15:48:27,82.835594,-17.010071,nan
2024-06-05T15:48:27,82.835579,-17.010124,nan
2024-06-05T15:48:26,82.835556,-17.010176,nan
2024-06-05T15:48:26,82.835541,-17.010225,nan
2024-06-05T15:48:25,82.835518,-17.010271,nan
2024-06-05T15:48:25,82.835495,-17.010317,nan
2024-06-05T15:48:24,82.835480,-17.010361,nan
2024-06-05T15:48:24,82.835457,-17.010406,nan
2024-06-05T15:48:23,82.835434,-17.010450,nan
2024-06-05T15:48:23,82.835419,-17.010496,nan
2024-06-05T15:48:22,82.835396,-17.010542,nan
2024-06-05T15:48:22,82.835381,-17.010586,nan
2024-06-05T15:48:21,82.835358,-17.010624,nan
2024-06-05T15:48:21,82.835335,-17.010654,nan
2024-06-05T15:48:20,82.835320,-17.010674,nan
2024-06-05T15:48:20,82.835304,-17.010679,nan
2024-06-05T15:48:19,82.835281,-17.010668,nan
2024-06-05T15:48:19,82.835266,-17.010632,nan
2024-06-05T15:48:18,82.835243,-17.010481,nan
2024-06-05T15:48:17,82.835228,-17.010378,nan
2024-06-05T15:48:17,82.835213,-17.010263,nan
2024-06-05T15:48:16,82.835205,-17.010145,nan
2024-06-05T15:48:16,82.835197,-17.010027,nan
2024-06-05T15:48:15,82.835182,-17.009912,nan
2024-06-05T15:48:15,82.835175,-17.009800,nan
2024-06-05T15:48:14,82.835167,-17.009686,nan
2024-06-05T15:48:14,82.835159,-17.009575,nan
2024-06-05T15:48:13,82.835144,-17.009464,nan
2024-06-05T15:48:13,82.835136,-17.009356,nan
2024-06-05T15:48:12,82.835129,-17.009253,nan
2024-06-05T15:48:12,82.835114,-17.009155,nan
2024-06-05T15:48:11,82.835106,-17.009066,nan
2024-06-05T15:48:11,82.835091,-17.008984,nan
2024-06-05T15:48:10,82.835083,-17.008907,nan
2024-06-05T15:48:10,82.835068,-17.008837,nan
2024-06-05T15:48:09,82.835060,-17.008768,nan
2024-06-05T15:48:09,82.835045,-17.008701,nan
2024-06-05T15:48:08,82.835037,-17.008640,nan
2024-06-05T15:48:08,82.835022,-17.008581,nan
2024-06-05T15:48:07,82.835014,-17.008528,nan
2024-06-05T15:48:07,82.834999,-17.008482,nan
2024-06-05T15:48:06,82.834991,-17.008442,nan
2024-06-05T15:48:06,82.834976,-17.008404,nan
2024-06-05T15:48:05,82.834961,-17.008369,nan
2024-06-05T15:48:05,82.834946,-17.008343,nan
2024-06-05T15:48:04,82.834938,-17.008320,nan
2024-06-05T15:48:04,82.834923,-17.008301,nan
2024-06-05T15:48:03,82.834908,-17.008286,nan
2024-06-05T15:48:03,82.834892,-17.008278,nan
2024-06-05T15:48:02,82.834877,-17.008272,nan
2024-06-05T15:48:02,82.834862,-17.008272,nan
2024-06-05T15:48:01,82.834846,-17.008272,nan
2024-06-05T15:48:01,82.834831,-17.008272,nan
2024-06-05T15:48:00,82.834816,-17.008274,nan
2024-06-05T15:48:00,82.834801,-17.008280,nan
2024-06-05T15:47:59,82.834778,-17.008287,nan
2024-06-05T15:47:58,82.834747,-17.008312,nan
2024-06-05T15:47:58,82.834724,-17.008329,nan
2024-06-05T15:47:57,82.834686,-17.008366,nan
2024-06-05T15:47:56,82.834663,-17.008385,nan
2024-06-05T15:47:56,82.834648,-17.008404,nan
2024-06-05T15:47:55,82.834625,-17.008417,nan
2024-06-05T15:47:55,82.834602,-17.008430,nan
2024-06-05T15:47:54,82.834587,-17.008440,nan
2024-06-05T15:47:54,82.834564,-17.008450,nan
2024-06-05T15:47:53,82.834549,-17.008455,nan
2024-06-05T15:47:53,82.834526,-17.008459,nan
2024-06-05T15:47:52,82.834503,-17.008459,nan
2024-06-05T15:47:52,82.834488,-17.008457,nan
2024-06-05T15:47:51,82.834465,-17.008455,nan
2024-06-05T15:47:51,82.834450,-17.008448,nan
2024-06-05T15:47:50,82.834427,-17.008440,nan
2024-06-05T15:47:50,82.834404,-17.008432,nan
2024-06-05T15:47:49,82.834389,-17.008421,nan
2024-06-05T15:47:49,82.834366,-17.008410,nan
2024-06-05T15:47:48,82.834351,-17.008398,nan
2024-06-05T15:47:48,82.834328,-17.008385,nan
2024-06-05T15:47:47,82.834305,-17.008369,nan
2024-06-05T15:47:47,82.834290,-17.008354,nan
2024-06-05T15:47:46,82.834267,-17.008339,nan
2024-06-05T15:47:46,82.834251,-17.008322,nan
2024-06-05T15:47:45,82.834229,-17.008303,nan
2024-06-05T15:47:45,82.834213,-17.008284,nan
2024-06-05T15:47:44,82.834190,-17.008263,nan
2024-06-05T15:47:44,82.834175,-17.008242,nan
2024-06-05T15:47:43,82.834152,-17.008221,nan
2024-06-05T15:47:43,82.834137,-17.008200,nan
2024-06-05T15:47:42,82.834114,-17.008179,nan
2024-06-05T15:47:42,82.834099,-17.008158,nan
2024-06-05T15:47:41,82.834084,-17.008135,nan
2024-06-05T15:47:41,82.834061,-17.008112,nan
2024-06-05T15:47:40,82.834045,-17.008087,nan
2024-06-05T15:47:40,82.834030,-17.008064,nan
2024-06-05T15:47:39,82.834007,-17.008041,nan
2024-06-05T15:47:39,82.833992,-17.008017,nan
2024-06-05T15:47:38,82.833977,-17.007992,nan
2024-06-05T15:47:38,82.833961,-17.007967,nan
2024-06-05T15:47:37,82.833939,-17.007942,nan
2024-06-05T15:47:37,82.833923,-17.007919,nan
2024-06-05T15:47:36,82.833908,-17.007896,nan
2024-06-05T15:47:36,82.833893,-17.007874,nan
2024-06-05T15:47:35,82.833870,-17.007849,nan
2024-06-05T15:47:35,82.833855,-17.007822,nan
2024-06-05T15:47:34,82.833839,-17.007797,nan
2024-06-05T15:47:34,82.833817,-17.007769,nan
2024-06-05T15:47:33,82.833801,-17.007742,nan
2024-06-05T15:47:33,82.833786,-17.007713,nan
2024-06-05T15:47:32,82.833771,-17.007683,nan
2024-06-05T15:47:32,82.833755,-17.007648,nan
2024-06-05T15:47:31,82.833733,-17.007610,nan
2024-06-05T15:47:31,82.833717,-17.007574,nan
2024-06-05T15:47:30,82.833702,-17.007536,nan
2024-06-05T15:47:30,82.833687,-17.007498,nan
2024-06-05T15:47:29,82.833672,-17.007460,nan
2024-06-05T15:47:29,82.833649,-17.007421,nan
2024-06-05T15:47:28,82.833633,-17.007383,nan
2024-06-05T15:47:28,82.833618,-17.007347,nan
2024-06-05T15:47:27,82.833603,-17.007313,nan
2024-06-05T15:47:27,82.833588,-17.007275,nan
2024-06-05T15:47:26,82.833565,-17.007240,nan
2024-06-05T15:47:26,82.833549,-17.007204,nan
2024-06-05T15:47:25,82.833534,-17.007170,nan
2024-06-05T15:47:25,82.833511,-17.007132,nan
2024-06-05T15:47:24,82.833496,-17.007093,nan
2024-06-05T15:47:24,82.833481,-17.007057,nan
2024-06-05T15:47:23,82.833458,-17.007021,nan
2024-06-05T15:47:23,82.833443,-17.006985,nan
2024-06-05T15:47:22,82.833427,-17.006948,nan
2024-06-05T15:47:22,82.833405,-17.006910,nan
2024-06-05T15:47:21,82.833389,-17.006870,nan
2024-06-05T15:47:21,82.833374,-17.006828,nan
2024-06-05T15:47:20,82.833351,-17.006784,nan
2024-06-05T15:47:20,82.833336,-17.006741,nan
2024-06-05T15:47:19,82.833321,-17.006693,nan
2024-06-05T15:47:19,82.833298,-17.006645,nan
2024-06-05T15:47:18,82.833260,-17.006544,nan
2024-06-05T15:47:17,82.833244,-17.006489,nan
2024-06-05T15:47:17,82.833229,-17.006432,nan
2024-06-05T15:47:16,82.833206,-17.006376,nan
2024-06-05T15:47:16,82.833191,-17.006317,nan
2024-06-05T15:47:15,82.833176,-17.006262,nan
2024-06-05T15:47:15,82.833153,-17.006201,nan
2024-06-05T15:47:14,82.833138,-17.006142,nan
2024-06-05T15:47:14,82.833122,-17.006083,nan
2024-06-05T15:47:13,82.833099,-17.006023,nan
2024-06-05T15:47:13,82.833084,-17.005964,nan
2024-06-05T15:47:12,82.833069,-17.005905,nan
2024-06-05T15:47:12,82.833054,-17.005842,nan
2024-06-05T15:47:11,82.833038,-17.005779,nan
2024-06-05T15:47:11,82.833015,-17.005716,nan
2024-06-05T15:47:10,82.833000,-17.005651,nan
2024-06-05T15:47:10,82.832985,-17.005587,nan
2024-06-05T15:47:09,82.832970,-17.005520,nan
2024-06-05T15:47:09,82.832954,-17.005455,nan
2024-06-05T15:47:08,82.832932,-17.005388,nan
2024-06-05T15:47:08,82.832916,-17.005325,nan
2024-06-05T15:47:07,82.832901,-17.005259,nan
2024-06-05T15:47:07,82.832886,-17.005194,nan
2024-06-05T15:47:06,82.832870,-17.005129,nan
2024-06-05T15:47:06,82.832848,-17.005062,nan
2024-06-05T15:47:05,82.832832,-17.004997,nan
2024-06-05T15:47:05,82.832817,-17.004936,nan
2024-06-05T15:47:04,82.832802,-17.004875,nan
2024-06-05T15:47:04,82.832787,-17.004814,nan
2024-06-05T15:47:02,82.832733,-17.004644,nan
2024-06-05T15:47:02,82.832718,-17.004587,nan
2024-06-05T15:47:01,82.832703,-17.004532,nan
2024-06-05T15:47:01,82.832687,-17.004477,nan
2024-06-05T15:47:00,82.832672,-17.004423,nan
2024-06-05T15:47:00,82.832657,-17.004370,nan
2024-06-05T15:46:59,82.832642,-17.004314,nan
2024-06-05T15:46:59,82.832626,-17.004259,nan
2024-06-05T15:46:58,82.832611,-17.004206,nan
2024-06-05T15:46:58,82.832596,-17.004147,nan
2024-06-05T15:46:57,82.832581,-17.004086,nan
2024-06-05T15:46:57,82.832565,-17.004023,nan
2024-06-05T15:46:56,82.832558,-17.003956,nan
2024-06-05T15:46:56,82.832542,-17.003883,nan
2024-06-05T15:46:55,82.832535,-17.003811,nan
2024-06-05T15:46:55,82.832527,-17.003733,nan
2024-06-05T15:46:54,82.832520,-17.003654,nan
2024-06-05T15:46:54,82.832512,-17.003574,nan
2024-06-05T15:46:53,82.832504,-17.003490,nan
2024-06-05T15:46:53,82.832497,-17.003403,nan
2024-06-05T15:46:52,82.832489,-17.003309,nan
2024-06-05T15:46:52,82.832481,-17.003212,nan
2024-06-05T15:46:51,82.832474,-17.003111,nan
2024-06-05T15:46:51,82.832466,-17.003004,nan
2024-06-05T15:46:50,82.832458,-17.002897,nan
2024-06-05T15:46:50,82.832451,-17.002789,nan
2024-06-05T15:46:49,82.832443,-17.002678,nan
2024-06-05T15:46:49,82.832443,-17.002565,nan
2024-06-05T15:46:48,82.832436,-17.002457,nan
2024-06-05T15:46:48,82.832428,-17.002344,nan
2024-06-05T15:46:47,82.832420,-17.002232,nan
2024-06-05T15:46:47,82.832413,-17.002117,nan
2024-06-05T15:46:46,82.832397,-17.002003,nan
2024-06-05T15:46:46,82.832390,-17.001886,nan
2024-06-05T15:46:45,82.832382,-17.001770,nan
2024-06-05T15:46:45,82.832375,-17.001654,nan
2024-06-05T15:46:44,82.832367,-17.001534,nan
2024-06-05T15:46:44,82.832359,-17.001415,nan
2024-06-05T15:46:43,82.832352,-17.001297,nan
2024-06-05T15:46:43,82.832336,-17.001179,nan
2024-06-05T15:46:42,82.832336,-17.001059,nan
2024-06-05T15:46:42,82.832329,-17.000944,nan
2024-06-05T15:46:41,82.832321,-17.000828,nan
2024-06-05T15:46:41,82.832314,-17.000713,nan
2024-06-05T15:46:40,82.832306,-17.000599,nan
2024-06-05T15:46:40,82.832306,-17.000481,nan
2024-06-05T15:46:39,82.832298,-17.000362,nan
2024-06-05T15:46:39,82.832298,-17.000244,nan
2024-06-05T15:46:38,82.832298,-17.000124,nan
2024-06-05T15:46:38,82.832291,-17.000006,nan
2024-06-05T15:46:37,82.832291,-16.999886,nan
2024-06-05T15:46:37,82.832291,-16.999763,nan
2024-06-05T15:46:36,82.832283,-16.999641,nan
2024-06-05T15:46:36,82.832283,-16.999519,nan
2024-06-05T15:46:35,82.832283,-16.999397,nan
2024-06-05T15:46:35,82.832283,-16.999273,nan
2024-06-05T15:46:34,82.832275,-16.999149,nan
2024-06-05T15:46:34,82.832275,-16.999025,nan
2024-06-05T15:46:33,82.832275,-16.998901,nan
2024-06-05T15:46:33,82.832275,-16.998777,nan
2024-06-05T15:46:32,82.832268,-16.998652,nan
2024-06-05T15:46:32,82.832268,-16.998526,nan
2024-06-05T15:46:31,82.832268,-16.998400,nan
2024-06-05T15:46:31,82.832268,-16.998274,nan
2024-06-05T15:46:30,82.832268,-16.998146,nan
2024-06-05T15:46:30,82.832268,-16.998020,nan
2024-06-05T15:46:29,82.832268,-16.997896,nan
2024-06-05T15:46:29,82.832268,-16.997772,nan
2024-06-05T15:46:28,82.832268,-16.997650,nan
2024-06-05T15:46:28,82.832260,-16.997528,nan
2024-06-05T15:46:27,82.832260,-16.997402,nan
2024-06-05T15:46:27,82.832260,-16.997278,nan
2024-06-05T15:46:26,82.832260,-16.997156,nan
2024-06-05T15:46:26,82.832253,-16.997038,nan
2024-06-05T15:46:25,82.832253,-16.996920,nan
2024-06-05T15:46:25,82.832253,-16.996803,nan
2024-06-05T15:46:24,82.832253,-16.996689,nan
2024-06-05T15:46:24,82.832253,-16.996574,nan
2024-06-05T15:46:23,82.832245,-16.996462,nan
2024-06-05T15:46:23,82.832245,-16.996349,nan
2024-06-05T15:46:22,82.832245,-16.996239,nan
2024-06-05T15:46:22,82.832245,-16.996128,nan
2024-06-05T15:46:21,82.832245,-16.996021,nan
2024-06-05T15:46:21,82.832245,-16.995913,nan
2024-06-05T15:46:20,82.832237,-16.995804,nan
2024-06-05T15:46:20,82.832237,-16.995693,nan
2024-06-05T15:46:19,82.832237,-16.995584,nan
2024-06-05T15:46:19,82.832237,-16.995476,nan
2024-06-05T15:46:18,82.832237,-16.995373,nan
2024-06-05T15:46:18,82.832237,-16.995272,nan
2024-06-05T15:46:17,82.832230,-16.995174,nan
2024-06-05T15:46:17,82.832230,-16.995081,nan
2024-06-05T15:46:16,82.832230,-16.994989,nan
2024-06-05T15:46:16,82.832230,-16.994900,nan
2024-06-05T15:46:15,82.832222,-16.994814,nan
2024-06-05T15:46:15,82.832222,-16.994728,nan
2024-06-05T15:46:14,82.832222,-16.994646,nan
2024-06-05T15:46:14,82.832222,-16.994568,nan
2024-06-05T15:46:13,82.832214,-16.994490,nan
2024-06-05T15:46:13,82.832214,-16.994413,nan
2024-06-05T15:46:12,82.832214,-16.994337,nan
2024-06-05T15:46:12,82.832214,-16.994265,nan
2024-06-05T15:46:11,82.832214,-16.994190,nan
2024-06-05T15:46:11,82.832214,-16.994118,nan
2024-06-05T15:46:10,82.832214,-16.994043,nan
2024-06-05T15:46:10,82.832214,-16.993967,nan
2024-06-05T15:46:09,82.832214,-16.993889,nan
2024-06-05T15:46:09,82.832214,-16.993811,nan
2024-06-05T15:46:08,82.832222,-16.993732,nan
2024-06-05T15:46:08,82.832222,-16.993656,nan
2024-06-05T15:46:07,82.832222,-16.993580,nan
2024-06-05T15:46:07,82.832230,-16.993502,nan
2024-06-05T15:46:06,82.832230,-16.993425,nan
2024-06-05T15:46:06,82.832237,-16.993349,nan
2024-06-05T15:46:05,82.832237,-16.993273,nan
2024-06-05T15:46:05,82.832245,-16.993195,nan
2024-06-05T15:46:04,82.832253,-16.993118,nan
2024-06-05T15:46:04,82.832253,-16.993044,nan
2024-06-05T15:46:03,82.832260,-16.992966,nan
2024-06-05T15:46:03,82.832260,-16.992891,nan
2024-06-05T15:46:02,82.832268,-16.992817,nan
2024-06-05T15:46:02,82.832268,-16.992739,nan
2024-06-05T15:46:01,82.832275,-16.992657,nan
2024-06-05T15:46:01,82.832275,-16.992573,nan
2024-06-05T15:46:00,82.832283,-16.992485,nan
2024-06-05T15:46:00,82.832283,-16.992395,nan
2024-06-05T15:45:59,82.832291,-16.992304,nan
2024-06-05T15:45:59,82.832291,-16.992210,nan
2024-06-05T15:45:58,82.832291,-16.992119,nan
2024-06-05T15:45:58,82.832291,-16.992027,nan
2024-06-05T15:45:57,82.832298,-16.991940,nan
2024-06-05T15:45:57,82.832298,-16.991858,nan
2024-06-05T15:45:56,82.832291,-16.991779,nan
2024-06-05T15:45:56,82.832291,-16.991701,nan
2024-06-05T15:45:55,82.832291,-16.991625,nan
2024-06-05T15:45:55,82.832291,-16.991552,nan
2024-06-05T15:45:54,82.832283,-16.991484,nan
2024-06-05T15:45:54,82.832283,-16.991417,nan
2024-06-05T15:45:53,82.832283,-16.991352,nan
2024-06-05T15:45:53,82.832283,-16.991289,nan
2024-06-05T15:45:52,82.832283,-16.991224,nan
2024-06-05T15:45:52,82.832283,-16.991161,nan
2024-06-05T15:45:51,82.832283,-16.991093,nan
2024-06-05T15:45:51,82.832283,-16.991020,nan
2024-06-05T15:45:50,82.832283,-16.990942,nan
2024-06-05T15:45:50,82.832283,-16.990862,nan
2024-06-05T15:45:49,82.832291,-16.990778,nan
2024-06-05T15:45:49,82.832291,-16.990692,nan
2024-06-05T15:45:48,82.832291,-16.990601,nan
2024-06-05T15:45:48,82.832291,-16.990505,nan
2024-06-05T15:45:47,82.832298,-16.990408,nan
2024-06-05T15:45:47,82.832298,-16.990305,nan
2024-06-05T15:45:46,82.832306,-16.990198,nan
2024-06-05T15:45:46,82.832306,-16.990091,nan
2024-06-05T15:45:45,82.832314,-16.989983,nan
2024-06-05T15:45:45,82.832314,-16.989870,nan
2024-06-05T15:45:44,82.832321,-16.989756,nan
2024-06-05T15:45:44,82.832329,-16.989639,nan
2024-06-05T15:45:43,82.832329,-16.989517,nan
2024-06-05T15:45:43,82.832336,-16.989395,nan
2024-06-05T15:45:42,82.832336,-16.989271,nan
2024-06-05T15:45:42,82.832344,-16.989145,nan
2024-06-05T15:45:41,82.832344,-16.989021,nan
2024-06-05T15:45:41,82.832352,-16.988894,nan
2024-06-05T15:45:40,82.832352,-16.988766,nan
2024-06-05T15:45:40,82.832359,-16.988636,nan
2024-06-05T15:45:39,82.832359,-16.988506,nan
2024-06-05T15:45:39,82.832367,-16.988375,nan
2024-06-05T15:45:38,82.832367,-16.988241,nan
2024-06-05T15:45:38,82.832375,-16.988110,nan
2024-06-05T15:45:37,82.832375,-16.987982,nan
2024-06-05T15:45:37,82.832382,-16.987852,nan
2024-06-05T15:45:36,82.832382,-16.987726,nan
2024-06-05T15:45:36,82.832390,-16.987602,nan
2024-06-05T15:45:35,82.832390,-16.987478,nan
2024-06-05T15:45:35,82.832397,-16.987358,nan
2024-06-05T15:45:34,82.832397,-16.987242,nan
2024-06-05T15:45:34,82.832405,-16.987123,nan
2024-06-05T15:45:33,82.832413,-16.987009,nan
2024-06-05T15:45:33,82.832420,-16.986897,nan
2024-06-05T15:45:32,82.832420,-16.986786,nan
2024-06-05T15:45:32,82.832428,-16.986677,nan
2024-06-05T15:45:31,82.832436,-16.986576,nan
2024-06-05T15:45:31,82.832443,-16.986483,nan
2024-06-05T15:45:30,82.832451,-16.986395,nan
2024-06-05T15:45:30,82.832458,-16.986313,nan
2024-06-05T15:45:29,82.832466,-16.986237,nan
2024-06-05T15:45:29,82.832474,-16.986162,nan
2024-06-05T15:45:28,82.832481,-16.986092,nan
2024-06-05T15:45:28,82.832489,-16.986019,nan
2024-06-05T15:45:27,82.832489,-16.985952,nan
2024-06-05T15:45:27,82.832497,-16.985886,nan
2024-06-05T15:45:26,82.832497,-16.985825,nan
2024-06-05T15:45:26,82.832504,-16.985765,nan
2024-06-05T15:45:25,82.832512,-16.985653,nan
2024-06-05T15:45:24,82.832512,-16.985600,nan
2024-06-05T15:45:24,82.832512,-16.985550,nan
2024-06-05T15:45:23,82.832520,-16.985504,nan
2024-06-05T15:45:23,82.832520,-16.985460,nan
2024-06-05T15:45:22,82.832520,-16.985420,nan
2024-06-05T15:45:22,82.832527,-16.985382,nan
2024-06-05T15:45:21,82.832527,-16.985350,nan
2024-06-05T15:45:21,82.832527,-16.985319,nan
2024-06-05T15:45:20,82.832527,-16.985291,nan
2024-06-05T15:45:20,82.832535,-16.985266,nan
2024-06-05T15:45:19,82.832535,-16.985243,nan
2024-06-05T15:45:19,82.832535,-16.985220,nan
2024-06-05T15:45:18,82.832535,-16.985203,nan
2024-06-05T15:45:18,82.832535,-16.985186,nan
2024-06-05T15:45:17,82.832535,-16.985170,nan
2024-06-05T15:45:17,82.832527,-16.985161,nan
2024-06-05T15:45:16,82.832527,-16.985151,nan
2024-06-05T15:45:16,82.832527,-16.985146,nan
2024-06-05T15:45:15,82.832527,-16.985142,nan
2024-06-05T15:45:15,82.832527,-16.985144,nan
2024-06-05T15:45:14,82.832527,-16.985153,nan
2024-06-05T15:45:14,82.832520,-16.985167,nan
2024-06-05T15:45:13,82.832520,-16.985186,nan
2024-06-05T15:45:13,82.832520,-16.985205,nan
2024-06-05T15:45:12,82.832520,-16.985231,nan
2024-06-05T15:45:12,82.832520,-16.985256,nan
2024-06-05T15:45:11,82.832520,-16.985285,nan
2024-06-05T15:45:11,82.832512,-16.985315,nan
2024-06-05T15:45:10,82.832512,-16.985348,nan
2024-06-05T15:45:10,82.832512,-16.985380,nan
2024-06-05T15:45:09,82.832504,-16.985418,nan
2024-06-05T15:45:09,82.832504,-16.985456,nan
2024-06-05T15:45:08,82.832504,-16.985498,nan
2024-06-05T15:45:08,82.832504,-16.985542,nan
2024-06-05T15:45:07,82.832497,-16.985586,nan
2024-06-05T15:45:07,82.832497,-16.985636,nan
2024-06-05T15:45:06,82.832497,-16.985685,nan
2024-06-05T15:45:06,82.832497,-16.985741,nan
2024-06-05T15:45:05,82.832497,-16.985798,nan
2024-06-05T15:45:05,82.832489,-16.985855,nan
2024-06-05T15:45:04,82.832489,-16.985916,nan
2024-06-05T15:45:04,82.832489,-16.985977,nan
2024-06-05T15:45:03,82.832489,-16.986038,nan
2024-06-05T15:45:03,82.832489,-16.986101,nan
2024-06-05T15:45:02,82.832489,-16.986164,nan
2024-06-05T15:45:02,82.832489,-16.986231,nan
2024-06-05T15:45:01,82.832481,-16.986296,nan
2024-06-05T15:45:01,82.832481,-16.986362,nan
2024-06-05T15:45:00,82.832481,-16.986433,nan
2024-06-05T15:45:00,82.832481,-16.986504,nan
2024-06-05T15:44:59,82.832481,-16.986576,nan
2024-06-05T15:44:59,82.832481,-16.986652,nan
2024-06-05T15:44:58,82.832474,-16.986727,nan
2024-06-05T15:44:58,82.832474,-16.986805,nan
2024-06-05T15:44:57,82.832474,-16.986881,nan
2024-06-05T15:44:57,82.832474,-16.986959,nan
2024-06-05T15:44:56,82.832474,-16.987040,nan
2024-06-05T15:44:56,82.832466,-16.987118,nan
2024-06-05T15:44:55,82.832466,-16.987198,nan
2024-06-05T15:44:55,82.832466,-16.987280,nan
2024-06-05T15:44:54,82.832466,-16.987362,nan
2024-06-05T15:44:54,82.832466,-16.987446,nan
2024-06-05T15:44:53,82.832466,-16.987528,nan
2024-06-05T15:44:53,82.832466,-16.987612,nan
2024-06-05T15:44:52,82.832466,-16.987698,nan
2024-06-05T15:44:52,82.832466,-16.987785,nan
2024-06-05T15:44:51,82.832466,-16.987869,nan
2024-06-05T15:44:51,82.832466,-16.987959,nan
2024-06-05T15:44:50,82.832466,-16.988049,nan
2024-06-05T15:44:50,82.832466,-16.988144,nan
2024-06-05T15:44:49,82.832466,-16.988241,nan
2024-06-05T15:44:49,82.832466,-16.988346,nan
2024-06-05T15:44:48,82.832466,-16.988453,nan
2024-06-05T15:44:48,82.832466,-16.988565,nan
2024-06-05T15:44:47,82.832466,-16.988680,nan
2024-06-05T15:44:47,82.832466,-16.988794,nan
2024-06-05T15:44:46,82.832458,-16.988909,nan
2024-06-05T15:44:46,82.832458,-16.989021,nan
2024-06-05T15:44:45,82.832458,-16.989138,nan
2024-06-05T15:44:45,82.832458,-16.989252,nan
2024-06-05T15:44:44,82.832458,-16.989367,nan
2024-06-05T15:44:44,82.832458,-16.989483,nan
2024-06-05T15:44:43,82.832458,-16.989601,nan
2024-06-05T15:44:43,82.832458,-16.989723,nan
2024-06-05T15:44:42,82.832451,-16.989845,nan
2024-06-05T15:44:42,82.832451,-16.989967,nan
2024-06-05T15:44:41,82.832451,-16.990088,nan
2024-06-05T15:44:41,82.832451,-16.990208,nan
2024-06-05T15:44:40,82.832451,-16.990328,nan
2024-06-05T15:44:40,82.832451,-16.990444,nan
2024-06-05T15:44:39,82.832443,-16.990561,nan
2024-06-05T15:44:39,82.832443,-16.990677,nan
2024-06-05T15:44:38,82.832443,-16.990793,nan
2024-06-05T15:44:38,82.832443,-16.990910,nan
2024-06-05T15:44:37,82.832443,-16.991026,nan
2024-06-05T15:44:37,82.832443,-16.991140,nan
2024-06-05T15:44:36,82.832443,-16.991257,nan
2024-06-05T15:44:36,82.832443,-16.991373,nan
2024-06-05T15:44:35,82.832443,-16.991489,nan
2024-06-05T15:44:35,82.832443,-16.991608,nan
2024-06-05T15:44:34,82.832443,-16.991726,nan
2024-06-05T15:44:34,82.832443,-16.991844,nan
2024-06-05T15:44:33,82.832443,-16.991962,nan
2024-06-05T15:44:33,82.832436,-16.992083,nan
2024-06-05T15:44:32,82.832436,-16.992205,nan
2024-06-05T15:44:32,82.832436,-16.992327,nan
2024-06-05T15:44:31,82.832436,-16.992451,nan
2024-06-05T15:44:31,82.832436,-16.992577,nan
2024-06-05T15:44:30,82.832436,-16.992704,nan
2024-06-05T15:44:30,82.832428,-16.992834,nan
2024-06-05T15:44:29,82.832428,-16.992966,nan
2024-06-05T15:44:29,82.832428,-16.993099,nan
2024-06-05T15:44:28,82.832428,-16.993233,nan
2024-06-05T15:44:28,82.832420,-16.993364,nan
2024-06-05T15:44:27,82.832420,-16.993496,nan
2024-06-05T15:44:27,82.832420,-16.993626,nan
2024-06-05T15:44:26,82.832413,-16.993755,nan
2024-06-05T15:44:26,82.832413,-16.993879,nan
2024-06-05T15:44:25,82.832405,-16.994001,nan
2024-06-05T15:44:25,82.832397,-16.994122,nan
2024-06-05T15:44:24,82.832397,-16.994238,nan
2024-06-05T15:44:24,82.832390,-16.994352,nan
2024-06-05T15:44:23,82.832382,-16.994467,nan
2024-06-05T15:44:23,82.832375,-16.994577,nan
2024-06-05T15:44:22,82.832375,-16.994690,nan
2024-06-05T15:44:22,82.832367,-16.994799,nan
2024-06-05T15:44:21,82.832359,-16.994907,nan
2024-06-05T15:44:21,82.832359,-16.995014,nan
2024-06-05T15:44:20,82.832352,-16.995123,nan
2024-06-05T15:44:20,82.832344,-16.995228,nan
2024-06-05T15:44:19,82.832344,-16.995335,nan
2024-06-05T15:44:19,82.832336,-16.995443,nan
2024-06-05T15:44:18,82.832336,-16.995556,nan
2024-06-05T15:44:18,82.832329,-16.995670,nan
2024-06-05T15:44:17,82.832329,-16.995787,nan
2024-06-05T15:44:17,82.832321,-16.995907,nan
2024-06-05T15:44:16,82.832321,-16.996023,nan
2024-06-05T15:44:16,82.832321,-16.996140,nan
2024-06-05T15:44:15,82.832314,-16.996260,nan
2024-06-05T15:44:15,82.832314,-16.996380,nan
2024-06-05T15:44:14,82.832314,-16.996502,nan
2024-06-05T15:44:14,82.832306,-16.996626,nan
2024-06-05T15:44:13,82.832306,-16.996750,nan
2024-06-05T15:44:13,82.832298,-16.996876,nan
2024-06-05T15:44:12,82.832298,-16.997000,nan
2024-06-05T15:44:12,82.832298,-16.997126,nan
2024-06-05T15:44:11,82.832291,-16.997252,nan
2024-06-05T15:44:11,82.832291,-16.997377,nan
2024-06-05T15:44:10,82.832283,-16.997501,nan
2024-06-05T15:44:10,82.832283,-16.997627,nan
2024-06-05T15:44:09,82.832275,-16.997753,nan
2024-06-05T15:44:09,82.832275,-16.997877,nan
2024-06-05T15:44:08,82.832275,-16.997999,nan
2024-06-05T15:44:08,82.832268,-16.998121,nan
2024-06-05T15:44:07,82.832268,-16.998240,nan
2024-06-05T15:44:07,82.832268,-16.998358,nan
2024-06-05T15:44:06,82.832260,-16.998474,nan
2024-06-05T15:44:06,82.832260,-16.998592,nan
2024-06-05T15:44:05,82.832253,-16.998709,nan
2024-06-05T15:44:05,82.832253,-16.998825,nan
2024-06-05T15:44:04,82.832245,-16.998940,nan
2024-06-05T15:44:04,82.832245,-16.999052,nan
2024-06-05T15:44:03,82.832237,-16.999166,nan
2024-06-05T15:44:03,82.832237,-16.999281,nan
2024-06-05T15:44:02,82.832230,-16.999393,nan
2024-06-05T15:44:02,82.832230,-16.999510,nan
2024-06-05T15:44:01,82.832222,-16.999624,nan
2024-06-05T15:44:01,82.832222,-16.999741,nan
2024-06-05T15:44:00,82.832214,-16.999859,nan
2024-06-05T15:44:00,82.832214,-16.999973,nan
2024-06-05T15:43:59,82.832207,-17.000088,nan
2024-06-05T15:43:59,82.832207,-17.000200,nan
2024-06-05T15:43:58,82.832199,-17.000317,nan
2024-06-05T15:43:58,82.832191,-17.000429,nan
2024-06-05T15:43:57,82.832191,-17.000544,nan
2024-06-05T15:43:57,82.832184,-17.000660,nan
2024-06-05T15:43:56,82.832184,-17.000776,nan
2024-06-05T15:43:56,82.832176,-17.000893,nan
2024-06-05T15:43:55,82.832176,-17.001015,nan
2024-06-05T15:43:55,82.832169,-17.001141,nan
2024-06-05T15:43:54,82.832169,-17.001268,nan
2024-06-05T15:43:54,82.832161,-17.001402,nan
2024-06-05T15:43:53,82.832153,-17.001537,nan
2024-06-05T15:43:53,82.832153,-17.001678,nan
2024-06-05T15:43:52,82.832146,-17.001822,nan
2024-06-05T15:43:52,82.832146,-17.001965,nan
2024-06-05T15:43:51,82.832146,-17.002111,nan
2024-06-05T15:43:51,82.832138,-17.002260,nan
2024-06-05T15:43:50,82.832138,-17.002411,nan
2024-06-05T15:43:50,82.832130,-17.002563,nan
2024-06-05T15:43:49,82.832130,-17.002720,nan
2024-06-05T15:43:49,82.832123,-17.002876,nan
2024-06-05T15:43:48,82.832123,-17.003036,nan
2024-06-05T15:43:48,82.832123,-17.003197,nan
2024-06-05T15:43:47,82.832115,-17.003359,nan
2024-06-05T15:43:47,82.832115,-17.003517,nan
2024-06-05T15:43:46,82.832115,-17.003679,nan
2024-06-05T15:43:46,82.832115,-17.003839,nan
2024-06-05T15:43:45,82.832108,-17.004002,nan
2024-06-05T15:43:45,82.832108,-17.004162,nan
2024-06-05T15:43:44,82.832108,-17.004322,nan
2024-06-05T15:43:44,82.832108,-17.004486,nan
2024-06-05T15:43:43,82.832108,-17.004646,nan
2024-06-05T15:43:43,82.832108,-17.004810,nan
2024-06-05T15:43:42,82.832100,-17.004972,nan
2024-06-05T15:43:42,82.832100,-17.005136,nan
2024-06-05T15:43:41,82.832100,-17.005301,nan
2024-06-05T15:43:41,82.832100,-17.005466,nan
2024-06-05T15:43:40,82.832100,-17.005632,nan
2024-06-05T15:43:40,82.832100,-17.005800,nan
2024-06-05T15:43:39,82.832092,-17.005970,nan
2024-06-05T15:43:39,82.832092,-17.006142,nan
2024-06-05T15:43:38,82.832092,-17.006311,nan
2024-06-05T15:43:38,82.832092,-17.006481,nan
2024-06-05T15:43:37,82.832085,-17.006653,nan
2024-06-05T15:43:37,82.832085,-17.006824,nan
2024-06-05T15:43:36,82.832077,-17.006992,nan
2024-06-05T15:43:36,82.832077,-17.007160,nan
2024-06-05T15:43:35,82.832069,-17.007328,nan
2024-06-05T15:43:35,82.832069,-17.007498,nan
2024-06-05T15:43:34,82.832062,-17.007669,nan
2024-06-05T15:43:34,82.832062,-17.007841,nan
2024-06-05T15:43:33,82.832054,-17.008018,nan
2024-06-05T15:43:33,82.832047,-17.008198,nan
2024-06-05T15:43:32,82.832047,-17.008381,nan
2024-06-05T15:43:32,82.832039,-17.008566,nan
2024-06-05T15:43:31,82.832031,-17.008753,nan
2024-06-05T15:43:31,82.832024,-17.008944,nan
2024-06-05T15:43:30,82.832016,-17.009134,nan
2024-06-05T15:43:30,82.832008,-17.009329,nan
2024-06-05T15:43:29,82.832001,-17.009521,nan
2024-06-05T15:43:29,82.831993,-17.009712,nan
2024-06-05T15:43:28,82.831985,-17.009907,nan
2024-06-05T15:43:28,82.831978,-17.010101,nan
2024-06-05T15:43:27,82.831970,-17.010300,nan
2024-06-05T15:43:27,82.831963,-17.010496,nan
2024-06-05T15:43:26,82.831955,-17.010695,nan
2024-06-05T15:43:26,82.831947,-17.010891,nan
2024-06-05T15:43:25,82.831940,-17.011087,nan
2024-06-05T15:43:25,82.831932,-17.011286,nan
2024-06-05T15:43:24,82.831924,-17.011482,nan
2024-06-05T15:43:24,82.831917,-17.011681,nan
2024-06-05T15:43:23,82.831909,-17.011879,nan
2024-06-05T15:43:23,82.831902,-17.012077,nan
2024-06-05T15:43:22,82.831894,-17.012274,nan
2024-06-05T15:43:22,82.831886,-17.012468,nan
2024-06-05T15:43:21,82.831871,-17.012665,nan
2024-06-05T15:43:21,82.831863,-17.012859,nan
2024-06-05T15:43:20,82.831856,-17.013050,nan
2024-06-05T15:43:20,82.831848,-17.013241,nan
2024-06-05T15:43:19,82.831841,-17.013428,nan
2024-06-05T15:43:19,82.831833,-17.013615,nan
2024-06-05T15:43:18,82.831825,-17.013800,nan
2024-06-05T15:43:18,82.831818,-17.013985,nan
2024-06-05T15:43:17,82.831802,-17.014166,nan
2024-06-05T15:43:17,82.831795,-17.014351,nan
2024-06-05T15:43:16,82.831787,-17.014532,nan
2024-06-05T15:43:16,82.831779,-17.014717,nan
2024-06-05T15:43:15,82.831772,-17.014902,nan
2024-06-05T15:43:15,82.831764,-17.015087,nan
2024-06-05T15:43:14,82.831764,-17.015278,nan
2024-06-05T15:43:14,82.831757,-17.015469,nan
2024-06-05T15:43:13,82.831749,-17.015665,nan
2024-06-05T15:43:13,82.831741,-17.015865,nan
2024-06-05T15:43:12,82.831734,-17.016066,nan
2024-06-05T15:43:12,82.831726,-17.016266,nan
2024-06-05T15:43:11,82.831726,-17.016468,nan
2024-06-05T15:43:11,82.831718,-17.016672,nan
2024-06-05T15:43:10,82.831711,-17.016878,nan
2024-06-05T15:43:10,82.831703,-17.017088,nan
2024-06-05T15:43:09,82.831703,-17.017298,nan
2024-06-05T15:43:09,82.831696,-17.017508,nan
2024-06-05T15:43:08,82.831696,-17.017721,nan
2024-06-05T15:43:08,82.831688,-17.017935,nan
2024-06-05T15:43:07,82.831680,-17.018150,nan
2024-06-05T15:43:07,82.831680,-17.018364,nan
2024-06-05T15:43:06,82.831673,-17.018578,nan
2024-06-05T15:43:06,82.831673,-17.018793,nan
2024-06-05T15:43:05,82.831665,-17.019011,nan
2024-06-05T15:43:05,82.831665,-17.019226,nan
2024-06-05T15:43:04,82.831657,-17.019442,nan
2024-06-05T15:43:04,82.831657,-17.019655,nan
2024-06-05T15:43:03,82.831650,-17.019867,nan
2024-06-05T15:43:03,82.831650,-17.020081,nan
2024-06-05T15:43:02,82.831642,-17.020292,nan
2024-06-05T15:43:02,82.831642,-17.020506,nan
2024-06-05T15:43:01,82.831635,-17.020720,nan
2024-06-05T15:43:01,82.831635,-17.020931,nan
2024-06-05T15:43:00,82.831627,-17.021141,nan
2024-06-05T15:43:00,82.831627,-17.021351,nan
2024-06-05T15:42:59,82.831619,-17.021559,nan
2024-06-05T15:42:59,82.831619,-17.021765,nan
2024-06-05T15:42:58,82.831612,-17.021971,nan
2024-06-05T15:42:58,82.831612,-17.022175,nan
2024-06-05T15:42:57,82.831604,-17.022379,nan
2024-06-05T15:42:57,82.831604,-17.022585,nan
2024-06-05T15:42:56,82.831604,-17.022791,nan
2024-06-05T15:42:56,82.831596,-17.022997,nan
2024-06-05T15:42:55,82.831596,-17.023209,nan
2024-06-05T15:42:55,82.831589,-17.023420,nan
2024-06-05T15:42:54,82.831589,-17.023632,nan
2024-06-05T15:42:54,82.831589,-17.023848,nan
2024-06-05T15:42:53,82.831589,-17.024063,nan
2024-06-05T15:42:53,82.831581,-17.024279,nan
2024-06-05T15:42:52,82.831581,-17.024492,nan
2024-06-05T15:42:52,82.831581,-17.024710,nan
2024-06-05T15:42:51,82.831573,-17.024925,nan
2024-06-05T15:42:51,82.831573,-17.025143,nan
2024-06-05T15:42:50,82.831573,-17.025360,nan
2024-06-05T15:42:50,82.831566,-17.025579,nan
2024-06-05T15:42:49,82.831566,-17.025803,nan
2024-06-05T15:42:49,82.831566,-17.026026,nan
2024-06-05T15:42:48,82.831558,-17.026249,nan
2024-06-05T15:42:48,82.831558,-17.026474,nan
2024-06-05T15:42:47,82.831558,-17.026699,nan
2024-06-05T15:42:47,82.831558,-17.026928,nan
2024-06-05T15:42:46,82.831558,-17.027155,nan
2024-06-05T15:42:46,82.831551,-17.027384,nan
2024-06-05T15:42:45,82.831551,-17.027613,nan
2024-06-05T15:42:45,82.831551,-17.027842,nan
2024-06-05T15:42:44,82.831551,-17.028070,nan
2024-06-05T15:42:44,82.831551,-17.028301,nan
2024-06-05T15:42:43,82.831551,-17.028530,nan
2024-06-05T15:42:43,82.831551,-17.028761,nan
2024-06-05T15:42:42,82.831551,-17.028990,nan
2024-06-05T15:42:42,82.831551,-17.029221,nan
2024-06-05T15:42:41,82.831551,-17.029451,nan
2024-06-05T15:42:41,82.831558,-17.029684,nan
2024-06-05T15:42:40,82.831558,-17.029919,nan
2024-06-05T15:42:40,82.831551,-17.030153,nan
2024-06-05T15:42:39,82.831551,-17.030388,nan
2024-06-05T15:42:39,82.831551,-17.030624,nan
2024-06-05T15:42:38,82.831551,-17.030861,nan
2024-06-05T15:42:38,82.831551,-17.031097,nan
2024-06-05T15:42:37,82.831551,-17.031332,nan
2024-06-05T15:42:37,82.831551,-17.031567,nan
2024-06-05T15:42:36,82.831551,-17.031799,nan
2024-06-05T15:42:36,82.831551,-17.032030,nan
2024-06-05T15:42:35,82.831551,-17.032263,nan
2024-06-05T15:42:35,82.831551,-17.032492,nan
2024-06-05T15:42:34,82.831551,-17.032721,nan
2024-06-05T15:42:34,82.831551,-17.032944,nan
2024-06-05T15:42:33,82.831551,-17.033167,nan
2024-06-05T15:42:33,82.831551,-17.033388,nan
2024-06-05T15:42:32,82.831543,-17.033604,nan
2024-06-05T15:42:32,82.831543,-17.033819,nan
2024-06-05T15:42:31,82.831543,-17.034033,nan
2024-06-05T15:42:31,82.831543,-17.034241,nan
2024-06-05T15:42:30,82.831543,-17.034451,nan
2024-06-05T15:42:30,82.831535,-17.034660,nan
2024-06-05T15:42:29,82.831535,-17.034870,nan
2024-06-05T15:42:29,82.831535,-17.035084,nan
2024-06-05T15:42:28,82.831535,-17.035301,nan
2024-06-05T15:42:28,82.831528,-17.035526,nan
2024-06-05T15:42:27,82.831528,-17.035757,nan
2024-06-05T15:42:27,82.831520,-17.035994,nan
2024-06-05T15:42:26,82.831520,-17.036234,nan
2024-06-05T15:42:26,82.831512,-17.036476,nan
2024-06-05T15:42:25,82.831505,-17.036724,nan
2024-06-05T15:42:25,82.831505,-17.036978,nan
2024-06-05T15:42:24,82.831497,-17.037231,nan
2024-06-05T15:42:24,82.831490,-17.037485,nan
2024-06-05T15:42:23,82.831490,-17.037741,nan
2024-06-05T15:42:23,82.831482,-17.037994,nan
2024-06-05T15:42:22,82.831474,-17.038248,nan
2024-06-05T15:42:22,82.831474,-17.038504,nan
2024-06-05T15:42:21,82.831467,-17.038759,nan
2024-06-05T15:42:21,82.831459,-17.039013,nan
2024-06-05T15:42:20,82.831459,-17.039267,nan
2024-06-05T15:42:20,82.831451,-17.039518,nan
2024-06-05T15:42:19,82.831451,-17.039770,nan
2024-06-05T15:42:19,82.831444,-17.040016,nan
2024-06-05T15:42:18,82.831444,-17.040260,nan
2024-06-05T15:42:18,82.831436,-17.040504,nan
2024-06-05T15:42:17,82.831436,-17.040749,nan
2024-06-05T15:42:17,82.831436,-17.040987,nan
2024-06-05T15:42:16,82.831429,-17.041224,nan
2024-06-05T15:42:16,82.831429,-17.041462,nan
2024-06-05T15:42:15,82.831421,-17.041697,nan
2024-06-05T15:42:15,82.831421,-17.041931,nan
2024-06-05T15:42:14,82.831421,-17.042170,nan
2024-06-05T15:42:14,82.831413,-17.042404,nan
2024-06-05T15:42:13,82.831413,-17.042641,nan
2024-06-05T15:42:13,82.831413,-17.042875,nan
2024-06-05T15:42:12,82.831406,-17.043114,nan
2024-06-05T15:42:12,82.831406,-17.043352,nan
2024-06-05T15:42:11,82.831406,-17.043594,nan
2024-06-05T15:42:11,82.831398,-17.043837,nan
2024-06-05T15:42:10,82.831398,-17.044079,nan
2024-06-05T15:42:10,82.831398,-17.044319,nan
2024-06-05T15:42:09,82.831390,-17.044561,nan
2024-06-05T15:42:09,82.831390,-17.044807,nan
2024-06-05T15:42:08,82.831390,-17.045055,nan
2024-06-05T15:42:08,82.831383,-17.045305,nan
2024-06-05T15:42:07,82.831383,-17.045557,nan
2024-06-05T15:42:07,82.831383,-17.045809,nan
2024-06-05T15:42:06,82.831375,-17.046061,nan
2024-06-05T15:42:06,82.831375,-17.046312,nan
2024-06-05T15:42:05,82.831367,-17.046568,nan
2024-06-05T15:42:05,82.831367,-17.046824,nan
2024-06-05T15:42:04,82.831360,-17.047083,nan
2024-06-05T15:42:04,82.831352,-17.047344,nan
2024-06-05T15:42:03,82.831352,-17.047609,nan
2024-06-05T15:42:03,82.831345,-17.047874,nan
2024-06-05T15:42:02,82.831337,-17.048140,nan
2024-06-05T15:42:02,82.831329,-17.048407,nan
2024-06-05T15:42:01,82.831314,-17.048674,nan
2024-06-05T15:42:01,82.831306,-17.048939,nan
2024-06-05T15:42:00,82.831299,-17.049200,nan
2024-06-05T15:42:00,82.831284,-17.049458,nan
2024-06-05T15:41:59,82.831276,-17.049713,nan
2024-06-05T15:41:59,82.831261,-17.049967,nan
2024-06-05T15:41:58,82.831245,-17.050220,nan
2024-06-05T15:41:58,82.831238,-17.050470,nan
2024-06-05T15:41:57,82.831223,-17.050718,nan
2024-06-05T15:41:57,82.831215,-17.050966,nan
2024-06-05T15:41:56,82.831200,-17.051212,nan
2024-06-05T15:41:56,82.831192,-17.051458,nan
2024-06-05T15:41:55,82.831177,-17.051701,nan
2024-06-05T15:41:55,82.831169,-17.051943,nan
2024-06-05T15:41:54,82.831154,-17.052181,nan
2024-06-05T15:41:54,82.831146,-17.052418,nan
2024-06-05T15:41:53,82.831139,-17.052654,nan
2024-06-05T15:41:53,82.831123,-17.052889,nan
2024-06-05T15:41:52,82.831116,-17.053123,nan
2024-06-05T15:41:52,82.831100,-17.053356,nan
2024-06-05T15:41:51,82.831093,-17.053589,nan
2024-06-05T15:41:51,82.831085,-17.053820,nan
2024-06-05T15:41:50,82.831070,-17.054050,nan
2024-06-05T15:41:50,82.831062,-17.054279,nan
2024-06-05T15:41:49,82.831047,-17.054510,nan
2024-06-05T15:41:49,82.831039,-17.054741,nan
2024-06-05T15:41:48,82.831024,-17.054974,nan
2024-06-05T15:41:48,82.831017,-17.055206,nan
2024-06-05T15:41:47,82.831001,-17.055445,nan
2024-06-05T15:41:47,82.830986,-17.055681,nan
2024-06-05T15:41:46,82.830971,-17.055920,nan
2024-06-05T15:41:46,82.830956,-17.056162,nan
2024-06-05T15:41:45,82.830940,-17.056406,nan
2024-06-05T15:41:45,82.830925,-17.056650,nan
2024-06-05T15:41:44,82.830910,-17.056898,nan
2024-06-05T15:41:44,82.830894,-17.057146,nan
2024-06-05T15:41:43,82.830879,-17.057396,nan
2024-06-05T15:41:43,82.830856,-17.057646,nan
2024-06-05T15:41:42,82.830841,-17.057896,nan
2024-06-05T15:41:42,82.830826,-17.058149,nan
2024-06-05T15:41:41,82.830803,-17.058405,nan
2024-06-05T15:41:41,82.830788,-17.058662,nan
2024-06-05T15:41:40,82.830765,-17.058922,nan
2024-06-05T15:41:40,82.830750,-17.059181,nan
2024-06-05T15:41:39,82.830727,-17.059444,nan
2024-06-05T15:41:39,82.830711,-17.059710,nan
2024-06-05T15:41:38,82.830688,-17.059978,nan
2024-06-05T15:41:38,82.830673,-17.060247,nan
2024-06-05T15:41:37,82.830658,-17.060516,nan
2024-06-05T15:41:37,82.830643,-17.060785,nan
2024-06-05T15:41:36,82.830620,-17.061052,nan
2024-06-05T15:41:36,82.830605,-17.061321,nan
2024-06-05T15:41:35,82.830589,-17.061590,nan
2024-06-05T15:41:35,82.830574,-17.061863,nan
2024-06-05T15:41:34,82.830559,-17.062134,nan
2024-06-05T15:41:34,82.830544,-17.062405,nan
2024-06-05T15:41:33,82.830528,-17.062672,nan
2024-06-05T15:41:33,82.830513,-17.062937,nan
2024-06-05T15:41:32,82.830498,-17.063196,nan
2024-06-05T15:41:32,82.830482,-17.063456,nan
2024-06-05T15:41:31,82.830467,-17.063713,nan
2024-06-05T15:41:31,82.830452,-17.063969,nan
2024-06-05T15:41:30,82.830437,-17.064222,nan
2024-06-05T15:41:30,82.830429,-17.064480,nan
2024-06-05T15:41:29,82.830414,-17.064735,nan
2024-06-05T15:41:29,82.830399,-17.064995,nan
2024-06-05T15:41:28,82.830383,-17.065254,nan
2024-06-05T15:41:28,82.830376,-17.065517,nan
2024-06-05T15:41:27,82.830353,-17.065784,nan
2024-06-05T15:41:27,82.830338,-17.066059,nan
2024-06-05T15:41:26,82.830322,-17.066338,nan
2024-06-05T15:41:26,82.830307,-17.066626,nan
2024-06-05T15:41:25,82.830284,-17.066919,nan
2024-06-05T15:41:25,82.830269,-17.067219,nan
2024-06-05T15:41:24,82.830246,-17.067524,nan
2024-06-05T15:41:24,82.830231,-17.067835,nan
2024-06-05T15:41:23,82.830208,-17.068148,nan
2024-06-05T15:41:23,82.830185,-17.068466,nan
2024-06-05T15:41:22,82.830170,-17.068789,nan
2024-06-05T15:41:22,82.830147,-17.069111,nan
2024-06-05T15:41:21,82.830132,-17.069435,nan
2024-06-05T15:41:21,82.830109,-17.069763,nan
2024-06-05T15:41:20,82.830086,-17.070095,nan
2024-06-05T15:41:20,82.830070,-17.070425,nan
2024-06-05T15:41:19,82.830048,-17.070759,nan
2024-06-05T15:41:19,82.830032,-17.071095,nan
2024-06-05T15:41:18,82.830009,-17.071436,nan
2024-06-05T15:41:18,82.829994,-17.071779,nan
2024-06-05T15:41:17,82.829971,-17.072128,nan
2024-06-05T15:41:17,82.829956,-17.072479,nan
2024-06-05T15:41:16,82.829933,-17.072836,nan
2024-06-05T15:41:16,82.829918,-17.073196,nan
2024-06-05T15:41:15,82.829895,-17.073559,nan
2024-06-05T15:41:15,82.829880,-17.073917,nan
2024-06-05T15:41:14,82.829865,-17.074272,nan
2024-06-05T15:41:14,82.829849,-17.074623,nan
2024-06-05T15:41:13,82.829834,-17.074974,nan
2024-06-05T15:41:13,82.829811,-17.075319,nan
2024-06-05T15:41:12,82.829796,-17.075663,nan
2024-06-05T15:41:12,82.829781,-17.076002,nan
2024-06-05T15:41:11,82.829765,-17.076344,nan
2024-06-05T15:41:11,82.829758,-17.076691,nan
2024-06-05T15:41:10,82.829742,-17.077042,nan
2024-06-05T15:41:10,82.829727,-17.077396,nan
2024-06-05T15:41:09,82.829712,-17.077753,nan
2024-06-05T15:41:09,82.829704,-17.078115,nan
2024-06-05T15:41:08,82.829689,-17.078478,nan
2024-06-05T15:41:08,82.829674,-17.078842,nan
2024-06-05T15:41:07,82.829666,-17.079205,nan
2024-06-05T15:41:07,82.829651,-17.079565,nan
2024-06-05T15:41:06,82.829636,-17.079924,nan
2024-06-05T15:41:06,82.829628,-17.080275,nan
2024-06-05T15:41:05,82.829613,-17.080622,nan
2024-06-05T15:41:05,82.829597,-17.080959,nan
2024-06-05T15:41:04,82.829590,-17.081291,nan
2024-06-05T15:41:04,82.829575,-17.081619,nan
2024-06-05T15:41:03,82.829559,-17.081944,nan
2024-06-05T15:41:03,82.829552,-17.082262,nan
2024-06-05T15:41:02,82.829536,-17.082569,nan
2024-06-05T15:41:02,82.829521,-17.082878,nan
2024-06-05T15:41:01,82.829514,-17.083176,nan
2024-06-05T15:41:01,82.829498,-17.083467,nan
2024-06-05T15:41:00,82.829483,-17.083754,nan
2024-06-05T15:41:00,82.829468,-17.084026,nan
2024-06-05T15:40:59,82.829453,-17.084301,nan
2024-06-05T15:40:59,82.829437,-17.084566,nan
2024-06-05T15:40:58,82.829422,-17.084820,nan
2024-06-05T15:40:58,82.829407,-17.085064,nan
2024-06-05T15:40:57,82.829384,-17.085300,nan
2024-06-05T15:40:57,82.829369,-17.085531,nan
2024-06-05T15:40:56,82.829353,-17.085754,nan
2024-06-05T15:40:56,82.829338,-17.085972,nan
2024-06-05T15:40:55,82.829323,-17.086180,nan
2024-06-05T15:40:55,82.829308,-17.086382,nan
2024-06-05T15:40:54,82.829292,-17.086576,nan
2024-06-05T15:40:54,82.829269,-17.086763,nan
2024-06-05T15:40:53,82.829254,-17.086945,nan
2024-06-05T15:40:53,82.829239,-17.087118,nan
2024-06-05T15:40:52,82.829224,-17.087280,nan
2024-06-05T15:40:52,82.829208,-17.087439,nan
2024-06-05T15:40:51,82.829185,-17.087589,nan
2024-06-05T15:40:51,82.829170,-17.087734,nan
2024-06-05T15:40:50,82.829147,-17.087875,nan
2024-06-05T15:40:50,82.829132,-17.088013,nan
2024-06-05T15:40:49,82.829109,-17.088150,nan
2024-06-05T15:40:49,82.829094,-17.088285,nan
2024-06-05T15:40:48,82.829071,-17.088427,nan
2024-06-05T15:40:48,82.829056,-17.088572,nan
2024-06-05T15:40:47,82.829033,-17.088724,nan
2024-06-05T15:40:47,82.829018,-17.088884,nan
2024-06-05T15:40:46,82.829002,-17.089048,nan
2024-06-05T15:40:46,82.828979,-17.089218,nan
2024-06-05T15:40:45,82.828957,-17.089396,nan
2024-06-05T15:40:45,82.828941,-17.089581,nan
2024-06-05T15:40:44,82.828918,-17.089764,nan
2024-06-05T15:40:44,82.828896,-17.089956,nan
2024-06-05T15:40:43,82.828865,-17.090153,nan
2024-06-05T15:40:43,82.828842,-17.090355,nan
2024-06-05T15:40:42,82.828819,-17.090565,nan
2024-06-05T15:40:42,82.828789,-17.090788,nan
2024-06-05T15:40:41,82.828766,-17.091022,nan
2024-06-05T15:40:41,82.828743,-17.091267,nan
2024-06-05T15:40:40,82.828720,-17.091516,nan
2024-06-05T15:40:40,82.828697,-17.091772,nan
2024-06-05T15:40:39,82.828674,-17.092035,nan
2024-06-05T15:40:39,82.828659,-17.092300,nan
2024-06-05T15:40:38,82.828636,-17.092569,nan
2024-06-05T15:40:38,82.828621,-17.092846,nan
2024-06-05T15:40:37,82.828598,-17.093122,nan
2024-06-05T15:40:37,82.828583,-17.093397,nan
2024-06-05T15:40:36,82.828560,-17.093672,nan
2024-06-05T15:40:36,82.828545,-17.093939,nan
2024-06-05T15:40:35,82.828522,-17.094193,nan
2024-06-05T15:40:35,82.828499,-17.094439,nan
2024-06-05T15:40:34,82.828484,-17.094671,nan
2024-06-05T15:40:34,82.828461,-17.094896,nan
2024-06-05T15:40:33,82.828438,-17.095112,nan
2024-06-05T15:40:33,82.828415,-17.095318,nan
2024-06-05T15:40:32,82.828392,-17.095524,nan
2024-06-05T15:40:32,82.828369,-17.095718,nan
2024-06-05T15:40:31,82.828346,-17.095909,nan
2024-06-05T15:40:31,82.828323,-17.096096,nan
2024-06-05T15:40:30,82.828300,-17.096281,nan
2024-06-05T15:40:30,82.828278,-17.096470,nan
2024-06-05T15:40:29,82.828255,-17.096664,nan
2024-06-05T15:40:29,82.828232,-17.096867,nan
2024-06-05T15:40:28,82.828201,-17.097076,nan
2024-06-05T15:40:28,82.828178,-17.097296,nan
2024-06-05T15:40:27,82.828156,-17.097519,nan
2024-06-05T15:40:27,82.828133,-17.097746,nan
2024-06-05T15:40:26,82.828110,-17.097979,nan
2024-06-05T15:40:26,82.828087,-17.098215,nan
2024-06-05T15:40:25,82.828056,-17.098454,nan
2024-06-05T15:40:25,82.828033,-17.098684,nan
2024-06-05T15:40:24,82.828011,-17.098911,nan
2024-06-05T15:40:24,82.827988,-17.099129,nan
2024-06-05T15:40:23,82.827957,-17.099331,nan
2024-06-05T15:40:23,82.827934,-17.099520,nan
2024-06-05T15:40:22,82.827911,-17.099699,nan
2024-06-05T15:40:22,82.827888,-17.099869,nan
2024-06-05T15:40:21,82.827866,-17.100037,nan
2024-06-05T15:40:21,82.827843,-17.100203,nan
2024-06-05T15:40:20,82.827820,-17.100365,nan
2024-06-05T15:40:20,82.827797,-17.100521,nan
2024-06-05T15:40:19,82.827774,-17.100670,nan
2024-06-05T15:40:19,82.827759,-17.100813,nan
2024-06-05T15:40:18,82.827736,-17.100950,nan
2024-06-05T15:40:18,82.827713,-17.101086,nan
2024-06-05T15:40:17,82.827690,-17.101213,nan
2024-06-05T15:40:17,82.827667,-17.101337,nan
2024-06-05T15:40:16,82.827652,-17.101460,nan
2024-06-05T15:40:16,82.827629,-17.101583,nan
2024-06-05T15:40:15,82.827606,-17.101709,nan
2024-06-05T15:40:15,82.827591,-17.101833,nan
2024-06-05T15:40:14,82.827568,-17.101957,nan
2024-06-05T15:40:14,82.827553,-17.102081,nan
2024-06-05T15:40:13,82.827538,-17.102211,nan
2024-06-05T15:40:13,82.827522,-17.102341,nan
2024-06-05T15:40:12,82.827507,-17.102467,nan
2024-06-05T15:40:12,82.827499,-17.102592,nan
2024-06-05T15:40:11,82.827492,-17.102715,nan
2024-06-05T15:40:11,82.827477,-17.102839,nan
2024-06-05T15:40:10,82.827469,-17.102962,nan
2024-06-05T15:40:10,82.827461,-17.103083,nan
2024-06-05T15:40:09,82.827454,-17.103197,nan
2024-06-05T15:40:09,82.827438,-17.103312,nan
2024-06-05T15:40:08,82.827431,-17.103422,nan
2024-06-05T15:40:08,82.827423,-17.103525,nan
2024-06-05T15:40:07,82.827408,-17.103619,nan
2024-06-05T15:40:07,82.827400,-17.103712,nan
2024-06-05T15:40:06,82.827385,-17.103794,nan
2024-06-05T15:40:06,82.827370,-17.103872,nan
2024-06-05T15:40:05,82.827362,-17.103943,nan
2024-06-05T15:40:05,82.827347,-17.104008,nan
2024-06-05T15:40:04,82.827332,-17.104067,nan
2024-06-05T15:40:04,82.827309,-17.104118,nan
2024-06-05T15:40:03,82.827293,-17.104172,nan
2024-06-05T15:40:03,82.827278,-17.104221,nan
2024-06-05T15:40:02,82.827255,-17.104273,nan
2024-06-05T15:40:02,82.827240,-17.104326,nan
2024-06-05T15:40:01,82.827217,-17.104378,nan
2024-06-05T15:40:01,82.827194,-17.104435,nan
2024-06-05T15:40:00,82.827171,-17.104502,nan
2024-06-05T15:40:00,82.827156,-17.104570,nan
2024-06-05T15:39:59,82.827133,-17.104649,nan
2024-06-05T15:39:59,82.827110,-17.104727,nan
2024-06-05T15:39:58,82.827087,-17.104809,nan
2024-06-05T15:39:58,82.827057,-17.104898,nan
2024-06-05T15:39:57,82.827034,-17.104982,nan
2024-06-05T15:39:57,82.827011,-17.105070,nan
2024-06-05T15:39:56,82.826981,-17.105162,nan
2024-06-05T15:39:56,82.826950,-17.105246,nan
2024-06-05T15:39:55,82.826927,-17.105333,nan
2024-06-05T15:39:55,82.826897,-17.105419,nan
2024-06-05T15:39:54,82.826874,-17.105509,nan
2024-06-05T15:39:54,82.826843,-17.105606,nan
2024-06-05T15:39:53,82.826813,-17.105711,nan
2024-06-05T15:39:53,82.826790,-17.105831,nan
2024-06-05T15:39:52,82.826759,-17.105968,nan
2024-06-05T15:39:52,82.826736,-17.106104,nan
2024-06-05T15:39:51,82.826714,-17.106222,nan
2024-06-05T15:39:51,82.826691,-17.106344,nan
2024-06-05T15:39:50,82.826675,-17.106501,nan
2024-06-05T15:39:50,82.826698,-17.106756,nan
2024-06-05T15:39:49,82.826721,-17.107208,nan
2024-06-05T15:39:49,82.826759,-17.107714,nan
2024-06-05T15:39:48,82.826836,-17.108555,nan
2024-06-05T15:39:48,82.826935,-17.109737,nan
2024-06-05T15:39:47,82.827049,-17.111389,nan
2024-06-05T15:39:47,82.827240,-17.113970,nan
2024-06-05T15:39:46,82.827560,-17.118996,nan
2024-06-05T15:39:41,82.826836,-17.113508,nan
2024-06-05T15:39:40,82.826164,-17.107925,nan
2024-06-05T15:39:40,82.825470,-17.102365,nan
2024-06-05T15:39:39,82.824753,-17.096672,nan
