datetime,lat,lon,elev
2024-08-09T13:59:35,80.608261,-102.832047,nan
2024-08-09T13:59:34,80.608284,-102.832001,nan
2024-08-09T13:59:34,80.608299,-102.831947,nan
2024-08-09T13:59:33,80.608322,-102.831886,nan
2024-08-09T13:59:33,80.608345,-102.831825,nan
2024-08-09T13:59:32,80.608368,-102.831764,nan
2024-08-09T13:59:32,80.608398,-102.831703,nan
2024-08-09T13:59:31,80.608421,-102.831635,nan
2024-08-09T13:59:31,80.608444,-102.831573,nan
2024-08-09T13:59:30,80.608475,-102.831497,nan
2024-08-09T13:59:30,80.608498,-102.831429,nan
2024-08-09T13:59:29,80.608521,-102.831352,nan
2024-08-09T13:59:29,80.608551,-102.831276,nan
2024-08-09T13:59:28,80.608574,-102.831200,nan
2024-08-09T13:59:28,80.608597,-102.831116,nan
2024-08-09T13:59:27,80.608627,-102.831039,nan
2024-08-09T13:59:27,80.608650,-102.830971,nan
2024-08-09T13:59:26,80.608673,-102.830902,nan
2024-08-09T13:59:26,80.608704,-102.830841,nan
2024-08-09T13:59:25,80.608727,-102.830788,nan
2024-08-09T13:59:25,80.608757,-102.830734,nan
2024-08-09T13:59:24,80.608780,-102.830688,nan
2024-08-09T13:59:24,80.608810,-102.830635,nan
2024-08-09T13:59:23,80.608833,-102.830582,nan
2024-08-09T13:59:23,80.608864,-102.830528,nan
2024-08-09T13:59:22,80.608894,-102.830475,nan
2024-08-09T13:59:22,80.608925,-102.830421,nan
2024-08-09T13:59:21,80.608948,-102.830368,nan
2024-08-09T13:59:21,80.608978,-102.830315,nan
2024-08-09T13:59:20,80.609009,-102.830269,nan
2024-08-09T13:59:20,80.609039,-102.830223,nan
2024-08-09T13:59:19,80.609070,-102.830177,nan
2024-08-09T13:59:19,80.609100,-102.830147,nan
2024-08-09T13:59:18,80.609123,-102.830116,nan
2024-08-09T13:59:18,80.609154,-102.830086,nan
2024-08-09T13:59:17,80.609184,-102.830048,nan
2024-08-09T13:59:17,80.609215,-102.830017,nan
2024-08-09T13:59:16,80.609245,-102.829994,nan
2024-08-09T13:59:16,80.609268,-102.829964,nan
2024-08-09T13:59:15,80.609299,-102.829933,nan
2024-08-09T13:59:15,80.609329,-102.829910,nan
2024-08-09T13:59:14,80.609360,-102.829880,nan
2024-08-09T13:59:14,80.609390,-102.829857,nan
2024-08-09T13:59:13,80.609421,-102.829834,nan
2024-08-09T13:59:13,80.609444,-102.829819,nan
2024-08-09T13:59:12,80.609474,-102.829796,nan
2024-08-09T13:59:12,80.609505,-102.829773,nan
2024-08-09T13:59:11,80.609535,-102.829758,nan
2024-08-09T13:59:11,80.609573,-102.829735,nan
2024-08-09T13:59:10,80.609604,-102.829720,nan
2024-08-09T13:59:10,80.609634,-102.829697,nan
2024-08-09T13:59:09,80.609665,-102.829674,nan
2024-08-09T13:59:09,80.609695,-102.829651,nan
2024-08-09T13:59:08,80.609726,-102.829636,nan
2024-08-09T13:59:08,80.609756,-102.829620,nan
2024-08-09T13:59:07,80.609795,-102.829605,nan
2024-08-09T13:59:07,80.609825,-102.829582,nan
2024-08-09T13:59:06,80.609856,-102.829567,nan
2024-08-09T13:59:06,80.609886,-102.829552,nan
2024-08-09T13:59:05,80.609917,-102.829536,nan
2024-08-09T13:59:05,80.609955,-102.829521,nan
2024-08-09T13:59:04,80.609985,-102.829506,nan
2024-08-09T13:59:04,80.610023,-102.829491,nan
2024-08-09T13:59:03,80.610054,-102.829491,nan
2024-08-09T13:59:03,80.610092,-102.829491,nan
2024-08-09T13:59:02,80.610123,-102.829491,nan
2024-08-09T13:59:02,80.610161,-102.829491,nan
2024-08-09T13:59:01,80.610191,-102.829498,nan
2024-08-09T13:59:01,80.610229,-102.829498,nan
2024-08-09T13:59:00,80.610260,-102.829514,nan
2024-08-09T13:59:00,80.610291,-102.829514,nan
2024-08-09T13:58:59,80.610329,-102.829521,nan
2024-08-09T13:58:59,80.610359,-102.829529,nan
2024-08-09T13:58:58,80.610397,-102.829529,nan
2024-08-09T13:58:58,80.610428,-102.829536,nan
2024-08-09T13:58:57,80.610466,-102.829544,nan
2024-08-09T13:58:57,80.610497,-102.829552,nan
2024-08-09T13:58:56,80.610527,-102.829559,nan
2024-08-09T13:58:56,80.610565,-102.829567,nan
2024-08-09T13:58:55,80.610596,-102.829582,nan
2024-08-09T13:58:55,80.610634,-102.829590,nan
2024-08-09T13:58:54,80.610664,-102.829605,nan
2024-08-09T13:58:54,80.610703,-102.829613,nan
2024-08-09T13:58:53,80.610733,-102.829628,nan
2024-08-09T13:58:53,80.610764,-102.829636,nan
2024-08-09T13:58:52,80.610802,-102.829651,nan
2024-08-09T13:58:52,80.610832,-102.829666,nan
2024-08-09T13:58:51,80.610863,-102.829674,nan
2024-08-09T13:58:51,80.610893,-102.829681,nan
2024-08-09T13:58:50,80.610931,-102.829697,nan
2024-08-09T13:58:50,80.610962,-102.829712,nan
2024-08-09T13:58:49,80.610992,-102.829735,nan
2024-08-09T13:58:49,80.611023,-102.829742,nan
2024-08-09T13:58:48,80.611053,-102.829758,nan
2024-08-09T13:58:48,80.611084,-102.829781,nan
2024-08-09T13:58:47,80.611115,-102.829796,nan
2024-08-09T13:58:47,80.611145,-102.829811,nan
2024-08-09T13:58:46,80.611176,-102.829826,nan
2024-08-09T13:58:46,80.611206,-102.829834,nan
2024-08-09T13:58:45,80.611237,-102.829849,nan
2024-08-09T13:58:45,80.611267,-102.829865,nan
2024-08-09T13:58:44,80.611298,-102.829880,nan
2024-08-09T13:58:44,80.611328,-102.829887,nan
2024-08-09T13:58:43,80.611359,-102.829895,nan
2024-08-09T13:58:43,80.611382,-102.829903,nan
2024-08-09T13:58:42,80.611412,-102.829918,nan
2024-08-09T13:58:42,80.611443,-102.829933,nan
2024-08-09T13:58:41,80.611473,-102.829948,nan
2024-08-09T13:58:41,80.611504,-102.829964,nan
2024-08-09T13:58:40,80.611526,-102.829979,nan
2024-08-09T13:58:40,80.611557,-102.829994,nan
2024-08-09T13:58:39,80.611588,-102.830009,nan
2024-08-09T13:58:39,80.611618,-102.830032,nan
2024-08-09T13:58:38,80.611649,-102.830048,nan
2024-08-09T13:58:38,80.611679,-102.830070,nan
2024-08-09T13:58:37,80.611710,-102.830086,nan
2024-08-09T13:58:37,80.611740,-102.830109,nan
2024-08-09T13:58:36,80.611771,-102.830124,nan
2024-08-09T13:58:36,80.611801,-102.830147,nan
2024-08-09T13:58:35,80.611832,-102.830170,nan
2024-08-09T13:58:35,80.611862,-102.830185,nan
2024-08-09T13:58:34,80.611893,-102.830208,nan
2024-08-09T13:58:34,80.611923,-102.830231,nan
2024-08-09T13:58:33,80.611954,-102.830246,nan
2024-08-09T13:58:33,80.611984,-102.830261,nan
2024-08-09T13:58:32,80.612015,-102.830261,nan
2024-08-09T13:58:32,80.612045,-102.830254,nan
2024-08-09T13:58:31,80.612076,-102.830231,nan
2024-08-09T13:58:31,80.612106,-102.830185,nan
2024-08-09T13:58:30,80.612137,-102.830132,nan
2024-08-09T13:58:30,80.612167,-102.830070,nan
2024-08-09T13:58:29,80.612198,-102.830017,nan
2024-08-09T13:58:29,80.612228,-102.829956,nan
2024-08-09T13:58:28,80.612259,-102.829895,nan
2024-08-09T13:58:28,80.612289,-102.829834,nan
2024-08-09T13:58:27,80.612320,-102.829773,nan
2024-08-09T13:58:27,80.612350,-102.829720,nan
2024-08-09T13:58:26,80.612381,-102.829659,nan
2024-08-09T13:58:26,80.612411,-102.829605,nan
2024-08-09T13:58:25,80.612442,-102.829544,nan
2024-08-09T13:58:25,80.612473,-102.829491,nan
2024-08-09T13:58:24,80.612511,-102.829437,nan
2024-08-09T13:58:24,80.612541,-102.829384,nan
2024-08-09T13:58:23,80.612572,-102.829330,nan
2024-08-09T13:58:23,80.612610,-102.829285,nan
2024-08-09T13:58:22,80.612640,-102.829231,nan
2024-08-09T13:58:22,80.612679,-102.829178,nan
2024-08-09T13:58:21,80.612709,-102.829124,nan
2024-08-09T13:58:21,80.612747,-102.829071,nan
2024-08-09T13:58:20,80.612778,-102.829018,nan
2024-08-09T13:58:20,80.612808,-102.828964,nan
2024-08-09T13:58:19,80.612846,-102.828903,nan
2024-08-09T13:58:19,80.612885,-102.828850,nan
2024-08-09T13:58:18,80.612915,-102.828781,nan
2024-08-09T13:58:18,80.612953,-102.828712,nan
2024-08-09T13:58:17,80.612984,-102.828644,nan
2024-08-09T13:58:17,80.613022,-102.828575,nan
2024-08-09T13:58:16,80.613052,-102.828499,nan
2024-08-09T13:58:16,80.613091,-102.828430,nan
2024-08-09T13:58:15,80.613121,-102.828354,nan
2024-08-09T13:58:15,80.613159,-102.828278,nan
2024-08-09T13:58:14,80.613190,-102.828201,nan
2024-08-09T13:58:14,80.613220,-102.828133,nan
2024-08-09T13:58:13,80.613251,-102.828064,nan
2024-08-09T13:58:13,80.613281,-102.827988,nan
2024-08-09T13:58:12,80.613312,-102.827919,nan
2024-08-09T13:58:12,80.613350,-102.827843,nan
2024-08-09T13:58:11,80.613380,-102.827774,nan
2024-08-09T13:58:11,80.613411,-102.827705,nan
2024-08-09T13:58:10,80.613441,-102.827637,nan
2024-08-09T13:58:10,80.613472,-102.827568,nan
2024-08-09T13:58:09,80.613510,-102.827499,nan
2024-08-09T13:58:09,80.613541,-102.827431,nan
2024-08-09T13:58:08,80.613579,-102.827362,nan
2024-08-09T13:58:08,80.613609,-102.827301,nan
2024-08-09T13:58:07,80.613640,-102.827232,nan
2024-08-09T13:58:07,80.613678,-102.827164,nan
2024-08-09T13:58:06,80.613708,-102.827095,nan
2024-08-09T13:58:06,80.613739,-102.827026,nan
2024-08-09T13:58:05,80.613770,-102.826965,nan
2024-08-09T13:58:05,80.613808,-102.826904,nan
2024-08-09T13:58:04,80.613838,-102.826843,nan
2024-08-09T13:58:04,80.613869,-102.826790,nan
2024-08-09T13:58:03,80.613899,-102.826729,nan
2024-08-09T13:58:03,80.613937,-102.826675,nan
2024-08-09T13:58:02,80.613968,-102.826614,nan
2024-08-09T13:58:02,80.613998,-102.826553,nan
2024-08-09T13:58:01,80.614037,-102.826492,nan
2024-08-09T13:58:01,80.614067,-102.826431,nan
2024-08-09T13:58:00,80.614098,-102.826370,nan
2024-08-09T13:58:00,80.614136,-102.826309,nan
2024-08-09T13:57:59,80.614166,-102.826256,nan
2024-08-09T13:57:59,80.614204,-102.826195,nan
2024-08-09T13:57:58,80.614235,-102.826141,nan
2024-08-09T13:57:58,80.614265,-102.826080,nan
2024-08-09T13:57:57,80.614304,-102.826019,nan
2024-08-09T13:57:57,80.614334,-102.825958,nan
2024-08-09T13:57:56,80.614365,-102.825897,nan
2024-08-09T13:57:56,80.614403,-102.825836,nan
2024-08-09T13:57:55,80.614433,-102.825783,nan
2024-08-09T13:57:55,80.614464,-102.825722,nan
2024-08-09T13:57:54,80.614494,-102.825661,nan
2024-08-09T13:57:54,80.614532,-102.825600,nan
2024-08-09T13:57:53,80.614563,-102.825539,nan
2024-08-09T13:57:53,80.614594,-102.825470,nan
2024-08-09T13:57:52,80.614632,-102.825409,nan
2024-08-09T13:57:52,80.614662,-102.825333,nan
2024-08-09T13:57:51,80.614693,-102.825264,nan
2024-08-09T13:57:51,80.614731,-102.825195,nan
2024-08-09T13:57:50,80.614761,-102.825127,nan
2024-08-09T13:57:50,80.614792,-102.825058,nan
2024-08-09T13:57:49,80.614822,-102.824989,nan
2024-08-09T13:57:49,80.614861,-102.824921,nan
2024-08-09T13:57:48,80.614891,-102.824844,nan
2024-08-09T13:57:48,80.614922,-102.824783,nan
2024-08-09T13:57:47,80.614960,-102.824722,nan
2024-08-09T13:57:47,80.614990,-102.824661,nan
2024-08-09T13:57:46,80.615021,-102.824600,nan
2024-08-09T13:57:46,80.615059,-102.824547,nan
2024-08-09T13:57:45,80.615089,-102.824493,nan
2024-08-09T13:57:45,80.615120,-102.824440,nan
2024-08-09T13:57:44,80.615150,-102.824387,nan
2024-08-09T13:57:44,80.615181,-102.824341,nan
2024-08-09T13:57:43,80.615204,-102.824287,nan
2024-08-09T13:57:43,80.615234,-102.824234,nan
2024-08-09T13:57:42,80.615265,-102.824188,nan
2024-08-09T13:57:42,80.615295,-102.824135,nan
2024-08-09T13:57:41,80.615326,-102.824081,nan
2024-08-09T13:57:41,80.615349,-102.824028,nan
2024-08-09T13:57:40,80.615379,-102.823975,nan
2024-08-09T13:57:40,80.615410,-102.823921,nan
2024-08-09T13:57:39,80.615440,-102.823868,nan
2024-08-09T13:57:39,80.615471,-102.823814,nan
2024-08-09T13:57:38,80.615501,-102.823753,nan
2024-08-09T13:57:38,80.615540,-102.823708,nan
2024-08-09T13:57:37,80.615570,-102.823654,nan
2024-08-09T13:57:37,80.615601,-102.823601,nan
2024-08-09T13:57:36,80.615639,-102.823540,nan
2024-08-09T13:57:36,80.615669,-102.823486,nan
2024-08-09T13:57:35,80.615707,-102.823425,nan
2024-08-09T13:57:35,80.615738,-102.823364,nan
2024-08-09T13:57:34,80.615768,-102.823311,nan
2024-08-09T13:57:34,80.615807,-102.823250,nan
2024-08-09T13:57:33,80.615837,-102.823189,nan
2024-08-09T13:57:33,80.615875,-102.823135,nan
2024-08-09T13:57:32,80.615906,-102.823082,nan
2024-08-09T13:57:32,80.615944,-102.823036,nan
2024-08-09T13:57:31,80.615974,-102.822983,nan
2024-08-09T13:57:31,80.616013,-102.822929,nan
2024-08-09T13:57:30,80.616043,-102.822876,nan
2024-08-09T13:57:30,80.616081,-102.822823,nan
2024-08-09T13:57:29,80.616112,-102.822769,nan
2024-08-09T13:57:29,80.616150,-102.822723,nan
2024-08-09T13:57:28,80.616180,-102.822670,nan
2024-08-09T13:57:28,80.616219,-102.822624,nan
2024-08-09T13:57:27,80.616257,-102.822578,nan
2024-08-09T13:57:27,80.616287,-102.822540,nan
2024-08-09T13:57:26,80.616325,-102.822502,nan
2024-08-09T13:57:26,80.616356,-102.822472,nan
2024-08-09T13:57:25,80.616394,-102.822433,nan
2024-08-09T13:57:25,80.616432,-102.822395,nan
2024-08-09T13:57:24,80.616463,-102.822357,nan
2024-08-09T13:57:24,80.616501,-102.822327,nan
2024-08-09T13:57:23,80.616539,-102.822296,nan
2024-08-09T13:57:23,80.616570,-102.822266,nan
2024-08-09T13:57:22,80.616608,-102.822235,nan
2024-08-09T13:57:22,80.616646,-102.822197,nan
2024-08-09T13:57:21,80.616676,-102.822159,nan
2024-08-09T13:57:21,80.616714,-102.822121,nan
2024-08-09T13:57:20,80.616745,-102.822083,nan
2024-08-09T13:57:20,80.616783,-102.822037,nan
2024-08-09T13:57:19,80.616814,-102.821999,nan
2024-08-09T13:57:19,80.616844,-102.821960,nan
2024-08-09T13:57:18,80.616882,-102.821922,nan
2024-08-09T13:57:18,80.616913,-102.821884,nan
2024-08-09T13:57:17,80.616943,-102.821846,nan
2024-08-09T13:57:17,80.616974,-102.821815,nan
2024-08-09T13:57:16,80.617004,-102.821785,nan
2024-08-09T13:57:16,80.617035,-102.821762,nan
2024-08-09T13:57:15,80.617065,-102.821739,nan
2024-08-09T13:57:15,80.617096,-102.821709,nan
2024-08-09T13:57:14,80.617126,-102.821686,nan
2024-08-09T13:57:14,80.617157,-102.821655,nan
2024-08-09T13:57:13,80.617188,-102.821625,nan
2024-08-09T13:57:13,80.617218,-102.821594,nan
2024-08-09T13:57:12,80.617249,-102.821556,nan
2024-08-09T13:57:12,80.617279,-102.821526,nan
2024-08-09T13:57:11,80.617310,-102.821487,nan
2024-08-09T13:57:11,80.617348,-102.821457,nan
2024-08-09T13:57:10,80.617378,-102.821426,nan
2024-08-09T13:57:10,80.617409,-102.821396,nan
2024-08-09T13:57:09,80.617439,-102.821358,nan
2024-08-09T13:57:09,80.617477,-102.821320,nan
2024-08-09T13:57:08,80.617508,-102.821281,nan
2024-08-09T13:57:08,80.617538,-102.821251,nan
2024-08-09T13:57:07,80.617577,-102.821213,nan
2024-08-09T13:57:07,80.617607,-102.821175,nan
2024-08-09T13:57:06,80.617645,-102.821136,nan
2024-08-09T13:57:06,80.617676,-102.821098,nan
2024-08-09T13:57:05,80.617706,-102.821068,nan
2024-08-09T13:57:05,80.617744,-102.821030,nan
2024-08-09T13:57:04,80.617775,-102.820992,nan
2024-08-09T13:57:04,80.617805,-102.820946,nan
2024-08-09T13:57:03,80.617844,-102.820915,nan
2024-08-09T13:57:03,80.617874,-102.820877,nan
2024-08-09T13:57:02,80.617912,-102.820847,nan
2024-08-09T13:57:02,80.617943,-102.820808,nan
2024-08-09T13:57:01,80.617973,-102.820778,nan
2024-08-09T13:57:01,80.618011,-102.820747,nan
2024-08-09T13:57:00,80.618080,-102.820694,nan
2024-08-09T13:56:59,80.618111,-102.820663,nan
2024-08-09T13:56:59,80.618149,-102.820641,nan
2024-08-09T13:56:58,80.618179,-102.820618,nan
2024-08-09T13:56:58,80.618217,-102.820602,nan
2024-08-09T13:56:57,80.618248,-102.820580,nan
2024-08-09T13:56:57,80.618286,-102.820564,nan
2024-08-09T13:56:56,80.618317,-102.820541,nan
2024-08-09T13:56:56,80.618355,-102.820526,nan
2024-08-09T13:56:55,80.618385,-102.820511,nan
2024-08-09T13:56:55,80.618416,-102.820496,nan
2024-08-09T13:56:54,80.618454,-102.820480,nan
2024-08-09T13:56:54,80.618484,-102.820473,nan
2024-08-09T13:56:53,80.618523,-102.820457,nan
2024-08-09T13:56:53,80.618553,-102.820442,nan
2024-08-09T13:56:52,80.618584,-102.820435,nan
2024-08-09T13:56:52,80.618614,-102.820419,nan
2024-08-09T13:56:51,80.618652,-102.820404,nan
2024-08-09T13:56:51,80.618683,-102.820381,nan
2024-08-09T13:56:50,80.618713,-102.820366,nan
2024-08-09T13:56:50,80.618752,-102.820351,nan
2024-08-09T13:56:49,80.618782,-102.820335,nan
2024-08-09T13:56:49,80.618813,-102.820312,nan
2024-08-09T13:56:48,80.618874,-102.820267,nan
2024-08-09T13:56:47,80.618912,-102.820244,nan
2024-08-09T13:56:47,80.618942,-102.820221,nan
2024-08-09T13:56:46,80.618973,-102.820198,nan
2024-08-09T13:56:46,80.619003,-102.820175,nan
2024-08-09T13:56:45,80.619034,-102.820145,nan
2024-08-09T13:56:45,80.619064,-102.820114,nan
2024-08-09T13:56:44,80.619095,-102.820084,nan
2024-08-09T13:56:44,80.619125,-102.820053,nan
2024-08-09T13:56:43,80.619148,-102.820023,nan
2024-08-09T13:56:43,80.619179,-102.819984,nan
2024-08-09T13:56:42,80.619209,-102.819946,nan
2024-08-09T13:56:42,80.619240,-102.819916,nan
2024-08-09T13:56:41,80.619270,-102.819885,nan
2024-08-09T13:56:41,80.619293,-102.819855,nan
2024-08-09T13:56:40,80.619324,-102.819817,nan
2024-08-09T13:56:40,80.619354,-102.819786,nan
2024-08-09T13:56:39,80.619377,-102.819756,nan
2024-08-09T13:56:39,80.619408,-102.819725,nan
2024-08-09T13:56:38,80.619431,-102.819695,nan
2024-08-09T13:56:38,80.619461,-102.819664,nan
2024-08-09T13:56:37,80.619484,-102.819633,nan
2024-08-09T13:56:37,80.619514,-102.819603,nan
2024-08-09T13:56:36,80.619537,-102.819572,nan
2024-08-09T13:56:36,80.619568,-102.819534,nan
2024-08-09T13:56:35,80.619591,-102.819504,nan
2024-08-09T13:56:35,80.619621,-102.819466,nan
2024-08-09T13:56:34,80.619644,-102.819427,nan
2024-08-09T13:56:34,80.619675,-102.819397,nan
2024-08-09T13:56:33,80.619698,-102.819359,nan
2024-08-09T13:56:33,80.619728,-102.819328,nan
2024-08-09T13:56:32,80.619751,-102.819290,nan
2024-08-09T13:56:32,80.619781,-102.819252,nan
2024-08-09T13:56:31,80.619812,-102.819214,nan
2024-08-09T13:56:31,80.619835,-102.819168,nan
2024-08-09T13:56:30,80.619896,-102.819077,nan
2024-08-09T13:56:29,80.619926,-102.819038,nan
2024-08-09T13:56:29,80.619957,-102.818993,nan
2024-08-09T13:56:28,80.619987,-102.818954,nan
2024-08-09T13:56:28,80.620018,-102.818909,nan
2024-08-09T13:56:27,80.620049,-102.818871,nan
2024-08-09T13:56:27,80.620079,-102.818825,nan
2024-08-09T13:56:26,80.620117,-102.818787,nan
2024-08-09T13:56:26,80.620148,-102.818748,nan
2024-08-09T13:56:25,80.620178,-102.818710,nan
2024-08-09T13:56:25,80.620209,-102.818665,nan
2024-08-09T13:56:24,80.620247,-102.818626,nan
2024-08-09T13:56:24,80.620277,-102.818588,nan
2024-08-09T13:56:23,80.620316,-102.818542,nan
2024-08-09T13:56:23,80.620346,-102.818504,nan
2024-08-09T13:56:22,80.620384,-102.818459,nan
2024-08-09T13:56:22,80.620415,-102.818413,nan
2024-08-09T13:56:21,80.620453,-102.818375,nan
2024-08-09T13:56:21,80.620483,-102.818329,nan
2024-08-09T13:56:20,80.620522,-102.818291,nan
2024-08-09T13:56:20,80.620560,-102.818245,nan
2024-08-09T13:56:19,80.620590,-102.818207,nan
2024-08-09T13:56:19,80.620628,-102.818169,nan
2024-08-09T13:56:18,80.620659,-102.818123,nan
2024-08-09T13:56:18,80.620697,-102.818069,nan
2024-08-09T13:56:17,80.620728,-102.818024,nan
2024-08-09T13:56:17,80.620758,-102.817970,nan
2024-08-09T13:56:16,80.620796,-102.817932,nan
2024-08-09T13:56:16,80.620827,-102.817879,nan
2024-08-09T13:56:15,80.620857,-102.817825,nan
2024-08-09T13:56:15,80.620888,-102.817772,nan
2024-08-09T13:56:14,80.620918,-102.817719,nan
2024-08-09T13:56:14,80.620949,-102.817673,nan
2024-08-09T13:56:13,80.620979,-102.817635,nan
2024-08-09T13:56:13,80.621002,-102.817589,nan
2024-08-09T13:56:12,80.621033,-102.817551,nan
2024-08-09T13:56:12,80.621063,-102.817513,nan
2024-08-09T13:56:11,80.621094,-102.817482,nan
2024-08-09T13:56:11,80.621124,-102.817459,nan
2024-08-09T13:56:10,80.621155,-102.817429,nan
2024-08-09T13:56:10,80.621185,-102.817413,nan
2024-08-09T13:56:09,80.621223,-102.817398,nan
2024-08-09T13:56:09,80.621254,-102.817390,nan
2024-08-09T13:56:08,80.621284,-102.817390,nan
2024-08-09T13:56:08,80.621315,-102.817398,nan
2024-08-09T13:56:07,80.621346,-102.817406,nan
2024-08-09T13:56:07,80.621376,-102.817429,nan
2024-08-09T13:56:06,80.621407,-102.817459,nan
2024-08-09T13:56:06,80.621437,-102.817490,nan
2024-08-09T13:56:05,80.621468,-102.817528,nan
2024-08-09T13:56:05,80.621498,-102.817574,nan
2024-08-09T13:56:04,80.621529,-102.817627,nan
2024-08-09T13:56:04,80.621559,-102.817680,nan
2024-08-09T13:56:03,80.621582,-102.817741,nan
2024-08-09T13:56:03,80.621613,-102.817810,nan
2024-08-09T13:56:02,80.621643,-102.817886,nan
2024-08-09T13:56:02,80.621674,-102.817978,nan
2024-08-09T13:56:01,80.621696,-102.818069,nan
2024-08-09T13:56:01,80.621727,-102.818169,nan
2024-08-09T13:56:00,80.621758,-102.818275,nan
2024-08-09T13:56:00,80.621780,-102.818398,nan
2024-08-09T13:55:59,80.621811,-102.818520,nan
2024-08-09T13:55:59,80.621841,-102.818642,nan
2024-08-09T13:55:58,80.621864,-102.818764,nan
2024-08-09T13:55:58,80.621895,-102.818893,nan
2024-08-09T13:55:57,80.621925,-102.819016,nan
2024-08-09T13:55:57,80.621956,-102.819145,nan
2024-08-09T13:55:56,80.621986,-102.819275,nan
2024-08-09T13:55:56,80.622017,-102.819405,nan
2024-08-09T13:55:55,80.622047,-102.819534,nan
2024-08-09T13:55:55,80.622078,-102.819672,nan
2024-08-09T13:55:54,80.622116,-102.819801,nan
2024-08-09T13:55:54,80.622147,-102.819939,nan
2024-08-09T13:55:53,80.622177,-102.820068,nan
2024-08-09T13:55:53,80.622215,-102.820213,nan
2024-08-09T13:55:52,80.622253,-102.820351,nan
2024-08-09T13:55:52,80.622284,-102.820503,nan
2024-08-09T13:55:51,80.622322,-102.820648,nan
2024-08-09T13:55:51,80.622360,-102.820808,nan
2024-08-09T13:55:50,80.622398,-102.820969,nan
2024-08-09T13:55:50,80.622437,-102.821136,nan
2024-08-09T13:55:49,80.622475,-102.821304,nan
2024-08-09T13:55:49,80.622520,-102.821472,nan
2024-08-09T13:55:48,80.622559,-102.821648,nan
2024-08-09T13:55:48,80.622597,-102.821831,nan
2024-08-09T13:55:47,80.622643,-102.822014,nan
2024-08-09T13:55:47,80.622681,-102.822197,nan
2024-08-09T13:55:46,80.622726,-102.822388,nan
2024-08-09T13:55:46,80.622765,-102.822578,nan
2024-08-09T13:55:45,80.622810,-102.822769,nan
2024-08-09T13:55:45,80.622849,-102.822968,nan
2024-08-09T13:55:44,80.622894,-102.823166,nan
2024-08-09T13:55:44,80.622940,-102.823364,nan
2024-08-09T13:55:43,80.622978,-102.823570,nan
2024-08-09T13:55:43,80.623016,-102.823776,nan
2024-08-09T13:55:42,80.623062,-102.823982,nan
2024-08-09T13:55:42,80.623100,-102.824188,nan
2024-08-09T13:55:41,80.623146,-102.824409,nan
2024-08-09T13:55:41,80.623184,-102.824623,nan
2024-08-09T13:55:40,80.623230,-102.824852,nan
2024-08-09T13:55:40,80.623268,-102.825081,nan
2024-08-09T13:55:39,80.623314,-102.825310,nan
2024-08-09T13:55:39,80.623360,-102.825539,nan
2024-08-09T13:55:38,80.623398,-102.825768,nan
2024-08-09T13:55:38,80.623444,-102.826004,nan
2024-08-09T13:55:37,80.623482,-102.826233,nan
2024-08-09T13:55:37,80.623520,-102.826469,nan
2024-08-09T13:55:36,80.623566,-102.826698,nan
2024-08-09T13:55:35,80.623650,-102.827156,nan
2024-08-09T13:55:35,80.623688,-102.827385,nan
2024-08-09T13:55:34,80.623726,-102.827614,nan
2024-08-09T13:55:34,80.623772,-102.827843,nan
2024-08-09T13:55:33,80.623810,-102.828072,nan
2024-08-09T13:55:33,80.623848,-102.828300,nan
2024-08-09T13:55:32,80.623886,-102.828529,nan
2024-08-09T13:55:32,80.623932,-102.828751,nan
2024-08-09T13:55:31,80.623970,-102.828987,nan
2024-08-09T13:55:31,80.624008,-102.829216,nan
2024-08-09T13:55:30,80.624054,-102.829453,nan
2024-08-09T13:55:30,80.624092,-102.829697,nan
2024-08-09T13:55:29,80.624130,-102.829933,nan
2024-08-09T13:55:29,80.624176,-102.830170,nan
2024-08-09T13:55:28,80.624214,-102.830414,nan
2024-08-09T13:55:27,80.624298,-102.830902,nan
2024-08-09T13:55:27,80.624344,-102.831146,nan
2024-08-09T13:55:26,80.624390,-102.831390,nan
2024-08-09T13:55:26,80.624435,-102.831642,nan
2024-08-09T13:55:25,80.624474,-102.831886,nan
2024-08-09T13:55:25,80.624519,-102.832146,nan
2024-08-09T13:55:24,80.624565,-102.832405,nan
2024-08-09T13:55:24,80.624611,-102.832664,nan
2024-08-09T13:55:23,80.624657,-102.832932,nan
2024-08-09T13:55:23,80.624702,-102.833199,nan
2024-08-09T13:55:22,80.624748,-102.833466,nan
2024-08-09T13:55:22,80.624794,-102.833740,nan
2024-08-09T13:55:21,80.624840,-102.834007,nan
2024-08-09T13:55:20,80.624939,-102.834557,nan
2024-08-09T13:55:20,80.624992,-102.834831,nan
2024-08-09T13:55:19,80.625046,-102.835114,nan
2024-08-09T13:55:19,80.625092,-102.835396,nan
2024-08-09T13:55:18,80.625145,-102.835678,nan
2024-08-09T13:55:18,80.625198,-102.835968,nan
2024-08-09T13:55:17,80.625244,-102.836258,nan
2024-08-09T13:55:17,80.625298,-102.836548,nan
2024-08-09T13:55:16,80.625343,-102.836838,nan
2024-08-09T13:55:16,80.625397,-102.837135,nan
2024-08-09T13:55:15,80.625450,-102.837433,nan
2024-08-09T13:55:15,80.625496,-102.837730,nan
2024-08-09T13:55:14,80.625549,-102.838028,nan
2024-08-09T13:55:14,80.625595,-102.838333,nan
2024-08-09T13:55:13,80.625641,-102.838631,nan
2024-08-09T13:55:13,80.625694,-102.838936,nan
2024-08-09T13:55:12,80.625740,-102.839241,nan
2024-08-09T13:55:12,80.625786,-102.839539,nan
2024-08-09T13:55:11,80.625839,-102.839844,nan
2024-08-09T13:55:11,80.625885,-102.840149,nan
2024-08-09T13:55:10,80.625931,-102.840454,nan
2024-08-09T13:55:10,80.625977,-102.840767,nan
2024-08-09T13:55:09,80.626022,-102.841072,nan
2024-08-09T13:55:09,80.626076,-102.841377,nan
2024-08-09T13:55:08,80.626122,-102.841690,nan
2024-08-09T13:55:08,80.626167,-102.842003,nan
2024-08-09T13:55:07,80.626213,-102.842308,nan
2024-08-09T13:55:07,80.626259,-102.842621,nan
2024-08-09T13:55:06,80.626305,-102.842926,nan
2024-08-09T13:55:06,80.626350,-102.843231,nan
2024-08-09T13:55:05,80.626396,-102.843536,nan
2024-08-09T13:55:05,80.626442,-102.843842,nan
2024-08-09T13:55:04,80.626488,-102.844139,nan
2024-08-09T13:55:04,80.626534,-102.844437,nan
2024-08-09T13:55:03,80.626579,-102.844742,nan
2024-08-09T13:55:03,80.626617,-102.845039,nan
2024-08-09T13:55:02,80.626663,-102.845345,nan
2024-08-09T13:55:02,80.626709,-102.845642,nan
2024-08-09T13:55:01,80.626755,-102.845947,nan
2024-08-09T13:55:01,80.626801,-102.846245,nan
2024-08-09T13:55:00,80.626839,-102.846550,nan
2024-08-09T13:55:00,80.626884,-102.846855,nan
2024-08-09T13:54:59,80.626930,-102.847160,nan
2024-08-09T13:54:59,80.626968,-102.847466,nan
2024-08-09T13:54:58,80.627014,-102.847771,nan
2024-08-09T13:54:58,80.627060,-102.848083,nan
2024-08-09T13:54:57,80.627098,-102.848396,nan
2024-08-09T13:54:51,80.627594,-102.852242,nan
2024-08-09T13:54:50,80.627670,-102.852905,nan
2024-08-09T13:54:50,80.627716,-102.853241,nan
2024-08-09T13:54:49,80.627754,-102.853577,nan
2024-08-09T13:54:49,80.627792,-102.853905,nan
2024-08-09T13:54:48,80.627831,-102.854240,nan
2024-08-09T13:54:48,80.627869,-102.854576,nan
2024-08-09T13:54:47,80.627914,-102.854912,nan
2024-08-09T13:54:47,80.627953,-102.855247,nan
2024-08-09T13:54:46,80.627991,-102.855583,nan
2024-08-09T13:54:46,80.628029,-102.855927,nan
2024-08-09T13:54:45,80.628067,-102.856270,nan
2024-08-09T13:54:45,80.628113,-102.856613,nan
2024-08-09T13:54:44,80.628151,-102.856949,nan
2024-08-09T13:54:44,80.628189,-102.857292,nan
2024-08-09T13:54:43,80.628227,-102.857635,nan
2024-08-09T13:54:43,80.628265,-102.857979,nan
2024-08-09T13:54:42,80.628304,-102.858322,nan
2024-08-09T13:54:42,80.628342,-102.858665,nan
2024-08-09T13:54:41,80.628387,-102.859009,nan
2024-08-09T13:54:41,80.628426,-102.859352,nan
2024-08-09T13:54:40,80.628464,-102.859695,nan
2024-08-09T13:54:40,80.628502,-102.860039,nan
2024-08-09T13:54:39,80.628540,-102.860382,nan
2024-08-09T13:54:39,80.628578,-102.860725,nan
2024-08-09T13:54:38,80.628616,-102.861069,nan
2024-08-09T13:54:38,80.628654,-102.861420,nan
2024-08-09T13:54:37,80.628693,-102.861763,nan
2024-08-09T13:54:37,80.628731,-102.862114,nan
2024-08-09T13:54:36,80.628777,-102.862457,nan
2024-08-09T13:54:36,80.628815,-102.862808,nan
2024-08-09T13:54:35,80.628853,-102.863159,nan
2024-08-09T13:54:35,80.628891,-102.863510,nan
2024-08-09T13:54:34,80.628929,-102.863861,nan
2024-08-09T13:54:34,80.628967,-102.864212,nan
2024-08-09T13:54:33,80.629013,-102.864563,nan
2024-08-09T13:54:33,80.629051,-102.864914,nan
2024-08-09T13:54:32,80.629089,-102.865265,nan
2024-08-09T13:54:32,80.629128,-102.865623,nan
2024-08-09T13:54:31,80.629166,-102.865974,nan
2024-08-09T13:54:31,80.629204,-102.866333,nan
2024-08-09T13:54:30,80.629242,-102.866692,nan
2024-08-09T13:54:30,80.629280,-102.867043,nan
2024-08-09T13:54:29,80.629318,-102.867409,nan
2024-08-09T13:54:29,80.629356,-102.867767,nan
2024-08-09T13:54:28,80.629395,-102.868126,nan
2024-08-09T13:54:28,80.629433,-102.868484,nan
2024-08-09T13:54:27,80.629509,-102.869202,nan
2024-08-09T13:54:26,80.629547,-102.869560,nan
2024-08-09T13:54:25,80.629623,-102.870277,nan
2024-08-09T13:54:25,80.629662,-102.870636,nan
2024-08-09T13:54:24,80.629700,-102.870995,nan
2024-08-09T13:54:24,80.629730,-102.871361,nan
2024-08-09T13:54:23,80.629768,-102.871719,nan
2024-08-09T13:54:23,80.629807,-102.872086,nan
2024-08-09T13:54:22,80.629845,-102.872444,nan
2024-08-09T13:54:22,80.629883,-102.872810,nan
2024-08-09T13:54:21,80.629921,-102.873177,nan
2024-08-09T13:54:21,80.629951,-102.873543,nan
2024-08-09T13:54:20,80.629990,-102.873917,nan
2024-08-09T13:54:20,80.630028,-102.874290,nan
2024-08-09T13:54:19,80.630066,-102.874664,nan
2024-08-09T13:54:19,80.630096,-102.875038,nan
2024-08-09T13:54:18,80.630135,-102.875420,nan
2024-08-09T13:54:18,80.630173,-102.875801,nan
2024-08-09T13:54:17,80.630203,-102.876175,nan
2024-08-09T13:54:17,80.630241,-102.876556,nan
2024-08-09T13:54:16,80.630280,-102.876945,nan
2024-08-09T13:54:16,80.630310,-102.877327,nan
2024-08-09T13:54:15,80.630348,-102.877716,nan
2024-08-09T13:54:15,80.630386,-102.878105,nan
2024-08-09T13:54:14,80.630424,-102.878494,nan
2024-08-09T13:54:14,80.630455,-102.878883,nan
2024-08-09T13:54:13,80.630493,-102.879272,nan
2024-08-09T13:54:13,80.630531,-102.879669,nan
2024-08-09T13:54:12,80.630569,-102.880066,nan
2024-08-09T13:54:12,80.630608,-102.880463,nan
2024-08-09T13:54:11,80.630646,-102.880859,nan
2024-08-09T13:54:10,80.630760,-102.882050,nan
2024-08-09T13:54:09,80.630806,-102.882446,nan
2024-08-09T13:54:09,80.630844,-102.882843,nan
2024-08-09T13:54:08,80.630882,-102.883247,nan
2024-08-09T13:54:08,80.630920,-102.883652,nan
2024-08-09T13:54:07,80.630959,-102.884056,nan
2024-08-09T13:54:07,80.630997,-102.884460,nan
2024-08-09T13:54:06,80.631042,-102.884857,nan
2024-08-09T13:54:06,80.631081,-102.885262,nan
2024-08-09T13:54:05,80.631119,-102.885666,nan
2024-08-09T13:54:05,80.631157,-102.886078,nan
2024-08-09T13:54:04,80.631195,-102.886482,nan
2024-08-09T13:54:04,80.631233,-102.886887,nan
2024-08-09T13:54:03,80.631264,-102.887299,nan
2024-08-09T13:54:03,80.631302,-102.887703,nan
2024-08-09T13:54:02,80.631340,-102.888115,nan
2024-08-09T13:54:02,80.631378,-102.888519,nan
2024-08-09T13:54:01,80.631416,-102.888931,nan
2024-08-09T13:54:00,80.631493,-102.889740,nan
2024-08-09T13:54:00,80.631531,-102.890144,nan
2024-08-09T13:53:59,80.631569,-102.890549,nan
2024-08-09T13:53:59,80.631607,-102.890953,nan
2024-08-09T13:53:58,80.631645,-102.891357,nan
2024-08-09T13:53:58,80.631683,-102.891762,nan
2024-08-09T13:53:57,80.631729,-102.892166,nan
2024-08-09T13:53:57,80.631767,-102.892570,nan
2024-08-09T13:53:56,80.631805,-102.892975,nan
2024-08-09T13:53:56,80.631844,-102.893379,nan
2024-08-09T13:53:55,80.631882,-102.893791,nan
2024-08-09T13:53:55,80.631927,-102.894196,nan
2024-08-09T13:53:54,80.631966,-102.894608,nan
2024-08-09T13:53:54,80.632004,-102.895012,nan
2024-08-09T13:53:53,80.632042,-102.895416,nan
2024-08-09T13:53:53,80.632088,-102.895828,nan
2024-08-09T13:53:52,80.632126,-102.896233,nan
2024-08-09T13:53:52,80.632164,-102.896645,nan
2024-08-09T13:53:51,80.632210,-102.897057,nan
2024-08-09T13:53:51,80.632248,-102.897469,nan
2024-08-09T13:53:50,80.632286,-102.897881,nan
2024-08-09T13:53:50,80.632324,-102.898293,nan
2024-08-09T13:53:49,80.632362,-102.898705,nan
2024-08-09T13:53:49,80.632408,-102.899124,nan
2024-08-09T13:53:48,80.632446,-102.899544,nan
2024-08-09T13:53:48,80.632484,-102.899971,nan
2024-08-09T13:53:47,80.632523,-102.900398,nan
2024-08-09T13:53:47,80.632561,-102.900826,nan
2024-08-09T13:53:46,80.632599,-102.901260,nan
2024-08-09T13:53:46,80.632637,-102.901695,nan
2024-08-09T13:53:45,80.632675,-102.902122,nan
2024-08-09T13:53:45,80.632713,-102.902557,nan
2024-08-09T13:53:44,80.632751,-102.902992,nan
2024-08-09T13:53:44,80.632790,-102.903427,nan
2024-08-09T13:53:43,80.632828,-102.903862,nan
2024-08-09T13:53:43,80.632866,-102.904297,nan
2024-08-09T13:53:42,80.632904,-102.904739,nan
2024-08-09T13:53:42,80.632942,-102.905174,nan
2024-08-09T13:53:41,80.632973,-102.905617,nan
2024-08-09T13:53:41,80.633011,-102.906052,nan
2024-08-09T13:53:40,80.633049,-102.906487,nan
2024-08-09T13:53:40,80.633087,-102.906929,nan
2024-08-09T13:53:39,80.633125,-102.907372,nan
2024-08-09T13:53:39,80.633163,-102.907806,nan
2024-08-09T13:53:38,80.633202,-102.908249,nan
2024-08-09T13:53:38,80.633240,-102.908684,nan
2024-08-09T13:53:37,80.633278,-102.909126,nan
2024-08-09T13:53:37,80.633308,-102.909561,nan
2024-08-09T13:53:36,80.633354,-102.909996,nan
2024-08-09T13:53:36,80.633392,-102.910431,nan
2024-08-09T13:53:35,80.633430,-102.910866,nan
2024-08-09T13:53:35,80.633469,-102.911301,nan
2024-08-09T13:53:34,80.633507,-102.911728,nan
2024-08-09T13:53:34,80.633545,-102.912163,nan
2024-08-09T13:53:33,80.633583,-102.912598,nan
2024-08-09T13:53:33,80.633621,-102.913025,nan
2024-08-09T13:53:32,80.633659,-102.913460,nan
2024-08-09T13:53:32,80.633705,-102.913887,nan
2024-08-09T13:53:31,80.633743,-102.914314,nan
2024-08-09T13:53:31,80.633781,-102.914749,nan
2024-08-09T13:53:30,80.633820,-102.915176,nan
2024-08-09T13:53:30,80.633858,-102.915604,nan
2024-08-09T13:53:29,80.633904,-102.916039,nan
2024-08-09T13:53:29,80.633942,-102.916466,nan
2024-08-09T13:53:28,80.633980,-102.916885,nan
2024-08-09T13:53:28,80.634018,-102.917313,nan
2024-08-09T13:53:27,80.634064,-102.917740,nan
2024-08-09T13:53:27,80.634102,-102.918167,nan
2024-08-09T13:53:26,80.634186,-102.919014,nan
2024-08-09T13:53:25,80.634224,-102.919434,nan
2024-08-09T13:53:25,80.634270,-102.919853,nan
2024-08-09T13:53:24,80.634308,-102.920280,nan
2024-08-09T13:53:24,80.634346,-102.920700,nan
2024-08-09T13:53:23,80.634392,-102.921127,nan
2024-08-09T13:53:23,80.634430,-102.921555,nan
2024-08-09T13:53:22,80.634476,-102.921974,nan
2024-08-09T13:53:22,80.634514,-102.922401,nan
2024-08-09T13:53:21,80.634560,-102.922829,nan
2024-08-09T13:53:21,80.634605,-102.923256,nan
2024-08-09T13:53:20,80.634644,-102.923683,nan
2024-08-09T13:53:20,80.634689,-102.924118,nan
2024-08-09T13:53:19,80.634727,-102.924561,nan
2024-08-09T13:53:19,80.634773,-102.925003,nan
2024-08-09T13:53:18,80.634819,-102.925446,nan
2024-08-09T13:53:18,80.634857,-102.925896,nan
2024-08-09T13:53:17,80.634903,-102.926346,nan
2024-08-09T13:53:17,80.634949,-102.926796,nan
2024-08-09T13:53:16,80.634995,-102.927254,nan
2024-08-09T13:53:16,80.635033,-102.927704,nan
2024-08-09T13:53:15,80.635078,-102.928162,nan
2024-08-09T13:53:15,80.635124,-102.928619,nan
2024-08-09T13:53:14,80.635170,-102.929077,nan
2024-08-09T13:53:14,80.635208,-102.929543,nan
2024-08-09T13:53:13,80.635254,-102.930000,nan
2024-08-09T13:53:13,80.635300,-102.930466,nan
2024-08-09T13:53:12,80.635345,-102.930923,nan
2024-08-09T13:53:12,80.635391,-102.931389,nan
2024-08-09T13:53:11,80.635429,-102.931862,nan
2024-08-09T13:53:11,80.635475,-102.932335,nan
2024-08-09T13:53:10,80.635521,-102.932816,nan
2024-08-09T13:53:10,80.635567,-102.933296,nan
2024-08-09T13:53:09,80.635605,-102.933777,nan
2024-08-09T13:53:09,80.635651,-102.934265,nan
2024-08-09T13:53:08,80.635696,-102.934761,nan
2024-08-09T13:53:08,80.635742,-102.935257,nan
2024-08-09T13:53:07,80.635788,-102.935760,nan
2024-08-09T13:53:07,80.635834,-102.936264,nan
2024-08-09T13:53:06,80.635880,-102.936768,nan
2024-08-09T13:53:06,80.635925,-102.937279,nan
2024-08-09T13:53:05,80.635971,-102.937790,nan
2024-08-09T13:53:05,80.636017,-102.938301,nan
2024-08-09T13:53:04,80.636063,-102.938812,nan
2024-08-09T13:53:04,80.636108,-102.939331,nan
2024-08-09T13:53:03,80.636154,-102.939857,nan
2024-08-09T13:53:03,80.636208,-102.940376,nan
2024-08-09T13:53:02,80.636253,-102.940910,nan
2024-08-09T13:53:02,80.636299,-102.941444,nan
2024-08-09T13:53:01,80.636345,-102.941978,nan
2024-08-09T13:53:01,80.636391,-102.942520,nan
2024-08-09T13:53:00,80.636436,-102.943054,nan
2024-08-09T13:53:00,80.636482,-102.943596,nan
2024-08-09T13:52:59,80.636528,-102.944145,nan
2024-08-09T13:52:59,80.636574,-102.944687,nan
2024-08-09T13:52:58,80.636620,-102.945229,nan
2024-08-09T13:52:58,80.636673,-102.945770,nan
2024-08-09T13:52:57,80.636719,-102.946320,nan
2024-08-09T13:52:57,80.636772,-102.946869,nan
2024-08-09T13:52:56,80.636826,-102.947418,nan
2024-08-09T13:52:56,80.636871,-102.947968,nan
2024-08-09T13:52:55,80.636925,-102.948517,nan
2024-08-09T13:52:55,80.636971,-102.949074,nan
2024-08-09T13:52:54,80.637024,-102.949623,nan
2024-08-09T13:52:54,80.637070,-102.950180,nan
2024-08-09T13:52:53,80.637123,-102.950729,nan
2024-08-09T13:52:53,80.637169,-102.951279,nan
2024-08-09T13:52:52,80.637222,-102.951836,nan
2024-08-09T13:52:52,80.637276,-102.952385,nan
2024-08-09T13:52:51,80.637321,-102.952934,nan
2024-08-09T13:52:51,80.637375,-102.953484,nan
2024-08-09T13:52:50,80.637428,-102.954041,nan
2024-08-09T13:52:50,80.637482,-102.954590,nan
2024-08-09T13:52:49,80.637527,-102.955147,nan
2024-08-09T13:52:49,80.637581,-102.955704,nan
2024-08-09T13:52:48,80.637634,-102.956261,nan
2024-08-09T13:52:48,80.637680,-102.956818,nan
2024-08-09T13:52:47,80.637733,-102.957375,nan
2024-08-09T13:52:47,80.637787,-102.957932,nan
2024-08-09T13:52:46,80.637833,-102.958488,nan
2024-08-09T13:52:46,80.637886,-102.959053,nan
2024-08-09T13:52:45,80.637939,-102.959610,nan
2024-08-09T13:52:45,80.637993,-102.960175,nan
2024-08-09T13:52:43,80.638145,-102.961876,nan
2024-08-09T13:52:43,80.638199,-102.962448,nan
2024-08-09T13:52:38,80.638680,-102.967621,nan
2024-08-09T13:52:38,80.638725,-102.968208,nan
2024-08-09T13:52:37,80.638779,-102.968788,nan
2024-08-09T13:52:37,80.638832,-102.969376,nan
2024-08-09T13:52:36,80.638885,-102.969955,nan
2024-08-09T13:52:36,80.638931,-102.970543,nan
2024-08-09T13:52:35,80.638985,-102.971130,nan
2024-08-09T13:52:35,80.639038,-102.971725,nan
2024-08-09T13:52:34,80.639091,-102.972313,nan
2024-08-09T13:52:34,80.639137,-102.972908,nan
2024-08-09T13:52:33,80.639191,-102.973495,nan
2024-08-09T13:52:33,80.639244,-102.974091,nan
2024-08-09T13:52:32,80.639290,-102.974693,nan
2024-08-09T13:52:32,80.639343,-102.975288,nan
2024-08-09T13:52:31,80.639397,-102.975891,nan
2024-08-09T13:52:31,80.639442,-102.976486,nan
2024-08-09T13:52:30,80.639496,-102.977089,nan
2024-08-09T13:52:30,80.639549,-102.977684,nan
2024-08-09T13:52:29,80.639603,-102.978279,nan
2024-08-09T13:52:29,80.639656,-102.978874,nan
2024-08-09T13:52:28,80.639709,-102.979462,nan
2024-08-09T13:52:28,80.639763,-102.980057,nan
2024-08-09T13:52:27,80.639816,-102.980652,nan
2024-08-09T13:52:27,80.639870,-102.981239,nan
2024-08-09T13:52:26,80.639915,-102.981834,nan
2024-08-09T13:52:26,80.639977,-102.982422,nan
2024-08-09T13:52:25,80.640022,-102.983017,nan
2024-08-09T13:52:25,80.640076,-102.983612,nan
2024-08-09T13:52:24,80.640137,-102.984207,nan
2024-08-09T13:52:24,80.640190,-102.984810,nan
2024-08-09T13:52:23,80.640244,-102.985413,nan
2024-08-09T13:52:23,80.640297,-102.986023,nan
2024-08-09T13:52:22,80.640350,-102.986633,nan
2024-08-09T13:52:22,80.640404,-102.987251,nan
2024-08-09T13:52:21,80.640457,-102.987869,nan
2024-08-09T13:52:21,80.640511,-102.988487,nan
2024-08-09T13:52:20,80.640572,-102.989113,nan
2024-08-09T13:52:20,80.640625,-102.989738,nan
2024-08-09T13:52:19,80.640678,-102.990372,nan
2024-08-09T13:52:19,80.640739,-102.991005,nan
2024-08-09T13:52:18,80.640793,-102.991638,nan
2024-08-09T13:52:18,80.640846,-102.992279,nan
2024-08-09T13:52:17,80.640907,-102.992912,nan
2024-08-09T13:52:17,80.640961,-102.993553,nan
2024-08-09T13:52:16,80.641022,-102.994194,nan
2024-08-09T13:52:16,80.641075,-102.994843,nan
2024-08-09T13:52:15,80.641136,-102.995483,nan
2024-08-09T13:52:15,80.641197,-102.996132,nan
2024-08-09T13:52:14,80.641251,-102.996773,nan
2024-08-09T13:52:14,80.641312,-102.997421,nan
2024-08-09T13:52:13,80.641373,-102.998077,nan
2024-08-09T13:52:13,80.641434,-102.998726,nan
2024-08-09T13:52:12,80.641487,-102.999382,nan
2024-08-09T13:52:12,80.641548,-103.000046,nan
2024-08-09T13:52:11,80.641609,-103.000702,nan
2024-08-09T13:52:11,80.641663,-103.001358,nan
2024-08-09T13:52:10,80.641724,-103.002022,nan
2024-08-09T13:52:10,80.641785,-103.002678,nan
2024-08-09T13:52:09,80.641838,-103.003342,nan
2024-08-09T13:52:09,80.641899,-103.004005,nan
2024-08-09T13:52:08,80.641960,-103.004669,nan
2024-08-09T13:52:08,80.642014,-103.005333,nan
2024-08-09T13:52:07,80.642075,-103.006004,nan
2024-08-09T13:52:07,80.642136,-103.006668,nan
2024-08-09T13:52:06,80.642189,-103.007339,nan
2024-08-09T13:52:06,80.642250,-103.008011,nan
2024-08-09T13:52:05,80.642311,-103.008682,nan
2024-08-09T13:52:05,80.642365,-103.009361,nan
2024-08-09T13:52:04,80.642426,-103.010033,nan
2024-08-09T13:52:04,80.642487,-103.010712,nan
2024-08-09T13:52:03,80.642540,-103.011391,nan
2024-08-09T13:52:03,80.642601,-103.012077,nan
2024-08-09T13:52:02,80.642662,-103.012756,nan
2024-08-09T13:52:02,80.642715,-103.013443,nan
2024-08-09T13:52:01,80.642776,-103.014130,nan
2024-08-09T13:52:01,80.642838,-103.014816,nan
2024-08-09T13:52:00,80.642899,-103.015503,nan
2024-08-09T13:52:00,80.642960,-103.016190,nan
2024-08-09T13:51:59,80.643013,-103.016884,nan
2024-08-09T13:51:59,80.643074,-103.017578,nan
2024-08-09T13:51:58,80.643135,-103.018272,nan
2024-08-09T13:51:58,80.643196,-103.018967,nan
2024-08-09T13:51:57,80.643257,-103.019661,nan
2024-08-09T13:51:57,80.643318,-103.020363,nan
2024-08-09T13:51:56,80.643379,-103.021065,nan
2024-08-09T13:51:56,80.643440,-103.021767,nan
2024-08-09T13:51:55,80.643501,-103.022469,nan
2024-08-09T13:51:55,80.643562,-103.023178,nan
2024-08-09T13:51:54,80.643623,-103.023888,nan
2024-08-09T13:51:54,80.643684,-103.024597,nan
2024-08-09T13:51:53,80.643745,-103.025314,nan
2024-08-09T13:51:53,80.643806,-103.026024,nan
2024-08-09T13:51:52,80.643867,-103.026741,nan
2024-08-09T13:51:52,80.643936,-103.027451,nan
2024-08-09T13:51:51,80.643997,-103.028168,nan
2024-08-09T13:51:51,80.644058,-103.028885,nan
2024-08-09T13:51:50,80.644119,-103.029602,nan
2024-08-09T13:51:50,80.644180,-103.030319,nan
2024-08-09T13:51:49,80.644241,-103.031036,nan
2024-08-09T13:51:49,80.644302,-103.031761,nan
2024-08-09T13:51:48,80.644371,-103.032478,nan
2024-08-09T13:51:48,80.644432,-103.033195,nan
2024-08-09T13:51:47,80.644493,-103.033913,nan
2024-08-09T13:51:47,80.644554,-103.034630,nan
2024-08-09T13:51:46,80.644615,-103.035347,nan
2024-08-09T13:51:46,80.644684,-103.036064,nan
2024-08-09T13:51:45,80.644745,-103.036781,nan
2024-08-09T13:51:45,80.644806,-103.037506,nan
2024-08-09T13:51:44,80.644875,-103.038223,nan
2024-08-09T13:51:44,80.644936,-103.038940,nan
2024-08-09T13:51:43,80.644997,-103.039665,nan
2024-08-09T13:51:43,80.645058,-103.040390,nan
2024-08-09T13:51:42,80.645126,-103.041115,nan
2024-08-09T13:51:42,80.645187,-103.041840,nan
2024-08-09T13:51:41,80.645248,-103.042564,nan
2024-08-09T13:51:41,80.645309,-103.043289,nan
2024-08-09T13:51:40,80.645378,-103.044014,nan
2024-08-09T13:51:40,80.645439,-103.044746,nan
2024-08-09T13:51:39,80.645500,-103.045479,nan
2024-08-09T13:51:39,80.645561,-103.046204,nan
2024-08-09T13:51:38,80.645622,-103.046944,nan
2024-08-09T13:51:37,80.645813,-103.049149,nan
2024-08-09T13:51:36,80.645874,-103.049889,nan
2024-08-09T13:51:36,80.645935,-103.050629,nan
2024-08-09T13:51:35,80.645996,-103.051376,nan
2024-08-09T13:51:35,80.646065,-103.052116,nan
2024-08-09T13:51:34,80.646126,-103.052864,nan
2024-08-09T13:51:34,80.646187,-103.053612,nan
2024-08-09T13:51:33,80.646248,-103.054359,nan
2024-08-09T13:51:33,80.646317,-103.055107,nan
2024-08-09T13:51:32,80.646378,-103.055862,nan
2024-08-09T13:51:32,80.646439,-103.056618,nan
2024-08-09T13:51:31,80.646507,-103.057381,nan
2024-08-09T13:51:31,80.646568,-103.058136,nan
2024-08-09T13:51:30,80.646629,-103.058907,nan
2024-08-09T13:51:30,80.646698,-103.059669,nan
2024-08-09T13:51:29,80.646759,-103.060448,nan
2024-08-09T13:51:29,80.646828,-103.061218,nan
2024-08-09T13:51:28,80.646889,-103.062004,nan
2024-08-09T13:51:28,80.646950,-103.062790,nan
2024-08-09T13:51:27,80.647018,-103.063576,nan
2024-08-09T13:51:27,80.647087,-103.064369,nan
2024-08-09T13:51:26,80.647148,-103.065170,nan
2024-08-09T13:51:26,80.647217,-103.065971,nan
2024-08-09T13:51:25,80.647285,-103.066772,nan
2024-08-09T13:51:25,80.647354,-103.067574,nan
2024-08-09T13:51:24,80.647423,-103.068375,nan
2024-08-09T13:51:24,80.647491,-103.069176,nan
2024-08-09T13:51:23,80.647560,-103.069977,nan
2024-08-09T13:51:23,80.647629,-103.070778,nan
2024-08-09T13:51:22,80.647697,-103.071579,nan
2024-08-09T13:51:22,80.647774,-103.072380,nan
2024-08-09T13:51:21,80.647842,-103.073189,nan
2024-08-09T13:51:21,80.647911,-103.073990,nan
2024-08-09T13:51:20,80.647987,-103.074799,nan
2024-08-09T13:51:20,80.648056,-103.075600,nan
2024-08-09T13:51:19,80.648125,-103.076408,nan
2024-08-09T13:51:19,80.648201,-103.077217,nan
2024-08-09T13:51:18,80.648270,-103.078033,nan
2024-08-09T13:51:18,80.648346,-103.078850,nan
2024-08-09T13:51:17,80.648415,-103.079674,nan
2024-08-09T13:51:17,80.648491,-103.080498,nan
2024-08-09T13:51:16,80.648560,-103.081322,nan
2024-08-09T13:51:16,80.648636,-103.082153,nan
2024-08-09T13:51:15,80.648705,-103.082977,nan
2024-08-09T13:51:15,80.648781,-103.083809,nan
2024-08-09T13:51:14,80.648849,-103.084641,nan
2024-08-09T13:51:14,80.648926,-103.085464,nan
2024-08-09T13:51:13,80.648994,-103.086296,nan
2024-08-09T13:51:13,80.649063,-103.087120,nan
2024-08-09T13:51:12,80.649132,-103.087944,nan
2024-08-09T13:51:12,80.649200,-103.088768,nan
2024-08-09T13:51:11,80.649269,-103.089592,nan
2024-08-09T13:51:11,80.649338,-103.090408,nan
2024-08-09T13:51:10,80.649406,-103.091232,nan
2024-08-09T13:51:10,80.649475,-103.092049,nan
2024-08-09T13:51:09,80.649544,-103.092873,nan
2024-08-09T13:51:09,80.649605,-103.093697,nan
2024-08-09T13:51:08,80.649673,-103.094521,nan
2024-08-09T13:51:08,80.649742,-103.095345,nan
2024-08-09T13:51:07,80.649811,-103.096176,nan
2024-08-09T13:51:07,80.649879,-103.097008,nan
2024-08-09T13:51:06,80.649948,-103.097839,nan
2024-08-09T13:51:06,80.650017,-103.098679,nan
2024-08-09T13:51:05,80.650085,-103.099518,nan
2024-08-09T13:51:05,80.650154,-103.100357,nan
2024-08-09T13:51:04,80.650223,-103.101196,nan
2024-08-09T13:51:04,80.650291,-103.102043,nan
2024-08-09T13:51:03,80.650360,-103.102882,nan
2024-08-09T13:51:03,80.650429,-103.103729,nan
2024-08-09T13:51:02,80.650497,-103.104576,nan
2024-08-09T13:51:02,80.650566,-103.105423,nan
2024-08-09T13:51:01,80.650635,-103.106270,nan
2024-08-09T13:51:01,80.650703,-103.107117,nan
2024-08-09T13:51:00,80.650772,-103.107971,nan
2024-08-09T13:51:00,80.650841,-103.108818,nan
2024-08-09T13:50:59,80.650917,-103.109665,nan
2024-08-09T13:50:59,80.650986,-103.110519,nan
2024-08-09T13:50:58,80.651054,-103.111366,nan
2024-08-09T13:50:58,80.651131,-103.112213,nan
2024-08-09T13:50:57,80.651199,-103.113060,nan
2024-08-09T13:50:57,80.651268,-103.113914,nan
2024-08-09T13:50:56,80.651344,-103.114761,nan
2024-08-09T13:50:56,80.651413,-103.115616,nan
2024-08-09T13:50:55,80.651482,-103.116470,nan
2024-08-09T13:50:55,80.651558,-103.117325,nan
2024-08-09T13:50:54,80.651627,-103.118187,nan
2024-08-09T13:50:54,80.651695,-103.119041,nan
2024-08-09T13:50:53,80.651772,-103.119904,nan
2024-08-09T13:50:53,80.651840,-103.120766,nan
2024-08-09T13:50:52,80.651909,-103.121628,nan
2024-08-09T13:50:52,80.651978,-103.122482,nan
2024-08-09T13:50:51,80.652046,-103.123344,nan
2024-08-09T13:50:51,80.652115,-103.124199,nan
2024-08-09T13:50:50,80.652184,-103.125061,nan
2024-08-09T13:50:50,80.652252,-103.125916,nan
2024-08-09T13:50:49,80.652321,-103.126778,nan
2024-08-09T13:50:49,80.652390,-103.127640,nan
2024-08-09T13:50:48,80.652458,-103.128510,nan
2024-08-09T13:50:48,80.652527,-103.129379,nan
2024-08-09T13:50:47,80.652596,-103.130257,nan
2024-08-09T13:50:47,80.652664,-103.131134,nan
2024-08-09T13:50:46,80.652733,-103.132019,nan
2024-08-09T13:50:46,80.652802,-103.132904,nan
2024-08-09T13:50:45,80.652863,-103.133797,nan
2024-08-09T13:50:45,80.652931,-103.134697,nan
2024-08-09T13:50:44,80.653000,-103.135597,nan
2024-08-09T13:50:44,80.653069,-103.136513,nan
2024-08-09T13:50:43,80.653137,-103.137428,nan
2024-08-09T13:50:43,80.653206,-103.138351,nan
2024-08-09T13:50:42,80.653275,-103.139282,nan
2024-08-09T13:50:42,80.653351,-103.140228,nan
2024-08-09T13:50:41,80.653419,-103.141174,nan
2024-08-09T13:50:41,80.653488,-103.142120,nan
2024-08-09T13:50:40,80.653564,-103.143082,nan
2024-08-09T13:50:40,80.653633,-103.144043,nan
2024-08-09T13:50:39,80.653709,-103.145004,nan
2024-08-09T13:50:39,80.653778,-103.145973,nan
2024-08-09T13:50:38,80.653847,-103.146957,nan
2024-08-09T13:50:38,80.653923,-103.147942,nan
2024-08-09T13:50:37,80.653992,-103.148926,nan
2024-08-09T13:50:37,80.654060,-103.149918,nan
2024-08-09T13:50:36,80.654137,-103.150909,nan
2024-08-09T13:50:36,80.654205,-103.151909,nan
2024-08-09T13:50:35,80.654282,-103.152901,nan
2024-08-09T13:50:35,80.654350,-103.153900,nan
2024-08-09T13:50:34,80.654419,-103.154907,nan
2024-08-09T13:50:34,80.654495,-103.155907,nan
2024-08-09T13:50:33,80.654564,-103.156914,nan
2024-08-09T13:50:33,80.654640,-103.157921,nan
2024-08-09T13:50:32,80.654716,-103.158928,nan
2024-08-09T13:50:32,80.654793,-103.159943,nan
2024-08-09T13:50:31,80.654861,-103.160957,nan
2024-08-09T13:50:31,80.654938,-103.161972,nan
2024-08-09T13:50:30,80.655022,-103.163002,nan
2024-08-09T13:50:30,80.655098,-103.164032,nan
2024-08-09T13:50:29,80.655174,-103.165062,nan
2024-08-09T13:50:29,80.655258,-103.166100,nan
2024-08-09T13:50:28,80.655334,-103.167145,nan
2024-08-09T13:50:28,80.655418,-103.168198,nan
2024-08-09T13:50:27,80.655502,-103.169250,nan
2024-08-09T13:50:27,80.655579,-103.170311,nan
2024-08-09T13:50:26,80.655663,-103.171379,nan
2024-08-09T13:50:26,80.655746,-103.172447,nan
2024-08-09T13:50:25,80.655838,-103.173531,nan
2024-08-09T13:50:25,80.655922,-103.174614,nan
2024-08-09T13:50:24,80.656006,-103.175697,nan
2024-08-09T13:50:24,80.656090,-103.176788,nan
2024-08-09T13:50:23,80.656181,-103.177895,nan
2024-08-09T13:50:23,80.656265,-103.178993,nan
2024-08-09T13:50:22,80.656357,-103.180107,nan
2024-08-09T13:50:22,80.656448,-103.181221,nan
2024-08-09T13:50:21,80.656532,-103.182335,nan
2024-08-09T13:50:21,80.656624,-103.183464,nan
2024-08-09T13:50:20,80.656715,-103.184586,nan
2024-08-09T13:50:20,80.656799,-103.185715,nan
2024-08-09T13:50:19,80.656891,-103.186852,nan
2024-08-09T13:50:19,80.656982,-103.187988,nan
2024-08-09T13:50:18,80.657066,-103.189133,nan
2024-08-09T13:50:18,80.657158,-103.190285,nan
2024-08-09T13:50:17,80.657249,-103.191444,nan
2024-08-09T13:50:17,80.657341,-103.192604,nan
2024-08-09T13:50:16,80.657425,-103.193779,nan
2024-08-09T13:50:16,80.657516,-103.194962,nan
2024-08-09T13:50:15,80.657608,-103.196159,nan
2024-08-09T13:50:15,80.657700,-103.197357,nan
2024-08-09T13:50:14,80.657799,-103.198555,nan
2024-08-09T13:50:14,80.657890,-103.199768,nan
2024-08-09T13:50:13,80.657982,-103.200981,nan
2024-08-09T13:50:13,80.658081,-103.202202,nan
2024-08-09T13:50:12,80.658173,-103.203423,nan
2024-08-09T13:50:12,80.658272,-103.204659,nan
2024-08-09T13:50:11,80.658363,-103.205894,nan
2024-08-09T13:50:11,80.658463,-103.207130,nan
2024-08-09T13:50:10,80.658554,-103.208382,nan
2024-08-09T13:50:10,80.658653,-103.209633,nan
2024-08-09T13:50:09,80.658752,-103.210892,nan
2024-08-09T13:50:09,80.658844,-103.212158,nan
2024-08-09T13:50:08,80.658943,-103.213425,nan
2024-08-09T13:50:08,80.659035,-103.214706,nan
2024-08-09T13:50:07,80.659134,-103.215996,nan
2024-08-09T13:50:07,80.659225,-103.217285,nan
2024-08-09T13:50:06,80.659325,-103.218582,nan
2024-08-09T13:50:06,80.659416,-103.219879,nan
2024-08-09T13:50:05,80.659515,-103.221184,nan
2024-08-09T13:50:05,80.659607,-103.222488,nan
2024-08-09T13:50:04,80.659706,-103.223801,nan
2024-08-09T13:50:04,80.659798,-103.225113,nan
2024-08-09T13:50:03,80.659889,-103.226433,nan
2024-08-09T13:50:03,80.659988,-103.227760,nan
2024-08-09T13:50:02,80.660080,-103.229095,nan
2024-08-09T13:50:02,80.660172,-103.230431,nan
2024-08-09T13:50:01,80.660263,-103.231773,nan
2024-08-09T13:50:01,80.660355,-103.233116,nan
2024-08-09T13:50:00,80.660446,-103.234467,nan
2024-08-09T13:50:00,80.660538,-103.235817,nan
2024-08-09T13:49:59,80.660629,-103.237175,nan
2024-08-09T13:49:59,80.660713,-103.238533,nan
2024-08-09T13:49:58,80.660805,-103.239891,nan
2024-08-09T13:49:58,80.660896,-103.241249,nan
2024-08-09T13:49:57,80.660980,-103.242607,nan
2024-08-09T13:49:57,80.661072,-103.243965,nan
2024-08-09T13:49:56,80.661156,-103.245316,nan
2024-08-09T13:49:56,80.661247,-103.246674,nan
2024-08-09T13:49:55,80.661339,-103.248032,nan
2024-08-09T13:49:55,80.661423,-103.249390,nan
2024-08-09T13:49:54,80.661514,-103.250755,nan
2024-08-09T13:49:54,80.661598,-103.252121,nan
2024-08-09T13:49:53,80.661690,-103.253494,nan
2024-08-09T13:49:53,80.661774,-103.254868,nan
2024-08-09T13:49:52,80.661865,-103.256241,nan
2024-08-09T13:49:52,80.661949,-103.257622,nan
2024-08-09T13:49:51,80.662041,-103.259003,nan
2024-08-09T13:49:51,80.662125,-103.260384,nan
2024-08-09T13:49:50,80.662209,-103.261772,nan
2024-08-09T13:49:50,80.662300,-103.263161,nan
2024-08-09T13:49:49,80.662384,-103.264557,nan
2024-08-09T13:49:49,80.662476,-103.265953,nan
2024-08-09T13:49:48,80.662567,-103.267349,nan
2024-08-09T13:49:48,80.662651,-103.268745,nan
2024-08-09T13:49:47,80.662743,-103.270149,nan
2024-08-09T13:49:47,80.662834,-103.271545,nan
2024-08-09T13:49:46,80.662926,-103.272949,nan
2024-08-09T13:49:46,80.663017,-103.274353,nan
2024-08-09T13:49:45,80.663109,-103.275764,nan
2024-08-09T13:49:45,80.663208,-103.277176,nan
2024-08-09T13:49:44,80.663300,-103.278587,nan
2024-08-09T13:49:44,80.663391,-103.280014,nan
2024-08-09T13:49:43,80.663490,-103.281433,nan
2024-08-09T13:49:43,80.663582,-103.282867,nan
2024-08-09T13:49:42,80.663681,-103.284302,nan
2024-08-09T13:49:42,80.663773,-103.285736,nan
2024-08-09T13:49:41,80.663872,-103.287178,nan
2024-08-09T13:49:41,80.663971,-103.288620,nan
2024-08-09T13:49:40,80.664062,-103.290062,nan
2024-08-09T13:49:40,80.664162,-103.291519,nan
2024-08-09T13:49:39,80.664261,-103.292969,nan
2024-08-09T13:49:39,80.664352,-103.294426,nan
2024-08-09T13:49:38,80.664452,-103.295891,nan
2024-08-09T13:49:38,80.664551,-103.297356,nan
2024-08-09T13:49:37,80.664650,-103.298820,nan
2024-08-09T13:49:37,80.664742,-103.300293,nan
2024-08-09T13:49:36,80.664841,-103.301773,nan
2024-08-09T13:49:36,80.664940,-103.303246,nan
2024-08-09T13:49:35,80.665039,-103.304726,nan
2024-08-09T13:49:35,80.665131,-103.306206,nan
2024-08-09T13:49:34,80.665230,-103.307686,nan
2024-08-09T13:49:34,80.665329,-103.309166,nan
2024-08-09T13:49:33,80.665428,-103.310654,nan
2024-08-09T13:49:33,80.665520,-103.312134,nan
2024-08-09T13:49:32,80.665710,-103.315109,nan
2024-08-09T13:49:31,80.665810,-103.316597,nan
2024-08-09T13:49:31,80.665909,-103.318085,nan
2024-08-09T13:49:30,80.666000,-103.319572,nan
2024-08-09T13:49:30,80.666100,-103.321060,nan
2024-08-09T13:49:29,80.666191,-103.322556,nan
2024-08-09T13:49:29,80.666290,-103.324043,nan
2024-08-09T13:49:28,80.666382,-103.325531,nan
2024-08-09T13:49:28,80.666473,-103.327019,nan
2024-08-09T13:49:27,80.666573,-103.328514,nan
2024-08-09T13:49:27,80.666664,-103.330002,nan
2024-08-09T13:49:26,80.666763,-103.331490,nan
2024-08-09T13:49:26,80.666855,-103.332977,nan
2024-08-09T13:49:25,80.666946,-103.334473,nan
2024-08-09T13:49:25,80.667046,-103.335960,nan
2024-08-09T13:49:24,80.667137,-103.337456,nan
2024-08-09T13:49:24,80.667229,-103.338943,nan
2024-08-09T13:49:23,80.667320,-103.340431,nan
2024-08-09T13:49:23,80.667419,-103.341927,nan
2024-08-09T13:49:22,80.667511,-103.343407,nan
2024-08-09T13:49:22,80.667603,-103.344894,nan
2024-08-09T13:49:21,80.667702,-103.346382,nan
2024-08-09T13:49:21,80.667793,-103.347870,nan
2024-08-09T13:49:20,80.667885,-103.349358,nan
2024-08-09T13:49:20,80.667984,-103.350838,nan
2024-08-09T13:49:19,80.668076,-103.352325,nan
2024-08-09T13:49:19,80.668167,-103.353813,nan
2024-08-09T13:49:18,80.668259,-103.355293,nan
2024-08-09T13:49:18,80.668358,-103.356781,nan
2024-08-09T13:49:17,80.668449,-103.358261,nan
2024-08-09T13:49:17,80.668541,-103.359749,nan
2024-08-09T13:49:16,80.668633,-103.361229,nan
2024-08-09T13:49:16,80.668732,-103.362709,nan
2024-08-09T13:49:15,80.668823,-103.364189,nan
2024-08-09T13:49:15,80.668915,-103.365669,nan
2024-08-09T13:49:14,80.669006,-103.367149,nan
2024-08-09T13:49:14,80.669098,-103.368622,nan
2024-08-09T13:49:13,80.669197,-103.370094,nan
2024-08-09T13:49:13,80.669289,-103.371567,nan
2024-08-09T13:49:12,80.669380,-103.373032,nan
2024-08-09T13:49:12,80.669472,-103.374489,nan
2024-08-09T13:49:11,80.669563,-103.375954,nan
2024-08-09T13:49:11,80.669655,-103.377411,nan
2024-08-09T13:49:10,80.669754,-103.378868,nan
2024-08-09T13:49:10,80.669846,-103.380325,nan
2024-08-09T13:49:09,80.669945,-103.381783,nan
2024-08-09T13:49:09,80.670036,-103.383240,nan
2024-08-09T13:49:08,80.670135,-103.384697,nan
2024-08-09T13:49:08,80.670227,-103.386154,nan
2024-08-09T13:49:07,80.670326,-103.387619,nan
2024-08-09T13:49:07,80.670418,-103.389084,nan
2024-08-09T13:49:06,80.670517,-103.390549,nan
2024-08-09T13:49:06,80.670609,-103.392021,nan
2024-08-09T13:49:05,80.670708,-103.393494,nan
2024-08-09T13:49:05,80.670799,-103.394958,nan
2024-08-09T13:49:04,80.670891,-103.396431,nan
2024-08-09T13:49:04,80.670990,-103.397911,nan
2024-08-09T13:49:03,80.671082,-103.399391,nan
2024-08-09T13:49:03,80.671181,-103.400871,nan
2024-08-09T13:49:02,80.671280,-103.402351,nan
2024-08-09T13:49:02,80.671371,-103.403831,nan
2024-08-09T13:49:01,80.671471,-103.405319,nan
2024-08-09T13:49:01,80.671570,-103.406799,nan
2024-08-09T13:49:00,80.671669,-103.408287,nan
2024-08-09T13:49:00,80.671768,-103.409775,nan
2024-08-09T13:48:59,80.671867,-103.411255,nan
2024-08-09T13:48:59,80.671967,-103.412743,nan
2024-08-09T13:48:58,80.672066,-103.414223,nan
2024-08-09T13:48:58,80.672165,-103.415703,nan
2024-08-09T13:48:57,80.672264,-103.417175,nan
2024-08-09T13:48:57,80.672363,-103.418655,nan
2024-08-09T13:48:56,80.672462,-103.420128,nan
2024-08-09T13:48:56,80.672562,-103.421600,nan
2024-08-09T13:48:55,80.672661,-103.423080,nan
2024-08-09T13:48:55,80.672760,-103.424553,nan
2024-08-09T13:48:54,80.672859,-103.426033,nan
2024-08-09T13:48:54,80.672958,-103.427513,nan
2024-08-09T13:48:53,80.673058,-103.428993,nan
2024-08-09T13:48:53,80.673157,-103.430481,nan
2024-08-09T13:48:52,80.673248,-103.431969,nan
2024-08-09T13:48:52,80.673347,-103.433449,nan
2024-08-09T13:48:51,80.673439,-103.434937,nan
2024-08-09T13:48:51,80.673538,-103.436432,nan
2024-08-09T13:48:50,80.673630,-103.437920,nan
2024-08-09T13:48:50,80.673721,-103.439415,nan
2024-08-09T13:48:49,80.673820,-103.440910,nan
2024-08-09T13:48:49,80.673912,-103.442406,nan
2024-08-09T13:48:48,80.674004,-103.443901,nan
2024-08-09T13:48:48,80.674103,-103.445396,nan
2024-08-09T13:48:47,80.674194,-103.446892,nan
2024-08-09T13:48:47,80.674286,-103.448387,nan
2024-08-09T13:48:46,80.674385,-103.449883,nan
2024-08-09T13:48:46,80.674477,-103.451378,nan
2024-08-09T13:48:45,80.674568,-103.452866,nan
2024-08-09T13:48:45,80.674667,-103.454361,nan
2024-08-09T13:48:44,80.674759,-103.455849,nan
2024-08-09T13:48:44,80.674850,-103.457344,nan
2024-08-09T13:48:43,80.674942,-103.458832,nan
2024-08-09T13:48:43,80.675034,-103.460320,nan
2024-08-09T13:48:42,80.675133,-103.461807,nan
2024-08-09T13:48:42,80.675224,-103.463295,nan
2024-08-09T13:48:41,80.675316,-103.464783,nan
2024-08-09T13:48:41,80.675407,-103.466278,nan
2024-08-09T13:48:40,80.675499,-103.467766,nan
2024-08-09T13:48:40,80.675591,-103.469254,nan
2024-08-09T13:48:39,80.675682,-103.470741,nan
2024-08-09T13:48:39,80.675774,-103.472229,nan
2024-08-09T13:48:38,80.675865,-103.473709,nan
2024-08-09T13:48:38,80.675957,-103.475189,nan
2024-08-09T13:48:37,80.676048,-103.476662,nan
2024-08-09T13:48:37,80.676140,-103.478134,nan
2024-08-09T13:48:36,80.676231,-103.479607,nan
2024-08-09T13:48:36,80.676323,-103.481079,nan
2024-08-09T13:48:35,80.676414,-103.482544,nan
2024-08-09T13:48:35,80.676498,-103.484009,nan
2024-08-09T13:48:34,80.676590,-103.485474,nan
2024-08-09T13:48:34,80.676682,-103.486931,nan
2024-08-09T13:48:33,80.676765,-103.488396,nan
2024-08-09T13:48:33,80.676857,-103.489853,nan
2024-08-09T13:48:32,80.676949,-103.491302,nan
2024-08-09T13:48:32,80.677040,-103.492760,nan
2024-08-09T13:48:31,80.677124,-103.494202,nan
2024-08-09T13:48:31,80.677216,-103.495636,nan
2024-08-09T13:48:30,80.677299,-103.497070,nan
2024-08-09T13:48:30,80.677391,-103.498497,nan
2024-08-09T13:48:29,80.677483,-103.499908,nan
2024-08-09T13:48:29,80.677567,-103.501320,nan
2024-08-09T13:48:28,80.677658,-103.502731,nan
2024-08-09T13:48:28,80.677742,-103.504128,nan
2024-08-09T13:48:27,80.677834,-103.505524,nan
2024-08-09T13:48:27,80.677917,-103.506920,nan
2024-08-09T13:48:26,80.678009,-103.508308,nan
2024-08-09T13:48:26,80.678101,-103.509705,nan
2024-08-09T13:48:25,80.678185,-103.511093,nan
2024-08-09T13:48:25,80.678276,-103.512474,nan
2024-08-09T13:48:24,80.678368,-103.513863,nan
2024-08-09T13:48:24,80.678452,-103.515236,nan
2024-08-09T13:48:23,80.678543,-103.516609,nan
2024-08-09T13:48:23,80.678635,-103.517982,nan
2024-08-09T13:48:22,80.678719,-103.519348,nan
2024-08-09T13:48:22,80.678810,-103.520714,nan
2024-08-09T13:48:21,80.678902,-103.522064,nan
2024-08-09T13:48:21,80.678993,-103.523415,nan
2024-08-09T13:48:20,80.679085,-103.524765,nan
2024-08-09T13:48:20,80.679169,-103.526108,nan
2024-08-09T13:48:19,80.679260,-103.527443,nan
2024-08-09T13:48:19,80.679352,-103.528778,nan
2024-08-09T13:48:18,80.679436,-103.530106,nan
2024-08-09T13:48:18,80.679527,-103.531433,nan
2024-08-09T13:48:17,80.679619,-103.532761,nan
2024-08-09T13:48:17,80.679703,-103.534081,nan
2024-08-09T13:48:16,80.679794,-103.535400,nan
2024-08-09T13:48:16,80.679878,-103.536713,nan
2024-08-09T13:48:15,80.679970,-103.538025,nan
2024-08-09T13:48:15,80.680054,-103.539330,nan
2024-08-09T13:48:14,80.680138,-103.540642,nan
2024-08-09T13:48:14,80.680222,-103.541939,nan
2024-08-09T13:48:13,80.680313,-103.543243,nan
2024-08-09T13:48:13,80.680397,-103.544540,nan
2024-08-09T13:48:12,80.680481,-103.545837,nan
2024-08-09T13:48:12,80.680565,-103.547134,nan
2024-08-09T13:48:11,80.680649,-103.548424,nan
2024-08-09T13:48:11,80.680733,-103.549721,nan
2024-08-09T13:48:10,80.680817,-103.551010,nan
2024-08-09T13:48:10,80.680893,-103.552299,nan
2024-08-09T13:48:09,80.680977,-103.553589,nan
2024-08-09T13:48:09,80.681053,-103.554871,nan
2024-08-09T13:48:08,80.681129,-103.556152,nan
2024-08-09T13:48:08,80.681206,-103.557434,nan
2024-08-09T13:48:07,80.681282,-103.558716,nan
2024-08-09T13:48:07,80.681358,-103.559990,nan
2024-08-09T13:48:06,80.681427,-103.561272,nan
2024-08-09T13:48:06,80.681496,-103.562546,nan
2024-08-09T13:48:05,80.681564,-103.563828,nan
2024-08-09T13:48:05,80.681633,-103.565109,nan
2024-08-09T13:48:04,80.681702,-103.566391,nan
2024-08-09T13:48:04,80.681770,-103.567680,nan
2024-08-09T13:48:03,80.681839,-103.568962,nan
2024-08-09T13:48:03,80.681908,-103.570244,nan
2024-08-09T13:48:02,80.681969,-103.571526,nan
2024-08-09T13:48:02,80.682037,-103.572807,nan
2024-08-09T13:48:01,80.682106,-103.574074,nan
2024-08-09T13:48:01,80.682175,-103.575333,nan
2024-08-09T13:48:00,80.682243,-103.576584,nan
2024-08-09T13:48:00,80.682312,-103.577827,nan
2024-08-09T13:47:59,80.682381,-103.579063,nan
2024-08-09T13:47:59,80.682442,-103.580292,nan
2024-08-09T13:47:58,80.682510,-103.581512,nan
2024-08-09T13:47:58,80.682579,-103.582741,nan
2024-08-09T13:47:57,80.682648,-103.583977,nan
2024-08-09T13:47:57,80.682709,-103.585205,nan
2024-08-09T13:47:56,80.682777,-103.586441,nan
2024-08-09T13:47:56,80.682838,-103.587677,nan
2024-08-09T13:47:55,80.682907,-103.588921,nan
2024-08-09T13:47:55,80.682976,-103.590157,nan
2024-08-09T13:47:54,80.683037,-103.591408,nan
2024-08-09T13:47:54,80.683105,-103.592651,nan
2024-08-09T13:47:53,80.683167,-103.593903,nan
2024-08-09T13:47:53,80.683228,-103.595154,nan
2024-08-09T13:47:52,80.683296,-103.596413,nan
2024-08-09T13:47:52,80.683357,-103.597656,nan
2024-08-09T13:47:51,80.683426,-103.598907,nan
2024-08-09T13:47:51,80.683487,-103.600151,nan
2024-08-09T13:47:50,80.683556,-103.601387,nan
2024-08-09T13:47:50,80.683624,-103.602615,nan
2024-08-09T13:47:49,80.683693,-103.603836,nan
2024-08-09T13:47:49,80.683762,-103.605042,nan
2024-08-09T13:47:48,80.683838,-103.606232,nan
2024-08-09T13:47:48,80.683907,-103.607414,nan
2024-08-09T13:47:47,80.683983,-103.608582,nan
2024-08-09T13:47:47,80.684052,-103.609734,nan
2024-08-09T13:47:46,80.684128,-103.610870,nan
2024-08-09T13:47:46,80.684204,-103.612000,nan
2024-08-09T13:47:45,80.684280,-103.613113,nan
2024-08-09T13:47:45,80.684349,-103.614212,nan
2024-08-09T13:47:44,80.684425,-103.615295,nan
2024-08-09T13:47:44,80.684502,-103.616371,nan
2024-08-09T13:47:43,80.684570,-103.617432,nan
2024-08-09T13:47:43,80.684647,-103.618477,nan
2024-08-09T13:47:42,80.684723,-103.619499,nan
2024-08-09T13:47:42,80.684792,-103.620514,nan
2024-08-09T13:47:41,80.684868,-103.621521,nan
2024-08-09T13:47:41,80.684937,-103.622513,nan
2024-08-09T13:47:40,80.685013,-103.623497,nan
2024-08-09T13:47:40,80.685089,-103.624466,nan
2024-08-09T13:47:39,80.685158,-103.625427,nan
2024-08-09T13:47:39,80.685234,-103.626381,nan
2024-08-09T13:47:38,80.685303,-103.627327,nan
2024-08-09T13:47:38,80.685371,-103.628265,nan
2024-08-09T13:47:37,80.685448,-103.629204,nan
2024-08-09T13:47:37,80.685516,-103.630142,nan
2024-08-09T13:47:36,80.685585,-103.631073,nan
2024-08-09T13:47:36,80.685654,-103.632004,nan
2024-08-09T13:47:35,80.685715,-103.632935,nan
2024-08-09T13:47:35,80.685783,-103.633858,nan
2024-08-09T13:47:34,80.685844,-103.634781,nan
2024-08-09T13:47:34,80.685905,-103.635704,nan
2024-08-09T13:47:33,80.685966,-103.636627,nan
2024-08-09T13:47:33,80.686028,-103.637543,nan
2024-08-09T13:47:32,80.686089,-103.638466,nan
2024-08-09T13:47:32,80.686150,-103.639381,nan
2024-08-09T13:47:31,80.686211,-103.640312,nan
2024-08-09T13:47:31,80.686272,-103.641235,nan
2024-08-09T13:47:30,80.686333,-103.642159,nan
2024-08-09T13:47:30,80.686394,-103.643082,nan
2024-08-09T13:47:29,80.686455,-103.643997,nan
2024-08-09T13:47:29,80.686516,-103.644905,nan
2024-08-09T13:47:28,80.686577,-103.645813,nan
2024-08-09T13:47:28,80.686638,-103.646721,nan
2024-08-09T13:47:27,80.686699,-103.647629,nan
2024-08-09T13:47:27,80.686768,-103.648521,nan
2024-08-09T13:47:26,80.686829,-103.649406,nan
2024-08-09T13:47:26,80.686890,-103.650284,nan
2024-08-09T13:47:25,80.686958,-103.651154,nan
2024-08-09T13:47:25,80.687019,-103.652023,nan
2024-08-09T13:47:24,80.687080,-103.652885,nan
2024-08-09T13:47:24,80.687141,-103.653748,nan
2024-08-09T13:47:23,80.687202,-103.654610,nan
2024-08-09T13:47:23,80.687271,-103.655472,nan
2024-08-09T13:47:22,80.687332,-103.656334,nan
2024-08-09T13:47:22,80.687393,-103.657196,nan
2024-08-09T13:47:21,80.687454,-103.658051,nan
2024-08-09T13:47:21,80.687515,-103.658905,nan
2024-08-09T13:47:20,80.687576,-103.659744,nan
2024-08-09T13:47:20,80.687645,-103.660583,nan
2024-08-09T13:47:19,80.687706,-103.661407,nan
2024-08-09T13:47:19,80.687775,-103.662231,nan
2024-08-09T13:47:18,80.687836,-103.663048,nan
2024-08-09T13:47:18,80.687904,-103.663857,nan
2024-08-09T13:47:17,80.687965,-103.664658,nan
2024-08-09T13:47:17,80.688026,-103.665451,nan
2024-08-09T13:47:16,80.688095,-103.666245,nan
2024-08-09T13:47:16,80.688156,-103.667023,nan
2024-08-09T13:47:15,80.688217,-103.667793,nan
2024-08-09T13:47:15,80.688271,-103.668564,nan
2024-08-09T13:47:14,80.688332,-103.669327,nan
2024-08-09T13:47:14,80.688393,-103.670082,nan
2024-08-09T13:47:13,80.688446,-103.670837,nan
2024-08-09T13:47:13,80.688507,-103.671577,nan
2024-08-09T13:47:12,80.688560,-103.672318,nan
2024-08-09T13:47:12,80.688622,-103.673058,nan
2024-08-09T13:47:11,80.688675,-103.673775,nan
2024-08-09T13:47:11,80.688728,-103.674492,nan
2024-08-09T13:47:10,80.688782,-103.675186,nan
2024-08-09T13:47:10,80.688843,-103.675827,nan
2024-08-09T13:47:09,80.688896,-103.676414,nan
2024-08-09T13:47:09,80.688957,-103.676933,nan
2024-08-09T13:47:08,80.689011,-103.677246,nan
2024-08-09T13:47:08,80.689079,-103.677040,nan
2024-08-09T13:47:07,80.689140,-103.676422,nan
2024-08-09T13:47:07,80.689148,-103.673805,nan
2024-08-09T13:47:06,80.689117,-103.670349,nan
2024-08-09T13:47:06,80.689072,-103.667412,nan
2024-08-09T13:47:02,80.689255,-103.677666,nan
2024-08-09T13:47:02,80.689278,-103.683563,nan
2024-08-09T13:47:01,80.689316,-103.689552,nan
2024-08-09T13:47:01,80.689346,-103.695877,nan
2024-08-09T13:47:00,80.689369,-103.702614,nan
