datetime,lat,lon,elev
2024-06-07T17:28:31,84.662224,-38.312473,nan
2024-06-07T17:28:30,84.662239,-38.311996,nan
2024-06-07T17:28:30,84.662247,-38.311504,nan
2024-06-07T17:28:29,84.662254,-38.311012,nan
2024-06-07T17:28:29,84.662270,-38.310520,nan
2024-06-07T17:28:28,84.662277,-38.310017,nan
2024-06-07T17:28:27,84.662308,-38.308990,nan
2024-06-07T17:28:27,84.662315,-38.308472,nan
2024-06-07T17:28:26,84.662331,-38.307949,nan
2024-06-07T17:28:26,84.662338,-38.307423,nan
2024-06-07T17:28:25,84.662354,-38.306896,nan
2024-06-07T17:28:25,84.662369,-38.306366,nan
2024-06-07T17:28:24,84.662376,-38.305836,nan
2024-06-07T17:28:24,84.662392,-38.305305,nan
2024-06-07T17:28:23,84.662399,-38.304775,nan
2024-06-07T17:28:23,84.662415,-38.304249,nan
2024-06-07T17:28:22,84.662422,-38.303719,nan
2024-06-07T17:28:22,84.662430,-38.303181,nan
2024-06-07T17:28:21,84.662445,-38.302639,nan
2024-06-07T17:28:21,84.662453,-38.302078,nan
2024-06-07T17:28:20,84.662460,-38.301514,nan
2024-06-07T17:28:20,84.662476,-38.300949,nan
2024-06-07T17:28:19,84.662483,-38.300388,nan
2024-06-07T17:28:19,84.662498,-38.299835,nan
2024-06-07T17:28:18,84.662514,-38.299290,nan
2024-06-07T17:28:18,84.662521,-38.298744,nan
2024-06-07T17:28:17,84.662537,-38.298199,nan
2024-06-07T17:28:17,84.662552,-38.297653,nan
2024-06-07T17:28:16,84.662567,-38.297108,nan
2024-06-07T17:28:16,84.662582,-38.296562,nan
2024-06-07T17:28:15,84.662598,-38.296021,nan
2024-06-07T17:28:15,84.662613,-38.295486,nan
2024-06-07T17:28:14,84.662628,-38.294956,nan
2024-06-07T17:28:14,84.662643,-38.294434,nan
2024-06-07T17:28:13,84.662659,-38.293919,nan
2024-06-07T17:28:13,84.662674,-38.293407,nan
2024-06-07T17:28:12,84.662689,-38.292892,nan
2024-06-07T17:28:12,84.662704,-38.292374,nan
2024-06-07T17:28:11,84.662712,-38.291855,nan
2024-06-07T17:28:11,84.662727,-38.291336,nan
2024-06-07T17:28:10,84.662743,-38.290813,nan
2024-06-07T17:28:10,84.662758,-38.290295,nan
2024-06-07T17:28:09,84.662766,-38.289776,nan
2024-06-07T17:28:09,84.662781,-38.289257,nan
2024-06-07T17:28:08,84.662796,-38.288746,nan
2024-06-07T17:28:08,84.662811,-38.288239,nan
2024-06-07T17:28:07,84.662819,-38.287739,nan
2024-06-07T17:28:07,84.662834,-38.287251,nan
2024-06-07T17:28:05,84.662903,-38.285339,nan
2024-06-07T17:28:04,84.662926,-38.284851,nan
2024-06-07T17:28:04,84.662941,-38.284363,nan
2024-06-07T17:28:03,84.662964,-38.283878,nan
2024-06-07T17:28:03,84.662987,-38.283398,nan
2024-06-07T17:28:02,84.663002,-38.282913,nan
2024-06-07T17:28:02,84.663025,-38.282429,nan
2024-06-07T17:28:01,84.663048,-38.281940,nan
2024-06-07T17:28:01,84.663071,-38.281452,nan
2024-06-07T17:28:00,84.663086,-38.280952,nan
2024-06-07T17:28:00,84.663109,-38.280445,nan
2024-06-07T17:27:59,84.663132,-38.279930,nan
2024-06-07T17:27:59,84.663147,-38.279415,nan
2024-06-07T17:27:58,84.663170,-38.278896,nan
2024-06-07T17:27:58,84.663185,-38.278381,nan
2024-06-07T17:27:57,84.663208,-38.277863,nan
2024-06-07T17:27:57,84.663223,-38.277336,nan
2024-06-07T17:27:56,84.663246,-38.276814,nan
2024-06-07T17:27:56,84.663261,-38.276287,nan
2024-06-07T17:27:55,84.663284,-38.275768,nan
2024-06-07T17:27:55,84.663307,-38.275249,nan
2024-06-07T17:27:54,84.663322,-38.274734,nan
2024-06-07T17:27:54,84.663345,-38.274223,nan
2024-06-07T17:27:53,84.663368,-38.273720,nan
2024-06-07T17:27:53,84.663391,-38.273216,nan
2024-06-07T17:27:52,84.663414,-38.272717,nan
2024-06-07T17:27:52,84.663429,-38.272217,nan
2024-06-07T17:27:51,84.663452,-38.271717,nan
2024-06-07T17:27:51,84.663475,-38.271217,nan
2024-06-07T17:27:50,84.663498,-38.270718,nan
2024-06-07T17:27:50,84.663521,-38.270214,nan
2024-06-07T17:27:49,84.663544,-38.269711,nan
2024-06-07T17:27:49,84.663567,-38.269203,nan
2024-06-07T17:27:48,84.663589,-38.268688,nan
2024-06-07T17:27:48,84.663612,-38.268169,nan
2024-06-07T17:27:47,84.663635,-38.267647,nan
2024-06-07T17:27:47,84.663651,-38.267124,nan
2024-06-07T17:27:46,84.663673,-38.266605,nan
2024-06-07T17:27:46,84.663689,-38.266087,nan
2024-06-07T17:27:45,84.663712,-38.265564,nan
2024-06-07T17:27:45,84.663727,-38.265045,nan
2024-06-07T17:27:44,84.663742,-38.264526,nan
2024-06-07T17:27:44,84.663757,-38.264015,nan
2024-06-07T17:27:43,84.663773,-38.263508,nan
2024-06-07T17:27:43,84.663780,-38.263016,nan
2024-06-07T17:27:42,84.663788,-38.262535,nan
2024-06-07T17:27:42,84.663795,-38.262070,nan
2024-06-07T17:27:41,84.663803,-38.261612,nan
2024-06-07T17:27:41,84.663811,-38.261166,nan
2024-06-07T17:27:40,84.663818,-38.260731,nan
2024-06-07T17:27:40,84.663818,-38.260296,nan
2024-06-07T17:27:39,84.663826,-38.259865,nan
2024-06-07T17:27:39,84.663834,-38.259430,nan
2024-06-07T17:27:38,84.663834,-38.258995,nan
2024-06-07T17:27:38,84.663834,-38.258556,nan
2024-06-07T17:27:37,84.663841,-38.258118,nan
2024-06-07T17:27:37,84.663841,-38.257683,nan
2024-06-07T17:27:36,84.663849,-38.257252,nan
2024-06-07T17:27:36,84.663857,-38.256824,nan
2024-06-07T17:27:35,84.663864,-38.256405,nan
2024-06-07T17:27:35,84.663872,-38.255985,nan
2024-06-07T17:27:34,84.663872,-38.255566,nan
2024-06-07T17:27:34,84.663879,-38.255146,nan
2024-06-07T17:27:33,84.663879,-38.254723,nan
2024-06-07T17:27:33,84.663887,-38.254295,nan
2024-06-07T17:27:32,84.663895,-38.253872,nan
2024-06-07T17:27:32,84.663895,-38.253448,nan
2024-06-07T17:27:31,84.663902,-38.253029,nan
2024-06-07T17:27:31,84.663910,-38.252605,nan
2024-06-07T17:27:30,84.663910,-38.252186,nan
2024-06-07T17:27:30,84.663918,-38.251774,nan
2024-06-07T17:27:29,84.663925,-38.251362,nan
2024-06-07T17:27:29,84.663925,-38.250954,nan
2024-06-07T17:27:28,84.663933,-38.250542,nan
2024-06-07T17:27:28,84.663940,-38.250137,nan
2024-06-07T17:27:27,84.663940,-38.249737,nan
2024-06-07T17:27:27,84.663948,-38.249340,nan
2024-06-07T17:27:26,84.663956,-38.248940,nan
2024-06-07T17:27:26,84.663963,-38.248543,nan
2024-06-07T17:27:25,84.663971,-38.248138,nan
2024-06-07T17:27:25,84.663979,-38.247730,nan
2024-06-07T17:27:24,84.663986,-38.247318,nan
2024-06-07T17:27:24,84.663986,-38.246899,nan
2024-06-07T17:27:23,84.664001,-38.246471,nan
2024-06-07T17:27:23,84.664001,-38.246044,nan
2024-06-07T17:27:22,84.664009,-38.245617,nan
2024-06-07T17:27:22,84.664017,-38.245190,nan
2024-06-07T17:27:21,84.664024,-38.244770,nan
2024-06-07T17:27:21,84.664032,-38.244354,nan
2024-06-07T17:27:20,84.664040,-38.243946,nan
2024-06-07T17:27:20,84.664040,-38.243542,nan
2024-06-07T17:27:19,84.664047,-38.243145,nan
2024-06-07T17:27:19,84.664062,-38.242744,nan
2024-06-07T17:27:18,84.664070,-38.242340,nan
2024-06-07T17:27:18,84.664078,-38.241932,nan
2024-06-07T17:27:17,84.664085,-38.241516,nan
2024-06-07T17:27:17,84.664101,-38.241100,nan
2024-06-07T17:27:16,84.664108,-38.240677,nan
2024-06-07T17:27:16,84.664116,-38.240250,nan
2024-06-07T17:27:15,84.664124,-38.239826,nan
2024-06-07T17:27:15,84.664139,-38.239403,nan
2024-06-07T17:27:14,84.664146,-38.238983,nan
2024-06-07T17:27:14,84.664154,-38.238567,nan
2024-06-07T17:27:13,84.664162,-38.238148,nan
2024-06-07T17:27:13,84.664169,-38.237728,nan
2024-06-07T17:27:12,84.664185,-38.237309,nan
2024-06-07T17:27:12,84.664192,-38.236885,nan
2024-06-07T17:27:11,84.664200,-38.236465,nan
2024-06-07T17:27:11,84.664207,-38.236046,nan
2024-06-07T17:27:10,84.664223,-38.235626,nan
2024-06-07T17:27:10,84.664230,-38.235203,nan
2024-06-07T17:27:09,84.664238,-38.234779,nan
2024-06-07T17:27:09,84.664246,-38.234348,nan
2024-06-07T17:27:08,84.664253,-38.233929,nan
2024-06-07T17:27:08,84.664261,-38.233501,nan
2024-06-07T17:27:07,84.664268,-38.233078,nan
2024-06-07T17:27:07,84.664276,-38.232651,nan
2024-06-07T17:27:06,84.664284,-38.232220,nan
2024-06-07T17:27:06,84.664291,-38.231792,nan
2024-06-07T17:27:05,84.664291,-38.231361,nan
2024-06-07T17:27:05,84.664299,-38.230930,nan
2024-06-07T17:27:04,84.664307,-38.230499,nan
2024-06-07T17:27:04,84.664307,-38.230064,nan
2024-06-07T17:27:03,84.664314,-38.229630,nan
2024-06-07T17:27:03,84.664314,-38.229191,nan
2024-06-07T17:27:02,84.664322,-38.228748,nan
2024-06-07T17:27:02,84.664322,-38.228302,nan
2024-06-07T17:27:01,84.664330,-38.227852,nan
2024-06-07T17:27:01,84.664330,-38.227398,nan
2024-06-07T17:27:00,84.664337,-38.226948,nan
2024-06-07T17:27:00,84.664345,-38.226494,nan
2024-06-07T17:26:59,84.664352,-38.226044,nan
2024-06-07T17:26:59,84.664352,-38.225590,nan
2024-06-07T17:26:58,84.664360,-38.225136,nan
2024-06-07T17:26:58,84.664368,-38.224682,nan
2024-06-07T17:26:57,84.664375,-38.224228,nan
2024-06-07T17:26:57,84.664391,-38.223778,nan
2024-06-07T17:26:56,84.664398,-38.223328,nan
2024-06-07T17:26:56,84.664406,-38.222878,nan
2024-06-07T17:26:55,84.664413,-38.222427,nan
2024-06-07T17:26:55,84.664429,-38.221981,nan
2024-06-07T17:26:54,84.664436,-38.221527,nan
2024-06-07T17:26:54,84.664452,-38.221073,nan
2024-06-07T17:26:53,84.664459,-38.220619,nan
2024-06-07T17:26:53,84.664474,-38.220165,nan
2024-06-07T17:26:52,84.664490,-38.219711,nan
2024-06-07T17:26:52,84.664497,-38.219254,nan
2024-06-07T17:26:51,84.664513,-38.218796,nan
2024-06-07T17:26:51,84.664528,-38.218346,nan
2024-06-07T17:26:50,84.664536,-38.217892,nan
2024-06-07T17:26:50,84.664551,-38.217438,nan
2024-06-07T17:26:49,84.664566,-38.216988,nan
2024-06-07T17:26:49,84.664581,-38.216537,nan
2024-06-07T17:26:48,84.664597,-38.216095,nan
2024-06-07T17:26:48,84.664612,-38.215652,nan
2024-06-07T17:26:47,84.664627,-38.215214,nan
2024-06-07T17:26:47,84.664642,-38.214775,nan
2024-06-07T17:26:46,84.664658,-38.214344,nan
2024-06-07T17:26:46,84.664673,-38.213909,nan
2024-06-07T17:26:45,84.664696,-38.213482,nan
2024-06-07T17:26:45,84.664711,-38.213055,nan
2024-06-07T17:26:44,84.664726,-38.212627,nan
2024-06-07T17:26:44,84.664742,-38.212200,nan
2024-06-07T17:26:43,84.664764,-38.211773,nan
2024-06-07T17:26:43,84.664780,-38.211342,nan
2024-06-07T17:26:42,84.664795,-38.210918,nan
2024-06-07T17:26:42,84.664810,-38.210491,nan
2024-06-07T17:26:41,84.664833,-38.210072,nan
2024-06-07T17:26:41,84.664848,-38.209644,nan
2024-06-07T17:26:40,84.664864,-38.209217,nan
2024-06-07T17:26:40,84.664879,-38.208794,nan
2024-06-07T17:26:39,84.664894,-38.208370,nan
2024-06-07T17:26:39,84.664909,-38.207947,nan
2024-06-07T17:26:38,84.664925,-38.207523,nan
2024-06-07T17:26:38,84.664940,-38.207108,nan
2024-06-07T17:26:37,84.664955,-38.206688,nan
2024-06-07T17:26:37,84.664970,-38.206272,nan
2024-06-07T17:26:36,84.664986,-38.205860,nan
2024-06-07T17:26:36,84.665001,-38.205452,nan
2024-06-07T17:26:35,84.665016,-38.205044,nan
2024-06-07T17:26:35,84.665031,-38.204639,nan
2024-06-07T17:26:34,84.665047,-38.204239,nan
2024-06-07T17:26:34,84.665054,-38.203838,nan
2024-06-07T17:26:33,84.665070,-38.203438,nan
2024-06-07T17:26:33,84.665085,-38.203041,nan
2024-06-07T17:26:32,84.665100,-38.202641,nan
2024-06-07T17:26:32,84.665115,-38.202240,nan
2024-06-07T17:26:31,84.665131,-38.201839,nan
2024-06-07T17:26:31,84.665146,-38.201443,nan
2024-06-07T17:26:30,84.665161,-38.201050,nan
2024-06-07T17:26:30,84.665169,-38.200657,nan
2024-06-07T17:26:29,84.665184,-38.200272,nan
2024-06-07T17:26:29,84.665192,-38.199886,nan
2024-06-07T17:26:28,84.665215,-38.199131,nan
2024-06-07T17:26:27,84.665230,-38.198757,nan
2024-06-07T17:26:27,84.665237,-38.198383,nan
2024-06-07T17:26:26,84.665245,-38.198017,nan
2024-06-07T17:26:26,84.665260,-38.197647,nan
2024-06-07T17:26:25,84.665268,-38.197285,nan
2024-06-07T17:26:25,84.665276,-38.196922,nan
2024-06-07T17:26:24,84.665291,-38.196564,nan
2024-06-07T17:26:23,84.665314,-38.195854,nan
2024-06-07T17:26:23,84.665321,-38.195499,nan
2024-06-07T17:26:22,84.665337,-38.195148,nan
2024-06-07T17:26:22,84.665352,-38.194798,nan
2024-06-07T17:26:21,84.665359,-38.194447,nan
2024-06-07T17:26:21,84.665375,-38.194092,nan
2024-06-07T17:26:20,84.665382,-38.193737,nan
2024-06-07T17:26:20,84.665398,-38.193386,nan
2024-06-07T17:26:19,84.665405,-38.193031,nan
2024-06-07T17:26:19,84.665421,-38.192680,nan
2024-06-07T17:26:18,84.665428,-38.192326,nan
2024-06-07T17:26:18,84.665436,-38.191975,nan
2024-06-07T17:26:17,84.665451,-38.191616,nan
2024-06-07T17:26:17,84.665459,-38.191257,nan
2024-06-07T17:26:16,84.665466,-38.190895,nan
2024-06-07T17:26:16,84.665474,-38.190533,nan
2024-06-07T17:26:15,84.665489,-38.190170,nan
2024-06-07T17:26:15,84.665497,-38.189808,nan
2024-06-07T17:26:14,84.665512,-38.189445,nan
2024-06-07T17:26:14,84.665520,-38.189091,nan
2024-06-07T17:26:13,84.665527,-38.188736,nan
2024-06-07T17:26:13,84.665543,-38.188385,nan
2024-06-07T17:26:12,84.665550,-38.188034,nan
2024-06-07T17:26:12,84.665558,-38.187687,nan
2024-06-07T17:26:11,84.665573,-38.187340,nan
2024-06-07T17:26:11,84.665581,-38.186996,nan
2024-06-07T17:26:10,84.665588,-38.186653,nan
2024-06-07T17:26:10,84.665604,-38.186314,nan
2024-06-07T17:26:09,84.665611,-38.185974,nan
2024-06-07T17:26:09,84.665619,-38.185631,nan
2024-06-07T17:26:08,84.665627,-38.185287,nan
2024-06-07T17:26:08,84.665642,-38.184940,nan
2024-06-07T17:26:07,84.665649,-38.184589,nan
2024-06-07T17:26:07,84.665657,-38.184235,nan
2024-06-07T17:26:06,84.665672,-38.183880,nan
2024-06-07T17:26:06,84.665680,-38.183525,nan
2024-06-07T17:26:05,84.665695,-38.183167,nan
2024-06-07T17:26:05,84.665703,-38.182808,nan
2024-06-07T17:26:04,84.665718,-38.182449,nan
2024-06-07T17:26:04,84.665726,-38.182087,nan
2024-06-07T17:26:03,84.665741,-38.181725,nan
2024-06-07T17:26:03,84.665749,-38.181362,nan
2024-06-07T17:26:02,84.665764,-38.181000,nan
2024-06-07T17:26:02,84.665771,-38.180637,nan
2024-06-07T17:26:01,84.665787,-38.180275,nan
2024-06-07T17:26:01,84.665794,-38.179920,nan
2024-06-07T17:26:00,84.665810,-38.179569,nan
2024-06-07T17:26:00,84.665817,-38.179218,nan
2024-06-07T17:25:59,84.665825,-38.178860,nan
2024-06-07T17:25:59,84.665833,-38.178501,nan
2024-06-07T17:25:58,84.665840,-38.178150,nan
2024-06-07T17:25:58,84.665848,-38.177799,nan
2024-06-07T17:25:57,84.665863,-38.177460,nan
2024-06-07T17:25:57,84.665871,-38.177120,nan
2024-06-07T17:25:56,84.665878,-38.176785,nan
2024-06-07T17:25:56,84.665886,-38.176456,nan
2024-06-07T17:25:55,84.665894,-38.176125,nan
2024-06-07T17:25:55,84.665909,-38.175800,nan
2024-06-07T17:25:54,84.665916,-38.175476,nan
2024-06-07T17:25:54,84.665924,-38.175159,nan
2024-06-07T17:25:53,84.665939,-38.174850,nan
2024-06-07T17:25:53,84.665947,-38.174545,nan
2024-06-07T17:25:52,84.665955,-38.174244,nan
2024-06-07T17:25:52,84.665962,-38.173946,nan
2024-06-07T17:25:51,84.665977,-38.173653,nan
2024-06-07T17:25:51,84.665985,-38.173367,nan
2024-06-07T17:25:50,84.666008,-38.172794,nan
2024-06-07T17:25:49,84.666016,-38.172512,nan
2024-06-07T17:25:49,84.666031,-38.172230,nan
2024-06-07T17:25:48,84.666046,-38.171669,nan
2024-06-07T17:25:47,84.666054,-38.171391,nan
2024-06-07T17:25:47,84.666069,-38.171104,nan
2024-06-07T17:25:46,84.666077,-38.170830,nan
2024-06-07T17:25:46,84.666084,-38.170555,nan
2024-06-07T17:25:45,84.666092,-38.170284,nan
2024-06-07T17:25:45,84.666107,-38.170013,nan
2024-06-07T17:25:44,84.666115,-38.169746,nan
2024-06-07T17:25:44,84.666122,-38.169479,nan
2024-06-07T17:25:43,84.666130,-38.169216,nan
2024-06-07T17:25:43,84.666145,-38.168953,nan
2024-06-07T17:25:42,84.666153,-38.168686,nan
2024-06-07T17:25:42,84.666161,-38.168415,nan
2024-06-07T17:25:41,84.666176,-38.168148,nan
2024-06-07T17:25:41,84.666183,-38.167877,nan
2024-06-07T17:25:40,84.666191,-38.167614,nan
2024-06-07T17:25:40,84.666206,-38.167347,nan
2024-06-07T17:25:39,84.666214,-38.167080,nan
2024-06-07T17:25:39,84.666222,-38.166821,nan
2024-06-07T17:25:38,84.666245,-38.166286,nan
2024-06-07T17:25:37,84.666252,-38.166023,nan
2024-06-07T17:25:37,84.666260,-38.165760,nan
2024-06-07T17:25:36,84.666267,-38.165501,nan
2024-06-07T17:25:36,84.666283,-38.165237,nan
2024-06-07T17:25:35,84.666290,-38.164982,nan
2024-06-07T17:25:35,84.666298,-38.164722,nan
2024-06-07T17:25:34,84.666306,-38.164471,nan
2024-06-07T17:25:34,84.666313,-38.164219,nan
2024-06-07T17:25:33,84.666321,-38.163967,nan
2024-06-07T17:25:33,84.666328,-38.163719,nan
2024-06-07T17:25:32,84.666344,-38.163479,nan
2024-06-07T17:25:32,84.666351,-38.163235,nan
2024-06-07T17:25:31,84.666359,-38.162991,nan
2024-06-07T17:25:31,84.666367,-38.162750,nan
2024-06-07T17:25:30,84.666374,-38.162521,nan
2024-06-07T17:25:30,84.666382,-38.162292,nan
2024-06-07T17:25:29,84.666389,-38.162071,nan
2024-06-07T17:25:29,84.666405,-38.161858,nan
2024-06-07T17:25:28,84.666412,-38.161652,nan
2024-06-07T17:25:28,84.666420,-38.161449,nan
2024-06-07T17:25:27,84.666428,-38.161247,nan
2024-06-07T17:25:27,84.666443,-38.161053,nan
2024-06-07T17:25:26,84.666451,-38.160862,nan
2024-06-07T17:25:26,84.666458,-38.160671,nan
2024-06-07T17:25:25,84.666481,-38.160297,nan
2024-06-07T17:25:24,84.666496,-38.160107,nan
2024-06-07T17:25:24,84.666504,-38.159912,nan
2024-06-07T17:25:23,84.666512,-38.159718,nan
2024-06-07T17:25:23,84.666527,-38.159515,nan
2024-06-07T17:25:22,84.666534,-38.159313,nan
2024-06-07T17:25:22,84.666550,-38.159103,nan
2024-06-07T17:25:21,84.666557,-38.158894,nan
2024-06-07T17:25:21,84.666565,-38.158680,nan
2024-06-07T17:25:20,84.666580,-38.158466,nan
2024-06-07T17:25:20,84.666588,-38.158257,nan
2024-06-07T17:25:19,84.666603,-38.158047,nan
2024-06-07T17:25:19,84.666611,-38.157837,nan
2024-06-07T17:25:18,84.666618,-38.157627,nan
2024-06-07T17:25:17,84.666641,-38.157227,nan
2024-06-07T17:25:17,84.666656,-38.157036,nan
2024-06-07T17:25:16,84.666672,-38.156853,nan
2024-06-07T17:25:16,84.666679,-38.156677,nan
2024-06-07T17:25:15,84.666695,-38.156502,nan
2024-06-07T17:25:15,84.666710,-38.156334,nan
2024-06-07T17:25:14,84.666718,-38.156170,nan
2024-06-07T17:25:14,84.666733,-38.156013,nan
2024-06-07T17:25:13,84.666748,-38.155861,nan
2024-06-07T17:25:13,84.666763,-38.155708,nan
2024-06-07T17:25:12,84.666794,-38.155418,nan
2024-06-07T17:25:11,84.666809,-38.155273,nan
2024-06-07T17:25:11,84.666824,-38.155125,nan
2024-06-07T17:25:10,84.666840,-38.154968,nan
2024-06-07T17:25:10,84.666855,-38.154816,nan
2024-06-07T17:25:09,84.666870,-38.154655,nan
2024-06-07T17:25:09,84.666885,-38.154488,nan
2024-06-07T17:25:08,84.666901,-38.154324,nan
2024-06-07T17:25:08,84.666916,-38.154156,nan
2024-06-07T17:25:07,84.666931,-38.153984,nan
2024-06-07T17:25:07,84.666946,-38.153809,nan
2024-06-07T17:25:06,84.666969,-38.153637,nan
2024-06-07T17:25:06,84.666985,-38.153469,nan
2024-06-07T17:25:05,84.667000,-38.153301,nan
2024-06-07T17:25:05,84.667015,-38.153137,nan
2024-06-07T17:25:04,84.667030,-38.152969,nan
2024-06-07T17:25:04,84.667053,-38.152802,nan
2024-06-07T17:25:03,84.667068,-38.152637,nan
2024-06-07T17:25:03,84.667084,-38.152473,nan
2024-06-07T17:25:02,84.667099,-38.152313,nan
2024-06-07T17:25:02,84.667114,-38.152149,nan
2024-06-07T17:25:01,84.667130,-38.151993,nan
2024-06-07T17:25:01,84.667145,-38.151836,nan
2024-06-07T17:25:00,84.667160,-38.151688,nan
2024-06-07T17:25:00,84.667175,-38.151539,nan
2024-06-07T17:24:59,84.667191,-38.151398,nan
2024-06-07T17:24:59,84.667206,-38.151260,nan
2024-06-07T17:24:58,84.667213,-38.151127,nan
2024-06-07T17:24:58,84.667229,-38.150993,nan
2024-06-07T17:24:57,84.667244,-38.150867,nan
2024-06-07T17:24:57,84.667252,-38.150749,nan
2024-06-07T17:24:56,84.667267,-38.150639,nan
2024-06-07T17:24:56,84.667274,-38.150536,nan
2024-06-07T17:24:55,84.667290,-38.150440,nan
2024-06-07T17:24:55,84.667305,-38.150345,nan
2024-06-07T17:24:54,84.667313,-38.150253,nan
2024-06-07T17:24:54,84.667320,-38.150158,nan
2024-06-07T17:24:53,84.667336,-38.150066,nan
2024-06-07T17:24:53,84.667343,-38.149971,nan
2024-06-07T17:24:52,84.667351,-38.149872,nan
2024-06-07T17:24:52,84.667366,-38.149776,nan
2024-06-07T17:24:51,84.667374,-38.149677,nan
2024-06-07T17:24:51,84.667381,-38.149578,nan
2024-06-07T17:24:50,84.667389,-38.149483,nan
2024-06-07T17:24:50,84.667397,-38.149387,nan
2024-06-07T17:24:49,84.667404,-38.149296,nan
2024-06-07T17:24:49,84.667412,-38.149204,nan
2024-06-07T17:24:48,84.667419,-38.149113,nan
2024-06-07T17:24:48,84.667427,-38.149029,nan
2024-06-07T17:24:47,84.667435,-38.148945,nan
2024-06-07T17:24:47,84.667442,-38.148857,nan
2024-06-07T17:24:46,84.667450,-38.148777,nan
2024-06-07T17:24:46,84.667458,-38.148697,nan
2024-06-07T17:24:45,84.667465,-38.148613,nan
2024-06-07T17:24:45,84.667465,-38.148537,nan
2024-06-07T17:24:44,84.667473,-38.148464,nan
2024-06-07T17:24:44,84.667480,-38.148396,nan
2024-06-07T17:24:43,84.667488,-38.148327,nan
2024-06-07T17:24:43,84.667488,-38.148266,nan
2024-06-07T17:24:42,84.667496,-38.148209,nan
2024-06-07T17:24:42,84.667503,-38.148148,nan
2024-06-07T17:24:41,84.667503,-38.148098,nan
2024-06-07T17:24:41,84.667511,-38.148045,nan
2024-06-07T17:24:40,84.667519,-38.147999,nan
2024-06-07T17:24:40,84.667519,-38.147957,nan
2024-06-07T17:24:39,84.667526,-38.147915,nan
2024-06-07T17:24:39,84.667534,-38.147881,nan
2024-06-07T17:24:38,84.667542,-38.147846,nan
2024-06-07T17:24:38,84.667549,-38.147808,nan
2024-06-07T17:24:37,84.667557,-38.147778,nan
2024-06-07T17:24:37,84.667564,-38.147747,nan
2024-06-07T17:24:36,84.667564,-38.147720,nan
2024-06-07T17:24:36,84.667580,-38.147697,nan
2024-06-07T17:24:35,84.667587,-38.147678,nan
2024-06-07T17:24:35,84.667595,-38.147659,nan
2024-06-07T17:24:34,84.667603,-38.147644,nan
2024-06-07T17:24:34,84.667610,-38.147633,nan
2024-06-07T17:24:33,84.667618,-38.147629,nan
2024-06-07T17:24:33,84.667625,-38.147625,nan
2024-06-07T17:24:32,84.667641,-38.147625,nan
2024-06-07T17:24:32,84.667648,-38.147629,nan
2024-06-07T17:24:31,84.667656,-38.147633,nan
2024-06-07T17:24:31,84.667664,-38.147644,nan
2024-06-07T17:24:30,84.667671,-38.147652,nan
2024-06-07T17:24:30,84.667679,-38.147659,nan
2024-06-07T17:24:29,84.667686,-38.147675,nan
2024-06-07T17:24:29,84.667694,-38.147690,nan
2024-06-07T17:24:28,84.667702,-38.147705,nan
2024-06-07T17:24:28,84.667709,-38.147720,nan
2024-06-07T17:24:27,84.667717,-38.147739,nan
2024-06-07T17:24:27,84.667725,-38.147758,nan
2024-06-07T17:24:26,84.667732,-38.147774,nan
2024-06-07T17:24:26,84.667747,-38.147789,nan
2024-06-07T17:24:25,84.667755,-38.147800,nan
2024-06-07T17:24:25,84.667770,-38.147812,nan
2024-06-07T17:24:24,84.667778,-38.147820,nan
2024-06-07T17:24:24,84.667786,-38.147823,nan
2024-06-07T17:24:23,84.667801,-38.147827,nan
2024-06-07T17:24:23,84.667816,-38.147827,nan
2024-06-07T17:24:22,84.667824,-38.147823,nan
2024-06-07T17:24:22,84.667839,-38.147820,nan
2024-06-07T17:24:21,84.667847,-38.147816,nan
2024-06-07T17:24:21,84.667854,-38.147812,nan
2024-06-07T17:24:20,84.667870,-38.147804,nan
2024-06-07T17:24:20,84.667877,-38.147804,nan
2024-06-07T17:24:19,84.667892,-38.147804,nan
2024-06-07T17:24:19,84.667900,-38.147804,nan
2024-06-07T17:24:18,84.667915,-38.147804,nan
2024-06-07T17:24:18,84.667923,-38.147812,nan
2024-06-07T17:24:17,84.667938,-38.147820,nan
2024-06-07T17:24:17,84.667946,-38.147831,nan
2024-06-07T17:24:16,84.667961,-38.147846,nan
2024-06-07T17:24:16,84.667969,-38.147865,nan
2024-06-07T17:24:15,84.667984,-38.147892,nan
2024-06-07T17:24:15,84.667992,-38.147923,nan
2024-06-07T17:24:14,84.668007,-38.147953,nan
2024-06-07T17:24:14,84.668015,-38.147991,nan
2024-06-07T17:24:13,84.668030,-38.148029,nan
2024-06-07T17:24:13,84.668037,-38.148064,nan
2024-06-07T17:24:12,84.668053,-38.148102,nan
2024-06-07T17:24:12,84.668060,-38.148144,nan
2024-06-07T17:24:11,84.668068,-38.148190,nan
2024-06-07T17:24:11,84.668083,-38.148239,nan
2024-06-07T17:24:10,84.668091,-38.148293,nan
2024-06-07T17:24:10,84.668106,-38.148346,nan
2024-06-07T17:24:09,84.668114,-38.148403,nan
2024-06-07T17:24:09,84.668129,-38.148464,nan
2024-06-07T17:24:08,84.668137,-38.148521,nan
2024-06-07T17:24:08,84.668152,-38.148582,nan
2024-06-07T17:24:07,84.668159,-38.148643,nan
2024-06-07T17:24:07,84.668175,-38.148701,nan
2024-06-07T17:24:06,84.668182,-38.148754,nan
2024-06-07T17:24:06,84.668190,-38.148811,nan
2024-06-07T17:24:05,84.668198,-38.148869,nan
2024-06-07T17:24:05,84.668213,-38.148926,nan
2024-06-07T17:24:04,84.668221,-38.148987,nan
2024-06-07T17:24:04,84.668228,-38.149048,nan
2024-06-07T17:24:03,84.668243,-38.149113,nan
2024-06-07T17:24:03,84.668251,-38.149174,nan
2024-06-07T17:24:02,84.668259,-38.149239,nan
2024-06-07T17:24:02,84.668274,-38.149303,nan
2024-06-07T17:24:01,84.668282,-38.149364,nan
2024-06-07T17:24:01,84.668289,-38.149426,nan
2024-06-07T17:24:00,84.668304,-38.149487,nan
2024-06-07T17:24:00,84.668312,-38.149544,nan
2024-06-07T17:23:59,84.668327,-38.149601,nan
2024-06-07T17:23:59,84.668335,-38.149654,nan
2024-06-07T17:23:58,84.668343,-38.149708,nan
2024-06-07T17:23:58,84.668350,-38.149769,nan
2024-06-07T17:23:57,84.668365,-38.149826,nan
2024-06-07T17:23:57,84.668373,-38.149891,nan
2024-06-07T17:23:56,84.668381,-38.149956,nan
2024-06-07T17:23:56,84.668388,-38.150024,nan
2024-06-07T17:23:55,84.668396,-38.150089,nan
2024-06-07T17:23:55,84.668411,-38.150158,nan
2024-06-07T17:23:54,84.668419,-38.150227,nan
2024-06-07T17:23:54,84.668427,-38.150291,nan
2024-06-07T17:23:53,84.668442,-38.150360,nan
2024-06-07T17:23:53,84.668449,-38.150429,nan
2024-06-07T17:23:52,84.668457,-38.150494,nan
2024-06-07T17:23:52,84.668465,-38.150558,nan
2024-06-07T17:23:51,84.668480,-38.150620,nan
2024-06-07T17:23:51,84.668488,-38.150681,nan
2024-06-07T17:23:50,84.668495,-38.150742,nan
2024-06-07T17:23:50,84.668503,-38.150803,nan
2024-06-07T17:23:49,84.668510,-38.150867,nan
2024-06-07T17:23:49,84.668518,-38.150928,nan
2024-06-07T17:23:48,84.668526,-38.150997,nan
2024-06-07T17:23:48,84.668533,-38.151066,nan
2024-06-07T17:23:47,84.668541,-38.151138,nan
2024-06-07T17:23:47,84.668549,-38.151218,nan
2024-06-07T17:23:46,84.668556,-38.151295,nan
2024-06-07T17:23:46,84.668564,-38.151367,nan
2024-06-07T17:23:45,84.668571,-38.151447,nan
2024-06-07T17:23:45,84.668579,-38.151520,nan
2024-06-07T17:23:44,84.668587,-38.151596,nan
2024-06-07T17:23:44,84.668594,-38.151669,nan
2024-06-07T17:23:43,84.668594,-38.151745,nan
2024-06-07T17:23:43,84.668602,-38.151825,nan
2024-06-07T17:23:42,84.668610,-38.151905,nan
2024-06-07T17:23:42,84.668617,-38.151989,nan
2024-06-07T17:23:41,84.668617,-38.152077,nan
2024-06-07T17:23:41,84.668625,-38.152164,nan
2024-06-07T17:23:40,84.668625,-38.152260,nan
2024-06-07T17:23:40,84.668633,-38.152351,nan
2024-06-07T17:23:39,84.668640,-38.152447,nan
2024-06-07T17:23:39,84.668648,-38.152542,nan
2024-06-07T17:23:38,84.668648,-38.152641,nan
2024-06-07T17:23:38,84.668655,-38.152744,nan
2024-06-07T17:23:37,84.668663,-38.152843,nan
2024-06-07T17:23:37,84.668671,-38.152943,nan
2024-06-07T17:23:36,84.668678,-38.153042,nan
2024-06-07T17:23:36,84.668686,-38.153141,nan
2024-06-07T17:23:35,84.668694,-38.153240,nan
2024-06-07T17:23:35,84.668701,-38.153347,nan
2024-06-07T17:23:34,84.668709,-38.153446,nan
2024-06-07T17:23:34,84.668716,-38.153549,nan
2024-06-07T17:23:33,84.668724,-38.153656,nan
2024-06-07T17:23:33,84.668732,-38.153763,nan
2024-06-07T17:23:32,84.668739,-38.153866,nan
2024-06-07T17:23:32,84.668747,-38.153973,nan
2024-06-07T17:23:31,84.668755,-38.154079,nan
2024-06-07T17:23:31,84.668755,-38.154186,nan
2024-06-07T17:23:30,84.668762,-38.154293,nan
2024-06-07T17:23:30,84.668770,-38.154404,nan
2024-06-07T17:23:29,84.668777,-38.154510,nan
2024-06-07T17:23:29,84.668785,-38.154617,nan
2024-06-07T17:23:28,84.668785,-38.154724,nan
2024-06-07T17:23:28,84.668793,-38.154823,nan
2024-06-07T17:23:27,84.668800,-38.154922,nan
2024-06-07T17:23:27,84.668808,-38.155022,nan
2024-06-07T17:23:26,84.668808,-38.155121,nan
2024-06-07T17:23:26,84.668816,-38.155224,nan
2024-06-07T17:23:25,84.668816,-38.155327,nan
2024-06-07T17:23:25,84.668823,-38.155434,nan
2024-06-07T17:23:24,84.668831,-38.155544,nan
2024-06-07T17:23:24,84.668839,-38.155659,nan
2024-06-07T17:23:23,84.668839,-38.155773,nan
2024-06-07T17:23:23,84.668846,-38.155895,nan
2024-06-07T17:23:22,84.668854,-38.156017,nan
2024-06-07T17:23:22,84.668861,-38.156147,nan
2024-06-07T17:23:21,84.668869,-38.156281,nan
2024-06-07T17:23:21,84.668877,-38.156410,nan
2024-06-07T17:23:20,84.668884,-38.156544,nan
2024-06-07T17:23:20,84.668900,-38.156681,nan
2024-06-07T17:23:19,84.668907,-38.156815,nan
2024-06-07T17:23:19,84.668922,-38.156952,nan
2024-06-07T17:23:18,84.668930,-38.157097,nan
2024-06-07T17:23:18,84.668945,-38.157242,nan
2024-06-07T17:23:17,84.668953,-38.157394,nan
2024-06-07T17:23:17,84.668968,-38.157555,nan
2024-06-07T17:23:16,84.668976,-38.157719,nan
2024-06-07T17:23:16,84.668991,-38.157879,nan
2024-06-07T17:23:15,84.669006,-38.158043,nan
2024-06-07T17:23:15,84.669022,-38.158211,nan
2024-06-07T17:23:14,84.669037,-38.158375,nan
2024-06-07T17:23:14,84.669052,-38.158535,nan
2024-06-07T17:23:13,84.669067,-38.158691,nan
2024-06-07T17:23:13,84.669090,-38.158848,nan
2024-06-07T17:23:12,84.669106,-38.159008,nan
2024-06-07T17:23:12,84.669121,-38.159172,nan
2024-06-07T17:23:11,84.669144,-38.159336,nan
2024-06-07T17:23:11,84.669159,-38.159504,nan
2024-06-07T17:23:10,84.669174,-38.159672,nan
2024-06-07T17:23:10,84.669197,-38.159836,nan
2024-06-07T17:23:09,84.669212,-38.160000,nan
2024-06-07T17:23:09,84.669228,-38.160164,nan
2024-06-07T17:23:08,84.669250,-38.160320,nan
2024-06-07T17:23:08,84.669273,-38.160484,nan
2024-06-07T17:23:07,84.669289,-38.160648,nan
2024-06-07T17:23:07,84.669312,-38.160820,nan
2024-06-07T17:23:06,84.669327,-38.160988,nan
2024-06-07T17:23:06,84.669350,-38.161152,nan
2024-06-07T17:23:05,84.669373,-38.161320,nan
2024-06-07T17:23:05,84.669395,-38.161484,nan
2024-06-07T17:23:04,84.669411,-38.161652,nan
2024-06-07T17:23:04,84.669434,-38.161819,nan
2024-06-07T17:23:03,84.669456,-38.161987,nan
2024-06-07T17:23:03,84.669472,-38.162155,nan
2024-06-07T17:23:02,84.669495,-38.162327,nan
2024-06-07T17:23:02,84.669518,-38.162495,nan
2024-06-07T17:23:01,84.669533,-38.162666,nan
2024-06-07T17:23:01,84.669556,-38.162834,nan
2024-06-07T17:23:00,84.669571,-38.163010,nan
2024-06-07T17:23:00,84.669594,-38.163177,nan
2024-06-07T17:22:59,84.669617,-38.163345,nan
2024-06-07T17:22:59,84.669632,-38.163509,nan
2024-06-07T17:22:58,84.669655,-38.163666,nan
2024-06-07T17:22:58,84.669670,-38.163822,nan
2024-06-07T17:22:57,84.669693,-38.163982,nan
2024-06-07T17:22:57,84.669708,-38.164143,nan
2024-06-07T17:22:56,84.669731,-38.164303,nan
2024-06-07T17:22:56,84.669746,-38.164467,nan
2024-06-07T17:22:55,84.669769,-38.164631,nan
2024-06-07T17:22:55,84.669785,-38.164795,nan
2024-06-07T17:22:54,84.669800,-38.164963,nan
2024-06-07T17:22:54,84.669823,-38.165131,nan
2024-06-07T17:22:53,84.669838,-38.165302,nan
2024-06-07T17:22:53,84.669853,-38.165470,nan
2024-06-07T17:22:52,84.669868,-38.165642,nan
2024-06-07T17:22:52,84.669891,-38.165810,nan
2024-06-07T17:22:51,84.669907,-38.165974,nan
2024-06-07T17:22:51,84.669922,-38.166142,nan
2024-06-07T17:22:50,84.669937,-38.166309,nan
2024-06-07T17:22:50,84.669952,-38.166481,nan
2024-06-07T17:22:49,84.669968,-38.166653,nan
2024-06-07T17:22:49,84.669991,-38.166832,nan
2024-06-07T17:22:48,84.670006,-38.167019,nan
2024-06-07T17:22:48,84.670021,-38.167206,nan
2024-06-07T17:22:47,84.670036,-38.167400,nan
2024-06-07T17:22:47,84.670052,-38.167603,nan
2024-06-07T17:22:46,84.670067,-38.167805,nan
2024-06-07T17:22:46,84.670082,-38.168015,nan
2024-06-07T17:22:45,84.670097,-38.168224,nan
2024-06-07T17:22:45,84.670113,-38.168442,nan
2024-06-07T17:22:44,84.670128,-38.168659,nan
2024-06-07T17:22:44,84.670143,-38.168880,nan
2024-06-07T17:22:43,84.670158,-38.169102,nan
2024-06-07T17:22:43,84.670166,-38.169331,nan
2024-06-07T17:22:42,84.670181,-38.169563,nan
2024-06-07T17:22:42,84.670197,-38.169804,nan
2024-06-07T17:22:41,84.670212,-38.170048,nan
2024-06-07T17:22:41,84.670219,-38.170292,nan
2024-06-07T17:22:40,84.670235,-38.170544,nan
2024-06-07T17:22:40,84.670250,-38.170795,nan
2024-06-07T17:22:39,84.670258,-38.171059,nan
2024-06-07T17:22:39,84.670273,-38.171329,nan
2024-06-07T17:22:38,84.670280,-38.171608,nan
2024-06-07T17:22:38,84.670296,-38.171890,nan
2024-06-07T17:22:37,84.670311,-38.172180,nan
2024-06-07T17:22:37,84.670319,-38.172470,nan
2024-06-07T17:22:36,84.670326,-38.172768,nan
2024-06-07T17:22:36,84.670341,-38.173061,nan
2024-06-07T17:22:35,84.670357,-38.173355,nan
2024-06-07T17:22:35,84.670364,-38.173653,nan
2024-06-07T17:22:34,84.670372,-38.173946,nan
2024-06-07T17:22:34,84.670387,-38.174244,nan
2024-06-07T17:22:33,84.670395,-38.174541,nan
2024-06-07T17:22:33,84.670403,-38.174843,nan
2024-06-07T17:22:32,84.670418,-38.175144,nan
2024-06-07T17:22:32,84.670425,-38.175449,nan
2024-06-07T17:22:31,84.670441,-38.175755,nan
2024-06-07T17:22:31,84.670448,-38.176056,nan
2024-06-07T17:22:30,84.670456,-38.176365,nan
2024-06-07T17:22:30,84.670471,-38.176666,nan
2024-06-07T17:22:29,84.670479,-38.176968,nan
2024-06-07T17:22:29,84.670486,-38.177273,nan
2024-06-07T17:22:28,84.670502,-38.177574,nan
2024-06-07T17:22:28,84.670509,-38.177876,nan
2024-06-07T17:22:27,84.670517,-38.178173,nan
2024-06-07T17:22:27,84.670525,-38.178471,nan
2024-06-07T17:22:26,84.670532,-38.178768,nan
2024-06-07T17:22:26,84.670547,-38.179066,nan
2024-06-07T17:22:25,84.670555,-38.179359,nan
2024-06-07T17:22:25,84.670563,-38.179653,nan
2024-06-07T17:22:24,84.670570,-38.179947,nan
2024-06-07T17:22:24,84.670586,-38.180248,nan
2024-06-07T17:22:23,84.670593,-38.180546,nan
2024-06-07T17:22:23,84.670601,-38.180843,nan
2024-06-07T17:22:22,84.670616,-38.181149,nan
2024-06-07T17:22:22,84.670624,-38.181454,nan
2024-06-07T17:22:21,84.670631,-38.181763,nan
2024-06-07T17:22:21,84.670639,-38.182083,nan
2024-06-07T17:22:20,84.670647,-38.182404,nan
2024-06-07T17:22:20,84.670654,-38.182732,nan
2024-06-07T17:22:19,84.670662,-38.183067,nan
2024-06-07T17:22:19,84.670670,-38.183407,nan
2024-06-07T17:22:18,84.670677,-38.183743,nan
2024-06-07T17:22:18,84.670677,-38.184078,nan
2024-06-07T17:22:17,84.670685,-38.184418,nan
2024-06-07T17:22:17,84.670692,-38.184757,nan
2024-06-07T17:22:16,84.670700,-38.185097,nan
2024-06-07T17:22:16,84.670708,-38.185436,nan
2024-06-07T17:22:15,84.670715,-38.185780,nan
2024-06-07T17:22:15,84.670715,-38.186123,nan
2024-06-07T17:22:14,84.670723,-38.186466,nan
2024-06-07T17:22:14,84.670731,-38.186810,nan
2024-06-07T17:22:13,84.670738,-38.187160,nan
2024-06-07T17:22:13,84.670746,-38.187511,nan
2024-06-07T17:22:12,84.670753,-38.187866,nan
2024-06-07T17:22:12,84.670753,-38.188225,nan
2024-06-07T17:22:11,84.670761,-38.188591,nan
2024-06-07T17:22:11,84.670769,-38.188953,nan
2024-06-07T17:22:10,84.670776,-38.189316,nan
2024-06-07T17:22:10,84.670784,-38.189674,nan
2024-06-07T17:22:09,84.670792,-38.190025,nan
2024-06-07T17:22:09,84.670799,-38.190376,nan
2024-06-07T17:22:08,84.670807,-38.190720,nan
2024-06-07T17:22:08,84.670815,-38.191059,nan
2024-06-07T17:22:07,84.670830,-38.191399,nan
2024-06-07T17:22:07,84.670837,-38.191738,nan
2024-06-07T17:22:06,84.670845,-38.192074,nan
2024-06-07T17:22:06,84.670853,-38.192410,nan
2024-06-07T17:22:05,84.670868,-38.192741,nan
2024-06-07T17:22:05,84.670876,-38.193073,nan
2024-06-07T17:22:04,84.670883,-38.193413,nan
2024-06-07T17:22:04,84.670891,-38.193745,nan
2024-06-07T17:22:03,84.670898,-38.194080,nan
2024-06-07T17:22:03,84.670914,-38.194420,nan
2024-06-07T17:22:02,84.670921,-38.194756,nan
2024-06-07T17:22:02,84.670929,-38.195091,nan
2024-06-07T17:22:01,84.670937,-38.195415,nan
2024-06-07T17:22:01,84.670944,-38.195740,nan
2024-06-07T17:22:00,84.670959,-38.196056,nan
2024-06-07T17:22:00,84.670967,-38.196369,nan
2024-06-07T17:21:59,84.670975,-38.196678,nan
2024-06-07T17:21:59,84.670990,-38.196983,nan
2024-06-07T17:21:58,84.670998,-38.197292,nan
2024-06-07T17:21:58,84.671013,-38.197598,nan
2024-06-07T17:21:57,84.671021,-38.197903,nan
2024-06-07T17:21:57,84.671036,-38.198208,nan
2024-06-07T17:21:56,84.671043,-38.198517,nan
2024-06-07T17:21:56,84.671059,-38.198833,nan
2024-06-07T17:21:55,84.671066,-38.199154,nan
2024-06-07T17:21:55,84.671082,-38.199474,nan
2024-06-07T17:21:54,84.671097,-38.199799,nan
2024-06-07T17:21:54,84.671104,-38.200127,nan
2024-06-07T17:21:53,84.671120,-38.200455,nan
2024-06-07T17:21:53,84.671135,-38.200783,nan
2024-06-07T17:21:52,84.671150,-38.201111,nan
2024-06-07T17:21:52,84.671165,-38.201439,nan
2024-06-07T17:21:51,84.671173,-38.201771,nan
2024-06-07T17:21:51,84.671188,-38.202103,nan
2024-06-07T17:21:50,84.671204,-38.202435,nan
2024-06-07T17:21:50,84.671211,-38.202766,nan
2024-06-07T17:21:49,84.671227,-38.203102,nan
2024-06-07T17:21:49,84.671234,-38.203434,nan
2024-06-07T17:21:48,84.671249,-38.203770,nan
2024-06-07T17:21:48,84.671257,-38.204109,nan
2024-06-07T17:21:47,84.671272,-38.204453,nan
2024-06-07T17:21:47,84.671280,-38.204796,nan
2024-06-07T17:21:46,84.671295,-38.205143,nan
2024-06-07T17:21:46,84.671303,-38.205494,nan
2024-06-07T17:21:45,84.671318,-38.205845,nan
2024-06-07T17:21:45,84.671326,-38.206196,nan
2024-06-07T17:21:44,84.671341,-38.206551,nan
2024-06-07T17:21:44,84.671349,-38.206905,nan
2024-06-07T17:21:43,84.671364,-38.207264,nan
2024-06-07T17:21:43,84.671379,-38.207626,nan
2024-06-07T17:21:42,84.671387,-38.207993,nan
2024-06-07T17:21:42,84.671402,-38.208363,nan
2024-06-07T17:21:41,84.671417,-38.208729,nan
2024-06-07T17:21:41,84.671425,-38.209103,nan
2024-06-07T17:21:40,84.671440,-38.209480,nan
2024-06-07T17:21:40,84.671448,-38.209854,nan
2024-06-07T17:21:39,84.671463,-38.210236,nan
2024-06-07T17:21:39,84.671478,-38.210613,nan
2024-06-07T17:21:38,84.671486,-38.210995,nan
2024-06-07T17:21:38,84.671501,-38.211376,nan
2024-06-07T17:21:37,84.671509,-38.211761,nan
2024-06-07T17:21:37,84.671524,-38.212151,nan
2024-06-07T17:21:36,84.671539,-38.212543,nan
2024-06-07T17:21:36,84.671547,-38.212940,nan
2024-06-07T17:21:35,84.671562,-38.213345,nan
2024-06-07T17:21:35,84.671577,-38.213741,nan
2024-06-07T17:21:34,84.671593,-38.214146,nan
2024-06-07T17:21:34,84.671608,-38.214550,nan
2024-06-07T17:21:33,84.671623,-38.214954,nan
2024-06-07T17:21:33,84.671638,-38.215359,nan
2024-06-07T17:21:32,84.671654,-38.215763,nan
2024-06-07T17:21:32,84.671669,-38.216167,nan
2024-06-07T17:21:31,84.671684,-38.216572,nan
2024-06-07T17:21:31,84.671700,-38.216984,nan
2024-06-07T17:21:30,84.671715,-38.217388,nan
2024-06-07T17:21:30,84.671730,-38.217800,nan
2024-06-07T17:21:29,84.671745,-38.218216,nan
2024-06-07T17:21:29,84.671761,-38.218643,nan
2024-06-07T17:21:28,84.671776,-38.219074,nan
2024-06-07T17:21:28,84.671791,-38.219517,nan
2024-06-07T17:21:27,84.671806,-38.219963,nan
2024-06-07T17:21:27,84.671822,-38.220409,nan
2024-06-07T17:21:26,84.671837,-38.220856,nan
2024-06-07T17:21:26,84.671860,-38.221306,nan
2024-06-07T17:21:25,84.671875,-38.221756,nan
2024-06-07T17:21:25,84.671890,-38.222206,nan
2024-06-07T17:21:24,84.671906,-38.222660,nan
2024-06-07T17:21:24,84.671921,-38.223118,nan
2024-06-07T17:21:23,84.671936,-38.223576,nan
2024-06-07T17:21:23,84.671951,-38.224037,nan
2024-06-07T17:21:22,84.671967,-38.224499,nan
2024-06-07T17:21:22,84.671982,-38.224964,nan
2024-06-07T17:21:21,84.671997,-38.225437,nan
2024-06-07T17:21:21,84.672005,-38.225910,nan
2024-06-07T17:21:20,84.672020,-38.226391,nan
2024-06-07T17:21:20,84.672035,-38.226875,nan
2024-06-07T17:21:19,84.672050,-38.227360,nan
2024-06-07T17:21:19,84.672058,-38.227856,nan
2024-06-07T17:21:18,84.672073,-38.228348,nan
2024-06-07T17:21:18,84.672081,-38.228848,nan
2024-06-07T17:21:17,84.672089,-38.229347,nan
2024-06-07T17:21:17,84.672104,-38.229847,nan
2024-06-07T17:21:16,84.672112,-38.230354,nan
2024-06-07T17:21:16,84.672119,-38.230862,nan
2024-06-07T17:21:15,84.672134,-38.231380,nan
2024-06-07T17:21:15,84.672142,-38.231903,nan
2024-06-07T17:21:14,84.672150,-38.232433,nan
2024-06-07T17:21:14,84.672157,-38.232967,nan
2024-06-07T17:21:13,84.672165,-38.233505,nan
2024-06-07T17:21:13,84.672173,-38.234047,nan
2024-06-07T17:21:12,84.672188,-38.234592,nan
2024-06-07T17:21:12,84.672195,-38.235142,nan
2024-06-07T17:21:11,84.672203,-38.235695,nan
2024-06-07T17:21:11,84.672211,-38.236244,nan
2024-06-07T17:21:10,84.672218,-38.236801,nan
2024-06-07T17:21:10,84.672226,-38.237354,nan
2024-06-07T17:21:09,84.672234,-38.237919,nan
2024-06-07T17:21:09,84.672234,-38.238483,nan
2024-06-07T17:21:08,84.672241,-38.239056,nan
2024-06-07T17:21:08,84.672249,-38.239628,nan
2024-06-07T17:21:07,84.672256,-38.240200,nan
2024-06-07T17:21:07,84.672264,-38.240776,nan
2024-06-07T17:21:06,84.672272,-38.241352,nan
2024-06-07T17:21:06,84.672272,-38.241928,nan
2024-06-07T17:21:05,84.672279,-38.242508,nan
2024-06-07T17:21:05,84.672287,-38.243088,nan
2024-06-07T17:21:04,84.672295,-38.243671,nan
2024-06-07T17:21:04,84.672302,-38.244255,nan
2024-06-07T17:21:03,84.672310,-38.244839,nan
2024-06-07T17:21:03,84.672318,-38.245426,nan
2024-06-07T17:21:02,84.672325,-38.246014,nan
2024-06-07T17:21:02,84.672333,-38.246601,nan
2024-06-07T17:21:01,84.672333,-38.247189,nan
2024-06-07T17:21:01,84.672340,-38.247772,nan
2024-06-07T17:21:00,84.672348,-38.248363,nan
2024-06-07T17:21:00,84.672356,-38.248955,nan
2024-06-07T17:20:59,84.672363,-38.249546,nan
2024-06-07T17:20:59,84.672371,-38.250141,nan
2024-06-07T17:20:58,84.672379,-38.250736,nan
2024-06-07T17:20:58,84.672386,-38.251335,nan
2024-06-07T17:20:57,84.672394,-38.251938,nan
2024-06-07T17:20:57,84.672401,-38.252541,nan
2024-06-07T17:20:56,84.672409,-38.253147,nan
2024-06-07T17:20:56,84.672409,-38.253757,nan
2024-06-07T17:20:55,84.672417,-38.254368,nan
2024-06-07T17:20:55,84.672424,-38.254986,nan
2024-06-07T17:20:54,84.672424,-38.255600,nan
2024-06-07T17:20:54,84.672432,-38.256222,nan
2024-06-07T17:20:53,84.672440,-38.256844,nan
2024-06-07T17:20:53,84.672440,-38.257465,nan
2024-06-07T17:20:52,84.672447,-38.258091,nan
2024-06-07T17:20:52,84.672447,-38.258717,nan
2024-06-07T17:20:51,84.672455,-38.259342,nan
2024-06-07T17:20:51,84.672455,-38.259968,nan
2024-06-07T17:20:50,84.672462,-38.260593,nan
2024-06-07T17:20:50,84.672462,-38.261219,nan
2024-06-07T17:20:49,84.672470,-38.261841,nan
2024-06-07T17:20:49,84.672470,-38.262463,nan
2024-06-07T17:20:48,84.672478,-38.263081,nan
2024-06-07T17:20:48,84.672485,-38.263699,nan
2024-06-07T17:20:47,84.672485,-38.264320,nan
2024-06-07T17:20:47,84.672493,-38.264938,nan
2024-06-07T17:20:46,84.672493,-38.265556,nan
2024-06-07T17:20:46,84.672501,-38.266174,nan
2024-06-07T17:20:45,84.672508,-38.266792,nan
2024-06-07T17:20:45,84.672508,-38.267410,nan
2024-06-07T17:20:44,84.672516,-38.268028,nan
2024-06-07T17:20:44,84.672523,-38.268646,nan
2024-06-07T17:20:43,84.672531,-38.269268,nan
2024-06-07T17:20:43,84.672539,-38.269890,nan
2024-06-07T17:20:42,84.672546,-38.270508,nan
2024-06-07T17:20:42,84.672554,-38.271130,nan
2024-06-07T17:20:41,84.672562,-38.271751,nan
2024-06-07T17:20:41,84.672577,-38.272373,nan
2024-06-07T17:20:40,84.672585,-38.272995,nan
2024-06-07T17:20:40,84.672592,-38.273617,nan
2024-06-07T17:20:39,84.672600,-38.274239,nan
2024-06-07T17:20:39,84.672615,-38.274857,nan
2024-06-07T17:20:38,84.672623,-38.275475,nan
2024-06-07T17:20:38,84.672630,-38.276089,nan
2024-06-07T17:20:37,84.672646,-38.276707,nan
2024-06-07T17:20:37,84.672653,-38.277325,nan
2024-06-07T17:20:36,84.672661,-38.277943,nan
2024-06-07T17:20:36,84.672668,-38.278561,nan
2024-06-07T17:20:35,84.672676,-38.279179,nan
2024-06-07T17:20:35,84.672684,-38.279797,nan
2024-06-07T17:20:34,84.672691,-38.280415,nan
2024-06-07T17:20:34,84.672699,-38.281036,nan
2024-06-07T17:20:33,84.672707,-38.281662,nan
2024-06-07T17:20:33,84.672714,-38.282291,nan
2024-06-07T17:20:32,84.672722,-38.282921,nan
2024-06-07T17:20:32,84.672729,-38.283550,nan
2024-06-07T17:20:31,84.672737,-38.284184,nan
2024-06-07T17:20:31,84.672745,-38.284817,nan
2024-06-07T17:20:30,84.672745,-38.285450,nan
2024-06-07T17:20:30,84.672752,-38.286083,nan
2024-06-07T17:20:29,84.672760,-38.286724,nan
2024-06-07T17:20:29,84.672768,-38.287361,nan
2024-06-07T17:20:28,84.672775,-38.288002,nan
2024-06-07T17:20:28,84.672783,-38.288643,nan
2024-06-07T17:20:27,84.672791,-38.289288,nan
2024-06-07T17:20:27,84.672798,-38.289932,nan
2024-06-07T17:20:26,84.672806,-38.290577,nan
2024-06-07T17:20:26,84.672813,-38.291225,nan
2024-06-07T17:20:25,84.672821,-38.291874,nan
2024-06-07T17:20:25,84.672829,-38.292522,nan
2024-06-07T17:20:24,84.672836,-38.293171,nan
2024-06-07T17:20:24,84.672844,-38.293823,nan
2024-06-07T17:20:23,84.672852,-38.294476,nan
2024-06-07T17:20:23,84.672859,-38.295128,nan
2024-06-07T17:20:22,84.672867,-38.295788,nan
2024-06-07T17:20:22,84.672874,-38.296448,nan
2024-06-07T17:20:21,84.672882,-38.297112,nan
2024-06-07T17:20:21,84.672890,-38.297779,nan
2024-06-07T17:20:20,84.672897,-38.298447,nan
2024-06-07T17:20:20,84.672905,-38.299118,nan
2024-06-07T17:20:19,84.672913,-38.299793,nan
2024-06-07T17:20:19,84.672920,-38.300465,nan
2024-06-07T17:20:18,84.672928,-38.301140,nan
2024-06-07T17:20:18,84.672935,-38.301815,nan
2024-06-07T17:20:17,84.672943,-38.302490,nan
2024-06-07T17:20:17,84.672951,-38.303173,nan
2024-06-07T17:20:16,84.672958,-38.303856,nan
2024-06-07T17:20:16,84.672966,-38.304539,nan
2024-06-07T17:20:15,84.672974,-38.305222,nan
2024-06-07T17:20:15,84.672981,-38.305908,nan
2024-06-07T17:20:14,84.672989,-38.306595,nan
2024-06-07T17:20:14,84.672997,-38.307278,nan
2024-06-07T17:20:13,84.673012,-38.307961,nan
2024-06-07T17:20:13,84.673019,-38.308647,nan
2024-06-07T17:20:12,84.673027,-38.309330,nan
2024-06-07T17:20:12,84.673042,-38.310017,nan
2024-06-07T17:20:11,84.673050,-38.310703,nan
2024-06-07T17:20:11,84.673065,-38.311390,nan
2024-06-07T17:20:10,84.673073,-38.312080,nan
2024-06-07T17:20:10,84.673080,-38.312763,nan
2024-06-07T17:20:09,84.673096,-38.313450,nan
2024-06-07T17:20:09,84.673103,-38.314133,nan
2024-06-07T17:20:08,84.673111,-38.314816,nan
2024-06-07T17:20:08,84.673119,-38.315498,nan
2024-06-07T17:20:07,84.673126,-38.316181,nan
2024-06-07T17:20:07,84.673141,-38.316864,nan
2024-06-07T17:20:06,84.673149,-38.317543,nan
2024-06-07T17:20:06,84.673157,-38.318222,nan
2024-06-07T17:20:05,84.673164,-38.318897,nan
2024-06-07T17:20:05,84.673172,-38.319576,nan
2024-06-07T17:20:04,84.673180,-38.320255,nan
2024-06-07T17:20:04,84.673187,-38.320934,nan
2024-06-07T17:20:03,84.673195,-38.321609,nan
2024-06-07T17:20:03,84.673203,-38.322292,nan
2024-06-07T17:20:02,84.673210,-38.322979,nan
2024-06-07T17:20:02,84.673218,-38.323666,nan
2024-06-07T17:20:01,84.673225,-38.324352,nan
2024-06-07T17:20:01,84.673233,-38.325039,nan
2024-06-07T17:20:00,84.673248,-38.325726,nan
2024-06-07T17:20:00,84.673256,-38.326408,nan
2024-06-07T17:19:59,84.673264,-38.327095,nan
2024-06-07T17:19:59,84.673271,-38.327778,nan
2024-06-07T17:19:58,84.673279,-38.328465,nan
2024-06-07T17:19:58,84.673286,-38.329147,nan
2024-06-07T17:19:57,84.673294,-38.329834,nan
2024-06-07T17:19:57,84.673302,-38.330517,nan
2024-06-07T17:19:56,84.673302,-38.331203,nan
2024-06-07T17:19:56,84.673309,-38.331886,nan
2024-06-07T17:19:55,84.673317,-38.332565,nan
2024-06-07T17:19:55,84.673325,-38.333248,nan
2024-06-07T17:19:54,84.673332,-38.333923,nan
2024-06-07T17:19:54,84.673340,-38.334595,nan
2024-06-07T17:19:53,84.673347,-38.335266,nan
2024-06-07T17:19:53,84.673347,-38.335930,nan
2024-06-07T17:19:52,84.673355,-38.336594,nan
2024-06-07T17:19:52,84.673363,-38.337250,nan
2024-06-07T17:19:51,84.673370,-38.337906,nan
2024-06-07T17:19:51,84.673378,-38.338562,nan
2024-06-07T17:19:50,84.673386,-38.339214,nan
2024-06-07T17:19:50,84.673393,-38.339870,nan
2024-06-07T17:19:49,84.673401,-38.340530,nan
2024-06-07T17:19:49,84.673401,-38.341187,nan
2024-06-07T17:19:48,84.673409,-38.341846,nan
2024-06-07T17:19:48,84.673416,-38.342514,nan
2024-06-07T17:19:47,84.673424,-38.343182,nan
2024-06-07T17:19:47,84.673431,-38.343853,nan
2024-06-07T17:19:46,84.673439,-38.344528,nan
2024-06-07T17:19:46,84.673447,-38.345203,nan
2024-06-07T17:19:45,84.673454,-38.345886,nan
2024-06-07T17:19:45,84.673454,-38.346569,nan
2024-06-07T17:19:44,84.673462,-38.347256,nan
2024-06-07T17:19:44,84.673470,-38.347942,nan
2024-06-07T17:19:43,84.673477,-38.348633,nan
2024-06-07T17:19:43,84.673485,-38.349323,nan
2024-06-07T17:19:42,84.673492,-38.350014,nan
2024-06-07T17:19:42,84.673500,-38.350704,nan
2024-06-07T17:19:41,84.673500,-38.351391,nan
2024-06-07T17:19:41,84.673508,-38.352077,nan
2024-06-07T17:19:40,84.673515,-38.352760,nan
2024-06-07T17:19:40,84.673523,-38.353439,nan
2024-06-07T17:19:39,84.673523,-38.354118,nan
2024-06-07T17:19:39,84.673531,-38.354797,nan
2024-06-07T17:19:38,84.673531,-38.355476,nan
2024-06-07T17:19:38,84.673538,-38.356155,nan
2024-06-07T17:19:37,84.673538,-38.356831,nan
2024-06-07T17:19:37,84.673546,-38.357510,nan
2024-06-07T17:19:36,84.673553,-38.358192,nan
2024-06-07T17:19:36,84.673553,-38.358871,nan
2024-06-07T17:19:35,84.673561,-38.359554,nan
2024-06-07T17:19:35,84.673561,-38.360241,nan
2024-06-07T17:19:34,84.673569,-38.360924,nan
2024-06-07T17:19:34,84.673569,-38.361610,nan
2024-06-07T17:19:33,84.673576,-38.362297,nan
2024-06-07T17:19:33,84.673584,-38.362984,nan
2024-06-07T17:19:32,84.673592,-38.363674,nan
2024-06-07T17:19:32,84.673599,-38.364365,nan
2024-06-07T17:19:31,84.673599,-38.365055,nan
2024-06-07T17:19:31,84.673607,-38.365742,nan
2024-06-07T17:19:30,84.673615,-38.366436,nan
2024-06-07T17:19:30,84.673622,-38.367123,nan
2024-06-07T17:19:29,84.673622,-38.367813,nan
2024-06-07T17:19:29,84.673630,-38.368500,nan
2024-06-07T17:19:28,84.673637,-38.369183,nan
2024-06-07T17:19:28,84.673645,-38.369862,nan
2024-06-07T17:19:27,84.673645,-38.370544,nan
2024-06-07T17:19:27,84.673653,-38.371223,nan
2024-06-07T17:19:26,84.673660,-38.371899,nan
2024-06-07T17:19:26,84.673668,-38.372578,nan
2024-06-07T17:19:25,84.673676,-38.373257,nan
2024-06-07T17:19:25,84.673683,-38.373936,nan
2024-06-07T17:19:24,84.673691,-38.374615,nan
2024-06-07T17:19:24,84.673698,-38.375298,nan
2024-06-07T17:19:23,84.673706,-38.375980,nan
2024-06-07T17:19:23,84.673714,-38.376663,nan
2024-06-07T17:19:22,84.673721,-38.377350,nan
2024-06-07T17:19:22,84.673737,-38.378033,nan
2024-06-07T17:19:21,84.673744,-38.378719,nan
2024-06-07T17:19:21,84.673752,-38.379410,nan
2024-06-07T17:19:20,84.673759,-38.380096,nan
2024-06-07T17:19:20,84.673767,-38.380787,nan
2024-06-07T17:19:19,84.673775,-38.381477,nan
2024-06-07T17:19:19,84.673782,-38.382172,nan
2024-06-07T17:19:18,84.673790,-38.382866,nan
2024-06-07T17:19:18,84.673798,-38.383564,nan
2024-06-07T17:19:17,84.673798,-38.384262,nan
2024-06-07T17:19:17,84.673805,-38.384960,nan
2024-06-07T17:19:16,84.673813,-38.385666,nan
2024-06-07T17:19:16,84.673820,-38.386372,nan
2024-06-07T17:19:15,84.673820,-38.387081,nan
2024-06-07T17:19:15,84.673828,-38.387794,nan
2024-06-07T17:19:14,84.673836,-38.388512,nan
2024-06-07T17:19:14,84.673843,-38.389225,nan
2024-06-07T17:19:13,84.673843,-38.389942,nan
2024-06-07T17:19:13,84.673851,-38.390656,nan
2024-06-07T17:19:12,84.673859,-38.391369,nan
2024-06-07T17:19:12,84.673859,-38.392082,nan
2024-06-07T17:19:11,84.673866,-38.392796,nan
2024-06-07T17:19:11,84.673874,-38.393509,nan
2024-06-07T17:19:10,84.673874,-38.394218,nan
2024-06-07T17:19:10,84.673882,-38.394936,nan
2024-06-07T17:19:09,84.673889,-38.395645,nan
2024-06-07T17:19:09,84.673889,-38.396358,nan
2024-06-07T17:19:08,84.673897,-38.397068,nan
2024-06-07T17:19:08,84.673897,-38.397778,nan
2024-06-07T17:19:07,84.673904,-38.398483,nan
2024-06-07T17:19:07,84.673912,-38.399189,nan
2024-06-07T17:19:06,84.673912,-38.399895,nan
2024-06-07T17:19:06,84.673920,-38.400604,nan
2024-06-07T17:19:05,84.673920,-38.401314,nan
2024-06-07T17:19:05,84.673927,-38.402020,nan
2024-06-07T17:19:04,84.673927,-38.402729,nan
2024-06-07T17:19:04,84.673927,-38.403439,nan
2024-06-07T17:19:03,84.673935,-38.404148,nan
2024-06-07T17:19:03,84.673935,-38.404858,nan
2024-06-07T17:19:02,84.673935,-38.405575,nan
2024-06-07T17:19:02,84.673935,-38.406288,nan
2024-06-07T17:19:01,84.673935,-38.407005,nan
2024-06-07T17:19:01,84.673943,-38.407726,nan
2024-06-07T17:19:00,84.673943,-38.408451,nan
2024-06-07T17:19:00,84.673943,-38.409176,nan
2024-06-07T17:18:59,84.673943,-38.409904,nan
2024-06-07T17:18:59,84.673943,-38.410633,nan
2024-06-07T17:18:58,84.673943,-38.411362,nan
2024-06-07T17:18:58,84.673943,-38.412090,nan
2024-06-07T17:18:57,84.673943,-38.412823,nan
2024-06-07T17:18:57,84.673943,-38.413559,nan
2024-06-07T17:18:56,84.673943,-38.414295,nan
2024-06-07T17:18:56,84.673943,-38.415031,nan
2024-06-07T17:18:55,84.673943,-38.415771,nan
2024-06-07T17:18:55,84.673943,-38.416512,nan
2024-06-07T17:18:54,84.673943,-38.417255,nan
2024-06-07T17:18:54,84.673943,-38.417999,nan
2024-06-07T17:18:53,84.673950,-38.418743,nan
2024-06-07T17:18:53,84.673950,-38.419487,nan
2024-06-07T17:18:52,84.673950,-38.420231,nan
2024-06-07T17:18:52,84.673950,-38.420975,nan
2024-06-07T17:18:51,84.673958,-38.421719,nan
2024-06-07T17:18:51,84.673958,-38.422462,nan
2024-06-07T17:18:50,84.673958,-38.423210,nan
2024-06-07T17:18:50,84.673965,-38.423954,nan
2024-06-07T17:18:49,84.673965,-38.424698,nan
2024-06-07T17:18:49,84.673965,-38.425442,nan
2024-06-07T17:18:48,84.673973,-38.426182,nan
2024-06-07T17:18:48,84.673973,-38.426918,nan
2024-06-07T17:18:47,84.673973,-38.427654,nan
2024-06-07T17:18:47,84.673981,-38.428391,nan
2024-06-07T17:18:46,84.673981,-38.429123,nan
2024-06-07T17:18:46,84.673981,-38.429855,nan
2024-06-07T17:18:45,84.673981,-38.430592,nan
2024-06-07T17:18:45,84.673988,-38.431328,nan
2024-06-07T17:18:44,84.673988,-38.432068,nan
2024-06-07T17:18:44,84.673988,-38.432812,nan
2024-06-07T17:18:43,84.673988,-38.433556,nan
2024-06-07T17:18:43,84.673988,-38.434299,nan
2024-06-07T17:18:42,84.673981,-38.435047,nan
2024-06-07T17:18:42,84.673981,-38.435799,nan
2024-06-07T17:18:41,84.673981,-38.436554,nan
2024-06-07T17:18:41,84.673981,-38.437313,nan
2024-06-07T17:18:40,84.673981,-38.438072,nan
2024-06-07T17:18:40,84.673973,-38.438835,nan
2024-06-07T17:18:39,84.673973,-38.439598,nan
2024-06-07T17:18:39,84.673965,-38.440365,nan
2024-06-07T17:18:38,84.673965,-38.441135,nan
2024-06-07T17:18:38,84.673958,-38.441906,nan
2024-06-07T17:18:37,84.673958,-38.442680,nan
2024-06-07T17:18:37,84.673950,-38.443459,nan
2024-06-07T17:18:36,84.673950,-38.444237,nan
2024-06-07T17:18:36,84.673943,-38.445019,nan
2024-06-07T17:18:35,84.673943,-38.445797,nan
2024-06-07T17:18:35,84.673943,-38.446575,nan
2024-06-07T17:18:34,84.673943,-38.447353,nan
2024-06-07T17:18:34,84.673943,-38.448124,nan
2024-06-07T17:18:33,84.673943,-38.448895,nan
2024-06-07T17:18:33,84.673943,-38.449661,nan
2024-06-07T17:18:32,84.673943,-38.450428,nan
2024-06-07T17:18:32,84.673950,-38.451195,nan
2024-06-07T17:18:31,84.673950,-38.451962,nan
2024-06-07T17:18:31,84.673958,-38.452724,nan
2024-06-07T17:18:30,84.673958,-38.453491,nan
2024-06-07T17:18:30,84.673958,-38.454250,nan
2024-06-07T17:18:29,84.673965,-38.455017,nan
2024-06-07T17:18:29,84.673965,-38.455784,nan
2024-06-07T17:18:28,84.673965,-38.456554,nan
2024-06-07T17:18:28,84.673965,-38.457329,nan
2024-06-07T17:18:27,84.673965,-38.458107,nan
2024-06-07T17:18:27,84.673965,-38.458889,nan
2024-06-07T17:18:26,84.673965,-38.459675,nan
2024-06-07T17:18:26,84.673965,-38.460457,nan
2024-06-07T17:18:25,84.673965,-38.461243,nan
2024-06-07T17:18:25,84.673965,-38.462032,nan
2024-06-07T17:18:24,84.673965,-38.462822,nan
2024-06-07T17:18:24,84.673965,-38.463612,nan
2024-06-07T17:18:23,84.673965,-38.464401,nan
2024-06-07T17:18:23,84.673965,-38.465187,nan
2024-06-07T17:18:22,84.673958,-38.465977,nan
2024-06-07T17:18:22,84.673958,-38.466763,nan
2024-06-07T17:18:21,84.673958,-38.467545,nan
2024-06-07T17:18:21,84.673958,-38.468323,nan
2024-06-07T17:18:20,84.673950,-38.469101,nan
2024-06-07T17:18:20,84.673950,-38.469879,nan
2024-06-07T17:18:19,84.673950,-38.470661,nan
2024-06-07T17:18:19,84.673943,-38.471439,nan
2024-06-07T17:18:18,84.673943,-38.472218,nan
2024-06-07T17:18:18,84.673935,-38.473000,nan
2024-06-07T17:18:17,84.673935,-38.473782,nan
2024-06-07T17:18:17,84.673935,-38.474567,nan
2024-06-07T17:18:16,84.673927,-38.475349,nan
2024-06-07T17:18:16,84.673927,-38.476135,nan
2024-06-07T17:18:15,84.673927,-38.476917,nan
2024-06-07T17:18:15,84.673927,-38.477699,nan
2024-06-07T17:18:14,84.673920,-38.478485,nan
2024-06-07T17:18:14,84.673920,-38.479267,nan
2024-06-07T17:18:13,84.673920,-38.480053,nan
2024-06-07T17:18:13,84.673920,-38.480839,nan
2024-06-07T17:18:12,84.673920,-38.481625,nan
2024-06-07T17:18:12,84.673920,-38.482410,nan
2024-06-07T17:18:11,84.673920,-38.483200,nan
2024-06-07T17:18:11,84.673927,-38.483994,nan
2024-06-07T17:18:10,84.673927,-38.484783,nan
2024-06-07T17:18:10,84.673935,-38.485577,nan
2024-06-07T17:18:09,84.673943,-38.486362,nan
2024-06-07T17:18:09,84.673943,-38.487148,nan
2024-06-07T17:18:08,84.673950,-38.487934,nan
2024-06-07T17:18:08,84.673958,-38.488716,nan
2024-06-07T17:18:07,84.673965,-38.489494,nan
2024-06-07T17:18:07,84.673973,-38.490276,nan
2024-06-07T17:18:06,84.673981,-38.491055,nan
2024-06-07T17:18:06,84.673988,-38.491833,nan
2024-06-07T17:18:05,84.673996,-38.492607,nan
2024-06-07T17:18:05,84.674004,-38.493378,nan
2024-06-07T17:18:04,84.674011,-38.494148,nan
2024-06-07T17:18:04,84.674019,-38.494911,nan
2024-06-07T17:18:03,84.674026,-38.495678,nan
2024-06-07T17:18:03,84.674034,-38.496441,nan
2024-06-07T17:18:02,84.674034,-38.497204,nan
2024-06-07T17:18:02,84.674042,-38.497971,nan
2024-06-07T17:18:01,84.674042,-38.498737,nan
2024-06-07T17:18:01,84.674049,-38.499500,nan
2024-06-07T17:18:00,84.674049,-38.500267,nan
2024-06-07T17:18:00,84.674049,-38.501026,nan
2024-06-07T17:17:59,84.674049,-38.501785,nan
2024-06-07T17:17:59,84.674049,-38.502544,nan
2024-06-07T17:17:58,84.674057,-38.503304,nan
2024-06-07T17:17:58,84.674057,-38.504059,nan
2024-06-07T17:17:57,84.674057,-38.504814,nan
2024-06-07T17:17:57,84.674057,-38.505569,nan
2024-06-07T17:17:56,84.674057,-38.506329,nan
2024-06-07T17:17:56,84.674065,-38.507088,nan
2024-06-07T17:17:55,84.674065,-38.507851,nan
2024-06-07T17:17:55,84.674072,-38.508614,nan
2024-06-07T17:17:54,84.674072,-38.509373,nan
2024-06-07T17:17:54,84.674080,-38.510124,nan
2024-06-07T17:17:53,84.674088,-38.510872,nan
2024-06-07T17:17:53,84.674095,-38.511604,nan
2024-06-07T17:17:52,84.674110,-38.512329,nan
2024-06-07T17:17:52,84.674118,-38.513039,nan
2024-06-07T17:17:51,84.674126,-38.513741,nan
2024-06-07T17:17:51,84.674141,-38.514431,nan
2024-06-07T17:17:50,84.674149,-38.515114,nan
2024-06-07T17:17:50,84.674164,-38.515789,nan
2024-06-07T17:17:49,84.674179,-38.516457,nan
2024-06-07T17:17:49,84.674187,-38.517117,nan
2024-06-07T17:17:48,84.674202,-38.517769,nan
2024-06-07T17:17:48,84.674217,-38.518414,nan
2024-06-07T17:17:47,84.674232,-38.519047,nan
2024-06-07T17:17:47,84.674248,-38.519676,nan
2024-06-07T17:17:46,84.674263,-38.520294,nan
2024-06-07T17:17:46,84.674278,-38.520908,nan
2024-06-07T17:17:45,84.674294,-38.521511,nan
2024-06-07T17:17:45,84.674309,-38.522114,nan
2024-06-07T17:17:44,84.674316,-38.522709,nan
2024-06-07T17:17:44,84.674332,-38.523300,nan
2024-06-07T17:17:43,84.674347,-38.523891,nan
2024-06-07T17:17:43,84.674362,-38.524483,nan
2024-06-07T17:17:42,84.674377,-38.525066,nan
2024-06-07T17:17:42,84.674385,-38.525650,nan
2024-06-07T17:17:41,84.674400,-38.526237,nan
2024-06-07T17:17:41,84.674416,-38.526821,nan
2024-06-07T17:17:40,84.674423,-38.527412,nan
2024-06-07T17:17:40,84.674438,-38.528004,nan
2024-06-07T17:17:39,84.674446,-38.528599,nan
2024-06-07T17:17:39,84.674461,-38.529186,nan
2024-06-07T17:17:38,84.674469,-38.529770,nan
2024-06-07T17:17:38,84.674484,-38.530338,nan
2024-06-07T17:17:37,84.674492,-38.530888,nan
2024-06-07T17:17:37,84.674500,-38.531418,nan
2024-06-07T17:17:36,84.674507,-38.531937,nan
2024-06-07T17:17:36,84.674515,-38.532440,nan
2024-06-07T17:17:35,84.674522,-38.532928,nan
2024-06-07T17:17:35,84.674522,-38.533409,nan
2024-06-07T17:17:34,84.674530,-38.533886,nan
2024-06-07T17:17:34,84.674530,-38.534359,nan
2024-06-07T17:17:33,84.674530,-38.534832,nan
2024-06-07T17:17:33,84.674530,-38.535305,nan
2024-06-07T17:17:32,84.674522,-38.535789,nan
2024-06-07T17:17:32,84.674522,-38.536274,nan
2024-06-07T17:17:31,84.674522,-38.536766,nan
2024-06-07T17:17:31,84.674522,-38.537258,nan
2024-06-07T17:17:30,84.674522,-38.537750,nan
2024-06-07T17:17:30,84.674522,-38.538239,nan
2024-06-07T17:17:29,84.674522,-38.538715,nan
2024-06-07T17:17:29,84.674522,-38.539181,nan
2024-06-07T17:17:28,84.674522,-38.539635,nan
2024-06-07T17:17:28,84.674522,-38.540073,nan
2024-06-07T17:17:27,84.674522,-38.540497,nan
2024-06-07T17:17:27,84.674522,-38.540913,nan
2024-06-07T17:17:26,84.674522,-38.541325,nan
2024-06-07T17:17:26,84.674522,-38.541733,nan
2024-06-07T17:17:25,84.674530,-38.542133,nan
2024-06-07T17:17:25,84.674530,-38.542534,nan
2024-06-07T17:17:24,84.674538,-38.542931,nan
2024-06-07T17:17:24,84.674538,-38.543324,nan
2024-06-07T17:17:23,84.674545,-38.543705,nan
2024-06-07T17:17:23,84.674553,-38.544083,nan
2024-06-07T17:17:22,84.674568,-38.544453,nan
2024-06-07T17:17:22,84.674576,-38.544815,nan
2024-06-07T17:17:21,84.674583,-38.545174,nan
2024-06-07T17:17:21,84.674599,-38.545528,nan
2024-06-07T17:17:20,84.674606,-38.545876,nan
2024-06-07T17:17:20,84.674622,-38.546219,nan
2024-06-07T17:17:19,84.674637,-38.546555,nan
2024-06-07T17:17:19,84.674652,-38.546883,nan
2024-06-07T17:17:18,84.674660,-38.547207,nan
2024-06-07T17:17:18,84.674675,-38.547516,nan
2024-06-07T17:17:17,84.674690,-38.547817,nan
2024-06-07T17:17:17,84.674698,-38.548107,nan
2024-06-07T17:17:16,84.674713,-38.548389,nan
2024-06-07T17:17:16,84.674721,-38.548660,nan
2024-06-07T17:17:15,84.674736,-38.548923,nan
2024-06-07T17:17:15,84.674744,-38.549183,nan
2024-06-07T17:17:14,84.674759,-38.549435,nan
2024-06-07T17:17:14,84.674767,-38.549683,nan
2024-06-07T17:17:13,84.674774,-38.549931,nan
2024-06-07T17:17:13,84.674789,-38.550179,nan
2024-06-07T17:17:12,84.674797,-38.550423,nan
2024-06-07T17:17:12,84.674805,-38.550663,nan
2024-06-07T17:17:11,84.674820,-38.550896,nan
2024-06-07T17:17:11,84.674828,-38.551128,nan
2024-06-07T17:17:10,84.674835,-38.551369,nan
2024-06-07T17:17:10,84.674850,-38.551613,nan
2024-06-07T17:17:09,84.674850,-38.551868,nan
2024-06-07T17:17:09,84.674858,-38.552132,nan
2024-06-07T17:17:08,84.674866,-38.552402,nan
2024-06-07T17:17:08,84.674873,-38.552673,nan
2024-06-07T17:17:07,84.674873,-38.552944,nan
2024-06-07T17:17:07,84.674881,-38.553223,nan
2024-06-07T17:17:06,84.674881,-38.553501,nan
2024-06-07T17:17:06,84.674889,-38.553791,nan
2024-06-07T17:17:05,84.674889,-38.554085,nan
2024-06-07T17:17:05,84.674889,-38.554382,nan
2024-06-07T17:17:04,84.674896,-38.554688,nan
2024-06-07T17:17:04,84.674896,-38.555000,nan
2024-06-07T17:17:03,84.674896,-38.555309,nan
2024-06-07T17:17:03,84.674904,-38.555614,nan
2024-06-07T17:17:02,84.674911,-38.555920,nan
2024-06-07T17:17:02,84.674911,-38.556206,nan
2024-06-07T17:17:01,84.674927,-38.556492,nan
2024-06-07T17:17:01,84.674934,-38.556770,nan
2024-06-07T17:17:00,84.674942,-38.557037,nan
2024-06-07T17:17:00,84.674950,-38.557297,nan
2024-06-07T17:16:59,84.674965,-38.557549,nan
2024-06-07T17:16:59,84.674973,-38.557793,nan
2024-06-07T17:16:58,84.674988,-38.558025,nan
2024-06-07T17:16:58,84.674995,-38.558247,nan
2024-06-07T17:16:57,84.675011,-38.558453,nan
2024-06-07T17:16:57,84.675018,-38.558647,nan
2024-06-07T17:16:56,84.675034,-38.558830,nan
2024-06-07T17:16:56,84.675041,-38.559002,nan
2024-06-07T17:16:55,84.675049,-38.559158,nan
2024-06-07T17:16:55,84.675056,-38.559303,nan
2024-06-07T17:16:54,84.675064,-38.559437,nan
2024-06-07T17:16:54,84.675072,-38.559574,nan
2024-06-07T17:16:53,84.675079,-38.559711,nan
2024-06-07T17:16:53,84.675079,-38.559864,nan
2024-06-07T17:16:52,84.675079,-38.560028,nan
2024-06-07T17:16:52,84.675087,-38.560200,nan
2024-06-07T17:16:51,84.675087,-38.560383,nan
2024-06-07T17:16:51,84.675087,-38.560570,nan
2024-06-07T17:16:50,84.675095,-38.560760,nan
2024-06-07T17:16:50,84.675095,-38.560955,nan
2024-06-07T17:16:49,84.675102,-38.561157,nan
2024-06-07T17:16:49,84.675102,-38.561352,nan
2024-06-07T17:16:48,84.675110,-38.561546,nan
2024-06-07T17:16:48,84.675110,-38.561749,nan
2024-06-07T17:16:47,84.675117,-38.561943,nan
2024-06-07T17:16:47,84.675117,-38.562138,nan
2024-06-07T17:16:46,84.675125,-38.562332,nan
2024-06-07T17:16:46,84.675133,-38.562523,nan
2024-06-07T17:16:45,84.675133,-38.562714,nan
2024-06-07T17:16:45,84.675140,-38.562889,nan
2024-06-07T17:16:44,84.675140,-38.563065,nan
2024-06-07T17:16:44,84.675148,-38.563229,nan
2024-06-07T17:16:43,84.675148,-38.563389,nan
2024-06-07T17:16:43,84.675156,-38.563541,nan
2024-06-07T17:16:42,84.675156,-38.563686,nan
2024-06-07T17:16:42,84.675163,-38.563828,nan
2024-06-07T17:16:41,84.675163,-38.563965,nan
2024-06-07T17:16:41,84.675163,-38.564106,nan
2024-06-07T17:16:40,84.675171,-38.564243,nan
2024-06-07T17:16:40,84.675171,-38.564381,nan
2024-06-07T17:16:39,84.675179,-38.564518,nan
2024-06-07T17:16:39,84.675179,-38.564651,nan
2024-06-07T17:16:38,84.675186,-38.564774,nan
2024-06-07T17:16:38,84.675186,-38.564888,nan
2024-06-07T17:16:37,84.675194,-38.564987,nan
2024-06-07T17:16:37,84.675194,-38.565075,nan
2024-06-07T17:16:36,84.675201,-38.565159,nan
2024-06-07T17:16:36,84.675209,-38.565239,nan
2024-06-07T17:16:35,84.675217,-38.565315,nan
2024-06-07T17:16:35,84.675217,-38.565372,nan
2024-06-07T17:16:34,84.675224,-38.565430,nan
2024-06-07T17:16:34,84.675232,-38.565487,nan
2024-06-07T17:16:33,84.675240,-38.565536,nan
2024-06-07T17:16:33,84.675247,-38.565586,nan
2024-06-07T17:16:32,84.675255,-38.565636,nan
2024-06-07T17:16:32,84.675262,-38.565678,nan
2024-06-07T17:16:31,84.675270,-38.565723,nan
2024-06-07T17:16:31,84.675278,-38.565769,nan
2024-06-07T17:16:30,84.675285,-38.565811,nan
2024-06-07T17:16:30,84.675301,-38.565853,nan
2024-06-07T17:16:29,84.675308,-38.565891,nan
2024-06-07T17:16:29,84.675316,-38.565929,nan
2024-06-07T17:16:28,84.675323,-38.565964,nan
2024-06-07T17:16:28,84.675339,-38.565994,nan
2024-06-07T17:16:27,84.675346,-38.566021,nan
2024-06-07T17:16:27,84.675354,-38.566051,nan
2024-06-07T17:16:26,84.675369,-38.566082,nan
2024-06-07T17:16:26,84.675377,-38.566109,nan
2024-06-07T17:16:25,84.675385,-38.566128,nan
2024-06-07T17:16:25,84.675392,-38.566147,nan
2024-06-07T17:16:24,84.675400,-38.566158,nan
2024-06-07T17:16:24,84.675407,-38.566174,nan
2024-06-07T17:16:23,84.675415,-38.566181,nan
2024-06-07T17:16:23,84.675423,-38.566193,nan
2024-06-07T17:16:22,84.675430,-38.566196,nan
2024-06-07T17:16:22,84.675438,-38.566196,nan
2024-06-07T17:16:21,84.675446,-38.566189,nan
2024-06-07T17:16:21,84.675446,-38.566174,nan
2024-06-07T17:16:20,84.675453,-38.566143,nan
2024-06-07T17:16:20,84.675461,-38.566097,nan
2024-06-07T17:16:19,84.675461,-38.566055,nan
2024-06-07T17:16:19,84.675468,-38.566002,nan
2024-06-07T17:16:18,84.675468,-38.565948,nan
2024-06-07T17:16:18,84.675476,-38.565903,nan
2024-06-07T17:16:17,84.675476,-38.565857,nan
2024-06-07T17:16:17,84.675476,-38.565807,nan
2024-06-07T17:16:16,84.675476,-38.565762,nan
2024-06-07T17:16:16,84.675468,-38.565723,nan
2024-06-07T17:16:15,84.675468,-38.565685,nan
2024-06-07T17:16:15,84.675461,-38.565651,nan
2024-06-07T17:16:14,84.675461,-38.565620,nan
2024-06-07T17:16:14,84.675453,-38.565586,nan
2024-06-07T17:16:13,84.675446,-38.565559,nan
2024-06-07T17:16:13,84.675438,-38.565544,nan
2024-06-07T17:16:12,84.675430,-38.565533,nan
2024-06-07T17:16:12,84.675430,-38.565529,nan
2024-06-07T17:16:11,84.675423,-38.565525,nan
2024-06-07T17:16:11,84.675415,-38.565536,nan
2024-06-07T17:16:10,84.675415,-38.565552,nan
2024-06-07T17:16:10,84.675407,-38.565578,nan
2024-06-07T17:16:09,84.675407,-38.565601,nan
2024-06-07T17:16:09,84.675400,-38.565636,nan
2024-06-07T17:16:08,84.675400,-38.565666,nan
2024-06-07T17:16:08,84.675400,-38.565701,nan
2024-06-07T17:16:07,84.675392,-38.565739,nan
2024-06-07T17:16:07,84.675385,-38.565784,nan
2024-06-07T17:16:06,84.675385,-38.565845,nan
2024-06-07T17:16:06,84.675377,-38.565907,nan
2024-06-07T17:16:05,84.675369,-38.565971,nan
2024-06-07T17:16:05,84.675369,-38.566044,nan
2024-06-07T17:16:04,84.675362,-38.566116,nan
2024-06-07T17:16:04,84.675354,-38.566185,nan
2024-06-07T17:16:03,84.675346,-38.566246,nan
2024-06-07T17:16:03,84.675339,-38.566299,nan
2024-06-07T17:16:02,84.675331,-38.566341,nan
2024-06-07T17:16:02,84.675323,-38.566383,nan
2024-06-07T17:16:01,84.675316,-38.566425,nan
2024-06-07T17:16:01,84.675308,-38.566463,nan
2024-06-07T17:16:00,84.675301,-38.566502,nan
2024-06-07T17:16:00,84.675285,-38.566540,nan
2024-06-07T17:15:59,84.675278,-38.566574,nan
2024-06-07T17:15:59,84.675270,-38.566597,nan
2024-06-07T17:15:58,84.675255,-38.566654,nan
2024-06-07T17:15:58,84.675240,-38.566719,nan
2024-06-07T17:15:57,84.675217,-38.566803,nan
2024-06-07T17:15:57,84.675209,-38.566849,nan
2024-06-07T17:15:56,84.675201,-38.566902,nan
2024-06-07T17:15:56,84.675186,-38.566971,nan
2024-06-07T17:15:55,84.675179,-38.567059,nan
2024-06-07T17:15:55,84.675171,-38.567150,nan
2024-06-07T17:15:54,84.675163,-38.567265,nan
2024-06-07T17:15:54,84.675156,-38.567432,nan
2024-06-07T17:15:53,84.675140,-38.567657,nan
2024-06-07T17:15:53,84.675133,-38.567890,nan
2024-06-07T17:15:52,84.675110,-38.568279,nan
2024-06-07T17:15:52,84.675095,-38.568649,nan
2024-06-07T17:15:51,84.675087,-38.569115,nan
2024-06-07T17:15:51,84.675072,-38.569679,nan
2024-06-07T17:15:50,84.675049,-38.570477,nan
2024-06-07T17:15:50,84.675003,-38.571930,nan
2024-06-07T17:15:49,84.674942,-38.574150,nan
2024-06-07T17:15:49,84.674889,-38.576706,nan
2024-06-07T17:15:48,84.674858,-38.579227,nan
2024-06-07T17:15:48,84.674828,-38.581200,nan
2024-06-07T17:15:44,84.675240,-38.569168,nan
2024-06-07T17:15:43,84.675468,-38.560905,nan
2024-06-07T17:15:43,84.675705,-38.551495,nan
