datetime,lat,lon,elev
2024-05-31T14:34:26,83.949448,-78.028625,nan
2024-05-31T14:34:26,83.949432,-78.028595,nan
2024-05-31T14:34:25,83.949417,-78.028580,nan
2024-05-31T14:34:25,83.949402,-78.028557,nan
2024-05-31T14:34:24,83.949387,-78.028542,nan
2024-05-31T14:34:24,83.949371,-78.028534,nan
2024-05-31T14:34:23,83.949356,-78.028542,nan
2024-05-31T14:34:23,83.949341,-78.028549,nan
2024-05-31T14:34:22,83.949326,-78.028580,nan
2024-05-31T14:34:22,83.949310,-78.028625,nan
2024-05-31T14:34:21,83.949295,-78.028694,nan
2024-05-31T14:34:21,83.949280,-78.028778,nan
2024-05-31T14:34:20,83.949265,-78.028870,nan
2024-05-31T14:34:20,83.949249,-78.028992,nan
2024-05-31T14:34:19,83.949242,-78.029129,nan
2024-05-31T14:34:19,83.949226,-78.029282,nan
2024-05-31T14:34:18,83.949211,-78.029442,nan
2024-05-31T14:34:18,83.949196,-78.029610,nan
2024-05-31T14:34:17,83.949188,-78.029778,nan
2024-05-31T14:34:17,83.949173,-78.029953,nan
2024-05-31T14:34:16,83.949158,-78.030121,nan
2024-05-31T14:34:16,83.949142,-78.030296,nan
2024-05-31T14:34:15,83.949135,-78.030472,nan
2024-05-31T14:34:15,83.949120,-78.030647,nan
2024-05-31T14:34:14,83.949104,-78.030830,nan
2024-05-31T14:34:14,83.949097,-78.031013,nan
2024-05-31T14:34:13,83.949081,-78.031197,nan
2024-05-31T14:34:13,83.949074,-78.031387,nan
2024-05-31T14:34:12,83.949059,-78.031578,nan
2024-05-31T14:34:12,83.949043,-78.031776,nan
2024-05-31T14:34:11,83.949036,-78.031975,nan
2024-05-31T14:34:11,83.949020,-78.032173,nan
2024-05-31T14:34:10,83.949013,-78.032372,nan
2024-05-31T14:34:10,83.948997,-78.032570,nan
2024-05-31T14:34:09,83.948982,-78.032768,nan
2024-05-31T14:34:09,83.948967,-78.032967,nan
2024-05-31T14:34:08,83.948952,-78.033157,nan
2024-05-31T14:34:08,83.948936,-78.033348,nan
2024-05-31T14:34:07,83.948921,-78.033546,nan
2024-05-31T14:34:07,83.948906,-78.033737,nan
2024-05-31T14:34:06,83.948891,-78.033928,nan
2024-05-31T14:34:06,83.948875,-78.034119,nan
2024-05-31T14:34:05,83.948860,-78.034302,nan
2024-05-31T14:34:05,83.948845,-78.034485,nan
2024-05-31T14:34:04,83.948830,-78.034668,nan
2024-05-31T14:34:04,83.948814,-78.034843,nan
2024-05-31T14:34:03,83.948792,-78.035011,nan
2024-05-31T14:34:03,83.948776,-78.035172,nan
2024-05-31T14:34:02,83.948753,-78.035316,nan
2024-05-31T14:34:02,83.948738,-78.035461,nan
2024-05-31T14:34:01,83.948715,-78.035599,nan
2024-05-31T14:34:01,83.948700,-78.035728,nan
2024-05-31T14:34:00,83.948677,-78.035851,nan
2024-05-31T14:34:00,83.948654,-78.035957,nan
2024-05-31T14:33:59,83.948631,-78.036064,nan
2024-05-31T14:33:59,83.948601,-78.036156,nan
2024-05-31T14:33:58,83.948578,-78.036247,nan
2024-05-31T14:33:58,83.948547,-78.036339,nan
2024-05-31T14:33:57,83.948517,-78.036415,nan
2024-05-31T14:33:57,83.948486,-78.036491,nan
2024-05-31T14:33:56,83.948463,-78.036560,nan
2024-05-31T14:33:56,83.948425,-78.036613,nan
2024-05-31T14:33:55,83.948395,-78.036667,nan
2024-05-31T14:33:55,83.948364,-78.036713,nan
2024-05-31T14:33:54,83.948334,-78.036743,nan
2024-05-31T14:33:54,83.948303,-78.036758,nan
2024-05-31T14:33:53,83.948273,-78.036774,nan
2024-05-31T14:33:53,83.948235,-78.036781,nan
2024-05-31T14:33:52,83.948204,-78.036789,nan
2024-05-31T14:33:52,83.948174,-78.036797,nan
2024-05-31T14:33:51,83.948135,-78.036797,nan
2024-05-31T14:33:51,83.948105,-78.036812,nan
2024-05-31T14:33:50,83.948074,-78.036835,nan
2024-05-31T14:33:50,83.948036,-78.036873,nan
2024-05-31T14:33:49,83.948006,-78.036926,nan
2024-05-31T14:33:49,83.947975,-78.036987,nan
2024-05-31T14:33:48,83.947945,-78.037048,nan
2024-05-31T14:33:48,83.947914,-78.037132,nan
2024-05-31T14:33:47,83.947884,-78.037216,nan
2024-05-31T14:33:47,83.947853,-78.037308,nan
2024-05-31T14:33:46,83.947823,-78.037399,nan
2024-05-31T14:33:46,83.947792,-78.037498,nan
2024-05-31T14:33:45,83.947762,-78.037598,nan
2024-05-31T14:33:45,83.947731,-78.037697,nan
2024-05-31T14:33:44,83.947701,-78.037804,nan
2024-05-31T14:33:44,83.947670,-78.037910,nan
2024-05-31T14:33:43,83.947639,-78.038025,nan
2024-05-31T14:33:43,83.947609,-78.038139,nan
2024-05-31T14:33:42,83.947578,-78.038261,nan
2024-05-31T14:33:42,83.947548,-78.038391,nan
2024-05-31T14:33:41,83.947517,-78.038521,nan
2024-05-31T14:33:41,83.947487,-78.038651,nan
2024-05-31T14:33:40,83.947456,-78.038780,nan
2024-05-31T14:33:40,83.947426,-78.038918,nan
2024-05-31T14:33:39,83.947395,-78.039055,nan
2024-05-31T14:33:39,83.947372,-78.039192,nan
2024-05-31T14:33:38,83.947342,-78.039337,nan
2024-05-31T14:33:38,83.947311,-78.039490,nan
2024-05-31T14:33:37,83.947289,-78.039650,nan
2024-05-31T14:33:37,83.947266,-78.039810,nan
2024-05-31T14:33:36,83.947243,-78.039986,nan
2024-05-31T14:33:36,83.947212,-78.040161,nan
2024-05-31T14:33:35,83.947189,-78.040337,nan
2024-05-31T14:33:35,83.947166,-78.040535,nan
2024-05-31T14:33:34,83.947151,-78.040733,nan
2024-05-31T14:33:34,83.947128,-78.040939,nan
2024-05-31T14:33:33,83.947105,-78.041161,nan
2024-05-31T14:33:33,83.947090,-78.041405,nan
2024-05-31T14:33:32,83.947067,-78.041656,nan
2024-05-31T14:33:32,83.947044,-78.041924,nan
2024-05-31T14:33:31,83.947021,-78.042191,nan
2024-05-31T14:33:31,83.947006,-78.042465,nan
2024-05-31T14:33:30,83.946983,-78.042747,nan
2024-05-31T14:33:30,83.946960,-78.043030,nan
2024-05-31T14:33:29,83.946938,-78.043327,nan
2024-05-31T14:33:29,83.946922,-78.043625,nan
2024-05-31T14:33:28,83.946899,-78.043930,nan
2024-05-31T14:33:28,83.946884,-78.044243,nan
2024-05-31T14:33:27,83.946846,-78.044914,nan
2024-05-31T14:33:26,83.946823,-78.045258,nan
2024-05-31T14:33:26,83.946808,-78.045616,nan
2024-05-31T14:33:25,83.946793,-78.045982,nan
2024-05-31T14:33:25,83.946770,-78.046349,nan
2024-05-31T14:33:24,83.946754,-78.046715,nan
2024-05-31T14:33:24,83.946739,-78.047073,nan
2024-05-31T14:33:23,83.946716,-78.047432,nan
2024-05-31T14:33:23,83.946701,-78.047791,nan
2024-05-31T14:33:22,83.946686,-78.048149,nan
2024-05-31T14:33:22,83.946663,-78.048508,nan
2024-05-31T14:33:21,83.946648,-78.048866,nan
2024-05-31T14:33:21,83.946625,-78.049232,nan
2024-05-31T14:33:20,83.946609,-78.049591,nan
2024-05-31T14:33:20,83.946594,-78.049950,nan
2024-05-31T14:33:19,83.946571,-78.050308,nan
2024-05-31T14:33:19,83.946556,-78.050674,nan
2024-05-31T14:33:18,83.946541,-78.051033,nan
2024-05-31T14:33:18,83.946526,-78.051392,nan
2024-05-31T14:33:17,83.946503,-78.051750,nan
2024-05-31T14:33:17,83.946487,-78.052109,nan
2024-05-31T14:33:16,83.946472,-78.052460,nan
2024-05-31T14:33:16,83.946449,-78.052818,nan
2024-05-31T14:33:15,83.946434,-78.053169,nan
2024-05-31T14:33:15,83.946411,-78.053528,nan
2024-05-31T14:33:14,83.946396,-78.053879,nan
2024-05-31T14:33:14,83.946373,-78.054237,nan
2024-05-31T14:33:13,83.946358,-78.054588,nan
2024-05-31T14:33:13,83.946335,-78.054947,nan
2024-05-31T14:33:12,83.946312,-78.055298,nan
2024-05-31T14:33:12,83.946289,-78.055649,nan
2024-05-31T14:33:11,83.946266,-78.056000,nan
2024-05-31T14:33:11,83.946243,-78.056335,nan
2024-05-31T14:33:10,83.946220,-78.056671,nan
2024-05-31T14:33:10,83.946198,-78.056999,nan
2024-05-31T14:33:09,83.946175,-78.057327,nan
2024-05-31T14:33:09,83.946144,-78.057655,nan
2024-05-31T14:33:08,83.946121,-78.057976,nan
2024-05-31T14:33:08,83.946091,-78.058304,nan
2024-05-31T14:33:07,83.946068,-78.058624,nan
2024-05-31T14:33:07,83.946037,-78.058952,nan
2024-05-31T14:33:06,83.946014,-78.059280,nan
2024-05-31T14:33:06,83.945984,-78.059608,nan
2024-05-31T14:33:05,83.945961,-78.059937,nan
2024-05-31T14:33:05,83.945930,-78.060257,nan
2024-05-31T14:33:04,83.945900,-78.060577,nan
2024-05-31T14:33:04,83.945877,-78.060890,nan
2024-05-31T14:33:03,83.945847,-78.061211,nan
2024-05-31T14:33:03,83.945816,-78.061523,nan
2024-05-31T14:33:02,83.945786,-78.061844,nan
2024-05-31T14:33:02,83.945755,-78.062164,nan
2024-05-31T14:33:01,83.945724,-78.062485,nan
2024-05-31T14:33:01,83.945694,-78.062798,nan
2024-05-31T14:33:00,83.945663,-78.063095,nan
2024-05-31T14:33:00,83.945633,-78.063393,nan
2024-05-31T14:32:59,83.945602,-78.063690,nan
2024-05-31T14:32:59,83.945564,-78.063980,nan
2024-05-31T14:32:58,83.945534,-78.064270,nan
2024-05-31T14:32:58,83.945503,-78.064560,nan
2024-05-31T14:32:57,83.945473,-78.064842,nan
2024-05-31T14:32:57,83.945442,-78.065125,nan
2024-05-31T14:32:56,83.945412,-78.065407,nan
2024-05-31T14:32:56,83.945381,-78.065689,nan
2024-05-31T14:32:55,83.945351,-78.065964,nan
2024-05-31T14:32:55,83.945320,-78.066246,nan
2024-05-31T14:32:54,83.945290,-78.066521,nan
2024-05-31T14:32:54,83.945259,-78.066795,nan
2024-05-31T14:32:53,83.945221,-78.067070,nan
2024-05-31T14:32:53,83.945190,-78.067337,nan
2024-05-31T14:32:52,83.945160,-78.067612,nan
2024-05-31T14:32:52,83.945129,-78.067879,nan
2024-05-31T14:32:51,83.945099,-78.068146,nan
2024-05-31T14:32:51,83.945068,-78.068420,nan
2024-05-31T14:32:50,83.945030,-78.068687,nan
2024-05-31T14:32:50,83.945000,-78.068954,nan
2024-05-31T14:32:49,83.944969,-78.069221,nan
2024-05-31T14:32:49,83.944939,-78.069481,nan
2024-05-31T14:32:48,83.944908,-78.069748,nan
2024-05-31T14:32:48,83.944870,-78.070015,nan
2024-05-31T14:32:47,83.944839,-78.070282,nan
2024-05-31T14:32:47,83.944809,-78.070549,nan
2024-05-31T14:32:46,83.944778,-78.070816,nan
2024-05-31T14:32:46,83.944740,-78.071083,nan
2024-05-31T14:32:45,83.944710,-78.071350,nan
2024-05-31T14:32:45,83.944679,-78.071609,nan
2024-05-31T14:32:44,83.944649,-78.071869,nan
2024-05-31T14:32:44,83.944611,-78.072105,nan
2024-05-31T14:32:43,83.944580,-78.072342,nan
2024-05-31T14:32:43,83.944550,-78.072571,nan
2024-05-31T14:32:42,83.944519,-78.072784,nan
2024-05-31T14:32:42,83.944489,-78.072998,nan
2024-05-31T14:32:41,83.944458,-78.073196,nan
2024-05-31T14:32:41,83.944427,-78.073387,nan
2024-05-31T14:32:40,83.944389,-78.073578,nan
2024-05-31T14:32:40,83.944359,-78.073753,nan
2024-05-31T14:32:39,83.944328,-78.073929,nan
2024-05-31T14:32:39,83.944298,-78.074097,nan
2024-05-31T14:32:38,83.944267,-78.074265,nan
2024-05-31T14:32:37,83.944214,-78.074577,nan
2024-05-31T14:32:37,83.944183,-78.074738,nan
2024-05-31T14:32:36,83.944153,-78.074898,nan
2024-05-31T14:32:36,83.944130,-78.075050,nan
2024-05-31T14:32:35,83.944099,-78.075211,nan
2024-05-31T14:32:35,83.944077,-78.075371,nan
2024-05-31T14:32:34,83.944046,-78.075523,nan
2024-05-31T14:32:34,83.944016,-78.075684,nan
2024-05-31T14:32:33,83.943993,-78.075844,nan
2024-05-31T14:32:33,83.943970,-78.076004,nan
2024-05-31T14:32:32,83.943939,-78.076164,nan
2024-05-31T14:32:32,83.943916,-78.076324,nan
2024-05-31T14:32:31,83.943893,-78.076485,nan
2024-05-31T14:32:31,83.943863,-78.076645,nan
2024-05-31T14:32:30,83.943840,-78.076813,nan
2024-05-31T14:32:30,83.943817,-78.076973,nan
2024-05-31T14:32:29,83.943787,-78.077141,nan
2024-05-31T14:32:29,83.943764,-78.077316,nan
2024-05-31T14:32:28,83.943733,-78.077492,nan
2024-05-31T14:32:28,83.943710,-78.077675,nan
2024-05-31T14:32:27,83.943680,-78.077858,nan
2024-05-31T14:32:27,83.943657,-78.078033,nan
2024-05-31T14:32:26,83.943634,-78.078209,nan
2024-05-31T14:32:26,83.943604,-78.078392,nan
2024-05-31T14:32:25,83.943581,-78.078568,nan
2024-05-31T14:32:25,83.943550,-78.078743,nan
2024-05-31T14:32:24,83.943520,-78.078918,nan
2024-05-31T14:32:24,83.943497,-78.079086,nan
2024-05-31T14:32:23,83.943466,-78.079247,nan
2024-05-31T14:32:23,83.943443,-78.079414,nan
2024-05-31T14:32:22,83.943413,-78.079567,nan
2024-05-31T14:32:22,83.943382,-78.079720,nan
2024-05-31T14:32:21,83.943352,-78.079872,nan
2024-05-31T14:32:21,83.943329,-78.080017,nan
2024-05-31T14:32:20,83.943298,-78.080162,nan
2024-05-31T14:32:20,83.943268,-78.080315,nan
2024-05-31T14:32:19,83.943245,-78.080460,nan
2024-05-31T14:32:19,83.943214,-78.080605,nan
2024-05-31T14:32:18,83.943192,-78.080750,nan
2024-05-31T14:32:18,83.943161,-78.080887,nan
2024-05-31T14:32:17,83.943138,-78.081024,nan
2024-05-31T14:32:17,83.943115,-78.081154,nan
2024-05-31T14:32:16,83.943092,-78.081291,nan
2024-05-31T14:32:16,83.943062,-78.081421,nan
2024-05-31T14:32:15,83.943039,-78.081551,nan
2024-05-31T14:32:15,83.943016,-78.081680,nan
2024-05-31T14:32:14,83.942986,-78.081810,nan
2024-05-31T14:32:14,83.942963,-78.081940,nan
2024-05-31T14:32:13,83.942940,-78.082069,nan
2024-05-31T14:32:13,83.942909,-78.082191,nan
2024-05-31T14:32:12,83.942886,-78.082321,nan
2024-05-31T14:32:12,83.942856,-78.082443,nan
2024-05-31T14:32:11,83.942833,-78.082573,nan
2024-05-31T14:32:11,83.942802,-78.082703,nan
2024-05-31T14:32:10,83.942780,-78.082832,nan
2024-05-31T14:32:10,83.942749,-78.082962,nan
2024-05-31T14:32:09,83.942726,-78.083092,nan
2024-05-31T14:32:09,83.942696,-78.083214,nan
2024-05-31T14:32:08,83.942673,-78.083336,nan
2024-05-31T14:32:08,83.942642,-78.083450,nan
2024-05-31T14:32:07,83.942619,-78.083557,nan
2024-05-31T14:32:07,83.942589,-78.083672,nan
2024-05-31T14:32:06,83.942558,-78.083778,nan
2024-05-31T14:32:06,83.942535,-78.083885,nan
2024-05-31T14:32:05,83.942505,-78.083992,nan
2024-05-31T14:32:05,83.942474,-78.084091,nan
2024-05-31T14:32:04,83.942451,-78.084198,nan
2024-05-31T14:32:04,83.942421,-78.084305,nan
2024-05-31T14:32:03,83.942390,-78.084404,nan
2024-05-31T14:32:03,83.942368,-78.084503,nan
2024-05-31T14:32:02,83.942337,-78.084602,nan
2024-05-31T14:32:02,83.942307,-78.084702,nan
2024-05-31T14:32:01,83.942276,-78.084808,nan
2024-05-31T14:32:01,83.942245,-78.084908,nan
2024-05-31T14:32:00,83.942215,-78.085007,nan
2024-05-31T14:32:00,83.942184,-78.085098,nan
2024-05-31T14:31:59,83.942154,-78.085190,nan
2024-05-31T14:31:59,83.942123,-78.085274,nan
2024-05-31T14:31:58,83.942093,-78.085358,nan
2024-05-31T14:31:58,83.942062,-78.085442,nan
2024-05-31T14:31:57,83.942024,-78.085510,nan
2024-05-31T14:31:57,83.941994,-78.085587,nan
2024-05-31T14:31:56,83.941963,-78.085663,nan
2024-05-31T14:31:56,83.941933,-78.085732,nan
2024-05-31T14:31:55,83.941902,-78.085793,nan
2024-05-31T14:31:55,83.941872,-78.085861,nan
2024-05-31T14:31:54,83.941841,-78.085922,nan
2024-05-31T14:31:54,83.941818,-78.085983,nan
2024-05-31T14:31:53,83.941788,-78.086044,nan
2024-05-31T14:31:53,83.941757,-78.086105,nan
2024-05-31T14:31:52,83.941734,-78.086166,nan
2024-05-31T14:31:52,83.941711,-78.086235,nan
2024-05-31T14:31:51,83.941681,-78.086296,nan
2024-05-31T14:31:51,83.941658,-78.086357,nan
2024-05-31T14:31:50,83.941628,-78.086418,nan
2024-05-31T14:31:50,83.941605,-78.086487,nan
2024-05-31T14:31:49,83.941574,-78.086555,nan
2024-05-31T14:31:49,83.941551,-78.086617,nan
2024-05-31T14:31:48,83.941528,-78.086685,nan
2024-05-31T14:31:48,83.941498,-78.086746,nan
2024-05-31T14:31:47,83.941475,-78.086815,nan
2024-05-31T14:31:47,83.941444,-78.086884,nan
2024-05-31T14:31:46,83.941422,-78.086960,nan
2024-05-31T14:31:46,83.941391,-78.087029,nan
2024-05-31T14:31:45,83.941368,-78.087105,nan
2024-05-31T14:31:45,83.941345,-78.087173,nan
2024-05-31T14:31:44,83.941315,-78.087242,nan
2024-05-31T14:31:44,83.941292,-78.087311,nan
2024-05-31T14:31:43,83.941261,-78.087379,nan
2024-05-31T14:31:43,83.941238,-78.087448,nan
2024-05-31T14:31:42,83.941208,-78.087517,nan
2024-05-31T14:31:42,83.941177,-78.087585,nan
2024-05-31T14:31:41,83.941154,-78.087662,nan
2024-05-31T14:31:41,83.941124,-78.087738,nan
2024-05-31T14:31:40,83.941101,-78.087814,nan
2024-05-31T14:31:40,83.941071,-78.087898,nan
2024-05-31T14:31:39,83.941040,-78.087982,nan
2024-05-31T14:31:39,83.941017,-78.088058,nan
2024-05-31T14:31:38,83.940987,-78.088142,nan
2024-05-31T14:31:38,83.940956,-78.088219,nan
2024-05-31T14:31:37,83.940933,-78.088287,nan
2024-05-31T14:31:37,83.940903,-78.088364,nan
2024-05-31T14:31:36,83.940872,-78.088432,nan
2024-05-31T14:31:36,83.940842,-78.088493,nan
2024-05-31T14:31:35,83.940811,-78.088554,nan
2024-05-31T14:31:35,83.940788,-78.088615,nan
2024-05-31T14:31:34,83.940758,-78.088676,nan
2024-05-31T14:31:34,83.940727,-78.088737,nan
2024-05-31T14:31:33,83.940697,-78.088799,nan
2024-05-31T14:31:33,83.940666,-78.088867,nan
2024-05-31T14:31:32,83.940636,-78.088936,nan
2024-05-31T14:31:32,83.940605,-78.089005,nan
2024-05-31T14:31:31,83.940575,-78.089081,nan
2024-05-31T14:31:31,83.940544,-78.089149,nan
2024-05-31T14:31:30,83.940514,-78.089211,nan
2024-05-31T14:31:30,83.940483,-78.089272,nan
2024-05-31T14:31:29,83.940453,-78.089325,nan
2024-05-31T14:31:29,83.940422,-78.089363,nan
2024-05-31T14:31:28,83.940392,-78.089409,nan
2024-05-31T14:31:28,83.940361,-78.089447,nan
2024-05-31T14:31:27,83.940331,-78.089478,nan
2024-05-31T14:31:27,83.940300,-78.089508,nan
2024-05-31T14:31:26,83.940269,-78.089539,nan
2024-05-31T14:31:26,83.940239,-78.089561,nan
2024-05-31T14:31:25,83.940208,-78.089584,nan
2024-05-31T14:31:25,83.940186,-78.089600,nan
2024-05-31T14:31:24,83.940155,-78.089615,nan
2024-05-31T14:31:24,83.940125,-78.089630,nan
2024-05-31T14:31:23,83.940102,-78.089645,nan
2024-05-31T14:31:23,83.940071,-78.089661,nan
2024-05-31T14:31:22,83.940041,-78.089668,nan
2024-05-31T14:31:22,83.940010,-78.089676,nan
2024-05-31T14:31:21,83.939987,-78.089691,nan
2024-05-31T14:31:21,83.939957,-78.089714,nan
2024-05-31T14:31:20,83.939926,-78.089737,nan
2024-05-31T14:31:20,83.939896,-78.089767,nan
2024-05-31T14:31:19,83.939865,-78.089798,nan
2024-05-31T14:31:19,83.939835,-78.089836,nan
2024-05-31T14:31:18,83.939804,-78.089874,nan
2024-05-31T14:31:18,83.939774,-78.089905,nan
2024-05-31T14:31:17,83.939735,-78.089935,nan
2024-05-31T14:31:17,83.939705,-78.089951,nan
2024-05-31T14:31:16,83.939667,-78.089958,nan
2024-05-31T14:31:16,83.939636,-78.089973,nan
2024-05-31T14:31:15,83.939606,-78.089973,nan
2024-05-31T14:31:15,83.939568,-78.089981,nan
2024-05-31T14:31:14,83.939537,-78.089996,nan
2024-05-31T14:31:14,83.939507,-78.090019,nan
2024-05-31T14:31:13,83.939468,-78.090057,nan
2024-05-31T14:31:13,83.939438,-78.090088,nan
2024-05-31T14:31:12,83.939407,-78.090134,nan
2024-05-31T14:31:12,83.939369,-78.090187,nan
2024-05-31T14:31:11,83.939339,-78.090233,nan
2024-05-31T14:31:11,83.939301,-78.090286,nan
2024-05-31T14:31:10,83.939262,-78.090324,nan
2024-05-31T14:31:10,83.939232,-78.090363,nan
2024-05-31T14:31:09,83.939194,-78.090401,nan
2024-05-31T14:31:09,83.939156,-78.090424,nan
2024-05-31T14:31:08,83.939125,-78.090446,nan
2024-05-31T14:31:08,83.939087,-78.090469,nan
2024-05-31T14:31:07,83.939049,-78.090477,nan
2024-05-31T14:31:07,83.939018,-78.090492,nan
2024-05-31T14:31:06,83.938980,-78.090500,nan
2024-05-31T14:31:06,83.938942,-78.090508,nan
2024-05-31T14:31:05,83.938904,-78.090515,nan
2024-05-31T14:31:05,83.938873,-78.090515,nan
2024-05-31T14:31:04,83.938835,-78.090515,nan
2024-05-31T14:31:04,83.938805,-78.090515,nan
2024-05-31T14:31:03,83.938766,-78.090523,nan
2024-05-31T14:31:03,83.938736,-78.090530,nan
2024-05-31T14:31:02,83.938698,-78.090546,nan
2024-05-31T14:31:02,83.938667,-78.090553,nan
2024-05-31T14:31:01,83.938637,-78.090576,nan
2024-05-31T14:31:01,83.938606,-78.090599,nan
2024-05-31T14:31:00,83.938576,-78.090630,nan
2024-05-31T14:31:00,83.938545,-78.090668,nan
2024-05-31T14:30:59,83.938515,-78.090698,nan
2024-05-31T14:30:59,83.938484,-78.090736,nan
2024-05-31T14:30:58,83.938446,-78.090775,nan
2024-05-31T14:30:58,83.938416,-78.090805,nan
2024-05-31T14:30:57,83.938385,-78.090843,nan
2024-05-31T14:30:57,83.938354,-78.090874,nan
2024-05-31T14:30:56,83.938324,-78.090904,nan
2024-05-31T14:30:56,83.938293,-78.090935,nan
2024-05-31T14:30:55,83.938263,-78.090965,nan
2024-05-31T14:30:55,83.938232,-78.090996,nan
2024-05-31T14:30:54,83.938210,-78.091026,nan
2024-05-31T14:30:54,83.938179,-78.091057,nan
2024-05-31T14:30:53,83.938156,-78.091095,nan
2024-05-31T14:30:53,83.938126,-78.091141,nan
2024-05-31T14:30:52,83.938103,-78.091187,nan
2024-05-31T14:30:52,83.938080,-78.091232,nan
2024-05-31T14:30:51,83.938049,-78.091286,nan
2024-05-31T14:30:51,83.938026,-78.091339,nan
2024-05-31T14:30:50,83.938004,-78.091385,nan
2024-05-31T14:30:50,83.937981,-78.091431,nan
2024-05-31T14:30:49,83.937950,-78.091469,nan
2024-05-31T14:30:49,83.937927,-78.091499,nan
2024-05-31T14:30:48,83.937897,-78.091515,nan
2024-05-31T14:30:48,83.937866,-78.091522,nan
2024-05-31T14:30:47,83.937836,-78.091522,nan
2024-05-31T14:30:47,83.937813,-78.091522,nan
2024-05-31T14:30:46,83.937782,-78.091515,nan
2024-05-31T14:30:46,83.937752,-78.091507,nan
2024-05-31T14:30:45,83.937721,-78.091507,nan
2024-05-31T14:30:45,83.937691,-78.091507,nan
2024-05-31T14:30:44,83.937660,-78.091507,nan
2024-05-31T14:30:44,83.937630,-78.091507,nan
2024-05-31T14:30:43,83.937592,-78.091515,nan
2024-05-31T14:30:43,83.937561,-78.091530,nan
2024-05-31T14:30:42,83.937531,-78.091537,nan
2024-05-31T14:30:42,83.937500,-78.091560,nan
2024-05-31T14:30:41,83.937469,-78.091583,nan
2024-05-31T14:30:41,83.937439,-78.091599,nan
2024-05-31T14:30:40,83.937401,-78.091621,nan
2024-05-31T14:30:40,83.937370,-78.091637,nan
2024-05-31T14:30:39,83.937340,-78.091660,nan
2024-05-31T14:30:39,83.937302,-78.091675,nan
2024-05-31T14:30:38,83.937271,-78.091698,nan
2024-05-31T14:30:38,83.937233,-78.091713,nan
2024-05-31T14:30:37,83.937195,-78.091728,nan
2024-05-31T14:30:37,83.937157,-78.091736,nan
2024-05-31T14:30:36,83.937126,-78.091736,nan
2024-05-31T14:30:36,83.937088,-78.091736,nan
2024-05-31T14:30:35,83.937050,-78.091728,nan
2024-05-31T14:30:35,83.937012,-78.091721,nan
2024-05-31T14:30:34,83.936974,-78.091705,nan
2024-05-31T14:30:34,83.936935,-78.091682,nan
2024-05-31T14:30:33,83.936905,-78.091652,nan
2024-05-31T14:30:33,83.936867,-78.091621,nan
2024-05-31T14:30:32,83.936829,-78.091591,nan
2024-05-31T14:30:32,83.936790,-78.091553,nan
2024-05-31T14:30:31,83.936760,-78.091522,nan
2024-05-31T14:30:31,83.936722,-78.091484,nan
2024-05-31T14:30:30,83.936684,-78.091454,nan
2024-05-31T14:30:30,83.936646,-78.091431,nan
2024-05-31T14:30:29,83.936607,-78.091408,nan
2024-05-31T14:30:29,83.936569,-78.091393,nan
2024-05-31T14:30:28,83.936531,-78.091370,nan
2024-05-31T14:30:28,83.936493,-78.091347,nan
2024-05-31T14:30:27,83.936447,-78.091316,nan
2024-05-31T14:30:27,83.936409,-78.091286,nan
2024-05-31T14:30:26,83.936363,-78.091248,nan
2024-05-31T14:30:26,83.936325,-78.091217,nan
2024-05-31T14:30:25,83.936279,-78.091179,nan
2024-05-31T14:30:25,83.936241,-78.091148,nan
2024-05-31T14:30:24,83.936203,-78.091110,nan
2024-05-31T14:30:24,83.936157,-78.091080,nan
2024-05-31T14:30:23,83.936119,-78.091042,nan
2024-05-31T14:30:23,83.936081,-78.091011,nan
2024-05-31T14:30:22,83.936043,-78.090996,nan
2024-05-31T14:30:22,83.936005,-78.090973,nan
2024-05-31T14:30:21,83.935966,-78.090965,nan
2024-05-31T14:30:21,83.935928,-78.090958,nan
2024-05-31T14:30:20,83.935890,-78.090950,nan
2024-05-31T14:30:20,83.935852,-78.090942,nan
2024-05-31T14:30:19,83.935814,-78.090927,nan
2024-05-31T14:30:19,83.935768,-78.090904,nan
2024-05-31T14:30:18,83.935730,-78.090874,nan
2024-05-31T14:30:18,83.935692,-78.090843,nan
2024-05-31T14:30:17,83.935654,-78.090805,nan
2024-05-31T14:30:17,83.935608,-78.090767,nan
2024-05-31T14:30:16,83.935570,-78.090729,nan
2024-05-31T14:30:16,83.935532,-78.090691,nan
2024-05-31T14:30:15,83.935493,-78.090652,nan
2024-05-31T14:30:15,83.935455,-78.090622,nan
2024-05-31T14:30:14,83.935417,-78.090599,nan
2024-05-31T14:30:14,83.935379,-78.090576,nan
2024-05-31T14:30:13,83.935341,-78.090561,nan
2024-05-31T14:30:13,83.935303,-78.090553,nan
2024-05-31T14:30:12,83.935257,-78.090546,nan
2024-05-31T14:30:12,83.935219,-78.090530,nan
2024-05-31T14:30:11,83.935181,-78.090515,nan
2024-05-31T14:30:11,83.935143,-78.090492,nan
2024-05-31T14:30:10,83.935104,-78.090462,nan
2024-05-31T14:30:10,83.935059,-78.090431,nan
2024-05-31T14:30:09,83.935020,-78.090393,nan
2024-05-31T14:30:09,83.934982,-78.090355,nan
2024-05-31T14:30:08,83.934944,-78.090317,nan
2024-05-31T14:30:08,83.934898,-78.090279,nan
2024-05-31T14:30:07,83.934860,-78.090233,nan
2024-05-31T14:30:07,83.934822,-78.090187,nan
2024-05-31T14:30:06,83.934784,-78.090134,nan
2024-05-31T14:30:06,83.934746,-78.090080,nan
2024-05-31T14:30:05,83.934708,-78.090019,nan
2024-05-31T14:30:05,83.934662,-78.089958,nan
2024-05-31T14:30:04,83.934624,-78.089905,nan
2024-05-31T14:30:04,83.934586,-78.089851,nan
2024-05-31T14:30:03,83.934540,-78.089806,nan
2024-05-31T14:30:03,83.934502,-78.089767,nan
2024-05-31T14:30:02,83.934464,-78.089729,nan
2024-05-31T14:30:02,83.934418,-78.089706,nan
2024-05-31T14:30:01,83.934380,-78.089684,nan
2024-05-31T14:30:01,83.934334,-78.089668,nan
2024-05-31T14:30:00,83.934296,-78.089653,nan
2024-05-31T14:30:00,83.934250,-78.089645,nan
2024-05-31T14:29:59,83.934204,-78.089638,nan
2024-05-31T14:29:59,83.934158,-78.089622,nan
2024-05-31T14:29:58,83.934113,-78.089607,nan
2024-05-31T14:29:58,83.934067,-78.089584,nan
2024-05-31T14:29:57,83.934021,-78.089561,nan
2024-05-31T14:29:57,83.933975,-78.089531,nan
2024-05-31T14:29:56,83.933937,-78.089500,nan
2024-05-31T14:29:56,83.933891,-78.089470,nan
2024-05-31T14:29:55,83.933846,-78.089439,nan
2024-05-31T14:29:55,83.933807,-78.089417,nan
2024-05-31T14:29:54,83.933762,-78.089394,nan
2024-05-31T14:29:54,83.933723,-78.089378,nan
2024-05-31T14:29:53,83.933685,-78.089363,nan
2024-05-31T14:29:53,83.933647,-78.089355,nan
2024-05-31T14:29:52,83.933601,-78.089355,nan
2024-05-31T14:29:52,83.933563,-78.089355,nan
2024-05-31T14:29:51,83.933517,-78.089355,nan
2024-05-31T14:29:51,83.933479,-78.089355,nan
2024-05-31T14:29:50,83.933434,-78.089340,nan
2024-05-31T14:29:50,83.933395,-78.089333,nan
2024-05-31T14:29:49,83.933350,-78.089317,nan
2024-05-31T14:29:49,83.933311,-78.089302,nan
2024-05-31T14:29:48,83.933266,-78.089279,nan
2024-05-31T14:29:48,83.933228,-78.089264,nan
2024-05-31T14:29:47,83.933189,-78.089241,nan
2024-05-31T14:29:47,83.933151,-78.089218,nan
2024-05-31T14:29:46,83.933113,-78.089195,nan
2024-05-31T14:29:46,83.933067,-78.089165,nan
2024-05-31T14:29:45,83.933029,-78.089134,nan
2024-05-31T14:29:45,83.932991,-78.089096,nan
2024-05-31T14:29:44,83.932953,-78.089043,nan
2024-05-31T14:29:44,83.932907,-78.088982,nan
2024-05-31T14:29:43,83.932869,-78.088913,nan
2024-05-31T14:29:43,83.932823,-78.088821,nan
2024-05-31T14:29:42,83.932785,-78.088730,nan
2024-05-31T14:29:42,83.932739,-78.088631,nan
2024-05-31T14:29:41,83.932701,-78.088524,nan
2024-05-31T14:29:41,83.932663,-78.088409,nan
2024-05-31T14:29:40,83.932617,-78.088295,nan
2024-05-31T14:29:40,83.932579,-78.088181,nan
2024-05-31T14:29:39,83.932533,-78.088066,nan
2024-05-31T14:29:39,83.932495,-78.087952,nan
2024-05-31T14:29:38,83.932457,-78.087830,nan
2024-05-31T14:29:38,83.932411,-78.087708,nan
2024-05-31T14:29:37,83.932365,-78.087578,nan
2024-05-31T14:29:37,83.932327,-78.087440,nan
2024-05-31T14:29:36,83.932281,-78.087303,nan
2024-05-31T14:29:36,83.932243,-78.087158,nan
2024-05-31T14:29:35,83.932198,-78.087021,nan
2024-05-31T14:29:35,83.932159,-78.086884,nan
2024-05-31T14:29:34,83.932121,-78.086746,nan
2024-05-31T14:29:34,83.932076,-78.086617,nan
2024-05-31T14:29:33,83.932037,-78.086494,nan
2024-05-31T14:29:33,83.931999,-78.086372,nan
2024-05-31T14:29:32,83.931953,-78.086258,nan
2024-05-31T14:29:32,83.931915,-78.086143,nan
2024-05-31T14:29:31,83.931877,-78.086029,nan
2024-05-31T14:29:31,83.931831,-78.085907,nan
2024-05-31T14:29:30,83.931793,-78.085785,nan
2024-05-31T14:29:30,83.931747,-78.085655,nan
2024-05-31T14:29:29,83.931709,-78.085526,nan
2024-05-31T14:29:29,83.931671,-78.085396,nan
2024-05-31T14:29:28,83.931587,-78.085144,nan
2024-05-31T14:29:27,83.931549,-78.085022,nan
2024-05-31T14:29:27,83.931511,-78.084900,nan
2024-05-31T14:29:26,83.931465,-78.084785,nan
2024-05-31T14:29:26,83.931427,-78.084671,nan
2024-05-31T14:29:25,83.931389,-78.084557,nan
2024-05-31T14:29:25,83.931343,-78.084450,nan
2024-05-31T14:29:24,83.931305,-78.084343,nan
2024-05-31T14:29:24,83.931259,-78.084236,nan
2024-05-31T14:29:23,83.931221,-78.084129,nan
2024-05-31T14:29:23,83.931175,-78.084015,nan
2024-05-31T14:29:22,83.931129,-78.083900,nan
2024-05-31T14:29:22,83.931084,-78.083786,nan
2024-05-31T14:29:21,83.931046,-78.083672,nan
2024-05-31T14:29:21,83.931000,-78.083572,nan
2024-05-31T14:29:20,83.930962,-78.083473,nan
2024-05-31T14:29:20,83.930916,-78.083389,nan
2024-05-31T14:29:19,83.930870,-78.083305,nan
2024-05-31T14:29:19,83.930832,-78.083221,nan
2024-05-31T14:29:18,83.930786,-78.083138,nan
2024-05-31T14:29:18,83.930740,-78.083061,nan
2024-05-31T14:29:17,83.930695,-78.082977,nan
2024-05-31T14:29:17,83.930656,-78.082893,nan
2024-05-31T14:29:16,83.930611,-78.082809,nan
2024-05-31T14:29:16,83.930565,-78.082718,nan
2024-05-31T14:29:15,83.930527,-78.082634,nan
2024-05-31T14:29:15,83.930481,-78.082558,nan
2024-05-31T14:29:14,83.930443,-78.082474,nan
2024-05-31T14:29:14,83.930397,-78.082405,nan
2024-05-31T14:29:13,83.930351,-78.082329,nan
2024-05-31T14:29:13,83.930313,-78.082260,nan
2024-05-31T14:29:12,83.930267,-78.082176,nan
2024-05-31T14:29:12,83.930222,-78.082092,nan
2024-05-31T14:29:11,83.930176,-78.081993,nan
2024-05-31T14:29:11,83.930130,-78.081886,nan
2024-05-31T14:29:10,83.930084,-78.081772,nan
2024-05-31T14:29:10,83.930046,-78.081650,nan
2024-05-31T14:29:09,83.930000,-78.081528,nan
2024-05-31T14:29:09,83.929955,-78.081390,nan
2024-05-31T14:29:08,83.929916,-78.081253,nan
2024-05-31T14:29:08,83.929871,-78.081108,nan
2024-05-31T14:29:07,83.929825,-78.080963,nan
2024-05-31T14:29:07,83.929779,-78.080818,nan
2024-05-31T14:29:06,83.929733,-78.080673,nan
2024-05-31T14:29:06,83.929695,-78.080521,nan
2024-05-31T14:29:05,83.929649,-78.080360,nan
2024-05-31T14:29:05,83.929604,-78.080208,nan
2024-05-31T14:29:04,83.929558,-78.080048,nan
2024-05-31T14:29:04,83.929512,-78.079880,nan
2024-05-31T14:29:03,83.929466,-78.079712,nan
2024-05-31T14:29:03,83.929428,-78.079552,nan
2024-05-31T14:29:02,83.929382,-78.079384,nan
2024-05-31T14:29:02,83.929337,-78.079216,nan
2024-05-31T14:29:01,83.929298,-78.079041,nan
2024-05-31T14:29:01,83.929253,-78.078865,nan
2024-05-31T14:29:00,83.929207,-78.078690,nan
2024-05-31T14:29:00,83.929161,-78.078514,nan
2024-05-31T14:28:59,83.929115,-78.078331,nan
2024-05-31T14:28:59,83.929070,-78.078148,nan
2024-05-31T14:28:58,83.929024,-78.077965,nan
2024-05-31T14:28:58,83.928978,-78.077774,nan
2024-05-31T14:28:57,83.928925,-78.077583,nan
2024-05-31T14:28:57,83.928879,-78.077385,nan
2024-05-31T14:28:56,83.928833,-78.077194,nan
2024-05-31T14:28:56,83.928787,-78.077011,nan
2024-05-31T14:28:55,83.928734,-78.076820,nan
2024-05-31T14:28:55,83.928688,-78.076637,nan
2024-05-31T14:28:54,83.928642,-78.076462,nan
2024-05-31T14:28:54,83.928589,-78.076286,nan
2024-05-31T14:28:53,83.928543,-78.076118,nan
2024-05-31T14:28:53,83.928490,-78.075951,nan
2024-05-31T14:28:52,83.928444,-78.075775,nan
2024-05-31T14:28:52,83.928391,-78.075600,nan
2024-05-31T14:28:51,83.928337,-78.075417,nan
2024-05-31T14:28:51,83.928284,-78.075226,nan
2024-05-31T14:28:50,83.928230,-78.075027,nan
2024-05-31T14:28:50,83.928177,-78.074814,nan
2024-05-31T14:28:49,83.928131,-78.074600,nan
2024-05-31T14:28:49,83.928078,-78.074394,nan
2024-05-31T14:28:48,83.928024,-78.074181,nan
2024-05-31T14:28:48,83.927971,-78.073975,nan
2024-05-31T14:28:47,83.927917,-78.073769,nan
2024-05-31T14:28:47,83.927872,-78.073555,nan
2024-05-31T14:28:46,83.927818,-78.073341,nan
2024-05-31T14:28:46,83.927757,-78.073120,nan
2024-05-31T14:28:45,83.927704,-78.072891,nan
2024-05-31T14:28:45,83.927650,-78.072662,nan
2024-05-31T14:28:44,83.927597,-78.072433,nan
2024-05-31T14:28:44,83.927544,-78.072205,nan
2024-05-31T14:28:43,83.927490,-78.071983,nan
2024-05-31T14:28:43,83.927437,-78.071762,nan
2024-05-31T14:28:42,83.927383,-78.071548,nan
2024-05-31T14:28:42,83.927338,-78.071335,nan
2024-05-31T14:28:41,83.927284,-78.071129,nan
2024-05-31T14:28:41,83.927231,-78.070930,nan
2024-05-31T14:28:40,83.927177,-78.070724,nan
2024-05-31T14:28:40,83.927124,-78.070511,nan
2024-05-31T14:28:39,83.927063,-78.070297,nan
2024-05-31T14:28:39,83.927010,-78.070076,nan
2024-05-31T14:28:38,83.926956,-78.069847,nan
2024-05-31T14:28:38,83.926895,-78.069611,nan
2024-05-31T14:28:37,83.926842,-78.069366,nan
2024-05-31T14:28:37,83.926788,-78.069138,nan
2024-05-31T14:28:36,83.926735,-78.068901,nan
2024-05-31T14:28:36,83.926682,-78.068672,nan
2024-05-31T14:28:35,83.926628,-78.068451,nan
2024-05-31T14:28:35,83.926575,-78.068237,nan
2024-05-31T14:28:34,83.926514,-78.068031,nan
2024-05-31T14:28:34,83.926460,-78.067818,nan
2024-05-31T14:28:33,83.926399,-78.067596,nan
2024-05-31T14:28:33,83.926346,-78.067383,nan
2024-05-31T14:28:32,83.926285,-78.067154,nan
2024-05-31T14:28:32,83.926231,-78.066925,nan
2024-05-31T14:28:31,83.926170,-78.066689,nan
2024-05-31T14:28:31,83.926117,-78.066460,nan
2024-05-31T14:28:30,83.926056,-78.066223,nan
2024-05-31T14:28:30,83.926003,-78.065987,nan
2024-05-31T14:28:29,83.925941,-78.065758,nan
2024-05-31T14:28:29,83.925888,-78.065536,nan
2024-05-31T14:28:28,83.925835,-78.065323,nan
2024-05-31T14:28:28,83.925774,-78.065102,nan
2024-05-31T14:28:27,83.925713,-78.064880,nan
2024-05-31T14:28:27,83.925659,-78.064651,nan
2024-05-31T14:28:26,83.925598,-78.064407,nan
2024-05-31T14:28:26,83.925537,-78.064171,nan
2024-05-31T14:28:25,83.925484,-78.063919,nan
2024-05-31T14:28:25,83.925430,-78.063675,nan
2024-05-31T14:28:24,83.925369,-78.063423,nan
2024-05-31T14:28:24,83.925316,-78.063179,nan
2024-05-31T14:28:23,83.925255,-78.062935,nan
2024-05-31T14:28:23,83.925201,-78.062691,nan
2024-05-31T14:28:22,83.925140,-78.062439,nan
2024-05-31T14:28:22,83.925087,-78.062187,nan
2024-05-31T14:28:21,83.925026,-78.061935,nan
2024-05-31T14:28:21,83.924965,-78.061676,nan
2024-05-31T14:28:20,83.924911,-78.061409,nan
2024-05-31T14:28:20,83.924850,-78.061150,nan
2024-05-31T14:28:19,83.924797,-78.060890,nan
2024-05-31T14:28:19,83.924744,-78.060638,nan
2024-05-31T14:28:18,83.924683,-78.060387,nan
2024-05-31T14:28:18,83.924629,-78.060143,nan
2024-05-31T14:28:17,83.924576,-78.059906,nan
2024-05-31T14:28:17,83.924522,-78.059669,nan
2024-05-31T14:28:16,83.924461,-78.059441,nan
2024-05-31T14:28:16,83.924408,-78.059204,nan
2024-05-31T14:28:15,83.924355,-78.058960,nan
2024-05-31T14:28:15,83.924294,-78.058716,nan
2024-05-31T14:28:14,83.924240,-78.058472,nan
2024-05-31T14:28:14,83.924187,-78.058228,nan
2024-05-31T14:28:13,83.924133,-78.057976,nan
2024-05-31T14:28:13,83.924080,-78.057732,nan
2024-05-31T14:28:12,83.924026,-78.057487,nan
2024-05-31T14:28:12,83.923973,-78.057243,nan
2024-05-31T14:28:11,83.923920,-78.056999,nan
2024-05-31T14:28:11,83.923866,-78.056763,nan
2024-05-31T14:28:10,83.923813,-78.056534,nan
2024-05-31T14:28:10,83.923759,-78.056290,nan
2024-05-31T14:28:09,83.923706,-78.056053,nan
2024-05-31T14:28:09,83.923653,-78.055801,nan
2024-05-31T14:28:08,83.923599,-78.055557,nan
2024-05-31T14:28:08,83.923546,-78.055305,nan
2024-05-31T14:28:07,83.923492,-78.055054,nan
2024-05-31T14:28:07,83.923439,-78.054802,nan
2024-05-31T14:28:06,83.923386,-78.054558,nan
2024-05-31T14:28:06,83.923332,-78.054306,nan
2024-05-31T14:28:05,83.923279,-78.054070,nan
2024-05-31T14:28:05,83.923225,-78.053825,nan
2024-05-31T14:28:04,83.923172,-78.053581,nan
2024-05-31T14:28:04,83.923119,-78.053337,nan
2024-05-31T14:28:03,83.923065,-78.053085,nan
2024-05-31T14:28:03,83.923012,-78.052826,nan
2024-05-31T14:28:02,83.922958,-78.052559,nan
2024-05-31T14:28:02,83.922897,-78.052284,nan
2024-05-31T14:28:01,83.922852,-78.052010,nan
2024-05-31T14:28:01,83.922798,-78.051743,nan
2024-05-31T14:28:00,83.922745,-78.051468,nan
2024-05-31T14:28:00,83.922691,-78.051193,nan
2024-05-31T14:27:59,83.922638,-78.050919,nan
2024-05-31T14:27:59,83.922585,-78.050652,nan
2024-05-31T14:27:58,83.922523,-78.050369,nan
2024-05-31T14:27:58,83.922470,-78.050087,nan
2024-05-31T14:27:57,83.922417,-78.049805,nan
2024-05-31T14:27:57,83.922356,-78.049515,nan
2024-05-31T14:27:56,83.922302,-78.049225,nan
2024-05-31T14:27:56,83.922249,-78.048935,nan
2024-05-31T14:27:55,83.922188,-78.048653,nan
2024-05-31T14:27:55,83.922134,-78.048370,nan
2024-05-31T14:27:54,83.922081,-78.048088,nan
2024-05-31T14:27:54,83.922020,-78.047806,nan
2024-05-31T14:27:53,83.921967,-78.047523,nan
2024-05-31T14:27:53,83.921906,-78.047241,nan
2024-05-31T14:27:52,83.921844,-78.046944,nan
2024-05-31T14:27:52,83.921791,-78.046638,nan
2024-05-31T14:27:51,83.921730,-78.046318,nan
2024-05-31T14:27:51,83.921677,-78.045998,nan
2024-05-31T14:27:50,83.921616,-78.045670,nan
2024-05-31T14:27:50,83.921562,-78.045341,nan
2024-05-31T14:27:49,83.921501,-78.045013,nan
2024-05-31T14:27:49,83.921448,-78.044685,nan
2024-05-31T14:27:48,83.921387,-78.044357,nan
2024-05-31T14:27:48,83.921333,-78.044044,nan
2024-05-31T14:27:47,83.921272,-78.043724,nan
2024-05-31T14:27:47,83.921211,-78.043411,nan
2024-05-31T14:27:46,83.921150,-78.043091,nan
2024-05-31T14:27:46,83.921089,-78.042770,nan
2024-05-31T14:27:45,83.921036,-78.042450,nan
2024-05-31T14:27:45,83.920975,-78.042137,nan
2024-05-31T14:27:44,83.920914,-78.041832,nan
2024-05-31T14:27:44,83.920853,-78.041534,nan
2024-05-31T14:27:43,83.920792,-78.041245,nan
2024-05-31T14:27:43,83.920731,-78.040962,nan
2024-05-31T14:27:42,83.920670,-78.040680,nan
2024-05-31T14:27:42,83.920609,-78.040390,nan
2024-05-31T14:27:41,83.920540,-78.040108,nan
2024-05-31T14:27:41,83.920479,-78.039818,nan
2024-05-31T14:27:40,83.920418,-78.039536,nan
2024-05-31T14:27:40,83.920357,-78.039253,nan
2024-05-31T14:27:39,83.920296,-78.038971,nan
2024-05-31T14:27:39,83.920235,-78.038689,nan
2024-05-31T14:27:38,83.920174,-78.038422,nan
2024-05-31T14:27:38,83.920113,-78.038155,nan
2024-05-31T14:27:37,83.920052,-78.037895,nan
2024-05-31T14:27:37,83.919983,-78.037643,nan
2024-05-31T14:27:36,83.919922,-78.037392,nan
2024-05-31T14:27:36,83.919853,-78.037132,nan
2024-05-31T14:27:35,83.919792,-78.036873,nan
2024-05-31T14:27:35,83.919724,-78.036613,nan
2024-05-31T14:27:34,83.919662,-78.036362,nan
2024-05-31T14:27:34,83.919594,-78.036110,nan
2024-05-31T14:27:33,83.919533,-78.035873,nan
2024-05-31T14:27:33,83.919464,-78.035637,nan
2024-05-31T14:27:32,83.919403,-78.035400,nan
2024-05-31T14:27:32,83.919334,-78.035179,nan
2024-05-31T14:27:31,83.919266,-78.034950,nan
2024-05-31T14:27:31,83.919197,-78.034714,nan
2024-05-31T14:27:30,83.919128,-78.034485,nan
2024-05-31T14:27:30,83.919060,-78.034248,nan
2024-05-31T14:27:29,83.918991,-78.034019,nan
2024-05-31T14:27:29,83.918922,-78.033783,nan
2024-05-31T14:27:28,83.918861,-78.033554,nan
2024-05-31T14:27:28,83.918793,-78.033333,nan
2024-05-31T14:27:27,83.918724,-78.033112,nan
2024-05-31T14:27:27,83.918655,-78.032890,nan
2024-05-31T14:27:26,83.918587,-78.032677,nan
2024-05-31T14:27:26,83.918518,-78.032455,nan
2024-05-31T14:27:25,83.918449,-78.032242,nan
2024-05-31T14:27:25,83.918381,-78.032021,nan
2024-05-31T14:27:24,83.918312,-78.031807,nan
2024-05-31T14:27:24,83.918243,-78.031586,nan
2024-05-31T14:27:23,83.918175,-78.031364,nan
2024-05-31T14:27:23,83.918106,-78.031136,nan
2024-05-31T14:27:22,83.918037,-78.030922,nan
2024-05-31T14:27:22,83.917969,-78.030708,nan
2024-05-31T14:27:21,83.917908,-78.030502,nan
2024-05-31T14:27:21,83.917839,-78.030296,nan
2024-05-31T14:27:20,83.917770,-78.030098,nan
2024-05-31T14:27:20,83.917702,-78.029900,nan
2024-05-31T14:27:19,83.917633,-78.029694,nan
2024-05-31T14:27:19,83.917564,-78.029488,nan
2024-05-31T14:27:18,83.917496,-78.029274,nan
2024-05-31T14:27:18,83.917435,-78.029060,nan
2024-05-31T14:27:17,83.917366,-78.028831,nan
2024-05-31T14:27:17,83.917297,-78.028603,nan
2024-05-31T14:27:16,83.917229,-78.028374,nan
2024-05-31T14:27:16,83.917168,-78.028137,nan
2024-05-31T14:27:15,83.917099,-78.027908,nan
2024-05-31T14:27:15,83.917030,-78.027679,nan
2024-05-31T14:27:14,83.916962,-78.027458,nan
2024-05-31T14:27:14,83.916893,-78.027229,nan
2024-05-31T14:27:13,83.916824,-78.027008,nan
2024-05-31T14:27:13,83.916756,-78.026779,nan
2024-05-31T14:27:12,83.916687,-78.026550,nan
2024-05-31T14:27:12,83.916611,-78.026314,nan
2024-05-31T14:27:11,83.916542,-78.026077,nan
2024-05-31T14:27:11,83.916473,-78.025833,nan
2024-05-31T14:27:10,83.916405,-78.025589,nan
2024-05-31T14:27:10,83.916328,-78.025352,nan
2024-05-31T14:27:09,83.916260,-78.025116,nan
2024-05-31T14:27:09,83.916191,-78.024879,nan
2024-05-31T14:27:08,83.916115,-78.024635,nan
2024-05-31T14:27:08,83.916046,-78.024384,nan
2024-05-31T14:27:07,83.915970,-78.024124,nan
2024-05-31T14:27:07,83.915901,-78.023849,nan
2024-05-31T14:27:06,83.915825,-78.023560,nan
2024-05-31T14:27:06,83.915756,-78.023270,nan
2024-05-31T14:27:05,83.915680,-78.022972,nan
2024-05-31T14:27:05,83.915611,-78.022675,nan
2024-05-31T14:27:04,83.915543,-78.022377,nan
2024-05-31T14:27:04,83.915466,-78.022087,nan
2024-05-31T14:27:03,83.915398,-78.021790,nan
2024-05-31T14:27:03,83.915321,-78.021492,nan
2024-05-31T14:27:02,83.915253,-78.021187,nan
2024-05-31T14:27:02,83.915176,-78.020889,nan
2024-05-31T14:27:01,83.915108,-78.020576,nan
2024-05-31T14:27:01,83.915031,-78.020256,nan
2024-05-31T14:27:00,83.914955,-78.019928,nan
2024-05-31T14:27:00,83.914886,-78.019592,nan
2024-05-31T14:26:59,83.914810,-78.019249,nan
2024-05-31T14:26:59,83.914742,-78.018906,nan
2024-05-31T14:26:58,83.914665,-78.018555,nan
2024-05-31T14:26:58,83.914597,-78.018204,nan
2024-05-31T14:26:57,83.914520,-78.017853,nan
2024-05-31T14:26:57,83.914452,-78.017509,nan
2024-05-31T14:26:56,83.914375,-78.017151,nan
2024-05-31T14:26:56,83.914307,-78.016800,nan
2024-05-31T14:26:55,83.914230,-78.016434,nan
2024-05-31T14:26:55,83.914154,-78.016068,nan
2024-05-31T14:26:54,83.914078,-78.015694,nan
2024-05-31T14:26:54,83.914009,-78.015327,nan
2024-05-31T14:26:53,83.913933,-78.014969,nan
2024-05-31T14:26:53,83.913857,-78.014618,nan
2024-05-31T14:26:52,83.913780,-78.014275,nan
2024-05-31T14:26:52,83.913704,-78.013924,nan
2024-05-31T14:26:51,83.913628,-78.013580,nan
2024-05-31T14:26:51,83.913551,-78.013237,nan
2024-05-31T14:26:50,83.913467,-78.012894,nan
2024-05-31T14:26:50,83.913391,-78.012543,nan
2024-05-31T14:26:49,83.913315,-78.012192,nan
2024-05-31T14:26:49,83.913231,-78.011833,nan
2024-05-31T14:26:48,83.913155,-78.011475,nan
2024-05-31T14:26:48,83.913078,-78.011116,nan
2024-05-31T14:26:47,83.913002,-78.010765,nan
2024-05-31T14:26:47,83.912926,-78.010414,nan
2024-05-31T14:26:46,83.912842,-78.010063,nan
2024-05-31T14:26:46,83.912766,-78.009712,nan
2024-05-31T14:26:45,83.912682,-78.009361,nan
2024-05-31T14:26:45,83.912605,-78.009003,nan
2024-05-31T14:26:44,83.912529,-78.008629,nan
2024-05-31T14:26:44,83.912445,-78.008255,nan
2024-05-31T14:26:43,83.912369,-78.007866,nan
2024-05-31T14:26:43,83.912292,-78.007469,nan
2024-05-31T14:26:42,83.912209,-78.007072,nan
2024-05-31T14:26:42,83.912132,-78.006668,nan
2024-05-31T14:26:41,83.912056,-78.006271,nan
2024-05-31T14:26:41,83.911980,-78.005875,nan
2024-05-31T14:26:40,83.911903,-78.005478,nan
2024-05-31T14:26:40,83.911827,-78.005081,nan
2024-05-31T14:26:39,83.911751,-78.004669,nan
2024-05-31T14:26:39,83.911667,-78.004257,nan
2024-05-31T14:26:38,83.911591,-78.003830,nan
2024-05-31T14:26:38,83.911514,-78.003395,nan
2024-05-31T14:26:37,83.911438,-78.002953,nan
2024-05-31T14:26:37,83.911362,-78.002510,nan
2024-05-31T14:26:36,83.911285,-78.002068,nan
2024-05-31T14:26:36,83.911209,-78.001625,nan
2024-05-31T14:26:35,83.911133,-78.001183,nan
2024-05-31T14:26:35,83.911057,-78.000732,nan
2024-05-31T14:26:34,83.910980,-78.000275,nan
2024-05-31T14:26:34,83.910904,-77.999817,nan
2024-05-31T14:26:33,83.910828,-77.999336,nan
2024-05-31T14:26:33,83.910751,-77.998856,nan
2024-05-31T14:26:32,83.910683,-77.998383,nan
2024-05-31T14:26:32,83.910606,-77.997894,nan
2024-05-31T14:26:31,83.910530,-77.997414,nan
2024-05-31T14:26:31,83.910454,-77.996933,nan
2024-05-31T14:26:30,83.910378,-77.996445,nan
2024-05-31T14:26:30,83.910309,-77.995949,nan
2024-05-31T14:26:29,83.910233,-77.995445,nan
2024-05-31T14:26:29,83.910156,-77.994934,nan
2024-05-31T14:26:28,83.910080,-77.994415,nan
2024-05-31T14:26:28,83.910004,-77.993889,nan
2024-05-31T14:26:27,83.909927,-77.993362,nan
2024-05-31T14:26:27,83.909851,-77.992844,nan
2024-05-31T14:26:26,83.909775,-77.992325,nan
2024-05-31T14:26:26,83.909698,-77.991806,nan
2024-05-31T14:26:25,83.909622,-77.991295,nan
2024-05-31T14:26:25,83.909546,-77.990784,nan
2024-05-31T14:26:24,83.909462,-77.990273,nan
2024-05-31T14:26:24,83.909386,-77.989761,nan
2024-05-31T14:26:23,83.909309,-77.989250,nan
2024-05-31T14:26:23,83.909225,-77.988739,nan
2024-05-31T14:26:22,83.909149,-77.988243,nan
2024-05-31T14:26:22,83.909065,-77.987762,nan
2024-05-31T14:26:21,83.908981,-77.987282,nan
2024-05-31T14:26:21,83.908905,-77.986816,nan
2024-05-31T14:26:20,83.908821,-77.986359,nan
2024-05-31T14:26:20,83.908737,-77.985909,nan
2024-05-31T14:26:19,83.908653,-77.985451,nan
2024-05-31T14:26:19,83.908569,-77.984993,nan
2024-05-31T14:26:18,83.908485,-77.984535,nan
2024-05-31T14:26:18,83.908401,-77.984085,nan
2024-05-31T14:26:17,83.908310,-77.983635,nan
2024-05-31T14:26:17,83.908226,-77.983192,nan
2024-05-31T14:26:16,83.908142,-77.982750,nan
2024-05-31T14:26:16,83.908051,-77.982315,nan
2024-05-31T14:26:15,83.907959,-77.981880,nan
2024-05-31T14:26:15,83.907867,-77.981438,nan
2024-05-31T14:26:14,83.907784,-77.980995,nan
2024-05-31T14:26:14,83.907684,-77.980545,nan
2024-05-31T14:26:13,83.907593,-77.980087,nan
2024-05-31T14:26:13,83.907501,-77.979637,nan
2024-05-31T14:26:12,83.907402,-77.979172,nan
2024-05-31T14:26:12,83.907310,-77.978714,nan
2024-05-31T14:26:11,83.907211,-77.978249,nan
2024-05-31T14:26:11,83.907120,-77.977783,nan
2024-05-31T14:26:10,83.907021,-77.977325,nan
2024-05-31T14:26:10,83.906929,-77.976868,nan
2024-05-31T14:26:09,83.906830,-77.976418,nan
2024-05-31T14:26:09,83.906731,-77.975967,nan
2024-05-31T14:26:08,83.906631,-77.975525,nan
2024-05-31T14:26:08,83.906532,-77.975082,nan
2024-05-31T14:26:07,83.906433,-77.974632,nan
2024-05-31T14:26:07,83.906334,-77.974190,nan
2024-05-31T14:26:06,83.906227,-77.973740,nan
2024-05-31T14:26:06,83.906120,-77.973282,nan
2024-05-31T14:26:05,83.906021,-77.972824,nan
2024-05-31T14:26:05,83.905914,-77.972366,nan
2024-05-31T14:26:04,83.905807,-77.971916,nan
2024-05-31T14:26:04,83.905701,-77.971451,nan
2024-05-31T14:26:03,83.905602,-77.970993,nan
2024-05-31T14:26:03,83.905495,-77.970535,nan
2024-05-31T14:26:02,83.905388,-77.970070,nan
2024-05-31T14:26:02,83.905281,-77.969589,nan
2024-05-31T14:26:01,83.905174,-77.969101,nan
2024-05-31T14:26:01,83.905067,-77.968605,nan
2024-05-31T14:26:00,83.904961,-77.968102,nan
2024-05-31T14:26:00,83.904861,-77.967598,nan
2024-05-31T14:25:59,83.904755,-77.967094,nan
2024-05-31T14:25:59,83.904648,-77.966599,nan
2024-05-31T14:25:58,83.904541,-77.966095,nan
2024-05-31T14:25:58,83.904434,-77.965599,nan
2024-05-31T14:25:57,83.904327,-77.965096,nan
2024-05-31T14:25:57,83.904221,-77.964600,nan
2024-05-31T14:25:56,83.904114,-77.964088,nan
2024-05-31T14:25:56,83.904007,-77.963585,nan
2024-05-31T14:25:55,83.903908,-77.963089,nan
2024-05-31T14:25:55,83.903801,-77.962593,nan
2024-05-31T14:25:54,83.903694,-77.962105,nan
2024-05-31T14:25:54,83.903587,-77.961617,nan
2024-05-31T14:25:53,83.903481,-77.961128,nan
2024-05-31T14:25:53,83.903374,-77.960640,nan
2024-05-31T14:25:52,83.903267,-77.960136,nan
2024-05-31T14:25:52,83.903160,-77.959641,nan
2024-05-31T14:25:51,83.903053,-77.959137,nan
2024-05-31T14:25:51,83.902954,-77.958641,nan
2024-05-31T14:25:50,83.902847,-77.958145,nan
2024-05-31T14:25:50,83.902740,-77.957642,nan
2024-05-31T14:25:49,83.902634,-77.957130,nan
2024-05-31T14:25:49,83.902534,-77.956619,nan
2024-05-31T14:25:48,83.902428,-77.956093,nan
2024-05-31T14:25:48,83.902321,-77.955559,nan
2024-05-31T14:25:47,83.902214,-77.955025,nan
2024-05-31T14:25:47,83.902115,-77.954483,nan
2024-05-31T14:25:46,83.902008,-77.953934,nan
2024-05-31T14:25:46,83.901901,-77.953392,nan
2024-05-31T14:25:45,83.901802,-77.952850,nan
2024-05-31T14:25:45,83.901695,-77.952309,nan
2024-05-31T14:25:44,83.901588,-77.951752,nan
2024-05-31T14:25:44,83.901482,-77.951195,nan
2024-05-31T14:25:43,83.901375,-77.950623,nan
2024-05-31T14:25:43,83.901268,-77.950050,nan
2024-05-31T14:25:42,83.901161,-77.949478,nan
2024-05-31T14:25:42,83.901054,-77.948906,nan
2024-05-31T14:25:41,83.900948,-77.948334,nan
2024-05-31T14:25:41,83.900833,-77.947769,nan
2024-05-31T14:25:40,83.900726,-77.947205,nan
2024-05-31T14:25:40,83.900620,-77.946632,nan
2024-05-31T14:25:39,83.900505,-77.946060,nan
2024-05-31T14:25:39,83.900398,-77.945480,nan
2024-05-31T14:25:38,83.900284,-77.944901,nan
2024-05-31T14:25:38,83.900177,-77.944328,nan
2024-05-31T14:25:37,83.900070,-77.943748,nan
2024-05-31T14:25:37,83.899963,-77.943176,nan
2024-05-31T14:25:36,83.899857,-77.942604,nan
2024-05-31T14:25:36,83.899742,-77.942039,nan
2024-05-31T14:25:35,83.899635,-77.941475,nan
2024-05-31T14:25:35,83.899529,-77.940903,nan
2024-05-31T14:25:34,83.899414,-77.940331,nan
2024-05-31T14:25:34,83.899307,-77.939758,nan
2024-05-31T14:25:33,83.899200,-77.939186,nan
2024-05-31T14:25:33,83.899094,-77.938622,nan
2024-05-31T14:25:32,83.898987,-77.938057,nan
2024-05-31T14:25:32,83.898880,-77.937500,nan
2024-05-31T14:25:31,83.898766,-77.936935,nan
2024-05-31T14:25:31,83.898659,-77.936378,nan
2024-05-31T14:25:30,83.898552,-77.935814,nan
2024-05-31T14:25:30,83.898438,-77.935249,nan
2024-05-31T14:25:29,83.898331,-77.934685,nan
2024-05-31T14:25:29,83.898224,-77.934120,nan
2024-05-31T14:25:28,83.898117,-77.933556,nan
2024-05-31T14:25:28,83.898010,-77.933006,nan
2024-05-31T14:25:27,83.897903,-77.932449,nan
2024-05-31T14:25:27,83.897797,-77.931900,nan
2024-05-31T14:25:26,83.897690,-77.931343,nan
2024-05-31T14:25:26,83.897575,-77.930779,nan
2024-05-31T14:25:25,83.897469,-77.930214,nan
2024-05-31T14:25:25,83.897362,-77.929642,nan
2024-05-31T14:25:24,83.897255,-77.929070,nan
2024-05-31T14:25:24,83.897148,-77.928497,nan
2024-05-31T14:25:23,83.897041,-77.927917,nan
2024-05-31T14:25:23,83.896935,-77.927345,nan
2024-05-31T14:25:22,83.896820,-77.926765,nan
2024-05-31T14:25:22,83.896713,-77.926178,nan
2024-05-31T14:25:21,83.896599,-77.925591,nan
2024-05-31T14:25:21,83.896492,-77.924995,nan
2024-05-31T14:25:20,83.896378,-77.924408,nan
2024-05-31T14:25:20,83.896271,-77.923820,nan
2024-05-31T14:25:19,83.896156,-77.923248,nan
2024-05-31T14:25:19,83.896042,-77.922668,nan
2024-05-31T14:25:18,83.895935,-77.922096,nan
2024-05-31T14:25:18,83.895821,-77.921516,nan
2024-05-31T14:25:17,83.895706,-77.920929,nan
2024-05-31T14:25:17,83.895592,-77.920341,nan
2024-05-31T14:25:16,83.895477,-77.919754,nan
2024-05-31T14:25:16,83.895363,-77.919159,nan
2024-05-31T14:25:15,83.895256,-77.918571,nan
2024-05-31T14:25:15,83.895142,-77.917984,nan
2024-05-31T14:25:14,83.895027,-77.917404,nan
2024-05-31T14:25:14,83.894913,-77.916824,nan
2024-05-31T14:25:13,83.894798,-77.916252,nan
2024-05-31T14:25:13,83.894684,-77.915672,nan
2024-05-31T14:25:12,83.894569,-77.915085,nan
2024-05-31T14:25:12,83.894455,-77.914490,nan
2024-05-31T14:25:11,83.894341,-77.913887,nan
2024-05-31T14:25:11,83.894226,-77.913277,nan
2024-05-31T14:25:10,83.894112,-77.912659,nan
2024-05-31T14:25:10,83.893997,-77.912041,nan
2024-05-31T14:25:09,83.893883,-77.911423,nan
2024-05-31T14:25:09,83.893768,-77.910805,nan
2024-05-31T14:25:08,83.893654,-77.910179,nan
2024-05-31T14:25:08,83.893539,-77.909538,nan
2024-05-31T14:25:07,83.893425,-77.908897,nan
2024-05-31T14:25:07,83.893311,-77.908249,nan
2024-05-31T14:25:06,83.893196,-77.907600,nan
2024-05-31T14:25:06,83.893082,-77.906952,nan
2024-05-31T14:25:05,83.892967,-77.906311,nan
2024-05-31T14:25:05,83.892853,-77.905670,nan
2024-05-31T14:25:04,83.892738,-77.905037,nan
2024-05-31T14:25:04,83.892624,-77.904404,nan
2024-05-31T14:25:03,83.892509,-77.903778,nan
2024-05-31T14:25:03,83.892395,-77.903145,nan
2024-05-31T14:25:02,83.892281,-77.902512,nan
2024-05-31T14:25:02,83.892166,-77.901871,nan
2024-05-31T14:25:01,83.892052,-77.901237,nan
2024-05-31T14:25:01,83.891937,-77.900597,nan
2024-05-31T14:25:00,83.891823,-77.899963,nan
2024-05-31T14:25:00,83.891708,-77.899330,nan
2024-05-31T14:24:59,83.891594,-77.898705,nan
2024-05-31T14:24:59,83.891479,-77.898087,nan
2024-05-31T14:24:58,83.891365,-77.897469,nan
2024-05-31T14:24:58,83.891251,-77.896858,nan
2024-05-31T14:24:57,83.891136,-77.896255,nan
2024-05-31T14:24:57,83.891022,-77.895653,nan
2024-05-31T14:24:56,83.890900,-77.895050,nan
2024-05-31T14:24:56,83.890785,-77.894447,nan
2024-05-31T14:24:55,83.890663,-77.893845,nan
2024-05-31T14:24:55,83.890549,-77.893234,nan
2024-05-31T14:24:54,83.890427,-77.892639,nan
2024-05-31T14:24:54,83.890305,-77.892036,nan
2024-05-31T14:24:53,83.890190,-77.891441,nan
2024-05-31T14:24:53,83.890068,-77.890854,nan
2024-05-31T14:24:52,83.889946,-77.890274,nan
2024-05-31T14:24:52,83.889832,-77.889687,nan
2024-05-31T14:24:51,83.889709,-77.889114,nan
2024-05-31T14:24:51,83.889587,-77.888535,nan
2024-05-31T14:24:50,83.889465,-77.887947,nan
2024-05-31T14:24:50,83.889343,-77.887352,nan
2024-05-31T14:24:49,83.889221,-77.886757,nan
2024-05-31T14:24:49,83.889107,-77.886162,nan
2024-05-31T14:24:48,83.888985,-77.885567,nan
2024-05-31T14:24:48,83.888863,-77.884979,nan
2024-05-31T14:24:47,83.888748,-77.884399,nan
2024-05-31T14:24:47,83.888626,-77.883812,nan
2024-05-31T14:24:46,83.888504,-77.883232,nan
2024-05-31T14:24:46,83.888390,-77.882645,nan
2024-05-31T14:24:45,83.888268,-77.882057,nan
2024-05-31T14:24:45,83.888145,-77.881470,nan
2024-05-31T14:24:44,83.888023,-77.880875,nan
2024-05-31T14:24:44,83.887909,-77.880295,nan
2024-05-31T14:24:43,83.887787,-77.879707,nan
2024-05-31T14:24:43,83.887665,-77.879120,nan
2024-05-31T14:24:42,83.887543,-77.878532,nan
2024-05-31T14:24:42,83.887421,-77.877945,nan
2024-05-31T14:24:41,83.887291,-77.877342,nan
2024-05-31T14:24:41,83.887169,-77.876755,nan
2024-05-31T14:24:40,83.887047,-77.876160,nan
2024-05-31T14:24:40,83.886925,-77.875565,nan
2024-05-31T14:24:39,83.886803,-77.874977,nan
2024-05-31T14:24:39,83.886681,-77.874382,nan
2024-05-31T14:24:38,83.886559,-77.873795,nan
2024-05-31T14:24:38,83.886436,-77.873199,nan
2024-05-31T14:24:37,83.886314,-77.872604,nan
2024-05-31T14:24:37,83.886192,-77.872002,nan
2024-05-31T14:24:36,83.886070,-77.871391,nan
2024-05-31T14:24:36,83.885948,-77.870789,nan
2024-05-31T14:24:35,83.885826,-77.870178,nan
2024-05-31T14:24:35,83.885704,-77.869576,nan
2024-05-31T14:24:34,83.885582,-77.868980,nan
2024-05-31T14:24:34,83.885460,-77.868370,nan
2024-05-31T14:24:33,83.885338,-77.867760,nan
2024-05-31T14:24:33,83.885216,-77.867142,nan
2024-05-31T14:24:32,83.885101,-77.866524,nan
2024-05-31T14:24:32,83.884979,-77.865898,nan
2024-05-31T14:24:31,83.884857,-77.865280,nan
2024-05-31T14:24:31,83.884743,-77.864670,nan
2024-05-31T14:24:30,83.884621,-77.864067,nan
2024-05-31T14:24:30,83.884499,-77.863464,nan
2024-05-31T14:24:29,83.884384,-77.862862,nan
2024-05-31T14:24:29,83.884262,-77.862259,nan
2024-05-31T14:24:28,83.884148,-77.861656,nan
2024-05-31T14:24:28,83.884033,-77.861053,nan
2024-05-31T14:24:27,83.883911,-77.860443,nan
2024-05-31T14:24:27,83.883797,-77.859840,nan
2024-05-31T14:24:26,83.883682,-77.859245,nan
2024-05-31T14:24:26,83.883568,-77.858650,nan
2024-05-31T14:24:25,83.883453,-77.858055,nan
2024-05-31T14:24:24,83.883110,-77.856232,nan
2024-05-31T14:24:23,83.882996,-77.855598,nan
2024-05-31T14:24:23,83.882881,-77.854965,nan
2024-05-31T14:24:22,83.882767,-77.854324,nan
2024-05-31T14:24:22,83.882652,-77.853683,nan
2024-05-31T14:24:21,83.882416,-77.852394,nan
2024-05-31T14:24:20,83.882179,-77.851105,nan
2024-05-31T14:24:19,83.882057,-77.850456,nan
2024-05-31T14:24:19,83.881943,-77.849808,nan
2024-05-31T14:24:18,83.881821,-77.849174,nan
2024-05-31T14:24:18,83.881699,-77.848534,nan
2024-05-31T14:24:17,83.881584,-77.847908,nan
2024-05-31T14:24:17,83.881462,-77.847290,nan
2024-05-31T14:24:16,83.881340,-77.846680,nan
2024-05-31T14:24:16,83.881226,-77.846069,nan
2024-05-31T14:24:15,83.881104,-77.845451,nan
2024-05-31T14:24:15,83.880981,-77.844826,nan
2024-05-31T14:24:14,83.880867,-77.844208,nan
2024-05-31T14:24:14,83.880753,-77.843575,nan
2024-05-31T14:24:13,83.880638,-77.842941,nan
2024-05-31T14:24:13,83.880524,-77.842308,nan
2024-05-31T14:24:12,83.880409,-77.841667,nan
2024-05-31T14:24:12,83.880295,-77.841026,nan
2024-05-31T14:24:11,83.880180,-77.840385,nan
2024-05-31T14:24:11,83.880066,-77.839745,nan
2024-05-31T14:24:10,83.879951,-77.839081,nan
2024-05-31T14:24:10,83.879829,-77.838417,nan
2024-05-31T14:24:09,83.879715,-77.837746,nan
2024-05-31T14:24:09,83.879601,-77.837059,nan
2024-05-31T14:24:08,83.879478,-77.836372,nan
2024-05-31T14:24:08,83.879364,-77.835693,nan
2024-05-31T14:24:07,83.879242,-77.834999,nan
2024-05-31T14:24:07,83.879120,-77.834305,nan
2024-05-31T14:24:06,83.879005,-77.833603,nan
2024-05-31T14:24:06,83.878883,-77.832893,nan
2024-05-31T14:24:05,83.878761,-77.832169,nan
2024-05-31T14:24:05,83.878639,-77.831444,nan
2024-05-31T14:24:04,83.878517,-77.830704,nan
2024-05-31T14:24:04,83.878395,-77.829964,nan
2024-05-31T14:24:03,83.878273,-77.829224,nan
2024-05-31T14:24:03,83.878151,-77.828476,nan
2024-05-31T14:24:02,83.878029,-77.827736,nan
2024-05-31T14:24:02,83.877907,-77.826988,nan
2024-05-31T14:24:01,83.877777,-77.826248,nan
2024-05-31T14:24:01,83.877655,-77.825500,nan
2024-05-31T14:24:00,83.877533,-77.824753,nan
2024-05-31T14:24:00,83.877411,-77.823997,nan
2024-05-31T14:23:59,83.877289,-77.823250,nan
2024-05-31T14:23:59,83.877167,-77.822502,nan
2024-05-31T14:23:58,83.877045,-77.821770,nan
2024-05-31T14:23:58,83.876923,-77.821037,nan
2024-05-31T14:23:57,83.876808,-77.820312,nan
2024-05-31T14:23:57,83.876686,-77.819595,nan
2024-05-31T14:23:56,83.876572,-77.818878,nan
2024-05-31T14:23:56,83.876450,-77.818161,nan
2024-05-31T14:23:55,83.876335,-77.817451,nan
2024-05-31T14:23:55,83.876221,-77.816750,nan
2024-05-31T14:23:54,83.876114,-77.816055,nan
2024-05-31T14:23:54,83.875999,-77.815369,nan
2024-05-31T14:23:53,83.875893,-77.814674,nan
2024-05-31T14:23:53,83.875778,-77.813988,nan
2024-05-31T14:23:52,83.875671,-77.813293,nan
2024-05-31T14:23:52,83.875565,-77.812599,nan
2024-05-31T14:23:51,83.875458,-77.811913,nan
2024-05-31T14:23:51,83.875359,-77.811234,nan
2024-05-31T14:23:50,83.875252,-77.810562,nan
2024-05-31T14:23:50,83.875145,-77.809891,nan
2024-05-31T14:23:49,83.875046,-77.809219,nan
2024-05-31T14:23:49,83.874939,-77.808556,nan
2024-05-31T14:23:48,83.874832,-77.807892,nan
2024-05-31T14:23:48,83.874725,-77.807220,nan
2024-05-31T14:23:47,83.874619,-77.806541,nan
2024-05-31T14:23:47,83.874512,-77.805870,nan
2024-05-31T14:23:46,83.874413,-77.805199,nan
2024-05-31T14:23:46,83.874306,-77.804520,nan
2024-05-31T14:23:45,83.874207,-77.803841,nan
2024-05-31T14:23:45,83.874107,-77.803162,nan
2024-05-31T14:23:44,83.874008,-77.802467,nan
2024-05-31T14:23:44,83.873909,-77.801765,nan
2024-05-31T14:23:43,83.873810,-77.801048,nan
2024-05-31T14:23:43,83.873711,-77.800339,nan
2024-05-31T14:23:42,83.873619,-77.799614,nan
2024-05-31T14:23:42,83.873520,-77.798889,nan
2024-05-31T14:23:41,83.873428,-77.798164,nan
2024-05-31T14:23:41,83.873337,-77.797432,nan
2024-05-31T14:23:40,83.873238,-77.796692,nan
2024-05-31T14:23:40,83.873146,-77.795944,nan
2024-05-31T14:23:39,83.873055,-77.795197,nan
2024-05-31T14:23:39,83.872955,-77.794456,nan
2024-05-31T14:23:38,83.872864,-77.793716,nan
2024-05-31T14:23:38,83.872765,-77.792969,nan
2024-05-31T14:23:37,83.872673,-77.792229,nan
2024-05-31T14:23:37,83.872581,-77.791473,nan
2024-05-31T14:23:36,83.872490,-77.790710,nan
2024-05-31T14:23:36,83.872398,-77.789948,nan
2024-05-31T14:23:35,83.872307,-77.789177,nan
2024-05-31T14:23:35,83.872223,-77.788406,nan
2024-05-31T14:23:34,83.872131,-77.787636,nan
2024-05-31T14:23:34,83.872047,-77.786850,nan
2024-05-31T14:23:33,83.871964,-77.786057,nan
2024-05-31T14:23:33,83.871872,-77.785248,nan
2024-05-31T14:23:32,83.871788,-77.784439,nan
2024-05-31T14:23:32,83.871704,-77.783630,nan
2024-05-31T14:23:31,83.871628,-77.782814,nan
2024-05-31T14:23:31,83.871544,-77.781998,nan
2024-05-31T14:23:30,83.871460,-77.781166,nan
2024-05-31T14:23:30,83.871376,-77.780327,nan
2024-05-31T14:23:29,83.871300,-77.779465,nan
2024-05-31T14:23:29,83.871223,-77.778603,nan
2024-05-31T14:23:28,83.871140,-77.777733,nan
2024-05-31T14:23:28,83.871063,-77.776863,nan
2024-05-31T14:23:27,83.870979,-77.776001,nan
2024-05-31T14:23:27,83.870903,-77.775124,nan
2024-05-31T14:23:26,83.870819,-77.774254,nan
2024-05-31T14:23:26,83.870743,-77.773376,nan
2024-05-31T14:23:25,83.870659,-77.772514,nan
2024-05-31T14:23:25,83.870575,-77.771652,nan
2024-05-31T14:23:24,83.870491,-77.770821,nan
2024-05-31T14:23:24,83.870399,-77.770004,nan
2024-05-31T14:23:23,83.870316,-77.769218,nan
2024-05-31T14:23:23,83.870232,-77.768440,nan
2024-05-31T14:23:22,83.870140,-77.767677,nan
2024-05-31T14:23:22,83.870049,-77.766937,nan
2024-05-31T14:23:21,83.869965,-77.766205,nan
2024-05-31T14:23:21,83.869873,-77.765495,nan
2024-05-31T14:23:20,83.869781,-77.764793,nan
2024-05-31T14:23:20,83.869698,-77.764114,nan
2024-05-31T14:23:19,83.869606,-77.763451,nan
2024-05-31T14:23:19,83.869514,-77.762802,nan
2024-05-31T14:23:18,83.869423,-77.762169,nan
2024-05-31T14:23:18,83.869331,-77.761543,nan
2024-05-31T14:23:17,83.869240,-77.760933,nan
2024-05-31T14:23:17,83.869156,-77.760330,nan
2024-05-31T14:23:16,83.869064,-77.759750,nan
2024-05-31T14:23:16,83.868980,-77.759171,nan
2024-05-31T14:23:15,83.868889,-77.758606,nan
2024-05-31T14:23:15,83.868805,-77.758034,nan
2024-05-31T14:23:14,83.868713,-77.757469,nan
2024-05-31T14:23:14,83.868629,-77.756905,nan
2024-05-31T14:23:13,83.868546,-77.756348,nan
2024-05-31T14:23:13,83.868462,-77.755798,nan
2024-05-31T14:23:12,83.868378,-77.755249,nan
2024-05-31T14:23:12,83.868294,-77.754707,nan
2024-05-31T14:23:11,83.868217,-77.754166,nan
2024-05-31T14:23:11,83.868134,-77.753616,nan
2024-05-31T14:23:10,83.868057,-77.753082,nan
2024-05-31T14:23:10,83.867981,-77.752548,nan
2024-05-31T14:23:09,83.867905,-77.752014,nan
2024-05-31T14:23:09,83.867828,-77.751480,nan
2024-05-31T14:23:08,83.867752,-77.750931,nan
2024-05-31T14:23:08,83.867676,-77.750381,nan
2024-05-31T14:23:07,83.867599,-77.749840,nan
2024-05-31T14:23:07,83.867531,-77.749290,nan
2024-05-31T14:23:06,83.867455,-77.748756,nan
2024-05-31T14:23:06,83.867386,-77.748222,nan
2024-05-31T14:23:05,83.867310,-77.747688,nan
2024-05-31T14:23:05,83.867241,-77.747162,nan
2024-05-31T14:23:04,83.867172,-77.746643,nan
2024-05-31T14:23:04,83.867104,-77.746140,nan
2024-05-31T14:23:03,83.867035,-77.745651,nan
2024-05-31T14:23:03,83.866966,-77.745178,nan
2024-05-31T14:23:02,83.866905,-77.744698,nan
2024-05-31T14:23:02,83.866837,-77.744225,nan
2024-05-31T14:23:01,83.866776,-77.743752,nan
2024-05-31T14:23:01,83.866714,-77.743279,nan
2024-05-31T14:23:00,83.866661,-77.742813,nan
2024-05-31T14:23:00,83.866600,-77.742355,nan
2024-05-31T14:22:59,83.866547,-77.741898,nan
2024-05-31T14:22:59,83.866486,-77.741447,nan
2024-05-31T14:22:58,83.866432,-77.740997,nan
2024-05-31T14:22:58,83.866371,-77.740547,nan
2024-05-31T14:22:57,83.866318,-77.740089,nan
2024-05-31T14:22:57,83.866257,-77.739632,nan
2024-05-31T14:22:56,83.866203,-77.739166,nan
2024-05-31T14:22:56,83.866150,-77.738708,nan
2024-05-31T14:22:55,83.866096,-77.738243,nan
2024-05-31T14:22:55,83.866035,-77.737770,nan
2024-05-31T14:22:54,83.865982,-77.737289,nan
2024-05-31T14:22:54,83.865921,-77.736809,nan
2024-05-31T14:22:53,83.865868,-77.736320,nan
2024-05-31T14:22:53,83.865814,-77.735847,nan
2024-05-31T14:22:52,83.865753,-77.735382,nan
2024-05-31T14:22:52,83.865700,-77.734901,nan
2024-05-31T14:22:51,83.865639,-77.734428,nan
2024-05-31T14:22:51,83.865578,-77.733955,nan
2024-05-31T14:22:50,83.865524,-77.733505,nan
2024-05-31T14:22:50,83.865463,-77.733055,nan
2024-05-31T14:22:49,83.865410,-77.732613,nan
2024-05-31T14:22:49,83.865356,-77.732162,nan
2024-05-31T14:22:48,83.865295,-77.731728,nan
2024-05-31T14:22:48,83.865242,-77.731293,nan
2024-05-31T14:22:47,83.865196,-77.730858,nan
2024-05-31T14:22:47,83.865143,-77.730423,nan
2024-05-31T14:22:46,83.865089,-77.729973,nan
2024-05-31T14:22:46,83.865044,-77.729523,nan
2024-05-31T14:22:45,83.864990,-77.729057,nan
2024-05-31T14:22:45,83.864944,-77.728584,nan
2024-05-31T14:22:44,83.864899,-77.728104,nan
2024-05-31T14:22:44,83.864853,-77.727608,nan
2024-05-31T14:22:43,83.864807,-77.727097,nan
2024-05-31T14:22:43,83.864761,-77.726570,nan
2024-05-31T14:22:42,83.864716,-77.726036,nan
2024-05-31T14:22:42,83.864677,-77.725487,nan
2024-05-31T14:22:41,83.864632,-77.724937,nan
2024-05-31T14:22:41,83.864586,-77.724380,nan
2024-05-31T14:22:40,83.864548,-77.723808,nan
2024-05-31T14:22:40,83.864502,-77.723236,nan
2024-05-31T14:22:39,83.864456,-77.722664,nan
2024-05-31T14:22:39,83.864410,-77.722099,nan
2024-05-31T14:22:38,83.864372,-77.721550,nan
2024-05-31T14:22:38,83.864326,-77.720993,nan
2024-05-31T14:22:37,83.864281,-77.720451,nan
2024-05-31T14:22:37,83.864235,-77.719910,nan
2024-05-31T14:22:36,83.864197,-77.719383,nan
2024-05-31T14:22:36,83.864143,-77.718849,nan
2024-05-31T14:22:35,83.864098,-77.718323,nan
2024-05-31T14:22:35,83.864052,-77.717796,nan
2024-05-31T14:22:34,83.863998,-77.717262,nan
2024-05-31T14:22:34,83.863953,-77.716728,nan
2024-05-31T14:22:33,83.863899,-77.716194,nan
2024-05-31T14:22:33,83.863853,-77.715660,nan
2024-05-31T14:22:32,83.863800,-77.715134,nan
2024-05-31T14:22:32,83.863747,-77.714615,nan
2024-05-31T14:22:31,83.863693,-77.714088,nan
2024-05-31T14:22:31,83.863647,-77.713570,nan
2024-05-31T14:22:30,83.863594,-77.713058,nan
2024-05-31T14:22:30,83.863548,-77.712563,nan
2024-05-31T14:22:29,83.863495,-77.712067,nan
2024-05-31T14:22:29,83.863449,-77.711578,nan
2024-05-31T14:22:28,83.863403,-77.711082,nan
2024-05-31T14:22:28,83.863358,-77.710579,nan
2024-05-31T14:22:27,83.863312,-77.710091,nan
2024-05-31T14:22:27,83.863266,-77.709587,nan
2024-05-31T14:22:26,83.863220,-77.709084,nan
2024-05-31T14:22:26,83.863182,-77.708565,nan
2024-05-31T14:22:25,83.863136,-77.708031,nan
2024-05-31T14:22:25,83.863091,-77.707481,nan
2024-05-31T14:22:24,83.863052,-77.706940,nan
2024-05-31T14:22:24,83.863014,-77.706383,nan
2024-05-31T14:22:23,83.862976,-77.705811,nan
2024-05-31T14:22:23,83.862930,-77.705238,nan
2024-05-31T14:22:22,83.862892,-77.704659,nan
2024-05-31T14:22:22,83.862854,-77.704094,nan
2024-05-31T14:22:21,83.862816,-77.703522,nan
2024-05-31T14:22:21,83.862778,-77.702965,nan
2024-05-31T14:22:20,83.862732,-77.702415,nan
2024-05-31T14:22:20,83.862686,-77.701866,nan
2024-05-31T14:22:19,83.862640,-77.701340,nan
2024-05-31T14:22:19,83.862595,-77.700821,nan
2024-05-31T14:22:18,83.862549,-77.700317,nan
2024-05-31T14:22:18,83.862503,-77.699821,nan
2024-05-31T14:22:17,83.862450,-77.699326,nan
2024-05-31T14:22:17,83.862396,-77.698830,nan
2024-05-31T14:22:16,83.862350,-77.698341,nan
2024-05-31T14:22:16,83.862297,-77.697861,nan
2024-05-31T14:22:15,83.862251,-77.697380,nan
2024-05-31T14:22:15,83.862198,-77.696892,nan
2024-05-31T14:22:14,83.862144,-77.696404,nan
2024-05-31T14:22:14,83.862099,-77.695930,nan
2024-05-31T14:22:13,83.862045,-77.695457,nan
2024-05-31T14:22:13,83.862000,-77.694992,nan
2024-05-31T14:22:12,83.861946,-77.694527,nan
2024-05-31T14:22:12,83.861900,-77.694031,nan
2024-05-31T14:22:11,83.861855,-77.693535,nan
2024-05-31T14:22:11,83.861809,-77.693031,nan
2024-05-31T14:22:10,83.861763,-77.692543,nan
2024-05-31T14:22:10,83.861717,-77.692062,nan
2024-05-31T14:22:09,83.861671,-77.691582,nan
2024-05-31T14:22:09,83.861626,-77.691101,nan
2024-05-31T14:22:08,83.861580,-77.690636,nan
2024-05-31T14:22:08,83.861542,-77.690178,nan
2024-05-31T14:22:07,83.861496,-77.689720,nan
2024-05-31T14:22:07,83.861450,-77.689278,nan
2024-05-31T14:22:06,83.861412,-77.688843,nan
2024-05-31T14:22:06,83.861366,-77.688400,nan
2024-05-31T14:22:05,83.861328,-77.687965,nan
2024-05-31T14:22:05,83.861290,-77.687553,nan
2024-05-31T14:22:04,83.861244,-77.687149,nan
2024-05-31T14:22:04,83.861206,-77.686722,nan
2024-05-31T14:22:03,83.861168,-77.686295,nan
2024-05-31T14:22:03,83.861130,-77.685867,nan
2024-05-31T14:22:02,83.861092,-77.685448,nan
2024-05-31T14:22:02,83.861053,-77.685066,nan
2024-05-31T14:22:01,83.861015,-77.684753,nan
2024-05-31T14:22:01,83.860977,-77.684425,nan
2024-05-31T14:22:00,83.860931,-77.684158,nan
2024-05-31T14:22:00,83.860886,-77.683891,nan
2024-05-31T14:21:59,83.860840,-77.683601,nan
2024-05-31T14:21:59,83.860802,-77.683304,nan
2024-05-31T14:21:58,83.860756,-77.683304,nan
2024-05-31T14:21:58,83.860695,-77.683556,nan
2024-05-31T14:21:57,83.860634,-77.684464,nan
2024-05-31T14:21:57,83.860550,-77.686707,nan
2024-05-31T14:21:56,83.860405,-77.690384,nan
2024-05-31T14:21:56,83.860291,-77.692535,nan
2024-05-31T14:21:51,83.860115,-77.675850,nan
2024-05-31T14:21:51,83.860283,-77.666924,nan
2024-05-31T14:21:50,83.860481,-77.657867,nan
