datetime,lat,lon,elev
2024-08-09T14:47:54,81.251266,-103.022179,nan
2024-08-09T14:47:53,81.251289,-103.022156,nan
2024-08-09T14:47:53,81.251305,-103.022133,nan
2024-08-09T14:47:52,81.251328,-103.022110,nan
2024-08-09T14:47:52,81.251350,-103.022079,nan
2024-08-09T14:47:51,81.251389,-103.022034,nan
2024-08-09T14:47:50,81.251411,-103.022011,nan
2024-08-09T14:47:50,81.251434,-103.021980,nan
2024-08-09T14:47:49,81.251457,-103.021950,nan
2024-08-09T14:47:49,81.251480,-103.021912,nan
2024-08-09T14:47:48,81.251503,-103.021873,nan
2024-08-09T14:47:48,81.251526,-103.021828,nan
2024-08-09T14:47:47,81.251549,-103.021782,nan
2024-08-09T14:47:47,81.251572,-103.021729,nan
2024-08-09T14:47:46,81.251595,-103.021683,nan
2024-08-09T14:47:46,81.251617,-103.021629,nan
2024-08-09T14:47:45,81.251640,-103.021584,nan
2024-08-09T14:47:41,81.251846,-103.021194,nan
2024-08-09T14:47:39,81.251923,-103.021088,nan
2024-08-09T14:47:39,81.251945,-103.021049,nan
2024-08-09T14:47:38,81.251968,-103.021011,nan
2024-08-09T14:47:37,81.252014,-103.020943,nan
2024-08-09T14:47:37,81.252037,-103.020920,nan
2024-08-09T14:47:36,81.252060,-103.020889,nan
2024-08-09T14:47:36,81.252083,-103.020866,nan
2024-08-09T14:47:35,81.252106,-103.020851,nan
2024-08-09T14:47:35,81.252129,-103.020828,nan
2024-08-09T14:47:34,81.252151,-103.020805,nan
2024-08-09T14:47:34,81.252174,-103.020782,nan
2024-08-09T14:47:33,81.252197,-103.020760,nan
2024-08-09T14:47:33,81.252220,-103.020737,nan
2024-08-09T14:47:32,81.252235,-103.020706,nan
2024-08-09T14:47:32,81.252258,-103.020676,nan
2024-08-09T14:47:31,81.252281,-103.020645,nan
2024-08-09T14:47:31,81.252312,-103.020615,nan
2024-08-09T14:47:30,81.252335,-103.020584,nan
2024-08-09T14:47:30,81.252357,-103.020554,nan
2024-08-09T14:47:28,81.252426,-103.020439,nan
2024-08-09T14:47:28,81.252449,-103.020401,nan
2024-08-09T14:47:27,81.252472,-103.020355,nan
2024-08-09T14:47:27,81.252495,-103.020317,nan
2024-08-09T14:47:26,81.252525,-103.020271,nan
2024-08-09T14:47:26,81.252548,-103.020233,nan
2024-08-09T14:47:25,81.252571,-103.020187,nan
2024-08-09T14:47:25,81.252594,-103.020149,nan
2024-08-09T14:47:24,81.252625,-103.020111,nan
2024-08-09T14:47:24,81.252647,-103.020073,nan
2024-08-09T14:47:23,81.252670,-103.020035,nan
2024-08-09T14:47:23,81.252701,-103.019997,nan
2024-08-09T14:47:22,81.252724,-103.019958,nan
2024-08-09T14:47:22,81.252754,-103.019920,nan
2024-08-09T14:47:21,81.252777,-103.019882,nan
2024-08-09T14:47:21,81.252800,-103.019844,nan
2024-08-09T14:47:20,81.252831,-103.019798,nan
2024-08-09T14:47:20,81.252853,-103.019753,nan
2024-08-09T14:47:19,81.252884,-103.019707,nan
2024-08-09T14:47:19,81.252907,-103.019661,nan
2024-08-09T14:47:18,81.252937,-103.019623,nan
2024-08-09T14:47:18,81.252968,-103.019585,nan
2024-08-09T14:47:17,81.252998,-103.019547,nan
2024-08-09T14:47:17,81.253021,-103.019516,nan
2024-08-09T14:47:16,81.253052,-103.019478,nan
2024-08-09T14:47:15,81.253113,-103.019409,nan
2024-08-09T14:47:15,81.253136,-103.019371,nan
2024-08-09T14:47:14,81.253166,-103.019325,nan
2024-08-09T14:47:14,81.253197,-103.019295,nan
2024-08-09T14:47:13,81.253220,-103.019257,nan
2024-08-09T14:47:13,81.253250,-103.019218,nan
2024-08-09T14:47:12,81.253281,-103.019188,nan
2024-08-09T14:47:12,81.253304,-103.019157,nan
2024-08-09T14:47:11,81.253334,-103.019135,nan
2024-08-09T14:47:11,81.253365,-103.019112,nan
2024-08-09T14:47:10,81.253387,-103.019089,nan
2024-08-09T14:47:10,81.253418,-103.019066,nan
2024-08-09T14:47:09,81.253441,-103.019035,nan
2024-08-09T14:47:09,81.253471,-103.019005,nan
2024-08-09T14:47:08,81.253494,-103.018974,nan
2024-08-09T14:47:08,81.253525,-103.018944,nan
2024-08-09T14:47:07,81.253548,-103.018921,nan
2024-08-09T14:47:07,81.253578,-103.018898,nan
2024-08-09T14:47:06,81.253601,-103.018867,nan
2024-08-09T14:47:06,81.253632,-103.018845,nan
2024-08-09T14:47:05,81.253654,-103.018822,nan
2024-08-09T14:47:05,81.253685,-103.018799,nan
2024-08-09T14:47:04,81.253708,-103.018776,nan
2024-08-09T14:47:04,81.253738,-103.018761,nan
2024-08-09T14:47:03,81.253769,-103.018745,nan
2024-08-09T14:47:03,81.253792,-103.018738,nan
2024-08-09T14:47:02,81.253853,-103.018723,nan
2024-08-09T14:47:01,81.253883,-103.018707,nan
2024-08-09T14:47:01,81.253914,-103.018700,nan
2024-08-09T14:47:00,81.253944,-103.018692,nan
2024-08-09T14:47:00,81.253975,-103.018692,nan
2024-08-09T14:46:59,81.254005,-103.018684,nan
2024-08-09T14:46:59,81.254036,-103.018677,nan
2024-08-09T14:46:58,81.254066,-103.018661,nan
2024-08-09T14:46:58,81.254097,-103.018646,nan
2024-08-09T14:46:57,81.254128,-103.018631,nan
2024-08-09T14:46:57,81.254158,-103.018616,nan
2024-08-09T14:46:56,81.254189,-103.018593,nan
2024-08-09T14:46:56,81.254219,-103.018562,nan
2024-08-09T14:46:55,81.254242,-103.018539,nan
2024-08-09T14:46:55,81.254272,-103.018501,nan
2024-08-09T14:46:54,81.254303,-103.018471,nan
2024-08-09T14:46:54,81.254326,-103.018433,nan
2024-08-09T14:46:53,81.254356,-103.018387,nan
2024-08-09T14:46:53,81.254379,-103.018341,nan
2024-08-09T14:46:52,81.254410,-103.018288,nan
2024-08-09T14:46:52,81.254440,-103.018234,nan
2024-08-09T14:46:51,81.254463,-103.018173,nan
2024-08-09T14:46:51,81.254494,-103.018112,nan
2024-08-09T14:46:50,81.254524,-103.018059,nan
2024-08-09T14:46:50,81.254555,-103.017998,nan
2024-08-09T14:46:49,81.254585,-103.017944,nan
2024-08-09T14:46:49,81.254616,-103.017883,nan
2024-08-09T14:46:48,81.254654,-103.017830,nan
2024-08-09T14:46:48,81.254684,-103.017769,nan
2024-08-09T14:46:47,81.254715,-103.017715,nan
2024-08-09T14:46:47,81.254753,-103.017654,nan
2024-08-09T14:46:46,81.254784,-103.017586,nan
2024-08-09T14:46:46,81.254814,-103.017525,nan
2024-08-09T14:46:45,81.254845,-103.017456,nan
2024-08-09T14:46:45,81.254875,-103.017387,nan
2024-08-09T14:46:44,81.254906,-103.017326,nan
2024-08-09T14:46:44,81.254936,-103.017258,nan
2024-08-09T14:46:43,81.254967,-103.017197,nan
2024-08-09T14:46:43,81.254997,-103.017136,nan
2024-08-09T14:46:42,81.255028,-103.017075,nan
2024-08-09T14:46:42,81.255058,-103.017021,nan
2024-08-09T14:46:41,81.255089,-103.016975,nan
2024-08-09T14:46:41,81.255119,-103.016930,nan
2024-08-09T14:46:40,81.255150,-103.016891,nan
2024-08-09T14:46:40,81.255180,-103.016853,nan
2024-08-09T14:46:39,81.255211,-103.016823,nan
2024-08-09T14:46:39,81.255241,-103.016800,nan
2024-08-09T14:46:38,81.255272,-103.016777,nan
2024-08-09T14:46:38,81.255302,-103.016762,nan
2024-08-09T14:46:37,81.255333,-103.016754,nan
2024-08-09T14:46:37,81.255363,-103.016739,nan
2024-08-09T14:46:36,81.255394,-103.016731,nan
2024-08-09T14:46:36,81.255424,-103.016724,nan
2024-08-09T14:46:35,81.255463,-103.016716,nan
2024-08-09T14:46:35,81.255493,-103.016716,nan
2024-08-09T14:46:34,81.255524,-103.016716,nan
2024-08-09T14:46:34,81.255554,-103.016716,nan
2024-08-09T14:46:33,81.255585,-103.016716,nan
2024-08-09T14:46:33,81.255615,-103.016716,nan
2024-08-09T14:46:32,81.255646,-103.016724,nan
2024-08-09T14:46:32,81.255669,-103.016731,nan
2024-08-09T14:46:31,81.255699,-103.016739,nan
2024-08-09T14:46:31,81.255730,-103.016754,nan
2024-08-09T14:46:30,81.255760,-103.016762,nan
2024-08-09T14:46:30,81.255783,-103.016777,nan
2024-08-09T14:46:29,81.255814,-103.016792,nan
2024-08-09T14:46:29,81.255844,-103.016808,nan
2024-08-09T14:46:28,81.255875,-103.016830,nan
2024-08-09T14:46:28,81.255905,-103.016853,nan
2024-08-09T14:46:27,81.255936,-103.016869,nan
2024-08-09T14:46:27,81.255959,-103.016884,nan
2024-08-09T14:46:26,81.255989,-103.016907,nan
2024-08-09T14:46:26,81.256020,-103.016922,nan
2024-08-09T14:46:25,81.256042,-103.016930,nan
2024-08-09T14:46:25,81.256073,-103.016945,nan
2024-08-09T14:46:24,81.256104,-103.016960,nan
2024-08-09T14:46:24,81.256126,-103.016968,nan
2024-08-09T14:46:23,81.256157,-103.016983,nan
2024-08-09T14:46:23,81.256187,-103.016991,nan
2024-08-09T14:46:22,81.256210,-103.016998,nan
2024-08-09T14:46:22,81.256241,-103.017014,nan
2024-08-09T14:46:21,81.256294,-103.017044,nan
2024-08-09T14:46:20,81.256325,-103.017059,nan
2024-08-09T14:46:20,81.256355,-103.017082,nan
2024-08-09T14:46:19,81.256386,-103.017097,nan
2024-08-09T14:46:19,81.256409,-103.017120,nan
2024-08-09T14:46:18,81.256439,-103.017151,nan
2024-08-09T14:46:18,81.256470,-103.017174,nan
2024-08-09T14:46:17,81.256493,-103.017204,nan
2024-08-09T14:46:17,81.256523,-103.017235,nan
2024-08-09T14:46:16,81.256554,-103.017258,nan
2024-08-09T14:46:16,81.256577,-103.017288,nan
2024-08-09T14:46:15,81.256607,-103.017319,nan
2024-08-09T14:46:15,81.256630,-103.017357,nan
2024-08-09T14:46:14,81.256660,-103.017387,nan
2024-08-09T14:46:14,81.256691,-103.017426,nan
2024-08-09T14:46:13,81.256721,-103.017464,nan
2024-08-09T14:46:13,81.256744,-103.017502,nan
2024-08-09T14:46:12,81.256775,-103.017532,nan
2024-08-09T14:46:12,81.256798,-103.017570,nan
2024-08-09T14:46:11,81.256828,-103.017601,nan
2024-08-09T14:46:11,81.256859,-103.017632,nan
2024-08-09T14:46:10,81.256882,-103.017662,nan
2024-08-09T14:46:10,81.256912,-103.017685,nan
2024-08-09T14:46:09,81.256943,-103.017700,nan
2024-08-09T14:46:09,81.256973,-103.017715,nan
2024-08-09T14:46:08,81.257004,-103.017731,nan
2024-08-09T14:46:07,81.257057,-103.017738,nan
2024-08-09T14:46:07,81.257088,-103.017746,nan
2024-08-09T14:46:06,81.257111,-103.017746,nan
2024-08-09T14:46:06,81.257141,-103.017746,nan
2024-08-09T14:46:05,81.257164,-103.017738,nan
2024-08-09T14:46:05,81.257195,-103.017738,nan
2024-08-09T14:46:04,81.257217,-103.017731,nan
2024-08-09T14:46:04,81.257248,-103.017715,nan
2024-08-09T14:46:03,81.257271,-103.017700,nan
2024-08-09T14:46:03,81.257301,-103.017685,nan
2024-08-09T14:46:02,81.257332,-103.017670,nan
2024-08-09T14:46:02,81.257355,-103.017654,nan
2024-08-09T14:46:01,81.257385,-103.017632,nan
2024-08-09T14:46:01,81.257416,-103.017609,nan
2024-08-09T14:46:00,81.257446,-103.017593,nan
2024-08-09T14:46:00,81.257477,-103.017578,nan
2024-08-09T14:45:59,81.257500,-103.017555,nan
2024-08-09T14:45:59,81.257530,-103.017532,nan
2024-08-09T14:45:58,81.257561,-103.017517,nan
2024-08-09T14:45:58,81.257591,-103.017502,nan
2024-08-09T14:45:57,81.257622,-103.017487,nan
2024-08-09T14:45:57,81.257652,-103.017471,nan
2024-08-09T14:45:56,81.257675,-103.017456,nan
2024-08-09T14:45:56,81.257706,-103.017433,nan
2024-08-09T14:45:55,81.257736,-103.017418,nan
2024-08-09T14:45:55,81.257767,-103.017395,nan
2024-08-09T14:45:53,81.257881,-103.017349,nan
2024-08-09T14:45:52,81.257912,-103.017342,nan
2024-08-09T14:45:52,81.257942,-103.017334,nan
2024-08-09T14:45:51,81.257965,-103.017334,nan
2024-08-09T14:45:51,81.257996,-103.017334,nan
2024-08-09T14:45:50,81.258026,-103.017334,nan
2024-08-09T14:45:50,81.258057,-103.017342,nan
2024-08-09T14:45:49,81.258080,-103.017349,nan
2024-08-09T14:45:49,81.258110,-103.017349,nan
2024-08-09T14:45:48,81.258141,-103.017357,nan
2024-08-09T14:45:48,81.258163,-103.017365,nan
2024-08-09T14:45:47,81.258194,-103.017365,nan
2024-08-09T14:45:47,81.258224,-103.017365,nan
2024-08-09T14:45:46,81.258255,-103.017365,nan
2024-08-09T14:45:46,81.258286,-103.017365,nan
2024-08-09T14:45:45,81.258308,-103.017372,nan
2024-08-09T14:45:45,81.258339,-103.017372,nan
2024-08-09T14:45:44,81.258369,-103.017372,nan
2024-08-09T14:45:44,81.258400,-103.017372,nan
2024-08-09T14:45:43,81.258430,-103.017372,nan
2024-08-09T14:45:43,81.258461,-103.017380,nan
2024-08-09T14:45:42,81.258492,-103.017380,nan
2024-08-09T14:45:42,81.258522,-103.017380,nan
2024-08-09T14:45:41,81.258553,-103.017387,nan
2024-08-09T14:45:41,81.258583,-103.017387,nan
2024-08-09T14:45:40,81.258614,-103.017395,nan
2024-08-09T14:45:40,81.258636,-103.017395,nan
2024-08-09T14:45:39,81.258675,-103.017395,nan
2024-08-09T14:45:39,81.258698,-103.017387,nan
2024-08-09T14:45:38,81.258728,-103.017387,nan
2024-08-09T14:45:38,81.258759,-103.017380,nan
2024-08-09T14:45:37,81.258789,-103.017380,nan
2024-08-09T14:45:37,81.258820,-103.017372,nan
2024-08-09T14:45:36,81.258850,-103.017365,nan
2024-08-09T14:45:36,81.258881,-103.017357,nan
2024-08-09T14:45:35,81.258911,-103.017349,nan
2024-08-09T14:45:35,81.258942,-103.017342,nan
2024-08-09T14:45:34,81.258972,-103.017326,nan
2024-08-09T14:45:34,81.259003,-103.017319,nan
2024-08-09T14:45:33,81.259026,-103.017319,nan
2024-08-09T14:45:33,81.259056,-103.017311,nan
2024-08-09T14:45:32,81.259087,-103.017303,nan
2024-08-09T14:45:32,81.259117,-103.017296,nan
2024-08-09T14:45:31,81.259140,-103.017288,nan
2024-08-09T14:45:31,81.259171,-103.017281,nan
2024-08-09T14:45:30,81.259201,-103.017281,nan
2024-08-09T14:45:30,81.259232,-103.017273,nan
2024-08-09T14:45:29,81.259254,-103.017265,nan
2024-08-09T14:45:29,81.259285,-103.017265,nan
2024-08-09T14:45:28,81.259315,-103.017265,nan
2024-08-09T14:45:28,81.259338,-103.017273,nan
2024-08-09T14:45:27,81.259369,-103.017281,nan
2024-08-09T14:45:27,81.259399,-103.017281,nan
2024-08-09T14:45:26,81.259422,-103.017296,nan
2024-08-09T14:45:26,81.259453,-103.017303,nan
2024-08-09T14:45:25,81.259476,-103.017319,nan
2024-08-09T14:45:25,81.259506,-103.017342,nan
2024-08-09T14:45:24,81.259529,-103.017365,nan
2024-08-09T14:45:24,81.259560,-103.017395,nan
2024-08-09T14:45:23,81.259583,-103.017418,nan
2024-08-09T14:45:23,81.259605,-103.017448,nan
2024-08-09T14:45:22,81.259628,-103.017479,nan
2024-08-09T14:45:22,81.259651,-103.017509,nan
2024-08-09T14:45:21,81.259674,-103.017532,nan
2024-08-09T14:45:21,81.259697,-103.017563,nan
2024-08-09T14:45:20,81.259720,-103.017593,nan
2024-08-09T14:45:20,81.259743,-103.017624,nan
2024-08-09T14:45:19,81.259766,-103.017654,nan
2024-08-09T14:45:19,81.259789,-103.017677,nan
2024-08-09T14:45:18,81.259811,-103.017708,nan
2024-08-09T14:45:18,81.259834,-103.017738,nan
2024-08-09T14:45:17,81.259865,-103.017761,nan
2024-08-09T14:45:17,81.259888,-103.017784,nan
2024-08-09T14:45:16,81.259911,-103.017815,nan
2024-08-09T14:45:16,81.259933,-103.017838,nan
2024-08-09T14:45:15,81.259956,-103.017868,nan
2024-08-09T14:45:15,81.259979,-103.017899,nan
2024-08-09T14:45:14,81.260010,-103.017929,nan
2024-08-09T14:45:14,81.260033,-103.017960,nan
2024-08-09T14:45:13,81.260056,-103.017990,nan
2024-08-09T14:45:13,81.260078,-103.018021,nan
2024-08-09T14:45:12,81.260109,-103.018051,nan
2024-08-09T14:45:12,81.260132,-103.018082,nan
2024-08-09T14:45:11,81.260155,-103.018112,nan
2024-08-09T14:45:11,81.260178,-103.018143,nan
2024-08-09T14:45:10,81.260208,-103.018173,nan
2024-08-09T14:45:10,81.260231,-103.018204,nan
2024-08-09T14:45:09,81.260254,-103.018234,nan
2024-08-09T14:45:09,81.260284,-103.018257,nan
2024-08-09T14:45:08,81.260307,-103.018288,nan
2024-08-09T14:45:08,81.260330,-103.018311,nan
2024-08-09T14:45:07,81.260361,-103.018333,nan
2024-08-09T14:45:07,81.260384,-103.018356,nan
2024-08-09T14:45:06,81.260406,-103.018379,nan
2024-08-09T14:45:06,81.260429,-103.018394,nan
2024-08-09T14:45:05,81.260460,-103.018417,nan
2024-08-09T14:45:05,81.260483,-103.018433,nan
2024-08-09T14:45:04,81.260506,-103.018456,nan
2024-08-09T14:45:04,81.260529,-103.018471,nan
2024-08-09T14:45:03,81.260551,-103.018486,nan
2024-08-09T14:45:03,81.260574,-103.018501,nan
2024-08-09T14:45:02,81.260605,-103.018524,nan
2024-08-09T14:45:02,81.260628,-103.018539,nan
2024-08-09T14:45:01,81.260651,-103.018555,nan
2024-08-09T14:45:01,81.260666,-103.018570,nan
2024-08-09T14:45:00,81.260689,-103.018585,nan
2024-08-09T14:45:00,81.260712,-103.018600,nan
2024-08-09T14:44:59,81.260735,-103.018616,nan
2024-08-09T14:44:59,81.260750,-103.018631,nan
2024-08-09T14:44:58,81.260773,-103.018646,nan
2024-08-09T14:44:58,81.260796,-103.018669,nan
2024-08-09T14:44:57,81.260811,-103.018684,nan
2024-08-09T14:44:57,81.260834,-103.018700,nan
2024-08-09T14:44:56,81.260849,-103.018707,nan
2024-08-09T14:44:56,81.260872,-103.018723,nan
2024-08-09T14:44:55,81.260887,-103.018723,nan
2024-08-09T14:44:55,81.260902,-103.018730,nan
2024-08-09T14:44:54,81.260925,-103.018730,nan
2024-08-09T14:44:54,81.260941,-103.018723,nan
2024-08-09T14:44:53,81.260956,-103.018723,nan
2024-08-09T14:44:53,81.260971,-103.018715,nan
2024-08-09T14:44:52,81.260986,-103.018715,nan
2024-08-09T14:44:52,81.261002,-103.018707,nan
2024-08-09T14:44:51,81.261024,-103.018715,nan
2024-08-09T14:44:51,81.261040,-103.018723,nan
2024-08-09T14:44:50,81.261055,-103.018730,nan
2024-08-09T14:44:50,81.261070,-103.018745,nan
2024-08-09T14:44:49,81.261086,-103.018768,nan
2024-08-09T14:44:49,81.261101,-103.018784,nan
2024-08-09T14:44:48,81.261116,-103.018814,nan
2024-08-09T14:44:48,81.261124,-103.018837,nan
2024-08-09T14:44:47,81.261139,-103.018867,nan
2024-08-09T14:44:47,81.261154,-103.018906,nan
2024-08-09T14:44:46,81.261169,-103.018936,nan
2024-08-09T14:44:46,81.261185,-103.018974,nan
2024-08-09T14:44:45,81.261200,-103.019012,nan
2024-08-09T14:44:45,81.261215,-103.019051,nan
2024-08-09T14:44:44,81.261230,-103.019081,nan
2024-08-09T14:44:44,81.261253,-103.019119,nan
2024-08-09T14:44:43,81.261269,-103.019157,nan
2024-08-09T14:44:43,81.261284,-103.019196,nan
2024-08-09T14:44:42,81.261299,-103.019226,nan
2024-08-09T14:44:42,81.261314,-103.019264,nan
2024-08-09T14:44:41,81.261337,-103.019302,nan
2024-08-09T14:44:41,81.261353,-103.019341,nan
2024-08-09T14:44:40,81.261368,-103.019386,nan
2024-08-09T14:44:40,81.261391,-103.019424,nan
2024-08-09T14:44:39,81.261406,-103.019463,nan
2024-08-09T14:44:39,81.261421,-103.019501,nan
2024-08-09T14:44:38,81.261436,-103.019539,nan
2024-08-09T14:44:38,81.261459,-103.019569,nan
2024-08-09T14:44:37,81.261475,-103.019608,nan
2024-08-09T14:44:37,81.261490,-103.019646,nan
2024-08-09T14:44:36,81.261505,-103.019676,nan
2024-08-09T14:44:36,81.261520,-103.019707,nan
2024-08-09T14:44:35,81.261543,-103.019745,nan
2024-08-09T14:44:35,81.261559,-103.019783,nan
2024-08-09T14:44:34,81.261574,-103.019814,nan
2024-08-09T14:44:34,81.261581,-103.019859,nan
2024-08-09T14:44:33,81.261597,-103.019897,nan
2024-08-09T14:44:33,81.261612,-103.019936,nan
2024-08-09T14:44:32,81.261627,-103.019974,nan
2024-08-09T14:44:32,81.261642,-103.020020,nan
2024-08-09T14:44:31,81.261658,-103.020058,nan
2024-08-09T14:44:31,81.261673,-103.020103,nan
2024-08-09T14:44:30,81.261688,-103.020142,nan
2024-08-09T14:44:30,81.261703,-103.020187,nan
2024-08-09T14:44:29,81.261719,-103.020226,nan
2024-08-09T14:44:29,81.261734,-103.020264,nan
2024-08-09T14:44:28,81.261757,-103.020302,nan
2024-08-09T14:44:28,81.261772,-103.020340,nan
2024-08-09T14:44:27,81.261787,-103.020386,nan
2024-08-09T14:44:27,81.261803,-103.020424,nan
2024-08-09T14:44:26,81.261826,-103.020462,nan
2024-08-09T14:44:26,81.261848,-103.020500,nan
2024-08-09T14:44:25,81.261864,-103.020538,nan
2024-08-09T14:44:25,81.261887,-103.020576,nan
2024-08-09T14:44:24,81.261902,-103.020622,nan
2024-08-09T14:44:24,81.261925,-103.020668,nan
2024-08-09T14:44:23,81.261948,-103.020721,nan
2024-08-09T14:44:23,81.261971,-103.020782,nan
2024-08-09T14:44:22,81.261993,-103.020836,nan
2024-08-09T14:44:22,81.262016,-103.020897,nan
2024-08-09T14:44:21,81.262039,-103.020958,nan
2024-08-09T14:44:21,81.262062,-103.021019,nan
2024-08-09T14:44:20,81.262077,-103.021072,nan
2024-08-09T14:44:20,81.262100,-103.021118,nan
2024-08-09T14:44:19,81.262123,-103.021164,nan
2024-08-09T14:44:19,81.262138,-103.021210,nan
2024-08-09T14:44:18,81.262161,-103.021255,nan
2024-08-09T14:44:18,81.262177,-103.021309,nan
2024-08-09T14:44:17,81.262192,-103.021362,nan
2024-08-09T14:44:17,81.262215,-103.021431,nan
2024-08-09T14:44:16,81.262230,-103.021500,nan
2024-08-09T14:44:16,81.262245,-103.021576,nan
2024-08-09T14:44:15,81.262268,-103.021652,nan
2024-08-09T14:44:15,81.262283,-103.021744,nan
2024-08-09T14:44:14,81.262306,-103.021835,nan
2024-08-09T14:44:14,81.262321,-103.021935,nan
2024-08-09T14:44:13,81.262344,-103.022034,nan
2024-08-09T14:44:13,81.262367,-103.022133,nan
2024-08-09T14:44:12,81.262383,-103.022232,nan
2024-08-09T14:44:12,81.262405,-103.022331,nan
2024-08-09T14:44:11,81.262428,-103.022438,nan
2024-08-09T14:44:11,81.262444,-103.022537,nan
2024-08-09T14:44:10,81.262466,-103.022644,nan
2024-08-09T14:44:10,81.262482,-103.022751,nan
2024-08-09T14:44:09,81.262505,-103.022858,nan
2024-08-09T14:44:09,81.262520,-103.022972,nan
2024-08-09T14:44:08,81.262543,-103.023087,nan
2024-08-09T14:44:08,81.262566,-103.023201,nan
2024-08-09T14:44:07,81.262581,-103.023323,nan
2024-08-09T14:44:07,81.262604,-103.023445,nan
2024-08-09T14:44:06,81.262627,-103.023575,nan
2024-08-09T14:44:06,81.262650,-103.023705,nan
2024-08-09T14:44:05,81.262672,-103.023849,nan
2024-08-09T14:44:05,81.262695,-103.023987,nan
2024-08-09T14:44:04,81.262718,-103.024132,nan
2024-08-09T14:44:04,81.262741,-103.024284,nan
2024-08-09T14:44:03,81.262764,-103.024429,nan
2024-08-09T14:44:03,81.262787,-103.024574,nan
2024-08-09T14:44:02,81.262810,-103.024727,nan
2024-08-09T14:44:02,81.262840,-103.024879,nan
2024-08-09T14:44:01,81.262863,-103.025024,nan
2024-08-09T14:44:01,81.262886,-103.025169,nan
2024-08-09T14:44:00,81.262939,-103.025467,nan
2024-08-09T14:43:59,81.262962,-103.025620,nan
2024-08-09T14:43:58,81.263016,-103.025917,nan
2024-08-09T14:43:58,81.263046,-103.026077,nan
2024-08-09T14:43:57,81.263069,-103.026230,nan
2024-08-09T14:43:57,81.263100,-103.026390,nan
2024-08-09T14:43:56,81.263123,-103.026550,nan
2024-08-09T14:43:56,81.263153,-103.026711,nan
2024-08-09T14:43:55,81.263176,-103.026871,nan
2024-08-09T14:43:55,81.263206,-103.027031,nan
2024-08-09T14:43:54,81.263229,-103.027191,nan
2024-08-09T14:43:54,81.263260,-103.027351,nan
2024-08-09T14:43:53,81.263290,-103.027504,nan
2024-08-09T14:43:53,81.263313,-103.027664,nan
2024-08-09T14:43:52,81.263344,-103.027824,nan
2024-08-09T14:43:52,81.263367,-103.027985,nan
2024-08-09T14:43:51,81.263397,-103.028145,nan
2024-08-09T14:43:51,81.263420,-103.028313,nan
2024-08-09T14:43:50,81.263451,-103.028473,nan
2024-08-09T14:43:50,81.263474,-103.028633,nan
2024-08-09T14:43:49,81.263496,-103.028793,nan
2024-08-09T14:43:49,81.263527,-103.028946,nan
2024-08-09T14:43:48,81.263557,-103.029106,nan
2024-08-09T14:43:48,81.263580,-103.029259,nan
2024-08-09T14:43:47,81.263611,-103.029411,nan
2024-08-09T14:43:47,81.263641,-103.029564,nan
2024-08-09T14:43:46,81.263664,-103.029709,nan
2024-08-09T14:43:46,81.263695,-103.029854,nan
2024-08-09T14:43:45,81.263725,-103.030006,nan
2024-08-09T14:43:45,81.263756,-103.030151,nan
2024-08-09T14:43:44,81.263786,-103.030304,nan
2024-08-09T14:43:44,81.263809,-103.030449,nan
2024-08-09T14:43:43,81.263840,-103.030594,nan
2024-08-09T14:43:43,81.263870,-103.030739,nan
2024-08-09T14:43:42,81.263901,-103.030884,nan
2024-08-09T14:43:42,81.263924,-103.031029,nan
2024-08-09T14:43:41,81.263954,-103.031174,nan
2024-08-09T14:43:41,81.263985,-103.031311,nan
2024-08-09T14:43:40,81.264008,-103.031456,nan
2024-08-09T14:43:40,81.264038,-103.031593,nan
2024-08-09T14:43:39,81.264061,-103.031746,nan
2024-08-09T14:43:39,81.264091,-103.031891,nan
2024-08-09T14:43:38,81.264114,-103.032043,nan
2024-08-09T14:43:38,81.264145,-103.032196,nan
2024-08-09T14:43:37,81.264175,-103.032356,nan
2024-08-09T14:43:37,81.264206,-103.032509,nan
2024-08-09T14:43:36,81.264236,-103.032669,nan
2024-08-09T14:43:36,81.264267,-103.032829,nan
2024-08-09T14:43:35,81.264297,-103.032990,nan
2024-08-09T14:43:35,81.264320,-103.033150,nan
2024-08-09T14:43:34,81.264351,-103.033310,nan
2024-08-09T14:43:34,81.264381,-103.033478,nan
2024-08-09T14:43:33,81.264412,-103.033646,nan
2024-08-09T14:43:33,81.264442,-103.033813,nan
2024-08-09T14:43:32,81.264481,-103.033981,nan
2024-08-09T14:43:32,81.264511,-103.034149,nan
2024-08-09T14:43:31,81.264542,-103.034317,nan
2024-08-09T14:43:31,81.264572,-103.034492,nan
2024-08-09T14:43:30,81.264603,-103.034668,nan
2024-08-09T14:43:30,81.264633,-103.034851,nan
2024-08-09T14:43:29,81.264664,-103.035042,nan
2024-08-09T14:43:29,81.264694,-103.035233,nan
2024-08-09T14:43:28,81.264725,-103.035423,nan
2024-08-09T14:43:28,81.264755,-103.035622,nan
2024-08-09T14:43:27,81.264786,-103.035820,nan
2024-08-09T14:43:27,81.264816,-103.036018,nan
2024-08-09T14:43:26,81.264847,-103.036209,nan
2024-08-09T14:43:26,81.264877,-103.036407,nan
2024-08-09T14:43:25,81.264908,-103.036613,nan
2024-08-09T14:43:25,81.264938,-103.036819,nan
2024-08-09T14:43:24,81.264969,-103.037025,nan
2024-08-09T14:43:24,81.265007,-103.037239,nan
2024-08-09T14:43:23,81.265038,-103.037460,nan
2024-08-09T14:43:23,81.265068,-103.037682,nan
2024-08-09T14:43:22,81.265099,-103.037910,nan
2024-08-09T14:43:22,81.265129,-103.038139,nan
2024-08-09T14:43:21,81.265160,-103.038376,nan
2024-08-09T14:43:21,81.265190,-103.038612,nan
2024-08-09T14:43:20,81.265221,-103.038849,nan
2024-08-09T14:43:20,81.265244,-103.039093,nan
2024-08-09T14:43:19,81.265274,-103.039337,nan
2024-08-09T14:43:19,81.265305,-103.039589,nan
2024-08-09T14:43:18,81.265335,-103.039841,nan
2024-08-09T14:43:18,81.265366,-103.040100,nan
2024-08-09T14:43:17,81.265396,-103.040359,nan
2024-08-09T14:43:17,81.265427,-103.040619,nan
2024-08-09T14:43:16,81.265457,-103.040886,nan
2024-08-09T14:43:16,81.265488,-103.041153,nan
2024-08-09T14:43:15,81.265511,-103.041420,nan
2024-08-09T14:43:15,81.265549,-103.041695,nan
2024-08-09T14:43:14,81.265572,-103.041962,nan
2024-08-09T14:43:14,81.265602,-103.042236,nan
2024-08-09T14:43:13,81.265633,-103.042503,nan
2024-08-09T14:43:13,81.265663,-103.042770,nan
2024-08-09T14:43:12,81.265694,-103.043030,nan
2024-08-09T14:43:12,81.265724,-103.043289,nan
2024-08-09T14:43:11,81.265755,-103.043549,nan
2024-08-09T14:43:11,81.265778,-103.043808,nan
2024-08-09T14:43:10,81.265808,-103.044067,nan
2024-08-09T14:43:10,81.265839,-103.044319,nan
2024-08-09T14:43:09,81.265869,-103.044579,nan
2024-08-09T14:43:09,81.265900,-103.044838,nan
2024-08-09T14:43:08,81.265938,-103.045105,nan
2024-08-09T14:43:08,81.265968,-103.045364,nan
2024-08-09T14:43:07,81.265991,-103.045631,nan
2024-08-09T14:43:07,81.266022,-103.045898,nan
2024-08-09T14:43:06,81.266052,-103.046173,nan
2024-08-09T14:43:05,81.266113,-103.046707,nan
2024-08-09T14:43:05,81.266144,-103.046974,nan
2024-08-09T14:43:04,81.266174,-103.047234,nan
2024-08-09T14:43:04,81.266205,-103.047501,nan
2024-08-09T14:43:03,81.266235,-103.047752,nan
2024-08-09T14:43:03,81.266266,-103.048019,nan
2024-08-09T14:43:02,81.266296,-103.048279,nan
2024-08-09T14:43:02,81.266335,-103.048538,nan
2024-08-09T14:43:01,81.266365,-103.048813,nan
2024-08-09T14:43:01,81.266396,-103.049080,nan
2024-08-09T14:43:00,81.266426,-103.049355,nan
2024-08-09T14:43:00,81.266457,-103.049629,nan
2024-08-09T14:42:59,81.266487,-103.049904,nan
2024-08-09T14:42:59,81.266518,-103.050179,nan
2024-08-09T14:42:58,81.266541,-103.050453,nan
2024-08-09T14:42:58,81.266571,-103.050728,nan
2024-08-09T14:42:57,81.266602,-103.051003,nan
2024-08-09T14:42:57,81.266632,-103.051277,nan
2024-08-09T14:42:56,81.266663,-103.051544,nan
2024-08-09T14:42:56,81.266693,-103.051819,nan
2024-08-09T14:42:55,81.266724,-103.052101,nan
2024-08-09T14:42:55,81.266747,-103.052376,nan
2024-08-09T14:42:54,81.266777,-103.052658,nan
2024-08-09T14:42:54,81.266808,-103.052940,nan
2024-08-09T14:42:53,81.266838,-103.053223,nan
2024-08-09T14:42:53,81.266869,-103.053513,nan
2024-08-09T14:42:52,81.266899,-103.053802,nan
2024-08-09T14:42:52,81.266930,-103.054085,nan
2024-08-09T14:42:51,81.266953,-103.054375,nan
2024-08-09T14:42:51,81.266983,-103.054657,nan
2024-08-09T14:42:50,81.267014,-103.054939,nan
2024-08-09T14:42:50,81.267044,-103.055222,nan
2024-08-09T14:42:49,81.267075,-103.055496,nan
2024-08-09T14:42:49,81.267105,-103.055779,nan
2024-08-09T14:42:48,81.267128,-103.056061,nan
2024-08-09T14:42:48,81.267159,-103.056335,nan
2024-08-09T14:42:47,81.267189,-103.056618,nan
2024-08-09T14:42:47,81.267220,-103.056908,nan
2024-08-09T14:42:46,81.267250,-103.057190,nan
2024-08-09T14:42:46,81.267281,-103.057472,nan
2024-08-09T14:42:45,81.267311,-103.057762,nan
2024-08-09T14:42:45,81.267342,-103.058052,nan
2024-08-09T14:42:44,81.267372,-103.058342,nan
2024-08-09T14:42:44,81.267403,-103.058640,nan
2024-08-09T14:42:43,81.267433,-103.058929,nan
2024-08-09T14:42:43,81.267464,-103.059227,nan
2024-08-09T14:42:42,81.267487,-103.059525,nan
2024-08-09T14:42:42,81.267517,-103.059814,nan
2024-08-09T14:42:41,81.267548,-103.060112,nan
2024-08-09T14:42:41,81.267578,-103.060410,nan
2024-08-09T14:42:40,81.267616,-103.060707,nan
2024-08-09T14:42:40,81.267647,-103.061005,nan
2024-08-09T14:42:39,81.267677,-103.061302,nan
2024-08-09T14:42:39,81.267708,-103.061600,nan
2024-08-09T14:42:38,81.267746,-103.061897,nan
2024-08-09T14:42:38,81.267776,-103.062202,nan
2024-08-09T14:42:37,81.267815,-103.062508,nan
2024-08-09T14:42:37,81.267845,-103.062813,nan
2024-08-09T14:42:36,81.267876,-103.063118,nan
2024-08-09T14:42:36,81.267906,-103.063431,nan
2024-08-09T14:42:34,81.268005,-103.064354,nan
2024-08-09T14:42:34,81.268044,-103.064659,nan
2024-08-09T14:42:33,81.268074,-103.064964,nan
2024-08-09T14:42:33,81.268105,-103.065269,nan
2024-08-09T14:42:32,81.268143,-103.065575,nan
2024-08-09T14:42:32,81.268173,-103.065880,nan
2024-08-09T14:42:31,81.268204,-103.066185,nan
2024-08-09T14:42:31,81.268242,-103.066498,nan
2024-08-09T14:42:30,81.268272,-103.066803,nan
2024-08-09T14:42:30,81.268311,-103.067116,nan
2024-08-09T14:42:29,81.268341,-103.067421,nan
2024-08-09T14:42:29,81.268372,-103.067734,nan
2024-08-09T14:42:28,81.268410,-103.068039,nan
2024-08-09T14:42:28,81.268440,-103.068344,nan
2024-08-09T14:42:27,81.268471,-103.068657,nan
2024-08-09T14:42:27,81.268501,-103.068962,nan
2024-08-09T14:42:26,81.268539,-103.069275,nan
2024-08-09T14:42:26,81.268570,-103.069588,nan
2024-08-09T14:42:25,81.268600,-103.069908,nan
2024-08-09T14:42:25,81.268639,-103.070229,nan
2024-08-09T14:42:24,81.268669,-103.070557,nan
2024-08-09T14:42:24,81.268700,-103.070885,nan
2024-08-09T14:42:23,81.268730,-103.071213,nan
2024-08-09T14:42:23,81.268761,-103.071548,nan
2024-08-09T14:42:22,81.268791,-103.071877,nan
2024-08-09T14:42:22,81.268822,-103.072205,nan
2024-08-09T14:42:21,81.268852,-103.072533,nan
2024-08-09T14:42:21,81.268883,-103.072861,nan
2024-08-09T14:42:20,81.268913,-103.073189,nan
2024-08-09T14:42:20,81.268944,-103.073517,nan
2024-08-09T14:42:19,81.268974,-103.073845,nan
2024-08-09T14:42:19,81.269005,-103.074181,nan
2024-08-09T14:42:18,81.269035,-103.074509,nan
2024-08-09T14:42:18,81.269066,-103.074844,nan
2024-08-09T14:42:17,81.269096,-103.075188,nan
2024-08-09T14:42:17,81.269127,-103.075523,nan
2024-08-09T14:42:16,81.269157,-103.075867,nan
2024-08-09T14:42:16,81.269180,-103.076202,nan
2024-08-09T14:42:15,81.269211,-103.076538,nan
2024-08-09T14:42:15,81.269241,-103.076874,nan
2024-08-09T14:42:14,81.269272,-103.077202,nan
2024-08-09T14:42:14,81.269295,-103.077538,nan
2024-08-09T14:42:13,81.269325,-103.077873,nan
2024-08-09T14:42:13,81.269356,-103.078209,nan
2024-08-09T14:42:12,81.269386,-103.078545,nan
2024-08-09T14:42:12,81.269409,-103.078888,nan
2024-08-09T14:42:11,81.269440,-103.079231,nan
2024-08-09T14:42:11,81.269470,-103.079582,nan
2024-08-09T14:42:10,81.269493,-103.079933,nan
2024-08-09T14:42:10,81.269524,-103.080284,nan
2024-08-09T14:42:09,81.269547,-103.080635,nan
2024-08-09T14:42:09,81.269577,-103.080994,nan
2024-08-09T14:42:08,81.269600,-103.081345,nan
2024-08-09T14:42:08,81.269630,-103.081696,nan
2024-08-09T14:42:07,81.269653,-103.082054,nan
2024-08-09T14:42:07,81.269684,-103.082405,nan
2024-08-09T14:42:06,81.269707,-103.082756,nan
2024-08-09T14:42:06,81.269737,-103.083115,nan
2024-08-09T14:42:05,81.269760,-103.083466,nan
2024-08-09T14:42:05,81.269791,-103.083832,nan
2024-08-09T14:42:04,81.269821,-103.084190,nan
2024-08-09T14:42:04,81.269844,-103.084557,nan
2024-08-09T14:42:03,81.269875,-103.084930,nan
2024-08-09T14:42:03,81.269897,-103.085297,nan
2024-08-09T14:42:02,81.269928,-103.085670,nan
2024-08-09T14:42:02,81.269951,-103.086044,nan
2024-08-09T14:42:01,81.269981,-103.086411,nan
2024-08-09T14:42:01,81.270004,-103.086784,nan
2024-08-09T14:42:00,81.270035,-103.087151,nan
2024-08-09T14:42:00,81.270058,-103.087517,nan
2024-08-09T14:41:59,81.270088,-103.087883,nan
2024-08-09T14:41:59,81.270119,-103.088257,nan
2024-08-09T14:41:58,81.270149,-103.088631,nan
2024-08-09T14:41:58,81.270172,-103.089005,nan
2024-08-09T14:41:57,81.270203,-103.089378,nan
2024-08-09T14:41:57,81.270233,-103.089752,nan
2024-08-09T14:41:56,81.270264,-103.090126,nan
2024-08-09T14:41:56,81.270287,-103.090500,nan
2024-08-09T14:41:55,81.270317,-103.090866,nan
2024-08-09T14:41:55,81.270348,-103.091240,nan
2024-08-09T14:41:54,81.270378,-103.091614,nan
2024-08-09T14:41:54,81.270409,-103.091980,nan
2024-08-09T14:41:53,81.270439,-103.092354,nan
2024-08-09T14:41:53,81.270470,-103.092728,nan
2024-08-09T14:41:52,81.270500,-103.093094,nan
2024-08-09T14:41:52,81.270531,-103.093475,nan
2024-08-09T14:41:51,81.270561,-103.093857,nan
2024-08-09T14:41:51,81.270592,-103.094238,nan
2024-08-09T14:41:50,81.270622,-103.094620,nan
2024-08-09T14:41:50,81.270653,-103.095009,nan
2024-08-09T14:41:49,81.270683,-103.095398,nan
2024-08-09T14:41:49,81.270714,-103.095787,nan
2024-08-09T14:41:48,81.270744,-103.096176,nan
2024-08-09T14:41:48,81.270767,-103.096573,nan
2024-08-09T14:41:47,81.270798,-103.096962,nan
2024-08-09T14:41:47,81.270828,-103.097351,nan
2024-08-09T14:41:46,81.270859,-103.097740,nan
2024-08-09T14:41:46,81.270889,-103.098129,nan
2024-08-09T14:41:45,81.270920,-103.098518,nan
2024-08-09T14:41:45,81.270950,-103.098915,nan
2024-08-09T14:41:44,81.270988,-103.099304,nan
2024-08-09T14:41:44,81.271019,-103.099701,nan
2024-08-09T14:41:43,81.271049,-103.100098,nan
2024-08-09T14:41:43,81.271080,-103.100487,nan
2024-08-09T14:41:42,81.271111,-103.100883,nan
2024-08-09T14:41:42,81.271141,-103.101280,nan
2024-08-09T14:41:41,81.271179,-103.101669,nan
2024-08-09T14:41:41,81.271210,-103.102066,nan
2024-08-09T14:41:40,81.271240,-103.102463,nan
2024-08-09T14:41:40,81.271271,-103.102859,nan
2024-08-09T14:41:39,81.271309,-103.103249,nan
2024-08-09T14:41:39,81.271339,-103.103645,nan
2024-08-09T14:41:38,81.271378,-103.104050,nan
2024-08-09T14:41:38,81.271416,-103.104446,nan
2024-08-09T14:41:37,81.271446,-103.104851,nan
2024-08-09T14:41:37,81.271484,-103.105255,nan
2024-08-09T14:41:36,81.271523,-103.105659,nan
2024-08-09T14:41:36,81.271553,-103.106071,nan
2024-08-09T14:41:35,81.271591,-103.106483,nan
2024-08-09T14:41:35,81.271622,-103.106903,nan
2024-08-09T14:41:34,81.271660,-103.107323,nan
2024-08-09T14:41:34,81.271698,-103.107742,nan
2024-08-09T14:41:33,81.271729,-103.108154,nan
2024-08-09T14:41:33,81.271767,-103.108574,nan
2024-08-09T14:41:32,81.271805,-103.108994,nan
2024-08-09T14:41:32,81.271843,-103.109413,nan
2024-08-09T14:41:31,81.271873,-103.109840,nan
2024-08-09T14:41:31,81.271912,-103.110260,nan
2024-08-09T14:41:30,81.271950,-103.110687,nan
2024-08-09T14:41:30,81.271988,-103.111115,nan
2024-08-09T14:41:29,81.272018,-103.111549,nan
2024-08-09T14:41:29,81.272057,-103.111977,nan
2024-08-09T14:41:28,81.272095,-103.112404,nan
2024-08-09T14:41:28,81.272125,-103.112831,nan
2024-08-09T14:41:27,81.272163,-103.113258,nan
2024-08-09T14:41:27,81.272202,-103.113686,nan
2024-08-09T14:41:26,81.272240,-103.114120,nan
2024-08-09T14:41:26,81.272270,-103.114548,nan
2024-08-09T14:41:25,81.272308,-103.114983,nan
2024-08-09T14:41:25,81.272346,-103.115425,nan
2024-08-09T14:41:24,81.272385,-103.115860,nan
2024-08-09T14:41:24,81.272423,-103.116302,nan
2024-08-09T14:41:23,81.272461,-103.116753,nan
2024-08-09T14:41:23,81.272499,-103.117203,nan
2024-08-09T14:41:22,81.272537,-103.117661,nan
2024-08-09T14:41:22,81.272575,-103.118111,nan
2024-08-09T14:41:21,81.272614,-103.118576,nan
2024-08-09T14:41:21,81.272652,-103.119034,nan
2024-08-09T14:41:20,81.272697,-103.119499,nan
2024-08-09T14:41:20,81.272736,-103.119972,nan
2024-08-09T14:41:19,81.272774,-103.120438,nan
2024-08-09T14:41:19,81.272820,-103.120911,nan
2024-08-09T14:41:18,81.272858,-103.121391,nan
2024-08-09T14:41:18,81.272903,-103.121872,nan
2024-08-09T14:41:17,81.272942,-103.122360,nan
2024-08-09T14:41:17,81.272987,-103.122849,nan
2024-08-09T14:41:16,81.273026,-103.123337,nan
2024-08-09T14:41:16,81.273064,-103.123833,nan
2024-08-09T14:41:15,81.273109,-103.124329,nan
2024-08-09T14:41:15,81.273148,-103.124825,nan
2024-08-09T14:41:14,81.273193,-103.125320,nan
2024-08-09T14:41:14,81.273232,-103.125816,nan
2024-08-09T14:41:13,81.273270,-103.126320,nan
2024-08-09T14:41:13,81.273315,-103.126816,nan
2024-08-09T14:41:12,81.273361,-103.127319,nan
2024-08-09T14:41:12,81.273399,-103.127831,nan
2024-08-09T14:41:11,81.273445,-103.128349,nan
2024-08-09T14:41:11,81.273491,-103.128860,nan
2024-08-09T14:41:10,81.273537,-103.129387,nan
2024-08-09T14:41:10,81.273575,-103.129913,nan
2024-08-09T14:41:09,81.273621,-103.130440,nan
2024-08-09T14:41:09,81.273659,-103.130974,nan
2024-08-09T14:41:08,81.273705,-103.131508,nan
2024-08-09T14:41:08,81.273743,-103.132034,nan
2024-08-09T14:41:07,81.273781,-103.132561,nan
2024-08-09T14:41:07,81.273827,-103.133095,nan
2024-08-09T14:41:06,81.273865,-103.133614,nan
2024-08-09T14:41:06,81.273911,-103.134140,nan
2024-08-09T14:41:05,81.273956,-103.134666,nan
2024-08-09T14:41:05,81.273994,-103.135201,nan
2024-08-09T14:41:04,81.274040,-103.135735,nan
2024-08-09T14:41:04,81.274086,-103.136269,nan
2024-08-09T14:41:03,81.274132,-103.136803,nan
2024-08-09T14:41:03,81.274178,-103.137344,nan
2024-08-09T14:41:02,81.274216,-103.137894,nan
2024-08-09T14:41:02,81.274261,-103.138435,nan
2024-08-09T14:41:01,81.274307,-103.138992,nan
2024-08-09T14:41:01,81.274353,-103.139542,nan
2024-08-09T14:41:00,81.274399,-103.140099,nan
2024-08-09T14:41:00,81.274437,-103.140656,nan
2024-08-09T14:40:59,81.274483,-103.141212,nan
2024-08-09T14:40:59,81.274529,-103.141769,nan
2024-08-09T14:40:58,81.274574,-103.142326,nan
2024-08-09T14:40:58,81.274620,-103.142883,nan
2024-08-09T14:40:57,81.274658,-103.143448,nan
2024-08-09T14:40:57,81.274704,-103.144012,nan
2024-08-09T14:40:56,81.274750,-103.144585,nan
2024-08-09T14:40:56,81.274796,-103.145149,nan
2024-08-09T14:40:55,81.274841,-103.145721,nan
2024-08-09T14:40:55,81.274887,-103.146294,nan
2024-08-09T14:40:54,81.274933,-103.146866,nan
2024-08-09T14:40:54,81.274971,-103.147438,nan
2024-08-09T14:40:53,81.275017,-103.148010,nan
2024-08-09T14:40:53,81.275063,-103.148582,nan
2024-08-09T14:40:52,81.275108,-103.149155,nan
2024-08-09T14:40:52,81.275146,-103.149727,nan
2024-08-09T14:40:51,81.275192,-103.150299,nan
2024-08-09T14:40:51,81.275238,-103.150879,nan
2024-08-09T14:40:50,81.275284,-103.151459,nan
2024-08-09T14:40:50,81.275330,-103.152039,nan
2024-08-09T14:40:49,81.275375,-103.152618,nan
2024-08-09T14:40:49,81.275421,-103.153198,nan
2024-08-09T14:40:48,81.275467,-103.153778,nan
2024-08-09T14:40:48,81.275513,-103.154358,nan
2024-08-09T14:40:47,81.275551,-103.154945,nan
2024-08-09T14:40:47,81.275597,-103.155525,nan
2024-08-09T14:40:46,81.275642,-103.156105,nan
2024-08-09T14:40:46,81.275688,-103.156685,nan
2024-08-09T14:40:45,81.275734,-103.157265,nan
2024-08-09T14:40:45,81.275780,-103.157852,nan
2024-08-09T14:40:44,81.275826,-103.158432,nan
2024-08-09T14:40:44,81.275871,-103.159019,nan
2024-08-09T14:40:43,81.275917,-103.159615,nan
2024-08-09T14:40:43,81.275963,-103.160202,nan
2024-08-09T14:40:42,81.276009,-103.160805,nan
2024-08-09T14:40:42,81.276054,-103.161400,nan
2024-08-09T14:40:41,81.276100,-103.162003,nan
2024-08-09T14:40:41,81.276146,-103.162605,nan
2024-08-09T14:40:40,81.276192,-103.163200,nan
2024-08-09T14:40:40,81.276237,-103.163803,nan
2024-08-09T14:40:39,81.276283,-103.164398,nan
2024-08-09T14:40:39,81.276337,-103.164993,nan
2024-08-09T14:40:38,81.276382,-103.165588,nan
2024-08-09T14:40:38,81.276428,-103.166191,nan
2024-08-09T14:40:37,81.276482,-103.166786,nan
2024-08-09T14:40:37,81.276527,-103.167389,nan
2024-08-09T14:40:36,81.276573,-103.167992,nan
2024-08-09T14:40:36,81.276619,-103.168594,nan
2024-08-09T14:40:35,81.276672,-103.169189,nan
2024-08-09T14:40:35,81.276718,-103.169792,nan
2024-08-09T14:40:34,81.276764,-103.170395,nan
2024-08-09T14:40:34,81.276810,-103.170998,nan
2024-08-09T14:40:33,81.276863,-103.171600,nan
2024-08-09T14:40:33,81.276909,-103.172203,nan
2024-08-09T14:40:32,81.276955,-103.172813,nan
2024-08-09T14:40:32,81.277008,-103.173416,nan
2024-08-09T14:40:31,81.277054,-103.174026,nan
2024-08-09T14:40:31,81.277100,-103.174637,nan
2024-08-09T14:40:30,81.277145,-103.175247,nan
2024-08-09T14:40:30,81.277199,-103.175865,nan
2024-08-09T14:40:29,81.277245,-103.176476,nan
2024-08-09T14:40:29,81.277290,-103.177094,nan
2024-08-09T14:40:28,81.277336,-103.177704,nan
2024-08-09T14:40:28,81.277382,-103.178322,nan
2024-08-09T14:40:27,81.277428,-103.178932,nan
2024-08-09T14:40:27,81.277481,-103.179558,nan
2024-08-09T14:40:26,81.277527,-103.180183,nan
2024-08-09T14:40:26,81.277573,-103.180809,nan
2024-08-09T14:40:25,81.277618,-103.181442,nan
2024-08-09T14:40:25,81.277664,-103.182076,nan
2024-08-09T14:40:24,81.277710,-103.182709,nan
2024-08-09T14:40:24,81.277756,-103.183334,nan
2024-08-09T14:40:23,81.277802,-103.183968,nan
2024-08-09T14:40:23,81.277847,-103.184593,nan
2024-08-09T14:40:22,81.277893,-103.185226,nan
2024-08-09T14:40:22,81.277939,-103.185860,nan
2024-08-09T14:40:21,81.277985,-103.186485,nan
2024-08-09T14:40:21,81.278038,-103.187119,nan
2024-08-09T14:40:20,81.278084,-103.187752,nan
2024-08-09T14:40:20,81.278130,-103.188385,nan
2024-08-09T14:40:19,81.278175,-103.189026,nan
2024-08-09T14:40:19,81.278221,-103.189659,nan
2024-08-09T14:40:18,81.278267,-103.190300,nan
2024-08-09T14:40:18,81.278313,-103.190941,nan
2024-08-09T14:40:17,81.278358,-103.191582,nan
2024-08-09T14:40:17,81.278404,-103.192223,nan
2024-08-09T14:40:16,81.278450,-103.192863,nan
2024-08-09T14:40:16,81.278503,-103.193504,nan
2024-08-09T14:40:15,81.278549,-103.194153,nan
2024-08-09T14:40:15,81.278595,-103.194801,nan
2024-08-09T14:40:14,81.278648,-103.195457,nan
2024-08-09T14:40:14,81.278694,-103.196121,nan
2024-08-09T14:40:13,81.278748,-103.196793,nan
2024-08-09T14:40:13,81.278793,-103.197464,nan
2024-08-09T14:40:12,81.278847,-103.198151,nan
2024-08-09T14:40:12,81.278900,-103.198837,nan
2024-08-09T14:40:11,81.278954,-103.199532,nan
2024-08-09T14:40:11,81.279007,-103.200233,nan
2024-08-09T14:40:10,81.279068,-103.200943,nan
2024-08-09T14:40:10,81.279121,-103.201653,nan
2024-08-09T14:40:09,81.279182,-103.202377,nan
2024-08-09T14:40:09,81.279236,-103.203102,nan
2024-08-09T14:40:08,81.279289,-103.203835,nan
2024-08-09T14:40:08,81.279350,-103.204567,nan
2024-08-09T14:40:07,81.279404,-103.205299,nan
2024-08-09T14:40:07,81.279457,-103.206039,nan
2024-08-09T14:40:06,81.279510,-103.206772,nan
2024-08-09T14:40:06,81.279572,-103.207504,nan
2024-08-09T14:40:05,81.279625,-103.208244,nan
2024-08-09T14:40:05,81.279678,-103.208977,nan
2024-08-09T14:40:04,81.279793,-103.210464,nan
2024-08-09T14:40:03,81.279846,-103.211205,nan
2024-08-09T14:40:03,81.279900,-103.211960,nan
2024-08-09T14:40:02,81.279961,-103.212708,nan
2024-08-09T14:40:02,81.280014,-103.213463,nan
2024-08-09T14:40:01,81.280067,-103.214211,nan
2024-08-09T14:40:01,81.280128,-103.214966,nan
2024-08-09T14:40:00,81.280182,-103.215729,nan
2024-08-09T14:40:00,81.280243,-103.216492,nan
2024-08-09T14:39:59,81.280304,-103.217255,nan
2024-08-09T14:39:59,81.280357,-103.218025,nan
2024-08-09T14:39:58,81.280418,-103.218803,nan
2024-08-09T14:39:58,81.280479,-103.219582,nan
2024-08-09T14:39:57,81.280540,-103.220367,nan
2024-08-09T14:39:57,81.280602,-103.221153,nan
2024-08-09T14:39:56,81.280655,-103.221939,nan
2024-08-09T14:39:56,81.280716,-103.222733,nan
2024-08-09T14:39:55,81.280777,-103.223518,nan
2024-08-09T14:39:55,81.280830,-103.224312,nan
2024-08-09T14:39:54,81.280891,-103.225105,nan
2024-08-09T14:39:54,81.280952,-103.225906,nan
2024-08-09T14:39:53,81.281013,-103.226707,nan
2024-08-09T14:39:53,81.281082,-103.227516,nan
2024-08-09T14:39:52,81.281143,-103.228325,nan
2024-08-09T14:39:52,81.281204,-103.229141,nan
2024-08-09T14:39:51,81.281265,-103.229958,nan
2024-08-09T14:39:51,81.281326,-103.230782,nan
2024-08-09T14:39:50,81.281387,-103.231598,nan
2024-08-09T14:39:50,81.281448,-103.232422,nan
2024-08-09T14:39:49,81.281517,-103.233238,nan
2024-08-09T14:39:49,81.281578,-103.234062,nan
2024-08-09T14:39:48,81.281639,-103.234894,nan
2024-08-09T14:39:48,81.281708,-103.235718,nan
2024-08-09T14:39:47,81.281769,-103.236549,nan
2024-08-09T14:39:47,81.281837,-103.237389,nan
2024-08-09T14:39:46,81.281898,-103.238235,nan
2024-08-09T14:39:46,81.281960,-103.239075,nan
2024-08-09T14:39:45,81.282028,-103.239929,nan
2024-08-09T14:39:45,81.282089,-103.240776,nan
2024-08-09T14:39:44,81.282158,-103.241623,nan
2024-08-09T14:39:44,81.282219,-103.242477,nan
2024-08-09T14:39:43,81.282288,-103.243324,nan
2024-08-09T14:39:43,81.282349,-103.244179,nan
2024-08-09T14:39:42,81.282417,-103.245026,nan
2024-08-09T14:39:42,81.282478,-103.245880,nan
2024-08-09T14:39:41,81.282547,-103.246735,nan
2024-08-09T14:39:41,81.282616,-103.247589,nan
2024-08-09T14:39:40,81.282677,-103.248444,nan
2024-08-09T14:39:40,81.282745,-103.249298,nan
2024-08-09T14:39:39,81.282814,-103.250153,nan
2024-08-09T14:39:39,81.282875,-103.251015,nan
2024-08-09T14:39:38,81.282944,-103.251869,nan
2024-08-09T14:39:38,81.283012,-103.252731,nan
2024-08-09T14:39:37,81.283073,-103.253586,nan
2024-08-09T14:39:37,81.283142,-103.254448,nan
2024-08-09T14:39:36,81.283203,-103.255310,nan
2024-08-09T14:39:36,81.283272,-103.256180,nan
2024-08-09T14:39:35,81.283340,-103.257050,nan
2024-08-09T14:39:35,81.283401,-103.257919,nan
2024-08-09T14:39:34,81.283470,-103.258789,nan
2024-08-09T14:39:34,81.283531,-103.259666,nan
2024-08-09T14:39:33,81.283600,-103.260551,nan
2024-08-09T14:39:33,81.283669,-103.261436,nan
2024-08-09T14:39:32,81.283730,-103.262329,nan
2024-08-09T14:39:32,81.283798,-103.263222,nan
2024-08-09T14:39:31,81.283859,-103.264122,nan
2024-08-09T14:39:31,81.283928,-103.265015,nan
2024-08-09T14:39:30,81.283997,-103.265915,nan
2024-08-09T14:39:30,81.284058,-103.266808,nan
2024-08-09T14:39:29,81.284126,-103.267708,nan
2024-08-09T14:39:29,81.284195,-103.268600,nan
2024-08-09T14:39:28,81.284256,-103.269501,nan
2024-08-09T14:39:28,81.284325,-103.270401,nan
2024-08-09T14:39:27,81.284393,-103.271301,nan
2024-08-09T14:39:27,81.284462,-103.272202,nan
2024-08-09T14:39:26,81.284523,-103.273109,nan
2024-08-09T14:39:26,81.284592,-103.274010,nan
2024-08-09T14:39:25,81.284660,-103.274918,nan
2024-08-09T14:39:25,81.284729,-103.275818,nan
2024-08-09T14:39:24,81.284798,-103.276726,nan
2024-08-09T14:39:24,81.284866,-103.277634,nan
2024-08-09T14:39:23,81.284935,-103.278542,nan
2024-08-09T14:39:23,81.285004,-103.279457,nan
2024-08-09T14:39:22,81.285072,-103.280373,nan
2024-08-09T14:39:22,81.285149,-103.281288,nan
2024-08-09T14:39:21,81.285217,-103.282204,nan
2024-08-09T14:39:21,81.285286,-103.283127,nan
2024-08-09T14:39:20,81.285362,-103.284050,nan
2024-08-09T14:39:20,81.285431,-103.284981,nan
2024-08-09T14:39:19,81.285500,-103.285904,nan
2024-08-09T14:39:19,81.285576,-103.286842,nan
2024-08-09T14:39:18,81.285645,-103.287773,nan
2024-08-09T14:39:18,81.285713,-103.288719,nan
2024-08-09T14:39:17,81.285789,-103.289665,nan
2024-08-09T14:39:17,81.285858,-103.290627,nan
2024-08-09T14:39:16,81.285927,-103.291588,nan
2024-08-09T14:39:16,81.286003,-103.292564,nan
2024-08-09T14:39:15,81.286072,-103.293533,nan
2024-08-09T14:39:15,81.286140,-103.294510,nan
2024-08-09T14:39:14,81.286209,-103.295486,nan
2024-08-09T14:39:14,81.286278,-103.296471,nan
2024-08-09T14:39:13,81.286346,-103.297455,nan
2024-08-09T14:39:13,81.286415,-103.298431,nan
2024-08-09T14:39:12,81.286484,-103.299408,nan
2024-08-09T14:39:12,81.286552,-103.300385,nan
2024-08-09T14:39:11,81.286621,-103.301369,nan
2024-08-09T14:39:11,81.286690,-103.302345,nan
2024-08-09T14:39:10,81.286758,-103.303329,nan
2024-08-09T14:39:10,81.286827,-103.304314,nan
2024-08-09T14:39:09,81.286903,-103.305298,nan
2024-08-09T14:39:09,81.286972,-103.306282,nan
2024-08-09T14:39:08,81.287041,-103.307266,nan
2024-08-09T14:39:08,81.287109,-103.308250,nan
2024-08-09T14:39:07,81.287178,-103.309235,nan
2024-08-09T14:39:07,81.287247,-103.310219,nan
2024-08-09T14:39:06,81.287323,-103.311203,nan
2024-08-09T14:39:06,81.287392,-103.312187,nan
2024-08-09T14:39:05,81.287460,-103.313171,nan
2024-08-09T14:39:05,81.287537,-103.314163,nan
2024-08-09T14:39:04,81.287605,-103.315147,nan
2024-08-09T14:39:04,81.287674,-103.316139,nan
2024-08-09T14:39:03,81.287743,-103.317123,nan
2024-08-09T14:39:03,81.287811,-103.318115,nan
2024-08-09T14:39:02,81.287888,-103.319099,nan
2024-08-09T14:39:02,81.287956,-103.320076,nan
2024-08-09T14:39:01,81.288025,-103.321060,nan
2024-08-09T14:39:01,81.288094,-103.322044,nan
2024-08-09T14:39:00,81.288170,-103.323029,nan
2024-08-09T14:39:00,81.288239,-103.324013,nan
2024-08-09T14:38:59,81.288307,-103.324997,nan
2024-08-09T14:38:59,81.288376,-103.325981,nan
2024-08-09T14:38:58,81.288445,-103.326965,nan
2024-08-09T14:38:58,81.288513,-103.327957,nan
2024-08-09T14:38:57,81.288582,-103.328934,nan
2024-08-09T14:38:57,81.288651,-103.329918,nan
2024-08-09T14:38:56,81.288719,-103.330910,nan
2024-08-09T14:38:56,81.288788,-103.331894,nan
2024-08-09T14:38:55,81.288849,-103.332886,nan
2024-08-09T14:38:55,81.288918,-103.333878,nan
2024-08-09T14:38:54,81.288986,-103.334869,nan
2024-08-09T14:38:54,81.289047,-103.335869,nan
2024-08-09T14:38:53,81.289116,-103.336868,nan
2024-08-09T14:38:53,81.289177,-103.337868,nan
2024-08-09T14:38:52,81.289246,-103.338867,nan
2024-08-09T14:38:52,81.289307,-103.339867,nan
2024-08-09T14:38:51,81.289375,-103.340874,nan
2024-08-09T14:38:51,81.289436,-103.341881,nan
2024-08-09T14:38:50,81.289505,-103.342888,nan
2024-08-09T14:38:50,81.289566,-103.343903,nan
2024-08-09T14:38:49,81.289635,-103.344925,nan
2024-08-09T14:38:49,81.289696,-103.345947,nan
2024-08-09T14:38:48,81.289764,-103.346977,nan
2024-08-09T14:38:48,81.289825,-103.348015,nan
2024-08-09T14:38:47,81.289894,-103.349052,nan
2024-08-09T14:38:47,81.289955,-103.350098,nan
2024-08-09T14:38:46,81.290024,-103.351135,nan
2024-08-09T14:38:46,81.290092,-103.352180,nan
2024-08-09T14:38:45,81.290154,-103.353226,nan
2024-08-09T14:38:45,81.290222,-103.354279,nan
2024-08-09T14:38:44,81.290291,-103.355331,nan
2024-08-09T14:38:44,81.290359,-103.356392,nan
2024-08-09T14:38:43,81.290436,-103.357460,nan
2024-08-09T14:38:43,81.290504,-103.358528,nan
2024-08-09T14:38:42,81.290573,-103.359604,nan
2024-08-09T14:38:42,81.290642,-103.360687,nan
2024-08-09T14:38:41,81.290718,-103.361771,nan
2024-08-09T14:38:41,81.290787,-103.362854,nan
2024-08-09T14:38:40,81.290855,-103.363945,nan
2024-08-09T14:38:40,81.290932,-103.365044,nan
2024-08-09T14:38:39,81.291000,-103.366150,nan
2024-08-09T14:38:39,81.291069,-103.367256,nan
2024-08-09T14:38:38,81.291138,-103.368370,nan
2024-08-09T14:38:38,81.291206,-103.369484,nan
2024-08-09T14:38:37,81.291275,-103.370598,nan
2024-08-09T14:38:37,81.291344,-103.371712,nan
2024-08-09T14:38:36,81.291412,-103.372826,nan
2024-08-09T14:38:36,81.291473,-103.373947,nan
2024-08-09T14:38:35,81.291550,-103.375061,nan
2024-08-09T14:38:35,81.291618,-103.376183,nan
2024-08-09T14:38:34,81.291687,-103.377312,nan
2024-08-09T14:38:34,81.291756,-103.378441,nan
2024-08-09T14:38:33,81.291832,-103.379570,nan
2024-08-09T14:38:33,81.291901,-103.380714,nan
2024-08-09T14:38:32,81.291977,-103.381851,nan
2024-08-09T14:38:32,81.292046,-103.382996,nan
2024-08-09T14:38:31,81.292122,-103.384148,nan
2024-08-09T14:38:31,81.292191,-103.385292,nan
2024-08-09T14:38:30,81.292267,-103.386444,nan
2024-08-09T14:38:30,81.292343,-103.387604,nan
2024-08-09T14:38:29,81.292419,-103.388763,nan
2024-08-09T14:38:29,81.292496,-103.389923,nan
2024-08-09T14:38:28,81.292572,-103.391090,nan
2024-08-09T14:38:28,81.292648,-103.392265,nan
2024-08-09T14:38:27,81.292725,-103.393448,nan
2024-08-09T14:38:27,81.292801,-103.394630,nan
2024-08-09T14:38:26,81.292885,-103.395813,nan
2024-08-09T14:38:26,81.292961,-103.397003,nan
2024-08-09T14:38:25,81.293045,-103.398201,nan
2024-08-09T14:38:25,81.293121,-103.399406,nan
2024-08-09T14:38:24,81.293205,-103.400620,nan
2024-08-09T14:38:24,81.293289,-103.401840,nan
2024-08-09T14:38:23,81.293373,-103.403076,nan
2024-08-09T14:38:23,81.293457,-103.404320,nan
2024-08-09T14:38:22,81.293533,-103.405571,nan
2024-08-09T14:38:22,81.293617,-103.406830,nan
2024-08-09T14:38:21,81.293701,-103.408104,nan
2024-08-09T14:38:21,81.293785,-103.409378,nan
2024-08-09T14:38:20,81.293869,-103.410667,nan
2024-08-09T14:38:20,81.293953,-103.411964,nan
2024-08-09T14:38:19,81.294037,-103.413269,nan
2024-08-09T14:38:19,81.294121,-103.414581,nan
2024-08-09T14:38:18,81.294205,-103.415901,nan
2024-08-09T14:38:18,81.294289,-103.417213,nan
2024-08-09T14:38:17,81.294373,-103.418533,nan
2024-08-09T14:38:17,81.294456,-103.419861,nan
2024-08-09T14:38:16,81.294548,-103.421188,nan
2024-08-09T14:38:16,81.294632,-103.422516,nan
2024-08-09T14:38:15,81.294724,-103.423851,nan
2024-08-09T14:38:15,81.294815,-103.425194,nan
2024-08-09T14:38:14,81.294899,-103.426537,nan
2024-08-09T14:38:14,81.294991,-103.427887,nan
2024-08-09T14:38:13,81.295082,-103.429230,nan
2024-08-09T14:38:13,81.295166,-103.430580,nan
2024-08-09T14:38:12,81.295258,-103.431938,nan
2024-08-09T14:38:12,81.295349,-103.433296,nan
2024-08-09T14:38:11,81.295441,-103.434654,nan
2024-08-09T14:38:11,81.295532,-103.436020,nan
2024-08-09T14:38:10,81.295624,-103.437386,nan
2024-08-09T14:38:10,81.295715,-103.438759,nan
2024-08-09T14:38:09,81.295807,-103.440140,nan
2024-08-09T14:38:09,81.295898,-103.441536,nan
2024-08-09T14:38:08,81.295990,-103.442932,nan
2024-08-09T14:38:08,81.296082,-103.444344,nan
2024-08-09T14:38:07,81.296173,-103.445755,nan
2024-08-09T14:38:07,81.296265,-103.447174,nan
2024-08-09T14:38:06,81.296356,-103.448601,nan
2024-08-09T14:38:06,81.296448,-103.450027,nan
2024-08-09T14:38:05,81.296539,-103.451462,nan
2024-08-09T14:38:05,81.296631,-103.452904,nan
2024-08-09T14:38:04,81.296722,-103.454353,nan
2024-08-09T14:38:04,81.296814,-103.455811,nan
2024-08-09T14:38:03,81.296898,-103.457260,nan
2024-08-09T14:38:03,81.296989,-103.458717,nan
2024-08-09T14:38:02,81.297081,-103.460167,nan
2024-08-09T14:38:02,81.297165,-103.461617,nan
2024-08-09T14:38:01,81.297256,-103.463058,nan
2024-08-09T14:38:01,81.297340,-103.464500,nan
2024-08-09T14:38:00,81.297432,-103.465942,nan
2024-08-09T14:38:00,81.297516,-103.467377,nan
2024-08-09T14:37:59,81.297607,-103.468819,nan
2024-08-09T14:37:59,81.297691,-103.470261,nan
2024-08-09T14:37:58,81.297783,-103.471695,nan
2024-08-09T14:37:58,81.297867,-103.473129,nan
2024-08-09T14:37:57,81.297951,-103.474564,nan
2024-08-09T14:37:57,81.298042,-103.475998,nan
2024-08-09T14:37:56,81.298126,-103.477432,nan
2024-08-09T14:37:56,81.298218,-103.478867,nan
2024-08-09T14:37:55,81.298302,-103.480316,nan
2024-08-09T14:37:55,81.298393,-103.481766,nan
2024-08-09T14:37:54,81.298477,-103.483231,nan
2024-08-09T14:37:54,81.298569,-103.484695,nan
2024-08-09T14:37:53,81.298653,-103.486160,nan
2024-08-09T14:37:53,81.298744,-103.487625,nan
2024-08-09T14:37:52,81.298828,-103.489098,nan
2024-08-09T14:37:52,81.298920,-103.490578,nan
2024-08-09T14:37:51,81.299011,-103.492050,nan
2024-08-09T14:37:51,81.299095,-103.493523,nan
2024-08-09T14:37:50,81.299187,-103.495003,nan
2024-08-09T14:37:50,81.299278,-103.496475,nan
2024-08-09T14:37:49,81.299362,-103.497948,nan
2024-08-09T14:37:49,81.299454,-103.499413,nan
2024-08-09T14:37:48,81.299545,-103.500885,nan
2024-08-09T14:37:48,81.299637,-103.502357,nan
2024-08-09T14:37:47,81.299721,-103.503830,nan
2024-08-09T14:37:47,81.299812,-103.505310,nan
2024-08-09T14:37:46,81.299904,-103.506798,nan
2024-08-09T14:37:46,81.299988,-103.508286,nan
2024-08-09T14:37:45,81.300079,-103.509773,nan
2024-08-09T14:37:45,81.300163,-103.511269,nan
2024-08-09T14:37:44,81.300255,-103.512756,nan
2024-08-09T14:37:44,81.300339,-103.514252,nan
2024-08-09T14:37:43,81.300423,-103.515755,nan
2024-08-09T14:37:43,81.300514,-103.517250,nan
2024-08-09T14:37:42,81.300598,-103.518745,nan
2024-08-09T14:37:42,81.300690,-103.520248,nan
2024-08-09T14:37:41,81.300774,-103.521744,nan
2024-08-09T14:37:41,81.300865,-103.523232,nan
2024-08-09T14:37:40,81.300957,-103.524727,nan
2024-08-09T14:37:40,81.301041,-103.526215,nan
2024-08-09T14:37:39,81.301132,-103.527702,nan
2024-08-09T14:37:39,81.301224,-103.529190,nan
2024-08-09T14:37:38,81.301315,-103.530670,nan
2024-08-09T14:37:38,81.301407,-103.532158,nan
2024-08-09T14:37:37,81.301498,-103.533646,nan
2024-08-09T14:37:37,81.301590,-103.535126,nan
2024-08-09T14:37:36,81.301682,-103.536613,nan
2024-08-09T14:37:36,81.301773,-103.538101,nan
2024-08-09T14:37:35,81.301865,-103.539581,nan
2024-08-09T14:37:35,81.301956,-103.541069,nan
2024-08-09T14:37:34,81.302040,-103.542557,nan
2024-08-09T14:37:34,81.302132,-103.544044,nan
2024-08-09T14:37:33,81.302223,-103.545525,nan
2024-08-09T14:37:33,81.302307,-103.547012,nan
2024-08-09T14:37:32,81.302399,-103.548492,nan
2024-08-09T14:37:32,81.302483,-103.549980,nan
2024-08-09T14:37:31,81.302574,-103.551468,nan
2024-08-09T14:37:31,81.302658,-103.552956,nan
2024-08-09T14:37:30,81.302742,-103.554443,nan
2024-08-09T14:37:30,81.302826,-103.555923,nan
2024-08-09T14:37:29,81.302910,-103.557411,nan
2024-08-09T14:37:29,81.303001,-103.558899,nan
2024-08-09T14:37:28,81.303085,-103.560387,nan
2024-08-09T14:37:28,81.303169,-103.561882,nan
2024-08-09T14:37:27,81.303253,-103.563385,nan
2024-08-09T14:37:27,81.303337,-103.564880,nan
2024-08-09T14:37:26,81.303421,-103.566376,nan
2024-08-09T14:37:26,81.303505,-103.567871,nan
2024-08-09T14:37:25,81.303589,-103.569366,nan
2024-08-09T14:37:25,81.303673,-103.570877,nan
2024-08-09T14:37:24,81.303757,-103.572380,nan
2024-08-09T14:37:24,81.303841,-103.573891,nan
2024-08-09T14:37:23,81.303925,-103.575394,nan
2024-08-09T14:37:23,81.304008,-103.576897,nan
2024-08-09T14:37:22,81.304092,-103.578392,nan
2024-08-09T14:37:22,81.304176,-103.579895,nan
2024-08-09T14:37:21,81.304260,-103.581390,nan
2024-08-09T14:37:21,81.304344,-103.582893,nan
2024-08-09T14:37:20,81.304428,-103.584389,nan
2024-08-09T14:37:20,81.304512,-103.585884,nan
2024-08-09T14:37:19,81.304588,-103.587379,nan
2024-08-09T14:37:19,81.304672,-103.588875,nan
2024-08-09T14:37:18,81.304756,-103.590363,nan
2024-08-09T14:37:18,81.304840,-103.591858,nan
2024-08-09T14:37:17,81.304916,-103.593346,nan
2024-08-09T14:37:17,81.305000,-103.594833,nan
2024-08-09T14:37:16,81.305084,-103.596329,nan
2024-08-09T14:37:16,81.305168,-103.597824,nan
2024-08-09T14:37:15,81.305252,-103.599327,nan
2024-08-09T14:37:15,81.305336,-103.600822,nan
2024-08-09T14:37:14,81.305420,-103.602325,nan
2024-08-09T14:37:14,81.305504,-103.603828,nan
2024-08-09T14:37:13,81.305580,-103.605331,nan
2024-08-09T14:37:13,81.305664,-103.606834,nan
2024-08-09T14:37:12,81.305748,-103.608330,nan
2024-08-09T14:37:12,81.305832,-103.609825,nan
2024-08-09T14:37:11,81.305908,-103.611313,nan
2024-08-09T14:37:11,81.305992,-103.612793,nan
2024-08-09T14:37:10,81.306068,-103.614273,nan
2024-08-09T14:37:10,81.306152,-103.615746,nan
2024-08-09T14:37:09,81.306229,-103.617218,nan
2024-08-09T14:37:09,81.306305,-103.618690,nan
2024-08-09T14:37:08,81.306389,-103.620155,nan
2024-08-09T14:37:08,81.306465,-103.621620,nan
2024-08-09T14:37:07,81.306541,-103.623085,nan
2024-08-09T14:37:07,81.306618,-103.624550,nan
2024-08-09T14:37:06,81.306694,-103.626022,nan
2024-08-09T14:37:06,81.306770,-103.627487,nan
2024-08-09T14:37:05,81.306847,-103.628967,nan
2024-08-09T14:37:05,81.306915,-103.630440,nan
2024-08-09T14:37:04,81.306992,-103.631905,nan
2024-08-09T14:37:04,81.307068,-103.633369,nan
2024-08-09T14:37:03,81.307144,-103.634827,nan
2024-08-09T14:37:03,81.307213,-103.636292,nan
2024-08-09T14:37:02,81.307289,-103.637749,nan
2024-08-09T14:37:02,81.307365,-103.639214,nan
2024-08-09T14:37:01,81.307442,-103.640663,nan
2024-08-09T14:37:01,81.307518,-103.642113,nan
2024-08-09T14:37:00,81.307594,-103.643562,nan
2024-08-09T14:37:00,81.307671,-103.644997,nan
2024-08-09T14:36:59,81.307747,-103.646431,nan
2024-08-09T14:36:59,81.307831,-103.647858,nan
2024-08-09T14:36:58,81.307907,-103.649284,nan
2024-08-09T14:36:58,81.307983,-103.650696,nan
2024-08-09T14:36:57,81.308060,-103.652100,nan
2024-08-09T14:36:57,81.308136,-103.653496,nan
2024-08-09T14:36:56,81.308212,-103.654884,nan
2024-08-09T14:36:56,81.308289,-103.656273,nan
2024-08-09T14:36:55,81.308365,-103.657654,nan
2024-08-09T14:36:55,81.308441,-103.659027,nan
2024-08-09T14:36:54,81.308517,-103.660393,nan
2024-08-09T14:36:54,81.308594,-103.661743,nan
2024-08-09T14:36:53,81.308662,-103.663086,nan
2024-08-09T14:36:53,81.308739,-103.664421,nan
2024-08-09T14:36:52,81.308815,-103.665756,nan
2024-08-09T14:36:52,81.308891,-103.667084,nan
2024-08-09T14:36:51,81.308960,-103.668411,nan
2024-08-09T14:36:51,81.309036,-103.669731,nan
2024-08-09T14:36:50,81.309113,-103.671051,nan
2024-08-09T14:36:50,81.309181,-103.672356,nan
2024-08-09T14:36:49,81.309258,-103.673660,nan
2024-08-09T14:36:49,81.309326,-103.674950,nan
2024-08-09T14:36:48,81.309402,-103.676239,nan
2024-08-09T14:36:48,81.309471,-103.677513,nan
2024-08-09T14:36:47,81.309547,-103.678780,nan
2024-08-09T14:36:47,81.309616,-103.680046,nan
2024-08-09T14:36:46,81.309692,-103.681297,nan
2024-08-09T14:36:46,81.309761,-103.682541,nan
2024-08-09T14:36:45,81.309830,-103.683784,nan
2024-08-09T14:36:45,81.309906,-103.685028,nan
2024-08-09T14:36:44,81.309975,-103.686272,nan
2024-08-09T14:36:44,81.310043,-103.687515,nan
2024-08-09T14:36:43,81.310104,-103.688751,nan
2024-08-09T14:36:43,81.310173,-103.689995,nan
2024-08-09T14:36:42,81.310234,-103.691238,nan
2024-08-09T14:36:42,81.310303,-103.692482,nan
2024-08-09T14:36:41,81.310364,-103.693733,nan
2024-08-09T14:36:41,81.310432,-103.694984,nan
2024-08-09T14:36:40,81.310493,-103.696236,nan
2024-08-09T14:36:40,81.310555,-103.697495,nan
2024-08-09T14:36:39,81.310616,-103.698753,nan
2024-08-09T14:36:39,81.310677,-103.700012,nan
2024-08-09T14:36:38,81.310738,-103.701271,nan
2024-08-09T14:36:38,81.310799,-103.702538,nan
2024-08-09T14:36:37,81.310860,-103.703804,nan
2024-08-09T14:36:37,81.310921,-103.705078,nan
2024-08-09T14:36:36,81.310989,-103.706345,nan
2024-08-09T14:36:36,81.311050,-103.707611,nan
2024-08-09T14:36:35,81.311111,-103.708870,nan
2024-08-09T14:36:35,81.311180,-103.710129,nan
2024-08-09T14:36:34,81.311249,-103.711388,nan
2024-08-09T14:36:34,81.311310,-103.712646,nan
2024-08-09T14:36:33,81.311378,-103.713890,nan
2024-08-09T14:36:33,81.311447,-103.715134,nan
2024-08-09T14:36:32,81.311516,-103.716362,nan
2024-08-09T14:36:32,81.311584,-103.717598,nan
2024-08-09T14:36:31,81.311661,-103.718811,nan
2024-08-09T14:36:31,81.311729,-103.720024,nan
2024-08-09T14:36:30,81.311806,-103.721222,nan
2024-08-09T14:36:30,81.311874,-103.722412,nan
2024-08-09T14:36:29,81.311951,-103.723595,nan
2024-08-09T14:36:29,81.312019,-103.724754,nan
2024-08-09T14:36:28,81.312096,-103.725914,nan
2024-08-09T14:36:28,81.312172,-103.727058,nan
2024-08-09T14:36:27,81.312241,-103.728195,nan
2024-08-09T14:36:27,81.312317,-103.729317,nan
2024-08-09T14:36:26,81.312393,-103.730423,nan
2024-08-09T14:36:26,81.312462,-103.731514,nan
2024-08-09T14:36:25,81.312531,-103.732597,nan
2024-08-09T14:36:25,81.312607,-103.733673,nan
2024-08-09T14:36:24,81.312675,-103.734741,nan
2024-08-09T14:36:24,81.312744,-103.735794,nan
2024-08-09T14:36:23,81.312813,-103.736839,nan
2024-08-09T14:36:23,81.312881,-103.737877,nan
2024-08-09T14:36:22,81.312950,-103.738907,nan
2024-08-09T14:36:22,81.313019,-103.739937,nan
2024-08-09T14:36:21,81.313087,-103.740959,nan
2024-08-09T14:36:21,81.313148,-103.741974,nan
2024-08-09T14:36:20,81.313210,-103.742989,nan
2024-08-09T14:36:20,81.313278,-103.744003,nan
2024-08-09T14:36:19,81.313339,-103.745010,nan
2024-08-09T14:36:19,81.313393,-103.746025,nan
2024-08-09T14:36:18,81.313454,-103.747025,nan
2024-08-09T14:36:18,81.313515,-103.748024,nan
2024-08-09T14:36:17,81.313568,-103.749016,nan
2024-08-09T14:36:17,81.313622,-103.750000,nan
2024-08-09T14:36:16,81.313683,-103.750984,nan
2024-08-09T14:36:16,81.313736,-103.751961,nan
2024-08-09T14:36:15,81.313789,-103.752930,nan
2024-08-09T14:36:15,81.313843,-103.753899,nan
2024-08-09T14:36:14,81.313896,-103.754852,nan
2024-08-09T14:36:14,81.313950,-103.755814,nan
2024-08-09T14:36:13,81.314003,-103.756767,nan
2024-08-09T14:36:13,81.314056,-103.757713,nan
2024-08-09T14:36:12,81.314117,-103.758659,nan
2024-08-09T14:36:12,81.314171,-103.759598,nan
2024-08-09T14:36:11,81.314232,-103.760529,nan
2024-08-09T14:36:11,81.314285,-103.761459,nan
2024-08-09T14:36:10,81.314339,-103.762390,nan
2024-08-09T14:36:10,81.314400,-103.763313,nan
2024-08-09T14:36:09,81.314453,-103.764236,nan
2024-08-09T14:36:09,81.314507,-103.765160,nan
2024-08-09T14:36:08,81.314568,-103.766083,nan
2024-08-09T14:36:08,81.314621,-103.766998,nan
2024-08-09T14:36:07,81.314674,-103.767914,nan
2024-08-09T14:36:07,81.314728,-103.768814,nan
2024-08-09T14:36:06,81.314781,-103.769714,nan
2024-08-09T14:36:06,81.314835,-103.770599,nan
2024-08-09T14:36:05,81.314888,-103.771484,nan
2024-08-09T14:36:05,81.314949,-103.772369,nan
2024-08-09T14:36:04,81.315002,-103.773254,nan
2024-08-09T14:36:04,81.315048,-103.774132,nan
2024-08-09T14:36:03,81.315102,-103.775009,nan
2024-08-09T14:36:03,81.315155,-103.775887,nan
2024-08-09T14:36:02,81.315208,-103.776756,nan
2024-08-09T14:36:02,81.315262,-103.777634,nan
2024-08-09T14:36:01,81.315315,-103.778511,nan
2024-08-09T14:36:01,81.315369,-103.779388,nan
2024-08-09T14:36:00,81.315422,-103.780258,nan
2024-08-09T14:36:00,81.315475,-103.781136,nan
2024-08-09T14:35:59,81.315529,-103.782005,nan
2024-08-09T14:35:59,81.315582,-103.782875,nan
2024-08-09T14:35:58,81.315636,-103.783745,nan
2024-08-09T14:35:58,81.315689,-103.784607,nan
2024-08-09T14:35:57,81.315742,-103.785469,nan
2024-08-09T14:35:57,81.315796,-103.786339,nan
2024-08-09T14:35:56,81.315849,-103.787209,nan
2024-08-09T14:35:56,81.315903,-103.788071,nan
2024-08-09T14:35:55,81.315948,-103.788925,nan
2024-08-09T14:35:55,81.316002,-103.789772,nan
2024-08-09T14:35:54,81.316055,-103.790619,nan
2024-08-09T14:35:54,81.316101,-103.791466,nan
2024-08-09T14:35:53,81.316154,-103.792305,nan
2024-08-09T14:35:53,81.316200,-103.793152,nan
2024-08-09T14:35:52,81.316254,-103.793991,nan
2024-08-09T14:35:52,81.316299,-103.794830,nan
2024-08-09T14:35:51,81.316353,-103.795677,nan
2024-08-09T14:35:51,81.316399,-103.796516,nan
2024-08-09T14:35:50,81.316444,-103.797348,nan
2024-08-09T14:35:50,81.316498,-103.798180,nan
2024-08-09T14:35:49,81.316544,-103.799011,nan
2024-08-09T14:35:49,81.316589,-103.799843,nan
2024-08-09T14:35:48,81.316635,-103.800667,nan
2024-08-09T14:35:48,81.316681,-103.801498,nan
2024-08-09T14:35:47,81.316734,-103.802322,nan
2024-08-09T14:35:47,81.316780,-103.803146,nan
2024-08-09T14:35:46,81.316826,-103.803978,nan
2024-08-09T14:35:46,81.316879,-103.804794,nan
2024-08-09T14:35:45,81.316925,-103.805618,nan
2024-08-09T14:35:45,81.316978,-103.806435,nan
2024-08-09T14:35:44,81.317024,-103.807251,nan
2024-08-09T14:35:44,81.317078,-103.808052,nan
2024-08-09T14:35:43,81.317123,-103.808846,nan
2024-08-09T14:35:43,81.317177,-103.809639,nan
2024-08-09T14:35:42,81.317223,-103.810432,nan
2024-08-09T14:35:42,81.317276,-103.811234,nan
2024-08-09T14:35:41,81.317329,-103.812042,nan
2024-08-09T14:35:41,81.317375,-103.812851,nan
2024-08-09T14:35:40,81.317413,-103.813629,nan
2024-08-09T14:35:40,81.317444,-103.814377,nan
2024-08-09T14:35:39,81.317459,-103.815056,nan
2024-08-09T14:35:39,81.317429,-103.815689,nan
2024-08-09T14:35:38,81.317238,-103.816093,nan
2024-08-09T14:35:38,81.316689,-103.816101,nan
2024-08-09T14:35:37,81.315926,-103.815643,nan
2024-08-09T14:35:37,81.315514,-103.815414,nan
2024-08-09T14:35:33,81.318031,-103.823479,nan
2024-08-09T14:35:33,81.318909,-103.825989,nan
2024-08-09T14:35:32,81.319801,-103.828445,nan
2024-08-09T14:35:32,81.320724,-103.830666,nan
