datetime,lat,lon,elev
2024-06-07T16:22:45,83.218750,-48.747147,nan
2024-06-07T16:22:44,83.218750,-48.747147,nan
2024-06-07T16:22:44,83.218750,-48.747147,nan
2024-06-07T16:22:43,83.218750,-48.747147,nan
2024-06-07T16:22:43,83.218750,-48.747147,nan
2024-06-07T16:22:42,83.218750,-48.747147,nan
2024-06-07T16:22:42,83.218750,-48.747147,nan
2024-06-07T16:22:41,83.218750,-48.747147,nan
2024-06-07T16:22:41,83.218750,-48.747147,nan
2024-06-07T16:22:40,83.218750,-48.747150,nan
2024-06-07T16:22:40,83.218750,-48.747150,nan
2024-06-07T16:22:39,83.218750,-48.747150,nan
2024-06-07T16:22:39,83.218750,-48.747150,nan
2024-06-07T16:22:38,83.218750,-48.747150,nan
2024-06-07T16:22:38,83.218750,-48.747147,nan
2024-06-07T16:22:37,83.218750,-48.747147,nan
2024-06-07T16:22:37,83.218758,-48.747147,nan
2024-06-07T16:22:36,83.218758,-48.747147,nan
2024-06-07T16:22:36,83.218758,-48.747150,nan
2024-06-07T16:22:35,83.218758,-48.747150,nan
2024-06-07T16:22:35,83.218758,-48.747150,nan
2024-06-07T16:22:34,83.218758,-48.747154,nan
2024-06-07T16:22:34,83.218758,-48.747154,nan
2024-06-07T16:22:33,83.218758,-48.747158,nan
2024-06-07T16:22:33,83.218758,-48.747162,nan
2024-06-07T16:22:32,83.218758,-48.747162,nan
2024-06-07T16:22:32,83.218758,-48.747166,nan
2024-06-07T16:22:31,83.218758,-48.747166,nan
2024-06-07T16:22:31,83.218758,-48.747169,nan
2024-06-07T16:22:30,83.218758,-48.747173,nan
2024-06-07T16:22:30,83.218758,-48.747177,nan
2024-06-07T16:22:29,83.218758,-48.747177,nan
2024-06-07T16:22:29,83.218758,-48.747185,nan
2024-06-07T16:22:28,83.218758,-48.747204,nan
2024-06-07T16:22:28,83.218765,-48.747105,nan
2024-06-07T16:22:27,83.218788,-48.746830,nan
2024-06-07T16:22:27,83.218819,-48.746498,nan
2024-06-07T16:22:26,83.218842,-48.746159,nan
2024-06-07T16:22:26,83.218864,-48.745808,nan
2024-06-07T16:22:25,83.218895,-48.745457,nan
2024-06-07T16:22:25,83.218918,-48.745098,nan
2024-06-07T16:22:24,83.218948,-48.744732,nan
2024-06-07T16:22:24,83.218979,-48.744358,nan
2024-06-07T16:22:23,83.219009,-48.743984,nan
2024-06-07T16:22:23,83.219032,-48.743607,nan
2024-06-07T16:22:22,83.219063,-48.743225,nan
2024-06-07T16:22:22,83.219093,-48.742840,nan
2024-06-07T16:22:21,83.219116,-48.742455,nan
2024-06-07T16:22:21,83.219147,-48.742069,nan
2024-06-07T16:22:20,83.219170,-48.741680,nan
2024-06-07T16:22:20,83.219200,-48.741295,nan
2024-06-07T16:22:19,83.219223,-48.740910,nan
2024-06-07T16:22:19,83.219254,-48.740524,nan
2024-06-07T16:22:18,83.219276,-48.740131,nan
2024-06-07T16:22:18,83.219307,-48.739738,nan
2024-06-07T16:22:17,83.219337,-48.739338,nan
2024-06-07T16:22:17,83.219360,-48.738934,nan
2024-06-07T16:22:16,83.219391,-48.738525,nan
2024-06-07T16:22:16,83.219414,-48.738117,nan
2024-06-07T16:22:15,83.219444,-48.737709,nan
2024-06-07T16:22:15,83.219475,-48.737297,nan
2024-06-07T16:22:14,83.219505,-48.736889,nan
2024-06-07T16:22:14,83.219536,-48.736477,nan
2024-06-07T16:22:13,83.219566,-48.736069,nan
2024-06-07T16:22:13,83.219589,-48.735661,nan
2024-06-07T16:22:12,83.219620,-48.735252,nan
2024-06-07T16:22:12,83.219650,-48.734844,nan
2024-06-07T16:22:11,83.219681,-48.734432,nan
2024-06-07T16:22:11,83.219711,-48.734020,nan
2024-06-07T16:22:10,83.219742,-48.733608,nan
2024-06-07T16:22:10,83.219772,-48.733192,nan
2024-06-07T16:22:09,83.219803,-48.732784,nan
2024-06-07T16:22:09,83.219833,-48.732376,nan
2024-06-07T16:22:08,83.219864,-48.731976,nan
2024-06-07T16:22:08,83.219894,-48.731575,nan
2024-06-07T16:22:07,83.219925,-48.731174,nan
2024-06-07T16:22:07,83.219955,-48.730774,nan
2024-06-07T16:22:06,83.219994,-48.730370,nan
2024-06-07T16:22:06,83.220024,-48.729969,nan
2024-06-07T16:22:05,83.220055,-48.729568,nan
2024-06-07T16:22:05,83.220085,-48.729168,nan
2024-06-07T16:22:04,83.220116,-48.728767,nan
2024-06-07T16:22:04,83.220146,-48.728359,nan
2024-06-07T16:22:03,83.220177,-48.727955,nan
2024-06-07T16:22:03,83.220207,-48.727547,nan
2024-06-07T16:22:02,83.220245,-48.727139,nan
2024-06-07T16:22:02,83.220276,-48.726738,nan
2024-06-07T16:22:01,83.220306,-48.726341,nan
2024-06-07T16:22:01,83.220337,-48.725948,nan
2024-06-07T16:22:00,83.220367,-48.725555,nan
2024-06-07T16:22:00,83.220406,-48.725159,nan
2024-06-07T16:21:59,83.220436,-48.724762,nan
2024-06-07T16:21:59,83.220467,-48.724361,nan
2024-06-07T16:21:58,83.220505,-48.723957,nan
2024-06-07T16:21:58,83.220535,-48.723553,nan
2024-06-07T16:21:57,83.220573,-48.723148,nan
2024-06-07T16:21:57,83.220604,-48.722748,nan
2024-06-07T16:21:56,83.220642,-48.722347,nan
2024-06-07T16:21:56,83.220673,-48.721954,nan
2024-06-07T16:21:55,83.220711,-48.721565,nan
2024-06-07T16:21:55,83.220741,-48.721184,nan
2024-06-07T16:21:54,83.220779,-48.720798,nan
2024-06-07T16:21:54,83.220810,-48.720417,nan
2024-06-07T16:21:53,83.220848,-48.720039,nan
2024-06-07T16:21:53,83.220879,-48.719662,nan
2024-06-07T16:21:52,83.220909,-48.719292,nan
2024-06-07T16:21:52,83.220947,-48.718918,nan
2024-06-07T16:21:51,83.220978,-48.718540,nan
2024-06-07T16:21:51,83.221008,-48.718159,nan
2024-06-07T16:21:50,83.221039,-48.717777,nan
2024-06-07T16:21:50,83.221077,-48.717396,nan
2024-06-07T16:21:49,83.221107,-48.717010,nan
2024-06-07T16:21:49,83.221138,-48.716629,nan
2024-06-07T16:21:48,83.221176,-48.716244,nan
2024-06-07T16:21:48,83.221207,-48.715858,nan
2024-06-07T16:21:47,83.221237,-48.715469,nan
2024-06-07T16:21:47,83.221275,-48.715076,nan
2024-06-07T16:21:46,83.221306,-48.714687,nan
2024-06-07T16:21:46,83.221336,-48.714302,nan
2024-06-07T16:21:45,83.221367,-48.713917,nan
2024-06-07T16:21:45,83.221405,-48.713531,nan
2024-06-07T16:21:44,83.221436,-48.713146,nan
2024-06-07T16:21:44,83.221466,-48.712765,nan
2024-06-07T16:21:43,83.221504,-48.712379,nan
2024-06-07T16:21:43,83.221535,-48.712002,nan
2024-06-07T16:21:42,83.221565,-48.711620,nan
2024-06-07T16:21:42,83.221596,-48.711243,nan
2024-06-07T16:21:41,83.221634,-48.710869,nan
2024-06-07T16:21:41,83.221664,-48.710491,nan
2024-06-07T16:21:40,83.221703,-48.710114,nan
2024-06-07T16:21:40,83.221733,-48.709732,nan
2024-06-07T16:21:39,83.221764,-48.709354,nan
2024-06-07T16:21:39,83.221794,-48.708988,nan
2024-06-07T16:21:38,83.221825,-48.708626,nan
2024-06-07T16:21:38,83.221855,-48.708279,nan
2024-06-07T16:21:37,83.221878,-48.707947,nan
2024-06-07T16:21:37,83.221901,-48.707626,nan
2024-06-07T16:21:36,83.221924,-48.707325,nan
2024-06-07T16:21:36,83.221947,-48.707039,nan
2024-06-07T16:21:35,83.221970,-48.706768,nan
2024-06-07T16:21:35,83.221992,-48.706516,nan
2024-06-07T16:21:34,83.222015,-48.706272,nan
2024-06-07T16:21:34,83.222031,-48.706032,nan
2024-06-07T16:21:33,83.222054,-48.705784,nan
2024-06-07T16:21:33,83.222069,-48.705528,nan
2024-06-07T16:21:32,83.222084,-48.705257,nan
2024-06-07T16:21:32,83.222099,-48.704987,nan
2024-06-07T16:21:31,83.222115,-48.704704,nan
2024-06-07T16:21:31,83.222130,-48.704418,nan
2024-06-07T16:21:30,83.222145,-48.704128,nan
2024-06-07T16:21:30,83.222160,-48.703835,nan
2024-06-07T16:21:29,83.222176,-48.703529,nan
2024-06-07T16:21:29,83.222191,-48.703220,nan
2024-06-07T16:21:28,83.222206,-48.702911,nan
2024-06-07T16:21:28,83.222221,-48.702606,nan
2024-06-07T16:21:27,83.222237,-48.702297,nan
2024-06-07T16:21:27,83.222260,-48.701996,nan
2024-06-07T16:21:26,83.222275,-48.701691,nan
2024-06-07T16:21:26,83.222290,-48.701389,nan
2024-06-07T16:21:25,83.222305,-48.701092,nan
2024-06-07T16:21:25,83.222321,-48.700798,nan
2024-06-07T16:21:24,83.222351,-48.700226,nan
2024-06-07T16:21:23,83.222366,-48.699947,nan
2024-06-07T16:21:23,83.222389,-48.699673,nan
2024-06-07T16:21:22,83.222404,-48.699402,nan
2024-06-07T16:21:22,83.222420,-48.699131,nan
2024-06-07T16:21:21,83.222435,-48.698864,nan
2024-06-07T16:21:21,83.222450,-48.698601,nan
2024-06-07T16:21:20,83.222466,-48.698338,nan
2024-06-07T16:21:20,83.222488,-48.698074,nan
2024-06-07T16:21:19,83.222504,-48.697807,nan
2024-06-07T16:21:19,83.222519,-48.697544,nan
2024-06-07T16:21:18,83.222534,-48.697281,nan
2024-06-07T16:21:18,83.222549,-48.697021,nan
2024-06-07T16:21:17,83.222565,-48.696762,nan
2024-06-07T16:21:17,83.222572,-48.696507,nan
2024-06-07T16:21:16,83.222588,-48.696243,nan
2024-06-07T16:21:16,83.222603,-48.695976,nan
2024-06-07T16:21:15,83.222618,-48.695702,nan
2024-06-07T16:21:15,83.222633,-48.695419,nan
2024-06-07T16:21:14,83.222649,-48.695133,nan
2024-06-07T16:21:14,83.222656,-48.694843,nan
2024-06-07T16:21:13,83.222672,-48.694553,nan
2024-06-07T16:21:13,83.222687,-48.694263,nan
2024-06-07T16:21:12,83.222694,-48.693970,nan
2024-06-07T16:21:12,83.222710,-48.693672,nan
2024-06-07T16:21:11,83.222725,-48.693371,nan
2024-06-07T16:21:11,83.222733,-48.693077,nan
2024-06-07T16:21:10,83.222740,-48.692783,nan
2024-06-07T16:21:10,83.222755,-48.692493,nan
2024-06-07T16:21:09,83.222763,-48.692207,nan
2024-06-07T16:21:09,83.222771,-48.691917,nan
2024-06-07T16:21:08,83.222778,-48.691628,nan
2024-06-07T16:21:08,83.222786,-48.691338,nan
2024-06-07T16:21:07,83.222794,-48.691051,nan
2024-06-07T16:21:07,83.222801,-48.690765,nan
2024-06-07T16:21:06,83.222809,-48.690475,nan
2024-06-07T16:21:06,83.222816,-48.690178,nan
2024-06-07T16:21:05,83.222824,-48.689877,nan
2024-06-07T16:21:05,83.222832,-48.689571,nan
2024-06-07T16:21:04,83.222839,-48.689262,nan
2024-06-07T16:21:04,83.222855,-48.688950,nan
2024-06-07T16:21:03,83.222862,-48.688633,nan
2024-06-07T16:21:03,83.222870,-48.688309,nan
2024-06-07T16:21:02,83.222878,-48.687981,nan
2024-06-07T16:21:02,83.222893,-48.687645,nan
2024-06-07T16:21:01,83.222900,-48.687302,nan
2024-06-07T16:21:01,83.222908,-48.686951,nan
2024-06-07T16:21:00,83.222923,-48.686592,nan
2024-06-07T16:21:00,83.222931,-48.686230,nan
2024-06-07T16:20:59,83.222946,-48.685867,nan
2024-06-07T16:20:59,83.222954,-48.685497,nan
2024-06-07T16:20:58,83.222969,-48.685131,nan
2024-06-07T16:20:58,83.222977,-48.684761,nan
2024-06-07T16:20:57,83.222992,-48.684399,nan
2024-06-07T16:20:57,83.223007,-48.684044,nan
2024-06-07T16:20:56,83.223022,-48.683693,nan
2024-06-07T16:20:56,83.223038,-48.683342,nan
2024-06-07T16:20:55,83.223045,-48.682991,nan
2024-06-07T16:20:55,83.223061,-48.682644,nan
2024-06-07T16:20:54,83.223076,-48.682301,nan
2024-06-07T16:20:54,83.223091,-48.681965,nan
2024-06-07T16:20:53,83.223106,-48.681629,nan
2024-06-07T16:20:53,83.223122,-48.681297,nan
2024-06-07T16:20:52,83.223137,-48.680969,nan
2024-06-07T16:20:52,83.223152,-48.680641,nan
2024-06-07T16:20:51,83.223167,-48.680317,nan
2024-06-07T16:20:51,83.223183,-48.679996,nan
2024-06-07T16:20:50,83.223198,-48.679672,nan
2024-06-07T16:20:50,83.223213,-48.679352,nan
2024-06-07T16:20:49,83.223228,-48.679028,nan
2024-06-07T16:20:49,83.223244,-48.678696,nan
2024-06-07T16:20:48,83.223259,-48.678360,nan
2024-06-07T16:20:48,83.223267,-48.678020,nan
2024-06-07T16:20:47,83.223282,-48.677685,nan
2024-06-07T16:20:47,83.223297,-48.677353,nan
2024-06-07T16:20:46,83.223312,-48.677017,nan
2024-06-07T16:20:46,83.223328,-48.676682,nan
2024-06-07T16:20:45,83.223335,-48.676350,nan
2024-06-07T16:20:45,83.223351,-48.676018,nan
2024-06-07T16:20:44,83.223366,-48.675690,nan
2024-06-07T16:20:44,83.223381,-48.675362,nan
2024-06-07T16:20:43,83.223389,-48.675037,nan
2024-06-07T16:20:43,83.223404,-48.674713,nan
2024-06-07T16:20:42,83.223419,-48.674385,nan
2024-06-07T16:20:42,83.223434,-48.674061,nan
2024-06-07T16:20:41,83.223450,-48.673729,nan
2024-06-07T16:20:41,83.223457,-48.673401,nan
2024-06-07T16:20:40,83.223473,-48.673077,nan
2024-06-07T16:20:40,83.223488,-48.672756,nan
2024-06-07T16:20:39,83.223503,-48.672432,nan
2024-06-07T16:20:39,83.223518,-48.672112,nan
2024-06-07T16:20:38,83.223534,-48.671787,nan
2024-06-07T16:20:37,83.223572,-48.671131,nan
2024-06-07T16:20:37,83.223587,-48.670807,nan
2024-06-07T16:20:36,83.223610,-48.670486,nan
2024-06-07T16:20:36,83.223625,-48.670158,nan
2024-06-07T16:20:35,83.223648,-48.669834,nan
2024-06-07T16:20:35,83.223663,-48.669506,nan
2024-06-07T16:20:34,83.223686,-48.669174,nan
2024-06-07T16:20:34,83.223701,-48.668846,nan
2024-06-07T16:20:33,83.223724,-48.668518,nan
2024-06-07T16:20:33,83.223740,-48.668186,nan
2024-06-07T16:20:32,83.223763,-48.667850,nan
2024-06-07T16:20:32,83.223778,-48.667511,nan
2024-06-07T16:20:31,83.223793,-48.667168,nan
2024-06-07T16:20:31,83.223808,-48.666828,nan
2024-06-07T16:20:30,83.223824,-48.666492,nan
2024-06-07T16:20:30,83.223839,-48.666157,nan
2024-06-07T16:20:29,83.223846,-48.665817,nan
2024-06-07T16:20:29,83.223862,-48.665478,nan
2024-06-07T16:20:28,83.223877,-48.665138,nan
2024-06-07T16:20:28,83.223892,-48.664799,nan
2024-06-07T16:20:27,83.223907,-48.664467,nan
2024-06-07T16:20:27,83.223923,-48.664131,nan
2024-06-07T16:20:26,83.223930,-48.663799,nan
2024-06-07T16:20:26,83.223946,-48.663471,nan
2024-06-07T16:20:25,83.223961,-48.663143,nan
2024-06-07T16:20:25,83.223976,-48.662815,nan
2024-06-07T16:20:24,83.223991,-48.662491,nan
2024-06-07T16:20:24,83.224007,-48.662167,nan
2024-06-07T16:20:23,83.224022,-48.661854,nan
2024-06-07T16:20:23,83.224030,-48.661537,nan
2024-06-07T16:20:22,83.224045,-48.661224,nan
2024-06-07T16:20:22,83.224060,-48.660912,nan
2024-06-07T16:20:21,83.224075,-48.660603,nan
2024-06-07T16:20:21,83.224083,-48.660294,nan
2024-06-07T16:20:20,83.224098,-48.659992,nan
2024-06-07T16:20:20,83.224113,-48.659691,nan
2024-06-07T16:20:19,83.224129,-48.659389,nan
2024-06-07T16:20:19,83.224144,-48.659084,nan
2024-06-07T16:20:18,83.224152,-48.658779,nan
2024-06-07T16:20:18,83.224167,-48.658470,nan
2024-06-07T16:20:17,83.224174,-48.658161,nan
2024-06-07T16:20:17,83.224190,-48.657848,nan
2024-06-07T16:20:16,83.224197,-48.657539,nan
2024-06-07T16:20:16,83.224213,-48.657227,nan
2024-06-07T16:20:15,83.224220,-48.656914,nan
2024-06-07T16:20:15,83.224228,-48.656605,nan
2024-06-07T16:20:14,83.224243,-48.656296,nan
2024-06-07T16:20:14,83.224251,-48.655994,nan
2024-06-07T16:20:13,83.224274,-48.655396,nan
2024-06-07T16:20:12,83.224281,-48.655098,nan
2024-06-07T16:20:12,83.224289,-48.654800,nan
2024-06-07T16:20:11,83.224297,-48.654507,nan
2024-06-07T16:20:10,83.224312,-48.653919,nan
2024-06-07T16:20:10,83.224319,-48.653629,nan
2024-06-07T16:20:09,83.224327,-48.653339,nan
2024-06-07T16:20:09,83.224335,-48.653046,nan
2024-06-07T16:20:08,83.224342,-48.652756,nan
2024-06-07T16:20:08,83.224350,-48.652473,nan
2024-06-07T16:20:07,83.224358,-48.652187,nan
2024-06-07T16:20:07,83.224365,-48.651909,nan
2024-06-07T16:20:06,83.224373,-48.651627,nan
2024-06-07T16:20:06,83.224388,-48.651344,nan
2024-06-07T16:20:05,83.224396,-48.651066,nan
2024-06-07T16:20:05,83.224403,-48.650787,nan
2024-06-07T16:20:04,83.224411,-48.650513,nan
2024-06-07T16:20:04,83.224426,-48.650238,nan
2024-06-07T16:20:03,83.224434,-48.649963,nan
2024-06-07T16:20:03,83.224449,-48.649689,nan
2024-06-07T16:20:02,83.224464,-48.649418,nan
2024-06-07T16:20:02,83.224472,-48.649147,nan
2024-06-07T16:20:01,83.224487,-48.648884,nan
2024-06-07T16:20:01,83.224503,-48.648624,nan
2024-06-07T16:20:00,83.224510,-48.648369,nan
2024-06-07T16:20:00,83.224525,-48.648113,nan
2024-06-07T16:19:59,83.224541,-48.647858,nan
2024-06-07T16:19:59,83.224556,-48.647610,nan
2024-06-07T16:19:58,83.224571,-48.647362,nan
2024-06-07T16:19:58,83.224586,-48.647114,nan
2024-06-07T16:19:57,83.224602,-48.646866,nan
2024-06-07T16:19:56,83.224625,-48.646362,nan
2024-06-07T16:19:56,83.224640,-48.646111,nan
2024-06-07T16:19:55,83.224655,-48.645855,nan
2024-06-07T16:19:55,83.224663,-48.645599,nan
2024-06-07T16:19:54,83.224678,-48.645348,nan
2024-06-07T16:19:54,83.224693,-48.645096,nan
2024-06-07T16:19:53,83.224701,-48.644844,nan
2024-06-07T16:19:53,83.224716,-48.644588,nan
2024-06-07T16:19:52,83.224731,-48.644333,nan
2024-06-07T16:19:52,83.224747,-48.644077,nan
2024-06-07T16:19:51,83.224754,-48.643826,nan
2024-06-07T16:19:51,83.224770,-48.643570,nan
2024-06-07T16:19:50,83.224785,-48.643318,nan
2024-06-07T16:19:50,83.224800,-48.643063,nan
2024-06-07T16:19:49,83.224815,-48.642803,nan
2024-06-07T16:19:49,83.224831,-48.642544,nan
2024-06-07T16:19:48,83.224861,-48.642021,nan
2024-06-07T16:19:47,83.224884,-48.641766,nan
2024-06-07T16:19:47,83.224899,-48.641502,nan
2024-06-07T16:19:46,83.224915,-48.641247,nan
2024-06-07T16:19:46,83.224930,-48.640987,nan
2024-06-07T16:19:45,83.224945,-48.640732,nan
2024-06-07T16:19:45,83.224960,-48.640476,nan
2024-06-07T16:19:44,83.224976,-48.640224,nan
2024-06-07T16:19:44,83.224991,-48.639969,nan
2024-06-07T16:19:43,83.225006,-48.639717,nan
2024-06-07T16:19:43,83.225014,-48.639462,nan
2024-06-07T16:19:42,83.225029,-48.639210,nan
2024-06-07T16:19:42,83.225044,-48.638966,nan
2024-06-07T16:19:41,83.225060,-48.638718,nan
2024-06-07T16:19:41,83.225067,-48.638474,nan
2024-06-07T16:19:40,83.225082,-48.638226,nan
2024-06-07T16:19:40,83.225090,-48.637985,nan
2024-06-07T16:19:39,83.225105,-48.637745,nan
2024-06-07T16:19:39,83.225113,-48.637512,nan
2024-06-07T16:19:38,83.225128,-48.637283,nan
2024-06-07T16:19:38,83.225136,-48.637054,nan
2024-06-07T16:19:37,83.225143,-48.636829,nan
2024-06-07T16:19:37,83.225159,-48.636608,nan
2024-06-07T16:19:36,83.225166,-48.636383,nan
2024-06-07T16:19:36,83.225174,-48.636162,nan
2024-06-07T16:19:35,83.225182,-48.635941,nan
2024-06-07T16:19:35,83.225189,-48.635719,nan
2024-06-07T16:19:34,83.225204,-48.635494,nan
2024-06-07T16:19:34,83.225212,-48.635265,nan
2024-06-07T16:19:33,83.225227,-48.634804,nan
2024-06-07T16:19:32,83.225235,-48.634567,nan
2024-06-07T16:19:32,83.225243,-48.634327,nan
2024-06-07T16:19:31,83.225243,-48.634087,nan
2024-06-07T16:19:31,83.225250,-48.633839,nan
2024-06-07T16:19:30,83.225258,-48.633587,nan
2024-06-07T16:19:30,83.225258,-48.633335,nan
2024-06-07T16:19:29,83.225266,-48.633083,nan
2024-06-07T16:19:29,83.225266,-48.632835,nan
2024-06-07T16:19:28,83.225273,-48.632584,nan
2024-06-07T16:19:28,83.225273,-48.632336,nan
2024-06-07T16:19:27,83.225281,-48.632084,nan
2024-06-07T16:19:27,83.225281,-48.631832,nan
2024-06-07T16:19:26,83.225281,-48.631584,nan
2024-06-07T16:19:26,83.225288,-48.631340,nan
2024-06-07T16:19:25,83.225288,-48.631096,nan
2024-06-07T16:19:25,83.225296,-48.630859,nan
2024-06-07T16:19:24,83.225296,-48.630623,nan
2024-06-07T16:19:24,83.225296,-48.630383,nan
2024-06-07T16:19:23,83.225304,-48.630150,nan
2024-06-07T16:19:23,83.225304,-48.629917,nan
2024-06-07T16:19:22,83.225304,-48.629688,nan
2024-06-07T16:19:22,83.225311,-48.629459,nan
2024-06-07T16:19:21,83.225311,-48.629230,nan
2024-06-07T16:19:21,83.225319,-48.629002,nan
2024-06-07T16:19:20,83.225319,-48.628773,nan
2024-06-07T16:19:20,83.225319,-48.628544,nan
2024-06-07T16:19:19,83.225327,-48.628319,nan
2024-06-07T16:19:19,83.225327,-48.628094,nan
2024-06-07T16:19:18,83.225327,-48.627861,nan
2024-06-07T16:19:18,83.225327,-48.627632,nan
2024-06-07T16:19:17,83.225327,-48.627399,nan
2024-06-07T16:19:17,83.225327,-48.627171,nan
2024-06-07T16:19:16,83.225334,-48.626945,nan
2024-06-07T16:19:16,83.225334,-48.626720,nan
2024-06-07T16:19:15,83.225334,-48.626492,nan
2024-06-07T16:19:15,83.225334,-48.626259,nan
2024-06-07T16:19:14,83.225334,-48.626030,nan
2024-06-07T16:19:14,83.225334,-48.625801,nan
2024-06-07T16:19:13,83.225334,-48.625572,nan
2024-06-07T16:19:13,83.225334,-48.625340,nan
2024-06-07T16:19:12,83.225334,-48.625107,nan
2024-06-07T16:19:12,83.225334,-48.624874,nan
2024-06-07T16:19:11,83.225327,-48.624405,nan
2024-06-07T16:19:10,83.225327,-48.624172,nan
2024-06-07T16:19:10,83.225334,-48.623940,nan
2024-06-07T16:19:09,83.225334,-48.623703,nan
2024-06-07T16:19:09,83.225334,-48.623466,nan
2024-06-07T16:19:08,83.225334,-48.623230,nan
2024-06-07T16:19:03,83.225319,-48.620850,nan
2024-06-07T16:19:02,83.225311,-48.620365,nan
2024-06-07T16:19:02,83.225304,-48.620121,nan
2024-06-07T16:19:01,83.225304,-48.619877,nan
2024-06-07T16:19:01,83.225296,-48.619637,nan
2024-06-07T16:19:00,83.225296,-48.619396,nan
2024-06-07T16:19:00,83.225288,-48.619152,nan
2024-06-07T16:18:59,83.225281,-48.618908,nan
2024-06-07T16:18:59,83.225273,-48.618664,nan
2024-06-07T16:18:58,83.225273,-48.618423,nan
2024-06-07T16:18:58,83.225266,-48.618183,nan
2024-06-07T16:18:57,83.225258,-48.617943,nan
2024-06-07T16:18:57,83.225250,-48.617699,nan
2024-06-07T16:18:56,83.225243,-48.617455,nan
2024-06-07T16:18:56,83.225235,-48.617207,nan
2024-06-07T16:18:55,83.225227,-48.616959,nan
2024-06-07T16:18:55,83.225220,-48.616711,nan
2024-06-07T16:18:54,83.225212,-48.616463,nan
2024-06-07T16:18:54,83.225204,-48.616215,nan
2024-06-07T16:18:53,83.225189,-48.615959,nan
2024-06-07T16:18:52,83.225166,-48.615204,nan
2024-06-07T16:18:51,83.225159,-48.614956,nan
2024-06-07T16:18:51,83.225143,-48.614708,nan
2024-06-07T16:18:50,83.225136,-48.614460,nan
2024-06-07T16:18:50,83.225128,-48.614212,nan
2024-06-07T16:18:49,83.225121,-48.613968,nan
2024-06-07T16:18:49,83.225113,-48.613724,nan
2024-06-07T16:18:48,83.225105,-48.613483,nan
2024-06-07T16:18:48,83.225098,-48.613239,nan
2024-06-07T16:18:47,83.225082,-48.612999,nan
2024-06-07T16:18:47,83.225075,-48.612762,nan
2024-06-07T16:18:46,83.225067,-48.612537,nan
2024-06-07T16:18:46,83.225060,-48.612309,nan
2024-06-07T16:18:45,83.225052,-48.612087,nan
2024-06-07T16:18:45,83.225044,-48.611862,nan
2024-06-07T16:18:44,83.225044,-48.611641,nan
2024-06-07T16:18:44,83.225037,-48.611420,nan
2024-06-07T16:18:43,83.225029,-48.611202,nan
2024-06-07T16:18:43,83.225021,-48.610985,nan
2024-06-07T16:18:42,83.225014,-48.610775,nan
2024-06-07T16:18:42,83.225006,-48.610565,nan
2024-06-07T16:18:41,83.224998,-48.610355,nan
2024-06-07T16:18:41,83.224998,-48.610146,nan
2024-06-07T16:18:40,83.224991,-48.609940,nan
2024-06-07T16:18:40,83.224983,-48.609734,nan
2024-06-07T16:18:39,83.224976,-48.609528,nan
2024-06-07T16:18:39,83.224968,-48.609325,nan
2024-06-07T16:18:38,83.224960,-48.609123,nan
2024-06-07T16:18:38,83.224960,-48.608921,nan
2024-06-07T16:18:37,83.224953,-48.608719,nan
2024-06-07T16:18:37,83.224945,-48.608521,nan
2024-06-07T16:18:36,83.224937,-48.608322,nan
2024-06-07T16:18:36,83.224930,-48.608124,nan
2024-06-07T16:18:35,83.224922,-48.607925,nan
2024-06-07T16:18:35,83.224915,-48.607727,nan
2024-06-07T16:18:34,83.224907,-48.607529,nan
2024-06-07T16:18:34,83.224899,-48.607334,nan
2024-06-07T16:18:33,83.224892,-48.607143,nan
2024-06-07T16:18:33,83.224884,-48.606949,nan
2024-06-07T16:18:32,83.224876,-48.606758,nan
2024-06-07T16:18:32,83.224869,-48.606564,nan
2024-06-07T16:18:31,83.224861,-48.606373,nan
2024-06-07T16:18:31,83.224854,-48.606182,nan
2024-06-07T16:18:30,83.224846,-48.605995,nan
2024-06-07T16:18:30,83.224838,-48.605812,nan
2024-06-07T16:18:29,83.224831,-48.605629,nan
2024-06-07T16:18:29,83.224815,-48.605450,nan
2024-06-07T16:18:28,83.224808,-48.605274,nan
2024-06-07T16:18:28,83.224800,-48.605099,nan
2024-06-07T16:18:27,83.224785,-48.604927,nan
2024-06-07T16:18:27,83.224777,-48.604759,nan
2024-06-07T16:18:26,83.224770,-48.604591,nan
2024-06-07T16:18:26,83.224762,-48.604431,nan
2024-06-07T16:18:25,83.224747,-48.604118,nan
2024-06-07T16:18:24,83.224739,-48.603966,nan
2024-06-07T16:18:24,83.224731,-48.603813,nan
2024-06-07T16:18:23,83.224724,-48.603664,nan
2024-06-07T16:18:23,83.224716,-48.603512,nan
2024-06-07T16:18:22,83.224709,-48.603363,nan
2024-06-07T16:18:22,83.224701,-48.603214,nan
2024-06-07T16:18:21,83.224701,-48.603065,nan
2024-06-07T16:18:21,83.224693,-48.602913,nan
2024-06-07T16:18:20,83.224686,-48.602757,nan
2024-06-07T16:18:20,83.224686,-48.602600,nan
2024-06-07T16:18:19,83.224678,-48.602444,nan
2024-06-07T16:18:19,83.224670,-48.602287,nan
2024-06-07T16:18:18,83.224670,-48.602127,nan
2024-06-07T16:18:18,83.224663,-48.601971,nan
2024-06-07T16:18:17,83.224655,-48.601814,nan
2024-06-07T16:18:17,83.224655,-48.601662,nan
2024-06-07T16:18:16,83.224648,-48.601509,nan
2024-06-07T16:18:16,83.224640,-48.601360,nan
2024-06-07T16:18:15,83.224632,-48.601208,nan
2024-06-07T16:18:15,83.224632,-48.601055,nan
2024-06-07T16:18:14,83.224625,-48.600906,nan
2024-06-07T16:18:14,83.224617,-48.600754,nan
2024-06-07T16:18:13,83.224609,-48.600605,nan
2024-06-07T16:18:13,83.224602,-48.600456,nan
2024-06-07T16:18:12,83.224594,-48.600311,nan
2024-06-07T16:18:12,83.224586,-48.600166,nan
2024-06-07T16:18:11,83.224579,-48.600018,nan
2024-06-07T16:18:11,83.224579,-48.599869,nan
2024-06-07T16:18:10,83.224571,-48.599716,nan
2024-06-07T16:18:10,83.224564,-48.599567,nan
2024-06-07T16:18:09,83.224556,-48.599419,nan
2024-06-07T16:18:09,83.224548,-48.599270,nan
2024-06-07T16:18:08,83.224541,-48.599117,nan
2024-06-07T16:18:08,83.224533,-48.598965,nan
2024-06-07T16:18:07,83.224525,-48.598812,nan
2024-06-07T16:18:07,83.224518,-48.598663,nan
2024-06-07T16:18:06,83.224510,-48.598518,nan
2024-06-07T16:18:06,83.224503,-48.598373,nan
2024-06-07T16:18:05,83.224495,-48.598232,nan
2024-06-07T16:18:05,83.224487,-48.598091,nan
2024-06-07T16:18:04,83.224480,-48.597958,nan
2024-06-07T16:18:04,83.224480,-48.597824,nan
2024-06-07T16:18:03,83.224472,-48.597694,nan
2024-06-07T16:18:03,83.224464,-48.597569,nan
2024-06-07T16:18:02,83.224457,-48.597439,nan
2024-06-07T16:18:02,83.224449,-48.597309,nan
2024-06-07T16:18:01,83.224442,-48.597187,nan
2024-06-07T16:18:01,83.224434,-48.597065,nan
2024-06-07T16:18:00,83.224426,-48.596947,nan
2024-06-07T16:18:00,83.224426,-48.596832,nan
2024-06-07T16:17:59,83.224419,-48.596722,nan
2024-06-07T16:17:59,83.224411,-48.596615,nan
2024-06-07T16:17:58,83.224411,-48.596516,nan
2024-06-07T16:17:58,83.224403,-48.596420,nan
2024-06-07T16:17:57,83.224403,-48.596329,nan
2024-06-07T16:17:57,83.224396,-48.596237,nan
2024-06-07T16:17:56,83.224388,-48.596149,nan
2024-06-07T16:17:56,83.224388,-48.596066,nan
2024-06-07T16:17:55,83.224380,-48.595978,nan
2024-06-07T16:17:55,83.224380,-48.595890,nan
2024-06-07T16:17:54,83.224373,-48.595802,nan
2024-06-07T16:17:54,83.224365,-48.595715,nan
2024-06-07T16:17:53,83.224365,-48.595631,nan
2024-06-07T16:17:53,83.224365,-48.595551,nan
2024-06-07T16:17:52,83.224358,-48.595474,nan
2024-06-07T16:17:52,83.224358,-48.595402,nan
2024-06-07T16:17:51,83.224350,-48.595329,nan
2024-06-07T16:17:51,83.224350,-48.595253,nan
2024-06-07T16:17:50,83.224342,-48.595177,nan
2024-06-07T16:17:50,83.224342,-48.595100,nan
2024-06-07T16:17:49,83.224342,-48.595024,nan
2024-06-07T16:17:49,83.224335,-48.594952,nan
2024-06-07T16:17:48,83.224327,-48.594875,nan
2024-06-07T16:17:48,83.224327,-48.594799,nan
2024-06-07T16:17:47,83.224319,-48.594719,nan
2024-06-07T16:17:47,83.224312,-48.594646,nan
2024-06-07T16:17:46,83.224304,-48.594574,nan
2024-06-07T16:17:46,83.224304,-48.594501,nan
2024-06-07T16:17:45,83.224297,-48.594433,nan
2024-06-07T16:17:45,83.224289,-48.594368,nan
2024-06-07T16:17:44,83.224281,-48.594307,nan
2024-06-07T16:17:44,83.224281,-48.594250,nan
2024-06-07T16:17:43,83.224274,-48.594196,nan
2024-06-07T16:17:43,83.224266,-48.594143,nan
2024-06-07T16:17:42,83.224258,-48.594090,nan
2024-06-07T16:17:42,83.224251,-48.594036,nan
2024-06-07T16:17:41,83.224251,-48.593983,nan
2024-06-07T16:17:41,83.224243,-48.593929,nan
2024-06-07T16:17:40,83.224236,-48.593880,nan
2024-06-07T16:17:40,83.224236,-48.593830,nan
2024-06-07T16:17:39,83.224228,-48.593781,nan
2024-06-07T16:17:38,83.224220,-48.593681,nan
2024-06-07T16:17:38,83.224220,-48.593632,nan
2024-06-07T16:17:37,83.224213,-48.593578,nan
2024-06-07T16:17:37,83.224213,-48.593529,nan
2024-06-07T16:17:36,83.224205,-48.593475,nan
2024-06-07T16:17:36,83.224205,-48.593422,nan
2024-06-07T16:17:35,83.224197,-48.593369,nan
2024-06-07T16:17:35,83.224190,-48.593311,nan
2024-06-07T16:17:34,83.224190,-48.593258,nan
2024-06-07T16:17:34,83.224182,-48.593204,nan
2024-06-07T16:17:33,83.224182,-48.593147,nan
2024-06-07T16:17:33,83.224174,-48.593090,nan
2024-06-07T16:17:32,83.224174,-48.593037,nan
2024-06-07T16:17:32,83.224167,-48.592979,nan
2024-06-07T16:17:31,83.224159,-48.592922,nan
2024-06-07T16:17:31,83.224159,-48.592861,nan
2024-06-07T16:17:30,83.224152,-48.592800,nan
2024-06-07T16:17:30,83.224152,-48.592731,nan
2024-06-07T16:17:29,83.224144,-48.592663,nan
2024-06-07T16:17:29,83.224144,-48.592590,nan
2024-06-07T16:17:28,83.224136,-48.592514,nan
2024-06-07T16:17:28,83.224136,-48.592438,nan
2024-06-07T16:17:27,83.224129,-48.592361,nan
2024-06-07T16:17:27,83.224129,-48.592285,nan
2024-06-07T16:17:26,83.224121,-48.592209,nan
2024-06-07T16:17:26,83.224121,-48.592129,nan
2024-06-07T16:17:25,83.224113,-48.592049,nan
2024-06-07T16:17:25,83.224113,-48.591965,nan
2024-06-07T16:17:24,83.224106,-48.591885,nan
2024-06-07T16:17:24,83.224106,-48.591808,nan
2024-06-07T16:17:23,83.224098,-48.591732,nan
2024-06-07T16:17:23,83.224098,-48.591660,nan
2024-06-07T16:17:22,83.224091,-48.591591,nan
2024-06-07T16:17:22,83.224091,-48.591522,nan
2024-06-07T16:17:21,83.224083,-48.591461,nan
2024-06-07T16:17:21,83.224083,-48.591396,nan
2024-06-07T16:17:20,83.224075,-48.591335,nan
2024-06-07T16:17:20,83.224075,-48.591274,nan
2024-06-07T16:17:19,83.224075,-48.591209,nan
2024-06-07T16:17:19,83.224075,-48.591148,nan
2024-06-07T16:17:18,83.224075,-48.591084,nan
2024-06-07T16:17:18,83.224075,-48.591019,nan
2024-06-07T16:17:17,83.224075,-48.590961,nan
2024-06-07T16:17:17,83.224075,-48.590900,nan
2024-06-07T16:17:16,83.224075,-48.590847,nan
2024-06-07T16:17:16,83.224075,-48.590794,nan
2024-06-07T16:17:15,83.224075,-48.590740,nan
2024-06-07T16:17:15,83.224083,-48.590691,nan
2024-06-07T16:17:14,83.224083,-48.590645,nan
2024-06-07T16:17:14,83.224091,-48.590603,nan
2024-06-07T16:17:13,83.224091,-48.590565,nan
2024-06-07T16:17:13,83.224098,-48.590530,nan
2024-06-07T16:17:12,83.224106,-48.590500,nan
2024-06-07T16:17:12,83.224106,-48.590469,nan
2024-06-07T16:17:11,83.224113,-48.590439,nan
2024-06-07T16:17:11,83.224121,-48.590405,nan
2024-06-07T16:17:10,83.224121,-48.590378,nan
2024-06-07T16:17:10,83.224129,-48.590343,nan
2024-06-07T16:17:09,83.224129,-48.590309,nan
2024-06-07T16:17:09,83.224136,-48.590279,nan
2024-06-07T16:17:08,83.224136,-48.590244,nan
2024-06-07T16:17:08,83.224144,-48.590218,nan
2024-06-07T16:17:07,83.224144,-48.590191,nan
2024-06-07T16:17:07,83.224152,-48.590164,nan
2024-06-07T16:17:06,83.224159,-48.590145,nan
2024-06-07T16:17:06,83.224159,-48.590130,nan
2024-06-07T16:17:05,83.224167,-48.590118,nan
2024-06-07T16:17:05,83.224174,-48.590115,nan
2024-06-07T16:17:04,83.224174,-48.590111,nan
2024-06-07T16:17:04,83.224182,-48.590115,nan
2024-06-07T16:17:03,83.224182,-48.590118,nan
2024-06-07T16:17:03,83.224190,-48.590130,nan
2024-06-07T16:17:02,83.224190,-48.590137,nan
2024-06-07T16:17:02,83.224197,-48.590149,nan
2024-06-07T16:17:01,83.224197,-48.590160,nan
2024-06-07T16:17:01,83.224197,-48.590172,nan
2024-06-07T16:17:00,83.224205,-48.590183,nan
2024-06-07T16:17:00,83.224205,-48.590199,nan
2024-06-07T16:16:59,83.224205,-48.590214,nan
2024-06-07T16:16:59,83.224213,-48.590233,nan
2024-06-07T16:16:58,83.224213,-48.590248,nan
2024-06-07T16:16:58,83.224213,-48.590271,nan
2024-06-07T16:16:57,83.224213,-48.590294,nan
2024-06-07T16:16:57,83.224213,-48.590317,nan
2024-06-07T16:16:56,83.224213,-48.590340,nan
2024-06-07T16:16:56,83.224213,-48.590363,nan
2024-06-07T16:16:55,83.224213,-48.590385,nan
2024-06-07T16:16:55,83.224213,-48.590408,nan
2024-06-07T16:16:54,83.224205,-48.590435,nan
2024-06-07T16:16:54,83.224205,-48.590458,nan
2024-06-07T16:16:53,83.224197,-48.590485,nan
2024-06-07T16:16:53,83.224197,-48.590511,nan
2024-06-07T16:16:52,83.224190,-48.590534,nan
2024-06-07T16:16:52,83.224190,-48.590565,nan
2024-06-07T16:16:51,83.224182,-48.590595,nan
2024-06-07T16:16:51,83.224174,-48.590626,nan
2024-06-07T16:16:50,83.224174,-48.590652,nan
2024-06-07T16:16:50,83.224167,-48.590679,nan
2024-06-07T16:16:49,83.224159,-48.590706,nan
2024-06-07T16:16:49,83.224152,-48.590729,nan
2024-06-07T16:16:48,83.224144,-48.590755,nan
2024-06-07T16:16:47,83.224136,-48.590809,nan
2024-06-07T16:16:47,83.224129,-48.590836,nan
2024-06-07T16:16:46,83.224113,-48.590870,nan
2024-06-07T16:16:46,83.224106,-48.590900,nan
2024-06-07T16:16:45,83.224098,-48.590935,nan
2024-06-07T16:16:45,83.224091,-48.590965,nan
2024-06-07T16:16:44,83.224083,-48.591003,nan
2024-06-07T16:16:44,83.224068,-48.591038,nan
2024-06-07T16:16:43,83.224060,-48.591072,nan
2024-06-07T16:16:43,83.224052,-48.591110,nan
2024-06-07T16:16:42,83.224045,-48.591145,nan
2024-06-07T16:16:42,83.224030,-48.591183,nan
2024-06-07T16:16:41,83.224022,-48.591221,nan
2024-06-07T16:16:41,83.224014,-48.591259,nan
2024-06-07T16:16:40,83.224007,-48.591297,nan
2024-06-07T16:16:40,83.223999,-48.591331,nan
2024-06-07T16:16:39,83.223984,-48.591370,nan
2024-06-07T16:16:39,83.223976,-48.591408,nan
2024-06-07T16:16:38,83.223953,-48.591488,nan
2024-06-07T16:16:37,83.223946,-48.591522,nan
2024-06-07T16:16:37,83.223930,-48.591560,nan
2024-06-07T16:16:36,83.223923,-48.591599,nan
2024-06-07T16:16:36,83.223915,-48.591637,nan
2024-06-07T16:16:35,83.223900,-48.591679,nan
2024-06-07T16:16:35,83.223892,-48.591717,nan
2024-06-07T16:16:34,83.223877,-48.591751,nan
2024-06-07T16:16:34,83.223869,-48.591789,nan
2024-06-07T16:16:33,83.223854,-48.591827,nan
2024-06-07T16:16:33,83.223846,-48.591866,nan
2024-06-07T16:16:32,83.223831,-48.591908,nan
2024-06-07T16:16:32,83.223824,-48.591949,nan
2024-06-07T16:16:31,83.223808,-48.591995,nan
2024-06-07T16:16:31,83.223793,-48.592045,nan
2024-06-07T16:16:30,83.223785,-48.592091,nan
2024-06-07T16:16:30,83.223770,-48.592140,nan
2024-06-07T16:16:29,83.223755,-48.592190,nan
2024-06-07T16:16:29,83.223740,-48.592236,nan
2024-06-07T16:16:28,83.223724,-48.592289,nan
2024-06-07T16:16:28,83.223717,-48.592342,nan
2024-06-07T16:16:27,83.223701,-48.592396,nan
2024-06-07T16:16:27,83.223686,-48.592453,nan
2024-06-07T16:16:26,83.223671,-48.592506,nan
2024-06-07T16:16:26,83.223656,-48.592560,nan
2024-06-07T16:16:25,83.223640,-48.592609,nan
2024-06-07T16:16:25,83.223625,-48.592659,nan
2024-06-07T16:16:24,83.223610,-48.592712,nan
2024-06-07T16:16:24,83.223595,-48.592758,nan
2024-06-07T16:16:23,83.223579,-48.592812,nan
2024-06-07T16:16:23,83.223564,-48.592861,nan
2024-06-07T16:16:22,83.223549,-48.592918,nan
2024-06-07T16:16:22,83.223534,-48.592968,nan
2024-06-07T16:16:21,83.223518,-48.593021,nan
2024-06-07T16:16:21,83.223503,-48.593079,nan
2024-06-07T16:16:20,83.223480,-48.593140,nan
2024-06-07T16:16:20,83.223465,-48.593201,nan
2024-06-07T16:16:19,83.223450,-48.593266,nan
2024-06-07T16:16:19,83.223434,-48.593334,nan
2024-06-07T16:16:18,83.223419,-48.593410,nan
2024-06-07T16:16:18,83.223404,-48.593487,nan
2024-06-07T16:16:17,83.223389,-48.593563,nan
2024-06-07T16:16:17,83.223373,-48.593643,nan
2024-06-07T16:16:16,83.223366,-48.593719,nan
2024-06-07T16:16:16,83.223351,-48.593803,nan
2024-06-07T16:16:15,83.223335,-48.593884,nan
2024-06-07T16:16:15,83.223328,-48.593967,nan
2024-06-07T16:16:14,83.223312,-48.594055,nan
2024-06-07T16:16:14,83.223305,-48.594139,nan
2024-06-07T16:16:13,83.223289,-48.594227,nan
2024-06-07T16:16:13,83.223274,-48.594315,nan
2024-06-07T16:16:12,83.223267,-48.594398,nan
2024-06-07T16:16:12,83.223259,-48.594486,nan
2024-06-07T16:16:11,83.223244,-48.594574,nan
2024-06-07T16:16:11,83.223236,-48.594662,nan
2024-06-07T16:16:10,83.223228,-48.594749,nan
2024-06-07T16:16:10,83.223213,-48.594845,nan
2024-06-07T16:16:09,83.223206,-48.594940,nan
2024-06-07T16:16:09,83.223198,-48.595039,nan
2024-06-07T16:16:08,83.223190,-48.595135,nan
2024-06-07T16:16:08,83.223175,-48.595238,nan
2024-06-07T16:16:07,83.223167,-48.595341,nan
2024-06-07T16:16:07,83.223160,-48.595444,nan
2024-06-07T16:16:06,83.223152,-48.595547,nan
2024-06-07T16:16:06,83.223137,-48.595654,nan
2024-06-07T16:16:05,83.223129,-48.595760,nan
2024-06-07T16:16:05,83.223122,-48.595871,nan
2024-06-07T16:16:04,83.223114,-48.595978,nan
2024-06-07T16:16:04,83.223106,-48.596088,nan
2024-06-07T16:16:03,83.223091,-48.596203,nan
2024-06-07T16:16:03,83.223083,-48.596317,nan
2024-06-07T16:16:02,83.223076,-48.596439,nan
2024-06-07T16:16:02,83.223068,-48.596561,nan
2024-06-07T16:16:01,83.223061,-48.596680,nan
2024-06-07T16:16:01,83.223045,-48.596806,nan
2024-06-07T16:16:00,83.223038,-48.596928,nan
2024-06-07T16:16:00,83.223030,-48.597057,nan
2024-06-07T16:15:59,83.223022,-48.597183,nan
2024-06-07T16:15:59,83.223015,-48.597313,nan
2024-06-07T16:15:58,83.223007,-48.597443,nan
2024-06-07T16:15:58,83.223000,-48.597572,nan
2024-06-07T16:15:57,83.222984,-48.597706,nan
2024-06-07T16:15:57,83.222977,-48.597839,nan
2024-06-07T16:15:56,83.222969,-48.597977,nan
2024-06-07T16:15:56,83.222961,-48.598114,nan
2024-06-07T16:15:55,83.222954,-48.598255,nan
2024-06-07T16:15:55,83.222946,-48.598396,nan
2024-06-07T16:15:54,83.222939,-48.598545,nan
2024-06-07T16:15:54,83.222931,-48.598690,nan
2024-06-07T16:15:53,83.222923,-48.598839,nan
2024-06-07T16:15:53,83.222916,-48.598980,nan
2024-06-07T16:15:52,83.222908,-48.599121,nan
2024-06-07T16:15:52,83.222900,-48.599258,nan
2024-06-07T16:15:51,83.222893,-48.599400,nan
2024-06-07T16:15:51,83.222885,-48.599537,nan
2024-06-07T16:15:50,83.222878,-48.599667,nan
2024-06-07T16:15:50,83.222870,-48.599792,nan
2024-06-07T16:15:49,83.222862,-48.599907,nan
2024-06-07T16:15:49,83.222855,-48.600025,nan
2024-06-07T16:15:48,83.222839,-48.600140,nan
2024-06-07T16:15:48,83.222832,-48.600262,nan
2024-06-07T16:15:47,83.222824,-48.600380,nan
2024-06-07T16:15:47,83.222816,-48.600498,nan
2024-06-07T16:15:46,83.222801,-48.600616,nan
2024-06-07T16:15:46,83.222794,-48.600735,nan
2024-06-07T16:15:45,83.222778,-48.600853,nan
2024-06-07T16:15:45,83.222771,-48.600967,nan
2024-06-07T16:15:44,83.222755,-48.601082,nan
2024-06-07T16:15:44,83.222748,-48.601196,nan
2024-06-07T16:15:43,83.222733,-48.601315,nan
2024-06-07T16:15:43,83.222717,-48.601433,nan
2024-06-07T16:15:42,83.222710,-48.601551,nan
2024-06-07T16:15:42,83.222694,-48.601665,nan
2024-06-07T16:15:41,83.222679,-48.601776,nan
2024-06-07T16:15:41,83.222664,-48.601891,nan
2024-06-07T16:15:40,83.222649,-48.602001,nan
2024-06-07T16:15:40,83.222633,-48.602116,nan
2024-06-07T16:15:39,83.222618,-48.602226,nan
2024-06-07T16:15:39,83.222603,-48.602333,nan
2024-06-07T16:15:38,83.222580,-48.602440,nan
2024-06-07T16:15:38,83.222565,-48.602543,nan
2024-06-07T16:15:37,83.222549,-48.602650,nan
2024-06-07T16:15:37,83.222534,-48.602757,nan
2024-06-07T16:15:36,83.222511,-48.602863,nan
2024-06-07T16:15:36,83.222496,-48.602974,nan
2024-06-07T16:15:35,83.222473,-48.603088,nan
2024-06-07T16:15:35,83.222450,-48.603210,nan
2024-06-07T16:15:34,83.222427,-48.603340,nan
2024-06-07T16:15:34,83.222404,-48.603474,nan
2024-06-07T16:15:33,83.222389,-48.603611,nan
2024-06-07T16:15:33,83.222366,-48.603752,nan
2024-06-07T16:15:32,83.222343,-48.603889,nan
2024-06-07T16:15:32,83.222321,-48.604034,nan
2024-06-07T16:15:31,83.222298,-48.604183,nan
2024-06-07T16:15:31,83.222282,-48.604328,nan
2024-06-07T16:15:30,83.222260,-48.604473,nan
2024-06-07T16:15:30,83.222237,-48.604622,nan
2024-06-07T16:15:29,83.222214,-48.604767,nan
2024-06-07T16:15:29,83.222198,-48.604919,nan
2024-06-07T16:15:28,83.222176,-48.605068,nan
2024-06-07T16:15:28,83.222160,-48.605221,nan
2024-06-07T16:15:27,83.222137,-48.605373,nan
2024-06-07T16:15:27,83.222122,-48.605526,nan
2024-06-07T16:15:26,83.222107,-48.605682,nan
2024-06-07T16:15:26,83.222084,-48.605843,nan
2024-06-07T16:15:25,83.222069,-48.606007,nan
2024-06-07T16:15:25,83.222054,-48.606171,nan
2024-06-07T16:15:24,83.222038,-48.606335,nan
2024-06-07T16:15:24,83.222015,-48.606503,nan
2024-06-07T16:15:23,83.222000,-48.606674,nan
2024-06-07T16:15:23,83.221985,-48.606850,nan
2024-06-07T16:15:22,83.221970,-48.607029,nan
2024-06-07T16:15:22,83.221947,-48.607204,nan
2024-06-07T16:15:21,83.221931,-48.607376,nan
2024-06-07T16:15:21,83.221909,-48.607552,nan
2024-06-07T16:15:20,83.221893,-48.607731,nan
2024-06-07T16:15:20,83.221870,-48.607910,nan
2024-06-07T16:15:19,83.221855,-48.608086,nan
2024-06-07T16:15:19,83.221832,-48.608265,nan
2024-06-07T16:15:18,83.221809,-48.608440,nan
2024-06-07T16:15:18,83.221794,-48.608627,nan
2024-06-07T16:15:17,83.221771,-48.608810,nan
2024-06-07T16:15:17,83.221748,-48.608997,nan
2024-06-07T16:15:16,83.221733,-48.609180,nan
2024-06-07T16:15:16,83.221710,-48.609367,nan
2024-06-07T16:15:15,83.221687,-48.609558,nan
2024-06-07T16:15:15,83.221664,-48.609753,nan
2024-06-07T16:15:14,83.221649,-48.609943,nan
2024-06-07T16:15:14,83.221626,-48.610134,nan
2024-06-07T16:15:13,83.221611,-48.610329,nan
2024-06-07T16:15:13,83.221588,-48.610527,nan
2024-06-07T16:15:12,83.221573,-48.610729,nan
2024-06-07T16:15:12,83.221550,-48.610931,nan
2024-06-07T16:15:11,83.221535,-48.611130,nan
2024-06-07T16:15:11,83.221512,-48.611340,nan
2024-06-07T16:15:10,83.221489,-48.611549,nan
2024-06-07T16:15:10,83.221474,-48.611767,nan
2024-06-07T16:15:09,83.221451,-48.611980,nan
2024-06-07T16:15:09,83.221436,-48.612198,nan
2024-06-07T16:15:08,83.221413,-48.612415,nan
2024-06-07T16:15:08,83.221390,-48.612640,nan
2024-06-07T16:15:07,83.221375,-48.612869,nan
2024-06-07T16:15:07,83.221352,-48.613098,nan
2024-06-07T16:15:06,83.221329,-48.613331,nan
2024-06-07T16:15:06,83.221313,-48.613564,nan
2024-06-07T16:15:05,83.221291,-48.613804,nan
2024-06-07T16:15:05,83.221268,-48.614040,nan
2024-06-07T16:15:04,83.221252,-48.614285,nan
2024-06-07T16:15:04,83.221230,-48.614525,nan
2024-06-07T16:15:03,83.221214,-48.614765,nan
2024-06-07T16:15:03,83.221191,-48.615013,nan
2024-06-07T16:15:02,83.221169,-48.615273,nan
2024-06-07T16:15:02,83.221146,-48.615528,nan
2024-06-07T16:15:01,83.221123,-48.615788,nan
2024-06-07T16:15:01,83.221100,-48.616047,nan
2024-06-07T16:15:00,83.221077,-48.616306,nan
2024-06-07T16:15:00,83.221046,-48.616573,nan
2024-06-07T16:14:59,83.221024,-48.616844,nan
2024-06-07T16:14:59,83.221001,-48.617119,nan
2024-06-07T16:14:58,83.220978,-48.617397,nan
2024-06-07T16:14:58,83.220947,-48.617680,nan
2024-06-07T16:14:57,83.220924,-48.617966,nan
2024-06-07T16:14:57,83.220894,-48.618252,nan
2024-06-07T16:14:56,83.220871,-48.618538,nan
2024-06-07T16:14:56,83.220840,-48.618820,nan
2024-06-07T16:14:55,83.220818,-48.619099,nan
2024-06-07T16:14:55,83.220795,-48.619373,nan
2024-06-07T16:14:54,83.220764,-48.619656,nan
2024-06-07T16:14:54,83.220734,-48.619934,nan
2024-06-07T16:14:53,83.220711,-48.620213,nan
2024-06-07T16:14:53,83.220680,-48.620487,nan
2024-06-07T16:14:52,83.220657,-48.620762,nan
2024-06-07T16:14:52,83.220627,-48.621040,nan
2024-06-07T16:14:51,83.220596,-48.621319,nan
2024-06-07T16:14:51,83.220573,-48.621601,nan
2024-06-07T16:14:50,83.220543,-48.621887,nan
2024-06-07T16:14:50,83.220520,-48.622169,nan
2024-06-07T16:14:49,83.220490,-48.622452,nan
2024-06-07T16:14:49,83.220467,-48.622738,nan
2024-06-07T16:14:48,83.220436,-48.623028,nan
2024-06-07T16:14:48,83.220413,-48.623325,nan
2024-06-07T16:14:47,83.220390,-48.623619,nan
2024-06-07T16:14:47,83.220360,-48.623913,nan
2024-06-07T16:14:46,83.220337,-48.624203,nan
2024-06-07T16:14:46,83.220314,-48.624500,nan
2024-06-07T16:14:45,83.220291,-48.624805,nan
2024-06-07T16:14:45,83.220268,-48.625111,nan
2024-06-07T16:14:44,83.220245,-48.625416,nan
2024-06-07T16:14:44,83.220222,-48.625725,nan
2024-06-07T16:14:43,83.220200,-48.626038,nan
2024-06-07T16:14:43,83.220169,-48.626354,nan
2024-06-07T16:14:42,83.220146,-48.626678,nan
2024-06-07T16:14:42,83.220123,-48.627007,nan
2024-06-07T16:14:41,83.220100,-48.627342,nan
2024-06-07T16:14:41,83.220078,-48.627689,nan
2024-06-07T16:14:40,83.220055,-48.628040,nan
2024-06-07T16:14:40,83.220032,-48.628407,nan
2024-06-07T16:14:39,83.220009,-48.628769,nan
2024-06-07T16:14:39,83.219986,-48.629135,nan
2024-06-07T16:14:38,83.219963,-48.629501,nan
2024-06-07T16:14:38,83.219940,-48.629875,nan
2024-06-07T16:14:37,83.219917,-48.630257,nan
2024-06-07T16:14:37,83.219894,-48.630642,nan
2024-06-07T16:14:36,83.219872,-48.631027,nan
2024-06-07T16:14:36,83.219849,-48.631409,nan
2024-06-07T16:14:35,83.219826,-48.631794,nan
2024-06-07T16:14:35,83.219803,-48.632179,nan
2024-06-07T16:14:34,83.219780,-48.632568,nan
2024-06-07T16:14:34,83.219757,-48.632961,nan
2024-06-07T16:14:33,83.219734,-48.633343,nan
2024-06-07T16:14:33,83.219711,-48.633724,nan
2024-06-07T16:14:32,83.219688,-48.634106,nan
2024-06-07T16:14:32,83.219666,-48.634491,nan
2024-06-07T16:14:31,83.219635,-48.634876,nan
2024-06-07T16:14:31,83.219612,-48.635262,nan
2024-06-07T16:14:30,83.219589,-48.635643,nan
2024-06-07T16:14:30,83.219566,-48.636024,nan
2024-06-07T16:14:29,83.219543,-48.636410,nan
2024-06-07T16:14:29,83.219521,-48.636799,nan
2024-06-07T16:14:28,83.219490,-48.637184,nan
2024-06-07T16:14:28,83.219467,-48.637566,nan
2024-06-07T16:14:27,83.219444,-48.637943,nan
2024-06-07T16:14:27,83.219421,-48.638321,nan
2024-06-07T16:14:26,83.219391,-48.638706,nan
2024-06-07T16:14:26,83.219368,-48.639091,nan
2024-06-07T16:14:25,83.219345,-48.639477,nan
2024-06-07T16:14:25,83.219315,-48.639858,nan
2024-06-07T16:14:24,83.219292,-48.640240,nan
2024-06-07T16:14:24,83.219261,-48.640625,nan
2024-06-07T16:14:23,83.219238,-48.641010,nan
2024-06-07T16:14:23,83.219208,-48.641399,nan
2024-06-07T16:14:22,83.219185,-48.641785,nan
2024-06-07T16:14:22,83.219154,-48.642170,nan
2024-06-07T16:14:21,83.219124,-48.642555,nan
2024-06-07T16:14:21,83.219093,-48.642944,nan
2024-06-07T16:14:20,83.219063,-48.643337,nan
2024-06-07T16:14:20,83.219032,-48.643723,nan
2024-06-07T16:14:19,83.219002,-48.644104,nan
2024-06-07T16:14:19,83.218971,-48.644485,nan
2024-06-07T16:14:18,83.218941,-48.644867,nan
2024-06-07T16:14:18,83.218910,-48.645248,nan
2024-06-07T16:14:17,83.218880,-48.645630,nan
2024-06-07T16:14:17,83.218849,-48.646000,nan
2024-06-07T16:14:16,83.218819,-48.646374,nan
2024-06-07T16:14:16,83.218781,-48.646744,nan
2024-06-07T16:14:15,83.218750,-48.647121,nan
2024-06-07T16:14:15,83.218719,-48.647495,nan
2024-06-07T16:14:14,83.218689,-48.647877,nan
2024-06-07T16:14:14,83.218658,-48.648251,nan
2024-06-07T16:14:13,83.218620,-48.648624,nan
2024-06-07T16:14:13,83.218590,-48.648998,nan
2024-06-07T16:14:12,83.218559,-48.649380,nan
2024-06-07T16:14:12,83.218529,-48.649765,nan
2024-06-07T16:14:11,83.218498,-48.650146,nan
2024-06-07T16:14:11,83.218468,-48.650520,nan
2024-06-07T16:14:10,83.218430,-48.650898,nan
2024-06-07T16:14:10,83.218399,-48.651276,nan
2024-06-07T16:14:09,83.218369,-48.651657,nan
2024-06-07T16:14:09,83.218338,-48.652039,nan
2024-06-07T16:14:08,83.218307,-48.652420,nan
2024-06-07T16:14:08,83.218277,-48.652798,nan
2024-06-07T16:14:07,83.218246,-48.653175,nan
2024-06-07T16:14:07,83.218216,-48.653557,nan
2024-06-07T16:14:06,83.218185,-48.653938,nan
2024-06-07T16:14:06,83.218163,-48.654324,nan
2024-06-07T16:14:05,83.218124,-48.654705,nan
2024-06-07T16:14:05,83.218102,-48.655083,nan
2024-06-07T16:14:04,83.218071,-48.655460,nan
2024-06-07T16:14:04,83.218040,-48.655849,nan
2024-06-07T16:14:03,83.218010,-48.656235,nan
2024-06-07T16:14:03,83.217979,-48.656620,nan
2024-06-07T16:14:02,83.217949,-48.657001,nan
2024-06-07T16:14:02,83.217918,-48.657383,nan
2024-06-07T16:14:01,83.217888,-48.657764,nan
2024-06-07T16:14:01,83.217857,-48.658150,nan
2024-06-07T16:14:00,83.217827,-48.658535,nan
2024-06-07T16:14:00,83.217796,-48.658913,nan
2024-06-07T16:13:59,83.217766,-48.659286,nan
2024-06-07T16:13:59,83.217735,-48.659660,nan
2024-06-07T16:13:58,83.217705,-48.660038,nan
2024-06-07T16:13:58,83.217667,-48.660419,nan
2024-06-07T16:13:57,83.217644,-48.660801,nan
2024-06-07T16:13:57,83.217606,-48.661179,nan
2024-06-07T16:13:56,83.217575,-48.661552,nan
2024-06-07T16:13:56,83.217545,-48.661926,nan
2024-06-07T16:13:55,83.217514,-48.662304,nan
2024-06-07T16:13:55,83.217484,-48.662685,nan
2024-06-07T16:13:54,83.217445,-48.663059,nan
2024-06-07T16:13:54,83.217415,-48.663433,nan
2024-06-07T16:13:53,83.217384,-48.663803,nan
2024-06-07T16:13:53,83.217346,-48.664181,nan
2024-06-07T16:13:52,83.217316,-48.664558,nan
2024-06-07T16:13:52,83.217285,-48.664932,nan
2024-06-07T16:13:51,83.217255,-48.665306,nan
2024-06-07T16:13:51,83.217216,-48.665676,nan
2024-06-07T16:13:50,83.217186,-48.666054,nan
2024-06-07T16:13:50,83.217148,-48.666431,nan
2024-06-07T16:13:49,83.217117,-48.666813,nan
2024-06-07T16:13:49,83.217079,-48.667191,nan
2024-06-07T16:13:48,83.217049,-48.667568,nan
2024-06-07T16:13:48,83.217010,-48.667942,nan
2024-06-07T16:13:47,83.216980,-48.668320,nan
2024-06-07T16:13:47,83.216942,-48.668697,nan
2024-06-07T16:13:46,83.216904,-48.669083,nan
2024-06-07T16:13:46,83.216873,-48.669468,nan
2024-06-07T16:13:45,83.216835,-48.669849,nan
2024-06-07T16:13:45,83.216805,-48.670235,nan
2024-06-07T16:13:44,83.216766,-48.670620,nan
2024-06-07T16:13:44,83.216728,-48.671009,nan
2024-06-07T16:13:43,83.216698,-48.671398,nan
2024-06-07T16:13:43,83.216660,-48.671787,nan
2024-06-07T16:13:42,83.216621,-48.672169,nan
2024-06-07T16:13:42,83.216591,-48.672546,nan
2024-06-07T16:13:41,83.216553,-48.672924,nan
2024-06-07T16:13:41,83.216515,-48.673306,nan
2024-06-07T16:13:40,83.216484,-48.673691,nan
2024-06-07T16:13:40,83.216446,-48.674076,nan
2024-06-07T16:13:39,83.216415,-48.674458,nan
2024-06-07T16:13:39,83.216377,-48.674835,nan
2024-06-07T16:13:38,83.216339,-48.675217,nan
2024-06-07T16:13:38,83.216309,-48.675598,nan
2024-06-07T16:13:37,83.216270,-48.675983,nan
2024-06-07T16:13:37,83.216240,-48.676369,nan
2024-06-07T16:13:36,83.216209,-48.676750,nan
2024-06-07T16:13:36,83.216171,-48.677135,nan
2024-06-07T16:13:35,83.216141,-48.677521,nan
2024-06-07T16:13:35,83.216103,-48.677914,nan
2024-06-07T16:13:34,83.216064,-48.678307,nan
2024-06-07T16:13:34,83.216034,-48.678707,nan
2024-06-07T16:13:33,83.216003,-48.679108,nan
2024-06-07T16:13:33,83.215965,-48.679501,nan
2024-06-07T16:13:32,83.215927,-48.679897,nan
2024-06-07T16:13:32,83.215897,-48.680294,nan
2024-06-07T16:13:31,83.215858,-48.680698,nan
2024-06-07T16:13:31,83.215828,-48.681103,nan
2024-06-07T16:13:30,83.215790,-48.681511,nan
2024-06-07T16:13:30,83.215752,-48.681915,nan
2024-06-07T16:13:29,83.215721,-48.682320,nan
2024-06-07T16:13:29,83.215683,-48.682724,nan
2024-06-07T16:13:28,83.215652,-48.683128,nan
2024-06-07T16:13:28,83.215614,-48.683544,nan
2024-06-07T16:13:27,83.215576,-48.683960,nan
2024-06-07T16:13:27,83.215546,-48.684376,nan
2024-06-07T16:13:26,83.215508,-48.684788,nan
2024-06-07T16:13:26,83.215477,-48.685200,nan
2024-06-07T16:13:25,83.215439,-48.685608,nan
2024-06-07T16:13:25,83.215401,-48.686024,nan
2024-06-07T16:13:24,83.215370,-48.686436,nan
2024-06-07T16:13:24,83.215332,-48.686852,nan
2024-06-07T16:13:23,83.215302,-48.687267,nan
2024-06-07T16:13:23,83.215263,-48.687683,nan
2024-06-07T16:13:22,83.215233,-48.688103,nan
2024-06-07T16:13:22,83.215195,-48.688519,nan
2024-06-07T16:13:21,83.215164,-48.688934,nan
2024-06-07T16:13:21,83.215126,-48.689350,nan
2024-06-07T16:13:20,83.215096,-48.689770,nan
2024-06-07T16:13:20,83.215057,-48.690186,nan
2024-06-07T16:13:19,83.215019,-48.690605,nan
2024-06-07T16:13:19,83.214989,-48.691029,nan
2024-06-07T16:13:18,83.214951,-48.691448,nan
2024-06-07T16:13:18,83.214920,-48.691864,nan
2024-06-07T16:13:17,83.214882,-48.692284,nan
2024-06-07T16:13:17,83.214844,-48.692699,nan
2024-06-07T16:13:16,83.214813,-48.693115,nan
2024-06-07T16:13:16,83.214775,-48.693535,nan
2024-06-07T16:13:15,83.214745,-48.693951,nan
2024-06-07T16:13:15,83.214706,-48.694370,nan
2024-06-07T16:13:14,83.214676,-48.694790,nan
2024-06-07T16:13:14,83.214645,-48.695206,nan
2024-06-07T16:13:13,83.214615,-48.695621,nan
2024-06-07T16:13:13,83.214577,-48.696037,nan
2024-06-07T16:13:12,83.214546,-48.696453,nan
2024-06-07T16:13:12,83.214516,-48.696865,nan
2024-06-07T16:13:11,83.214485,-48.697281,nan
2024-06-07T16:13:11,83.214455,-48.697697,nan
2024-06-07T16:13:10,83.214424,-48.698116,nan
2024-06-07T16:13:10,83.214394,-48.698540,nan
2024-06-07T16:13:09,83.214355,-48.698959,nan
2024-06-07T16:13:09,83.214325,-48.699383,nan
2024-06-07T16:13:08,83.214294,-48.699799,nan
2024-06-07T16:13:08,83.214264,-48.700218,nan
2024-06-07T16:13:07,83.214233,-48.700642,nan
2024-06-07T16:13:07,83.214195,-48.701061,nan
2024-06-07T16:13:06,83.214165,-48.701485,nan
2024-06-07T16:13:06,83.214134,-48.701908,nan
2024-06-07T16:13:05,83.214096,-48.702328,nan
2024-06-07T16:13:05,83.214066,-48.702744,nan
2024-06-07T16:13:04,83.214027,-48.703163,nan
2024-06-07T16:13:04,83.213997,-48.703583,nan
2024-06-07T16:13:03,83.213966,-48.704006,nan
2024-06-07T16:13:03,83.213928,-48.704422,nan
2024-06-07T16:13:02,83.213890,-48.704842,nan
2024-06-07T16:13:02,83.213860,-48.705261,nan
2024-06-07T16:13:01,83.213821,-48.705681,nan
2024-06-07T16:13:01,83.213791,-48.706100,nan
2024-06-07T16:13:00,83.213753,-48.706516,nan
2024-06-07T16:13:00,83.213722,-48.706932,nan
2024-06-07T16:12:59,83.213684,-48.707340,nan
2024-06-07T16:12:59,83.213646,-48.707752,nan
2024-06-07T16:12:58,83.213608,-48.708164,nan
2024-06-07T16:12:58,83.213577,-48.708576,nan
2024-06-07T16:12:57,83.213539,-48.708988,nan
2024-06-07T16:12:57,83.213501,-48.709400,nan
2024-06-07T16:12:56,83.213463,-48.709812,nan
2024-06-07T16:12:56,83.213425,-48.710224,nan
2024-06-07T16:12:55,83.213387,-48.710636,nan
2024-06-07T16:12:55,83.213356,-48.711056,nan
2024-06-07T16:12:54,83.213318,-48.711475,nan
2024-06-07T16:12:54,83.213280,-48.711899,nan
2024-06-07T16:12:53,83.213249,-48.712315,nan
2024-06-07T16:12:53,83.213211,-48.712734,nan
2024-06-07T16:12:52,83.213173,-48.713150,nan
2024-06-07T16:12:52,83.213135,-48.713570,nan
2024-06-07T16:12:51,83.213104,-48.713989,nan
2024-06-07T16:12:51,83.213066,-48.714413,nan
2024-06-07T16:12:50,83.213028,-48.714836,nan
2024-06-07T16:12:50,83.212990,-48.715260,nan
2024-06-07T16:12:49,83.212952,-48.715687,nan
2024-06-07T16:12:49,83.212914,-48.716118,nan
2024-06-07T16:12:48,83.212875,-48.716545,nan
2024-06-07T16:12:48,83.212837,-48.716976,nan
2024-06-07T16:12:47,83.212807,-48.717407,nan
2024-06-07T16:12:47,83.212769,-48.717838,nan
2024-06-07T16:12:46,83.212730,-48.718273,nan
2024-06-07T16:12:46,83.212692,-48.718704,nan
2024-06-07T16:12:45,83.212654,-48.719139,nan
2024-06-07T16:12:45,83.212624,-48.719574,nan
2024-06-07T16:12:44,83.212585,-48.720009,nan
2024-06-07T16:12:44,83.212547,-48.720444,nan
2024-06-07T16:12:43,83.212517,-48.720875,nan
2024-06-07T16:12:43,83.212479,-48.721313,nan
2024-06-07T16:12:42,83.212440,-48.721748,nan
2024-06-07T16:12:42,83.212410,-48.722183,nan
2024-06-07T16:12:41,83.212372,-48.722614,nan
2024-06-07T16:12:41,83.212341,-48.723049,nan
2024-06-07T16:12:40,83.212311,-48.723480,nan
2024-06-07T16:12:40,83.212273,-48.723919,nan
2024-06-07T16:12:39,83.212242,-48.724354,nan
2024-06-07T16:12:39,83.212204,-48.724792,nan
2024-06-07T16:12:38,83.212173,-48.725231,nan
2024-06-07T16:12:38,83.212143,-48.725674,nan
2024-06-07T16:12:37,83.212105,-48.726124,nan
2024-06-07T16:12:37,83.212074,-48.726578,nan
2024-06-07T16:12:36,83.212036,-48.727032,nan
2024-06-07T16:12:36,83.211998,-48.727493,nan
2024-06-07T16:12:35,83.211967,-48.727959,nan
2024-06-07T16:12:35,83.211929,-48.728432,nan
2024-06-07T16:12:34,83.211899,-48.728909,nan
2024-06-07T16:12:34,83.211861,-48.729385,nan
2024-06-07T16:12:33,83.211823,-48.729870,nan
2024-06-07T16:12:33,83.211784,-48.730358,nan
2024-06-07T16:12:32,83.211746,-48.730850,nan
2024-06-07T16:12:32,83.211716,-48.731346,nan
2024-06-07T16:12:31,83.211678,-48.731846,nan
2024-06-07T16:12:31,83.211639,-48.732342,nan
2024-06-07T16:12:30,83.211601,-48.732838,nan
2024-06-07T16:12:30,83.211555,-48.733326,nan
2024-06-07T16:12:29,83.211517,-48.733818,nan
2024-06-07T16:12:29,83.211479,-48.734306,nan
2024-06-07T16:12:28,83.211441,-48.734795,nan
2024-06-07T16:12:28,83.211403,-48.735275,nan
2024-06-07T16:12:27,83.211365,-48.735760,nan
2024-06-07T16:12:27,83.211327,-48.736240,nan
2024-06-07T16:12:26,83.211281,-48.736725,nan
2024-06-07T16:12:26,83.211243,-48.737202,nan
2024-06-07T16:12:25,83.211205,-48.737679,nan
2024-06-07T16:12:25,83.211166,-48.738155,nan
2024-06-07T16:12:24,83.211121,-48.738632,nan
2024-06-07T16:12:24,83.211082,-48.739113,nan
2024-06-07T16:12:23,83.211044,-48.739590,nan
2024-06-07T16:12:23,83.210999,-48.740067,nan
2024-06-07T16:12:22,83.210960,-48.740547,nan
2024-06-07T16:12:22,83.210922,-48.741028,nan
2024-06-07T16:12:21,83.210876,-48.741508,nan
2024-06-07T16:12:21,83.210838,-48.741993,nan
2024-06-07T16:12:20,83.210800,-48.742474,nan
2024-06-07T16:12:20,83.210754,-48.742962,nan
2024-06-07T16:12:19,83.210716,-48.743446,nan
2024-06-07T16:12:19,83.210678,-48.743938,nan
2024-06-07T16:12:18,83.210632,-48.744431,nan
2024-06-07T16:12:18,83.210594,-48.744923,nan
2024-06-07T16:12:17,83.210548,-48.745419,nan
2024-06-07T16:12:17,83.210510,-48.745914,nan
2024-06-07T16:12:16,83.210464,-48.746410,nan
2024-06-07T16:12:16,83.210426,-48.746910,nan
2024-06-07T16:12:15,83.210388,-48.747410,nan
2024-06-07T16:12:15,83.210342,-48.747906,nan
2024-06-07T16:12:14,83.210304,-48.748405,nan
2024-06-07T16:12:14,83.210258,-48.748898,nan
2024-06-07T16:12:13,83.210220,-48.749393,nan
2024-06-07T16:12:13,83.210182,-48.749886,nan
2024-06-07T16:12:12,83.210136,-48.750378,nan
2024-06-07T16:12:12,83.210098,-48.750870,nan
2024-06-07T16:12:11,83.210060,-48.751358,nan
2024-06-07T16:12:11,83.210022,-48.751846,nan
2024-06-07T16:12:10,83.209984,-48.752331,nan
2024-06-07T16:12:10,83.209946,-48.752819,nan
2024-06-07T16:12:09,83.209908,-48.753304,nan
2024-06-07T16:12:09,83.209869,-48.753792,nan
2024-06-07T16:12:08,83.209831,-48.754280,nan
2024-06-07T16:12:08,83.209801,-48.754768,nan
2024-06-07T16:12:07,83.209763,-48.755257,nan
2024-06-07T16:12:07,83.209724,-48.755745,nan
2024-06-07T16:12:06,83.209686,-48.756237,nan
2024-06-07T16:12:06,83.209648,-48.756737,nan
2024-06-07T16:12:05,83.209610,-48.757244,nan
2024-06-07T16:12:05,83.209572,-48.757751,nan
2024-06-07T16:12:04,83.209534,-48.758270,nan
2024-06-07T16:12:04,83.209496,-48.758793,nan
2024-06-07T16:12:03,83.209457,-48.759323,nan
2024-06-07T16:12:03,83.209419,-48.759853,nan
2024-06-07T16:12:02,83.209373,-48.760387,nan
2024-06-07T16:12:02,83.209335,-48.760929,nan
2024-06-07T16:12:01,83.209297,-48.761478,nan
2024-06-07T16:12:01,83.209259,-48.762028,nan
2024-06-07T16:12:00,83.209221,-48.762585,nan
2024-06-07T16:12:00,83.209183,-48.763142,nan
2024-06-07T16:11:59,83.209152,-48.763702,nan
2024-06-07T16:11:59,83.209114,-48.764267,nan
2024-06-07T16:11:58,83.209076,-48.764828,nan
2024-06-07T16:11:58,83.209038,-48.765381,nan
2024-06-07T16:11:57,83.209000,-48.765934,nan
2024-06-07T16:11:57,83.208961,-48.766487,nan
2024-06-07T16:11:56,83.208923,-48.767036,nan
2024-06-07T16:11:56,83.208878,-48.767590,nan
2024-06-07T16:11:55,83.208839,-48.768139,nan
2024-06-07T16:11:55,83.208801,-48.768692,nan
2024-06-07T16:11:54,83.208763,-48.769253,nan
2024-06-07T16:11:54,83.208717,-48.769817,nan
2024-06-07T16:11:53,83.208679,-48.770386,nan
2024-06-07T16:11:53,83.208641,-48.770958,nan
2024-06-07T16:11:52,83.208603,-48.771538,nan
2024-06-07T16:11:52,83.208565,-48.772125,nan
2024-06-07T16:11:51,83.208527,-48.772720,nan
2024-06-07T16:11:51,83.208488,-48.773315,nan
2024-06-07T16:11:50,83.208450,-48.773918,nan
2024-06-07T16:11:50,83.208405,-48.774525,nan
2024-06-07T16:11:49,83.208366,-48.775143,nan
2024-06-07T16:11:49,83.208328,-48.775761,nan
2024-06-07T16:11:48,83.208290,-48.776382,nan
2024-06-07T16:11:48,83.208244,-48.777008,nan
2024-06-07T16:11:47,83.208206,-48.777637,nan
2024-06-07T16:11:47,83.208160,-48.778275,nan
2024-06-07T16:11:46,83.208122,-48.778912,nan
2024-06-07T16:11:46,83.208076,-48.779552,nan
2024-06-07T16:11:45,83.208031,-48.780197,nan
2024-06-07T16:11:45,83.207993,-48.780842,nan
2024-06-07T16:11:44,83.207947,-48.781487,nan
2024-06-07T16:11:44,83.207901,-48.782139,nan
2024-06-07T16:11:43,83.207855,-48.782787,nan
2024-06-07T16:11:43,83.207809,-48.783443,nan
2024-06-07T16:11:42,83.207764,-48.784103,nan
2024-06-07T16:11:42,83.207718,-48.784763,nan
2024-06-07T16:11:41,83.207664,-48.785427,nan
2024-06-07T16:11:41,83.207619,-48.786091,nan
2024-06-07T16:11:40,83.207573,-48.786766,nan
2024-06-07T16:11:40,83.207527,-48.787441,nan
2024-06-07T16:11:39,83.207474,-48.788120,nan
2024-06-07T16:11:39,83.207428,-48.788799,nan
2024-06-07T16:11:38,83.207382,-48.789482,nan
2024-06-07T16:11:38,83.207336,-48.790169,nan
2024-06-07T16:11:37,83.207283,-48.790863,nan
2024-06-07T16:11:37,83.207237,-48.791557,nan
2024-06-07T16:11:36,83.207191,-48.792255,nan
2024-06-07T16:11:36,83.207146,-48.792957,nan
2024-06-07T16:11:35,83.207092,-48.793667,nan
2024-06-07T16:11:35,83.207047,-48.794376,nan
2024-06-07T16:11:34,83.207001,-48.795086,nan
2024-06-07T16:11:34,83.206947,-48.795795,nan
2024-06-07T16:11:33,83.206902,-48.796501,nan
2024-06-07T16:11:33,83.206856,-48.797215,nan
2024-06-07T16:11:32,83.206802,-48.797924,nan
2024-06-07T16:11:32,83.206757,-48.798634,nan
2024-06-07T16:11:31,83.206703,-48.799347,nan
2024-06-07T16:11:31,83.206657,-48.800068,nan
2024-06-07T16:11:30,83.206604,-48.800789,nan
2024-06-07T16:11:30,83.206551,-48.801514,nan
2024-06-07T16:11:29,83.206497,-48.802238,nan
2024-06-07T16:11:29,83.206444,-48.802963,nan
2024-06-07T16:11:28,83.206390,-48.803692,nan
2024-06-07T16:11:28,83.206337,-48.804424,nan
2024-06-07T16:11:27,83.206284,-48.805157,nan
2024-06-07T16:11:27,83.206230,-48.805889,nan
2024-06-07T16:11:26,83.206177,-48.806622,nan
2024-06-07T16:11:26,83.206116,-48.807354,nan
2024-06-07T16:11:25,83.206062,-48.808086,nan
2024-06-07T16:11:25,83.206001,-48.808819,nan
2024-06-07T16:11:24,83.205948,-48.809551,nan
2024-06-07T16:11:24,83.205887,-48.810284,nan
2024-06-07T16:11:23,83.205826,-48.811016,nan
2024-06-07T16:11:23,83.205772,-48.811749,nan
2024-06-07T16:11:22,83.205711,-48.812489,nan
2024-06-07T16:11:22,83.205650,-48.813229,nan
2024-06-07T16:11:21,83.205589,-48.813976,nan
2024-06-07T16:11:21,83.205528,-48.814728,nan
2024-06-07T16:11:20,83.205467,-48.815483,nan
2024-06-07T16:11:20,83.205406,-48.816246,nan
2024-06-07T16:11:19,83.205345,-48.817009,nan
2024-06-07T16:11:19,83.205284,-48.817780,nan
2024-06-07T16:11:18,83.205223,-48.818550,nan
2024-06-07T16:11:18,83.205162,-48.819324,nan
2024-06-07T16:11:17,83.205101,-48.820103,nan
2024-06-07T16:11:17,83.205040,-48.820877,nan
2024-06-07T16:11:16,83.204971,-48.821659,nan
2024-06-07T16:11:16,83.204910,-48.822441,nan
2024-06-07T16:11:15,83.204849,-48.823227,nan
2024-06-07T16:11:15,83.204796,-48.824009,nan
2024-06-07T16:11:14,83.204735,-48.824791,nan
2024-06-07T16:11:14,83.204674,-48.825573,nan
2024-06-07T16:11:13,83.204620,-48.826359,nan
2024-06-07T16:11:13,83.204559,-48.827141,nan
2024-06-07T16:11:12,83.204506,-48.827923,nan
2024-06-07T16:11:12,83.204453,-48.828705,nan
2024-06-07T16:11:11,83.204391,-48.829483,nan
2024-06-07T16:11:11,83.204338,-48.830261,nan
2024-06-07T16:11:10,83.204285,-48.831039,nan
2024-06-07T16:11:10,83.204231,-48.831814,nan
2024-06-07T16:11:09,83.204185,-48.832588,nan
2024-06-07T16:11:09,83.204132,-48.833366,nan
2024-06-07T16:11:08,83.204086,-48.834141,nan
2024-06-07T16:11:08,83.204033,-48.834911,nan
2024-06-07T16:11:07,83.203987,-48.835682,nan
2024-06-07T16:11:07,83.203934,-48.836456,nan
2024-06-07T16:11:06,83.203888,-48.837231,nan
2024-06-07T16:11:06,83.203842,-48.837997,nan
2024-06-07T16:11:05,83.203796,-48.838768,nan
2024-06-07T16:11:05,83.203751,-48.839539,nan
2024-06-07T16:11:04,83.203697,-48.840305,nan
2024-06-07T16:11:04,83.203651,-48.841076,nan
2024-06-07T16:11:03,83.203613,-48.841839,nan
2024-06-07T16:11:03,83.203568,-48.842602,nan
2024-06-07T16:11:02,83.203522,-48.843365,nan
2024-06-07T16:11:02,83.203476,-48.844116,nan
2024-06-07T16:11:01,83.203430,-48.844864,nan
2024-06-07T16:11:01,83.203384,-48.845608,nan
2024-06-07T16:11:00,83.203339,-48.846344,nan
2024-06-07T16:11:00,83.203293,-48.847073,nan
2024-06-07T16:10:59,83.203247,-48.847790,nan
2024-06-07T16:10:59,83.203194,-48.848499,nan
2024-06-07T16:10:58,83.203148,-48.849201,nan
2024-06-07T16:10:58,83.203102,-48.849895,nan
2024-06-07T16:10:57,83.203056,-48.850578,nan
2024-06-07T16:10:57,83.203011,-48.851257,nan
2024-06-07T16:10:56,83.202965,-48.851933,nan
2024-06-07T16:10:56,83.202911,-48.852596,nan
2024-06-07T16:10:55,83.202873,-48.853256,nan
2024-06-07T16:10:55,83.202827,-48.853901,nan
2024-06-07T16:10:54,83.202782,-48.854538,nan
2024-06-07T16:10:54,83.202744,-48.855167,nan
2024-06-07T16:10:53,83.202705,-48.855789,nan
2024-06-07T16:10:53,83.202667,-48.856400,nan
2024-06-07T16:10:52,83.202629,-48.857006,nan
2024-06-07T16:10:52,83.202591,-48.857609,nan
2024-06-07T16:10:51,83.202553,-48.858196,nan
2024-06-07T16:10:51,83.202515,-48.858776,nan
2024-06-07T16:10:50,83.202484,-48.859344,nan
2024-06-07T16:10:50,83.202446,-48.859909,nan
2024-06-07T16:10:49,83.202408,-48.860462,nan
2024-06-07T16:10:49,83.202377,-48.861008,nan
2024-06-07T16:10:48,83.202339,-48.861542,nan
2024-06-07T16:10:48,83.202309,-48.862064,nan
2024-06-07T16:10:47,83.202278,-48.862579,nan
2024-06-07T16:10:47,83.202240,-48.863075,nan
2024-06-07T16:10:46,83.202209,-48.863560,nan
2024-06-07T16:10:46,83.202179,-48.864025,nan
2024-06-07T16:10:45,83.202148,-48.864479,nan
2024-06-07T16:10:45,83.202118,-48.864914,nan
2024-06-07T16:10:44,83.202087,-48.865334,nan
2024-06-07T16:10:44,83.202057,-48.865734,nan
2024-06-07T16:10:43,83.202034,-48.866131,nan
2024-06-07T16:10:43,83.202003,-48.866512,nan
2024-06-07T16:10:42,83.201981,-48.866886,nan
2024-06-07T16:10:42,83.201958,-48.867256,nan
2024-06-07T16:10:41,83.201935,-48.867622,nan
2024-06-07T16:10:41,83.201912,-48.867985,nan
2024-06-07T16:10:40,83.201897,-48.868332,nan
2024-06-07T16:10:40,83.201874,-48.868671,nan
2024-06-07T16:10:39,83.201851,-48.869011,nan
2024-06-07T16:10:39,83.201828,-48.869350,nan
2024-06-07T16:10:38,83.201813,-48.869682,nan
2024-06-07T16:10:38,83.201790,-48.870007,nan
2024-06-07T16:10:37,83.201767,-48.870335,nan
2024-06-07T16:10:37,83.201752,-48.870647,nan
2024-06-07T16:10:36,83.201729,-48.870956,nan
2024-06-07T16:10:36,83.201706,-48.871262,nan
2024-06-07T16:10:35,83.201683,-48.871559,nan
2024-06-07T16:10:35,83.201668,-48.871845,nan
2024-06-07T16:10:34,83.201645,-48.872124,nan
2024-06-07T16:10:34,83.201622,-48.872395,nan
2024-06-07T16:10:33,83.201599,-48.872654,nan
2024-06-07T16:10:33,83.201576,-48.872902,nan
2024-06-07T16:10:32,83.201553,-48.873142,nan
2024-06-07T16:10:32,83.201530,-48.873383,nan
2024-06-07T16:10:31,83.201508,-48.873611,nan
2024-06-07T16:10:31,83.201485,-48.873833,nan
2024-06-07T16:10:30,83.201469,-48.874050,nan
2024-06-07T16:10:30,83.201447,-48.874256,nan
2024-06-07T16:10:29,83.201431,-48.874462,nan
2024-06-07T16:10:29,83.201416,-48.874664,nan
2024-06-07T16:10:28,83.201401,-48.874859,nan
2024-06-07T16:10:28,83.201385,-48.875053,nan
2024-06-07T16:10:27,83.201370,-48.875244,nan
2024-06-07T16:10:27,83.201363,-48.875431,nan
2024-06-07T16:10:26,83.201347,-48.875614,nan
2024-06-07T16:10:26,83.201332,-48.875793,nan
2024-06-07T16:10:25,83.201324,-48.875969,nan
2024-06-07T16:10:25,83.201309,-48.876141,nan
2024-06-07T16:10:24,83.201294,-48.876301,nan
2024-06-07T16:10:24,83.201279,-48.876450,nan
2024-06-07T16:10:23,83.201263,-48.876591,nan
2024-06-07T16:10:23,83.201248,-48.876720,nan
2024-06-07T16:10:22,83.201233,-48.876842,nan
2024-06-07T16:10:22,83.201218,-48.876957,nan
2024-06-07T16:10:21,83.201202,-48.877068,nan
2024-06-07T16:10:21,83.201187,-48.877174,nan
2024-06-07T16:10:20,83.201164,-48.877285,nan
2024-06-07T16:10:20,83.201149,-48.877399,nan
2024-06-07T16:10:19,83.201134,-48.877510,nan
2024-06-07T16:10:19,83.201118,-48.877621,nan
2024-06-07T16:10:18,83.201103,-48.877728,nan
2024-06-07T16:10:18,83.201080,-48.877834,nan
2024-06-07T16:10:17,83.201065,-48.877945,nan
2024-06-07T16:10:17,83.201050,-48.878056,nan
2024-06-07T16:10:16,83.201035,-48.878166,nan
2024-06-07T16:10:16,83.201012,-48.878281,nan
2024-06-07T16:10:15,83.200996,-48.878391,nan
2024-06-07T16:10:15,83.200974,-48.878490,nan
2024-06-07T16:10:14,83.200958,-48.878590,nan
2024-06-07T16:10:14,83.200935,-48.878689,nan
2024-06-07T16:10:13,83.200920,-48.878784,nan
2024-06-07T16:10:13,83.200897,-48.878872,nan
2024-06-07T16:10:12,83.200874,-48.878956,nan
2024-06-07T16:10:12,83.200859,-48.879028,nan
2024-06-07T16:10:11,83.200844,-48.879093,nan
2024-06-07T16:10:11,83.200829,-48.879154,nan
2024-06-07T16:10:10,83.200813,-48.879215,nan
2024-06-07T16:10:10,83.200806,-48.879272,nan
2024-06-07T16:10:09,83.200790,-48.879330,nan
2024-06-07T16:10:09,83.200783,-48.879379,nan
2024-06-07T16:10:08,83.200768,-48.879433,nan
2024-06-07T16:10:08,83.200760,-48.879475,nan
2024-06-07T16:10:07,83.200752,-48.879513,nan
2024-06-07T16:10:07,83.200745,-48.879551,nan
2024-06-07T16:10:06,83.200737,-48.879593,nan
2024-06-07T16:10:06,83.200729,-48.879623,nan
2024-06-07T16:10:05,83.200722,-48.879650,nan
2024-06-07T16:10:05,83.200722,-48.879677,nan
2024-06-07T16:10:04,83.200714,-48.879707,nan
2024-06-07T16:10:04,83.200714,-48.879730,nan
2024-06-07T16:10:03,83.200706,-48.879761,nan
2024-06-07T16:10:03,83.200699,-48.879784,nan
2024-06-07T16:10:02,83.200691,-48.879803,nan
2024-06-07T16:10:02,83.200684,-48.879818,nan
2024-06-07T16:10:01,83.200676,-48.879829,nan
2024-06-07T16:10:01,83.200668,-48.879837,nan
2024-06-07T16:10:00,83.200661,-48.879837,nan
2024-06-07T16:10:00,83.200653,-48.879837,nan
2024-06-07T16:09:59,83.200645,-48.879837,nan
2024-06-07T16:09:59,83.200638,-48.879837,nan
2024-06-07T16:09:58,83.200630,-48.879841,nan
2024-06-07T16:09:58,83.200623,-48.879852,nan
2024-06-07T16:09:57,83.200615,-48.879864,nan
2024-06-07T16:09:57,83.200607,-48.879883,nan
2024-06-07T16:09:56,83.200600,-48.879910,nan
2024-06-07T16:09:56,83.200592,-48.879944,nan
2024-06-07T16:09:55,83.200592,-48.879986,nan
2024-06-07T16:09:55,83.200584,-48.880024,nan
2024-06-07T16:09:54,83.200577,-48.880070,nan
2024-06-07T16:09:54,83.200577,-48.880119,nan
2024-06-07T16:09:53,83.200577,-48.880165,nan
2024-06-07T16:09:53,83.200569,-48.880211,nan
2024-06-07T16:09:52,83.200569,-48.880257,nan
2024-06-07T16:09:52,83.200562,-48.880299,nan
2024-06-07T16:09:51,83.200562,-48.880337,nan
2024-06-07T16:09:51,83.200562,-48.880363,nan
2024-06-07T16:09:50,83.200554,-48.880383,nan
2024-06-07T16:09:50,83.200554,-48.880398,nan
2024-06-07T16:09:49,83.200546,-48.880409,nan
2024-06-07T16:09:49,83.200546,-48.880421,nan
2024-06-07T16:09:48,83.200539,-48.880428,nan
2024-06-07T16:09:48,83.200531,-48.880432,nan
2024-06-07T16:09:47,83.200516,-48.880440,nan
2024-06-07T16:09:47,83.200508,-48.880447,nan
2024-06-07T16:09:46,83.200500,-48.880463,nan
2024-06-07T16:09:46,83.200493,-48.880482,nan
2024-06-07T16:09:45,83.200478,-48.880501,nan
2024-06-07T16:09:45,83.200470,-48.880524,nan
2024-06-07T16:09:44,83.200455,-48.880547,nan
2024-06-07T16:09:44,83.200439,-48.880573,nan
2024-06-07T16:09:43,83.200424,-48.880608,nan
2024-06-07T16:09:43,83.200417,-48.880638,nan
2024-06-07T16:09:42,83.200401,-48.880672,nan
2024-06-07T16:09:42,83.200378,-48.880703,nan
2024-06-07T16:09:41,83.200363,-48.880737,nan
2024-06-07T16:09:41,83.200348,-48.880775,nan
2024-06-07T16:09:40,83.200333,-48.880814,nan
2024-06-07T16:09:40,83.200317,-48.880852,nan
2024-06-07T16:09:39,83.200294,-48.880882,nan
2024-06-07T16:09:39,83.200279,-48.880913,nan
2024-06-07T16:09:38,83.200264,-48.880939,nan
2024-06-07T16:09:38,83.200256,-48.880970,nan
2024-06-07T16:09:37,83.200241,-48.880993,nan
2024-06-07T16:09:37,83.200226,-48.881016,nan
2024-06-07T16:09:36,83.200218,-48.881042,nan
2024-06-07T16:09:36,83.200203,-48.881069,nan
2024-06-07T16:09:35,83.200188,-48.881100,nan
2024-06-07T16:09:35,83.200172,-48.881126,nan
2024-06-07T16:09:34,83.200165,-48.881149,nan
2024-06-07T16:09:34,83.200150,-48.881165,nan
2024-06-07T16:09:33,83.200134,-48.881168,nan
2024-06-07T16:09:33,83.200119,-48.881168,nan
2024-06-07T16:09:32,83.200111,-48.881157,nan
2024-06-07T16:09:32,83.200089,-48.881138,nan
2024-06-07T16:09:31,83.200073,-48.881107,nan
2024-06-07T16:09:31,83.200058,-48.881073,nan
2024-06-07T16:09:30,83.200043,-48.881027,nan
2024-06-07T16:09:30,83.200027,-48.880978,nan
2024-06-07T16:09:29,83.200005,-48.880917,nan
2024-06-07T16:09:29,83.199989,-48.880856,nan
2024-06-07T16:09:28,83.199966,-48.880787,nan
2024-06-07T16:09:28,83.199944,-48.880714,nan
2024-06-07T16:09:27,83.199921,-48.880638,nan
2024-06-07T16:09:27,83.199898,-48.880566,nan
2024-06-07T16:09:26,83.199875,-48.880466,nan
2024-06-07T16:09:26,83.199852,-48.880371,nan
2024-06-07T16:09:25,83.199829,-48.880280,nan
2024-06-07T16:09:25,83.199799,-48.880173,nan
2024-06-07T16:09:24,83.199760,-48.880047,nan
2024-06-07T16:09:24,83.199722,-48.879921,nan
2024-06-07T16:09:23,83.199677,-48.879742,nan
2024-06-07T16:09:23,83.199615,-48.879467,nan
2024-06-07T16:09:22,83.199532,-48.879070,nan
2024-06-07T16:09:22,83.199356,-48.877911,nan
2024-06-07T16:09:21,83.199005,-48.876007,nan
2024-06-07T16:09:21,83.198547,-48.873470,nan
2024-06-07T16:09:20,83.198219,-48.871979,nan
2024-06-07T16:09:20,83.197990,-48.870605,nan
2024-06-07T16:09:19,83.197777,-48.869316,nan
2024-06-07T16:09:16,83.199234,-48.878010,nan
2024-06-07T16:09:16,83.199997,-48.882301,nan
2024-06-07T16:09:15,83.200760,-48.886837,nan
2024-06-07T16:09:15,83.201515,-48.891521,nan
