datetime,lat,lon,elev
2024-05-30T14:18:13,84.599335,-61.874035,nan
2024-05-30T14:18:12,84.599335,-61.874138,nan
2024-05-30T14:18:12,84.599335,-61.874245,nan
2024-05-30T14:18:11,84.599342,-61.874359,nan
2024-05-30T14:18:11,84.599342,-61.874477,nan
2024-05-30T14:18:10,84.599342,-61.874588,nan
2024-05-30T14:18:10,84.599350,-61.874702,nan
2024-05-30T14:18:09,84.599358,-61.874817,nan
2024-05-30T14:18:09,84.599358,-61.874928,nan
2024-05-30T14:18:08,84.599365,-61.875042,nan
2024-05-30T14:18:08,84.599365,-61.875153,nan
2024-05-30T14:18:07,84.599373,-61.875259,nan
2024-05-30T14:18:07,84.599373,-61.875362,nan
2024-05-30T14:18:06,84.599380,-61.875458,nan
2024-05-30T14:18:06,84.599380,-61.875549,nan
2024-05-30T14:18:05,84.599388,-61.875641,nan
2024-05-30T14:18:05,84.599388,-61.875721,nan
2024-05-30T14:18:04,84.599396,-61.875793,nan
2024-05-30T14:18:04,84.599396,-61.875866,nan
2024-05-30T14:18:03,84.599396,-61.875931,nan
2024-05-30T14:18:03,84.599403,-61.875988,nan
2024-05-30T14:18:02,84.599403,-61.876041,nan
2024-05-30T14:18:02,84.599403,-61.876095,nan
2024-05-30T14:18:01,84.599403,-61.876144,nan
2024-05-30T14:18:01,84.599403,-61.876194,nan
2024-05-30T14:18:00,84.599403,-61.876240,nan
2024-05-30T14:18:00,84.599403,-61.876286,nan
2024-05-30T14:17:59,84.599403,-61.876328,nan
2024-05-30T14:17:59,84.599403,-61.876369,nan
2024-05-30T14:17:58,84.599403,-61.876408,nan
2024-05-30T14:17:58,84.599403,-61.876442,nan
2024-05-30T14:17:57,84.599403,-61.876480,nan
2024-05-30T14:17:57,84.599403,-61.876511,nan
2024-05-30T14:17:56,84.599403,-61.876537,nan
2024-05-30T14:17:56,84.599403,-61.876564,nan
2024-05-30T14:17:55,84.599403,-61.876591,nan
2024-05-30T14:17:55,84.599403,-61.876617,nan
2024-05-30T14:17:54,84.599403,-61.876640,nan
2024-05-30T14:17:54,84.599403,-61.876671,nan
2024-05-30T14:17:53,84.599396,-61.876694,nan
2024-05-30T14:17:53,84.599396,-61.876724,nan
2024-05-30T14:17:52,84.599388,-61.876751,nan
2024-05-30T14:17:52,84.599388,-61.876774,nan
2024-05-30T14:17:51,84.599380,-61.876801,nan
2024-05-30T14:17:51,84.599380,-61.876823,nan
2024-05-30T14:17:50,84.599373,-61.876842,nan
2024-05-30T14:17:50,84.599365,-61.876865,nan
2024-05-30T14:17:49,84.599365,-61.876881,nan
2024-05-30T14:17:49,84.599358,-61.876896,nan
2024-05-30T14:17:48,84.599358,-61.876919,nan
2024-05-30T14:17:48,84.599350,-61.876942,nan
2024-05-30T14:17:47,84.599342,-61.876965,nan
2024-05-30T14:17:47,84.599342,-61.876991,nan
2024-05-30T14:17:46,84.599335,-61.877018,nan
2024-05-30T14:17:46,84.599327,-61.877048,nan
2024-05-30T14:17:45,84.599327,-61.877087,nan
2024-05-30T14:17:45,84.599319,-61.877125,nan
2024-05-30T14:17:44,84.599312,-61.877171,nan
2024-05-30T14:17:44,84.599304,-61.877224,nan
2024-05-30T14:17:43,84.599297,-61.877281,nan
2024-05-30T14:17:43,84.599289,-61.877338,nan
2024-05-30T14:17:42,84.599281,-61.877399,nan
2024-05-30T14:17:42,84.599274,-61.877468,nan
2024-05-30T14:17:41,84.599266,-61.877541,nan
2024-05-30T14:17:41,84.599258,-61.877621,nan
2024-05-30T14:17:40,84.599258,-61.877701,nan
2024-05-30T14:17:40,84.599251,-61.877781,nan
2024-05-30T14:17:39,84.599243,-61.877865,nan
2024-05-30T14:17:39,84.599236,-61.877949,nan
2024-05-30T14:17:38,84.599236,-61.878040,nan
2024-05-30T14:17:38,84.599228,-61.878128,nan
2024-05-30T14:17:37,84.599220,-61.878220,nan
2024-05-30T14:17:37,84.599213,-61.878319,nan
2024-05-30T14:17:36,84.599213,-61.878418,nan
2024-05-30T14:17:36,84.599205,-61.878517,nan
2024-05-30T14:17:35,84.599197,-61.878620,nan
2024-05-30T14:17:35,84.599190,-61.878731,nan
2024-05-30T14:17:34,84.599190,-61.878841,nan
2024-05-30T14:17:34,84.599182,-61.878960,nan
2024-05-30T14:17:33,84.599174,-61.879082,nan
2024-05-30T14:17:33,84.599174,-61.879204,nan
2024-05-30T14:17:32,84.599167,-61.879330,nan
2024-05-30T14:17:32,84.599167,-61.879448,nan
2024-05-30T14:17:31,84.599159,-61.879566,nan
2024-05-30T14:17:31,84.599159,-61.879673,nan
2024-05-30T14:17:30,84.599159,-61.879772,nan
2024-05-30T14:17:30,84.599159,-61.879864,nan
2024-05-30T14:17:29,84.599152,-61.879944,nan
2024-05-30T14:17:29,84.599152,-61.880016,nan
2024-05-30T14:17:28,84.599152,-61.880085,nan
2024-05-30T14:17:28,84.599152,-61.880150,nan
2024-05-30T14:17:27,84.599152,-61.880207,nan
2024-05-30T14:17:27,84.599152,-61.880253,nan
2024-05-30T14:17:26,84.599152,-61.880295,nan
2024-05-30T14:17:26,84.599152,-61.880329,nan
2024-05-30T14:17:25,84.599152,-61.880356,nan
2024-05-30T14:17:25,84.599152,-61.880375,nan
2024-05-30T14:17:24,84.599152,-61.880390,nan
2024-05-30T14:17:24,84.599152,-61.880405,nan
2024-05-30T14:17:23,84.599152,-61.880413,nan
2024-05-30T14:17:23,84.599159,-61.880421,nan
2024-05-30T14:17:22,84.599159,-61.880421,nan
2024-05-30T14:17:22,84.599159,-61.880413,nan
2024-05-30T14:17:21,84.599159,-61.880402,nan
2024-05-30T14:17:21,84.599159,-61.880386,nan
2024-05-30T14:17:20,84.599159,-61.880379,nan
2024-05-30T14:17:20,84.599167,-61.880375,nan
2024-05-30T14:17:19,84.599167,-61.880375,nan
2024-05-30T14:17:19,84.599167,-61.880375,nan
2024-05-30T14:17:18,84.599167,-61.880379,nan
2024-05-30T14:17:18,84.599167,-61.880383,nan
2024-05-30T14:17:17,84.599174,-61.880383,nan
2024-05-30T14:17:17,84.599174,-61.880383,nan
2024-05-30T14:17:16,84.599174,-61.880383,nan
2024-05-30T14:17:16,84.599182,-61.880379,nan
2024-05-30T14:17:15,84.599182,-61.880367,nan
2024-05-30T14:17:15,84.599182,-61.880352,nan
2024-05-30T14:17:14,84.599190,-61.880333,nan
2024-05-30T14:17:14,84.599190,-61.880314,nan
2024-05-30T14:17:13,84.599190,-61.880287,nan
2024-05-30T14:17:13,84.599190,-61.880260,nan
2024-05-30T14:17:12,84.599197,-61.880234,nan
2024-05-30T14:17:12,84.599197,-61.880199,nan
2024-05-30T14:17:11,84.599197,-61.880165,nan
2024-05-30T14:17:11,84.599197,-61.880131,nan
2024-05-30T14:17:10,84.599205,-61.880096,nan
2024-05-30T14:17:10,84.599205,-61.880058,nan
2024-05-30T14:17:09,84.599205,-61.880024,nan
2024-05-30T14:17:09,84.599205,-61.879990,nan
2024-05-30T14:17:08,84.599213,-61.879955,nan
2024-05-30T14:17:08,84.599213,-61.879921,nan
2024-05-30T14:17:07,84.599213,-61.879887,nan
2024-05-30T14:17:07,84.599213,-61.879852,nan
2024-05-30T14:17:06,84.599220,-61.879818,nan
2024-05-30T14:17:06,84.599220,-61.879787,nan
2024-05-30T14:17:05,84.599220,-61.879757,nan
2024-05-30T14:17:05,84.599220,-61.879726,nan
2024-05-30T14:17:04,84.599228,-61.879696,nan
2024-05-30T14:17:04,84.599228,-61.879665,nan
2024-05-30T14:17:03,84.599228,-61.879635,nan
2024-05-30T14:17:03,84.599228,-61.879604,nan
2024-05-30T14:17:02,84.599236,-61.879574,nan
2024-05-30T14:17:02,84.599236,-61.879539,nan
2024-05-30T14:17:01,84.599236,-61.879505,nan
2024-05-30T14:17:01,84.599236,-61.879471,nan
2024-05-30T14:17:00,84.599236,-61.879436,nan
2024-05-30T14:17:00,84.599236,-61.879395,nan
2024-05-30T14:16:59,84.599243,-61.879356,nan
2024-05-30T14:16:59,84.599243,-61.879318,nan
2024-05-30T14:16:58,84.599243,-61.879280,nan
2024-05-30T14:16:58,84.599243,-61.879238,nan
2024-05-30T14:16:57,84.599243,-61.879204,nan
2024-05-30T14:16:57,84.599243,-61.879173,nan
2024-05-30T14:16:56,84.599251,-61.879139,nan
2024-05-30T14:16:56,84.599251,-61.879112,nan
2024-05-30T14:16:55,84.599251,-61.879089,nan
2024-05-30T14:16:55,84.599251,-61.879066,nan
2024-05-30T14:16:54,84.599251,-61.879044,nan
2024-05-30T14:16:54,84.599251,-61.879017,nan
2024-05-30T14:16:53,84.599251,-61.878990,nan
2024-05-30T14:16:53,84.599251,-61.878967,nan
2024-05-30T14:16:52,84.599251,-61.878941,nan
2024-05-30T14:16:52,84.599251,-61.878922,nan
2024-05-30T14:16:51,84.599251,-61.878899,nan
2024-05-30T14:16:51,84.599251,-61.878876,nan
2024-05-30T14:16:50,84.599251,-61.878853,nan
2024-05-30T14:16:50,84.599243,-61.878834,nan
2024-05-30T14:16:49,84.599243,-61.878815,nan
2024-05-30T14:16:49,84.599243,-61.878796,nan
2024-05-30T14:16:48,84.599243,-61.878777,nan
2024-05-30T14:16:48,84.599243,-61.878761,nan
2024-05-30T14:16:47,84.599243,-61.878746,nan
2024-05-30T14:16:47,84.599243,-61.878735,nan
2024-05-30T14:16:46,84.599236,-61.878723,nan
2024-05-30T14:16:46,84.599236,-61.878708,nan
2024-05-30T14:16:45,84.599236,-61.878696,nan
2024-05-30T14:16:45,84.599236,-61.878685,nan
2024-05-30T14:16:44,84.599236,-61.878674,nan
2024-05-30T14:16:44,84.599228,-61.878670,nan
2024-05-30T14:16:43,84.599228,-61.878670,nan
2024-05-30T14:16:43,84.599228,-61.878670,nan
2024-05-30T14:16:42,84.599220,-61.878674,nan
2024-05-30T14:16:42,84.599220,-61.878677,nan
2024-05-30T14:16:41,84.599220,-61.878685,nan
2024-05-30T14:16:41,84.599220,-61.878689,nan
2024-05-30T14:16:40,84.599220,-61.878689,nan
2024-05-30T14:16:40,84.599213,-61.878693,nan
2024-05-30T14:16:39,84.599213,-61.878700,nan
2024-05-30T14:16:39,84.599213,-61.878712,nan
2024-05-30T14:16:38,84.599213,-61.878723,nan
2024-05-30T14:16:38,84.599213,-61.878735,nan
2024-05-30T14:16:37,84.599213,-61.878746,nan
2024-05-30T14:16:37,84.599213,-61.878754,nan
2024-05-30T14:16:36,84.599213,-61.878765,nan
2024-05-30T14:16:36,84.599213,-61.878773,nan
2024-05-30T14:16:35,84.599213,-61.878784,nan
2024-05-30T14:16:35,84.599213,-61.878796,nan
2024-05-30T14:16:34,84.599213,-61.878807,nan
2024-05-30T14:16:34,84.599205,-61.878819,nan
2024-05-30T14:16:33,84.599205,-61.878830,nan
2024-05-30T14:16:33,84.599205,-61.878841,nan
2024-05-30T14:16:32,84.599205,-61.878849,nan
2024-05-30T14:16:32,84.599205,-61.878864,nan
2024-05-30T14:16:31,84.599205,-61.878883,nan
2024-05-30T14:16:31,84.599205,-61.878902,nan
2024-05-30T14:16:30,84.599205,-61.878918,nan
2024-05-30T14:16:30,84.599205,-61.878933,nan
2024-05-30T14:16:29,84.599197,-61.878944,nan
2024-05-30T14:16:29,84.599197,-61.878952,nan
2024-05-30T14:16:28,84.599197,-61.878963,nan
2024-05-30T14:16:28,84.599197,-61.878975,nan
2024-05-30T14:16:27,84.599197,-61.878986,nan
2024-05-30T14:16:27,84.599197,-61.879005,nan
2024-05-30T14:16:26,84.599197,-61.879025,nan
2024-05-30T14:16:26,84.599197,-61.879047,nan
2024-05-30T14:16:25,84.599197,-61.879070,nan
2024-05-30T14:16:25,84.599197,-61.879093,nan
2024-05-30T14:16:24,84.599197,-61.879120,nan
2024-05-30T14:16:24,84.599197,-61.879147,nan
2024-05-30T14:16:23,84.599197,-61.879169,nan
2024-05-30T14:16:23,84.599197,-61.879189,nan
2024-05-30T14:16:22,84.599197,-61.879204,nan
2024-05-30T14:16:22,84.599197,-61.879223,nan
2024-05-30T14:16:21,84.599205,-61.879234,nan
2024-05-30T14:16:21,84.599205,-61.879250,nan
2024-05-30T14:16:20,84.599205,-61.879261,nan
2024-05-30T14:16:20,84.599205,-61.879276,nan
2024-05-30T14:16:19,84.599205,-61.879288,nan
2024-05-30T14:16:19,84.599205,-61.879303,nan
2024-05-30T14:16:18,84.599205,-61.879318,nan
2024-05-30T14:16:18,84.599205,-61.879333,nan
2024-05-30T14:16:17,84.599205,-61.879353,nan
2024-05-30T14:16:17,84.599205,-61.879375,nan
2024-05-30T14:16:16,84.599205,-61.879398,nan
2024-05-30T14:16:16,84.599205,-61.879429,nan
2024-05-30T14:16:15,84.599205,-61.879456,nan
2024-05-30T14:16:15,84.599205,-61.879482,nan
2024-05-30T14:16:14,84.599205,-61.879509,nan
2024-05-30T14:16:14,84.599205,-61.879536,nan
2024-05-30T14:16:13,84.599205,-61.879559,nan
2024-05-30T14:16:13,84.599205,-61.879581,nan
2024-05-30T14:16:12,84.599205,-61.879604,nan
2024-05-30T14:16:12,84.599205,-61.879627,nan
2024-05-30T14:16:11,84.599205,-61.879646,nan
2024-05-30T14:16:11,84.599205,-61.879662,nan
2024-05-30T14:16:10,84.599213,-61.879677,nan
2024-05-30T14:16:10,84.599213,-61.879696,nan
2024-05-30T14:16:09,84.599213,-61.879711,nan
2024-05-30T14:16:09,84.599213,-61.879726,nan
2024-05-30T14:16:08,84.599213,-61.879738,nan
2024-05-30T14:16:08,84.599213,-61.879753,nan
2024-05-30T14:16:07,84.599220,-61.879768,nan
2024-05-30T14:16:07,84.599220,-61.879780,nan
2024-05-30T14:16:06,84.599220,-61.879791,nan
2024-05-30T14:16:06,84.599220,-61.879803,nan
2024-05-30T14:16:05,84.599228,-61.879814,nan
2024-05-30T14:16:05,84.599228,-61.879822,nan
2024-05-30T14:16:04,84.599228,-61.879833,nan
2024-05-30T14:16:04,84.599236,-61.879841,nan
2024-05-30T14:16:03,84.599236,-61.879848,nan
2024-05-30T14:16:03,84.599236,-61.879856,nan
2024-05-30T14:16:02,84.599236,-61.879860,nan
2024-05-30T14:16:02,84.599236,-61.879864,nan
2024-05-30T14:16:01,84.599243,-61.879864,nan
2024-05-30T14:16:01,84.599243,-61.879864,nan
2024-05-30T14:16:00,84.599243,-61.879856,nan
2024-05-30T14:16:00,84.599243,-61.879848,nan
2024-05-30T14:15:59,84.599251,-61.879829,nan
2024-05-30T14:15:59,84.599251,-61.879799,nan
2024-05-30T14:15:58,84.599251,-61.879761,nan
2024-05-30T14:15:58,84.599258,-61.879719,nan
2024-05-30T14:15:57,84.599258,-61.879673,nan
2024-05-30T14:15:57,84.599258,-61.879620,nan
2024-05-30T14:15:56,84.599258,-61.879559,nan
2024-05-30T14:15:56,84.599258,-61.879478,nan
2024-05-30T14:15:55,84.599258,-61.879387,nan
2024-05-30T14:15:55,84.599258,-61.879288,nan
2024-05-30T14:15:54,84.599251,-61.879189,nan
2024-05-30T14:15:54,84.599251,-61.879086,nan
2024-05-30T14:15:53,84.599251,-61.878983,nan
2024-05-30T14:15:53,84.599251,-61.878883,nan
2024-05-30T14:15:52,84.599243,-61.878784,nan
2024-05-30T14:15:52,84.599243,-61.878685,nan
2024-05-30T14:15:51,84.599243,-61.878590,nan
2024-05-30T14:15:51,84.599236,-61.878498,nan
2024-05-30T14:15:50,84.599236,-61.878407,nan
2024-05-30T14:15:50,84.599236,-61.878311,nan
2024-05-30T14:15:49,84.599228,-61.878216,nan
2024-05-30T14:15:49,84.599228,-61.878120,nan
2024-05-30T14:15:48,84.599220,-61.878021,nan
2024-05-30T14:15:48,84.599220,-61.877914,nan
2024-05-30T14:15:47,84.599213,-61.877804,nan
2024-05-30T14:15:47,84.599213,-61.877686,nan
2024-05-30T14:15:46,84.599205,-61.877563,nan
2024-05-30T14:15:46,84.599197,-61.877441,nan
2024-05-30T14:15:45,84.599190,-61.877316,nan
2024-05-30T14:15:45,84.599182,-61.877186,nan
2024-05-30T14:15:44,84.599174,-61.877056,nan
2024-05-30T14:15:44,84.599167,-61.876926,nan
2024-05-30T14:15:43,84.599159,-61.876789,nan
2024-05-30T14:15:43,84.599152,-61.876644,nan
2024-05-30T14:15:42,84.599144,-61.876492,nan
2024-05-30T14:15:42,84.599136,-61.876328,nan
2024-05-30T14:15:41,84.599129,-61.876163,nan
2024-05-30T14:15:41,84.599121,-61.875988,nan
2024-05-30T14:15:40,84.599113,-61.875816,nan
2024-05-30T14:15:40,84.599098,-61.875641,nan
2024-05-30T14:15:39,84.599091,-61.875458,nan
2024-05-30T14:15:39,84.599083,-61.875278,nan
2024-05-30T14:15:38,84.599075,-61.875099,nan
2024-05-30T14:15:38,84.599068,-61.874920,nan
2024-05-30T14:15:37,84.599052,-61.874737,nan
2024-05-30T14:15:37,84.599045,-61.874557,nan
2024-05-30T14:15:36,84.599037,-61.874374,nan
2024-05-30T14:15:36,84.599030,-61.874184,nan
2024-05-30T14:15:35,84.599022,-61.873997,nan
2024-05-30T14:15:35,84.599014,-61.873802,nan
2024-05-30T14:15:34,84.598999,-61.873608,nan
2024-05-30T14:15:34,84.598991,-61.873409,nan
2024-05-30T14:15:33,84.598984,-61.873211,nan
2024-05-30T14:15:32,84.598961,-61.872803,nan
2024-05-30T14:15:32,84.598946,-61.872597,nan
2024-05-30T14:15:31,84.598938,-61.872391,nan
2024-05-30T14:15:31,84.598923,-61.872177,nan
2024-05-30T14:15:30,84.598915,-61.871964,nan
2024-05-30T14:15:30,84.598900,-61.871742,nan
2024-05-30T14:15:29,84.598885,-61.871513,nan
2024-05-30T14:15:29,84.598869,-61.871273,nan
2024-05-30T14:15:28,84.598854,-61.871029,nan
2024-05-30T14:15:28,84.598839,-61.870773,nan
2024-05-30T14:15:27,84.598824,-61.870510,nan
2024-05-30T14:15:26,84.598785,-61.869953,nan
2024-05-30T14:15:26,84.598763,-61.869659,nan
2024-05-30T14:15:25,84.598747,-61.869366,nan
2024-05-30T14:15:25,84.598732,-61.869068,nan
2024-05-30T14:15:24,84.598709,-61.868767,nan
2024-05-30T14:15:24,84.598694,-61.868462,nan
2024-05-30T14:15:23,84.598679,-61.868153,nan
2024-05-30T14:15:23,84.598656,-61.867840,nan
2024-05-30T14:15:22,84.598640,-61.867531,nan
2024-05-30T14:15:22,84.598618,-61.867222,nan
2024-05-30T14:15:21,84.598595,-61.866917,nan
2024-05-30T14:15:21,84.598579,-61.866611,nan
2024-05-30T14:15:20,84.598557,-61.866306,nan
2024-05-30T14:15:20,84.598534,-61.866001,nan
2024-05-30T14:15:19,84.598511,-61.865696,nan
2024-05-30T14:15:19,84.598480,-61.865387,nan
2024-05-30T14:15:18,84.598457,-61.865078,nan
2024-05-30T14:15:18,84.598434,-61.864769,nan
2024-05-30T14:15:17,84.598412,-61.864460,nan
2024-05-30T14:15:17,84.598381,-61.864159,nan
2024-05-30T14:15:16,84.598358,-61.863857,nan
2024-05-30T14:15:16,84.598335,-61.863560,nan
2024-05-30T14:15:15,84.598305,-61.863266,nan
2024-05-30T14:15:15,84.598282,-61.862972,nan
2024-05-30T14:15:14,84.598259,-61.862679,nan
2024-05-30T14:15:13,84.598206,-61.862083,nan
2024-05-30T14:15:13,84.598183,-61.861786,nan
2024-05-30T14:15:12,84.598160,-61.861485,nan
2024-05-30T14:15:12,84.598137,-61.861183,nan
2024-05-30T14:15:11,84.598114,-61.860889,nan
2024-05-30T14:15:09,84.598015,-61.859722,nan
2024-05-30T14:15:09,84.597992,-61.859440,nan
2024-05-30T14:15:08,84.597969,-61.859161,nan
2024-05-30T14:15:08,84.597946,-61.858883,nan
2024-05-30T14:15:07,84.597923,-61.858612,nan
2024-05-30T14:15:07,84.597900,-61.858345,nan
2024-05-30T14:15:06,84.597878,-61.858078,nan
2024-05-30T14:15:06,84.597862,-61.857807,nan
2024-05-30T14:15:05,84.597839,-61.857548,nan
2024-05-30T14:15:05,84.597816,-61.857285,nan
2024-05-30T14:15:04,84.597794,-61.857025,nan
2024-05-30T14:15:04,84.597771,-61.856777,nan
2024-05-30T14:15:03,84.597755,-61.856529,nan
2024-05-30T14:15:03,84.597733,-61.856285,nan
2024-05-30T14:15:02,84.597710,-61.856052,nan
2024-05-30T14:15:02,84.597687,-61.855824,nan
2024-05-30T14:15:01,84.597664,-61.855602,nan
2024-05-30T14:15:00,84.597626,-61.855171,nan
2024-05-30T14:14:59,84.597580,-61.854740,nan
2024-05-30T14:14:59,84.597565,-61.854519,nan
2024-05-30T14:14:58,84.597542,-61.854279,nan
2024-05-30T14:14:58,84.597519,-61.854034,nan
2024-05-30T14:14:57,84.597496,-61.853779,nan
2024-05-30T14:14:57,84.597473,-61.853512,nan
2024-05-30T14:14:56,84.597458,-61.853230,nan
2024-05-30T14:14:56,84.597435,-61.852936,nan
2024-05-30T14:14:55,84.597412,-61.852638,nan
2024-05-30T14:14:55,84.597397,-61.852341,nan
2024-05-30T14:14:54,84.597374,-61.852043,nan
2024-05-30T14:14:54,84.597351,-61.851746,nan
2024-05-30T14:14:53,84.597328,-61.851444,nan
2024-05-30T14:14:53,84.597313,-61.851147,nan
2024-05-30T14:14:52,84.597290,-61.850853,nan
2024-05-30T14:14:52,84.597267,-61.850555,nan
2024-05-30T14:14:51,84.597244,-61.850262,nan
2024-05-30T14:14:50,84.597206,-61.849678,nan
2024-05-30T14:14:49,84.597145,-61.848804,nan
2024-05-30T14:14:48,84.597099,-61.848228,nan
2024-05-30T14:14:47,84.597076,-61.847939,nan
2024-05-30T14:14:43,84.596901,-61.845757,nan
2024-05-30T14:14:43,84.596878,-61.845497,nan
2024-05-30T14:14:42,84.596863,-61.845238,nan
2024-05-30T14:14:42,84.596840,-61.844986,nan
2024-05-30T14:14:41,84.596817,-61.844730,nan
2024-05-30T14:14:41,84.596794,-61.844482,nan
2024-05-30T14:14:40,84.596771,-61.844231,nan
2024-05-30T14:14:40,84.596748,-61.843983,nan
2024-05-30T14:14:39,84.596733,-61.843739,nan
2024-05-30T14:14:39,84.596710,-61.843491,nan
2024-05-30T14:14:38,84.596687,-61.843243,nan
2024-05-30T14:14:38,84.596664,-61.842999,nan
2024-05-30T14:14:37,84.596642,-61.842751,nan
2024-05-30T14:14:37,84.596619,-61.842503,nan
2024-05-30T14:14:36,84.596596,-61.842255,nan
2024-05-30T14:14:36,84.596573,-61.842007,nan
2024-05-30T14:14:35,84.596550,-61.841759,nan
2024-05-30T14:14:35,84.596527,-61.841499,nan
2024-05-30T14:14:34,84.596504,-61.841240,nan
2024-05-30T14:14:34,84.596489,-61.840977,nan
2024-05-30T14:14:33,84.596466,-61.840710,nan
2024-05-30T14:14:33,84.596443,-61.840439,nan
2024-05-30T14:14:32,84.596420,-61.840157,nan
2024-05-30T14:14:32,84.596397,-61.839874,nan
2024-05-30T14:14:31,84.596382,-61.839584,nan
2024-05-30T14:14:31,84.596359,-61.839294,nan
2024-05-30T14:14:30,84.596336,-61.839005,nan
2024-05-30T14:14:30,84.596313,-61.838711,nan
2024-05-30T14:14:29,84.596291,-61.838413,nan
2024-05-30T14:14:29,84.596268,-61.838116,nan
2024-05-30T14:14:28,84.596245,-61.837818,nan
2024-05-30T14:14:28,84.596214,-61.837513,nan
2024-05-30T14:14:27,84.596199,-61.837204,nan
2024-05-30T14:14:27,84.596176,-61.836887,nan
2024-05-30T14:14:26,84.596153,-61.836563,nan
2024-05-30T14:14:26,84.596130,-61.836235,nan
2024-05-30T14:14:25,84.596107,-61.835907,nan
2024-05-30T14:14:25,84.596085,-61.835575,nan
2024-05-30T14:14:24,84.596062,-61.835247,nan
2024-05-30T14:14:24,84.596039,-61.834911,nan
2024-05-30T14:14:23,84.596016,-61.834579,nan
2024-05-30T14:14:23,84.595993,-61.834244,nan
2024-05-30T14:14:22,84.595970,-61.833904,nan
2024-05-30T14:14:22,84.595947,-61.833565,nan
2024-05-30T14:14:21,84.595924,-61.833225,nan
2024-05-30T14:14:21,84.595909,-61.832886,nan
2024-05-30T14:14:20,84.595886,-61.832554,nan
2024-05-30T14:14:20,84.595863,-61.832226,nan
2024-05-30T14:14:19,84.595840,-61.831898,nan
2024-05-30T14:14:19,84.595818,-61.831570,nan
2024-05-30T14:14:18,84.595795,-61.831245,nan
2024-05-30T14:14:18,84.595772,-61.830929,nan
2024-05-30T14:14:17,84.595749,-61.830612,nan
2024-05-30T14:14:17,84.595726,-61.830303,nan
2024-05-30T14:14:16,84.595695,-61.829994,nan
2024-05-30T14:14:15,84.595650,-61.829384,nan
2024-05-30T14:14:15,84.595619,-61.829082,nan
2024-05-30T14:14:14,84.595596,-61.828777,nan
2024-05-30T14:14:14,84.595573,-61.828476,nan
2024-05-30T14:14:13,84.595543,-61.828175,nan
2024-05-30T14:14:13,84.595520,-61.827869,nan
2024-05-30T14:14:12,84.595497,-61.827564,nan
2024-05-30T14:14:12,84.595467,-61.827259,nan
2024-05-30T14:14:11,84.595444,-61.826954,nan
2024-05-30T14:14:11,84.595421,-61.826653,nan
2024-05-30T14:14:10,84.595390,-61.826347,nan
2024-05-30T14:14:10,84.595367,-61.826050,nan
2024-05-30T14:14:09,84.595345,-61.825748,nan
2024-05-30T14:14:09,84.595314,-61.825447,nan
2024-05-30T14:14:08,84.595291,-61.825153,nan
2024-05-30T14:14:08,84.595268,-61.824860,nan
2024-05-30T14:14:07,84.595245,-61.824566,nan
2024-05-30T14:14:07,84.595215,-61.824280,nan
2024-05-30T14:14:06,84.595192,-61.823990,nan
2024-05-30T14:14:06,84.595161,-61.823708,nan
2024-05-30T14:14:05,84.595139,-61.823425,nan
2024-05-30T14:14:05,84.595116,-61.823147,nan
2024-05-30T14:14:04,84.595093,-61.822876,nan
2024-05-30T14:14:04,84.595062,-61.822601,nan
2024-05-30T14:14:03,84.595039,-61.822334,nan
2024-05-30T14:14:03,84.595016,-61.822067,nan
2024-05-30T14:14:02,84.594986,-61.821800,nan
2024-05-30T14:14:02,84.594963,-61.821533,nan
2024-05-30T14:14:01,84.594933,-61.821262,nan
2024-05-30T14:14:01,84.594910,-61.820988,nan
2024-05-30T14:14:00,84.594887,-61.820705,nan
2024-05-30T14:14:00,84.594864,-61.820419,nan
2024-05-30T14:13:59,84.594833,-61.820129,nan
2024-05-30T14:13:59,84.594810,-61.819836,nan
2024-05-30T14:13:58,84.594788,-61.819534,nan
2024-05-30T14:13:58,84.594765,-61.819225,nan
2024-05-30T14:13:57,84.594742,-61.818909,nan
2024-05-30T14:13:57,84.594719,-61.818592,nan
2024-05-30T14:13:56,84.594696,-61.818264,nan
2024-05-30T14:13:56,84.594673,-61.817932,nan
2024-05-30T14:13:55,84.594650,-61.817596,nan
2024-05-30T14:13:55,84.594627,-61.817261,nan
2024-05-30T14:13:54,84.594597,-61.816921,nan
2024-05-30T14:13:54,84.594574,-61.816582,nan
2024-05-30T14:13:53,84.594551,-61.816238,nan
2024-05-30T14:13:53,84.594521,-61.815891,nan
2024-05-30T14:13:52,84.594498,-61.815544,nan
2024-05-30T14:13:52,84.594467,-61.815197,nan
2024-05-30T14:13:51,84.594444,-61.814846,nan
2024-05-30T14:13:51,84.594414,-61.814491,nan
2024-05-30T14:13:50,84.594391,-61.814137,nan
2024-05-30T14:13:50,84.594360,-61.813778,nan
2024-05-30T14:13:49,84.594337,-61.813416,nan
2024-05-30T14:13:49,84.594307,-61.813046,nan
2024-05-30T14:13:48,84.594284,-61.812675,nan
2024-05-30T14:13:48,84.594254,-61.812298,nan
2024-05-30T14:13:47,84.594231,-61.811913,nan
2024-05-30T14:13:47,84.594200,-61.811535,nan
2024-05-30T14:13:46,84.594177,-61.811153,nan
2024-05-30T14:13:46,84.594147,-61.810780,nan
2024-05-30T14:13:45,84.594124,-61.810406,nan
2024-05-30T14:13:45,84.594101,-61.810032,nan
2024-05-30T14:13:44,84.594070,-61.809662,nan
2024-05-30T14:13:44,84.594048,-61.809296,nan
2024-05-30T14:13:43,84.594017,-61.808929,nan
2024-05-30T14:13:43,84.593994,-61.808563,nan
2024-05-30T14:13:42,84.593971,-61.808197,nan
2024-05-30T14:13:42,84.593941,-61.807831,nan
2024-05-30T14:13:41,84.593895,-61.807114,nan
2024-05-30T14:13:40,84.593864,-61.806751,nan
2024-05-30T14:13:40,84.593842,-61.806393,nan
2024-05-30T14:13:39,84.593811,-61.806042,nan
2024-05-30T14:13:39,84.593788,-61.805687,nan
2024-05-30T14:13:38,84.593758,-61.805336,nan
2024-05-30T14:13:38,84.593735,-61.804985,nan
2024-05-30T14:13:37,84.593704,-61.804634,nan
2024-05-30T14:13:37,84.593674,-61.804279,nan
2024-05-30T14:13:36,84.593643,-61.803928,nan
2024-05-30T14:13:36,84.593613,-61.803574,nan
2024-05-30T14:13:35,84.593582,-61.803223,nan
2024-05-30T14:13:35,84.593552,-61.802876,nan
2024-05-30T14:13:34,84.593521,-61.802525,nan
2024-05-30T14:13:34,84.593491,-61.802177,nan
2024-05-30T14:13:33,84.593460,-61.801834,nan
2024-05-30T14:13:33,84.593430,-61.801491,nan
2024-05-30T14:13:32,84.593391,-61.801144,nan
2024-05-30T14:13:32,84.593361,-61.800797,nan
2024-05-30T14:13:31,84.593330,-61.800449,nan
2024-05-30T14:13:31,84.593292,-61.800095,nan
2024-05-30T14:13:30,84.593262,-61.799736,nan
2024-05-30T14:13:30,84.593231,-61.799377,nan
2024-05-30T14:13:29,84.593201,-61.799011,nan
2024-05-30T14:13:29,84.593163,-61.798641,nan
2024-05-30T14:13:28,84.593132,-61.798271,nan
2024-05-30T14:13:28,84.593102,-61.797897,nan
2024-05-30T14:13:27,84.593071,-61.797523,nan
2024-05-30T14:13:27,84.593040,-61.797150,nan
2024-05-30T14:13:26,84.593002,-61.796776,nan
2024-05-30T14:13:26,84.592972,-61.796402,nan
2024-05-30T14:13:25,84.592941,-61.796028,nan
2024-05-30T14:13:25,84.592911,-61.795654,nan
2024-05-30T14:13:24,84.592880,-61.795277,nan
2024-05-30T14:13:24,84.592850,-61.794903,nan
2024-05-30T14:13:23,84.592819,-61.794525,nan
2024-05-30T14:13:23,84.592789,-61.794147,nan
2024-05-30T14:13:22,84.592766,-61.793766,nan
2024-05-30T14:13:22,84.592735,-61.793381,nan
2024-05-30T14:13:21,84.592705,-61.792995,nan
2024-05-30T14:13:21,84.592674,-61.792603,nan
2024-05-30T14:13:20,84.592651,-61.792213,nan
2024-05-30T14:13:20,84.592621,-61.791821,nan
2024-05-30T14:13:19,84.592590,-61.791428,nan
2024-05-30T14:13:19,84.592560,-61.791031,nan
2024-05-30T14:13:18,84.592537,-61.790630,nan
2024-05-30T14:13:18,84.592506,-61.790234,nan
2024-05-30T14:13:17,84.592476,-61.789829,nan
2024-05-30T14:13:17,84.592445,-61.789425,nan
2024-05-30T14:13:16,84.592422,-61.789017,nan
2024-05-30T14:13:16,84.592392,-61.788609,nan
2024-05-30T14:13:15,84.592361,-61.788200,nan
2024-05-30T14:13:15,84.592339,-61.787788,nan
2024-05-30T14:13:14,84.592308,-61.787373,nan
2024-05-30T14:13:14,84.592278,-61.786957,nan
2024-05-30T14:13:13,84.592255,-61.786533,nan
2024-05-30T14:13:13,84.592224,-61.786106,nan
2024-05-30T14:13:12,84.592201,-61.785679,nan
2024-05-30T14:13:12,84.592171,-61.785244,nan
2024-05-30T14:13:11,84.592140,-61.784809,nan
2024-05-30T14:13:11,84.592117,-61.784370,nan
2024-05-30T14:13:10,84.592087,-61.783928,nan
2024-05-30T14:13:10,84.592064,-61.783485,nan
2024-05-30T14:13:09,84.592033,-61.783047,nan
2024-05-30T14:13:09,84.592010,-61.782608,nan
2024-05-30T14:13:08,84.591980,-61.782169,nan
2024-05-30T14:13:08,84.591957,-61.781731,nan
2024-05-30T14:13:07,84.591934,-61.781292,nan
2024-05-30T14:13:07,84.591904,-61.780849,nan
2024-05-30T14:13:06,84.591881,-61.780411,nan
2024-05-30T14:13:06,84.591858,-61.779972,nan
2024-05-30T14:13:05,84.591835,-61.779530,nan
2024-05-30T14:13:05,84.591805,-61.779087,nan
2024-05-30T14:13:04,84.591782,-61.778641,nan
2024-05-30T14:13:04,84.591759,-61.778194,nan
2024-05-30T14:13:03,84.591736,-61.777752,nan
2024-05-30T14:13:03,84.591713,-61.777309,nan
2024-05-30T14:13:02,84.591690,-61.776867,nan
2024-05-30T14:13:02,84.591660,-61.776421,nan
2024-05-30T14:13:01,84.591637,-61.775974,nan
2024-05-30T14:13:01,84.591614,-61.775524,nan
2024-05-30T14:13:00,84.591591,-61.775078,nan
2024-05-30T14:13:00,84.591568,-61.774628,nan
2024-05-30T14:12:59,84.591545,-61.774174,nan
2024-05-30T14:12:59,84.591515,-61.773720,nan
2024-05-30T14:12:58,84.591492,-61.773262,nan
2024-05-30T14:12:58,84.591469,-61.772804,nan
2024-05-30T14:12:57,84.591446,-61.772343,nan
2024-05-30T14:12:57,84.591423,-61.771873,nan
2024-05-30T14:12:56,84.591400,-61.771412,nan
2024-05-30T14:12:56,84.591370,-61.770947,nan
2024-05-30T14:12:55,84.591347,-61.770481,nan
2024-05-30T14:12:55,84.591324,-61.770020,nan
2024-05-30T14:12:54,84.591301,-61.769554,nan
2024-05-30T14:12:54,84.591270,-61.769096,nan
2024-05-30T14:12:53,84.591248,-61.768635,nan
2024-05-30T14:12:53,84.591225,-61.768173,nan
2024-05-30T14:12:52,84.591202,-61.767715,nan
2024-05-30T14:12:52,84.591179,-61.767254,nan
2024-05-30T14:12:51,84.591156,-61.766792,nan
2024-05-30T14:12:51,84.591133,-61.766327,nan
2024-05-30T14:12:50,84.591103,-61.765858,nan
2024-05-30T14:12:50,84.591080,-61.765385,nan
2024-05-30T14:12:49,84.591057,-61.764908,nan
2024-05-30T14:12:49,84.591034,-61.764431,nan
2024-05-30T14:12:48,84.591011,-61.763950,nan
2024-05-30T14:12:48,84.590988,-61.763470,nan
2024-05-30T14:12:47,84.590965,-61.762985,nan
2024-05-30T14:12:47,84.590942,-61.762505,nan
2024-05-30T14:12:46,84.590919,-61.762020,nan
2024-05-30T14:12:46,84.590889,-61.761536,nan
2024-05-30T14:12:45,84.590866,-61.761047,nan
2024-05-30T14:12:45,84.590843,-61.760567,nan
2024-05-30T14:12:44,84.590820,-61.760082,nan
2024-05-30T14:12:44,84.590790,-61.759598,nan
2024-05-30T14:12:43,84.590767,-61.759113,nan
2024-05-30T14:12:43,84.590744,-61.758629,nan
2024-05-30T14:12:42,84.590721,-61.758144,nan
2024-05-30T14:12:42,84.590698,-61.757664,nan
2024-05-30T14:12:41,84.590675,-61.757183,nan
2024-05-30T14:12:41,84.590645,-61.756702,nan
2024-05-30T14:12:40,84.590622,-61.756229,nan
2024-05-30T14:12:40,84.590599,-61.755756,nan
2024-05-30T14:12:39,84.590576,-61.755283,nan
2024-05-30T14:12:39,84.590546,-61.754810,nan
2024-05-30T14:12:38,84.590523,-61.754345,nan
2024-05-30T14:12:38,84.590500,-61.753880,nan
2024-05-30T14:12:37,84.590469,-61.753422,nan
2024-05-30T14:12:37,84.590446,-61.752964,nan
2024-05-30T14:12:36,84.590424,-61.752514,nan
2024-05-30T14:12:36,84.590393,-61.752068,nan
2024-05-30T14:12:35,84.590370,-61.751625,nan
2024-05-30T14:12:35,84.590347,-61.751186,nan
2024-05-30T14:12:34,84.590317,-61.750744,nan
2024-05-30T14:12:34,84.590286,-61.750301,nan
2024-05-30T14:12:33,84.590263,-61.749859,nan
2024-05-30T14:12:33,84.590233,-61.749416,nan
2024-05-30T14:12:32,84.590210,-61.748974,nan
2024-05-30T14:12:32,84.590179,-61.748528,nan
2024-05-30T14:12:31,84.590157,-61.748077,nan
2024-05-30T14:12:31,84.590126,-61.747623,nan
2024-05-30T14:12:30,84.590096,-61.747162,nan
2024-05-30T14:12:30,84.590073,-61.746704,nan
2024-05-30T14:12:29,84.590042,-61.746243,nan
2024-05-30T14:12:29,84.590012,-61.745777,nan
2024-05-30T14:12:28,84.589989,-61.745312,nan
2024-05-30T14:12:28,84.589958,-61.744846,nan
2024-05-30T14:12:27,84.589928,-61.744381,nan
2024-05-30T14:12:27,84.589905,-61.743912,nan
2024-05-30T14:12:26,84.589874,-61.743443,nan
2024-05-30T14:12:26,84.589844,-61.742973,nan
2024-05-30T14:12:25,84.589813,-61.742500,nan
2024-05-30T14:12:25,84.589790,-61.742023,nan
2024-05-30T14:12:24,84.589760,-61.741547,nan
2024-05-30T14:12:24,84.589729,-61.741070,nan
2024-05-30T14:12:23,84.589699,-61.740593,nan
2024-05-30T14:12:23,84.589668,-61.740112,nan
2024-05-30T14:12:22,84.589638,-61.739635,nan
2024-05-30T14:12:22,84.589607,-61.739155,nan
2024-05-30T14:12:21,84.589577,-61.738674,nan
2024-05-30T14:12:21,84.589546,-61.738190,nan
2024-05-30T14:12:20,84.589516,-61.737705,nan
2024-05-30T14:12:20,84.589485,-61.737221,nan
2024-05-30T14:12:19,84.589455,-61.736732,nan
2024-05-30T14:12:19,84.589432,-61.736244,nan
2024-05-30T14:12:18,84.589401,-61.735756,nan
2024-05-30T14:12:18,84.589371,-61.735268,nan
2024-05-30T14:12:17,84.589340,-61.734787,nan
2024-05-30T14:12:17,84.589310,-61.734306,nan
2024-05-30T14:12:16,84.589287,-61.733826,nan
2024-05-30T14:12:16,84.589256,-61.733353,nan
2024-05-30T14:12:15,84.589226,-61.732883,nan
2024-05-30T14:12:15,84.589195,-61.732418,nan
2024-05-30T14:12:14,84.589172,-61.731960,nan
2024-05-30T14:12:14,84.589142,-61.731506,nan
2024-05-30T14:12:13,84.589119,-61.731056,nan
2024-05-30T14:12:13,84.589088,-61.730614,nan
2024-05-30T14:12:12,84.589066,-61.730167,nan
2024-05-30T14:12:12,84.589043,-61.729725,nan
2024-05-30T14:12:11,84.589020,-61.729279,nan
2024-05-30T14:12:11,84.588997,-61.728836,nan
2024-05-30T14:12:10,84.588974,-61.728394,nan
2024-05-30T14:12:10,84.588951,-61.727947,nan
2024-05-30T14:12:09,84.588928,-61.727505,nan
2024-05-30T14:12:09,84.588905,-61.727062,nan
2024-05-30T14:12:08,84.588882,-61.726620,nan
2024-05-30T14:12:08,84.588860,-61.726173,nan
2024-05-30T14:12:07,84.588837,-61.725735,nan
2024-05-30T14:12:07,84.588806,-61.725300,nan
2024-05-30T14:12:06,84.588783,-61.724869,nan
2024-05-30T14:12:06,84.588760,-61.724438,nan
2024-05-30T14:12:05,84.588737,-61.724010,nan
2024-05-30T14:12:05,84.588707,-61.723587,nan
2024-05-30T14:12:04,84.588684,-61.723167,nan
2024-05-30T14:12:04,84.588654,-61.722748,nan
2024-05-30T14:12:03,84.588631,-61.722336,nan
2024-05-30T14:12:03,84.588600,-61.721920,nan
2024-05-30T14:12:02,84.588577,-61.721508,nan
2024-05-30T14:12:02,84.588547,-61.721096,nan
2024-05-30T14:12:01,84.588516,-61.720684,nan
2024-05-30T14:12:01,84.588486,-61.720276,nan
2024-05-30T14:12:00,84.588455,-61.719872,nan
2024-05-30T14:12:00,84.588432,-61.719475,nan
2024-05-30T14:11:59,84.588402,-61.719082,nan
2024-05-30T14:11:59,84.588371,-61.718689,nan
2024-05-30T14:11:58,84.588341,-61.718304,nan
2024-05-30T14:11:58,84.588303,-61.717922,nan
2024-05-30T14:11:57,84.588272,-61.717548,nan
2024-05-30T14:11:57,84.588242,-61.717182,nan
2024-05-30T14:11:56,84.588211,-61.716820,nan
2024-05-30T14:11:56,84.588181,-61.716465,nan
2024-05-30T14:11:55,84.588150,-61.716118,nan
2024-05-30T14:11:55,84.588120,-61.715767,nan
2024-05-30T14:11:54,84.588081,-61.715424,nan
2024-05-30T14:11:54,84.588051,-61.715076,nan
2024-05-30T14:11:53,84.588020,-61.714737,nan
2024-05-30T14:11:53,84.587990,-61.714394,nan
2024-05-30T14:11:52,84.587959,-61.714054,nan
2024-05-30T14:11:52,84.587929,-61.713711,nan
2024-05-30T14:11:51,84.587898,-61.713371,nan
2024-05-30T14:11:51,84.587868,-61.713032,nan
2024-05-30T14:11:50,84.587837,-61.712696,nan
2024-05-30T14:11:50,84.587799,-61.712364,nan
2024-05-30T14:11:49,84.587769,-61.712036,nan
2024-05-30T14:11:49,84.587738,-61.711712,nan
2024-05-30T14:11:48,84.587708,-61.711391,nan
2024-05-30T14:11:48,84.587677,-61.711075,nan
2024-05-30T14:11:47,84.587646,-61.710762,nan
2024-05-30T14:11:47,84.587616,-61.710449,nan
2024-05-30T14:11:46,84.587585,-61.710140,nan
2024-05-30T14:11:46,84.587555,-61.709827,nan
2024-05-30T14:11:45,84.587532,-61.709515,nan
2024-05-30T14:11:45,84.587502,-61.709194,nan
2024-05-30T14:11:44,84.587471,-61.708874,nan
2024-05-30T14:11:44,84.587440,-61.708549,nan
2024-05-30T14:11:43,84.587418,-61.708225,nan
2024-05-30T14:11:43,84.587387,-61.707901,nan
2024-05-30T14:11:42,84.587357,-61.707581,nan
2024-05-30T14:11:42,84.587326,-61.707256,nan
2024-05-30T14:11:41,84.587296,-61.706940,nan
2024-05-30T14:11:41,84.587273,-61.706623,nan
2024-05-30T14:11:40,84.587242,-61.706303,nan
2024-05-30T14:11:40,84.587212,-61.705982,nan
2024-05-30T14:11:39,84.587189,-61.705658,nan
2024-05-30T14:11:39,84.587158,-61.705330,nan
2024-05-30T14:11:38,84.587128,-61.704994,nan
2024-05-30T14:11:38,84.587097,-61.704655,nan
2024-05-30T14:11:37,84.587074,-61.704308,nan
2024-05-30T14:11:37,84.587044,-61.703953,nan
2024-05-30T14:11:36,84.587013,-61.703594,nan
2024-05-30T14:11:36,84.586983,-61.703228,nan
2024-05-30T14:11:35,84.586952,-61.702858,nan
2024-05-30T14:11:35,84.586929,-61.702484,nan
2024-05-30T14:11:34,84.586899,-61.702110,nan
2024-05-30T14:11:34,84.586868,-61.701729,nan
2024-05-30T14:11:33,84.586838,-61.701351,nan
2024-05-30T14:11:33,84.586807,-61.700974,nan
2024-05-30T14:11:32,84.586784,-61.700596,nan
2024-05-30T14:11:32,84.586754,-61.700218,nan
2024-05-30T14:11:31,84.586723,-61.699833,nan
2024-05-30T14:11:31,84.586693,-61.699451,nan
2024-05-30T14:11:30,84.586662,-61.699059,nan
2024-05-30T14:11:30,84.586632,-61.698662,nan
2024-05-30T14:11:29,84.586609,-61.698254,nan
2024-05-30T14:11:29,84.586578,-61.697834,nan
2024-05-30T14:11:28,84.586548,-61.697403,nan
2024-05-30T14:11:28,84.586517,-61.696964,nan
2024-05-30T14:11:27,84.586494,-61.696514,nan
2024-05-30T14:11:27,84.586464,-61.696056,nan
2024-05-30T14:11:26,84.586441,-61.695583,nan
2024-05-30T14:11:26,84.586411,-61.695099,nan
2024-05-30T14:11:25,84.586380,-61.694607,nan
2024-05-30T14:11:25,84.586357,-61.694107,nan
2024-05-30T14:11:24,84.586327,-61.693600,nan
2024-05-30T14:11:24,84.586304,-61.693085,nan
2024-05-30T14:11:23,84.586273,-61.692562,nan
2024-05-30T14:11:23,84.586243,-61.692039,nan
2024-05-30T14:11:22,84.586220,-61.691517,nan
2024-05-30T14:11:22,84.586189,-61.690990,nan
2024-05-30T14:11:21,84.586159,-61.690464,nan
2024-05-30T14:11:21,84.586128,-61.689938,nan
2024-05-30T14:11:20,84.586098,-61.689411,nan
2024-05-30T14:11:20,84.586067,-61.688885,nan
2024-05-30T14:11:19,84.586037,-61.688358,nan
2024-05-30T14:11:19,84.586006,-61.687836,nan
2024-05-30T14:11:18,84.585976,-61.687305,nan
2024-05-30T14:11:18,84.585953,-61.686779,nan
2024-05-30T14:11:17,84.585922,-61.686245,nan
2024-05-30T14:11:17,84.585892,-61.685711,nan
2024-05-30T14:11:16,84.585861,-61.685165,nan
2024-05-30T14:11:16,84.585831,-61.684616,nan
2024-05-30T14:11:15,84.585800,-61.684063,nan
2024-05-30T14:11:15,84.585770,-61.683510,nan
2024-05-30T14:11:14,84.585739,-61.682957,nan
2024-05-30T14:11:14,84.585709,-61.682404,nan
2024-05-30T14:11:13,84.585678,-61.681854,nan
2024-05-30T14:11:13,84.585648,-61.681305,nan
2024-05-30T14:11:12,84.585617,-61.680763,nan
2024-05-30T14:11:12,84.585587,-61.680229,nan
2024-05-30T14:11:11,84.585556,-61.679695,nan
2024-05-30T14:11:11,84.585526,-61.679173,nan
2024-05-30T14:11:10,84.585495,-61.678646,nan
2024-05-30T14:11:10,84.585464,-61.678123,nan
2024-05-30T14:11:09,84.585434,-61.677593,nan
2024-05-30T14:11:09,84.585403,-61.677063,nan
2024-05-30T14:11:08,84.585373,-61.676525,nan
2024-05-30T14:11:08,84.585342,-61.675983,nan
2024-05-30T14:11:07,84.585312,-61.675446,nan
2024-05-30T14:11:07,84.585281,-61.674908,nan
2024-05-30T14:11:06,84.585243,-61.674366,nan
2024-05-30T14:11:06,84.585213,-61.673832,nan
2024-05-30T14:11:05,84.585182,-61.673298,nan
2024-05-30T14:11:05,84.585144,-61.672764,nan
2024-05-30T14:11:04,84.585114,-61.672234,nan
2024-05-30T14:11:04,84.585075,-61.671700,nan
2024-05-30T14:11:03,84.585037,-61.671173,nan
2024-05-30T14:11:03,84.585007,-61.670647,nan
2024-05-30T14:11:02,84.584969,-61.670128,nan
2024-05-30T14:11:02,84.584930,-61.669605,nan
2024-05-30T14:11:01,84.584892,-61.669086,nan
2024-05-30T14:11:01,84.584854,-61.668571,nan
2024-05-30T14:11:00,84.584816,-61.668056,nan
2024-05-30T14:11:00,84.584778,-61.667538,nan
2024-05-30T14:10:59,84.584740,-61.667019,nan
2024-05-30T14:10:59,84.584702,-61.666496,nan
2024-05-30T14:10:58,84.584663,-61.665974,nan
2024-05-30T14:10:58,84.584625,-61.665451,nan
2024-05-30T14:10:57,84.584587,-61.664932,nan
2024-05-30T14:10:57,84.584541,-61.664417,nan
2024-05-30T14:10:56,84.584503,-61.663902,nan
2024-05-30T14:10:56,84.584457,-61.663395,nan
2024-05-30T14:10:55,84.584419,-61.662891,nan
2024-05-30T14:10:55,84.584373,-61.662395,nan
2024-05-30T14:10:54,84.584335,-61.661907,nan
2024-05-30T14:10:54,84.584290,-61.661427,nan
2024-05-30T14:10:53,84.584244,-61.660954,nan
2024-05-30T14:10:53,84.584206,-61.660484,nan
2024-05-30T14:10:52,84.584160,-61.660015,nan
2024-05-30T14:10:52,84.584114,-61.659554,nan
2024-05-30T14:10:51,84.584076,-61.659088,nan
2024-05-30T14:10:51,84.584030,-61.658627,nan
2024-05-30T14:10:50,84.583984,-61.658165,nan
2024-05-30T14:10:50,84.583939,-61.657707,nan
2024-05-30T14:10:49,84.583893,-61.657246,nan
2024-05-30T14:10:49,84.583847,-61.656780,nan
2024-05-30T14:10:48,84.583801,-61.656311,nan
2024-05-30T14:10:48,84.583748,-61.655846,nan
2024-05-30T14:10:47,84.583702,-61.655373,nan
2024-05-30T14:10:47,84.583649,-61.654896,nan
2024-05-30T14:10:46,84.583595,-61.654423,nan
2024-05-30T14:10:46,84.583542,-61.653950,nan
2024-05-30T14:10:45,84.583488,-61.653473,nan
2024-05-30T14:10:45,84.583427,-61.652996,nan
2024-05-30T14:10:44,84.583374,-61.652515,nan
2024-05-30T14:10:44,84.583313,-61.652039,nan
2024-05-30T14:10:43,84.583260,-61.651558,nan
2024-05-30T14:10:43,84.583199,-61.651081,nan
2024-05-30T14:10:42,84.583138,-61.650600,nan
2024-05-30T14:10:42,84.583076,-61.650120,nan
2024-05-30T14:10:41,84.583015,-61.649632,nan
2024-05-30T14:10:41,84.582947,-61.649139,nan
2024-05-30T14:10:40,84.582886,-61.648647,nan
2024-05-30T14:10:40,84.582825,-61.648151,nan
2024-05-30T14:10:39,84.582764,-61.647663,nan
2024-05-30T14:10:39,84.582710,-61.647171,nan
2024-05-30T14:10:38,84.582649,-61.646679,nan
2024-05-30T14:10:38,84.582588,-61.646183,nan
2024-05-30T14:10:37,84.582527,-61.645683,nan
2024-05-30T14:10:37,84.582474,-61.645184,nan
2024-05-30T14:10:36,84.582413,-61.644680,nan
2024-05-30T14:10:36,84.582352,-61.644173,nan
2024-05-30T14:10:35,84.582298,-61.643665,nan
2024-05-30T14:10:35,84.582237,-61.643147,nan
2024-05-30T14:10:34,84.582176,-61.642628,nan
2024-05-30T14:10:34,84.582123,-61.642101,nan
2024-05-30T14:10:33,84.582062,-61.641567,nan
2024-05-30T14:10:33,84.582001,-61.641033,nan
2024-05-30T14:10:32,84.581947,-61.640488,nan
2024-05-30T14:10:32,84.581886,-61.639931,nan
2024-05-30T14:10:31,84.581825,-61.639370,nan
2024-05-30T14:10:31,84.581764,-61.638802,nan
2024-05-30T14:10:30,84.581711,-61.638229,nan
2024-05-30T14:10:30,84.581650,-61.637657,nan
2024-05-30T14:10:29,84.581589,-61.637081,nan
2024-05-30T14:10:29,84.581528,-61.636509,nan
2024-05-30T14:10:28,84.581467,-61.635929,nan
2024-05-30T14:10:28,84.581413,-61.635342,nan
2024-05-30T14:10:27,84.581352,-61.634743,nan
2024-05-30T14:10:27,84.581291,-61.634140,nan
2024-05-30T14:10:26,84.581238,-61.633533,nan
2024-05-30T14:10:26,84.581177,-61.632915,nan
2024-05-30T14:10:25,84.581123,-61.632290,nan
2024-05-30T14:10:25,84.581062,-61.631657,nan
2024-05-30T14:10:24,84.581009,-61.631008,nan
2024-05-30T14:10:24,84.580948,-61.630356,nan
2024-05-30T14:10:23,84.580887,-61.629696,nan
2024-05-30T14:10:23,84.580833,-61.629028,nan
2024-05-30T14:10:22,84.580772,-61.628357,nan
2024-05-30T14:10:22,84.580711,-61.627678,nan
2024-05-30T14:10:21,84.580650,-61.626995,nan
2024-05-30T14:10:21,84.580589,-61.626316,nan
2024-05-30T14:10:20,84.580528,-61.625637,nan
2024-05-30T14:10:20,84.580467,-61.624962,nan
2024-05-30T14:10:19,84.580406,-61.624283,nan
2024-05-30T14:10:19,84.580345,-61.623604,nan
2024-05-30T14:10:18,84.580276,-61.622925,nan
2024-05-30T14:10:18,84.580215,-61.622246,nan
2024-05-30T14:10:17,84.580154,-61.621563,nan
2024-05-30T14:10:17,84.580086,-61.620880,nan
2024-05-30T14:10:16,84.580025,-61.620193,nan
2024-05-30T14:10:16,84.579964,-61.619507,nan
2024-05-30T14:10:15,84.579895,-61.618816,nan
2024-05-30T14:10:15,84.579826,-61.618126,nan
2024-05-30T14:10:14,84.579765,-61.617432,nan
2024-05-30T14:10:14,84.579697,-61.616749,nan
2024-05-30T14:10:13,84.579628,-61.616062,nan
2024-05-30T14:10:13,84.579559,-61.615376,nan
2024-05-30T14:10:12,84.579498,-61.614697,nan
2024-05-30T14:10:12,84.579430,-61.614014,nan
2024-05-30T14:10:11,84.579361,-61.613335,nan
2024-05-30T14:10:11,84.579292,-61.612656,nan
2024-05-30T14:10:10,84.579216,-61.611977,nan
2024-05-30T14:10:10,84.579147,-61.611301,nan
2024-05-30T14:10:09,84.579079,-61.610626,nan
2024-05-30T14:10:09,84.579002,-61.609955,nan
2024-05-30T14:10:08,84.578934,-61.609283,nan
2024-05-30T14:10:08,84.578857,-61.608620,nan
2024-05-30T14:10:07,84.578789,-61.607956,nan
2024-05-30T14:10:07,84.578712,-61.607296,nan
2024-05-30T14:10:06,84.578644,-61.606636,nan
2024-05-30T14:10:06,84.578575,-61.605976,nan
2024-05-30T14:10:05,84.578506,-61.605309,nan
2024-05-30T14:10:05,84.578430,-61.604645,nan
2024-05-30T14:10:04,84.578362,-61.603973,nan
2024-05-30T14:10:04,84.578285,-61.603294,nan
2024-05-30T14:10:03,84.578217,-61.602612,nan
2024-05-30T14:10:03,84.578148,-61.601925,nan
2024-05-30T14:10:02,84.578072,-61.601234,nan
2024-05-30T14:10:02,84.577995,-61.600536,nan
2024-05-30T14:10:01,84.577927,-61.599831,nan
2024-05-30T14:10:01,84.577850,-61.599113,nan
2024-05-30T14:10:00,84.577774,-61.598392,nan
2024-05-30T14:10:00,84.577705,-61.597664,nan
2024-05-30T14:09:59,84.577629,-61.596924,nan
2024-05-30T14:09:59,84.577553,-61.596172,nan
2024-05-30T14:09:58,84.577477,-61.595413,nan
2024-05-30T14:09:58,84.577400,-61.594650,nan
2024-05-30T14:09:57,84.577332,-61.593880,nan
2024-05-30T14:09:57,84.577255,-61.593105,nan
2024-05-30T14:09:56,84.577179,-61.592327,nan
2024-05-30T14:09:56,84.577103,-61.591545,nan
2024-05-30T14:09:55,84.577034,-61.590759,nan
2024-05-30T14:09:55,84.576958,-61.589962,nan
2024-05-30T14:09:54,84.576881,-61.589157,nan
2024-05-30T14:09:54,84.576813,-61.588345,nan
2024-05-30T14:09:53,84.576736,-61.587528,nan
2024-05-30T14:09:53,84.576660,-61.586708,nan
2024-05-30T14:09:52,84.576584,-61.585888,nan
2024-05-30T14:09:52,84.576508,-61.585060,nan
2024-05-30T14:09:51,84.576431,-61.584236,nan
2024-05-30T14:09:51,84.576355,-61.583405,nan
2024-05-30T14:09:50,84.576279,-61.582577,nan
2024-05-30T14:09:50,84.576195,-61.581749,nan
2024-05-30T14:09:49,84.576118,-61.580921,nan
2024-05-30T14:09:49,84.576042,-61.580097,nan
2024-05-30T14:09:48,84.575966,-61.579277,nan
2024-05-30T14:09:48,84.575890,-61.578453,nan
2024-05-30T14:09:47,84.575813,-61.577629,nan
2024-05-30T14:09:47,84.575737,-61.576801,nan
2024-05-30T14:09:46,84.575661,-61.575977,nan
2024-05-30T14:09:46,84.575584,-61.575146,nan
2024-05-30T14:09:45,84.575508,-61.574314,nan
2024-05-30T14:09:45,84.575432,-61.573479,nan
2024-05-30T14:09:44,84.575363,-61.572639,nan
2024-05-30T14:09:44,84.575287,-61.571804,nan
2024-05-30T14:09:43,84.575211,-61.570957,nan
2024-05-30T14:09:43,84.575134,-61.570114,nan
2024-05-30T14:09:42,84.575058,-61.569271,nan
2024-05-30T14:09:42,84.574982,-61.568424,nan
2024-05-30T14:09:41,84.574905,-61.567581,nan
2024-05-30T14:09:41,84.574829,-61.566746,nan
2024-05-30T14:09:40,84.574753,-61.565907,nan
2024-05-30T14:09:40,84.574677,-61.565071,nan
2024-05-30T14:09:39,84.574600,-61.564247,nan
2024-05-30T14:09:39,84.574524,-61.563423,nan
2024-05-30T14:09:38,84.574448,-61.562607,nan
2024-05-30T14:09:38,84.574371,-61.561790,nan
2024-05-30T14:09:37,84.574303,-61.560970,nan
2024-05-30T14:09:37,84.574226,-61.560154,nan
2024-05-30T14:09:36,84.574150,-61.559334,nan
2024-05-30T14:09:36,84.574074,-61.558502,nan
2024-05-30T14:09:35,84.573997,-61.557674,nan
2024-05-30T14:09:35,84.573921,-61.556835,nan
2024-05-30T14:09:34,84.573845,-61.555996,nan
2024-05-30T14:09:34,84.573769,-61.555149,nan
2024-05-30T14:09:33,84.573692,-61.554306,nan
2024-05-30T14:09:33,84.573616,-61.553459,nan
2024-05-30T14:09:32,84.573540,-61.552616,nan
2024-05-30T14:09:32,84.573463,-61.551769,nan
2024-05-30T14:09:31,84.573387,-61.550919,nan
2024-05-30T14:09:31,84.573311,-61.550068,nan
2024-05-30T14:09:30,84.573235,-61.549225,nan
2024-05-30T14:09:30,84.573158,-61.548386,nan
2024-05-30T14:09:29,84.573074,-61.547558,nan
2024-05-30T14:09:29,84.573006,-61.546730,nan
2024-05-30T14:09:28,84.572929,-61.545914,nan
2024-05-30T14:09:28,84.572853,-61.545105,nan
2024-05-30T14:09:27,84.572777,-61.544308,nan
2024-05-30T14:09:27,84.572701,-61.543510,nan
2024-05-30T14:09:26,84.572632,-61.542721,nan
2024-05-30T14:09:26,84.572556,-61.541931,nan
2024-05-30T14:09:25,84.572487,-61.541142,nan
2024-05-30T14:09:25,84.572418,-61.540352,nan
2024-05-30T14:09:24,84.572342,-61.539558,nan
2024-05-30T14:09:24,84.572273,-61.538757,nan
2024-05-30T14:09:23,84.572205,-61.537956,nan
2024-05-30T14:09:23,84.572136,-61.537148,nan
2024-05-30T14:09:22,84.572067,-61.536339,nan
2024-05-30T14:09:22,84.571991,-61.535530,nan
2024-05-30T14:09:21,84.571922,-61.534721,nan
2024-05-30T14:09:21,84.571854,-61.533909,nan
2024-05-30T14:09:20,84.571785,-61.533100,nan
2024-05-30T14:09:20,84.571709,-61.532288,nan
2024-05-30T14:09:19,84.571640,-61.531475,nan
2024-05-30T14:09:19,84.571571,-61.530666,nan
2024-05-30T14:09:18,84.571503,-61.529861,nan
2024-05-30T14:09:18,84.571434,-61.529060,nan
2024-05-30T14:09:17,84.571358,-61.528263,nan
2024-05-30T14:09:17,84.571289,-61.527470,nan
2024-05-30T14:09:16,84.571220,-61.526672,nan
2024-05-30T14:09:16,84.571152,-61.525875,nan
2024-05-30T14:09:15,84.571091,-61.525078,nan
2024-05-30T14:09:15,84.571022,-61.524281,nan
2024-05-30T14:09:14,84.570953,-61.523472,nan
2024-05-30T14:09:14,84.570892,-61.522655,nan
2024-05-30T14:09:13,84.570831,-61.521839,nan
2024-05-30T14:09:13,84.570763,-61.521023,nan
2024-05-30T14:09:12,84.570694,-61.520206,nan
2024-05-30T14:09:12,84.570633,-61.519394,nan
2024-05-30T14:09:11,84.570564,-61.518578,nan
2024-05-30T14:09:11,84.570496,-61.517757,nan
2024-05-30T14:09:10,84.570435,-61.516937,nan
2024-05-30T14:09:10,84.570366,-61.516113,nan
2024-05-30T14:09:09,84.570297,-61.515285,nan
2024-05-30T14:09:09,84.570229,-61.514458,nan
2024-05-30T14:09:08,84.570152,-61.513638,nan
2024-05-30T14:09:08,84.570084,-61.512817,nan
2024-05-30T14:09:07,84.570015,-61.512005,nan
2024-05-30T14:09:07,84.569946,-61.511196,nan
2024-05-30T14:09:06,84.569878,-61.510391,nan
2024-05-30T14:09:06,84.569817,-61.509590,nan
2024-05-30T14:09:05,84.569748,-61.508789,nan
2024-05-30T14:09:05,84.569679,-61.507984,nan
2024-05-30T14:09:04,84.569618,-61.507175,nan
2024-05-30T14:09:04,84.569550,-61.506363,nan
2024-05-30T14:09:03,84.569481,-61.505543,nan
2024-05-30T14:09:03,84.569412,-61.504719,nan
2024-05-30T14:09:02,84.569344,-61.503887,nan
2024-05-30T14:09:02,84.569283,-61.503052,nan
2024-05-30T14:09:01,84.569214,-61.502220,nan
2024-05-30T14:09:01,84.569145,-61.501381,nan
2024-05-30T14:09:00,84.569077,-61.500542,nan
2024-05-30T14:09:00,84.569000,-61.499702,nan
2024-05-30T14:08:59,84.568932,-61.498863,nan
2024-05-30T14:08:59,84.568863,-61.498024,nan
2024-05-30T14:08:58,84.568794,-61.497185,nan
2024-05-30T14:08:58,84.568726,-61.496349,nan
2024-05-30T14:08:57,84.568649,-61.495518,nan
2024-05-30T14:08:57,84.568581,-61.494682,nan
2024-05-30T14:08:56,84.568512,-61.493851,nan
2024-05-30T14:08:56,84.568443,-61.493019,nan
2024-05-30T14:08:55,84.568367,-61.492180,nan
2024-05-30T14:08:55,84.568298,-61.491337,nan
2024-05-30T14:08:54,84.568230,-61.490486,nan
2024-05-30T14:08:54,84.568153,-61.489628,nan
2024-05-30T14:08:53,84.568085,-61.488762,nan
2024-05-30T14:08:53,84.568008,-61.487888,nan
2024-05-30T14:08:52,84.567940,-61.487011,nan
2024-05-30T14:08:52,84.567863,-61.486122,nan
2024-05-30T14:08:51,84.567787,-61.485229,nan
2024-05-30T14:08:51,84.567703,-61.484329,nan
2024-05-30T14:08:50,84.567627,-61.483425,nan
2024-05-30T14:08:50,84.567551,-61.482521,nan
2024-05-30T14:08:49,84.567467,-61.481609,nan
2024-05-30T14:08:49,84.567390,-61.480701,nan
2024-05-30T14:08:48,84.567307,-61.479797,nan
2024-05-30T14:08:48,84.567223,-61.478893,nan
2024-05-30T14:08:47,84.567139,-61.477997,nan
2024-05-30T14:08:47,84.567055,-61.477104,nan
2024-05-30T14:08:46,84.566971,-61.476215,nan
2024-05-30T14:08:46,84.566887,-61.475327,nan
2024-05-30T14:08:45,84.566803,-61.474445,nan
2024-05-30T14:08:45,84.566719,-61.473564,nan
2024-05-30T14:08:44,84.566635,-61.472687,nan
2024-05-30T14:08:44,84.566551,-61.471813,nan
2024-05-30T14:08:43,84.566460,-61.470943,nan
2024-05-30T14:08:43,84.566376,-61.470074,nan
2024-05-30T14:08:42,84.566292,-61.469208,nan
2024-05-30T14:08:42,84.566208,-61.468342,nan
2024-05-30T14:08:41,84.566124,-61.467476,nan
2024-05-30T14:08:41,84.566032,-61.466610,nan
2024-05-30T14:08:40,84.565948,-61.465740,nan
2024-05-30T14:08:40,84.565865,-61.464870,nan
2024-05-30T14:08:39,84.565781,-61.464008,nan
2024-05-30T14:08:39,84.565697,-61.463150,nan
2024-05-30T14:08:38,84.565613,-61.462296,nan
2024-05-30T14:08:38,84.565536,-61.461456,nan
2024-05-30T14:08:37,84.565453,-61.460621,nan
2024-05-30T14:08:37,84.565369,-61.459801,nan
2024-05-30T14:08:36,84.565292,-61.458988,nan
2024-05-30T14:08:36,84.565208,-61.458191,nan
2024-05-30T14:08:35,84.565132,-61.457409,nan
2024-05-30T14:08:35,84.565048,-61.456638,nan
2024-05-30T14:08:34,84.564972,-61.455879,nan
2024-05-30T14:08:34,84.564896,-61.455135,nan
2024-05-30T14:08:33,84.564819,-61.454395,nan
2024-05-30T14:08:33,84.564743,-61.453671,nan
2024-05-30T14:08:32,84.564667,-61.452950,nan
2024-05-30T14:08:32,84.564590,-61.452232,nan
2024-05-30T14:08:31,84.564522,-61.451523,nan
2024-05-30T14:08:31,84.564445,-61.450817,nan
2024-05-30T14:08:30,84.564377,-61.450119,nan
2024-05-30T14:08:30,84.564301,-61.449429,nan
2024-05-30T14:08:29,84.564232,-61.448746,nan
2024-05-30T14:08:29,84.564156,-61.448063,nan
2024-05-30T14:08:28,84.564087,-61.447388,nan
2024-05-30T14:08:28,84.564018,-61.446712,nan
2024-05-30T14:08:27,84.563950,-61.446045,nan
2024-05-30T14:08:27,84.563881,-61.445370,nan
2024-05-30T14:08:26,84.563812,-61.444687,nan
2024-05-30T14:08:26,84.563744,-61.444000,nan
2024-05-30T14:08:25,84.563675,-61.443302,nan
2024-05-30T14:08:25,84.563606,-61.442600,nan
2024-05-30T14:08:24,84.563538,-61.441891,nan
2024-05-30T14:08:24,84.563477,-61.441181,nan
2024-05-30T14:08:23,84.563408,-61.440475,nan
2024-05-30T14:08:23,84.563347,-61.439766,nan
2024-05-30T14:08:22,84.563286,-61.439053,nan
2024-05-30T14:08:22,84.563225,-61.438335,nan
2024-05-30T14:08:21,84.563171,-61.437618,nan
2024-05-30T14:08:21,84.563110,-61.436901,nan
2024-05-30T14:08:20,84.563049,-61.436188,nan
2024-05-30T14:08:20,84.562988,-61.435474,nan
2024-05-30T14:08:19,84.562927,-61.434757,nan
2024-05-30T14:08:19,84.562866,-61.434052,nan
2024-05-30T14:08:18,84.562805,-61.433342,nan
2024-05-30T14:08:18,84.562744,-61.432636,nan
2024-05-30T14:08:17,84.562675,-61.431938,nan
2024-05-30T14:08:17,84.562614,-61.431244,nan
2024-05-30T14:08:16,84.562546,-61.430550,nan
2024-05-30T14:08:16,84.562485,-61.429855,nan
2024-05-30T14:08:15,84.562424,-61.429169,nan
2024-05-30T14:08:15,84.562363,-61.428478,nan
2024-05-30T14:08:14,84.562302,-61.427788,nan
2024-05-30T14:08:14,84.562241,-61.427094,nan
2024-05-30T14:08:13,84.562180,-61.426395,nan
2024-05-30T14:08:13,84.562119,-61.425694,nan
2024-05-30T14:08:12,84.562057,-61.424995,nan
2024-05-30T14:08:12,84.562004,-61.424290,nan
2024-05-30T14:08:11,84.561943,-61.423584,nan
2024-05-30T14:08:11,84.561890,-61.422878,nan
2024-05-30T14:08:10,84.561829,-61.422173,nan
2024-05-30T14:08:10,84.561768,-61.421471,nan
2024-05-30T14:08:09,84.561714,-61.420776,nan
2024-05-30T14:08:09,84.561653,-61.420086,nan
2024-05-30T14:08:08,84.561600,-61.419395,nan
2024-05-30T14:08:08,84.561539,-61.418701,nan
2024-05-30T14:08:07,84.561485,-61.418007,nan
2024-05-30T14:08:07,84.561424,-61.417297,nan
2024-05-30T14:08:06,84.561371,-61.416580,nan
2024-05-30T14:08:06,84.561310,-61.415855,nan
2024-05-30T14:08:05,84.561256,-61.415119,nan
2024-05-30T14:08:05,84.561203,-61.414379,nan
2024-05-30T14:08:04,84.561150,-61.413628,nan
2024-05-30T14:08:04,84.561096,-61.412872,nan
2024-05-30T14:08:03,84.561043,-61.412106,nan
2024-05-30T14:08:03,84.560989,-61.411335,nan
2024-05-30T14:08:02,84.560944,-61.410557,nan
2024-05-30T14:08:02,84.560890,-61.409767,nan
2024-05-30T14:08:01,84.560844,-61.408966,nan
2024-05-30T14:08:01,84.560799,-61.408161,nan
2024-05-30T14:08:00,84.560745,-61.407349,nan
2024-05-30T14:08:00,84.560699,-61.406528,nan
2024-05-30T14:07:59,84.560654,-61.405697,nan
2024-05-30T14:07:59,84.560600,-61.404865,nan
2024-05-30T14:07:58,84.560555,-61.404030,nan
2024-05-30T14:07:58,84.560509,-61.403202,nan
2024-05-30T14:07:57,84.560455,-61.402382,nan
2024-05-30T14:07:57,84.560410,-61.401577,nan
2024-05-30T14:07:56,84.560364,-61.400784,nan
2024-05-30T14:07:56,84.560310,-61.400005,nan
2024-05-30T14:07:55,84.560257,-61.399242,nan
2024-05-30T14:07:55,84.560211,-61.398483,nan
2024-05-30T14:07:54,84.560158,-61.397736,nan
2024-05-30T14:07:54,84.560104,-61.396996,nan
2024-05-30T14:07:53,84.560051,-61.396263,nan
2024-05-30T14:07:53,84.559998,-61.395538,nan
2024-05-30T14:07:52,84.559944,-61.394825,nan
2024-05-30T14:07:52,84.559891,-61.394115,nan
2024-05-30T14:07:51,84.559830,-61.393414,nan
2024-05-30T14:07:51,84.559776,-61.392723,nan
2024-05-30T14:07:50,84.559715,-61.392040,nan
2024-05-30T14:07:50,84.559654,-61.391365,nan
2024-05-30T14:07:49,84.559601,-61.390697,nan
2024-05-30T14:07:49,84.559540,-61.390038,nan
2024-05-30T14:07:48,84.559479,-61.389381,nan
2024-05-30T14:07:48,84.559418,-61.388733,nan
2024-05-30T14:07:47,84.559357,-61.388084,nan
2024-05-30T14:07:47,84.559296,-61.387432,nan
2024-05-30T14:07:46,84.559235,-61.386768,nan
2024-05-30T14:07:46,84.559181,-61.386093,nan
2024-05-30T14:07:45,84.559120,-61.385406,nan
2024-05-30T14:07:45,84.559059,-61.384712,nan
2024-05-30T14:07:44,84.558998,-61.384010,nan
2024-05-30T14:07:44,84.558937,-61.383301,nan
2024-05-30T14:07:43,84.558876,-61.382587,nan
2024-05-30T14:07:43,84.558815,-61.381863,nan
2024-05-30T14:07:42,84.558754,-61.381138,nan
2024-05-30T14:07:42,84.558693,-61.380402,nan
2024-05-30T14:07:41,84.558632,-61.379665,nan
2024-05-30T14:07:41,84.558563,-61.378922,nan
2024-05-30T14:07:40,84.558502,-61.378174,nan
2024-05-30T14:07:40,84.558441,-61.377419,nan
2024-05-30T14:07:39,84.558372,-61.376659,nan
2024-05-30T14:07:39,84.558311,-61.375900,nan
2024-05-30T14:07:38,84.558243,-61.375137,nan
2024-05-30T14:07:38,84.558182,-61.374378,nan
2024-05-30T14:07:37,84.558113,-61.373623,nan
2024-05-30T14:07:37,84.558052,-61.372871,nan
2024-05-30T14:07:36,84.557983,-61.372128,nan
2024-05-30T14:07:36,84.557922,-61.371395,nan
2024-05-30T14:07:35,84.557854,-61.370682,nan
2024-05-30T14:07:35,84.557793,-61.369987,nan
2024-05-30T14:07:34,84.557732,-61.369308,nan
2024-05-30T14:07:34,84.557671,-61.368645,nan
2024-05-30T14:07:33,84.557610,-61.367992,nan
2024-05-30T14:07:33,84.557549,-61.367355,nan
2024-05-30T14:07:32,84.557487,-61.366734,nan
2024-05-30T14:07:32,84.557426,-61.366123,nan
2024-05-30T14:07:31,84.557365,-61.365517,nan
2024-05-30T14:07:31,84.557304,-61.364918,nan
2024-05-30T14:07:30,84.557243,-61.364326,nan
2024-05-30T14:07:30,84.557190,-61.363739,nan
2024-05-30T14:07:29,84.557129,-61.363171,nan
2024-05-30T14:07:29,84.557076,-61.362617,nan
2024-05-30T14:07:28,84.557022,-61.362076,nan
2024-05-30T14:07:28,84.556961,-61.361542,nan
2024-05-30T14:07:27,84.556908,-61.361027,nan
2024-05-30T14:07:27,84.556854,-61.360523,nan
2024-05-30T14:07:26,84.556801,-61.360039,nan
2024-05-30T14:07:26,84.556747,-61.359562,nan
2024-05-30T14:07:25,84.556694,-61.359093,nan
2024-05-30T14:07:25,84.556641,-61.358639,nan
2024-05-30T14:07:24,84.556595,-61.358189,nan
2024-05-30T14:07:24,84.556541,-61.357742,nan
2024-05-30T14:07:23,84.556496,-61.357296,nan
2024-05-30T14:07:23,84.556450,-61.356838,nan
2024-05-30T14:07:22,84.556404,-61.356373,nan
2024-05-30T14:07:22,84.556358,-61.355900,nan
2024-05-30T14:07:21,84.556320,-61.355419,nan
2024-05-30T14:07:21,84.556274,-61.354935,nan
2024-05-30T14:07:20,84.556229,-61.354450,nan
2024-05-30T14:07:20,84.556190,-61.353962,nan
2024-05-30T14:07:19,84.556152,-61.353477,nan
2024-05-30T14:07:19,84.556107,-61.352985,nan
2024-05-30T14:07:18,84.556068,-61.352489,nan
2024-05-30T14:07:18,84.556023,-61.351990,nan
2024-05-30T14:07:17,84.555984,-61.351471,nan
2024-05-30T14:07:17,84.555939,-61.350941,nan
2024-05-30T14:07:16,84.555893,-61.350399,nan
2024-05-30T14:07:16,84.555855,-61.349846,nan
2024-05-30T14:07:15,84.555809,-61.349281,nan
2024-05-30T14:07:15,84.555763,-61.348705,nan
2024-05-30T14:07:14,84.555717,-61.348125,nan
2024-05-30T14:07:14,84.555672,-61.347534,nan
2024-05-30T14:07:13,84.555634,-61.346947,nan
2024-05-30T14:07:13,84.555588,-61.346359,nan
2024-05-30T14:07:12,84.555542,-61.345776,nan
2024-05-30T14:07:12,84.555504,-61.345203,nan
2024-05-30T14:07:11,84.555466,-61.344639,nan
2024-05-30T14:07:11,84.555420,-61.344078,nan
2024-05-30T14:07:10,84.555382,-61.343529,nan
2024-05-30T14:07:10,84.555344,-61.342991,nan
2024-05-30T14:07:09,84.555305,-61.342464,nan
2024-05-30T14:07:09,84.555267,-61.341946,nan
2024-05-30T14:07:08,84.555229,-61.341434,nan
2024-05-30T14:07:08,84.555191,-61.340935,nan
2024-05-30T14:07:07,84.555153,-61.340439,nan
2024-05-30T14:07:07,84.555107,-61.339954,nan
2024-05-30T14:07:06,84.555069,-61.339478,nan
2024-05-30T14:07:06,84.555031,-61.339008,nan
2024-05-30T14:07:05,84.554985,-61.338551,nan
2024-05-30T14:07:05,84.554947,-61.338093,nan
2024-05-30T14:07:04,84.554909,-61.337639,nan
2024-05-30T14:07:04,84.554863,-61.337177,nan
2024-05-30T14:07:03,84.554825,-61.336727,nan
2024-05-30T14:07:03,84.554779,-61.336273,nan
2024-05-30T14:07:02,84.554741,-61.335815,nan
2024-05-30T14:07:02,84.554703,-61.335358,nan
2024-05-30T14:07:01,84.554665,-61.334896,nan
2024-05-30T14:07:01,84.554619,-61.334435,nan
2024-05-30T14:07:00,84.554581,-61.333965,nan
2024-05-30T14:07:00,84.554543,-61.333492,nan
2024-05-30T14:06:59,84.554497,-61.333019,nan
2024-05-30T14:06:59,84.554459,-61.332539,nan
2024-05-30T14:06:58,84.554420,-61.332062,nan
2024-05-30T14:06:58,84.554375,-61.331581,nan
2024-05-30T14:06:57,84.554337,-61.331097,nan
2024-05-30T14:06:57,84.554291,-61.330620,nan
2024-05-30T14:06:56,84.554253,-61.330139,nan
2024-05-30T14:06:56,84.554207,-61.329662,nan
2024-05-30T14:06:55,84.554161,-61.329185,nan
2024-05-30T14:06:55,84.554115,-61.328701,nan
2024-05-30T14:06:54,84.554070,-61.328209,nan
2024-05-30T14:06:54,84.554024,-61.327709,nan
2024-05-30T14:06:53,84.553986,-61.327198,nan
2024-05-30T14:06:53,84.553940,-61.326679,nan
2024-05-30T14:06:52,84.553902,-61.326164,nan
2024-05-30T14:06:52,84.553864,-61.325645,nan
2024-05-30T14:06:51,84.553825,-61.325119,nan
2024-05-30T14:06:51,84.553787,-61.324593,nan
2024-05-30T14:06:50,84.553749,-61.324062,nan
2024-05-30T14:06:50,84.553711,-61.323532,nan
2024-05-30T14:06:49,84.553680,-61.323002,nan
2024-05-30T14:06:49,84.553642,-61.322472,nan
2024-05-30T14:06:48,84.553612,-61.321938,nan
2024-05-30T14:06:48,84.553574,-61.321400,nan
2024-05-30T14:06:47,84.553543,-61.320854,nan
2024-05-30T14:06:47,84.553505,-61.320309,nan
2024-05-30T14:06:46,84.553474,-61.319763,nan
2024-05-30T14:06:46,84.553436,-61.319210,nan
2024-05-30T14:06:45,84.553406,-61.318653,nan
2024-05-30T14:06:45,84.553368,-61.318100,nan
2024-05-30T14:06:44,84.553329,-61.317539,nan
2024-05-30T14:06:44,84.553299,-61.316978,nan
2024-05-30T14:06:43,84.553261,-61.316418,nan
2024-05-30T14:06:43,84.553223,-61.315857,nan
2024-05-30T14:06:42,84.553185,-61.315300,nan
2024-05-30T14:06:42,84.553146,-61.314751,nan
2024-05-30T14:06:41,84.553116,-61.314209,nan
2024-05-30T14:06:41,84.553078,-61.313683,nan
2024-05-30T14:06:40,84.553040,-61.313160,nan
2024-05-30T14:06:40,84.553001,-61.312656,nan
2024-05-30T14:06:39,84.552963,-61.312157,nan
2024-05-30T14:06:39,84.552925,-61.311668,nan
2024-05-30T14:06:38,84.552887,-61.311192,nan
2024-05-30T14:06:38,84.552849,-61.310722,nan
2024-05-30T14:06:37,84.552818,-61.310268,nan
2024-05-30T14:06:37,84.552780,-61.309826,nan
2024-05-30T14:06:36,84.552742,-61.309395,nan
2024-05-30T14:06:36,84.552704,-61.308975,nan
2024-05-30T14:06:35,84.552673,-61.308571,nan
2024-05-30T14:06:35,84.552635,-61.308170,nan
2024-05-30T14:06:34,84.552597,-61.307774,nan
2024-05-30T14:06:34,84.552567,-61.307384,nan
2024-05-30T14:06:33,84.552528,-61.306995,nan
2024-05-30T14:06:33,84.552490,-61.306595,nan
2024-05-30T14:06:32,84.552452,-61.306190,nan
2024-05-30T14:06:32,84.552414,-61.305775,nan
2024-05-30T14:06:31,84.552376,-61.305367,nan
2024-05-30T14:06:31,84.552338,-61.304951,nan
2024-05-30T14:06:30,84.552299,-61.304539,nan
2024-05-30T14:06:30,84.552261,-61.304123,nan
2024-05-30T14:06:29,84.552216,-61.303699,nan
2024-05-30T14:06:29,84.552177,-61.303276,nan
2024-05-30T14:06:28,84.552139,-61.302841,nan
2024-05-30T14:06:28,84.552094,-61.302406,nan
2024-05-30T14:06:27,84.552055,-61.301971,nan
2024-05-30T14:06:27,84.552017,-61.301540,nan
2024-05-30T14:06:26,84.551979,-61.301113,nan
2024-05-30T14:06:26,84.551941,-61.300705,nan
2024-05-30T14:06:25,84.551903,-61.300293,nan
2024-05-30T14:06:25,84.551865,-61.299885,nan
2024-05-30T14:06:24,84.551834,-61.299492,nan
2024-05-30T14:06:24,84.551796,-61.299107,nan
2024-05-30T14:06:23,84.551765,-61.298717,nan
2024-05-30T14:06:23,84.551735,-61.298336,nan
2024-05-30T14:06:22,84.551704,-61.297958,nan
2024-05-30T14:06:22,84.551674,-61.297588,nan
2024-05-30T14:06:21,84.551643,-61.297226,nan
2024-05-30T14:06:21,84.551613,-61.296875,nan
2024-05-30T14:06:20,84.551590,-61.296528,nan
2024-05-30T14:06:20,84.551559,-61.296188,nan
2024-05-30T14:06:19,84.551537,-61.295849,nan
2024-05-30T14:06:19,84.551514,-61.295513,nan
2024-05-30T14:06:18,84.551483,-61.295181,nan
2024-05-30T14:06:18,84.551460,-61.294853,nan
2024-05-30T14:06:17,84.551437,-61.294525,nan
2024-05-30T14:06:17,84.551407,-61.294197,nan
2024-05-30T14:06:16,84.551376,-61.293877,nan
2024-05-30T14:06:16,84.551353,-61.293552,nan
2024-05-30T14:06:15,84.551323,-61.293228,nan
2024-05-30T14:06:15,84.551292,-61.292908,nan
2024-05-30T14:06:14,84.551262,-61.292591,nan
2024-05-30T14:06:14,84.551224,-61.292271,nan
2024-05-30T14:06:13,84.551193,-61.291954,nan
2024-05-30T14:06:13,84.551155,-61.291637,nan
2024-05-30T14:06:12,84.551117,-61.291325,nan
2024-05-30T14:06:12,84.551086,-61.291008,nan
2024-05-30T14:06:11,84.551048,-61.290688,nan
2024-05-30T14:06:11,84.551010,-61.290363,nan
2024-05-30T14:06:10,84.550972,-61.290028,nan
2024-05-30T14:06:10,84.550941,-61.289684,nan
2024-05-30T14:06:09,84.550903,-61.289330,nan
2024-05-30T14:06:09,84.550865,-61.288971,nan
2024-05-30T14:06:08,84.550819,-61.288605,nan
2024-05-30T14:06:08,84.550781,-61.288219,nan
2024-05-30T14:06:07,84.550743,-61.287827,nan
2024-05-30T14:06:07,84.550697,-61.287418,nan
2024-05-30T14:06:06,84.550659,-61.286995,nan
2024-05-30T14:06:06,84.550621,-61.286560,nan
2024-05-30T14:06:05,84.550575,-61.286110,nan
2024-05-30T14:06:05,84.550537,-61.285645,nan
2024-05-30T14:06:04,84.550499,-61.285168,nan
2024-05-30T14:06:04,84.550453,-61.284683,nan
2024-05-30T14:06:03,84.550415,-61.284187,nan
2024-05-30T14:06:03,84.550377,-61.283680,nan
2024-05-30T14:06:02,84.550339,-61.283157,nan
2024-05-30T14:06:02,84.550301,-61.282631,nan
2024-05-30T14:06:01,84.550262,-61.282093,nan
2024-05-30T14:06:01,84.550224,-61.281555,nan
2024-05-30T14:06:00,84.550194,-61.281013,nan
2024-05-30T14:06:00,84.550156,-61.280464,nan
2024-05-30T14:05:59,84.550117,-61.279915,nan
2024-05-30T14:05:59,84.550079,-61.279362,nan
2024-05-30T14:05:58,84.550049,-61.278805,nan
2024-05-30T14:05:58,84.550011,-61.278259,nan
2024-05-30T14:05:57,84.549973,-61.277725,nan
2024-05-30T14:05:57,84.549934,-61.277203,nan
2024-05-30T14:05:56,84.549896,-61.276703,nan
2024-05-30T14:05:56,84.549858,-61.276222,nan
2024-05-30T14:05:55,84.549820,-61.275764,nan
2024-05-30T14:05:55,84.549782,-61.275318,nan
2024-05-30T14:05:54,84.549744,-61.274902,nan
2024-05-30T14:05:54,84.549706,-61.274506,nan
2024-05-30T14:05:53,84.549660,-61.274120,nan
2024-05-30T14:05:53,84.549622,-61.273762,nan
2024-05-30T14:05:52,84.549591,-61.273415,nan
2024-05-30T14:05:52,84.549553,-61.273087,nan
2024-05-30T14:05:51,84.549522,-61.272785,nan
2024-05-30T14:05:51,84.549500,-61.272549,nan
2024-05-30T14:05:50,84.549477,-61.272343,nan
2024-05-30T14:05:50,84.549461,-61.272221,nan
2024-05-30T14:05:49,84.549461,-61.272102,nan
2024-05-30T14:05:49,84.549454,-61.271900,nan
2024-05-30T14:05:48,84.549454,-61.272083,nan
2024-05-30T14:05:48,84.549522,-61.272488,nan
2024-05-30T14:05:47,84.549675,-61.273834,nan
2024-05-30T14:05:47,84.550018,-61.276478,nan
2024-05-30T14:05:46,84.550407,-61.277149,nan
2024-05-30T14:05:46,84.550621,-61.277241,nan
2024-05-30T14:05:45,84.550705,-61.276787,nan
2024-05-30T14:05:44,84.550735,-61.276978,nan
2024-05-30T14:05:42,84.548103,-61.264381,nan
2024-05-30T14:05:41,84.547165,-61.260204,nan
2024-05-30T14:05:41,84.546227,-61.256023,nan
