datetime,lat,lon,elev
2024-06-03T14:00:19,83.914818,-64.033928,nan
2024-06-03T14:00:19,83.914810,-64.034142,nan
2024-06-03T14:00:18,83.914810,-64.034370,nan
2024-06-03T14:00:18,83.914803,-64.034599,nan
2024-06-03T14:00:17,83.914803,-64.034828,nan
2024-06-03T14:00:17,83.914795,-64.035065,nan
2024-06-03T14:00:16,83.914795,-64.035301,nan
2024-06-03T14:00:16,83.914787,-64.035538,nan
2024-06-03T14:00:15,83.914780,-64.035774,nan
2024-06-03T14:00:15,83.914780,-64.036011,nan
2024-06-03T14:00:14,83.914772,-64.036247,nan
2024-06-03T14:00:14,83.914772,-64.036484,nan
2024-06-03T14:00:13,83.914764,-64.036728,nan
2024-06-03T14:00:13,83.914757,-64.036964,nan
2024-06-03T14:00:12,83.914757,-64.037201,nan
2024-06-03T14:00:12,83.914749,-64.037437,nan
2024-06-03T14:00:11,83.914742,-64.037682,nan
2024-06-03T14:00:11,83.914742,-64.037926,nan
2024-06-03T14:00:10,83.914734,-64.038170,nan
2024-06-03T14:00:10,83.914734,-64.038414,nan
2024-06-03T14:00:09,83.914726,-64.038666,nan
2024-06-03T14:00:09,83.914719,-64.038910,nan
2024-06-03T14:00:08,83.914719,-64.039162,nan
2024-06-03T14:00:08,83.914711,-64.039406,nan
2024-06-03T14:00:07,83.914711,-64.039650,nan
2024-06-03T14:00:07,83.914703,-64.039902,nan
2024-06-03T14:00:06,83.914703,-64.040154,nan
2024-06-03T14:00:06,83.914696,-64.040405,nan
2024-06-03T14:00:05,83.914696,-64.040657,nan
2024-06-03T14:00:05,83.914696,-64.040909,nan
2024-06-03T14:00:04,83.914688,-64.041161,nan
2024-06-03T14:00:04,83.914688,-64.041420,nan
2024-06-03T14:00:03,83.914680,-64.041687,nan
2024-06-03T14:00:03,83.914680,-64.041954,nan
2024-06-03T14:00:02,83.914680,-64.042213,nan
2024-06-03T14:00:02,83.914673,-64.042480,nan
2024-06-03T14:00:01,83.914673,-64.042747,nan
2024-06-03T14:00:01,83.914665,-64.043022,nan
2024-06-03T14:00:00,83.914658,-64.043556,nan
2024-06-03T13:59:59,83.914658,-64.043816,nan
2024-06-03T13:59:59,83.914658,-64.044083,nan
2024-06-03T13:59:58,83.914650,-64.044350,nan
2024-06-03T13:59:58,83.914650,-64.044617,nan
2024-06-03T13:59:57,83.914650,-64.044884,nan
2024-06-03T13:59:57,83.914650,-64.045151,nan
2024-06-03T13:59:56,83.914642,-64.045425,nan
2024-06-03T13:59:56,83.914642,-64.045708,nan
2024-06-03T13:59:55,83.914635,-64.046005,nan
2024-06-03T13:59:55,83.914635,-64.046303,nan
2024-06-03T13:59:54,83.914627,-64.046616,nan
2024-06-03T13:59:54,83.914627,-64.046936,nan
2024-06-03T13:59:53,83.914627,-64.047264,nan
2024-06-03T13:59:53,83.914619,-64.047600,nan
2024-06-03T13:59:52,83.914619,-64.047928,nan
2024-06-03T13:59:52,83.914619,-64.048256,nan
2024-06-03T13:59:51,83.914619,-64.048576,nan
2024-06-03T13:59:51,83.914612,-64.048897,nan
2024-06-03T13:59:50,83.914612,-64.049217,nan
2024-06-03T13:59:49,83.914612,-64.049850,nan
2024-06-03T13:59:49,83.914612,-64.050156,nan
2024-06-03T13:59:48,83.914612,-64.050461,nan
2024-06-03T13:59:48,83.914619,-64.050766,nan
2024-06-03T13:59:47,83.914619,-64.051071,nan
2024-06-03T13:59:47,83.914619,-64.051369,nan
2024-06-03T13:59:46,83.914619,-64.051682,nan
2024-06-03T13:59:46,83.914619,-64.051979,nan
2024-06-03T13:59:45,83.914619,-64.052284,nan
2024-06-03T13:59:45,83.914619,-64.052589,nan
2024-06-03T13:59:44,83.914627,-64.052902,nan
2024-06-03T13:59:44,83.914627,-64.053207,nan
2024-06-03T13:59:43,83.914627,-64.053513,nan
2024-06-03T13:59:43,83.914627,-64.053818,nan
2024-06-03T13:59:42,83.914635,-64.054123,nan
2024-06-03T13:59:42,83.914635,-64.054436,nan
2024-06-03T13:59:41,83.914635,-64.054741,nan
2024-06-03T13:59:41,83.914642,-64.055054,nan
2024-06-03T13:59:40,83.914642,-64.055359,nan
2024-06-03T13:59:40,83.914642,-64.055664,nan
2024-06-03T13:59:39,83.914642,-64.055962,nan
2024-06-03T13:59:39,83.914642,-64.056267,nan
2024-06-03T13:59:38,83.914642,-64.056572,nan
2024-06-03T13:59:38,83.914650,-64.056862,nan
2024-06-03T13:59:37,83.914650,-64.057152,nan
2024-06-03T13:59:37,83.914650,-64.057449,nan
2024-06-03T13:59:36,83.914650,-64.057747,nan
2024-06-03T13:59:36,83.914658,-64.058044,nan
2024-06-03T13:59:35,83.914658,-64.058334,nan
2024-06-03T13:59:35,83.914658,-64.058624,nan
2024-06-03T13:59:34,83.914658,-64.058922,nan
2024-06-03T13:59:34,83.914658,-64.059219,nan
2024-06-03T13:59:33,83.914658,-64.059517,nan
2024-06-03T13:59:33,83.914665,-64.059814,nan
2024-06-03T13:59:32,83.914665,-64.060104,nan
2024-06-03T13:59:32,83.914665,-64.060394,nan
2024-06-03T13:59:31,83.914665,-64.060684,nan
2024-06-03T13:59:31,83.914673,-64.060974,nan
2024-06-03T13:59:30,83.914673,-64.061256,nan
2024-06-03T13:59:30,83.914673,-64.061546,nan
2024-06-03T13:59:29,83.914680,-64.061836,nan
2024-06-03T13:59:29,83.914680,-64.062126,nan
2024-06-03T13:59:28,83.914680,-64.062416,nan
2024-06-03T13:59:27,83.914688,-64.063011,nan
2024-06-03T13:59:27,83.914688,-64.063309,nan
2024-06-03T13:59:26,83.914696,-64.063614,nan
2024-06-03T13:59:26,83.914696,-64.063911,nan
2024-06-03T13:59:25,83.914696,-64.064209,nan
2024-06-03T13:59:25,83.914703,-64.064507,nan
2024-06-03T13:59:24,83.914703,-64.064804,nan
2024-06-03T13:59:24,83.914703,-64.065094,nan
2024-06-03T13:59:23,83.914703,-64.065392,nan
2024-06-03T13:59:23,83.914711,-64.065689,nan
2024-06-03T13:59:22,83.914711,-64.065987,nan
2024-06-03T13:59:22,83.914711,-64.066292,nan
2024-06-03T13:59:21,83.914719,-64.066597,nan
2024-06-03T13:59:21,83.914719,-64.066902,nan
2024-06-03T13:59:20,83.914719,-64.067207,nan
2024-06-03T13:59:20,83.914719,-64.067513,nan
2024-06-03T13:59:19,83.914726,-64.068123,nan
2024-06-03T13:59:18,83.914726,-64.068428,nan
2024-06-03T13:59:18,83.914734,-64.068733,nan
2024-06-03T13:59:17,83.914734,-64.069038,nan
2024-06-03T13:59:17,83.914742,-64.069336,nan
2024-06-03T13:59:16,83.914742,-64.069633,nan
2024-06-03T13:59:16,83.914749,-64.069916,nan
2024-06-03T13:59:15,83.914749,-64.070206,nan
2024-06-03T13:59:15,83.914757,-64.070488,nan
2024-06-03T13:59:14,83.914757,-64.070770,nan
2024-06-03T13:59:14,83.914764,-64.071053,nan
2024-06-03T13:59:13,83.914772,-64.071327,nan
2024-06-03T13:59:13,83.914780,-64.071609,nan
2024-06-03T13:59:12,83.914780,-64.071884,nan
2024-06-03T13:59:12,83.914787,-64.072159,nan
2024-06-03T13:59:11,83.914795,-64.072433,nan
2024-06-03T13:59:11,83.914803,-64.072708,nan
2024-06-03T13:59:10,83.914803,-64.072975,nan
2024-06-03T13:59:10,83.914810,-64.073242,nan
2024-06-03T13:59:09,83.914818,-64.073509,nan
2024-06-03T13:59:09,83.914825,-64.073776,nan
2024-06-03T13:59:08,83.914825,-64.074043,nan
2024-06-03T13:59:08,83.914833,-64.074303,nan
2024-06-03T13:59:07,83.914841,-64.074570,nan
2024-06-03T13:59:07,83.914848,-64.074829,nan
2024-06-03T13:59:06,83.914856,-64.075089,nan
2024-06-03T13:59:06,83.914856,-64.075356,nan
2024-06-03T13:59:05,83.914864,-64.075615,nan
2024-06-03T13:59:04,83.914879,-64.076134,nan
2024-06-03T13:59:04,83.914879,-64.076393,nan
2024-06-03T13:59:03,83.914886,-64.076660,nan
2024-06-03T13:59:03,83.914894,-64.076927,nan
2024-06-03T13:59:02,83.914902,-64.077187,nan
2024-06-03T13:59:02,83.914909,-64.077454,nan
2024-06-03T13:59:01,83.914909,-64.077721,nan
2024-06-03T13:59:01,83.914917,-64.077988,nan
2024-06-03T13:59:00,83.914925,-64.078255,nan
2024-06-03T13:59:00,83.914932,-64.078514,nan
2024-06-03T13:58:59,83.914940,-64.078773,nan
2024-06-03T13:58:59,83.914948,-64.079033,nan
2024-06-03T13:58:58,83.914955,-64.079292,nan
2024-06-03T13:58:58,83.914955,-64.079552,nan
2024-06-03T13:58:57,83.914963,-64.079796,nan
2024-06-03T13:58:57,83.914970,-64.080040,nan
2024-06-03T13:58:56,83.914978,-64.080284,nan
2024-06-03T13:58:56,83.914986,-64.080528,nan
2024-06-03T13:58:55,83.914993,-64.080772,nan
2024-06-03T13:58:55,83.915001,-64.081009,nan
2024-06-03T13:58:54,83.915009,-64.081253,nan
2024-06-03T13:58:54,83.915009,-64.081490,nan
2024-06-03T13:58:53,83.915016,-64.081734,nan
2024-06-03T13:58:53,83.915024,-64.081963,nan
2024-06-03T13:58:52,83.915031,-64.082199,nan
2024-06-03T13:58:52,83.915031,-64.082420,nan
2024-06-03T13:58:51,83.915039,-64.082642,nan
2024-06-03T13:58:51,83.915039,-64.082855,nan
2024-06-03T13:58:50,83.915039,-64.083069,nan
2024-06-03T13:58:50,83.915047,-64.083282,nan
2024-06-03T13:58:49,83.915047,-64.083488,nan
2024-06-03T13:58:49,83.915047,-64.083694,nan
2024-06-03T13:58:48,83.915047,-64.083893,nan
2024-06-03T13:58:48,83.915047,-64.084091,nan
2024-06-03T13:58:47,83.915047,-64.084290,nan
2024-06-03T13:58:47,83.915054,-64.084496,nan
2024-06-03T13:58:46,83.915054,-64.084702,nan
2024-06-03T13:58:46,83.915054,-64.084900,nan
2024-06-03T13:58:45,83.915062,-64.085114,nan
2024-06-03T13:58:45,83.915062,-64.085320,nan
2024-06-03T13:58:44,83.915062,-64.085533,nan
2024-06-03T13:58:44,83.915070,-64.085747,nan
2024-06-03T13:58:43,83.915070,-64.085953,nan
2024-06-03T13:58:43,83.915077,-64.086151,nan
2024-06-03T13:58:42,83.915077,-64.086357,nan
2024-06-03T13:58:42,83.915085,-64.086563,nan
2024-06-03T13:58:41,83.915092,-64.086761,nan
2024-06-03T13:58:41,83.915092,-64.086967,nan
2024-06-03T13:58:40,83.915100,-64.087173,nan
2024-06-03T13:58:40,83.915108,-64.087379,nan
2024-06-03T13:58:39,83.915115,-64.087593,nan
2024-06-03T13:58:39,83.915123,-64.087814,nan
2024-06-03T13:58:38,83.915131,-64.088036,nan
2024-06-03T13:58:38,83.915131,-64.088257,nan
2024-06-03T13:58:37,83.915138,-64.088486,nan
2024-06-03T13:58:37,83.915146,-64.088707,nan
2024-06-03T13:58:36,83.915154,-64.088936,nan
2024-06-03T13:58:36,83.915161,-64.089157,nan
2024-06-03T13:58:35,83.915169,-64.089371,nan
2024-06-03T13:58:35,83.915176,-64.089584,nan
2024-06-03T13:58:34,83.915176,-64.089806,nan
2024-06-03T13:58:34,83.915184,-64.090012,nan
2024-06-03T13:58:33,83.915192,-64.090225,nan
2024-06-03T13:58:33,83.915199,-64.090439,nan
2024-06-03T13:58:32,83.915215,-64.090858,nan
2024-06-03T13:58:31,83.915222,-64.091064,nan
2024-06-03T13:58:31,83.915230,-64.091278,nan
2024-06-03T13:58:30,83.915230,-64.091492,nan
2024-06-03T13:58:30,83.915237,-64.091705,nan
2024-06-03T13:58:29,83.915245,-64.091919,nan
2024-06-03T13:58:29,83.915253,-64.092133,nan
2024-06-03T13:58:28,83.915260,-64.092346,nan
2024-06-03T13:58:28,83.915268,-64.092567,nan
2024-06-03T13:58:27,83.915276,-64.092781,nan
2024-06-03T13:58:27,83.915276,-64.092995,nan
2024-06-03T13:58:26,83.915283,-64.093208,nan
2024-06-03T13:58:26,83.915291,-64.093422,nan
2024-06-03T13:58:25,83.915298,-64.093636,nan
2024-06-03T13:58:25,83.915306,-64.093842,nan
2024-06-03T13:58:24,83.915314,-64.094048,nan
2024-06-03T13:58:24,83.915321,-64.094246,nan
2024-06-03T13:58:23,83.915329,-64.094452,nan
2024-06-03T13:58:23,83.915337,-64.094658,nan
2024-06-03T13:58:22,83.915344,-64.094856,nan
2024-06-03T13:58:22,83.915352,-64.095047,nan
2024-06-03T13:58:21,83.915359,-64.095245,nan
2024-06-03T13:58:21,83.915367,-64.095436,nan
2024-06-03T13:58:20,83.915375,-64.095634,nan
2024-06-03T13:58:20,83.915382,-64.095825,nan
2024-06-03T13:58:19,83.915390,-64.096016,nan
2024-06-03T13:58:19,83.915398,-64.096214,nan
2024-06-03T13:58:18,83.915405,-64.096413,nan
2024-06-03T13:58:18,83.915421,-64.096619,nan
2024-06-03T13:58:17,83.915428,-64.096825,nan
2024-06-03T13:58:17,83.915436,-64.097023,nan
2024-06-03T13:58:16,83.915443,-64.097221,nan
2024-06-03T13:58:16,83.915451,-64.097427,nan
2024-06-03T13:58:15,83.915459,-64.097633,nan
2024-06-03T13:58:15,83.915474,-64.097839,nan
2024-06-03T13:58:14,83.915482,-64.098045,nan
2024-06-03T13:58:14,83.915489,-64.098251,nan
2024-06-03T13:58:13,83.915504,-64.098671,nan
2024-06-03T13:58:12,83.915520,-64.098877,nan
2024-06-03T13:58:12,83.915527,-64.099075,nan
2024-06-03T13:58:11,83.915535,-64.099274,nan
2024-06-03T13:58:11,83.915550,-64.099472,nan
2024-06-03T13:58:10,83.915558,-64.099670,nan
2024-06-03T13:58:10,83.915565,-64.099869,nan
2024-06-03T13:58:09,83.915581,-64.100067,nan
2024-06-03T13:58:09,83.915588,-64.100258,nan
2024-06-03T13:58:08,83.915611,-64.100639,nan
2024-06-03T13:58:07,83.915619,-64.100830,nan
2024-06-03T13:58:06,83.915649,-64.101219,nan
2024-06-03T13:58:06,83.915657,-64.101418,nan
2024-06-03T13:58:05,83.915672,-64.101616,nan
2024-06-03T13:58:05,83.915680,-64.101830,nan
2024-06-03T13:58:04,83.915695,-64.102036,nan
2024-06-03T13:58:04,83.915703,-64.102249,nan
2024-06-03T13:58:03,83.915718,-64.102463,nan
2024-06-03T13:58:03,83.915726,-64.102684,nan
2024-06-03T13:58:02,83.915741,-64.102905,nan
2024-06-03T13:58:02,83.915749,-64.103127,nan
2024-06-03T13:58:01,83.915756,-64.103355,nan
2024-06-03T13:58:01,83.915771,-64.103577,nan
2024-06-03T13:58:00,83.915779,-64.103806,nan
2024-06-03T13:58:00,83.915787,-64.104034,nan
2024-06-03T13:57:59,83.915802,-64.104256,nan
2024-06-03T13:57:59,83.915810,-64.104485,nan
2024-06-03T13:57:58,83.915817,-64.104713,nan
2024-06-03T13:57:58,83.915833,-64.104935,nan
2024-06-03T13:57:57,83.915840,-64.105156,nan
2024-06-03T13:57:57,83.915848,-64.105377,nan
2024-06-03T13:57:56,83.915863,-64.105598,nan
2024-06-03T13:57:56,83.915871,-64.105812,nan
2024-06-03T13:57:55,83.915878,-64.106033,nan
2024-06-03T13:57:55,83.915894,-64.106247,nan
2024-06-03T13:57:54,83.915901,-64.106468,nan
2024-06-03T13:57:54,83.915909,-64.106689,nan
2024-06-03T13:57:53,83.915916,-64.106911,nan
2024-06-03T13:57:53,83.915924,-64.107132,nan
2024-06-03T13:57:52,83.915932,-64.107353,nan
2024-06-03T13:57:52,83.915939,-64.107574,nan
2024-06-03T13:57:51,83.915947,-64.107796,nan
2024-06-03T13:57:51,83.915955,-64.108017,nan
2024-06-03T13:57:50,83.915962,-64.108231,nan
2024-06-03T13:57:50,83.915970,-64.108444,nan
2024-06-03T13:57:49,83.915977,-64.108658,nan
2024-06-03T13:57:49,83.915985,-64.108864,nan
2024-06-03T13:57:48,83.915993,-64.109062,nan
2024-06-03T13:57:48,83.915993,-64.109253,nan
2024-06-03T13:57:47,83.916000,-64.109444,nan
2024-06-03T13:57:47,83.916008,-64.109634,nan
2024-06-03T13:57:46,83.916016,-64.109840,nan
2024-06-03T13:57:46,83.916023,-64.110039,nan
2024-06-03T13:57:45,83.916031,-64.110237,nan
2024-06-03T13:57:45,83.916039,-64.110435,nan
2024-06-03T13:57:44,83.916046,-64.110641,nan
2024-06-03T13:57:44,83.916054,-64.110855,nan
2024-06-03T13:57:43,83.916061,-64.111069,nan
2024-06-03T13:57:43,83.916061,-64.111282,nan
2024-06-03T13:57:42,83.916069,-64.111488,nan
2024-06-03T13:57:42,83.916077,-64.111710,nan
2024-06-03T13:57:41,83.916084,-64.111931,nan
2024-06-03T13:57:41,83.916092,-64.112144,nan
2024-06-03T13:57:40,83.916107,-64.112366,nan
2024-06-03T13:57:40,83.916115,-64.112572,nan
2024-06-03T13:57:39,83.916122,-64.112770,nan
2024-06-03T13:57:39,83.916130,-64.112968,nan
2024-06-03T13:57:38,83.916138,-64.113159,nan
2024-06-03T13:57:38,83.916145,-64.113342,nan
2024-06-03T13:57:37,83.916161,-64.113510,nan
2024-06-03T13:57:37,83.916168,-64.113670,nan
2024-06-03T13:57:36,83.916176,-64.113823,nan
2024-06-03T13:57:36,83.916183,-64.113976,nan
2024-06-03T13:57:35,83.916199,-64.114265,nan
2024-06-03T13:57:34,83.916206,-64.114410,nan
2024-06-03T13:57:34,83.916214,-64.114548,nan
2024-06-03T13:57:33,83.916222,-64.114685,nan
2024-06-03T13:57:33,83.916229,-64.114830,nan
2024-06-03T13:57:32,83.916237,-64.114967,nan
2024-06-03T13:57:32,83.916245,-64.115105,nan
2024-06-03T13:57:31,83.916252,-64.115250,nan
2024-06-03T13:57:31,83.916260,-64.115395,nan
2024-06-03T13:57:30,83.916267,-64.115540,nan
2024-06-03T13:57:30,83.916275,-64.115700,nan
2024-06-03T13:57:29,83.916283,-64.115868,nan
2024-06-03T13:57:29,83.916290,-64.116028,nan
2024-06-03T13:57:28,83.916290,-64.116203,nan
2024-06-03T13:57:28,83.916298,-64.116379,nan
2024-06-03T13:57:27,83.916306,-64.116562,nan
2024-06-03T13:57:27,83.916321,-64.116745,nan
2024-06-03T13:57:26,83.916328,-64.116928,nan
2024-06-03T13:57:26,83.916336,-64.117111,nan
2024-06-03T13:57:25,83.916344,-64.117287,nan
2024-06-03T13:57:25,83.916359,-64.117470,nan
2024-06-03T13:57:24,83.916367,-64.117645,nan
2024-06-03T13:57:24,83.916382,-64.117805,nan
2024-06-03T13:57:23,83.916397,-64.117966,nan
2024-06-03T13:57:23,83.916405,-64.118126,nan
2024-06-03T13:57:22,83.916420,-64.118279,nan
2024-06-03T13:57:22,83.916435,-64.118423,nan
2024-06-03T13:57:21,83.916443,-64.118576,nan
2024-06-03T13:57:21,83.916458,-64.118721,nan
2024-06-03T13:57:20,83.916466,-64.118874,nan
2024-06-03T13:57:20,83.916473,-64.119026,nan
2024-06-03T13:57:19,83.916489,-64.119186,nan
2024-06-03T13:57:19,83.916496,-64.119347,nan
2024-06-03T13:57:18,83.916504,-64.119507,nan
2024-06-03T13:57:18,83.916512,-64.119667,nan
2024-06-03T13:57:17,83.916512,-64.119827,nan
2024-06-03T13:57:17,83.916519,-64.119987,nan
2024-06-03T13:57:16,83.916527,-64.120148,nan
2024-06-03T13:57:16,83.916527,-64.120293,nan
2024-06-03T13:57:15,83.916534,-64.120430,nan
2024-06-03T13:57:15,83.916542,-64.120552,nan
2024-06-03T13:57:14,83.916550,-64.120674,nan
2024-06-03T13:57:14,83.916557,-64.120789,nan
2024-06-03T13:57:13,83.916565,-64.120895,nan
2024-06-03T13:57:13,83.916573,-64.121002,nan
2024-06-03T13:57:12,83.916580,-64.121117,nan
2024-06-03T13:57:12,83.916595,-64.121231,nan
2024-06-03T13:57:11,83.916603,-64.121353,nan
2024-06-03T13:57:11,83.916618,-64.121483,nan
2024-06-03T13:57:10,83.916626,-64.121613,nan
2024-06-03T13:57:10,83.916641,-64.121750,nan
2024-06-03T13:57:09,83.916649,-64.121880,nan
2024-06-03T13:57:09,83.916664,-64.122017,nan
2024-06-03T13:57:08,83.916672,-64.122147,nan
2024-06-03T13:57:08,83.916679,-64.122284,nan
2024-06-03T13:57:07,83.916695,-64.122421,nan
2024-06-03T13:57:07,83.916702,-64.122551,nan
2024-06-03T13:57:06,83.916718,-64.122681,nan
2024-06-03T13:57:06,83.916725,-64.122803,nan
2024-06-03T13:57:05,83.916733,-64.122932,nan
2024-06-03T13:57:05,83.916748,-64.123055,nan
2024-06-03T13:57:04,83.916756,-64.123184,nan
2024-06-03T13:57:04,83.916763,-64.123306,nan
2024-06-03T13:57:03,83.916779,-64.123444,nan
2024-06-03T13:57:03,83.916786,-64.123581,nan
2024-06-03T13:57:02,83.916794,-64.123726,nan
2024-06-03T13:57:02,83.916809,-64.123871,nan
2024-06-03T13:57:01,83.916817,-64.124008,nan
2024-06-03T13:57:01,83.916824,-64.124153,nan
2024-06-03T13:57:00,83.916832,-64.124306,nan
2024-06-03T13:57:00,83.916847,-64.124451,nan
2024-06-03T13:56:59,83.916855,-64.124596,nan
2024-06-03T13:56:59,83.916862,-64.124741,nan
2024-06-03T13:56:58,83.916878,-64.124886,nan
2024-06-03T13:56:58,83.916885,-64.125031,nan
2024-06-03T13:56:57,83.916893,-64.125183,nan
2024-06-03T13:56:57,83.916901,-64.125328,nan
2024-06-03T13:56:56,83.916908,-64.125473,nan
2024-06-03T13:56:56,83.916916,-64.125610,nan
2024-06-03T13:56:55,83.916924,-64.125755,nan
2024-06-03T13:56:55,83.916939,-64.125893,nan
2024-06-03T13:56:54,83.916946,-64.126030,nan
2024-06-03T13:56:54,83.916954,-64.126160,nan
2024-06-03T13:56:53,83.916962,-64.126289,nan
2024-06-03T13:56:53,83.916969,-64.126419,nan
2024-06-03T13:56:52,83.916969,-64.126541,nan
2024-06-03T13:56:52,83.916977,-64.126671,nan
2024-06-03T13:56:51,83.916985,-64.126801,nan
2024-06-03T13:56:51,83.916992,-64.126930,nan
2024-06-03T13:56:50,83.917000,-64.127060,nan
2024-06-03T13:56:50,83.917007,-64.127182,nan
2024-06-03T13:56:49,83.917007,-64.127304,nan
2024-06-03T13:56:49,83.917015,-64.127434,nan
2024-06-03T13:56:48,83.917023,-64.127563,nan
2024-06-03T13:56:48,83.917030,-64.127693,nan
2024-06-03T13:56:47,83.917030,-64.127823,nan
2024-06-03T13:56:47,83.917038,-64.127945,nan
2024-06-03T13:56:46,83.917046,-64.128082,nan
2024-06-03T13:56:46,83.917046,-64.128220,nan
2024-06-03T13:56:45,83.917053,-64.128357,nan
2024-06-03T13:56:45,83.917053,-64.128502,nan
2024-06-03T13:56:44,83.917061,-64.128647,nan
2024-06-03T13:56:44,83.917061,-64.128799,nan
2024-06-03T13:56:43,83.917068,-64.128952,nan
2024-06-03T13:56:43,83.917068,-64.129105,nan
2024-06-03T13:56:42,83.917076,-64.129257,nan
2024-06-03T13:56:42,83.917084,-64.129402,nan
2024-06-03T13:56:41,83.917084,-64.129547,nan
2024-06-03T13:56:41,83.917091,-64.129692,nan
2024-06-03T13:56:40,83.917091,-64.129837,nan
2024-06-03T13:56:40,83.917099,-64.129982,nan
2024-06-03T13:56:39,83.917099,-64.130127,nan
2024-06-03T13:56:38,83.917107,-64.130409,nan
2024-06-03T13:56:38,83.917114,-64.130554,nan
2024-06-03T13:56:37,83.917114,-64.130707,nan
2024-06-03T13:56:37,83.917122,-64.130859,nan
2024-06-03T13:56:36,83.917130,-64.131020,nan
2024-06-03T13:56:36,83.917130,-64.131180,nan
2024-06-03T13:56:35,83.917137,-64.131340,nan
2024-06-03T13:56:35,83.917137,-64.131508,nan
2024-06-03T13:56:34,83.917145,-64.131676,nan
2024-06-03T13:56:34,83.917152,-64.131836,nan
2024-06-03T13:56:33,83.917160,-64.131981,nan
2024-06-03T13:56:33,83.917168,-64.132118,nan
2024-06-03T13:56:32,83.917175,-64.132256,nan
2024-06-03T13:56:32,83.917183,-64.132385,nan
2024-06-03T13:56:31,83.917191,-64.132523,nan
2024-06-03T13:56:31,83.917198,-64.132645,nan
2024-06-03T13:56:30,83.917206,-64.132751,nan
2024-06-03T13:56:30,83.917213,-64.132858,nan
2024-06-03T13:56:29,83.917221,-64.132942,nan
2024-06-03T13:56:29,83.917229,-64.133034,nan
2024-06-03T13:56:28,83.917236,-64.133118,nan
2024-06-03T13:56:28,83.917236,-64.133194,nan
2024-06-03T13:56:27,83.917244,-64.133278,nan
2024-06-03T13:56:27,83.917252,-64.133362,nan
2024-06-03T13:56:26,83.917252,-64.133453,nan
2024-06-03T13:56:26,83.917259,-64.133545,nan
2024-06-03T13:56:25,83.917259,-64.133629,nan
2024-06-03T13:56:25,83.917267,-64.133713,nan
2024-06-03T13:56:24,83.917274,-64.133789,nan
2024-06-03T13:56:24,83.917274,-64.133858,nan
2024-06-03T13:56:23,83.917282,-64.133919,nan
2024-06-03T13:56:22,83.917290,-64.134033,nan
2024-06-03T13:56:22,83.917290,-64.134102,nan
2024-06-03T13:56:21,83.917297,-64.134171,nan
2024-06-03T13:56:21,83.917297,-64.134232,nan
2024-06-03T13:56:20,83.917305,-64.134300,nan
2024-06-03T13:56:20,83.917313,-64.134369,nan
2024-06-03T13:56:19,83.917313,-64.134430,nan
2024-06-03T13:56:19,83.917320,-64.134491,nan
2024-06-03T13:56:18,83.917328,-64.134552,nan
2024-06-03T13:56:18,83.917336,-64.134621,nan
2024-06-03T13:56:17,83.917343,-64.134689,nan
2024-06-03T13:56:17,83.917351,-64.134758,nan
2024-06-03T13:56:16,83.917358,-64.134827,nan
2024-06-03T13:56:16,83.917366,-64.134888,nan
2024-06-03T13:56:15,83.917374,-64.134949,nan
2024-06-03T13:56:15,83.917381,-64.135017,nan
2024-06-03T13:56:14,83.917389,-64.135071,nan
2024-06-03T13:56:14,83.917397,-64.135117,nan
2024-06-03T13:56:13,83.917404,-64.135155,nan
2024-06-03T13:56:13,83.917419,-64.135185,nan
2024-06-03T13:56:12,83.917427,-64.135216,nan
2024-06-03T13:56:12,83.917435,-64.135231,nan
2024-06-03T13:56:11,83.917442,-64.135246,nan
2024-06-03T13:56:11,83.917450,-64.135254,nan
2024-06-03T13:56:10,83.917458,-64.135262,nan
2024-06-03T13:56:10,83.917465,-64.135269,nan
2024-06-03T13:56:09,83.917473,-64.135284,nan
2024-06-03T13:56:09,83.917480,-64.135292,nan
2024-06-03T13:56:08,83.917480,-64.135292,nan
2024-06-03T13:56:08,83.917488,-64.135292,nan
2024-06-03T13:56:07,83.917496,-64.135300,nan
2024-06-03T13:56:07,83.917503,-64.135315,nan
2024-06-03T13:56:06,83.917511,-64.135323,nan
2024-06-03T13:56:06,83.917519,-64.135330,nan
2024-06-03T13:56:05,83.917526,-64.135330,nan
2024-06-03T13:56:05,83.917534,-64.135323,nan
2024-06-03T13:56:04,83.917542,-64.135315,nan
2024-06-03T13:56:04,83.917549,-64.135300,nan
2024-06-03T13:56:03,83.917557,-64.135277,nan
2024-06-03T13:56:03,83.917564,-64.135246,nan
2024-06-03T13:56:02,83.917572,-64.135216,nan
2024-06-03T13:56:02,83.917580,-64.135193,nan
2024-06-03T13:56:01,83.917595,-64.135170,nan
2024-06-03T13:56:01,83.917603,-64.135147,nan
2024-06-03T13:56:00,83.917610,-64.135124,nan
2024-06-03T13:56:00,83.917625,-64.135109,nan
2024-06-03T13:55:59,83.917633,-64.135094,nan
2024-06-03T13:55:59,83.917641,-64.135071,nan
2024-06-03T13:55:58,83.917656,-64.135056,nan
2024-06-03T13:55:58,83.917664,-64.135040,nan
2024-06-03T13:55:57,83.917679,-64.135025,nan
2024-06-03T13:55:57,83.917686,-64.135010,nan
2024-06-03T13:55:56,83.917702,-64.135002,nan
2024-06-03T13:55:56,83.917709,-64.135002,nan
2024-06-03T13:55:55,83.917725,-64.135002,nan
2024-06-03T13:55:55,83.917732,-64.135002,nan
2024-06-03T13:55:54,83.917747,-64.135010,nan
2024-06-03T13:55:54,83.917755,-64.135017,nan
2024-06-03T13:55:53,83.917770,-64.135033,nan
2024-06-03T13:55:53,83.917778,-64.135048,nan
2024-06-03T13:55:52,83.917793,-64.135056,nan
2024-06-03T13:55:52,83.917809,-64.135071,nan
2024-06-03T13:55:51,83.917816,-64.135086,nan
2024-06-03T13:55:51,83.917831,-64.135109,nan
2024-06-03T13:55:50,83.917847,-64.135132,nan
2024-06-03T13:55:50,83.917854,-64.135155,nan
2024-06-03T13:55:49,83.917870,-64.135170,nan
2024-06-03T13:55:49,83.917877,-64.135178,nan
2024-06-03T13:55:48,83.917892,-64.135193,nan
2024-06-03T13:55:48,83.917908,-64.135201,nan
2024-06-03T13:55:47,83.917923,-64.135193,nan
2024-06-03T13:55:47,83.917931,-64.135178,nan
2024-06-03T13:55:46,83.917946,-64.135155,nan
2024-06-03T13:55:46,83.917961,-64.135124,nan
2024-06-03T13:55:45,83.917976,-64.135094,nan
2024-06-03T13:55:45,83.917992,-64.135048,nan
2024-06-03T13:55:44,83.918007,-64.134995,nan
2024-06-03T13:55:44,83.918015,-64.134941,nan
2024-06-03T13:55:43,83.918030,-64.134880,nan
2024-06-03T13:55:43,83.918045,-64.134811,nan
2024-06-03T13:55:42,83.918053,-64.134743,nan
2024-06-03T13:55:42,83.918068,-64.134674,nan
2024-06-03T13:55:41,83.918083,-64.134605,nan
2024-06-03T13:55:41,83.918091,-64.134529,nan
2024-06-03T13:55:40,83.918106,-64.134460,nan
2024-06-03T13:55:40,83.918121,-64.134392,nan
2024-06-03T13:55:39,83.918129,-64.134315,nan
2024-06-03T13:55:39,83.918137,-64.134247,nan
2024-06-03T13:55:38,83.918152,-64.134171,nan
2024-06-03T13:55:38,83.918159,-64.134102,nan
2024-06-03T13:55:37,83.918167,-64.134026,nan
2024-06-03T13:55:37,83.918182,-64.133942,nan
2024-06-03T13:55:36,83.918190,-64.133850,nan
2024-06-03T13:55:36,83.918198,-64.133751,nan
2024-06-03T13:55:35,83.918205,-64.133652,nan
2024-06-03T13:55:35,83.918213,-64.133545,nan
2024-06-03T13:55:34,83.918228,-64.133423,nan
2024-06-03T13:55:34,83.918236,-64.133301,nan
2024-06-03T13:55:33,83.918243,-64.133179,nan
2024-06-03T13:55:33,83.918251,-64.133049,nan
2024-06-03T13:55:32,83.918266,-64.132919,nan
2024-06-03T13:55:32,83.918274,-64.132790,nan
2024-06-03T13:55:31,83.918282,-64.132660,nan
2024-06-03T13:55:31,83.918297,-64.132530,nan
2024-06-03T13:55:30,83.918304,-64.132401,nan
2024-06-03T13:55:30,83.918312,-64.132271,nan
2024-06-03T13:55:29,83.918320,-64.132141,nan
2024-06-03T13:55:29,83.918335,-64.132011,nan
2024-06-03T13:55:28,83.918343,-64.131882,nan
2024-06-03T13:55:28,83.918350,-64.131744,nan
2024-06-03T13:55:27,83.918365,-64.131615,nan
2024-06-03T13:55:27,83.918373,-64.131477,nan
2024-06-03T13:55:26,83.918388,-64.131348,nan
2024-06-03T13:55:26,83.918404,-64.131218,nan
2024-06-03T13:55:25,83.918411,-64.131088,nan
2024-06-03T13:55:25,83.918427,-64.130959,nan
2024-06-03T13:55:24,83.918434,-64.130829,nan
2024-06-03T13:55:24,83.918449,-64.130707,nan
2024-06-03T13:55:23,83.918457,-64.130585,nan
2024-06-03T13:55:23,83.918472,-64.130455,nan
2024-06-03T13:55:22,83.918480,-64.130333,nan
2024-06-03T13:55:22,83.918495,-64.130219,nan
2024-06-03T13:55:21,83.918503,-64.130096,nan
2024-06-03T13:55:21,83.918518,-64.129982,nan
2024-06-03T13:55:20,83.918526,-64.129860,nan
2024-06-03T13:55:20,83.918541,-64.129745,nan
2024-06-03T13:55:19,83.918549,-64.129623,nan
2024-06-03T13:55:19,83.918564,-64.129509,nan
2024-06-03T13:55:18,83.918571,-64.129395,nan
2024-06-03T13:55:18,83.918587,-64.129272,nan
2024-06-03T13:55:17,83.918594,-64.129158,nan
2024-06-03T13:55:17,83.918610,-64.129044,nan
2024-06-03T13:55:16,83.918617,-64.128929,nan
2024-06-03T13:55:16,83.918633,-64.128815,nan
2024-06-03T13:55:15,83.918640,-64.128700,nan
2024-06-03T13:55:15,83.918655,-64.128593,nan
2024-06-03T13:55:14,83.918663,-64.128479,nan
2024-06-03T13:55:14,83.918671,-64.128365,nan
2024-06-03T13:55:13,83.918686,-64.128258,nan
2024-06-03T13:55:13,83.918694,-64.128151,nan
2024-06-03T13:55:12,83.918709,-64.128036,nan
2024-06-03T13:55:12,83.918724,-64.127930,nan
2024-06-03T13:55:11,83.918732,-64.127823,nan
2024-06-03T13:55:11,83.918747,-64.127724,nan
2024-06-03T13:55:10,83.918755,-64.127617,nan
2024-06-03T13:55:10,83.918770,-64.127510,nan
2024-06-03T13:55:09,83.918785,-64.127403,nan
2024-06-03T13:55:09,83.918793,-64.127304,nan
2024-06-03T13:55:08,83.918808,-64.127197,nan
2024-06-03T13:55:08,83.918823,-64.127090,nan
2024-06-03T13:55:07,83.918839,-64.126984,nan
2024-06-03T13:55:07,83.918854,-64.126877,nan
2024-06-03T13:55:06,83.918861,-64.126770,nan
2024-06-03T13:55:06,83.918877,-64.126671,nan
2024-06-03T13:55:05,83.918892,-64.126564,nan
2024-06-03T13:55:05,83.918907,-64.126457,nan
2024-06-03T13:55:04,83.918922,-64.126358,nan
2024-06-03T13:55:04,83.918938,-64.126259,nan
2024-06-03T13:55:03,83.918945,-64.126160,nan
2024-06-03T13:55:03,83.918961,-64.126060,nan
2024-06-03T13:55:02,83.918976,-64.125961,nan
2024-06-03T13:55:02,83.918991,-64.125862,nan
2024-06-03T13:55:01,83.919006,-64.125771,nan
2024-06-03T13:55:01,83.919022,-64.125671,nan
2024-06-03T13:55:00,83.919037,-64.125580,nan
2024-06-03T13:55:00,83.919052,-64.125488,nan
2024-06-03T13:54:59,83.919067,-64.125397,nan
2024-06-03T13:54:59,83.919090,-64.125305,nan
2024-06-03T13:54:58,83.919106,-64.125206,nan
2024-06-03T13:54:58,83.919121,-64.125114,nan
2024-06-03T13:54:57,83.919136,-64.125015,nan
2024-06-03T13:54:57,83.919151,-64.124924,nan
2024-06-03T13:54:56,83.919167,-64.124825,nan
2024-06-03T13:54:56,83.919182,-64.124718,nan
2024-06-03T13:54:55,83.919205,-64.124611,nan
2024-06-03T13:54:55,83.919220,-64.124504,nan
2024-06-03T13:54:54,83.919235,-64.124390,nan
2024-06-03T13:54:54,83.919250,-64.124275,nan
2024-06-03T13:54:53,83.919266,-64.124146,nan
2024-06-03T13:54:53,83.919289,-64.124016,nan
2024-06-03T13:54:52,83.919304,-64.123886,nan
2024-06-03T13:54:52,83.919319,-64.123756,nan
2024-06-03T13:54:51,83.919334,-64.123619,nan
2024-06-03T13:54:51,83.919350,-64.123489,nan
2024-06-03T13:54:50,83.919373,-64.123367,nan
2024-06-03T13:54:50,83.919388,-64.123238,nan
2024-06-03T13:54:49,83.919403,-64.123108,nan
2024-06-03T13:54:49,83.919418,-64.122963,nan
2024-06-03T13:54:48,83.919434,-64.122818,nan
2024-06-03T13:54:48,83.919456,-64.122665,nan
2024-06-03T13:54:47,83.919472,-64.122505,nan
2024-06-03T13:54:47,83.919487,-64.122345,nan
2024-06-03T13:54:46,83.919502,-64.122185,nan
2024-06-03T13:54:46,83.919518,-64.122025,nan
2024-06-03T13:54:45,83.919533,-64.121864,nan
2024-06-03T13:54:45,83.919556,-64.121704,nan
2024-06-03T13:54:44,83.919571,-64.121552,nan
2024-06-03T13:54:44,83.919594,-64.121399,nan
2024-06-03T13:54:43,83.919632,-64.121086,nan
2024-06-03T13:54:42,83.919647,-64.120934,nan
2024-06-03T13:54:42,83.919670,-64.120773,nan
2024-06-03T13:54:41,83.919685,-64.120613,nan
2024-06-03T13:54:41,83.919708,-64.120445,nan
2024-06-03T13:54:40,83.919724,-64.120285,nan
2024-06-03T13:54:40,83.919739,-64.120117,nan
2024-06-03T13:54:39,83.919762,-64.119949,nan
2024-06-03T13:54:39,83.919777,-64.119774,nan
2024-06-03T13:54:38,83.919792,-64.119598,nan
2024-06-03T13:54:38,83.919815,-64.119423,nan
2024-06-03T13:54:37,83.919830,-64.119240,nan
2024-06-03T13:54:37,83.919853,-64.119049,nan
2024-06-03T13:54:36,83.919868,-64.118866,nan
2024-06-03T13:54:36,83.919891,-64.118675,nan
2024-06-03T13:54:35,83.919907,-64.118492,nan
2024-06-03T13:54:35,83.919930,-64.118301,nan
2024-06-03T13:54:34,83.919952,-64.118103,nan
2024-06-03T13:54:34,83.919968,-64.117905,nan
2024-06-03T13:54:33,83.919991,-64.117691,nan
2024-06-03T13:54:33,83.920013,-64.117493,nan
2024-06-03T13:54:32,83.920036,-64.117287,nan
2024-06-03T13:54:32,83.920059,-64.117081,nan
2024-06-03T13:54:31,83.920082,-64.116882,nan
2024-06-03T13:54:31,83.920105,-64.116684,nan
2024-06-03T13:54:30,83.920128,-64.116493,nan
2024-06-03T13:54:30,83.920151,-64.116295,nan
2024-06-03T13:54:29,83.920174,-64.116104,nan
2024-06-03T13:54:29,83.920189,-64.115913,nan
2024-06-03T13:54:28,83.920212,-64.115723,nan
2024-06-03T13:54:28,83.920235,-64.115524,nan
2024-06-03T13:54:27,83.920258,-64.115326,nan
2024-06-03T13:54:27,83.920273,-64.115128,nan
2024-06-03T13:54:26,83.920296,-64.114937,nan
2024-06-03T13:54:26,83.920319,-64.114731,nan
2024-06-03T13:54:25,83.920341,-64.114532,nan
2024-06-03T13:54:25,83.920364,-64.114326,nan
2024-06-03T13:54:24,83.920387,-64.114120,nan
2024-06-03T13:54:24,83.920403,-64.113914,nan
2024-06-03T13:54:23,83.920425,-64.113701,nan
2024-06-03T13:54:23,83.920448,-64.113495,nan
2024-06-03T13:54:22,83.920471,-64.113281,nan
2024-06-03T13:54:22,83.920494,-64.113075,nan
2024-06-03T13:54:21,83.920517,-64.112862,nan
2024-06-03T13:54:21,83.920540,-64.112656,nan
2024-06-03T13:54:20,83.920563,-64.112442,nan
2024-06-03T13:54:20,83.920586,-64.112228,nan
2024-06-03T13:54:19,83.920609,-64.112022,nan
2024-06-03T13:54:19,83.920631,-64.111809,nan
2024-06-03T13:54:18,83.920662,-64.111603,nan
2024-06-03T13:54:18,83.920685,-64.111397,nan
2024-06-03T13:54:17,83.920708,-64.111183,nan
2024-06-03T13:54:17,83.920731,-64.110977,nan
2024-06-03T13:54:16,83.920761,-64.110771,nan
2024-06-03T13:54:16,83.920784,-64.110565,nan
2024-06-03T13:54:15,83.920807,-64.110359,nan
2024-06-03T13:54:15,83.920830,-64.110153,nan
2024-06-03T13:54:14,83.920853,-64.109947,nan
2024-06-03T13:54:14,83.920876,-64.109741,nan
2024-06-03T13:54:13,83.920906,-64.109543,nan
2024-06-03T13:54:13,83.920929,-64.109344,nan
2024-06-03T13:54:12,83.920952,-64.109138,nan
2024-06-03T13:54:12,83.920975,-64.108940,nan
2024-06-03T13:54:11,83.920998,-64.108742,nan
2024-06-03T13:54:11,83.921021,-64.108551,nan
2024-06-03T13:54:10,83.921043,-64.108353,nan
2024-06-03T13:54:10,83.921066,-64.108154,nan
2024-06-03T13:54:09,83.921089,-64.107956,nan
2024-06-03T13:54:09,83.921112,-64.107773,nan
2024-06-03T13:54:08,83.921127,-64.107582,nan
2024-06-03T13:54:08,83.921150,-64.107399,nan
2024-06-03T13:54:07,83.921173,-64.107216,nan
2024-06-03T13:54:07,83.921196,-64.107033,nan
2024-06-03T13:54:06,83.921219,-64.106857,nan
2024-06-03T13:54:06,83.921242,-64.106682,nan
2024-06-03T13:54:05,83.921265,-64.106506,nan
2024-06-03T13:54:05,83.921288,-64.106323,nan
2024-06-03T13:54:04,83.921303,-64.106148,nan
2024-06-03T13:54:04,83.921326,-64.105972,nan
2024-06-03T13:54:03,83.921349,-64.105789,nan
2024-06-03T13:54:03,83.921371,-64.105598,nan
2024-06-03T13:54:02,83.921387,-64.105408,nan
2024-06-03T13:54:02,83.921410,-64.105217,nan
2024-06-03T13:54:01,83.921432,-64.105019,nan
2024-06-03T13:54:01,83.921448,-64.104820,nan
2024-06-03T13:54:00,83.921471,-64.104622,nan
2024-06-03T13:54:00,83.921486,-64.104431,nan
2024-06-03T13:53:59,83.921509,-64.104240,nan
2024-06-03T13:53:59,83.921524,-64.104050,nan
2024-06-03T13:53:58,83.921547,-64.103851,nan
2024-06-03T13:53:58,83.921562,-64.103653,nan
2024-06-03T13:53:57,83.921585,-64.103462,nan
2024-06-03T13:53:57,83.921600,-64.103264,nan
2024-06-03T13:53:56,83.921623,-64.103065,nan
2024-06-03T13:53:56,83.921638,-64.102867,nan
2024-06-03T13:53:55,83.921661,-64.102676,nan
2024-06-03T13:53:55,83.921677,-64.102478,nan
2024-06-03T13:53:54,83.921700,-64.102287,nan
2024-06-03T13:53:54,83.921715,-64.102097,nan
2024-06-03T13:53:53,83.921738,-64.101898,nan
2024-06-03T13:53:53,83.921753,-64.101707,nan
2024-06-03T13:53:52,83.921768,-64.101517,nan
2024-06-03T13:53:52,83.921791,-64.101334,nan
2024-06-03T13:53:51,83.921806,-64.101143,nan
2024-06-03T13:53:51,83.921829,-64.100960,nan
2024-06-03T13:53:50,83.921852,-64.100769,nan
2024-06-03T13:53:50,83.921867,-64.100586,nan
2024-06-03T13:53:49,83.921890,-64.100403,nan
2024-06-03T13:53:49,83.921906,-64.100220,nan
2024-06-03T13:53:48,83.921928,-64.100029,nan
2024-06-03T13:53:48,83.921944,-64.099838,nan
2024-06-03T13:53:47,83.921967,-64.099648,nan
2024-06-03T13:53:47,83.921989,-64.099457,nan
2024-06-03T13:53:46,83.922005,-64.099258,nan
2024-06-03T13:53:46,83.922028,-64.099060,nan
2024-06-03T13:53:45,83.922043,-64.098869,nan
2024-06-03T13:53:45,83.922066,-64.098679,nan
2024-06-03T13:53:44,83.922089,-64.098488,nan
2024-06-03T13:53:44,83.922112,-64.098305,nan
2024-06-03T13:53:43,83.922127,-64.098122,nan
2024-06-03T13:53:43,83.922150,-64.097946,nan
2024-06-03T13:53:42,83.922173,-64.097771,nan
2024-06-03T13:53:42,83.922195,-64.097603,nan
2024-06-03T13:53:41,83.922211,-64.097427,nan
2024-06-03T13:53:41,83.922234,-64.097260,nan
2024-06-03T13:53:40,83.922256,-64.097092,nan
2024-06-03T13:53:40,83.922279,-64.096924,nan
2024-06-03T13:53:39,83.922295,-64.096756,nan
2024-06-03T13:53:39,83.922318,-64.096588,nan
2024-06-03T13:53:38,83.922333,-64.096413,nan
2024-06-03T13:53:38,83.922356,-64.096237,nan
2024-06-03T13:53:37,83.922371,-64.096062,nan
2024-06-03T13:53:37,83.922394,-64.095879,nan
2024-06-03T13:53:36,83.922409,-64.095695,nan
2024-06-03T13:53:36,83.922424,-64.095505,nan
2024-06-03T13:53:35,83.922440,-64.095322,nan
2024-06-03T13:53:35,83.922462,-64.095123,nan
2024-06-03T13:53:34,83.922478,-64.094925,nan
2024-06-03T13:53:34,83.922493,-64.094719,nan
2024-06-03T13:53:33,83.922508,-64.094513,nan
2024-06-03T13:53:33,83.922523,-64.094292,nan
2024-06-03T13:53:32,83.922539,-64.094070,nan
2024-06-03T13:53:32,83.922554,-64.093842,nan
2024-06-03T13:53:31,83.922569,-64.093597,nan
2024-06-03T13:53:31,83.922585,-64.093361,nan
2024-06-03T13:53:30,83.922600,-64.093117,nan
2024-06-03T13:53:30,83.922623,-64.092873,nan
2024-06-03T13:53:29,83.922638,-64.092613,nan
2024-06-03T13:53:29,83.922653,-64.092361,nan
2024-06-03T13:53:28,83.922668,-64.092094,nan
2024-06-03T13:53:28,83.922684,-64.091827,nan
2024-06-03T13:53:27,83.922707,-64.091553,nan
2024-06-03T13:53:27,83.922722,-64.091270,nan
2024-06-03T13:53:26,83.922737,-64.090981,nan
2024-06-03T13:53:26,83.922752,-64.090691,nan
2024-06-03T13:53:25,83.922775,-64.090401,nan
2024-06-03T13:53:25,83.922791,-64.090103,nan
2024-06-03T13:53:24,83.922813,-64.089813,nan
2024-06-03T13:53:24,83.922829,-64.089523,nan
2024-06-03T13:53:23,83.922852,-64.089233,nan
2024-06-03T13:53:23,83.922867,-64.088936,nan
2024-06-03T13:53:22,83.922890,-64.088654,nan
2024-06-03T13:53:22,83.922905,-64.088364,nan
2024-06-03T13:53:21,83.922928,-64.088074,nan
2024-06-03T13:53:21,83.922951,-64.087791,nan
2024-06-03T13:53:20,83.922966,-64.087502,nan
2024-06-03T13:53:20,83.922989,-64.087219,nan
2024-06-03T13:53:19,83.923012,-64.086945,nan
2024-06-03T13:53:19,83.923027,-64.086662,nan
2024-06-03T13:53:18,83.923050,-64.086388,nan
2024-06-03T13:53:18,83.923065,-64.086113,nan
2024-06-03T13:53:17,83.923088,-64.085838,nan
2024-06-03T13:53:17,83.923111,-64.085571,nan
2024-06-03T13:53:16,83.923126,-64.085304,nan
2024-06-03T13:53:16,83.923149,-64.085037,nan
2024-06-03T13:53:15,83.923164,-64.084770,nan
2024-06-03T13:53:15,83.923187,-64.084511,nan
2024-06-03T13:53:14,83.923203,-64.084244,nan
2024-06-03T13:53:14,83.923218,-64.083984,nan
2024-06-03T13:53:13,83.923241,-64.083725,nan
2024-06-03T13:53:13,83.923256,-64.083466,nan
2024-06-03T13:53:12,83.923271,-64.083206,nan
2024-06-03T13:53:12,83.923294,-64.082947,nan
2024-06-03T13:53:11,83.923309,-64.082687,nan
2024-06-03T13:53:11,83.923325,-64.082420,nan
2024-06-03T13:53:10,83.923340,-64.082161,nan
2024-06-03T13:53:10,83.923363,-64.081894,nan
2024-06-03T13:53:09,83.923378,-64.081635,nan
2024-06-03T13:53:09,83.923393,-64.081383,nan
2024-06-03T13:53:08,83.923409,-64.081123,nan
2024-06-03T13:53:08,83.923424,-64.080872,nan
2024-06-03T13:53:07,83.923439,-64.080620,nan
2024-06-03T13:53:07,83.923454,-64.080376,nan
2024-06-03T13:53:06,83.923470,-64.080124,nan
2024-06-03T13:53:06,83.923485,-64.079880,nan
2024-06-03T13:53:05,83.923500,-64.079636,nan
2024-06-03T13:53:05,83.923515,-64.079391,nan
2024-06-03T13:53:04,83.923523,-64.079147,nan
2024-06-03T13:53:04,83.923538,-64.078903,nan
2024-06-03T13:53:03,83.923553,-64.078674,nan
2024-06-03T13:53:03,83.923569,-64.078438,nan
2024-06-03T13:53:02,83.923576,-64.078201,nan
2024-06-03T13:53:02,83.923592,-64.077972,nan
2024-06-03T13:53:01,83.923607,-64.077744,nan
2024-06-03T13:53:01,83.923615,-64.077515,nan
2024-06-03T13:53:00,83.923630,-64.077286,nan
2024-06-03T13:53:00,83.923637,-64.077065,nan
2024-06-03T13:52:59,83.923653,-64.076843,nan
2024-06-03T13:52:59,83.923668,-64.076622,nan
2024-06-03T13:52:58,83.923683,-64.076416,nan
2024-06-03T13:52:58,83.923698,-64.076202,nan
2024-06-03T13:52:57,83.923706,-64.075989,nan
2024-06-03T13:52:57,83.923721,-64.075768,nan
2024-06-03T13:52:56,83.923737,-64.075562,nan
2024-06-03T13:52:56,83.923759,-64.075348,nan
2024-06-03T13:52:55,83.923775,-64.075134,nan
2024-06-03T13:52:55,83.923790,-64.074913,nan
2024-06-03T13:52:54,83.923805,-64.074699,nan
2024-06-03T13:52:54,83.923820,-64.074486,nan
2024-06-03T13:52:53,83.923843,-64.074265,nan
2024-06-03T13:52:53,83.923859,-64.074043,nan
2024-06-03T13:52:52,83.923882,-64.073830,nan
2024-06-03T13:52:52,83.923897,-64.073608,nan
2024-06-03T13:52:51,83.923920,-64.073387,nan
2024-06-03T13:52:51,83.923935,-64.073166,nan
2024-06-03T13:52:50,83.923950,-64.072945,nan
2024-06-03T13:52:50,83.923973,-64.072716,nan
2024-06-03T13:52:49,83.923988,-64.072487,nan
2024-06-03T13:52:49,83.924011,-64.072258,nan
2024-06-03T13:52:48,83.924026,-64.072029,nan
2024-06-03T13:52:48,83.924049,-64.071800,nan
2024-06-03T13:52:47,83.924065,-64.071571,nan
2024-06-03T13:52:47,83.924088,-64.071342,nan
2024-06-03T13:52:46,83.924103,-64.071106,nan
2024-06-03T13:52:46,83.924126,-64.070869,nan
2024-06-03T13:52:45,83.924141,-64.070641,nan
2024-06-03T13:52:45,83.924156,-64.070404,nan
2024-06-03T13:52:44,83.924179,-64.070175,nan
2024-06-03T13:52:44,83.924194,-64.069946,nan
2024-06-03T13:52:43,83.924210,-64.069717,nan
2024-06-03T13:52:43,83.924232,-64.069489,nan
2024-06-03T13:52:42,83.924248,-64.069260,nan
2024-06-03T13:52:42,83.924271,-64.069031,nan
2024-06-03T13:52:41,83.924286,-64.068810,nan
2024-06-03T13:52:41,83.924309,-64.068581,nan
2024-06-03T13:52:40,83.924324,-64.068352,nan
2024-06-03T13:52:40,83.924339,-64.068130,nan
2024-06-03T13:52:39,83.924362,-64.067909,nan
2024-06-03T13:52:39,83.924377,-64.067688,nan
2024-06-03T13:52:38,83.924400,-64.067467,nan
2024-06-03T13:52:38,83.924416,-64.067245,nan
2024-06-03T13:52:37,83.924431,-64.067024,nan
2024-06-03T13:52:37,83.924446,-64.066795,nan
2024-06-03T13:52:36,83.924469,-64.066566,nan
2024-06-03T13:52:36,83.924484,-64.066338,nan
2024-06-03T13:52:35,83.924500,-64.066109,nan
2024-06-03T13:52:35,83.924522,-64.065880,nan
2024-06-03T13:52:34,83.924538,-64.065636,nan
2024-06-03T13:52:34,83.924553,-64.065399,nan
2024-06-03T13:52:33,83.924568,-64.065163,nan
2024-06-03T13:52:33,83.924583,-64.064919,nan
2024-06-03T13:52:32,83.924606,-64.064682,nan
2024-06-03T13:52:32,83.924622,-64.064438,nan
2024-06-03T13:52:31,83.924637,-64.064194,nan
2024-06-03T13:52:31,83.924652,-64.063950,nan
2024-06-03T13:52:30,83.924667,-64.063705,nan
2024-06-03T13:52:30,83.924683,-64.063461,nan
2024-06-03T13:52:29,83.924698,-64.063217,nan
2024-06-03T13:52:29,83.924706,-64.062965,nan
2024-06-03T13:52:28,83.924721,-64.062721,nan
2024-06-03T13:52:28,83.924736,-64.062485,nan
2024-06-03T13:52:27,83.924751,-64.062241,nan
2024-06-03T13:52:27,83.924767,-64.062004,nan
2024-06-03T13:52:26,83.924782,-64.061760,nan
2024-06-03T13:52:26,83.924797,-64.061523,nan
2024-06-03T13:52:25,83.924805,-64.061287,nan
2024-06-03T13:52:25,83.924820,-64.061050,nan
2024-06-03T13:52:24,83.924835,-64.060814,nan
2024-06-03T13:52:24,83.924850,-64.060577,nan
2024-06-03T13:52:23,83.924866,-64.060349,nan
2024-06-03T13:52:23,83.924881,-64.060112,nan
2024-06-03T13:52:22,83.924896,-64.059875,nan
2024-06-03T13:52:22,83.924911,-64.059647,nan
2024-06-03T13:52:21,83.924927,-64.059410,nan
2024-06-03T13:52:21,83.924942,-64.059174,nan
2024-06-03T13:52:20,83.924957,-64.058937,nan
2024-06-03T13:52:20,83.924973,-64.058701,nan
2024-06-03T13:52:19,83.924988,-64.058456,nan
2024-06-03T13:52:19,83.924995,-64.058212,nan
2024-06-03T13:52:18,83.925011,-64.057968,nan
2024-06-03T13:52:18,83.925026,-64.057724,nan
2024-06-03T13:52:17,83.925041,-64.057472,nan
2024-06-03T13:52:17,83.925056,-64.057220,nan
2024-06-03T13:52:16,83.925064,-64.056969,nan
2024-06-03T13:52:16,83.925079,-64.056717,nan
2024-06-03T13:52:15,83.925095,-64.056465,nan
2024-06-03T13:52:15,83.925102,-64.056206,nan
2024-06-03T13:52:14,83.925117,-64.055946,nan
2024-06-03T13:52:14,83.925133,-64.055695,nan
2024-06-03T13:52:13,83.925140,-64.055443,nan
2024-06-03T13:52:13,83.925156,-64.055183,nan
2024-06-03T13:52:12,83.925163,-64.054932,nan
2024-06-03T13:52:12,83.925179,-64.054672,nan
2024-06-03T13:52:11,83.925186,-64.054420,nan
2024-06-03T13:52:11,83.925194,-64.054169,nan
2024-06-03T13:52:10,83.925209,-64.053909,nan
2024-06-03T13:52:10,83.925217,-64.053665,nan
2024-06-03T13:52:09,83.925232,-64.053413,nan
2024-06-03T13:52:09,83.925240,-64.053169,nan
2024-06-03T13:52:08,83.925255,-64.052917,nan
2024-06-03T13:52:08,83.925262,-64.052666,nan
2024-06-03T13:52:07,83.925278,-64.052414,nan
2024-06-03T13:52:07,83.925285,-64.052170,nan
2024-06-03T13:52:06,83.925301,-64.051918,nan
2024-06-03T13:52:06,83.925316,-64.051674,nan
2024-06-03T13:52:05,83.925323,-64.051430,nan
2024-06-03T13:52:05,83.925339,-64.051186,nan
2024-06-03T13:52:04,83.925354,-64.050941,nan
2024-06-03T13:52:04,83.925362,-64.050705,nan
2024-06-03T13:52:03,83.925377,-64.050468,nan
2024-06-03T13:52:03,83.925385,-64.050232,nan
2024-06-03T13:52:02,83.925400,-64.049995,nan
2024-06-03T13:52:02,83.925407,-64.049767,nan
2024-06-03T13:52:01,83.925423,-64.049530,nan
2024-06-03T13:52:01,83.925430,-64.049301,nan
2024-06-03T13:52:00,83.925446,-64.049072,nan
2024-06-03T13:52:00,83.925453,-64.048843,nan
2024-06-03T13:51:59,83.925468,-64.048615,nan
2024-06-03T13:51:59,83.925484,-64.048386,nan
2024-06-03T13:51:58,83.925491,-64.048149,nan
2024-06-03T13:51:58,83.925499,-64.047913,nan
2024-06-03T13:51:57,83.925514,-64.047684,nan
2024-06-03T13:51:57,83.925522,-64.047455,nan
2024-06-03T13:51:56,83.925529,-64.047218,nan
2024-06-03T13:51:56,83.925545,-64.046989,nan
2024-06-03T13:51:55,83.925552,-64.046768,nan
2024-06-03T13:51:55,83.925560,-64.046539,nan
2024-06-03T13:51:54,83.925575,-64.046318,nan
2024-06-03T13:51:54,83.925583,-64.046097,nan
2024-06-03T13:51:53,83.925591,-64.045883,nan
2024-06-03T13:51:53,83.925598,-64.045670,nan
2024-06-03T13:51:52,83.925606,-64.045448,nan
2024-06-03T13:51:52,83.925613,-64.045242,nan
2024-06-03T13:51:51,83.925629,-64.045036,nan
2024-06-03T13:51:51,83.925636,-64.044830,nan
2024-06-03T13:51:50,83.925644,-64.044617,nan
2024-06-03T13:51:50,83.925652,-64.044411,nan
2024-06-03T13:51:49,83.925652,-64.044205,nan
2024-06-03T13:51:49,83.925659,-64.043991,nan
2024-06-03T13:51:48,83.925667,-64.043785,nan
2024-06-03T13:51:48,83.925674,-64.043571,nan
2024-06-03T13:51:47,83.925682,-64.043365,nan
2024-06-03T13:51:47,83.925690,-64.043152,nan
2024-06-03T13:51:46,83.925697,-64.042938,nan
2024-06-03T13:51:46,83.925697,-64.042732,nan
2024-06-03T13:51:45,83.925705,-64.042511,nan
2024-06-03T13:51:45,83.925713,-64.042297,nan
2024-06-03T13:51:44,83.925713,-64.042084,nan
2024-06-03T13:51:44,83.925720,-64.041862,nan
2024-06-03T13:51:43,83.925728,-64.041641,nan
2024-06-03T13:51:43,83.925735,-64.041428,nan
2024-06-03T13:51:42,83.925743,-64.041199,nan
2024-06-03T13:51:42,83.925743,-64.040985,nan
2024-06-03T13:51:41,83.925751,-64.040771,nan
2024-06-03T13:51:41,83.925758,-64.040565,nan
2024-06-03T13:51:40,83.925774,-64.040359,nan
2024-06-03T13:51:40,83.925781,-64.040161,nan
2024-06-03T13:51:39,83.925789,-64.039963,nan
2024-06-03T13:51:39,83.925797,-64.039764,nan
2024-06-03T13:51:38,83.925812,-64.039574,nan
2024-06-03T13:51:38,83.925819,-64.039391,nan
2024-06-03T13:51:37,83.925835,-64.039207,nan
2024-06-03T13:51:37,83.925850,-64.039032,nan
2024-06-03T13:51:36,83.925858,-64.038857,nan
2024-06-03T13:51:36,83.925873,-64.038673,nan
2024-06-03T13:51:35,83.925880,-64.038498,nan
2024-06-03T13:51:35,83.925896,-64.038322,nan
2024-06-03T13:51:34,83.925911,-64.038139,nan
2024-06-03T13:51:34,83.925919,-64.037956,nan
2024-06-03T13:51:33,83.925934,-64.037781,nan
2024-06-03T13:51:33,83.925941,-64.037598,nan
2024-06-03T13:51:32,83.925957,-64.037415,nan
2024-06-03T13:51:32,83.925964,-64.037224,nan
2024-06-03T13:51:31,83.925980,-64.037033,nan
2024-06-03T13:51:31,83.925987,-64.036842,nan
2024-06-03T13:51:30,83.926003,-64.036644,nan
2024-06-03T13:51:30,83.926010,-64.036446,nan
2024-06-03T13:51:29,83.926025,-64.036247,nan
2024-06-03T13:51:29,83.926033,-64.036049,nan
2024-06-03T13:51:28,83.926048,-64.035843,nan
2024-06-03T13:51:28,83.926064,-64.035637,nan
2024-06-03T13:51:27,83.926079,-64.035431,nan
2024-06-03T13:51:27,83.926094,-64.035217,nan
2024-06-03T13:51:26,83.926109,-64.034996,nan
2024-06-03T13:51:26,83.926125,-64.034782,nan
2024-06-03T13:51:25,83.926147,-64.034569,nan
2024-06-03T13:51:25,83.926163,-64.034348,nan
2024-06-03T13:51:24,83.926178,-64.034134,nan
2024-06-03T13:51:24,83.926193,-64.033928,nan
2024-06-03T13:51:23,83.926216,-64.033722,nan
2024-06-03T13:51:23,83.926231,-64.033516,nan
2024-06-03T13:51:22,83.926247,-64.033310,nan
2024-06-03T13:51:22,83.926262,-64.033119,nan
2024-06-03T13:51:21,83.926277,-64.032921,nan
2024-06-03T13:51:21,83.926292,-64.032722,nan
2024-06-03T13:51:20,83.926308,-64.032524,nan
2024-06-03T13:51:20,83.926323,-64.032318,nan
2024-06-03T13:51:19,83.926338,-64.032112,nan
2024-06-03T13:51:19,83.926353,-64.031898,nan
2024-06-03T13:51:18,83.926369,-64.031685,nan
2024-06-03T13:51:18,83.926376,-64.031464,nan
2024-06-03T13:51:17,83.926392,-64.031235,nan
2024-06-03T13:51:17,83.926407,-64.031006,nan
2024-06-03T13:51:16,83.926414,-64.030769,nan
2024-06-03T13:51:16,83.926430,-64.030533,nan
2024-06-03T13:51:15,83.926445,-64.030289,nan
2024-06-03T13:51:15,83.926453,-64.030052,nan
2024-06-03T13:51:14,83.926468,-64.029816,nan
2024-06-03T13:51:14,83.926483,-64.029579,nan
2024-06-03T13:51:13,83.926491,-64.029343,nan
2024-06-03T13:51:13,83.926506,-64.029114,nan
2024-06-03T13:51:12,83.926521,-64.028893,nan
2024-06-03T13:51:12,83.926537,-64.028679,nan
2024-06-03T13:51:11,83.926544,-64.028465,nan
2024-06-03T13:51:11,83.926559,-64.028259,nan
2024-06-03T13:51:10,83.926575,-64.028046,nan
2024-06-03T13:51:10,83.926582,-64.027840,nan
2024-06-03T13:51:09,83.926598,-64.027626,nan
2024-06-03T13:51:09,83.926605,-64.027412,nan
2024-06-03T13:51:08,83.926620,-64.027199,nan
2024-06-03T13:51:08,83.926636,-64.026978,nan
2024-06-03T13:51:07,83.926643,-64.026756,nan
2024-06-03T13:51:07,83.926651,-64.026535,nan
2024-06-03T13:51:06,83.926666,-64.026314,nan
2024-06-03T13:51:06,83.926674,-64.026093,nan
2024-06-03T13:51:05,83.926682,-64.025864,nan
2024-06-03T13:51:05,83.926697,-64.025650,nan
2024-06-03T13:51:04,83.926704,-64.025429,nan
2024-06-03T13:51:04,83.926720,-64.025215,nan
2024-06-03T13:51:03,83.926727,-64.025002,nan
2024-06-03T13:51:03,83.926743,-64.024796,nan
2024-06-03T13:51:02,83.926758,-64.024582,nan
2024-06-03T13:51:02,83.926765,-64.024376,nan
2024-06-03T13:51:01,83.926781,-64.024178,nan
2024-06-03T13:51:01,83.926788,-64.023979,nan
2024-06-03T13:51:00,83.926804,-64.023781,nan
2024-06-03T13:51:00,83.926811,-64.023582,nan
2024-06-03T13:50:59,83.926826,-64.023392,nan
2024-06-03T13:50:59,83.926834,-64.023201,nan
2024-06-03T13:50:58,83.926849,-64.023010,nan
2024-06-03T13:50:58,83.926857,-64.022820,nan
2024-06-03T13:50:57,83.926872,-64.022621,nan
2024-06-03T13:50:57,83.926880,-64.022423,nan
2024-06-03T13:50:56,83.926888,-64.022232,nan
2024-06-03T13:50:56,83.926903,-64.022034,nan
2024-06-03T13:50:55,83.926910,-64.021843,nan
2024-06-03T13:50:55,83.926918,-64.021645,nan
2024-06-03T13:50:54,83.926926,-64.021446,nan
2024-06-03T13:50:54,83.926941,-64.021240,nan
2024-06-03T13:50:53,83.926949,-64.021034,nan
2024-06-03T13:50:53,83.926964,-64.020813,nan
2024-06-03T13:50:52,83.926971,-64.020599,nan
2024-06-03T13:50:52,83.926987,-64.020378,nan
2024-06-03T13:50:51,83.926994,-64.020157,nan
2024-06-03T13:50:51,83.927010,-64.019928,nan
2024-06-03T13:50:50,83.927017,-64.019707,nan
2024-06-03T13:50:50,83.927032,-64.019478,nan
2024-06-03T13:50:49,83.927048,-64.019257,nan
2024-06-03T13:50:49,83.927055,-64.019043,nan
2024-06-03T13:50:48,83.927071,-64.018845,nan
2024-06-03T13:50:48,83.927086,-64.018654,nan
2024-06-03T13:50:47,83.927094,-64.018463,nan
2024-06-03T13:50:47,83.927109,-64.018280,nan
2024-06-03T13:50:46,83.927124,-64.018097,nan
2024-06-03T13:50:46,83.927139,-64.017906,nan
2024-06-03T13:50:45,83.927155,-64.017715,nan
2024-06-03T13:50:45,83.927162,-64.017532,nan
2024-06-03T13:50:44,83.927177,-64.017342,nan
2024-06-03T13:50:44,83.927193,-64.017159,nan
2024-06-03T13:50:43,83.927200,-64.016968,nan
2024-06-03T13:50:43,83.927216,-64.016777,nan
2024-06-03T13:50:42,83.927223,-64.016594,nan
2024-06-03T13:50:42,83.927238,-64.016403,nan
2024-06-03T13:50:41,83.927246,-64.016228,nan
2024-06-03T13:50:41,83.927261,-64.016052,nan
2024-06-03T13:50:40,83.927277,-64.015877,nan
2024-06-03T13:50:40,83.927284,-64.015709,nan
2024-06-03T13:50:39,83.927299,-64.015533,nan
2024-06-03T13:50:39,83.927322,-64.015373,nan
2024-06-03T13:50:38,83.927338,-64.015213,nan
2024-06-03T13:50:38,83.927361,-64.015053,nan
2024-06-03T13:50:37,83.927376,-64.014893,nan
2024-06-03T13:50:37,83.927399,-64.014732,nan
2024-06-03T13:50:36,83.927422,-64.014580,nan
2024-06-03T13:50:36,83.927437,-64.014427,nan
2024-06-03T13:50:35,83.927460,-64.014275,nan
2024-06-03T13:50:35,83.927483,-64.014130,nan
2024-06-03T13:50:34,83.927505,-64.013985,nan
2024-06-03T13:50:34,83.927536,-64.013840,nan
2024-06-03T13:50:33,83.927559,-64.013702,nan
2024-06-03T13:50:33,83.927582,-64.013557,nan
2024-06-03T13:50:32,83.927612,-64.013412,nan
2024-06-03T13:50:32,83.927635,-64.013260,nan
2024-06-03T13:50:31,83.927666,-64.013107,nan
2024-06-03T13:50:31,83.927689,-64.012947,nan
2024-06-03T13:50:30,83.927719,-64.012772,nan
2024-06-03T13:50:30,83.927742,-64.012596,nan
2024-06-03T13:50:29,83.927773,-64.012413,nan
2024-06-03T13:50:29,83.927795,-64.012222,nan
2024-06-03T13:50:28,83.927818,-64.012024,nan
2024-06-03T13:50:28,83.927841,-64.011818,nan
2024-06-03T13:50:27,83.927864,-64.011620,nan
2024-06-03T13:50:27,83.927879,-64.011406,nan
2024-06-03T13:50:26,83.927902,-64.011192,nan
2024-06-03T13:50:26,83.927925,-64.010971,nan
2024-06-03T13:50:25,83.927940,-64.010742,nan
2024-06-03T13:50:25,83.927963,-64.010506,nan
2024-06-03T13:50:24,83.927979,-64.010269,nan
2024-06-03T13:50:24,83.928001,-64.010017,nan
2024-06-03T13:50:23,83.928017,-64.009773,nan
2024-06-03T13:50:23,83.928032,-64.009529,nan
2024-06-03T13:50:22,83.928055,-64.009293,nan
2024-06-03T13:50:22,83.928070,-64.009048,nan
2024-06-03T13:50:20,83.928123,-64.008339,nan
2024-06-03T13:50:20,83.928146,-64.008102,nan
2024-06-03T13:50:19,83.928162,-64.007866,nan
2024-06-03T13:50:19,83.928177,-64.007622,nan
2024-06-03T13:50:18,83.928200,-64.007370,nan
2024-06-03T13:50:18,83.928215,-64.007118,nan
2024-06-03T13:50:17,83.928230,-64.006859,nan
2024-06-03T13:50:17,83.928246,-64.006592,nan
2024-06-03T13:50:16,83.928261,-64.006317,nan
2024-06-03T13:50:16,83.928276,-64.006042,nan
2024-06-03T13:50:15,83.928291,-64.005768,nan
2024-06-03T13:50:15,83.928307,-64.005501,nan
2024-06-03T13:50:14,83.928322,-64.005226,nan
2024-06-03T13:50:14,83.928337,-64.004959,nan
2024-06-03T13:50:13,83.928352,-64.004684,nan
2024-06-03T13:50:13,83.928360,-64.004417,nan
2024-06-03T13:50:12,83.928375,-64.004143,nan
2024-06-03T13:50:12,83.928391,-64.003868,nan
2024-06-03T13:50:11,83.928406,-64.003593,nan
2024-06-03T13:50:11,83.928413,-64.003311,nan
2024-06-03T13:50:10,83.928429,-64.003036,nan
2024-06-03T13:50:10,83.928436,-64.002762,nan
2024-06-03T13:50:09,83.928444,-64.002480,nan
2024-06-03T13:50:09,83.928452,-64.002213,nan
2024-06-03T13:50:08,83.928467,-64.001945,nan
2024-06-03T13:50:08,83.928474,-64.001694,nan
2024-06-03T13:50:07,83.928482,-64.001450,nan
2024-06-03T13:50:07,83.928490,-64.001213,nan
2024-06-03T13:50:06,83.928505,-64.000992,nan
2024-06-03T13:50:06,83.928520,-64.000778,nan
2024-06-03T13:50:05,83.928528,-64.000580,nan
2024-06-03T13:50:05,83.928543,-64.000389,nan
2024-06-03T13:50:04,83.928558,-64.000206,nan
2024-06-03T13:50:04,83.928574,-64.000031,nan
2024-06-03T13:50:03,83.928589,-63.999859,nan
2024-06-03T13:50:03,83.928604,-63.999695,nan
2024-06-03T13:50:02,83.928619,-63.999527,nan
2024-06-03T13:50:02,83.928635,-63.999363,nan
2024-06-03T13:50:01,83.928650,-63.999203,nan
2024-06-03T13:50:01,83.928665,-63.999046,nan
2024-06-03T13:50:00,83.928673,-63.998882,nan
2024-06-03T13:50:00,83.928688,-63.998726,nan
2024-06-03T13:49:59,83.928696,-63.998569,nan
2024-06-03T13:49:59,83.928703,-63.998417,nan
2024-06-03T13:49:58,83.928719,-63.998264,nan
2024-06-03T13:49:58,83.928726,-63.998112,nan
2024-06-03T13:49:57,83.928734,-63.997959,nan
2024-06-03T13:49:57,83.928749,-63.997799,nan
2024-06-03T13:49:56,83.928764,-63.997639,nan
2024-06-03T13:49:56,83.928780,-63.997475,nan
2024-06-03T13:49:55,83.928787,-63.997303,nan
2024-06-03T13:49:55,83.928802,-63.997128,nan
2024-06-03T13:49:54,83.928833,-63.996780,nan
2024-06-03T13:49:53,83.928848,-63.996601,nan
2024-06-03T13:49:53,83.928864,-63.996418,nan
2024-06-03T13:49:52,83.928879,-63.996235,nan
2024-06-03T13:49:52,83.928894,-63.996048,nan
2024-06-03T13:49:51,83.928917,-63.995682,nan
2024-06-03T13:49:50,83.928932,-63.995495,nan
2024-06-03T13:49:50,83.928947,-63.995312,nan
2024-06-03T13:49:49,83.928955,-63.995129,nan
2024-06-03T13:49:49,83.928970,-63.994946,nan
2024-06-03T13:49:48,83.928978,-63.994762,nan
2024-06-03T13:49:48,83.928993,-63.994579,nan
2024-06-03T13:49:47,83.929001,-63.994400,nan
2024-06-03T13:49:47,83.929016,-63.994221,nan
2024-06-03T13:49:46,83.929024,-63.994041,nan
2024-06-03T13:49:46,83.929031,-63.993862,nan
2024-06-03T13:49:45,83.929047,-63.993675,nan
2024-06-03T13:49:45,83.929054,-63.993488,nan
2024-06-03T13:49:44,83.929054,-63.993298,nan
2024-06-03T13:49:44,83.929062,-63.993107,nan
2024-06-03T13:49:43,83.929070,-63.992912,nan
2024-06-03T13:49:43,83.929077,-63.992718,nan
2024-06-03T13:49:42,83.929077,-63.992512,nan
2024-06-03T13:49:42,83.929085,-63.992302,nan
2024-06-03T13:49:41,83.929085,-63.992088,nan
2024-06-03T13:49:41,83.929092,-63.991871,nan
2024-06-03T13:49:40,83.929092,-63.991653,nan
2024-06-03T13:49:40,83.929100,-63.991440,nan
2024-06-03T13:49:39,83.929108,-63.991226,nan
2024-06-03T13:49:39,83.929108,-63.991028,nan
2024-06-03T13:49:38,83.929115,-63.990829,nan
2024-06-03T13:49:38,83.929115,-63.990635,nan
2024-06-03T13:49:37,83.929123,-63.990444,nan
2024-06-03T13:49:37,83.929131,-63.990257,nan
2024-06-03T13:49:36,83.929138,-63.990070,nan
2024-06-03T13:49:36,83.929146,-63.989887,nan
2024-06-03T13:49:35,83.929153,-63.989712,nan
2024-06-03T13:49:35,83.929161,-63.989536,nan
2024-06-03T13:49:34,83.929169,-63.989361,nan
2024-06-03T13:49:34,83.929176,-63.989193,nan
2024-06-03T13:49:33,83.929184,-63.989021,nan
2024-06-03T13:49:33,83.929192,-63.988853,nan
2024-06-03T13:49:32,83.929199,-63.988689,nan
2024-06-03T13:49:32,83.929214,-63.988525,nan
2024-06-03T13:49:31,83.929222,-63.988358,nan
2024-06-03T13:49:31,83.929230,-63.988190,nan
2024-06-03T13:49:30,83.929237,-63.988010,nan
2024-06-03T13:49:30,83.929237,-63.987827,nan
2024-06-03T13:49:29,83.929253,-63.987640,nan
2024-06-03T13:49:29,83.929260,-63.987446,nan
2024-06-03T13:49:28,83.929268,-63.987240,nan
2024-06-03T13:49:28,83.929276,-63.987030,nan
2024-06-03T13:49:27,83.929283,-63.986820,nan
2024-06-03T13:49:27,83.929298,-63.986603,nan
2024-06-03T13:49:26,83.929306,-63.986385,nan
2024-06-03T13:49:26,83.929314,-63.986164,nan
2024-06-03T13:49:25,83.929321,-63.985947,nan
2024-06-03T13:49:25,83.929337,-63.985725,nan
2024-06-03T13:49:24,83.929344,-63.985500,nan
2024-06-03T13:49:24,83.929352,-63.985271,nan
2024-06-03T13:49:23,83.929352,-63.985035,nan
2024-06-03T13:49:23,83.929359,-63.984795,nan
2024-06-03T13:49:22,83.929367,-63.984550,nan
2024-06-03T13:49:22,83.929375,-63.984306,nan
2024-06-03T13:49:21,83.929375,-63.984066,nan
2024-06-03T13:49:21,83.929382,-63.983826,nan
2024-06-03T13:49:20,83.929382,-63.983589,nan
2024-06-03T13:49:20,83.929390,-63.983349,nan
2024-06-03T13:49:19,83.929390,-63.983109,nan
2024-06-03T13:49:19,83.929398,-63.982868,nan
2024-06-03T13:49:18,83.929398,-63.982628,nan
2024-06-03T13:49:18,83.929398,-63.982395,nan
2024-06-03T13:49:17,83.929398,-63.982166,nan
2024-06-03T13:49:17,83.929398,-63.981937,nan
2024-06-03T13:49:16,83.929398,-63.981720,nan
2024-06-03T13:49:16,83.929398,-63.981514,nan
2024-06-03T13:49:15,83.929398,-63.981323,nan
2024-06-03T13:49:15,83.929398,-63.981148,nan
2024-06-03T13:49:14,83.929398,-63.980988,nan
2024-06-03T13:49:14,83.929398,-63.980843,nan
2024-06-03T13:49:13,83.929405,-63.980713,nan
2024-06-03T13:49:13,83.929405,-63.980598,nan
2024-06-03T13:49:12,83.929405,-63.980492,nan
2024-06-03T13:49:12,83.929413,-63.980396,nan
2024-06-03T13:49:11,83.929420,-63.980305,nan
2024-06-03T13:49:11,83.929420,-63.980217,nan
2024-06-03T13:49:10,83.929428,-63.980129,nan
2024-06-03T13:49:10,83.929443,-63.980049,nan
2024-06-03T13:49:09,83.929451,-63.979973,nan
2024-06-03T13:49:09,83.929459,-63.979885,nan
2024-06-03T13:49:08,83.929466,-63.979797,nan
2024-06-03T13:49:08,83.929482,-63.979717,nan
2024-06-03T13:49:07,83.929489,-63.979626,nan
2024-06-03T13:49:07,83.929504,-63.979538,nan
2024-06-03T13:49:06,83.929512,-63.979439,nan
2024-06-03T13:49:06,83.929527,-63.979336,nan
2024-06-03T13:49:05,83.929535,-63.979229,nan
2024-06-03T13:49:05,83.929543,-63.979111,nan
2024-06-03T13:49:04,83.929550,-63.978989,nan
2024-06-03T13:49:04,83.929558,-63.978870,nan
2024-06-03T13:49:03,83.929565,-63.978741,nan
2024-06-03T13:49:03,83.929565,-63.978611,nan
2024-06-03T13:49:02,83.929565,-63.978477,nan
2024-06-03T13:49:02,83.929573,-63.978348,nan
2024-06-03T13:49:01,83.929573,-63.978218,nan
2024-06-03T13:49:01,83.929573,-63.978096,nan
2024-06-03T13:49:00,83.929581,-63.977982,nan
2024-06-03T13:49:00,83.929581,-63.977875,nan
2024-06-03T13:48:59,83.929581,-63.977768,nan
2024-06-03T13:48:59,83.929581,-63.977673,nan
2024-06-03T13:48:58,83.929581,-63.977577,nan
2024-06-03T13:48:58,83.929588,-63.977486,nan
2024-06-03T13:48:57,83.929588,-63.977402,nan
2024-06-03T13:48:57,83.929596,-63.977325,nan
2024-06-03T13:48:56,83.929596,-63.977245,nan
2024-06-03T13:48:56,83.929604,-63.977173,nan
2024-06-03T13:48:55,83.929611,-63.977100,nan
2024-06-03T13:48:55,83.929619,-63.977028,nan
2024-06-03T13:48:54,83.929626,-63.976952,nan
2024-06-03T13:48:54,83.929634,-63.976879,nan
2024-06-03T13:48:53,83.929642,-63.976799,nan
2024-06-03T13:48:53,83.929649,-63.976719,nan
2024-06-03T13:48:52,83.929657,-63.976639,nan
2024-06-03T13:48:52,83.929665,-63.976555,nan
2024-06-03T13:48:51,83.929672,-63.976475,nan
2024-06-03T13:48:51,83.929680,-63.976391,nan
2024-06-03T13:48:50,83.929680,-63.976307,nan
2024-06-03T13:48:50,83.929688,-63.976219,nan
2024-06-03T13:48:49,83.929695,-63.976131,nan
2024-06-03T13:48:49,83.929703,-63.976032,nan
2024-06-03T13:48:48,83.929710,-63.975929,nan
2024-06-03T13:48:48,83.929718,-63.975822,nan
2024-06-03T13:48:47,83.929726,-63.975708,nan
2024-06-03T13:48:47,83.929733,-63.975586,nan
2024-06-03T13:48:46,83.929741,-63.975460,nan
2024-06-03T13:48:46,83.929749,-63.975327,nan
2024-06-03T13:48:45,83.929764,-63.975197,nan
2024-06-03T13:48:45,83.929771,-63.975048,nan
2024-06-03T13:48:44,83.929779,-63.974899,nan
2024-06-03T13:48:44,83.929787,-63.974747,nan
2024-06-03T13:48:43,83.929794,-63.974575,nan
2024-06-03T13:48:43,83.929802,-63.974407,nan
2024-06-03T13:48:42,83.929817,-63.974243,nan
2024-06-03T13:48:42,83.929825,-63.974083,nan
2024-06-03T13:48:41,83.929832,-63.973923,nan
2024-06-03T13:48:41,83.929840,-63.973774,nan
2024-06-03T13:48:40,83.929848,-63.973633,nan
2024-06-03T13:48:40,83.929855,-63.973503,nan
2024-06-03T13:48:39,83.929863,-63.973370,nan
2024-06-03T13:48:39,83.929871,-63.973251,nan
2024-06-03T13:48:38,83.929878,-63.973133,nan
2024-06-03T13:48:38,83.929886,-63.973011,nan
2024-06-03T13:48:37,83.929893,-63.972893,nan
2024-06-03T13:48:37,83.929901,-63.972767,nan
2024-06-03T13:48:36,83.929916,-63.972630,nan
2024-06-03T13:48:36,83.929924,-63.972485,nan
2024-06-03T13:48:35,83.929932,-63.972328,nan
2024-06-03T13:48:35,83.929932,-63.972172,nan
2024-06-03T13:48:34,83.929939,-63.971996,nan
2024-06-03T13:48:34,83.929947,-63.971821,nan
2024-06-03T13:48:33,83.929955,-63.971638,nan
2024-06-03T13:48:33,83.929962,-63.971439,nan
2024-06-03T13:48:32,83.929970,-63.971230,nan
2024-06-03T13:48:32,83.929970,-63.971016,nan
2024-06-03T13:48:31,83.929977,-63.970783,nan
2024-06-03T13:48:31,83.929993,-63.970551,nan
2024-06-03T13:48:30,83.930000,-63.970306,nan
2024-06-03T13:48:30,83.930008,-63.970055,nan
2024-06-03T13:48:29,83.930016,-63.969803,nan
2024-06-03T13:48:29,83.930023,-63.969540,nan
2024-06-03T13:48:28,83.930031,-63.969280,nan
2024-06-03T13:48:28,83.930038,-63.969025,nan
2024-06-03T13:48:27,83.930046,-63.968761,nan
2024-06-03T13:48:27,83.930046,-63.968498,nan
2024-06-03T13:48:26,83.930054,-63.968254,nan
2024-06-03T13:48:26,83.930061,-63.968018,nan
2024-06-03T13:48:25,83.930061,-63.967785,nan
2024-06-03T13:48:25,83.930061,-63.967560,nan
2024-06-03T13:48:24,83.930061,-63.967350,nan
2024-06-03T13:48:24,83.930069,-63.967148,nan
2024-06-03T13:48:23,83.930069,-63.966953,nan
2024-06-03T13:48:23,83.930069,-63.966770,nan
2024-06-03T13:48:22,83.930069,-63.966576,nan
2024-06-03T13:48:22,83.930069,-63.966404,nan
2024-06-03T13:48:21,83.930069,-63.966225,nan
2024-06-03T13:48:21,83.930061,-63.966057,nan
2024-06-03T13:48:20,83.930061,-63.965893,nan
2024-06-03T13:48:20,83.930054,-63.965736,nan
2024-06-03T13:48:19,83.930054,-63.965588,nan
2024-06-03T13:48:19,83.930046,-63.965443,nan
2024-06-03T13:48:18,83.930038,-63.965305,nan
2024-06-03T13:48:18,83.930031,-63.965168,nan
2024-06-03T13:48:17,83.930023,-63.965034,nan
2024-06-03T13:48:17,83.930023,-63.964905,nan
2024-06-03T13:48:16,83.930016,-63.964783,nan
2024-06-03T13:48:16,83.930008,-63.964676,nan
2024-06-03T13:48:15,83.930008,-63.964581,nan
2024-06-03T13:48:15,83.930000,-63.964493,nan
2024-06-03T13:48:14,83.930000,-63.964420,nan
2024-06-03T13:48:14,83.930000,-63.964363,nan
2024-06-03T13:48:13,83.929993,-63.964298,nan
2024-06-03T13:48:13,83.929993,-63.964249,nan
2024-06-03T13:48:12,83.929993,-63.964207,nan
2024-06-03T13:48:12,83.929993,-63.964157,nan
2024-06-03T13:48:11,83.929993,-63.964127,nan
2024-06-03T13:48:11,83.929993,-63.964088,nan
2024-06-03T13:48:10,83.929993,-63.964058,nan
2024-06-03T13:48:10,83.930000,-63.964043,nan
2024-06-03T13:48:09,83.930000,-63.963993,nan
2024-06-03T13:48:09,83.930000,-63.963982,nan
2024-06-03T13:48:08,83.930000,-63.963982,nan
2024-06-03T13:48:08,83.930008,-63.963955,nan
2024-06-03T13:48:07,83.930008,-63.963940,nan
2024-06-03T13:48:07,83.930008,-63.963959,nan
2024-06-03T13:48:06,83.930008,-63.964214,nan
2024-06-03T13:48:06,83.929985,-63.964508,nan
2024-06-03T13:48:05,83.929962,-63.965267,nan
2024-06-03T13:48:05,83.929871,-63.966969,nan
2024-06-03T13:48:04,83.929771,-63.969086,nan
2024-06-03T13:48:04,83.929672,-63.971237,nan
2024-06-03T13:48:00,83.930244,-63.953777,nan
2024-06-03T13:47:59,83.930473,-63.946301,nan
