datetime,lat,lon,elev
2024-06-07T17:50:31,83.262741,-61.099350,nan
2024-06-07T17:50:30,83.262764,-61.099289,nan
2024-06-07T17:50:30,83.262794,-61.099232,nan
2024-06-07T17:50:29,83.262817,-61.099178,nan
2024-06-07T17:50:29,83.262848,-61.099133,nan
2024-06-07T17:50:28,83.262878,-61.099087,nan
2024-06-07T17:50:28,83.262901,-61.099037,nan
2024-06-07T17:50:27,83.262932,-61.098991,nan
2024-06-07T17:50:27,83.262955,-61.098949,nan
2024-06-07T17:50:26,83.262978,-61.098911,nan
2024-06-07T17:50:26,83.263008,-61.098885,nan
2024-06-07T17:50:25,83.263031,-61.098858,nan
2024-06-07T17:50:25,83.263062,-61.098827,nan
2024-06-07T17:50:24,83.263084,-61.098797,nan
2024-06-07T17:50:23,83.263138,-61.098740,nan
2024-06-07T17:50:23,83.263168,-61.098713,nan
2024-06-07T17:50:22,83.263199,-61.098679,nan
2024-06-07T17:50:22,83.263222,-61.098644,nan
2024-06-07T17:50:21,83.263252,-61.098606,nan
2024-06-07T17:50:21,83.263283,-61.098568,nan
2024-06-07T17:50:20,83.263313,-61.098526,nan
2024-06-07T17:50:20,83.263351,-61.098484,nan
2024-06-07T17:50:19,83.263382,-61.098442,nan
2024-06-07T17:50:19,83.263412,-61.098400,nan
2024-06-07T17:50:18,83.263443,-61.098358,nan
2024-06-07T17:50:18,83.263474,-61.098305,nan
2024-06-07T17:50:17,83.263512,-61.098248,nan
2024-06-07T17:50:17,83.263542,-61.098183,nan
2024-06-07T17:50:16,83.263580,-61.098114,nan
2024-06-07T17:50:15,83.263649,-61.097961,nan
2024-06-07T17:50:15,83.263687,-61.097878,nan
2024-06-07T17:50:14,83.263756,-61.097698,nan
2024-06-07T17:50:13,83.263786,-61.097610,nan
2024-06-07T17:50:13,83.263824,-61.097511,nan
2024-06-07T17:50:12,83.263863,-61.097408,nan
2024-06-07T17:50:12,83.263893,-61.097301,nan
2024-06-07T17:50:11,83.263931,-61.097195,nan
2024-06-07T17:50:11,83.263969,-61.097092,nan
2024-06-07T17:50:10,83.264000,-61.096981,nan
2024-06-07T17:50:10,83.264038,-61.096870,nan
2024-06-07T17:50:09,83.264076,-61.096748,nan
2024-06-07T17:50:09,83.264107,-61.096622,nan
2024-06-07T17:50:08,83.264145,-61.096489,nan
2024-06-07T17:50:08,83.264183,-61.096348,nan
2024-06-07T17:50:07,83.264214,-61.096207,nan
2024-06-07T17:50:07,83.264252,-61.096069,nan
2024-06-07T17:50:06,83.264282,-61.095924,nan
2024-06-07T17:50:06,83.264320,-61.095779,nan
2024-06-07T17:50:05,83.264359,-61.095634,nan
2024-06-07T17:50:05,83.264397,-61.095490,nan
2024-06-07T17:50:04,83.264427,-61.095348,nan
2024-06-07T17:50:04,83.264465,-61.095215,nan
2024-06-07T17:50:03,83.264496,-61.095081,nan
2024-06-07T17:50:03,83.264534,-61.094952,nan
2024-06-07T17:50:02,83.264565,-61.094818,nan
2024-06-07T17:50:02,83.264603,-61.094688,nan
2024-06-07T17:50:01,83.264633,-61.094547,nan
2024-06-07T17:50:01,83.264664,-61.094410,nan
2024-06-07T17:50:00,83.264702,-61.094269,nan
2024-06-07T17:50:00,83.264732,-61.094124,nan
2024-06-07T17:49:59,83.264771,-61.093979,nan
2024-06-07T17:49:59,83.264801,-61.093826,nan
2024-06-07T17:49:58,83.264839,-61.093670,nan
2024-06-07T17:49:58,83.264870,-61.093513,nan
2024-06-07T17:49:57,83.264908,-61.093361,nan
2024-06-07T17:49:57,83.264938,-61.093201,nan
2024-06-07T17:49:56,83.264977,-61.093044,nan
2024-06-07T17:49:56,83.265007,-61.092888,nan
2024-06-07T17:49:55,83.265045,-61.092731,nan
2024-06-07T17:49:55,83.265076,-61.092579,nan
2024-06-07T17:49:54,83.265114,-61.092422,nan
2024-06-07T17:49:54,83.265144,-61.092255,nan
2024-06-07T17:49:53,83.265182,-61.092087,nan
2024-06-07T17:49:52,83.265244,-61.091732,nan
2024-06-07T17:49:52,83.265282,-61.091549,nan
2024-06-07T17:49:51,83.265312,-61.091358,nan
2024-06-07T17:49:50,83.265381,-61.090954,nan
2024-06-07T17:49:50,83.265419,-61.090744,nan
2024-06-07T17:49:49,83.265450,-61.090527,nan
2024-06-07T17:49:49,83.265488,-61.090313,nan
2024-06-07T17:49:48,83.265518,-61.090103,nan
2024-06-07T17:49:48,83.265549,-61.089897,nan
2024-06-07T17:49:47,83.265579,-61.089695,nan
2024-06-07T17:49:46,83.265640,-61.089298,nan
2024-06-07T17:49:46,83.265671,-61.089104,nan
2024-06-07T17:49:45,83.265701,-61.088913,nan
2024-06-07T17:49:45,83.265732,-61.088726,nan
2024-06-07T17:49:44,83.265762,-61.088543,nan
2024-06-07T17:49:44,83.265793,-61.088360,nan
2024-06-07T17:49:43,83.265823,-61.088181,nan
2024-06-07T17:49:42,83.265877,-61.087826,nan
2024-06-07T17:49:42,83.265907,-61.087650,nan
2024-06-07T17:49:41,83.265930,-61.087479,nan
2024-06-07T17:49:41,83.265961,-61.087307,nan
2024-06-07T17:49:40,83.265984,-61.087139,nan
2024-06-07T17:49:40,83.266014,-61.086975,nan
2024-06-07T17:49:39,83.266037,-61.086811,nan
2024-06-07T17:49:39,83.266068,-61.086651,nan
2024-06-07T17:49:38,83.266090,-61.086491,nan
2024-06-07T17:49:38,83.266113,-61.086327,nan
2024-06-07T17:49:37,83.266144,-61.086166,nan
2024-06-07T17:49:37,83.266167,-61.086006,nan
2024-06-07T17:49:36,83.266197,-61.085850,nan
2024-06-07T17:49:36,83.266220,-61.085693,nan
2024-06-07T17:49:35,83.266243,-61.085541,nan
2024-06-07T17:49:35,83.266266,-61.085381,nan
2024-06-07T17:49:34,83.266296,-61.085228,nan
2024-06-07T17:49:34,83.266319,-61.085079,nan
2024-06-07T17:49:33,83.266342,-61.084934,nan
2024-06-07T17:49:33,83.266365,-61.084793,nan
2024-06-07T17:49:32,83.266411,-61.084507,nan
2024-06-07T17:49:31,83.266434,-61.084366,nan
2024-06-07T17:49:31,83.266464,-61.084221,nan
2024-06-07T17:49:30,83.266487,-61.084080,nan
2024-06-07T17:49:30,83.266510,-61.083935,nan
2024-06-07T17:49:29,83.266533,-61.083790,nan
2024-06-07T17:49:29,83.266556,-61.083645,nan
2024-06-07T17:49:28,83.266579,-61.083500,nan
2024-06-07T17:49:28,83.266602,-61.083355,nan
2024-06-07T17:49:27,83.266624,-61.083206,nan
2024-06-07T17:49:27,83.266655,-61.083061,nan
2024-06-07T17:49:26,83.266678,-61.082912,nan
2024-06-07T17:49:26,83.266701,-61.082760,nan
2024-06-07T17:49:25,83.266724,-61.082603,nan
2024-06-07T17:49:25,83.266747,-61.082436,nan
2024-06-07T17:49:24,83.266769,-61.082253,nan
2024-06-07T17:49:24,83.266785,-61.082058,nan
2024-06-07T17:49:23,83.266808,-61.081841,nan
2024-06-07T17:49:23,83.266830,-61.081612,nan
2024-06-07T17:49:22,83.266846,-61.081371,nan
2024-06-07T17:49:22,83.266869,-61.081127,nan
2024-06-07T17:49:21,83.266884,-61.080875,nan
2024-06-07T17:49:21,83.266907,-61.080616,nan
2024-06-07T17:49:20,83.266922,-61.080349,nan
2024-06-07T17:49:20,83.266945,-61.080074,nan
2024-06-07T17:49:19,83.266960,-61.079796,nan
2024-06-07T17:49:19,83.266983,-61.079506,nan
2024-06-07T17:49:18,83.267021,-61.078896,nan
2024-06-07T17:49:17,83.267044,-61.078575,nan
2024-06-07T17:49:17,83.267067,-61.078251,nan
2024-06-07T17:49:16,83.267082,-61.077919,nan
2024-06-07T17:49:16,83.267105,-61.077583,nan
2024-06-07T17:49:15,83.267128,-61.077248,nan
2024-06-07T17:49:15,83.267143,-61.076916,nan
2024-06-07T17:49:14,83.267166,-61.076580,nan
2024-06-07T17:49:14,83.267189,-61.076241,nan
2024-06-07T17:49:13,83.267204,-61.075897,nan
2024-06-07T17:49:13,83.267227,-61.075558,nan
2024-06-07T17:49:12,83.267250,-61.075218,nan
2024-06-07T17:49:12,83.267265,-61.074886,nan
2024-06-07T17:49:11,83.267288,-61.074554,nan
2024-06-07T17:49:11,83.267311,-61.074230,nan
2024-06-07T17:49:10,83.267334,-61.073902,nan
2024-06-07T17:49:10,83.267357,-61.073578,nan
2024-06-07T17:49:09,83.267387,-61.073250,nan
2024-06-07T17:49:09,83.267418,-61.072926,nan
2024-06-07T17:49:08,83.267448,-61.072601,nan
2024-06-07T17:49:08,83.267479,-61.072269,nan
2024-06-07T17:49:07,83.267509,-61.071938,nan
2024-06-07T17:49:06,83.267578,-61.071274,nan
2024-06-07T17:49:06,83.267616,-61.070938,nan
2024-06-07T17:49:05,83.267654,-61.070602,nan
2024-06-07T17:49:05,83.267685,-61.070259,nan
2024-06-07T17:49:04,83.267723,-61.069916,nan
2024-06-07T17:49:04,83.267761,-61.069565,nan
2024-06-07T17:49:03,83.267799,-61.069210,nan
2024-06-07T17:49:03,83.267838,-61.068855,nan
2024-06-07T17:49:02,83.267883,-61.068497,nan
2024-06-07T17:49:02,83.267921,-61.068142,nan
2024-06-07T17:49:01,83.267998,-61.067425,nan
2024-06-07T17:49:00,83.268036,-61.067066,nan
2024-06-07T17:49:00,83.268074,-61.066711,nan
2024-06-07T17:48:59,83.268112,-61.066360,nan
2024-06-07T17:48:59,83.268150,-61.066013,nan
2024-06-07T17:48:58,83.268181,-61.065670,nan
2024-06-07T17:48:58,83.268219,-61.065334,nan
2024-06-07T17:48:57,83.268250,-61.064995,nan
2024-06-07T17:48:57,83.268288,-61.064667,nan
2024-06-07T17:48:56,83.268318,-61.064342,nan
2024-06-07T17:48:56,83.268349,-61.064026,nan
2024-06-07T17:48:55,83.268387,-61.063709,nan
2024-06-07T17:48:55,83.268417,-61.063396,nan
2024-06-07T17:48:54,83.268456,-61.063080,nan
2024-06-07T17:48:54,83.268494,-61.062763,nan
2024-06-07T17:48:53,83.268524,-61.062447,nan
2024-06-07T17:48:53,83.268562,-61.062134,nan
2024-06-07T17:48:52,83.268600,-61.061829,nan
2024-06-07T17:48:52,83.268631,-61.061531,nan
2024-06-07T17:48:51,83.268669,-61.061234,nan
2024-06-07T17:48:51,83.268707,-61.060944,nan
2024-06-07T17:48:50,83.268745,-61.060654,nan
2024-06-07T17:48:50,83.268784,-61.060368,nan
2024-06-07T17:48:49,83.268822,-61.060078,nan
2024-06-07T17:48:49,83.268852,-61.059792,nan
2024-06-07T17:48:48,83.268890,-61.059509,nan
2024-06-07T17:48:48,83.268929,-61.059231,nan
2024-06-07T17:48:47,83.268967,-61.058952,nan
2024-06-07T17:48:47,83.269005,-61.058674,nan
2024-06-07T17:48:46,83.269043,-61.058399,nan
2024-06-07T17:48:45,83.269119,-61.057861,nan
2024-06-07T17:48:45,83.269157,-61.057598,nan
2024-06-07T17:48:44,83.269188,-61.057335,nan
2024-06-07T17:48:44,83.269226,-61.057068,nan
2024-06-07T17:48:43,83.269264,-61.056801,nan
2024-06-07T17:48:43,83.269302,-61.056534,nan
2024-06-07T17:48:42,83.269341,-61.056267,nan
2024-06-07T17:48:42,83.269379,-61.056000,nan
2024-06-07T17:48:41,83.269417,-61.055740,nan
2024-06-07T17:48:41,83.269455,-61.055481,nan
2024-06-07T17:48:40,83.269493,-61.055222,nan
2024-06-07T17:48:40,83.269531,-61.054962,nan
2024-06-07T17:48:39,83.269569,-61.054707,nan
2024-06-07T17:48:39,83.269608,-61.054451,nan
2024-06-07T17:48:38,83.269653,-61.054192,nan
2024-06-07T17:48:38,83.269691,-61.053925,nan
2024-06-07T17:48:37,83.269730,-61.053654,nan
2024-06-07T17:48:37,83.269768,-61.053383,nan
2024-06-07T17:48:36,83.269806,-61.053104,nan
2024-06-07T17:48:36,83.269844,-61.052822,nan
2024-06-07T17:48:35,83.269890,-61.052544,nan
2024-06-07T17:48:35,83.269928,-61.052261,nan
2024-06-07T17:48:34,83.269966,-61.051987,nan
2024-06-07T17:48:34,83.270004,-61.051708,nan
2024-06-07T17:48:33,83.270042,-61.051437,nan
2024-06-07T17:48:33,83.270081,-61.051167,nan
2024-06-07T17:48:32,83.270126,-61.050896,nan
2024-06-07T17:48:32,83.270164,-61.050629,nan
2024-06-07T17:48:31,83.270203,-61.050362,nan
2024-06-07T17:48:31,83.270241,-61.050095,nan
2024-06-07T17:48:30,83.270279,-61.049828,nan
2024-06-07T17:48:30,83.270317,-61.049561,nan
2024-06-07T17:48:29,83.270355,-61.049297,nan
2024-06-07T17:48:29,83.270393,-61.049034,nan
2024-06-07T17:48:28,83.270432,-61.048771,nan
2024-06-07T17:48:28,83.270470,-61.048504,nan
2024-06-07T17:48:27,83.270508,-61.048237,nan
2024-06-07T17:48:27,83.270546,-61.047962,nan
2024-06-07T17:48:26,83.270584,-61.047684,nan
2024-06-07T17:48:26,83.270622,-61.047401,nan
2024-06-07T17:48:25,83.270699,-61.046825,nan
2024-06-07T17:48:24,83.270737,-61.046532,nan
2024-06-07T17:48:24,83.270775,-61.046234,nan
2024-06-07T17:48:23,83.270813,-61.045933,nan
2024-06-07T17:48:23,83.270851,-61.045624,nan
2024-06-07T17:48:22,83.270889,-61.045311,nan
2024-06-07T17:48:22,83.270927,-61.044994,nan
2024-06-07T17:48:21,83.270966,-61.044678,nan
2024-06-07T17:48:21,83.270996,-61.044357,nan
2024-06-07T17:48:20,83.271034,-61.044041,nan
2024-06-07T17:48:20,83.271072,-61.043724,nan
2024-06-07T17:48:19,83.271103,-61.043407,nan
2024-06-07T17:48:19,83.271141,-61.043095,nan
2024-06-07T17:48:18,83.271172,-61.042782,nan
2024-06-07T17:48:18,83.271210,-61.042477,nan
2024-06-07T17:48:17,83.271240,-61.042175,nan
2024-06-07T17:48:17,83.271278,-61.041874,nan
2024-06-07T17:48:16,83.271309,-61.041576,nan
2024-06-07T17:48:16,83.271339,-61.041283,nan
2024-06-07T17:48:15,83.271378,-61.040993,nan
2024-06-07T17:48:15,83.271408,-61.040699,nan
2024-06-07T17:48:14,83.271446,-61.040401,nan
2024-06-07T17:48:14,83.271477,-61.040104,nan
2024-06-07T17:48:13,83.271507,-61.039799,nan
2024-06-07T17:48:13,83.271538,-61.039490,nan
2024-06-07T17:48:12,83.271568,-61.039185,nan
2024-06-07T17:48:12,83.271599,-61.038872,nan
2024-06-07T17:48:11,83.271629,-61.038559,nan
2024-06-07T17:48:11,83.271652,-61.038246,nan
2024-06-07T17:48:10,83.271683,-61.037937,nan
2024-06-07T17:48:10,83.271713,-61.037628,nan
2024-06-07T17:48:09,83.271744,-61.037319,nan
2024-06-07T17:48:09,83.271774,-61.037018,nan
2024-06-07T17:48:08,83.271797,-61.036716,nan
2024-06-07T17:48:08,83.271828,-61.036415,nan
2024-06-07T17:48:07,83.271858,-61.036118,nan
2024-06-07T17:48:07,83.271889,-61.035824,nan
2024-06-07T17:48:06,83.271919,-61.035530,nan
2024-06-07T17:48:06,83.271950,-61.035233,nan
2024-06-07T17:48:05,83.271980,-61.034939,nan
2024-06-07T17:48:05,83.272011,-61.034645,nan
2024-06-07T17:48:04,83.272041,-61.034348,nan
2024-06-07T17:48:04,83.272064,-61.034054,nan
2024-06-07T17:48:03,83.272095,-61.033760,nan
2024-06-07T17:48:03,83.272125,-61.033466,nan
2024-06-07T17:48:02,83.272156,-61.033173,nan
2024-06-07T17:48:02,83.272179,-61.032879,nan
2024-06-07T17:48:01,83.272202,-61.032589,nan
2024-06-07T17:48:01,83.272232,-61.032307,nan
2024-06-07T17:48:00,83.272255,-61.032024,nan
2024-06-07T17:48:00,83.272285,-61.031754,nan
2024-06-07T17:47:59,83.272308,-61.031479,nan
2024-06-07T17:47:59,83.272339,-61.031208,nan
2024-06-07T17:47:58,83.272362,-61.030945,nan
2024-06-07T17:47:58,83.272392,-61.030685,nan
2024-06-07T17:47:57,83.272423,-61.030426,nan
2024-06-07T17:47:57,83.272446,-61.030170,nan
2024-06-07T17:47:56,83.272476,-61.029915,nan
2024-06-07T17:47:56,83.272499,-61.029659,nan
2024-06-07T17:47:55,83.272522,-61.029404,nan
2024-06-07T17:47:55,83.272552,-61.029144,nan
2024-06-07T17:47:54,83.272598,-61.028625,nan
2024-06-07T17:47:53,83.272621,-61.028370,nan
2024-06-07T17:47:53,83.272644,-61.028111,nan
2024-06-07T17:47:52,83.272667,-61.027847,nan
2024-06-07T17:47:52,83.272697,-61.027588,nan
2024-06-07T17:47:51,83.272720,-61.027328,nan
2024-06-07T17:47:51,83.272743,-61.027069,nan
2024-06-07T17:47:50,83.272766,-61.026806,nan
2024-06-07T17:47:50,83.272789,-61.026546,nan
2024-06-07T17:47:49,83.272804,-61.026283,nan
2024-06-07T17:47:49,83.272827,-61.026016,nan
2024-06-07T17:47:48,83.272850,-61.025749,nan
2024-06-07T17:47:48,83.272873,-61.025482,nan
2024-06-07T17:47:47,83.272896,-61.025211,nan
2024-06-07T17:47:47,83.272919,-61.024944,nan
2024-06-07T17:47:46,83.272934,-61.024673,nan
2024-06-07T17:47:46,83.272957,-61.024406,nan
2024-06-07T17:47:45,83.272980,-61.024132,nan
2024-06-07T17:47:45,83.273003,-61.023857,nan
2024-06-07T17:47:44,83.273018,-61.023586,nan
2024-06-07T17:47:44,83.273041,-61.023312,nan
2024-06-07T17:47:43,83.273064,-61.023033,nan
2024-06-07T17:47:43,83.273079,-61.022758,nan
2024-06-07T17:47:42,83.273102,-61.022480,nan
2024-06-07T17:47:42,83.273117,-61.022205,nan
2024-06-07T17:47:41,83.273140,-61.021931,nan
2024-06-07T17:47:41,83.273155,-61.021660,nan
2024-06-07T17:47:40,83.273170,-61.021381,nan
2024-06-07T17:47:40,83.273193,-61.021103,nan
2024-06-07T17:47:39,83.273209,-61.020821,nan
2024-06-07T17:47:39,83.273224,-61.020538,nan
2024-06-07T17:47:38,83.273239,-61.020256,nan
2024-06-07T17:47:38,83.273254,-61.019974,nan
2024-06-07T17:47:37,83.273277,-61.019695,nan
2024-06-07T17:47:36,83.273308,-61.019142,nan
2024-06-07T17:47:36,83.273323,-61.018867,nan
2024-06-07T17:47:35,83.273346,-61.018597,nan
2024-06-07T17:47:35,83.273361,-61.018326,nan
2024-06-07T17:47:34,83.273376,-61.018059,nan
2024-06-07T17:47:33,83.273422,-61.017254,nan
2024-06-07T17:47:32,83.273438,-61.016983,nan
2024-06-07T17:47:32,83.273460,-61.016712,nan
2024-06-07T17:47:31,83.273476,-61.016438,nan
2024-06-07T17:47:31,83.273491,-61.016171,nan
2024-06-07T17:47:30,83.273506,-61.015900,nan
2024-06-07T17:47:30,83.273521,-61.015629,nan
2024-06-07T17:47:29,83.273544,-61.015358,nan
2024-06-07T17:47:29,83.273560,-61.015091,nan
2024-06-07T17:47:28,83.273575,-61.014820,nan
2024-06-07T17:47:28,83.273598,-61.014553,nan
2024-06-07T17:47:27,83.273613,-61.014282,nan
2024-06-07T17:47:27,83.273628,-61.014011,nan
2024-06-07T17:47:26,83.273643,-61.013741,nan
2024-06-07T17:47:26,83.273666,-61.013474,nan
2024-06-07T17:47:25,83.273682,-61.013203,nan
2024-06-07T17:47:25,83.273705,-61.012936,nan
2024-06-07T17:47:24,83.273720,-61.012665,nan
2024-06-07T17:47:24,83.273735,-61.012394,nan
2024-06-07T17:47:23,83.273758,-61.012119,nan
2024-06-07T17:47:22,83.273788,-61.011578,nan
2024-06-07T17:47:22,83.273811,-61.011303,nan
2024-06-07T17:47:21,83.273827,-61.011032,nan
2024-06-07T17:47:21,83.273842,-61.010757,nan
2024-06-07T17:47:20,83.273857,-61.010490,nan
2024-06-07T17:47:20,83.273880,-61.010220,nan
2024-06-07T17:47:19,83.273895,-61.009953,nan
2024-06-07T17:47:19,83.273911,-61.009682,nan
2024-06-07T17:47:18,83.273926,-61.009415,nan
2024-06-07T17:47:18,83.273941,-61.009148,nan
2024-06-07T17:47:17,83.273964,-61.008881,nan
2024-06-07T17:47:17,83.273979,-61.008614,nan
2024-06-07T17:47:16,83.273994,-61.008350,nan
2024-06-07T17:47:16,83.274010,-61.008083,nan
2024-06-07T17:47:15,83.274025,-61.007820,nan
2024-06-07T17:47:15,83.274040,-61.007561,nan
2024-06-07T17:47:14,83.274063,-61.007298,nan
2024-06-07T17:47:14,83.274078,-61.007034,nan
2024-06-07T17:47:13,83.274094,-61.006771,nan
2024-06-07T17:47:13,83.274109,-61.006508,nan
2024-06-07T17:47:12,83.274124,-61.006245,nan
2024-06-07T17:47:12,83.274139,-61.005981,nan
2024-06-07T17:47:11,83.274162,-61.005718,nan
2024-06-07T17:47:11,83.274178,-61.005455,nan
2024-06-07T17:47:10,83.274193,-61.005192,nan
2024-06-07T17:47:10,83.274208,-61.004929,nan
2024-06-07T17:47:09,83.274223,-61.004662,nan
2024-06-07T17:47:09,83.274239,-61.004398,nan
2024-06-07T17:47:08,83.274254,-61.004135,nan
2024-06-07T17:47:08,83.274269,-61.003868,nan
2024-06-07T17:47:07,83.274284,-61.003605,nan
2024-06-07T17:47:07,83.274300,-61.003345,nan
2024-06-07T17:47:06,83.274307,-61.003082,nan
2024-06-07T17:47:06,83.274323,-61.002823,nan
2024-06-07T17:47:05,83.274338,-61.002563,nan
2024-06-07T17:47:05,83.274345,-61.002304,nan
2024-06-07T17:47:04,83.274361,-61.002041,nan
2024-06-07T17:47:04,83.274376,-61.001778,nan
2024-06-07T17:47:03,83.274384,-61.001514,nan
2024-06-07T17:47:03,83.274399,-61.001251,nan
2024-06-07T17:47:02,83.274414,-61.000992,nan
2024-06-07T17:47:02,83.274422,-61.000736,nan
2024-06-07T17:47:01,83.274437,-61.000481,nan
2024-06-07T17:47:00,83.274452,-60.999977,nan
2024-06-07T17:47:00,83.274467,-60.999729,nan
2024-06-07T17:46:59,83.274483,-60.999481,nan
2024-06-07T17:46:59,83.274490,-60.999233,nan
2024-06-07T17:46:58,83.274506,-60.998985,nan
2024-06-07T17:46:58,83.274513,-60.998737,nan
2024-06-07T17:46:57,83.274529,-60.998493,nan
2024-06-07T17:46:57,83.274536,-60.998253,nan
2024-06-07T17:46:56,83.274551,-60.998005,nan
2024-06-07T17:46:56,83.274567,-60.997765,nan
2024-06-07T17:46:55,83.274574,-60.997528,nan
2024-06-07T17:46:55,83.274590,-60.997288,nan
2024-06-07T17:46:54,83.274597,-60.997055,nan
2024-06-07T17:46:54,83.274612,-60.996822,nan
2024-06-07T17:46:53,83.274628,-60.996593,nan
2024-06-07T17:46:53,83.274635,-60.996365,nan
2024-06-07T17:46:52,83.274651,-60.996136,nan
2024-06-07T17:46:52,83.274666,-60.995907,nan
2024-06-07T17:46:51,83.274673,-60.995678,nan
2024-06-07T17:46:51,83.274689,-60.995453,nan
2024-06-07T17:46:50,83.274704,-60.995224,nan
2024-06-07T17:46:50,83.274712,-60.994999,nan
2024-06-07T17:46:49,83.274727,-60.994770,nan
2024-06-07T17:46:49,83.274742,-60.994545,nan
2024-06-07T17:46:48,83.274750,-60.994320,nan
2024-06-07T17:46:48,83.274765,-60.994095,nan
2024-06-07T17:46:47,83.274780,-60.993870,nan
2024-06-07T17:46:47,83.274796,-60.993641,nan
2024-06-07T17:46:46,83.274803,-60.993416,nan
2024-06-07T17:46:46,83.274818,-60.993195,nan
2024-06-07T17:46:45,83.274834,-60.992973,nan
2024-06-07T17:46:45,83.274849,-60.992756,nan
2024-06-07T17:46:44,83.274864,-60.992538,nan
2024-06-07T17:46:44,83.274872,-60.992325,nan
2024-06-07T17:46:43,83.274887,-60.992111,nan
2024-06-07T17:46:43,83.274902,-60.991901,nan
2024-06-07T17:46:42,83.274918,-60.991695,nan
2024-06-07T17:46:42,83.274925,-60.991489,nan
2024-06-07T17:46:41,83.274940,-60.991283,nan
2024-06-07T17:46:41,83.274956,-60.991081,nan
2024-06-07T17:46:40,83.274963,-60.990883,nan
2024-06-07T17:46:40,83.274979,-60.990681,nan
2024-06-07T17:46:39,83.274994,-60.990479,nan
2024-06-07T17:46:39,83.275002,-60.990280,nan
2024-06-07T17:46:38,83.275017,-60.990082,nan
2024-06-07T17:46:38,83.275024,-60.989883,nan
2024-06-07T17:46:37,83.275040,-60.989689,nan
2024-06-07T17:46:37,83.275047,-60.989494,nan
2024-06-07T17:46:36,83.275055,-60.989304,nan
2024-06-07T17:46:36,83.275063,-60.989109,nan
2024-06-07T17:46:35,83.275078,-60.988911,nan
2024-06-07T17:46:35,83.275085,-60.988708,nan
2024-06-07T17:46:34,83.275093,-60.988506,nan
2024-06-07T17:46:34,83.275101,-60.988300,nan
2024-06-07T17:46:33,83.275108,-60.988091,nan
2024-06-07T17:46:33,83.275116,-60.987885,nan
2024-06-07T17:46:32,83.275124,-60.987679,nan
2024-06-07T17:46:32,83.275131,-60.987469,nan
2024-06-07T17:46:31,83.275139,-60.987263,nan
2024-06-07T17:46:31,83.275146,-60.987057,nan
2024-06-07T17:46:30,83.275154,-60.986851,nan
2024-06-07T17:46:30,83.275162,-60.986645,nan
2024-06-07T17:46:29,83.275169,-60.986439,nan
2024-06-07T17:46:29,83.275177,-60.986233,nan
2024-06-07T17:46:28,83.275185,-60.986031,nan
2024-06-07T17:46:28,83.275192,-60.985825,nan
2024-06-07T17:46:27,83.275200,-60.985619,nan
2024-06-07T17:46:27,83.275208,-60.985416,nan
2024-06-07T17:46:26,83.275215,-60.985210,nan
2024-06-07T17:46:26,83.275223,-60.985004,nan
2024-06-07T17:46:25,83.275230,-60.984802,nan
2024-06-07T17:46:25,83.275238,-60.984596,nan
2024-06-07T17:46:24,83.275246,-60.984390,nan
2024-06-07T17:46:24,83.275253,-60.984180,nan
2024-06-07T17:46:23,83.275261,-60.983971,nan
2024-06-07T17:46:23,83.275269,-60.983757,nan
2024-06-07T17:46:22,83.275276,-60.983543,nan
2024-06-07T17:46:22,83.275284,-60.983322,nan
2024-06-07T17:46:21,83.275291,-60.983105,nan
2024-06-07T17:46:21,83.275299,-60.982883,nan
2024-06-07T17:46:20,83.275307,-60.982666,nan
2024-06-07T17:46:20,83.275314,-60.982449,nan
2024-06-07T17:46:19,83.275322,-60.982231,nan
2024-06-07T17:46:19,83.275322,-60.982010,nan
2024-06-07T17:46:18,83.275330,-60.981792,nan
2024-06-07T17:46:18,83.275337,-60.981575,nan
2024-06-07T17:46:17,83.275337,-60.981358,nan
2024-06-07T17:46:17,83.275345,-60.981144,nan
2024-06-07T17:46:16,83.275352,-60.980930,nan
2024-06-07T17:46:15,83.275360,-60.980511,nan
2024-06-07T17:46:15,83.275368,-60.980305,nan
2024-06-07T17:46:14,83.275368,-60.980099,nan
2024-06-07T17:46:14,83.275368,-60.979897,nan
2024-06-07T17:46:13,83.275375,-60.979694,nan
2024-06-07T17:46:13,83.275375,-60.979496,nan
2024-06-07T17:46:12,83.275375,-60.979301,nan
2024-06-07T17:46:12,83.275383,-60.979107,nan
2024-06-07T17:46:11,83.275383,-60.978912,nan
2024-06-07T17:46:11,83.275383,-60.978722,nan
2024-06-07T17:46:10,83.275391,-60.978531,nan
2024-06-07T17:46:10,83.275391,-60.978340,nan
2024-06-07T17:46:09,83.275398,-60.978149,nan
2024-06-07T17:46:09,83.275398,-60.977959,nan
2024-06-07T17:46:08,83.275406,-60.977776,nan
2024-06-07T17:46:07,83.275414,-60.977409,nan
2024-06-07T17:46:07,83.275421,-60.977230,nan
2024-06-07T17:46:06,83.275429,-60.977047,nan
2024-06-07T17:46:06,83.275436,-60.976864,nan
2024-06-07T17:46:05,83.275444,-60.976677,nan
2024-06-07T17:46:05,83.275452,-60.976486,nan
2024-06-07T17:46:04,83.275459,-60.976295,nan
2024-06-07T17:46:04,83.275459,-60.976097,nan
2024-06-07T17:46:03,83.275475,-60.975903,nan
2024-06-07T17:46:03,83.275475,-60.975704,nan
2024-06-07T17:46:02,83.275482,-60.975506,nan
2024-06-07T17:46:02,83.275490,-60.975307,nan
2024-06-07T17:46:01,83.275497,-60.975109,nan
2024-06-07T17:46:01,83.275505,-60.974911,nan
2024-06-07T17:46:00,83.275505,-60.974720,nan
2024-06-07T17:45:59,83.275520,-60.974339,nan
2024-06-07T17:45:59,83.275520,-60.974155,nan
2024-06-07T17:45:58,83.275520,-60.973976,nan
2024-06-07T17:45:58,83.275520,-60.973797,nan
2024-06-07T17:45:57,83.275528,-60.973621,nan
2024-06-07T17:45:57,83.275528,-60.973446,nan
2024-06-07T17:45:56,83.275528,-60.973274,nan
2024-06-07T17:45:56,83.275528,-60.973106,nan
2024-06-07T17:45:55,83.275528,-60.972942,nan
2024-06-07T17:45:55,83.275528,-60.972782,nan
2024-06-07T17:45:54,83.275528,-60.972626,nan
2024-06-07T17:45:54,83.275536,-60.972473,nan
2024-06-07T17:45:53,83.275536,-60.972328,nan
2024-06-07T17:45:53,83.275536,-60.972183,nan
2024-06-07T17:45:52,83.275536,-60.972038,nan
2024-06-07T17:45:52,83.275536,-60.971893,nan
2024-06-07T17:45:51,83.275543,-60.971752,nan
2024-06-07T17:45:51,83.275543,-60.971607,nan
2024-06-07T17:45:50,83.275543,-60.971462,nan
2024-06-07T17:45:50,83.275543,-60.971317,nan
2024-06-07T17:45:49,83.275551,-60.971172,nan
2024-06-07T17:45:49,83.275551,-60.971020,nan
2024-06-07T17:45:48,83.275551,-60.970871,nan
2024-06-07T17:45:48,83.275558,-60.970718,nan
2024-06-07T17:45:47,83.275558,-60.970570,nan
2024-06-07T17:45:47,83.275566,-60.970417,nan
2024-06-07T17:45:46,83.275566,-60.970268,nan
2024-06-07T17:45:46,83.275574,-60.970119,nan
2024-06-07T17:45:45,83.275574,-60.969975,nan
2024-06-07T17:45:45,83.275581,-60.969830,nan
2024-06-07T17:45:44,83.275581,-60.969685,nan
2024-06-07T17:45:44,83.275581,-60.969540,nan
2024-06-07T17:45:43,83.275589,-60.969395,nan
2024-06-07T17:45:43,83.275589,-60.969254,nan
2024-06-07T17:45:42,83.275597,-60.969112,nan
2024-06-07T17:45:42,83.275597,-60.968975,nan
2024-06-07T17:45:41,83.275604,-60.968842,nan
2024-06-07T17:45:41,83.275604,-60.968704,nan
2024-06-07T17:45:40,83.275612,-60.968571,nan
2024-06-07T17:45:40,83.275612,-60.968437,nan
2024-06-07T17:45:39,83.275620,-60.968307,nan
2024-06-07T17:45:39,83.275620,-60.968174,nan
2024-06-07T17:45:38,83.275620,-60.968044,nan
2024-06-07T17:45:38,83.275627,-60.967911,nan
2024-06-07T17:45:37,83.275635,-60.967781,nan
2024-06-07T17:45:37,83.275635,-60.967655,nan
2024-06-07T17:45:36,83.275642,-60.967529,nan
2024-06-07T17:45:36,83.275642,-60.967400,nan
2024-06-07T17:45:35,83.275650,-60.967274,nan
2024-06-07T17:45:35,83.275650,-60.967152,nan
2024-06-07T17:45:34,83.275658,-60.967026,nan
2024-06-07T17:45:34,83.275658,-60.966904,nan
2024-06-07T17:45:33,83.275665,-60.966782,nan
2024-06-07T17:45:33,83.275665,-60.966656,nan
2024-06-07T17:45:32,83.275665,-60.966534,nan
2024-06-07T17:45:32,83.275665,-60.966408,nan
2024-06-07T17:45:31,83.275673,-60.966278,nan
2024-06-07T17:45:31,83.275673,-60.966148,nan
2024-06-07T17:45:30,83.275673,-60.966019,nan
2024-06-07T17:45:30,83.275673,-60.965893,nan
2024-06-07T17:45:29,83.275673,-60.965759,nan
2024-06-07T17:45:29,83.275673,-60.965633,nan
2024-06-07T17:45:28,83.275673,-60.965500,nan
2024-06-07T17:45:28,83.275665,-60.965370,nan
2024-06-07T17:45:27,83.275665,-60.965240,nan
2024-06-07T17:45:27,83.275665,-60.965107,nan
2024-06-07T17:45:26,83.275665,-60.964973,nan
2024-06-07T17:45:26,83.275665,-60.964836,nan
2024-06-07T17:45:25,83.275658,-60.964703,nan
2024-06-07T17:45:25,83.275658,-60.964569,nan
2024-06-07T17:45:24,83.275658,-60.964439,nan
2024-06-07T17:45:24,83.275650,-60.964314,nan
2024-06-07T17:45:23,83.275650,-60.964195,nan
2024-06-07T17:45:23,83.275642,-60.964081,nan
2024-06-07T17:45:22,83.275642,-60.963970,nan
2024-06-07T17:45:22,83.275635,-60.963867,nan
2024-06-07T17:45:21,83.275635,-60.963768,nan
2024-06-07T17:45:21,83.275627,-60.963673,nan
2024-06-07T17:45:20,83.275627,-60.963577,nan
2024-06-07T17:45:20,83.275620,-60.963486,nan
2024-06-07T17:45:19,83.275612,-60.963394,nan
2024-06-07T17:45:19,83.275612,-60.963303,nan
2024-06-07T17:45:18,83.275604,-60.963215,nan
2024-06-07T17:45:18,83.275604,-60.963127,nan
2024-06-07T17:45:17,83.275597,-60.963043,nan
2024-06-07T17:45:17,83.275589,-60.962959,nan
2024-06-07T17:45:16,83.275581,-60.962872,nan
2024-06-07T17:45:16,83.275574,-60.962791,nan
2024-06-07T17:45:15,83.275574,-60.962711,nan
2024-06-07T17:45:15,83.275558,-60.962635,nan
2024-06-07T17:45:14,83.275551,-60.962563,nan
2024-06-07T17:45:14,83.275543,-60.962490,nan
2024-06-07T17:45:13,83.275536,-60.962421,nan
2024-06-07T17:45:13,83.275528,-60.962349,nan
2024-06-07T17:45:12,83.275520,-60.962280,nan
2024-06-07T17:45:12,83.275513,-60.962215,nan
2024-06-07T17:45:11,83.275497,-60.962147,nan
2024-06-07T17:45:11,83.275490,-60.962082,nan
2024-06-07T17:45:10,83.275482,-60.962017,nan
2024-06-07T17:45:10,83.275475,-60.961952,nan
2024-06-07T17:45:09,83.275467,-60.961887,nan
2024-06-07T17:45:09,83.275459,-60.961819,nan
2024-06-07T17:45:08,83.275452,-60.961754,nan
2024-06-07T17:45:08,83.275444,-60.961689,nan
2024-06-07T17:45:07,83.275436,-60.961624,nan
2024-06-07T17:45:07,83.275429,-60.961559,nan
2024-06-07T17:45:06,83.275421,-60.961498,nan
2024-06-07T17:45:06,83.275414,-60.961433,nan
2024-06-07T17:45:05,83.275406,-60.961372,nan
2024-06-07T17:45:05,83.275398,-60.961311,nan
2024-06-07T17:45:04,83.275391,-60.961246,nan
2024-06-07T17:45:04,83.275391,-60.961185,nan
2024-06-07T17:45:03,83.275383,-60.961121,nan
2024-06-07T17:45:03,83.275375,-60.961060,nan
2024-06-07T17:45:02,83.275368,-60.960995,nan
2024-06-07T17:45:02,83.275368,-60.960934,nan
2024-06-07T17:45:01,83.275360,-60.960873,nan
2024-06-07T17:45:01,83.275360,-60.960808,nan
2024-06-07T17:45:00,83.275352,-60.960751,nan
2024-06-07T17:45:00,83.275352,-60.960693,nan
2024-06-07T17:44:59,83.275345,-60.960632,nan
2024-06-07T17:44:59,83.275345,-60.960583,nan
2024-06-07T17:44:58,83.275345,-60.960533,nan
2024-06-07T17:44:58,83.275337,-60.960484,nan
2024-06-07T17:44:57,83.275337,-60.960434,nan
2024-06-07T17:44:57,83.275337,-60.960388,nan
2024-06-07T17:44:56,83.275337,-60.960342,nan
2024-06-07T17:44:56,83.275330,-60.960300,nan
2024-06-07T17:44:55,83.275330,-60.960255,nan
2024-06-07T17:44:55,83.275330,-60.960213,nan
2024-06-07T17:44:54,83.275330,-60.960167,nan
2024-06-07T17:44:54,83.275330,-60.960125,nan
2024-06-07T17:44:53,83.275322,-60.960079,nan
2024-06-07T17:44:53,83.275322,-60.960033,nan
2024-06-07T17:44:52,83.275322,-60.959988,nan
2024-06-07T17:44:52,83.275314,-60.959938,nan
2024-06-07T17:44:51,83.275314,-60.959892,nan
2024-06-07T17:44:51,83.275314,-60.959843,nan
2024-06-07T17:44:50,83.275307,-60.959797,nan
2024-06-07T17:44:50,83.275307,-60.959743,nan
2024-06-07T17:44:49,83.275299,-60.959698,nan
2024-06-07T17:44:49,83.275299,-60.959648,nan
2024-06-07T17:44:48,83.275299,-60.959602,nan
2024-06-07T17:44:48,83.275291,-60.959557,nan
2024-06-07T17:44:47,83.275291,-60.959511,nan
2024-06-07T17:44:47,83.275284,-60.959465,nan
2024-06-07T17:44:46,83.275284,-60.959419,nan
2024-06-07T17:44:46,83.275284,-60.959373,nan
2024-06-07T17:44:45,83.275276,-60.959328,nan
2024-06-07T17:44:45,83.275276,-60.959282,nan
2024-06-07T17:44:44,83.275269,-60.959236,nan
2024-06-07T17:44:44,83.275269,-60.959194,nan
2024-06-07T17:44:43,83.275261,-60.959152,nan
2024-06-07T17:44:43,83.275261,-60.959110,nan
2024-06-07T17:44:42,83.275253,-60.959072,nan
2024-06-07T17:44:42,83.275253,-60.959034,nan
2024-06-07T17:44:41,83.275246,-60.958996,nan
2024-06-07T17:44:41,83.275246,-60.958961,nan
2024-06-07T17:44:40,83.275238,-60.958927,nan
2024-06-07T17:44:40,83.275238,-60.958897,nan
2024-06-07T17:44:39,83.275230,-60.958866,nan
2024-06-07T17:44:39,83.275230,-60.958839,nan
2024-06-07T17:44:38,83.275223,-60.958813,nan
2024-06-07T17:44:38,83.275223,-60.958782,nan
2024-06-07T17:44:37,83.275223,-60.958755,nan
2024-06-07T17:44:37,83.275215,-60.958729,nan
2024-06-07T17:44:36,83.275215,-60.958702,nan
2024-06-07T17:44:36,83.275208,-60.958675,nan
2024-06-07T17:44:35,83.275208,-60.958649,nan
2024-06-07T17:44:35,83.275200,-60.958622,nan
2024-06-07T17:44:34,83.275200,-60.958595,nan
2024-06-07T17:44:34,83.275192,-60.958569,nan
2024-06-07T17:44:33,83.275192,-60.958542,nan
2024-06-07T17:44:33,83.275185,-60.958511,nan
2024-06-07T17:44:32,83.275177,-60.958485,nan
2024-06-07T17:44:32,83.275177,-60.958458,nan
2024-06-07T17:44:31,83.275169,-60.958431,nan
2024-06-07T17:44:31,83.275162,-60.958401,nan
2024-06-07T17:44:30,83.275162,-60.958370,nan
2024-06-07T17:44:30,83.275154,-60.958344,nan
2024-06-07T17:44:29,83.275146,-60.958317,nan
2024-06-07T17:44:29,83.275139,-60.958294,nan
2024-06-07T17:44:28,83.275131,-60.958263,nan
2024-06-07T17:44:28,83.275124,-60.958241,nan
2024-06-07T17:44:27,83.275124,-60.958218,nan
2024-06-07T17:44:27,83.275116,-60.958187,nan
2024-06-07T17:44:26,83.275108,-60.958164,nan
2024-06-07T17:44:26,83.275101,-60.958134,nan
2024-06-07T17:44:25,83.275093,-60.958107,nan
2024-06-07T17:44:25,83.275085,-60.958080,nan
2024-06-07T17:44:24,83.275085,-60.958054,nan
2024-06-07T17:44:24,83.275078,-60.958027,nan
2024-06-07T17:44:23,83.275070,-60.958000,nan
2024-06-07T17:44:23,83.275063,-60.957977,nan
2024-06-07T17:44:22,83.275055,-60.957954,nan
2024-06-07T17:44:22,83.275047,-60.957924,nan
2024-06-07T17:44:21,83.275047,-60.957897,nan
2024-06-07T17:44:21,83.275040,-60.957867,nan
2024-06-07T17:44:20,83.275032,-60.957840,nan
2024-06-07T17:44:20,83.275024,-60.957809,nan
2024-06-07T17:44:19,83.275017,-60.957783,nan
2024-06-07T17:44:19,83.275009,-60.957752,nan
2024-06-07T17:44:18,83.275002,-60.957726,nan
2024-06-07T17:44:18,83.274994,-60.957699,nan
2024-06-07T17:44:17,83.274986,-60.957668,nan
2024-06-07T17:44:17,83.274979,-60.957642,nan
2024-06-07T17:44:16,83.274971,-60.957615,nan
2024-06-07T17:44:16,83.274956,-60.957584,nan
2024-06-07T17:44:15,83.274948,-60.957558,nan
2024-06-07T17:44:15,83.274940,-60.957527,nan
2024-06-07T17:44:14,83.274925,-60.957497,nan
2024-06-07T17:44:14,83.274918,-60.957466,nan
2024-06-07T17:44:13,83.274910,-60.957436,nan
2024-06-07T17:44:13,83.274895,-60.957401,nan
2024-06-07T17:44:12,83.274887,-60.957371,nan
2024-06-07T17:44:12,83.274872,-60.957336,nan
2024-06-07T17:44:11,83.274864,-60.957298,nan
2024-06-07T17:44:10,83.274834,-60.957211,nan
2024-06-07T17:44:10,83.274826,-60.957165,nan
2024-06-07T17:44:09,83.274811,-60.957111,nan
2024-06-07T17:44:09,83.274796,-60.957058,nan
2024-06-07T17:44:08,83.274780,-60.957008,nan
2024-06-07T17:44:08,83.274765,-60.956959,nan
2024-06-07T17:44:07,83.274757,-60.956902,nan
2024-06-07T17:44:07,83.274742,-60.956852,nan
2024-06-07T17:44:06,83.274727,-60.956799,nan
2024-06-07T17:44:06,83.274712,-60.956749,nan
2024-06-07T17:44:05,83.274696,-60.956699,nan
2024-06-07T17:44:05,83.274689,-60.956642,nan
2024-06-07T17:44:04,83.274673,-60.956596,nan
2024-06-07T17:44:04,83.274658,-60.956543,nan
2024-06-07T17:44:03,83.274643,-60.956493,nan
2024-06-07T17:44:03,83.274628,-60.956448,nan
2024-06-07T17:44:02,83.274612,-60.956402,nan
2024-06-07T17:44:02,83.274597,-60.956356,nan
2024-06-07T17:44:01,83.274582,-60.956318,nan
2024-06-07T17:44:01,83.274567,-60.956280,nan
2024-06-07T17:44:00,83.274551,-60.956242,nan
2024-06-07T17:44:00,83.274544,-60.956211,nan
2024-06-07T17:43:59,83.274529,-60.956181,nan
2024-06-07T17:43:59,83.274513,-60.956154,nan
2024-06-07T17:43:58,83.274498,-60.956127,nan
2024-06-07T17:43:58,83.274483,-60.956108,nan
2024-06-07T17:43:57,83.274467,-60.956089,nan
2024-06-07T17:43:57,83.274452,-60.956074,nan
2024-06-07T17:43:56,83.274437,-60.956062,nan
2024-06-07T17:43:56,83.274422,-60.956055,nan
2024-06-07T17:43:55,83.274406,-60.956043,nan
2024-06-07T17:43:55,83.274391,-60.956032,nan
2024-06-07T17:43:54,83.274376,-60.956020,nan
2024-06-07T17:43:54,83.274361,-60.956005,nan
2024-06-07T17:43:53,83.274345,-60.955986,nan
2024-06-07T17:43:53,83.274323,-60.955967,nan
2024-06-07T17:43:52,83.274307,-60.955948,nan
2024-06-07T17:43:52,83.274284,-60.955933,nan
2024-06-07T17:43:51,83.274261,-60.955917,nan
2024-06-07T17:43:51,83.274246,-60.955910,nan
2024-06-07T17:43:50,83.274223,-60.955906,nan
2024-06-07T17:43:50,83.274200,-60.955906,nan
2024-06-07T17:43:49,83.274185,-60.955917,nan
2024-06-07T17:43:49,83.274162,-60.955929,nan
2024-06-07T17:43:48,83.274139,-60.955940,nan
2024-06-07T17:43:48,83.274124,-60.955956,nan
2024-06-07T17:43:47,83.274101,-60.955975,nan
2024-06-07T17:43:47,83.274078,-60.955994,nan
2024-06-07T17:43:46,83.274055,-60.956017,nan
2024-06-07T17:43:46,83.274033,-60.956039,nan
2024-06-07T17:43:45,83.274010,-60.956059,nan
2024-06-07T17:43:45,83.273987,-60.956085,nan
2024-06-07T17:43:44,83.273964,-60.956112,nan
2024-06-07T17:43:44,83.273941,-60.956142,nan
2024-06-07T17:43:43,83.273918,-60.956173,nan
2024-06-07T17:43:43,83.273895,-60.956203,nan
2024-06-07T17:43:42,83.273872,-60.956238,nan
2024-06-07T17:43:42,83.273849,-60.956272,nan
2024-06-07T17:43:41,83.273834,-60.956310,nan
2024-06-07T17:43:41,83.273811,-60.956345,nan
2024-06-07T17:43:40,83.273788,-60.956379,nan
2024-06-07T17:43:40,83.273766,-60.956413,nan
2024-06-07T17:43:39,83.273750,-60.956455,nan
2024-06-07T17:43:39,83.273727,-60.956493,nan
2024-06-07T17:43:38,83.273712,-60.956535,nan
2024-06-07T17:43:38,83.273689,-60.956581,nan
2024-06-07T17:43:37,83.273674,-60.956627,nan
2024-06-07T17:43:37,83.273659,-60.956676,nan
2024-06-07T17:43:36,83.273636,-60.956722,nan
2024-06-07T17:43:36,83.273621,-60.956779,nan
2024-06-07T17:43:35,83.273605,-60.956837,nan
2024-06-07T17:43:35,83.273582,-60.956898,nan
2024-06-07T17:43:34,83.273567,-60.956959,nan
2024-06-07T17:43:34,83.273552,-60.957020,nan
2024-06-07T17:43:33,83.273537,-60.957081,nan
2024-06-07T17:43:33,83.273514,-60.957142,nan
2024-06-07T17:43:32,83.273499,-60.957199,nan
2024-06-07T17:43:32,83.273483,-60.957260,nan
2024-06-07T17:43:31,83.273460,-60.957317,nan
2024-06-07T17:43:31,83.273445,-60.957378,nan
2024-06-07T17:43:30,83.273422,-60.957436,nan
2024-06-07T17:43:30,83.273407,-60.957493,nan
2024-06-07T17:43:29,83.273384,-60.957554,nan
2024-06-07T17:43:29,83.273361,-60.957611,nan
2024-06-07T17:43:28,83.273346,-60.957676,nan
2024-06-07T17:43:28,83.273323,-60.957741,nan
2024-06-07T17:43:27,83.273308,-60.957806,nan
2024-06-07T17:43:27,83.273285,-60.957870,nan
2024-06-07T17:43:26,83.273270,-60.957939,nan
2024-06-07T17:43:26,83.273247,-60.958012,nan
2024-06-07T17:43:25,83.273224,-60.958084,nan
2024-06-07T17:43:25,83.273209,-60.958160,nan
2024-06-07T17:43:24,83.273186,-60.958237,nan
2024-06-07T17:43:24,83.273163,-60.958321,nan
2024-06-07T17:43:23,83.273140,-60.958405,nan
2024-06-07T17:43:23,83.273125,-60.958488,nan
2024-06-07T17:43:22,83.273102,-60.958576,nan
2024-06-07T17:43:22,83.273079,-60.958668,nan
2024-06-07T17:43:21,83.273056,-60.958759,nan
2024-06-07T17:43:21,83.273041,-60.958851,nan
2024-06-07T17:43:20,83.273018,-60.958942,nan
2024-06-07T17:43:20,83.272995,-60.959030,nan
2024-06-07T17:43:19,83.272980,-60.959122,nan
2024-06-07T17:43:19,83.272957,-60.959209,nan
2024-06-07T17:43:18,83.272942,-60.959293,nan
2024-06-07T17:43:18,83.272919,-60.959377,nan
2024-06-07T17:43:17,83.272903,-60.959457,nan
2024-06-07T17:43:17,83.272881,-60.959538,nan
2024-06-07T17:43:16,83.272865,-60.959614,nan
2024-06-07T17:43:16,83.272842,-60.959686,nan
2024-06-07T17:43:15,83.272827,-60.959763,nan
2024-06-07T17:43:15,83.272812,-60.959839,nan
2024-06-07T17:43:14,83.272789,-60.959911,nan
2024-06-07T17:43:14,83.272774,-60.959984,nan
2024-06-07T17:43:13,83.272751,-60.960052,nan
2024-06-07T17:43:13,83.272736,-60.960125,nan
2024-06-07T17:43:12,83.272713,-60.960197,nan
2024-06-07T17:43:12,83.272697,-60.960274,nan
2024-06-07T17:43:11,83.272675,-60.960354,nan
2024-06-07T17:43:11,83.272652,-60.960434,nan
2024-06-07T17:43:10,83.272636,-60.960518,nan
2024-06-07T17:43:10,83.272614,-60.960606,nan
2024-06-07T17:43:09,83.272591,-60.960697,nan
2024-06-07T17:43:09,83.272568,-60.960796,nan
2024-06-07T17:43:08,83.272545,-60.960892,nan
2024-06-07T17:43:08,83.272522,-60.960991,nan
2024-06-07T17:43:07,83.272507,-60.961090,nan
2024-06-07T17:43:07,83.272484,-60.961185,nan
2024-06-07T17:43:06,83.272461,-60.961277,nan
2024-06-07T17:43:06,83.272438,-60.961372,nan
2024-06-07T17:43:05,83.272423,-60.961468,nan
2024-06-07T17:43:05,83.272400,-60.961559,nan
2024-06-07T17:43:04,83.272377,-60.961651,nan
2024-06-07T17:43:04,83.272362,-60.961739,nan
2024-06-07T17:43:03,83.272339,-60.961830,nan
2024-06-07T17:43:03,83.272324,-60.961918,nan
2024-06-07T17:43:02,83.272301,-60.962006,nan
2024-06-07T17:43:02,83.272285,-60.962097,nan
2024-06-07T17:43:01,83.272263,-60.962193,nan
2024-06-07T17:43:01,83.272247,-60.962288,nan
2024-06-07T17:43:00,83.272224,-60.962379,nan
2024-06-07T17:43:00,83.272209,-60.962482,nan
2024-06-07T17:42:59,83.272186,-60.962582,nan
2024-06-07T17:42:59,83.272171,-60.962688,nan
2024-06-07T17:42:58,83.272148,-60.962791,nan
2024-06-07T17:42:58,83.272125,-60.962898,nan
2024-06-07T17:42:57,83.272110,-60.963009,nan
2024-06-07T17:42:57,83.272087,-60.963120,nan
2024-06-07T17:42:56,83.272064,-60.963234,nan
2024-06-07T17:42:56,83.272041,-60.963348,nan
2024-06-07T17:42:55,83.272026,-60.963470,nan
2024-06-07T17:42:55,83.272003,-60.963593,nan
2024-06-07T17:42:54,83.271980,-60.963718,nan
2024-06-07T17:42:54,83.271957,-60.963844,nan
2024-06-07T17:42:53,83.271935,-60.963970,nan
2024-06-07T17:42:53,83.271904,-60.964100,nan
2024-06-07T17:42:52,83.271881,-60.964226,nan
2024-06-07T17:42:52,83.271858,-60.964352,nan
2024-06-07T17:42:51,83.271828,-60.964481,nan
2024-06-07T17:42:51,83.271805,-60.964611,nan
2024-06-07T17:42:50,83.271774,-60.964741,nan
2024-06-07T17:42:50,83.271744,-60.964874,nan
2024-06-07T17:42:49,83.271721,-60.965008,nan
2024-06-07T17:42:49,83.271690,-60.965145,nan
2024-06-07T17:42:48,83.271660,-60.965286,nan
2024-06-07T17:42:48,83.271629,-60.965431,nan
2024-06-07T17:42:47,83.271606,-60.965584,nan
2024-06-07T17:42:47,83.271576,-60.965740,nan
2024-06-07T17:42:46,83.271545,-60.965900,nan
2024-06-07T17:42:46,83.271515,-60.966061,nan
2024-06-07T17:42:45,83.271484,-60.966221,nan
2024-06-07T17:42:45,83.271446,-60.966377,nan
2024-06-07T17:42:44,83.271416,-60.966541,nan
2024-06-07T17:42:44,83.271385,-60.966702,nan
2024-06-07T17:42:43,83.271347,-60.966866,nan
2024-06-07T17:42:43,83.271317,-60.967033,nan
2024-06-07T17:42:42,83.271278,-60.967205,nan
2024-06-07T17:42:42,83.271248,-60.967377,nan
2024-06-07T17:42:41,83.271210,-60.967548,nan
2024-06-07T17:42:41,83.271179,-60.967724,nan
2024-06-07T17:42:40,83.271141,-60.967903,nan
2024-06-07T17:42:40,83.271111,-60.968082,nan
2024-06-07T17:42:39,83.271072,-60.968266,nan
2024-06-07T17:42:39,83.271034,-60.968452,nan
2024-06-07T17:42:38,83.271004,-60.968636,nan
2024-06-07T17:42:38,83.270973,-60.968819,nan
2024-06-07T17:42:37,83.270935,-60.969002,nan
2024-06-07T17:42:37,83.270905,-60.969181,nan
2024-06-07T17:42:36,83.270866,-60.969357,nan
2024-06-07T17:42:36,83.270836,-60.969536,nan
2024-06-07T17:42:35,83.270798,-60.969711,nan
2024-06-07T17:42:35,83.270760,-60.969891,nan
2024-06-07T17:42:34,83.270729,-60.970070,nan
2024-06-07T17:42:34,83.270691,-60.970257,nan
2024-06-07T17:42:33,83.270660,-60.970448,nan
2024-06-07T17:42:33,83.270622,-60.970638,nan
2024-06-07T17:42:32,83.270584,-60.970840,nan
2024-06-07T17:42:32,83.270546,-60.971046,nan
2024-06-07T17:42:31,83.270508,-60.971256,nan
2024-06-07T17:42:31,83.270470,-60.971478,nan
2024-06-07T17:42:30,83.270424,-60.971699,nan
2024-06-07T17:42:30,83.270386,-60.971924,nan
2024-06-07T17:42:29,83.270348,-60.972157,nan
2024-06-07T17:42:29,83.270309,-60.972389,nan
2024-06-07T17:42:28,83.270264,-60.972633,nan
2024-06-07T17:42:28,83.270226,-60.972881,nan
2024-06-07T17:42:27,83.270187,-60.973133,nan
2024-06-07T17:42:27,83.270142,-60.973392,nan
2024-06-07T17:42:26,83.270103,-60.973656,nan
2024-06-07T17:42:26,83.270065,-60.973927,nan
2024-06-07T17:42:25,83.270027,-60.974201,nan
2024-06-07T17:42:25,83.269981,-60.974480,nan
2024-06-07T17:42:24,83.269943,-60.974762,nan
2024-06-07T17:42:24,83.269905,-60.975048,nan
2024-06-07T17:42:23,83.269867,-60.975338,nan
2024-06-07T17:42:23,83.269829,-60.975632,nan
2024-06-07T17:42:22,83.269791,-60.975925,nan
2024-06-07T17:42:22,83.269745,-60.976223,nan
2024-06-07T17:42:21,83.269707,-60.976524,nan
2024-06-07T17:42:21,83.269669,-60.976826,nan
2024-06-07T17:42:20,83.269630,-60.977127,nan
2024-06-07T17:42:20,83.269592,-60.977428,nan
2024-06-07T17:42:19,83.269554,-60.977734,nan
2024-06-07T17:42:19,83.269508,-60.978031,nan
2024-06-07T17:42:18,83.269470,-60.978333,nan
2024-06-07T17:42:18,83.269432,-60.978634,nan
2024-06-07T17:42:17,83.269394,-60.978935,nan
2024-06-07T17:42:17,83.269348,-60.979233,nan
2024-06-07T17:42:16,83.269310,-60.979530,nan
2024-06-07T17:42:16,83.269272,-60.979828,nan
2024-06-07T17:42:15,83.269234,-60.980129,nan
2024-06-07T17:42:15,83.269196,-60.980431,nan
2024-06-07T17:42:14,83.269150,-60.980728,nan
2024-06-07T17:42:14,83.269112,-60.981030,nan
2024-06-07T17:42:13,83.269073,-60.981335,nan
2024-06-07T17:42:13,83.269035,-60.981632,nan
2024-06-07T17:42:12,83.268997,-60.981934,nan
2024-06-07T17:42:12,83.268959,-60.982231,nan
2024-06-07T17:42:11,83.268913,-60.982536,nan
2024-06-07T17:42:11,83.268875,-60.982838,nan
2024-06-07T17:42:10,83.268837,-60.983139,nan
2024-06-07T17:42:10,83.268799,-60.983440,nan
2024-06-07T17:42:09,83.268753,-60.983742,nan
2024-06-07T17:42:09,83.268715,-60.984043,nan
2024-06-07T17:42:08,83.268677,-60.984348,nan
2024-06-07T17:42:08,83.268631,-60.984653,nan
2024-06-07T17:42:07,83.268593,-60.984962,nan
2024-06-07T17:42:07,83.268555,-60.985268,nan
2024-06-07T17:42:06,83.268509,-60.985573,nan
2024-06-07T17:42:06,83.268471,-60.985874,nan
2024-06-07T17:42:05,83.268433,-60.986179,nan
2024-06-07T17:42:05,83.268387,-60.986488,nan
2024-06-07T17:42:04,83.268349,-60.986794,nan
2024-06-07T17:42:04,83.268311,-60.987099,nan
2024-06-07T17:42:03,83.268265,-60.987404,nan
2024-06-07T17:42:03,83.268227,-60.987713,nan
2024-06-07T17:42:02,83.268181,-60.988022,nan
2024-06-07T17:42:02,83.268143,-60.988331,nan
2024-06-07T17:42:01,83.268105,-60.988640,nan
2024-06-07T17:42:01,83.268066,-60.988953,nan
2024-06-07T17:42:00,83.268021,-60.989262,nan
2024-06-07T17:42:00,83.267982,-60.989574,nan
2024-06-07T17:41:59,83.267937,-60.989887,nan
2024-06-07T17:41:59,83.267899,-60.990204,nan
2024-06-07T17:41:58,83.267860,-60.990517,nan
2024-06-07T17:41:58,83.267815,-60.990829,nan
2024-06-07T17:41:57,83.267776,-60.991142,nan
2024-06-07T17:41:57,83.267731,-60.991455,nan
2024-06-07T17:41:56,83.267693,-60.991772,nan
2024-06-07T17:41:56,83.267654,-60.992085,nan
2024-06-07T17:41:55,83.267609,-60.992401,nan
2024-06-07T17:41:55,83.267570,-60.992718,nan
2024-06-07T17:41:54,83.267525,-60.993034,nan
2024-06-07T17:41:54,83.267487,-60.993351,nan
2024-06-07T17:41:53,83.267448,-60.993668,nan
2024-06-07T17:41:53,83.267403,-60.993984,nan
2024-06-07T17:41:52,83.267365,-60.994301,nan
2024-06-07T17:41:52,83.267319,-60.994614,nan
2024-06-07T17:41:51,83.267281,-60.994926,nan
2024-06-07T17:41:51,83.267242,-60.995243,nan
2024-06-07T17:41:50,83.267197,-60.995556,nan
2024-06-07T17:41:50,83.267159,-60.995869,nan
2024-06-07T17:41:49,83.267120,-60.996178,nan
2024-06-07T17:41:49,83.267075,-60.996490,nan
2024-06-07T17:41:48,83.267036,-60.996799,nan
2024-06-07T17:41:48,83.266991,-60.997105,nan
2024-06-07T17:41:47,83.266953,-60.997410,nan
2024-06-07T17:41:47,83.266914,-60.997719,nan
2024-06-07T17:41:46,83.266869,-60.998020,nan
2024-06-07T17:41:46,83.266830,-60.998325,nan
2024-06-07T17:41:45,83.266792,-60.998631,nan
2024-06-07T17:41:45,83.266747,-60.998936,nan
2024-06-07T17:41:44,83.266708,-60.999237,nan
2024-06-07T17:41:44,83.266670,-60.999538,nan
2024-06-07T17:41:43,83.266624,-60.999836,nan
2024-06-07T17:41:43,83.266586,-61.000137,nan
2024-06-07T17:41:42,83.266548,-61.000435,nan
2024-06-07T17:41:42,83.266502,-61.000732,nan
2024-06-07T17:41:41,83.266464,-61.001034,nan
2024-06-07T17:41:41,83.266426,-61.001328,nan
2024-06-07T17:41:40,83.266380,-61.001625,nan
2024-06-07T17:41:40,83.266342,-61.001919,nan
2024-06-07T17:41:39,83.266304,-61.002213,nan
2024-06-07T17:41:39,83.266266,-61.002502,nan
2024-06-07T17:41:38,83.266220,-61.002792,nan
2024-06-07T17:41:38,83.266182,-61.003082,nan
2024-06-07T17:41:37,83.266144,-61.003376,nan
2024-06-07T17:41:37,83.266106,-61.003670,nan
2024-06-07T17:41:36,83.266060,-61.003960,nan
2024-06-07T17:41:36,83.266022,-61.004253,nan
2024-06-07T17:41:35,83.265984,-61.004551,nan
2024-06-07T17:41:35,83.265945,-61.004848,nan
2024-06-07T17:41:34,83.265900,-61.005146,nan
2024-06-07T17:41:34,83.265862,-61.005444,nan
2024-06-07T17:41:33,83.265823,-61.005737,nan
2024-06-07T17:41:33,83.265785,-61.006035,nan
2024-06-07T17:41:32,83.265747,-61.006329,nan
2024-06-07T17:41:32,83.265709,-61.006626,nan
2024-06-07T17:41:31,83.265671,-61.006920,nan
2024-06-07T17:41:31,83.265625,-61.007217,nan
2024-06-07T17:41:30,83.265587,-61.007507,nan
2024-06-07T17:41:30,83.265549,-61.007805,nan
2024-06-07T17:41:29,83.265511,-61.008102,nan
2024-06-07T17:41:29,83.265472,-61.008396,nan
2024-06-07T17:41:28,83.265434,-61.008694,nan
2024-06-07T17:41:28,83.265396,-61.008991,nan
2024-06-07T17:41:27,83.265358,-61.009285,nan
2024-06-07T17:41:27,83.265320,-61.009583,nan
2024-06-07T17:41:26,83.265282,-61.009872,nan
2024-06-07T17:41:26,83.265244,-61.010166,nan
2024-06-07T17:41:25,83.265205,-61.010456,nan
2024-06-07T17:41:25,83.265167,-61.010750,nan
2024-06-07T17:41:24,83.265121,-61.011032,nan
2024-06-07T17:41:24,83.265083,-61.011322,nan
2024-06-07T17:41:23,83.265045,-61.011608,nan
2024-06-07T17:41:23,83.264999,-61.011902,nan
2024-06-07T17:41:22,83.264961,-61.012192,nan
2024-06-07T17:41:22,83.264915,-61.012482,nan
2024-06-07T17:41:21,83.264877,-61.012779,nan
2024-06-07T17:41:21,83.264832,-61.013077,nan
2024-06-07T17:41:20,83.264793,-61.013378,nan
2024-06-07T17:41:20,83.264748,-61.013680,nan
2024-06-07T17:41:19,83.264709,-61.013985,nan
2024-06-07T17:41:19,83.264671,-61.014294,nan
2024-06-07T17:41:18,83.264626,-61.014603,nan
2024-06-07T17:41:18,83.264587,-61.014915,nan
2024-06-07T17:41:17,83.264549,-61.015232,nan
2024-06-07T17:41:17,83.264511,-61.015553,nan
2024-06-07T17:41:16,83.264465,-61.015873,nan
2024-06-07T17:41:16,83.264427,-61.016197,nan
2024-06-07T17:41:15,83.264389,-61.016518,nan
2024-06-07T17:41:15,83.264351,-61.016846,nan
2024-06-07T17:41:14,83.264313,-61.017170,nan
2024-06-07T17:41:14,83.264275,-61.017498,nan
2024-06-07T17:41:13,83.264229,-61.017830,nan
2024-06-07T17:41:13,83.264191,-61.018162,nan
2024-06-07T17:41:12,83.264153,-61.018497,nan
2024-06-07T17:41:12,83.264114,-61.018833,nan
2024-06-07T17:41:11,83.264076,-61.019176,nan
2024-06-07T17:41:11,83.264038,-61.019524,nan
2024-06-07T17:41:10,83.264000,-61.019875,nan
2024-06-07T17:41:10,83.263962,-61.020229,nan
2024-06-07T17:41:09,83.263916,-61.020580,nan
2024-06-07T17:41:09,83.263878,-61.020939,nan
2024-06-07T17:41:08,83.263840,-61.021294,nan
2024-06-07T17:41:08,83.263802,-61.021648,nan
2024-06-07T17:41:07,83.263763,-61.022007,nan
2024-06-07T17:41:07,83.263725,-61.022366,nan
2024-06-07T17:41:06,83.263687,-61.022724,nan
2024-06-07T17:41:06,83.263649,-61.023087,nan
2024-06-07T17:41:05,83.263611,-61.023449,nan
2024-06-07T17:41:05,83.263573,-61.023811,nan
2024-06-07T17:41:04,83.263542,-61.024178,nan
2024-06-07T17:41:04,83.263504,-61.024540,nan
2024-06-07T17:41:03,83.263466,-61.024899,nan
2024-06-07T17:41:03,83.263428,-61.025257,nan
2024-06-07T17:41:02,83.263390,-61.025616,nan
2024-06-07T17:41:02,83.263351,-61.025974,nan
2024-06-07T17:41:01,83.263313,-61.026333,nan
2024-06-07T17:41:01,83.263275,-61.026688,nan
2024-06-07T17:41:00,83.263237,-61.027042,nan
2024-06-07T17:41:00,83.263199,-61.027397,nan
2024-06-07T17:40:59,83.263161,-61.027748,nan
2024-06-07T17:40:59,83.263123,-61.028099,nan
2024-06-07T17:40:58,83.263084,-61.028450,nan
2024-06-07T17:40:58,83.263046,-61.028793,nan
2024-06-07T17:40:57,83.263008,-61.029137,nan
2024-06-07T17:40:57,83.262962,-61.029476,nan
2024-06-07T17:40:56,83.262924,-61.029816,nan
2024-06-07T17:40:56,83.262878,-61.030148,nan
2024-06-07T17:40:55,83.262840,-61.030476,nan
2024-06-07T17:40:55,83.262794,-61.030804,nan
2024-06-07T17:40:54,83.262749,-61.031124,nan
2024-06-07T17:40:54,83.262695,-61.031437,nan
2024-06-07T17:40:53,83.262650,-61.031750,nan
2024-06-07T17:40:53,83.262604,-61.032063,nan
2024-06-07T17:40:52,83.262550,-61.032375,nan
2024-06-07T17:40:52,83.262497,-61.032688,nan
2024-06-07T17:40:51,83.262451,-61.033005,nan
2024-06-07T17:40:51,83.262398,-61.033329,nan
2024-06-07T17:40:50,83.262337,-61.033653,nan
2024-06-07T17:40:50,83.262283,-61.033978,nan
2024-06-07T17:40:49,83.262230,-61.034309,nan
2024-06-07T17:40:49,83.262177,-61.034641,nan
2024-06-07T17:40:48,83.262115,-61.034973,nan
2024-06-07T17:40:48,83.262054,-61.035301,nan
2024-06-07T17:40:47,83.262001,-61.035633,nan
2024-06-07T17:40:47,83.261940,-61.035961,nan
2024-06-07T17:40:46,83.261887,-61.036289,nan
2024-06-07T17:40:46,83.261826,-61.036613,nan
2024-06-07T17:40:45,83.261772,-61.036938,nan
2024-06-07T17:40:45,83.261711,-61.037258,nan
2024-06-07T17:40:44,83.261650,-61.037579,nan
2024-06-07T17:40:44,83.261597,-61.037895,nan
2024-06-07T17:40:43,83.261536,-61.038212,nan
2024-06-07T17:40:43,83.261475,-61.038528,nan
2024-06-07T17:40:42,83.261421,-61.038841,nan
2024-06-07T17:40:42,83.261360,-61.039154,nan
2024-06-07T17:40:41,83.261299,-61.039467,nan
2024-06-07T17:40:41,83.261246,-61.039776,nan
2024-06-07T17:40:40,83.261185,-61.040089,nan
2024-06-07T17:40:40,83.261124,-61.040398,nan
2024-06-07T17:40:39,83.261070,-61.040707,nan
2024-06-07T17:40:39,83.261009,-61.041016,nan
2024-06-07T17:40:38,83.260956,-61.041325,nan
2024-06-07T17:40:38,83.260895,-61.041634,nan
2024-06-07T17:40:37,83.260841,-61.041939,nan
2024-06-07T17:40:37,83.260780,-61.042248,nan
2024-06-07T17:40:36,83.260727,-61.042553,nan
2024-06-07T17:40:36,83.260674,-61.042866,nan
2024-06-07T17:40:35,83.260612,-61.043182,nan
2024-06-07T17:40:35,83.260559,-61.043503,nan
2024-06-07T17:40:34,83.260498,-61.043827,nan
2024-06-07T17:40:34,83.260437,-61.044155,nan
2024-06-07T17:40:33,83.260384,-61.044491,nan
2024-06-07T17:40:33,83.260323,-61.044827,nan
2024-06-07T17:40:32,83.260262,-61.045170,nan
2024-06-07T17:40:32,83.260201,-61.045513,nan
2024-06-07T17:40:31,83.260139,-61.045860,nan
2024-06-07T17:40:31,83.260071,-61.046211,nan
2024-06-07T17:40:30,83.260010,-61.046562,nan
2024-06-07T17:40:30,83.259949,-61.046917,nan
2024-06-07T17:40:29,83.259880,-61.047279,nan
2024-06-07T17:40:29,83.259819,-61.047642,nan
2024-06-07T17:40:28,83.259750,-61.048012,nan
2024-06-07T17:40:28,83.259689,-61.048386,nan
2024-06-07T17:40:27,83.259621,-61.048759,nan
2024-06-07T17:40:27,83.259552,-61.049141,nan
2024-06-07T17:40:26,83.259491,-61.049530,nan
2024-06-07T17:40:26,83.259422,-61.049915,nan
2024-06-07T17:40:25,83.259354,-61.050312,nan
2024-06-07T17:40:25,83.259285,-61.050709,nan
2024-06-07T17:40:24,83.259216,-61.051109,nan
2024-06-07T17:40:24,83.259155,-61.051517,nan
2024-06-07T17:40:23,83.259087,-61.051926,nan
2024-06-07T17:40:23,83.259018,-61.052341,nan
2024-06-07T17:40:22,83.258949,-61.052761,nan
2024-06-07T17:40:22,83.258881,-61.053185,nan
2024-06-07T17:40:21,83.258812,-61.053612,nan
2024-06-07T17:40:21,83.258743,-61.054039,nan
2024-06-07T17:40:20,83.258667,-61.054474,nan
2024-06-07T17:40:20,83.258598,-61.054916,nan
2024-06-07T17:40:19,83.258530,-61.055359,nan
2024-06-07T17:40:19,83.258461,-61.055809,nan
2024-06-07T17:40:18,83.258392,-61.056263,nan
2024-06-07T17:40:18,83.258316,-61.056721,nan
2024-06-07T17:40:17,83.258247,-61.057178,nan
2024-06-07T17:40:17,83.258179,-61.057644,nan
2024-06-07T17:40:16,83.258110,-61.058109,nan
2024-06-07T17:40:16,83.258034,-61.058575,nan
2024-06-07T17:40:15,83.257965,-61.059044,nan
2024-06-07T17:40:15,83.257896,-61.059513,nan
2024-06-07T17:40:14,83.257828,-61.059986,nan
2024-06-07T17:40:14,83.257751,-61.060459,nan
2024-06-07T17:40:13,83.257683,-61.060936,nan
2024-06-07T17:40:13,83.257614,-61.061413,nan
2024-06-07T17:40:12,83.257545,-61.061893,nan
2024-06-07T17:40:12,83.257477,-61.062374,nan
2024-06-07T17:40:11,83.257408,-61.062859,nan
2024-06-07T17:40:11,83.257339,-61.063339,nan
2024-06-07T17:40:10,83.257271,-61.063820,nan
2024-06-07T17:40:10,83.257210,-61.064304,nan
2024-06-07T17:40:09,83.257141,-61.064789,nan
2024-06-07T17:40:09,83.257080,-61.065266,nan
2024-06-07T17:40:08,83.257019,-61.065746,nan
2024-06-07T17:40:08,83.256950,-61.066227,nan
2024-06-07T17:40:07,83.256889,-61.066708,nan
2024-06-07T17:40:07,83.256828,-61.067184,nan
2024-06-07T17:40:06,83.256760,-61.067657,nan
2024-06-07T17:40:06,83.256699,-61.068127,nan
2024-06-07T17:40:05,83.256638,-61.068588,nan
2024-06-07T17:40:05,83.256569,-61.069046,nan
2024-06-07T17:40:04,83.256500,-61.069500,nan
2024-06-07T17:40:04,83.256439,-61.069946,nan
2024-06-07T17:40:03,83.256371,-61.070381,nan
2024-06-07T17:40:03,83.256302,-61.070812,nan
2024-06-07T17:40:02,83.256233,-61.071239,nan
2024-06-07T17:40:02,83.256165,-61.071663,nan
2024-06-07T17:40:01,83.256096,-61.072079,nan
2024-06-07T17:40:01,83.256027,-61.072491,nan
2024-06-07T17:40:00,83.255959,-61.072903,nan
2024-06-07T17:40:00,83.255890,-61.073315,nan
2024-06-07T17:39:59,83.255821,-61.073723,nan
2024-06-07T17:39:59,83.255753,-61.074127,nan
2024-06-07T17:39:58,83.255692,-61.074535,nan
2024-06-07T17:39:58,83.255623,-61.074936,nan
2024-06-07T17:39:57,83.255554,-61.075333,nan
2024-06-07T17:39:57,83.255486,-61.075726,nan
2024-06-07T17:39:56,83.255424,-61.076118,nan
2024-06-07T17:39:56,83.255356,-61.076500,nan
2024-06-07T17:39:55,83.255295,-61.076878,nan
2024-06-07T17:39:55,83.255226,-61.077248,nan
2024-06-07T17:39:54,83.255165,-61.077614,nan
2024-06-07T17:39:54,83.255096,-61.077976,nan
2024-06-07T17:39:53,83.255035,-61.078331,nan
2024-06-07T17:39:53,83.254974,-61.078682,nan
2024-06-07T17:39:52,83.254913,-61.079025,nan
2024-06-07T17:39:52,83.254852,-61.079365,nan
2024-06-07T17:39:51,83.254791,-61.079700,nan
2024-06-07T17:39:51,83.254738,-61.080032,nan
2024-06-07T17:39:50,83.254677,-61.080357,nan
2024-06-07T17:39:50,83.254623,-61.080685,nan
2024-06-07T17:39:49,83.254570,-61.081013,nan
2024-06-07T17:39:49,83.254524,-61.081337,nan
2024-06-07T17:39:48,83.254478,-61.081661,nan
2024-06-07T17:39:48,83.254425,-61.081985,nan
2024-06-07T17:39:47,83.254379,-61.082306,nan
2024-06-07T17:39:47,83.254333,-61.082619,nan
2024-06-07T17:39:46,83.254288,-61.082928,nan
2024-06-07T17:39:46,83.254242,-61.083229,nan
2024-06-07T17:39:45,83.254196,-61.083527,nan
2024-06-07T17:39:45,83.254158,-61.083817,nan
2024-06-07T17:39:44,83.254112,-61.084095,nan
2024-06-07T17:39:44,83.254066,-61.084358,nan
2024-06-07T17:39:43,83.254021,-61.084614,nan
2024-06-07T17:39:43,83.253983,-61.084850,nan
2024-06-07T17:39:42,83.253937,-61.085083,nan
2024-06-07T17:39:42,83.253891,-61.085297,nan
2024-06-07T17:39:41,83.253845,-61.085495,nan
2024-06-07T17:39:41,83.253807,-61.085682,nan
2024-06-07T17:39:40,83.253761,-61.085857,nan
2024-06-07T17:39:40,83.253723,-61.086018,nan
2024-06-07T17:39:39,83.253677,-61.086163,nan
2024-06-07T17:39:39,83.253639,-61.086300,nan
2024-06-07T17:39:38,83.253593,-61.086430,nan
2024-06-07T17:39:38,83.253555,-61.086552,nan
2024-06-07T17:39:37,83.253510,-61.086666,nan
2024-06-07T17:39:37,83.253471,-61.086784,nan
2024-06-07T17:39:36,83.253433,-61.086899,nan
2024-06-07T17:39:36,83.253403,-61.087013,nan
2024-06-07T17:39:35,83.253372,-61.087128,nan
2024-06-07T17:39:35,83.253342,-61.087242,nan
2024-06-07T17:39:34,83.253311,-61.087360,nan
2024-06-07T17:39:34,83.253281,-61.087479,nan
2024-06-07T17:39:33,83.253258,-61.087597,nan
2024-06-07T17:39:33,83.253227,-61.087715,nan
2024-06-07T17:39:32,83.253204,-61.087826,nan
2024-06-07T17:39:32,83.253181,-61.087933,nan
2024-06-07T17:39:31,83.253159,-61.088032,nan
2024-06-07T17:39:31,83.253136,-61.088131,nan
2024-06-07T17:39:30,83.253113,-61.088226,nan
2024-06-07T17:39:30,83.253090,-61.088318,nan
2024-06-07T17:39:29,83.253067,-61.088409,nan
2024-06-07T17:39:29,83.253044,-61.088497,nan
2024-06-07T17:39:28,83.253021,-61.088581,nan
2024-06-07T17:39:28,83.252998,-61.088665,nan
2024-06-07T17:39:27,83.252975,-61.088741,nan
2024-06-07T17:39:27,83.252953,-61.088814,nan
2024-06-07T17:39:26,83.252930,-61.088882,nan
2024-06-07T17:39:26,83.252907,-61.088947,nan
2024-06-07T17:39:25,83.252884,-61.089008,nan
2024-06-07T17:39:25,83.252869,-61.089073,nan
2024-06-07T17:39:24,83.252846,-61.089134,nan
2024-06-07T17:39:24,83.252823,-61.089203,nan
2024-06-07T17:39:23,83.252800,-61.089264,nan
2024-06-07T17:39:23,83.252785,-61.089333,nan
2024-06-07T17:39:22,83.252762,-61.089401,nan
2024-06-07T17:39:22,83.252747,-61.089462,nan
2024-06-07T17:39:21,83.252731,-61.089527,nan
2024-06-07T17:39:21,83.252708,-61.089588,nan
2024-06-07T17:39:20,83.252693,-61.089657,nan
2024-06-07T17:39:20,83.252678,-61.089722,nan
2024-06-07T17:39:19,83.252655,-61.089790,nan
2024-06-07T17:39:19,83.252640,-61.089851,nan
2024-06-07T17:39:18,83.252617,-61.089909,nan
2024-06-07T17:39:18,83.252602,-61.089966,nan
2024-06-07T17:39:17,83.252579,-61.090015,nan
2024-06-07T17:39:17,83.252563,-61.090065,nan
2024-06-07T17:39:16,83.252541,-61.090111,nan
2024-06-07T17:39:16,83.252525,-61.090149,nan
2024-06-07T17:39:15,83.252502,-61.090183,nan
2024-06-07T17:39:15,83.252487,-61.090218,nan
2024-06-07T17:39:14,83.252472,-61.090244,nan
2024-06-07T17:39:14,83.252457,-61.090275,nan
2024-06-07T17:39:13,83.252441,-61.090305,nan
2024-06-07T17:39:13,83.252419,-61.090340,nan
2024-06-07T17:39:12,83.252403,-61.090374,nan
2024-06-07T17:39:12,83.252388,-61.090408,nan
2024-06-07T17:39:11,83.252373,-61.090446,nan
2024-06-07T17:39:11,83.252350,-61.090481,nan
2024-06-07T17:39:10,83.252335,-61.090519,nan
2024-06-07T17:39:10,83.252319,-61.090561,nan
2024-06-07T17:39:09,83.252296,-61.090603,nan
2024-06-07T17:39:09,83.252281,-61.090637,nan
2024-06-07T17:39:08,83.252258,-61.090672,nan
2024-06-07T17:39:08,83.252235,-61.090702,nan
2024-06-07T17:39:07,83.252220,-61.090729,nan
2024-06-07T17:39:07,83.252197,-61.090748,nan
2024-06-07T17:39:06,83.252174,-61.090767,nan
2024-06-07T17:39:06,83.252151,-61.090782,nan
2024-06-07T17:39:05,83.252129,-61.090801,nan
2024-06-07T17:39:05,83.252106,-61.090816,nan
2024-06-07T17:39:04,83.252083,-61.090836,nan
2024-06-07T17:39:04,83.252052,-61.090855,nan
2024-06-07T17:39:03,83.252029,-61.090878,nan
2024-06-07T17:39:03,83.252007,-61.090900,nan
2024-06-07T17:39:02,83.251976,-61.090923,nan
2024-06-07T17:39:02,83.251953,-61.090954,nan
2024-06-07T17:39:01,83.251923,-61.090984,nan
2024-06-07T17:39:01,83.251900,-61.091015,nan
2024-06-07T17:39:00,83.251877,-61.091042,nan
2024-06-07T17:39:00,83.251854,-61.091064,nan
2024-06-07T17:38:59,83.251831,-61.091080,nan
2024-06-07T17:38:59,83.251801,-61.091087,nan
2024-06-07T17:38:58,83.251778,-61.091091,nan
2024-06-07T17:38:58,83.251755,-61.091084,nan
2024-06-07T17:38:57,83.251732,-61.091068,nan
2024-06-07T17:38:57,83.251701,-61.091045,nan
2024-06-07T17:38:56,83.251678,-61.091015,nan
2024-06-07T17:38:56,83.251648,-61.090977,nan
2024-06-07T17:38:55,83.251625,-61.090927,nan
2024-06-07T17:38:55,83.251595,-61.090870,nan
2024-06-07T17:38:54,83.251572,-61.090809,nan
2024-06-07T17:38:54,83.251549,-61.090733,nan
2024-06-07T17:38:53,83.251518,-61.090660,nan
2024-06-07T17:38:53,83.251495,-61.090584,nan
2024-06-07T17:38:52,83.251472,-61.090504,nan
2024-06-07T17:38:52,83.251450,-61.090435,nan
2024-06-07T17:38:51,83.251434,-61.090370,nan
2024-06-07T17:38:51,83.251411,-61.090313,nan
2024-06-07T17:38:50,83.251389,-61.090267,nan
2024-06-07T17:38:50,83.251373,-61.090221,nan
2024-06-07T17:38:49,83.251350,-61.090195,nan
2024-06-07T17:38:49,83.251328,-61.090176,nan
2024-06-07T17:38:48,83.251312,-61.090164,nan
2024-06-07T17:38:48,83.251289,-61.090164,nan
2024-06-07T17:38:47,83.251266,-61.090172,nan
2024-06-07T17:38:47,83.251251,-61.090179,nan
2024-06-07T17:38:46,83.251228,-61.090191,nan
2024-06-07T17:38:46,83.251205,-61.090199,nan
2024-06-07T17:38:45,83.251190,-61.090199,nan
2024-06-07T17:38:45,83.251167,-61.090199,nan
2024-06-07T17:38:44,83.251144,-61.090195,nan
2024-06-07T17:38:44,83.251129,-61.090183,nan
2024-06-07T17:38:43,83.251114,-61.090176,nan
2024-06-07T17:38:43,83.251091,-61.090164,nan
2024-06-07T17:38:42,83.251076,-61.090145,nan
2024-06-07T17:38:42,83.251060,-61.090130,nan
2024-06-07T17:38:41,83.251045,-61.090115,nan
2024-06-07T17:38:41,83.251030,-61.090096,nan
2024-06-07T17:38:40,83.251015,-61.090076,nan
2024-06-07T17:38:40,83.250999,-61.090061,nan
2024-06-07T17:38:39,83.250984,-61.090046,nan
2024-06-07T17:38:39,83.250969,-61.090038,nan
2024-06-07T17:38:38,83.250954,-61.090031,nan
2024-06-07T17:38:38,83.250938,-61.090031,nan
2024-06-07T17:38:37,83.250923,-61.090031,nan
2024-06-07T17:38:37,83.250908,-61.090034,nan
2024-06-07T17:38:36,83.250900,-61.090046,nan
2024-06-07T17:38:36,83.250885,-61.090061,nan
2024-06-07T17:38:35,83.250877,-61.090088,nan
2024-06-07T17:38:35,83.250862,-61.090126,nan
2024-06-07T17:38:34,83.250854,-61.090172,nan
2024-06-07T17:38:34,83.250847,-61.090229,nan
2024-06-07T17:38:33,83.250839,-61.090286,nan
2024-06-07T17:38:33,83.250832,-61.090347,nan
2024-06-07T17:38:32,83.250824,-61.090412,nan
2024-06-07T17:38:32,83.250816,-61.090469,nan
2024-06-07T17:38:31,83.250809,-61.090527,nan
2024-06-07T17:38:31,83.250801,-61.090584,nan
2024-06-07T17:38:30,83.250793,-61.090633,nan
2024-06-07T17:38:30,83.250778,-61.090679,nan
2024-06-07T17:38:29,83.250771,-61.090721,nan
2024-06-07T17:38:29,83.250763,-61.090763,nan
2024-06-07T17:38:28,83.250755,-61.090797,nan
2024-06-07T17:38:28,83.250748,-61.090832,nan
2024-06-07T17:38:27,83.250732,-61.090862,nan
2024-06-07T17:38:27,83.250725,-61.090885,nan
2024-06-07T17:38:26,83.250710,-61.090912,nan
2024-06-07T17:38:26,83.250702,-61.090927,nan
2024-06-07T17:38:25,83.250687,-61.090946,nan
2024-06-07T17:38:25,83.250679,-61.090958,nan
2024-06-07T17:38:24,83.250671,-61.090969,nan
2024-06-07T17:38:24,83.250664,-61.090981,nan
2024-06-07T17:38:23,83.250656,-61.091000,nan
2024-06-07T17:38:23,83.250648,-61.091015,nan
2024-06-07T17:38:22,83.250641,-61.091030,nan
2024-06-07T17:38:22,83.250633,-61.091049,nan
2024-06-07T17:38:21,83.250626,-61.091076,nan
2024-06-07T17:38:21,83.250626,-61.091095,nan
2024-06-07T17:38:20,83.250618,-61.091122,nan
2024-06-07T17:38:20,83.250610,-61.091164,nan
2024-06-07T17:38:19,83.250610,-61.091194,nan
2024-06-07T17:38:19,83.250603,-61.091232,nan
2024-06-07T17:38:18,83.250595,-61.091274,nan
2024-06-07T17:38:18,83.250595,-61.091305,nan
2024-06-07T17:38:17,83.250587,-61.091328,nan
2024-06-07T17:38:17,83.250580,-61.091343,nan
2024-06-07T17:38:16,83.250572,-61.091354,nan
2024-06-07T17:38:16,83.250565,-61.091366,nan
2024-06-07T17:38:15,83.250557,-61.091370,nan
2024-06-07T17:38:15,83.250549,-61.091373,nan
2024-06-07T17:38:14,83.250542,-61.091389,nan
2024-06-07T17:38:14,83.250534,-61.091389,nan
2024-06-07T17:38:13,83.250526,-61.091389,nan
2024-06-07T17:38:13,83.250519,-61.091389,nan
2024-06-07T17:38:12,83.250511,-61.091393,nan
2024-06-07T17:38:12,83.250496,-61.091381,nan
2024-06-07T17:38:11,83.250488,-61.091389,nan
2024-06-07T17:38:11,83.250473,-61.091415,nan
2024-06-07T17:38:10,83.250458,-61.091442,nan
2024-06-07T17:38:10,83.250443,-61.091522,nan
2024-06-07T17:38:09,83.250420,-61.091595,nan
2024-06-07T17:38:09,83.250404,-61.091702,nan
2024-06-07T17:38:08,83.250381,-61.091816,nan
2024-06-07T17:38:08,83.250359,-61.091957,nan
2024-06-07T17:38:07,83.250336,-61.092113,nan
2024-06-07T17:38:07,83.250305,-61.092339,nan
2024-06-07T17:38:06,83.250282,-61.092552,nan
2024-06-07T17:38:06,83.250237,-61.092831,nan
2024-06-07T17:38:05,83.250183,-61.093258,nan
2024-06-07T17:38:05,83.250107,-61.093906,nan
2024-06-07T17:38:04,83.249985,-61.094780,nan
2024-06-07T17:38:04,83.249809,-61.096073,nan
2024-06-07T17:38:03,83.249573,-61.097607,nan
2024-06-07T17:38:03,83.249290,-61.099976,nan
2024-06-07T17:38:02,83.249146,-61.101482,nan
2024-06-07T17:38:02,83.249077,-61.102097,nan
2024-06-07T17:38:01,83.249435,-61.100006,nan
2024-06-07T17:38:00,83.249893,-61.096539,nan
2024-06-07T17:38:00,83.250511,-61.090820,nan
2024-06-07T17:37:59,83.251160,-61.084641,nan
