datetime,lat,lon,elev
2024-06-06T15:41:53,83.639778,-16.890560,nan
2024-06-06T15:41:52,83.639771,-16.890568,nan
2024-06-06T15:41:52,83.639771,-16.890574,nan
2024-06-06T15:41:51,83.639763,-16.890579,nan
2024-06-06T15:41:51,83.639763,-16.890583,nan
2024-06-06T15:41:50,83.639755,-16.890583,nan
2024-06-06T15:41:50,83.639748,-16.890585,nan
2024-06-06T15:41:49,83.639748,-16.890587,nan
2024-06-06T15:41:49,83.639740,-16.890587,nan
2024-06-06T15:41:48,83.639732,-16.890589,nan
2024-06-06T15:41:48,83.639725,-16.890593,nan
2024-06-06T15:41:47,83.639725,-16.890598,nan
2024-06-06T15:41:47,83.639717,-16.890606,nan
2024-06-06T15:41:46,83.639709,-16.890614,nan
2024-06-06T15:41:46,83.639702,-16.890619,nan
2024-06-06T15:41:45,83.639694,-16.890623,nan
2024-06-06T15:41:45,83.639687,-16.890629,nan
2024-06-06T15:41:44,83.639679,-16.890635,nan
2024-06-06T15:41:44,83.639671,-16.890638,nan
2024-06-06T15:41:43,83.639664,-16.890648,nan
2024-06-06T15:41:43,83.639656,-16.890656,nan
2024-06-06T15:41:42,83.639648,-16.890661,nan
2024-06-06T15:41:42,83.639633,-16.890669,nan
2024-06-06T15:41:41,83.639626,-16.890675,nan
2024-06-06T15:41:41,83.639618,-16.890682,nan
2024-06-06T15:41:40,83.639610,-16.890688,nan
2024-06-06T15:41:40,83.639595,-16.890690,nan
2024-06-06T15:41:39,83.639587,-16.890694,nan
2024-06-06T15:41:39,83.639580,-16.890699,nan
2024-06-06T15:41:38,83.639565,-16.890701,nan
2024-06-06T15:41:38,83.639557,-16.890705,nan
2024-06-06T15:41:37,83.639542,-16.890715,nan
2024-06-06T15:41:37,83.639534,-16.890724,nan
2024-06-06T15:41:36,83.639519,-16.890730,nan
2024-06-06T15:41:36,83.639511,-16.890734,nan
2024-06-06T15:41:35,83.639503,-16.890732,nan
2024-06-06T15:41:35,83.639488,-16.890728,nan
2024-06-06T15:41:34,83.639481,-16.890724,nan
2024-06-06T15:41:34,83.639465,-16.890720,nan
2024-06-06T15:41:33,83.639458,-16.890715,nan
2024-06-06T15:41:33,83.639442,-16.890713,nan
2024-06-06T15:41:32,83.639427,-16.890705,nan
2024-06-06T15:41:32,83.639420,-16.890699,nan
2024-06-06T15:41:31,83.639404,-16.890690,nan
2024-06-06T15:41:31,83.639397,-16.890673,nan
2024-06-06T15:41:30,83.639381,-16.890652,nan
2024-06-06T15:41:30,83.639366,-16.890631,nan
2024-06-06T15:41:29,83.639351,-16.890606,nan
2024-06-06T15:41:29,83.639343,-16.890587,nan
2024-06-06T15:41:28,83.639328,-16.890572,nan
2024-06-06T15:41:28,83.639313,-16.890560,nan
2024-06-06T15:41:27,83.639305,-16.890551,nan
2024-06-06T15:41:27,83.639290,-16.890549,nan
2024-06-06T15:41:26,83.639282,-16.890556,nan
2024-06-06T15:41:26,83.639275,-16.890585,nan
2024-06-06T15:41:25,83.639259,-16.890635,nan
2024-06-06T15:41:25,83.639252,-16.890699,nan
2024-06-06T15:41:24,83.639252,-16.890776,nan
2024-06-06T15:41:24,83.639244,-16.890856,nan
2024-06-06T15:41:23,83.639236,-16.890938,nan
2024-06-06T15:41:23,83.639229,-16.891022,nan
2024-06-06T15:41:22,83.639221,-16.891106,nan
2024-06-06T15:41:22,83.639214,-16.891190,nan
2024-06-06T15:41:21,83.639206,-16.891266,nan
2024-06-06T15:41:21,83.639198,-16.891342,nan
2024-06-06T15:41:20,83.639191,-16.891417,nan
2024-06-06T15:41:20,83.639183,-16.891491,nan
2024-06-06T15:41:19,83.639175,-16.891562,nan
2024-06-06T15:41:19,83.639168,-16.891628,nan
2024-06-06T15:41:18,83.639160,-16.891695,nan
2024-06-06T15:41:18,83.639153,-16.891766,nan
2024-06-06T15:41:17,83.639145,-16.891838,nan
2024-06-06T15:41:17,83.639137,-16.891912,nan
2024-06-06T15:41:16,83.639130,-16.891983,nan
2024-06-06T15:41:16,83.639114,-16.892057,nan
2024-06-06T15:41:15,83.639114,-16.892130,nan
2024-06-06T15:41:15,83.639107,-16.892197,nan
2024-06-06T15:41:14,83.639099,-16.892260,nan
2024-06-06T15:41:14,83.639091,-16.892321,nan
2024-06-06T15:41:13,83.639084,-16.892384,nan
2024-06-06T15:41:13,83.639076,-16.892452,nan
2024-06-06T15:41:10,83.639038,-16.892834,nan
2024-06-06T15:41:10,83.639038,-16.892921,nan
2024-06-06T15:41:09,83.639030,-16.893009,nan
2024-06-06T15:41:09,83.639023,-16.893101,nan
2024-06-06T15:41:08,83.639023,-16.893196,nan
2024-06-06T15:41:08,83.639015,-16.893297,nan
2024-06-06T15:41:07,83.639008,-16.893396,nan
2024-06-06T15:41:07,83.639008,-16.893499,nan
2024-06-06T15:41:06,83.639000,-16.893600,nan
2024-06-06T15:41:06,83.638992,-16.893703,nan
2024-06-06T15:41:05,83.638992,-16.893806,nan
2024-06-06T15:41:05,83.638985,-16.893915,nan
2024-06-06T15:41:04,83.638985,-16.894024,nan
2024-06-06T15:41:04,83.638977,-16.894129,nan
2024-06-06T15:41:03,83.638977,-16.894230,nan
2024-06-06T15:41:03,83.638969,-16.894329,nan
2024-06-06T15:41:02,83.638969,-16.894428,nan
2024-06-06T15:41:02,83.638969,-16.894524,nan
2024-06-06T15:41:01,83.638962,-16.894623,nan
2024-06-06T15:41:00,83.638962,-16.894814,nan
2024-06-06T15:41:00,83.638954,-16.894905,nan
2024-06-06T15:40:59,83.638954,-16.894993,nan
2024-06-06T15:40:59,83.638947,-16.895077,nan
2024-06-06T15:40:58,83.638947,-16.895151,nan
2024-06-06T15:40:58,83.638939,-16.895226,nan
2024-06-06T15:40:57,83.638939,-16.895292,nan
2024-06-06T15:40:57,83.638931,-16.895351,nan
2024-06-06T15:40:56,83.638924,-16.895405,nan
2024-06-06T15:40:56,83.638924,-16.895454,nan
2024-06-06T15:40:55,83.638916,-16.895498,nan
2024-06-06T15:40:55,83.638908,-16.895538,nan
2024-06-06T15:40:54,83.638908,-16.895576,nan
2024-06-06T15:40:54,83.638901,-16.895611,nan
2024-06-06T15:40:53,83.638901,-16.895647,nan
2024-06-06T15:40:53,83.638893,-16.895679,nan
2024-06-06T15:40:52,83.638893,-16.895714,nan
2024-06-06T15:40:52,83.638893,-16.895748,nan
2024-06-06T15:40:51,83.638893,-16.895782,nan
2024-06-06T15:40:51,83.638893,-16.895824,nan
2024-06-06T15:40:50,83.638893,-16.895868,nan
2024-06-06T15:40:50,83.638893,-16.895918,nan
2024-06-06T15:40:49,83.638893,-16.896019,nan
2024-06-06T15:40:48,83.638893,-16.896070,nan
2024-06-06T15:40:48,83.638885,-16.896126,nan
2024-06-06T15:40:47,83.638885,-16.896181,nan
2024-06-06T15:40:47,83.638885,-16.896238,nan
2024-06-06T15:40:46,83.638885,-16.896297,nan
2024-06-06T15:40:46,83.638878,-16.896357,nan
2024-06-06T15:40:45,83.638878,-16.896414,nan
2024-06-06T15:40:45,83.638878,-16.896473,nan
2024-06-06T15:40:44,83.638878,-16.896532,nan
2024-06-06T15:40:44,83.638878,-16.896589,nan
2024-06-06T15:40:43,83.638870,-16.896648,nan
2024-06-06T15:40:43,83.638870,-16.896706,nan
2024-06-06T15:40:42,83.638870,-16.896761,nan
2024-06-06T15:40:42,83.638870,-16.896818,nan
2024-06-06T15:40:41,83.638870,-16.896879,nan
2024-06-06T15:40:41,83.638870,-16.896942,nan
2024-06-06T15:40:40,83.638870,-16.897005,nan
2024-06-06T15:40:40,83.638870,-16.897068,nan
2024-06-06T15:40:39,83.638870,-16.897133,nan
2024-06-06T15:40:39,83.638870,-16.897198,nan
2024-06-06T15:40:38,83.638870,-16.897264,nan
2024-06-06T15:40:38,83.638863,-16.897329,nan
2024-06-06T15:40:37,83.638863,-16.897394,nan
2024-06-06T15:40:37,83.638863,-16.897457,nan
2024-06-06T15:40:36,83.638855,-16.897522,nan
2024-06-06T15:40:36,83.638847,-16.897585,nan
2024-06-06T15:40:35,83.638847,-16.897650,nan
2024-06-06T15:40:35,83.638840,-16.897715,nan
2024-06-06T15:40:34,83.638832,-16.897783,nan
2024-06-06T15:40:34,83.638824,-16.897858,nan
2024-06-06T15:40:33,83.638817,-16.897932,nan
2024-06-06T15:40:33,83.638809,-16.898008,nan
2024-06-06T15:40:32,83.638802,-16.898085,nan
2024-06-06T15:40:32,83.638794,-16.898161,nan
2024-06-06T15:40:31,83.638786,-16.898239,nan
2024-06-06T15:40:31,83.638779,-16.898323,nan
2024-06-06T15:40:30,83.638771,-16.898413,nan
2024-06-06T15:40:30,83.638756,-16.898506,nan
2024-06-06T15:40:29,83.638748,-16.898605,nan
2024-06-06T15:40:29,83.638733,-16.898705,nan
2024-06-06T15:40:28,83.638725,-16.898806,nan
2024-06-06T15:40:28,83.638718,-16.898911,nan
2024-06-06T15:40:27,83.638702,-16.899019,nan
2024-06-06T15:40:27,83.638687,-16.899132,nan
2024-06-06T15:40:26,83.638680,-16.899246,nan
2024-06-06T15:40:26,83.638664,-16.899363,nan
2024-06-06T15:40:25,83.638657,-16.899487,nan
2024-06-06T15:40:25,83.638641,-16.899612,nan
2024-06-06T15:40:24,83.638634,-16.899740,nan
2024-06-06T15:40:24,83.638618,-16.899874,nan
2024-06-06T15:40:23,83.638603,-16.900009,nan
2024-06-06T15:40:23,83.638596,-16.900146,nan
2024-06-06T15:40:22,83.638580,-16.900284,nan
2024-06-06T15:40:22,83.638565,-16.900419,nan
2024-06-06T15:40:21,83.638557,-16.900551,nan
2024-06-06T15:40:21,83.638542,-16.900682,nan
2024-06-06T15:40:20,83.638527,-16.900816,nan
2024-06-06T15:40:20,83.638512,-16.900948,nan
2024-06-06T15:40:19,83.638504,-16.901075,nan
2024-06-06T15:40:19,83.638489,-16.901205,nan
2024-06-06T15:40:18,83.638474,-16.901337,nan
2024-06-06T15:40:18,83.638458,-16.901464,nan
2024-06-06T15:40:17,83.638451,-16.901594,nan
2024-06-06T15:40:17,83.638435,-16.901726,nan
2024-06-06T15:40:16,83.638420,-16.901855,nan
2024-06-06T15:40:16,83.638405,-16.901983,nan
2024-06-06T15:40:15,83.638397,-16.902111,nan
2024-06-06T15:40:15,83.638382,-16.902243,nan
2024-06-06T15:40:14,83.638367,-16.902370,nan
2024-06-06T15:40:14,83.638351,-16.902500,nan
2024-06-06T15:40:13,83.638344,-16.902632,nan
2024-06-06T15:40:13,83.638329,-16.902763,nan
2024-06-06T15:40:12,83.638313,-16.902897,nan
2024-06-06T15:40:12,83.638306,-16.903030,nan
2024-06-06T15:40:11,83.638290,-16.903164,nan
2024-06-06T15:40:11,83.638283,-16.903290,nan
2024-06-06T15:40:10,83.638268,-16.903414,nan
2024-06-06T15:40:10,83.638260,-16.903530,nan
2024-06-06T15:40:09,83.638245,-16.903641,nan
2024-06-06T15:40:09,83.638237,-16.903748,nan
2024-06-06T15:40:08,83.638229,-16.903851,nan
2024-06-06T15:40:08,83.638214,-16.903942,nan
2024-06-06T15:40:07,83.638206,-16.904026,nan
2024-06-06T15:40:07,83.638191,-16.904102,nan
2024-06-06T15:40:06,83.638184,-16.904177,nan
2024-06-06T15:40:06,83.638168,-16.904249,nan
2024-06-06T15:40:05,83.638161,-16.904327,nan
2024-06-06T15:40:05,83.638145,-16.904409,nan
2024-06-06T15:40:04,83.638138,-16.904499,nan
2024-06-06T15:40:04,83.638123,-16.904594,nan
2024-06-06T15:40:03,83.638115,-16.904696,nan
2024-06-06T15:40:03,83.638107,-16.904802,nan
2024-06-06T15:40:02,83.638092,-16.904913,nan
2024-06-06T15:40:02,83.638084,-16.905027,nan
2024-06-06T15:40:01,83.638077,-16.905148,nan
2024-06-06T15:40:01,83.638062,-16.905270,nan
2024-06-06T15:40:00,83.638054,-16.905396,nan
2024-06-06T15:40:00,83.638046,-16.905523,nan
2024-06-06T15:39:59,83.638039,-16.905655,nan
2024-06-06T15:39:59,83.638031,-16.905785,nan
2024-06-06T15:39:58,83.638023,-16.905918,nan
2024-06-06T15:39:58,83.638016,-16.906057,nan
2024-06-06T15:39:57,83.638008,-16.906197,nan
2024-06-06T15:39:57,83.638000,-16.906334,nan
2024-06-06T15:39:56,83.637993,-16.906471,nan
2024-06-06T15:39:56,83.637985,-16.906610,nan
2024-06-06T15:39:55,83.637978,-16.906752,nan
2024-06-06T15:39:55,83.637970,-16.906893,nan
2024-06-06T15:39:54,83.637962,-16.907030,nan
2024-06-06T15:39:54,83.637955,-16.907171,nan
2024-06-06T15:39:53,83.637947,-16.907312,nan
2024-06-06T15:39:53,83.637939,-16.907455,nan
2024-06-06T15:39:52,83.637932,-16.907604,nan
2024-06-06T15:39:52,83.637932,-16.907759,nan
2024-06-06T15:39:51,83.637924,-16.907915,nan
2024-06-06T15:39:51,83.637917,-16.908075,nan
2024-06-06T15:39:50,83.637917,-16.908239,nan
2024-06-06T15:39:50,83.637909,-16.908405,nan
2024-06-06T15:39:49,83.637901,-16.908575,nan
2024-06-06T15:39:49,83.637901,-16.908749,nan
2024-06-06T15:39:48,83.637894,-16.908918,nan
2024-06-06T15:39:48,83.637894,-16.909090,nan
2024-06-06T15:39:47,83.637894,-16.909260,nan
2024-06-06T15:39:47,83.637894,-16.909428,nan
2024-06-06T15:39:46,83.637894,-16.909594,nan
2024-06-06T15:39:46,83.637894,-16.909761,nan
2024-06-06T15:39:45,83.637894,-16.909927,nan
2024-06-06T15:39:45,83.637894,-16.910095,nan
2024-06-06T15:39:44,83.637901,-16.910267,nan
2024-06-06T15:39:44,83.637901,-16.910439,nan
2024-06-06T15:39:43,83.637901,-16.910614,nan
2024-06-06T15:39:43,83.637909,-16.910786,nan
2024-06-06T15:39:42,83.637909,-16.910954,nan
2024-06-06T15:39:42,83.637909,-16.911125,nan
2024-06-06T15:39:41,83.637909,-16.911299,nan
2024-06-06T15:39:40,83.637917,-16.911655,nan
2024-06-06T15:39:40,83.637917,-16.911835,nan
2024-06-06T15:39:39,83.637917,-16.912010,nan
2024-06-06T15:39:39,83.637917,-16.912182,nan
2024-06-06T15:39:38,83.637917,-16.912350,nan
2024-06-06T15:39:38,83.637917,-16.912514,nan
2024-06-06T15:39:37,83.637917,-16.912670,nan
2024-06-06T15:39:37,83.637917,-16.912823,nan
2024-06-06T15:39:36,83.637924,-16.912971,nan
2024-06-06T15:39:36,83.637924,-16.913115,nan
2024-06-06T15:39:35,83.637924,-16.913254,nan
2024-06-06T15:39:35,83.637924,-16.913389,nan
2024-06-06T15:39:34,83.637932,-16.913639,nan
2024-06-06T15:39:33,83.637932,-16.913759,nan
2024-06-06T15:39:33,83.637939,-16.913876,nan
2024-06-06T15:39:32,83.637939,-16.913988,nan
2024-06-06T15:39:32,83.637939,-16.914097,nan
2024-06-06T15:39:31,83.637939,-16.914200,nan
2024-06-06T15:39:31,83.637939,-16.914303,nan
2024-06-06T15:39:30,83.637947,-16.914400,nan
2024-06-06T15:39:30,83.637947,-16.914494,nan
2024-06-06T15:39:29,83.637947,-16.914585,nan
2024-06-06T15:39:29,83.637947,-16.914679,nan
2024-06-06T15:39:28,83.637947,-16.914774,nan
2024-06-06T15:39:28,83.637947,-16.914871,nan
2024-06-06T15:39:27,83.637955,-16.914970,nan
2024-06-06T15:39:27,83.637955,-16.915071,nan
2024-06-06T15:39:26,83.637955,-16.915173,nan
2024-06-06T15:39:26,83.637955,-16.915274,nan
2024-06-06T15:39:25,83.637962,-16.915371,nan
2024-06-06T15:39:25,83.637962,-16.915464,nan
2024-06-06T15:39:24,83.637970,-16.915552,nan
2024-06-06T15:39:23,83.637978,-16.915716,nan
2024-06-06T15:39:23,83.637985,-16.915796,nan
2024-06-06T15:39:22,83.637993,-16.915953,nan
2024-06-06T15:39:21,83.638000,-16.916027,nan
2024-06-06T15:39:21,83.638008,-16.916103,nan
2024-06-06T15:39:20,83.638016,-16.916182,nan
2024-06-06T15:39:20,83.638023,-16.916264,nan
2024-06-06T15:39:19,83.638031,-16.916351,nan
2024-06-06T15:39:19,83.638039,-16.916445,nan
2024-06-06T15:39:18,83.638046,-16.916540,nan
2024-06-06T15:39:18,83.638062,-16.916639,nan
2024-06-06T15:39:17,83.638069,-16.916742,nan
2024-06-06T15:39:17,83.638084,-16.916845,nan
2024-06-06T15:39:16,83.638092,-16.916948,nan
2024-06-06T15:39:16,83.638107,-16.917053,nan
2024-06-06T15:39:15,83.638115,-16.917156,nan
2024-06-06T15:39:15,83.638130,-16.917253,nan
2024-06-06T15:39:14,83.638138,-16.917351,nan
2024-06-06T15:39:14,83.638153,-16.917446,nan
2024-06-06T15:39:13,83.638161,-16.917542,nan
2024-06-06T15:39:13,83.638168,-16.917633,nan
2024-06-06T15:39:12,83.638184,-16.917727,nan
2024-06-06T15:39:12,83.638191,-16.917814,nan
2024-06-06T15:39:11,83.638206,-16.917900,nan
2024-06-06T15:39:11,83.638214,-16.917986,nan
2024-06-06T15:39:10,83.638222,-16.918070,nan
2024-06-06T15:39:10,83.638237,-16.918154,nan
2024-06-06T15:39:09,83.638245,-16.918240,nan
2024-06-06T15:39:08,83.638268,-16.918421,nan
2024-06-06T15:39:08,83.638275,-16.918514,nan
2024-06-06T15:39:07,83.638283,-16.918615,nan
2024-06-06T15:39:07,83.638298,-16.918715,nan
2024-06-06T15:39:06,83.638306,-16.918818,nan
2024-06-06T15:39:06,83.638313,-16.918922,nan
2024-06-06T15:39:05,83.638329,-16.919033,nan
2024-06-06T15:39:05,83.638336,-16.919147,nan
2024-06-06T15:39:04,83.638351,-16.919266,nan
2024-06-06T15:39:04,83.638359,-16.919386,nan
2024-06-06T15:39:03,83.638374,-16.919510,nan
2024-06-06T15:39:03,83.638390,-16.919638,nan
2024-06-06T15:39:02,83.638397,-16.919765,nan
2024-06-06T15:39:02,83.638412,-16.919897,nan
2024-06-06T15:39:01,83.638420,-16.920029,nan
2024-06-06T15:39:01,83.638435,-16.920160,nan
2024-06-06T15:39:00,83.638451,-16.920292,nan
2024-06-06T15:39:00,83.638458,-16.920422,nan
2024-06-06T15:38:59,83.638474,-16.920551,nan
2024-06-06T15:38:59,83.638489,-16.920681,nan
2024-06-06T15:38:58,83.638496,-16.920809,nan
2024-06-06T15:38:58,83.638512,-16.920937,nan
2024-06-06T15:38:57,83.638527,-16.921064,nan
2024-06-06T15:38:57,83.638542,-16.921192,nan
2024-06-06T15:38:56,83.638557,-16.921320,nan
2024-06-06T15:38:56,83.638573,-16.921448,nan
2024-06-06T15:38:55,83.638580,-16.921576,nan
2024-06-06T15:38:55,83.638596,-16.921703,nan
2024-06-06T15:38:54,83.638611,-16.921833,nan
2024-06-06T15:38:54,83.638626,-16.921963,nan
2024-06-06T15:38:53,83.638641,-16.922092,nan
2024-06-06T15:38:53,83.638657,-16.922220,nan
2024-06-06T15:38:52,83.638672,-16.922346,nan
2024-06-06T15:38:52,83.638687,-16.922472,nan
2024-06-06T15:38:51,83.638702,-16.922594,nan
2024-06-06T15:38:51,83.638718,-16.922718,nan
2024-06-06T15:38:50,83.638733,-16.922840,nan
2024-06-06T15:38:50,83.638748,-16.922964,nan
2024-06-06T15:38:49,83.638763,-16.923092,nan
2024-06-06T15:38:49,83.638779,-16.923223,nan
2024-06-06T15:38:48,83.638802,-16.923359,nan
2024-06-06T15:38:48,83.638817,-16.923494,nan
2024-06-06T15:38:47,83.638832,-16.923630,nan
2024-06-06T15:38:47,83.638847,-16.923765,nan
2024-06-06T15:38:46,83.638863,-16.923906,nan
2024-06-06T15:38:46,83.638885,-16.924047,nan
2024-06-06T15:38:45,83.638901,-16.924192,nan
2024-06-06T15:38:45,83.638916,-16.924337,nan
2024-06-06T15:38:44,83.638931,-16.924488,nan
2024-06-06T15:38:44,83.638954,-16.924646,nan
2024-06-06T15:38:43,83.638969,-16.924803,nan
2024-06-06T15:38:43,83.638992,-16.924959,nan
2024-06-06T15:38:42,83.639008,-16.925117,nan
2024-06-06T15:38:42,83.639023,-16.925283,nan
2024-06-06T15:38:41,83.639046,-16.925447,nan
2024-06-06T15:38:41,83.639061,-16.925613,nan
2024-06-06T15:38:40,83.639084,-16.925785,nan
2024-06-06T15:38:39,83.639122,-16.926132,nan
2024-06-06T15:38:39,83.639137,-16.926306,nan
2024-06-06T15:38:38,83.639160,-16.926479,nan
2024-06-06T15:38:38,83.639175,-16.926655,nan
2024-06-06T15:38:36,83.639229,-16.927168,nan
2024-06-06T15:38:36,83.639252,-16.927336,nan
2024-06-06T15:38:35,83.639275,-16.927498,nan
2024-06-06T15:38:35,83.639290,-16.927654,nan
2024-06-06T15:38:34,83.639313,-16.927807,nan
2024-06-06T15:38:34,83.639328,-16.927956,nan
2024-06-06T15:38:33,83.639351,-16.928104,nan
2024-06-06T15:38:33,83.639374,-16.928251,nan
2024-06-06T15:38:32,83.639389,-16.928398,nan
2024-06-06T15:38:32,83.639412,-16.928543,nan
2024-06-06T15:38:31,83.639435,-16.928686,nan
2024-06-06T15:38:31,83.639450,-16.928831,nan
2024-06-06T15:38:30,83.639473,-16.928982,nan
2024-06-06T15:38:30,83.639496,-16.929132,nan
2024-06-06T15:38:29,83.639519,-16.929285,nan
2024-06-06T15:38:29,83.639534,-16.929438,nan
2024-06-06T15:38:28,83.639557,-16.929588,nan
2024-06-06T15:38:28,83.639572,-16.929737,nan
2024-06-06T15:38:27,83.639595,-16.929890,nan
2024-06-06T15:38:27,83.639610,-16.930040,nan
2024-06-06T15:38:26,83.639633,-16.930191,nan
2024-06-06T15:38:26,83.639656,-16.930342,nan
2024-06-06T15:38:25,83.639671,-16.930490,nan
2024-06-06T15:38:25,83.639694,-16.930639,nan
2024-06-06T15:38:24,83.639709,-16.930790,nan
2024-06-06T15:38:24,83.639732,-16.930939,nan
2024-06-06T15:38:23,83.639755,-16.931086,nan
2024-06-06T15:38:23,83.639771,-16.931232,nan
2024-06-06T15:38:22,83.639793,-16.931379,nan
2024-06-06T15:38:22,83.639816,-16.931522,nan
2024-06-06T15:38:21,83.639832,-16.931665,nan
2024-06-06T15:38:21,83.639854,-16.931810,nan
2024-06-06T15:38:20,83.639877,-16.931952,nan
2024-06-06T15:38:20,83.639893,-16.932095,nan
2024-06-06T15:38:19,83.639915,-16.932236,nan
2024-06-06T15:38:19,83.639938,-16.932377,nan
2024-06-06T15:38:18,83.639961,-16.932516,nan
2024-06-06T15:38:18,83.639977,-16.932653,nan
2024-06-06T15:38:17,83.639999,-16.932791,nan
2024-06-06T15:38:17,83.640022,-16.932926,nan
2024-06-06T15:38:16,83.640045,-16.933064,nan
2024-06-06T15:38:16,83.640068,-16.933199,nan
2024-06-06T15:38:15,83.640091,-16.933334,nan
2024-06-06T15:38:15,83.640106,-16.933468,nan
2024-06-06T15:38:14,83.640129,-16.933603,nan
2024-06-06T15:38:14,83.640152,-16.933739,nan
2024-06-06T15:38:13,83.640175,-16.933872,nan
2024-06-06T15:38:13,83.640198,-16.934010,nan
2024-06-06T15:38:12,83.640221,-16.934147,nan
2024-06-06T15:38:12,83.640244,-16.934286,nan
2024-06-06T15:38:11,83.640266,-16.934423,nan
2024-06-06T15:38:11,83.640289,-16.934561,nan
2024-06-06T15:38:10,83.640312,-16.934700,nan
2024-06-06T15:38:10,83.640335,-16.934839,nan
2024-06-06T15:38:09,83.640358,-16.934978,nan
2024-06-06T15:38:09,83.640388,-16.935120,nan
2024-06-06T15:38:08,83.640411,-16.935261,nan
2024-06-06T15:38:08,83.640434,-16.935402,nan
2024-06-06T15:38:07,83.640457,-16.935541,nan
2024-06-06T15:38:07,83.640480,-16.935682,nan
2024-06-06T15:38:06,83.640503,-16.935822,nan
2024-06-06T15:38:06,83.640533,-16.935963,nan
2024-06-06T15:38:05,83.640556,-16.936106,nan
2024-06-06T15:38:05,83.640579,-16.936247,nan
2024-06-06T15:38:04,83.640633,-16.936527,nan
2024-06-06T15:38:03,83.640678,-16.936811,nan
2024-06-06T15:38:02,83.640709,-16.936951,nan
2024-06-06T15:38:02,83.640732,-16.937090,nan
2024-06-06T15:38:01,83.640762,-16.937225,nan
2024-06-06T15:38:01,83.640785,-16.937361,nan
2024-06-06T15:38:00,83.640816,-16.937496,nan
2024-06-06T15:38:00,83.640839,-16.937630,nan
2024-06-06T15:37:59,83.640862,-16.937761,nan
2024-06-06T15:37:59,83.640892,-16.937895,nan
2024-06-06T15:37:58,83.640915,-16.938026,nan
2024-06-06T15:37:58,83.640945,-16.938156,nan
2024-06-06T15:37:57,83.640968,-16.938286,nan
2024-06-06T15:37:57,83.640999,-16.938416,nan
2024-06-06T15:37:56,83.641022,-16.938541,nan
2024-06-06T15:37:56,83.641045,-16.938667,nan
2024-06-06T15:37:55,83.641075,-16.938793,nan
2024-06-06T15:37:55,83.641098,-16.938919,nan
2024-06-06T15:37:54,83.641129,-16.939047,nan
2024-06-06T15:37:54,83.641151,-16.939175,nan
2024-06-06T15:37:53,83.641174,-16.939304,nan
2024-06-06T15:37:53,83.641205,-16.939438,nan
2024-06-06T15:37:52,83.641228,-16.939573,nan
2024-06-06T15:37:52,83.641251,-16.939711,nan
2024-06-06T15:37:51,83.641281,-16.939848,nan
2024-06-06T15:37:51,83.641304,-16.939983,nan
2024-06-06T15:37:50,83.641327,-16.940121,nan
2024-06-06T15:37:50,83.641357,-16.940262,nan
2024-06-06T15:37:49,83.641380,-16.940399,nan
2024-06-06T15:37:49,83.641403,-16.940538,nan
2024-06-06T15:37:48,83.641426,-16.940680,nan
2024-06-06T15:37:48,83.641449,-16.940821,nan
2024-06-06T15:37:47,83.641472,-16.940964,nan
2024-06-06T15:37:47,83.641495,-16.941107,nan
2024-06-06T15:37:46,83.641518,-16.941252,nan
2024-06-06T15:37:46,83.641541,-16.941397,nan
2024-06-06T15:37:45,83.641563,-16.941542,nan
2024-06-06T15:37:45,83.641586,-16.941690,nan
2024-06-06T15:37:44,83.641602,-16.941837,nan
2024-06-06T15:37:44,83.641624,-16.941984,nan
2024-06-06T15:37:43,83.641647,-16.942127,nan
2024-06-06T15:37:43,83.641663,-16.942268,nan
2024-06-06T15:37:42,83.641685,-16.942408,nan
2024-06-06T15:37:42,83.641701,-16.942547,nan
2024-06-06T15:37:41,83.641724,-16.942690,nan
2024-06-06T15:37:41,83.641739,-16.942837,nan
2024-06-06T15:37:40,83.641762,-16.942987,nan
2024-06-06T15:37:40,83.641777,-16.943140,nan
2024-06-06T15:37:39,83.641800,-16.943295,nan
2024-06-06T15:37:39,83.641815,-16.943453,nan
2024-06-06T15:37:38,83.641838,-16.943609,nan
2024-06-06T15:37:38,83.641853,-16.943768,nan
2024-06-06T15:37:37,83.641876,-16.943930,nan
2024-06-06T15:37:37,83.641891,-16.944096,nan
2024-06-06T15:37:36,83.641914,-16.944265,nan
2024-06-06T15:37:36,83.641937,-16.944439,nan
2024-06-06T15:37:35,83.641953,-16.944611,nan
2024-06-06T15:37:35,83.641975,-16.944784,nan
2024-06-06T15:37:34,83.641991,-16.944960,nan
2024-06-06T15:37:34,83.642014,-16.945139,nan
2024-06-06T15:37:33,83.642036,-16.945316,nan
2024-06-06T15:37:33,83.642052,-16.945499,nan
2024-06-06T15:37:32,83.642075,-16.945684,nan
2024-06-06T15:37:32,83.642097,-16.945873,nan
2024-06-06T15:37:31,83.642113,-16.946060,nan
2024-06-06T15:37:31,83.642136,-16.946251,nan
2024-06-06T15:37:30,83.642159,-16.946440,nan
2024-06-06T15:37:30,83.642181,-16.946627,nan
2024-06-06T15:37:29,83.642204,-16.946815,nan
2024-06-06T15:37:29,83.642227,-16.947004,nan
2024-06-06T15:37:28,83.642242,-16.947191,nan
2024-06-06T15:37:28,83.642265,-16.947374,nan
2024-06-06T15:37:27,83.642288,-16.947554,nan
2024-06-06T15:37:27,83.642311,-16.947729,nan
2024-06-06T15:37:26,83.642334,-16.947906,nan
2024-06-06T15:37:26,83.642357,-16.948080,nan
2024-06-06T15:37:25,83.642387,-16.948254,nan
2024-06-06T15:37:25,83.642410,-16.948431,nan
2024-06-06T15:37:24,83.642433,-16.948610,nan
2024-06-06T15:37:24,83.642456,-16.948792,nan
2024-06-06T15:37:23,83.642479,-16.948977,nan
2024-06-06T15:37:23,83.642502,-16.949165,nan
2024-06-06T15:37:22,83.642525,-16.949354,nan
2024-06-06T15:37:22,83.642548,-16.949545,nan
2024-06-06T15:37:21,83.642570,-16.949732,nan
2024-06-06T15:37:21,83.642593,-16.949919,nan
2024-06-06T15:37:20,83.642616,-16.950106,nan
2024-06-06T15:37:20,83.642639,-16.950293,nan
2024-06-06T15:37:19,83.642662,-16.950481,nan
2024-06-06T15:37:19,83.642685,-16.950670,nan
2024-06-06T15:37:18,83.642700,-16.950863,nan
2024-06-06T15:37:18,83.642723,-16.951061,nan
2024-06-06T15:37:17,83.642746,-16.951262,nan
2024-06-06T15:37:17,83.642769,-16.951466,nan
2024-06-06T15:37:16,83.642792,-16.951672,nan
2024-06-06T15:37:16,83.642815,-16.951885,nan
2024-06-06T15:37:15,83.642838,-16.952105,nan
2024-06-06T15:37:15,83.642860,-16.952324,nan
2024-06-06T15:37:14,83.642883,-16.952549,nan
2024-06-06T15:37:14,83.642906,-16.952778,nan
2024-06-06T15:37:13,83.642929,-16.953005,nan
2024-06-06T15:37:13,83.642952,-16.953234,nan
2024-06-06T15:37:12,83.642975,-16.953463,nan
2024-06-06T15:37:12,83.642998,-16.953691,nan
2024-06-06T15:37:11,83.643021,-16.953924,nan
2024-06-06T15:37:11,83.643044,-16.954155,nan
2024-06-06T15:37:10,83.643066,-16.954386,nan
2024-06-06T15:37:10,83.643097,-16.954615,nan
2024-06-06T15:37:09,83.643120,-16.954844,nan
2024-06-06T15:37:09,83.643150,-16.955070,nan
2024-06-06T15:37:08,83.643173,-16.955294,nan
2024-06-06T15:37:08,83.643204,-16.955515,nan
2024-06-06T15:37:07,83.643227,-16.955736,nan
2024-06-06T15:37:07,83.643257,-16.955957,nan
2024-06-06T15:37:06,83.643280,-16.956179,nan
2024-06-06T15:37:06,83.643311,-16.956400,nan
2024-06-06T15:37:05,83.643341,-16.956617,nan
2024-06-06T15:37:05,83.643372,-16.956837,nan
2024-06-06T15:37:04,83.643394,-16.957056,nan
2024-06-06T15:37:04,83.643425,-16.957275,nan
2024-06-06T15:37:03,83.643456,-16.957499,nan
2024-06-06T15:37:03,83.643486,-16.957722,nan
2024-06-06T15:37:02,83.643517,-16.957947,nan
2024-06-06T15:37:02,83.643539,-16.958174,nan
2024-06-06T15:37:01,83.643570,-16.958401,nan
2024-06-06T15:37:01,83.643600,-16.958632,nan
2024-06-06T15:37:00,83.643623,-16.958862,nan
2024-06-06T15:37:00,83.643654,-16.959093,nan
2024-06-06T15:36:59,83.643677,-16.959330,nan
2024-06-06T15:36:59,83.643700,-16.959568,nan
2024-06-06T15:36:58,83.643723,-16.959810,nan
2024-06-06T15:36:58,83.643753,-16.960054,nan
2024-06-06T15:36:57,83.643776,-16.960302,nan
2024-06-06T15:36:57,83.643799,-16.960554,nan
2024-06-06T15:36:56,83.643822,-16.960806,nan
2024-06-06T15:36:56,83.643852,-16.961060,nan
2024-06-06T15:36:55,83.643875,-16.961315,nan
2024-06-06T15:36:55,83.643898,-16.961571,nan
2024-06-06T15:36:54,83.643929,-16.961830,nan
2024-06-06T15:36:54,83.643951,-16.962091,nan
2024-06-06T15:36:53,83.643974,-16.962353,nan
2024-06-06T15:36:53,83.643997,-16.962612,nan
2024-06-06T15:36:52,83.644028,-16.962872,nan
2024-06-06T15:36:52,83.644051,-16.963131,nan
2024-06-06T15:36:51,83.644073,-16.963392,nan
2024-06-06T15:36:51,83.644104,-16.963654,nan
2024-06-06T15:36:50,83.644150,-16.964165,nan
2024-06-06T15:36:49,83.644180,-16.964418,nan
2024-06-06T15:36:49,83.644203,-16.964670,nan
2024-06-06T15:36:48,83.644226,-16.964924,nan
2024-06-06T15:36:48,83.644257,-16.965179,nan
2024-06-06T15:36:47,83.644279,-16.965433,nan
2024-06-06T15:36:47,83.644310,-16.965681,nan
2024-06-06T15:36:46,83.644333,-16.965931,nan
2024-06-06T15:36:46,83.644356,-16.966181,nan
2024-06-06T15:36:45,83.644386,-16.966429,nan
2024-06-06T15:36:45,83.644409,-16.966675,nan
2024-06-06T15:36:44,83.644440,-16.966919,nan
2024-06-06T15:36:44,83.644463,-16.967163,nan
2024-06-06T15:36:43,83.644485,-16.967409,nan
2024-06-06T15:36:43,83.644508,-16.967655,nan
2024-06-06T15:36:42,83.644539,-16.967903,nan
2024-06-06T15:36:42,83.644562,-16.968149,nan
2024-06-06T15:36:41,83.644585,-16.968397,nan
2024-06-06T15:36:41,83.644608,-16.968643,nan
2024-06-06T15:36:40,83.644638,-16.968889,nan
2024-06-06T15:36:40,83.644661,-16.969135,nan
2024-06-06T15:36:39,83.644684,-16.969383,nan
2024-06-06T15:36:39,83.644714,-16.969629,nan
2024-06-06T15:36:38,83.644737,-16.969875,nan
2024-06-06T15:36:38,83.644760,-16.970125,nan
2024-06-06T15:36:37,83.644791,-16.970377,nan
2024-06-06T15:36:37,83.644814,-16.970627,nan
2024-06-06T15:36:36,83.644836,-16.970875,nan
2024-06-06T15:36:36,83.644859,-16.971125,nan
2024-06-06T15:36:35,83.644890,-16.971375,nan
2024-06-06T15:36:35,83.644913,-16.971624,nan
2024-06-06T15:36:34,83.644936,-16.971872,nan
2024-06-06T15:36:34,83.644966,-16.972118,nan
2024-06-06T15:36:33,83.644989,-16.972366,nan
2024-06-06T15:36:33,83.645012,-16.972612,nan
2024-06-06T15:36:32,83.645035,-16.972855,nan
2024-06-06T15:36:32,83.645065,-16.973099,nan
2024-06-06T15:36:31,83.645088,-16.973343,nan
2024-06-06T15:36:31,83.645111,-16.973585,nan
2024-06-06T15:36:30,83.645142,-16.973829,nan
2024-06-06T15:36:30,83.645164,-16.974075,nan
2024-06-06T15:36:29,83.645187,-16.974319,nan
2024-06-06T15:36:29,83.645218,-16.974564,nan
2024-06-06T15:36:28,83.645241,-16.974810,nan
2024-06-06T15:36:28,83.645264,-16.975056,nan
2024-06-06T15:36:27,83.645287,-16.975300,nan
2024-06-06T15:36:27,83.645317,-16.975542,nan
2024-06-06T15:36:26,83.645340,-16.975784,nan
2024-06-06T15:36:26,83.645363,-16.976027,nan
2024-06-06T15:36:25,83.645386,-16.976269,nan
2024-06-06T15:36:25,83.645409,-16.976509,nan
2024-06-06T15:36:24,83.645439,-16.976751,nan
2024-06-06T15:36:24,83.645462,-16.976992,nan
2024-06-06T15:36:23,83.645485,-16.977230,nan
2024-06-06T15:36:23,83.645508,-16.977472,nan
2024-06-06T15:36:22,83.645538,-16.977715,nan
2024-06-06T15:36:22,83.645561,-16.977957,nan
2024-06-06T15:36:21,83.645584,-16.978195,nan
2024-06-06T15:36:21,83.645615,-16.978436,nan
2024-06-06T15:36:20,83.645638,-16.978676,nan
2024-06-06T15:36:20,83.645660,-16.978916,nan
2024-06-06T15:36:19,83.645683,-16.979156,nan
2024-06-06T15:36:19,83.645714,-16.979399,nan
2024-06-06T15:36:18,83.645737,-16.979641,nan
2024-06-06T15:36:18,83.645760,-16.979881,nan
2024-06-06T15:36:17,83.645790,-16.980124,nan
2024-06-06T15:36:17,83.645813,-16.980366,nan
2024-06-06T15:36:16,83.645836,-16.980608,nan
2024-06-06T15:36:16,83.645859,-16.980852,nan
2024-06-06T15:36:15,83.645882,-16.981100,nan
2024-06-06T15:36:15,83.645912,-16.981344,nan
2024-06-06T15:36:14,83.645935,-16.981590,nan
2024-06-06T15:36:14,83.645958,-16.981834,nan
2024-06-06T15:36:13,83.645973,-16.982079,nan
2024-06-06T15:36:13,83.645996,-16.982325,nan
2024-06-06T15:36:12,83.646019,-16.982571,nan
2024-06-06T15:36:12,83.646042,-16.982817,nan
2024-06-06T15:36:11,83.646065,-16.983065,nan
2024-06-06T15:36:11,83.646080,-16.983315,nan
2024-06-06T15:36:10,83.646103,-16.983566,nan
2024-06-06T15:36:10,83.646126,-16.983816,nan
2024-06-06T15:36:09,83.646141,-16.984064,nan
2024-06-06T15:36:09,83.646164,-16.984310,nan
2024-06-06T15:36:08,83.646187,-16.984554,nan
2024-06-06T15:36:08,83.646210,-16.984800,nan
2024-06-06T15:36:07,83.646233,-16.985043,nan
2024-06-06T15:36:07,83.646248,-16.985287,nan
2024-06-06T15:36:06,83.646271,-16.985529,nan
2024-06-06T15:36:06,83.646294,-16.985773,nan
2024-06-06T15:36:05,83.646309,-16.986019,nan
2024-06-06T15:36:05,83.646332,-16.986267,nan
2024-06-06T15:36:04,83.646347,-16.986521,nan
2024-06-06T15:36:04,83.646362,-16.986774,nan
2024-06-06T15:36:03,83.646385,-16.987028,nan
2024-06-06T15:36:03,83.646400,-16.987288,nan
2024-06-06T15:36:02,83.646416,-16.987549,nan
2024-06-06T15:36:02,83.646439,-16.987814,nan
2024-06-06T15:36:01,83.646454,-16.988083,nan
2024-06-06T15:36:01,83.646469,-16.988358,nan
2024-06-06T15:36:00,83.646484,-16.988634,nan
2024-06-06T15:36:00,83.646500,-16.988916,nan
2024-06-06T15:35:59,83.646515,-16.989201,nan
2024-06-06T15:35:59,83.646530,-16.989489,nan
2024-06-06T15:35:58,83.646545,-16.989779,nan
2024-06-06T15:35:58,83.646561,-16.990076,nan
2024-06-06T15:35:57,83.646584,-16.990377,nan
2024-06-06T15:35:57,83.646599,-16.990685,nan
2024-06-06T15:35:56,83.646614,-16.990997,nan
2024-06-06T15:35:56,83.646629,-16.991318,nan
2024-06-06T15:35:55,83.646645,-16.991650,nan
2024-06-06T15:35:55,83.646660,-16.991993,nan
2024-06-06T15:35:54,83.646675,-16.992340,nan
2024-06-06T15:35:54,83.646690,-16.992695,nan
2024-06-06T15:35:53,83.646706,-16.993053,nan
2024-06-06T15:35:53,83.646729,-16.993422,nan
2024-06-06T15:35:52,83.646744,-16.993797,nan
2024-06-06T15:35:52,83.646759,-16.994177,nan
2024-06-06T15:35:51,83.646774,-16.994560,nan
2024-06-06T15:35:51,83.646790,-16.994947,nan
2024-06-06T15:35:50,83.646805,-16.995340,nan
2024-06-06T15:35:50,83.646820,-16.995743,nan
2024-06-06T15:35:49,83.646843,-16.996145,nan
2024-06-06T15:35:49,83.646858,-16.996555,nan
2024-06-06T15:35:48,83.646873,-16.996969,nan
2024-06-06T15:35:48,83.646889,-16.997385,nan
2024-06-06T15:35:47,83.646912,-16.997805,nan
2024-06-06T15:35:47,83.646927,-16.998228,nan
2024-06-06T15:35:46,83.646942,-16.998653,nan
2024-06-06T15:35:46,83.646965,-16.999077,nan
2024-06-06T15:35:45,83.646980,-16.999500,nan
2024-06-06T15:35:45,83.646996,-16.999924,nan
2024-06-06T15:35:44,83.647018,-17.000345,nan
2024-06-06T15:35:44,83.647034,-17.000769,nan
2024-06-06T15:35:43,83.647057,-17.001190,nan
2024-06-06T15:35:43,83.647072,-17.001616,nan
2024-06-06T15:35:42,83.647095,-17.002037,nan
2024-06-06T15:35:42,83.647110,-17.002459,nan
2024-06-06T15:35:41,83.647133,-17.002878,nan
2024-06-06T15:35:41,83.647156,-17.003298,nan
2024-06-06T15:35:40,83.647171,-17.003714,nan
2024-06-06T15:35:40,83.647194,-17.004129,nan
2024-06-06T15:35:39,83.647217,-17.004541,nan
2024-06-06T15:35:39,83.647240,-17.004953,nan
2024-06-06T15:35:38,83.647263,-17.005365,nan
2024-06-06T15:35:38,83.647278,-17.005777,nan
2024-06-06T15:35:37,83.647301,-17.006189,nan
2024-06-06T15:35:37,83.647324,-17.006601,nan
2024-06-06T15:35:36,83.647354,-17.007015,nan
2024-06-06T15:35:36,83.647377,-17.007423,nan
2024-06-06T15:35:35,83.647400,-17.007833,nan
2024-06-06T15:35:35,83.647423,-17.008242,nan
2024-06-06T15:35:34,83.647446,-17.008646,nan
2024-06-06T15:35:34,83.647469,-17.009048,nan
2024-06-06T15:35:33,83.647499,-17.009451,nan
2024-06-06T15:35:33,83.647522,-17.009850,nan
2024-06-06T15:35:32,83.647545,-17.010246,nan
2024-06-06T15:35:32,83.647568,-17.010643,nan
2024-06-06T15:35:31,83.647591,-17.011040,nan
2024-06-06T15:35:31,83.647621,-17.011435,nan
2024-06-06T15:35:30,83.647644,-17.011831,nan
2024-06-06T15:35:30,83.647667,-17.012230,nan
2024-06-06T15:35:29,83.647697,-17.012629,nan
2024-06-06T15:35:29,83.647720,-17.013025,nan
2024-06-06T15:35:28,83.647751,-17.013426,nan
2024-06-06T15:35:28,83.647774,-17.013824,nan
2024-06-06T15:35:27,83.647797,-17.014227,nan
2024-06-06T15:35:27,83.647827,-17.014631,nan
2024-06-06T15:35:26,83.647850,-17.015038,nan
2024-06-06T15:35:26,83.647873,-17.015446,nan
2024-06-06T15:35:25,83.647903,-17.015856,nan
2024-06-06T15:35:25,83.647926,-17.016268,nan
2024-06-06T15:35:24,83.647949,-17.016684,nan
2024-06-06T15:35:24,83.647980,-17.017099,nan
2024-06-06T15:35:23,83.648003,-17.017513,nan
2024-06-06T15:35:23,83.648033,-17.017927,nan
2024-06-06T15:35:22,83.648056,-17.018343,nan
2024-06-06T15:35:22,83.648079,-17.018757,nan
2024-06-06T15:35:21,83.648109,-17.019169,nan
2024-06-06T15:35:21,83.648132,-17.019581,nan
2024-06-06T15:35:20,83.648155,-17.019989,nan
2024-06-06T15:35:20,83.648178,-17.020397,nan
2024-06-06T15:35:19,83.648201,-17.020807,nan
2024-06-06T15:35:19,83.648224,-17.021215,nan
2024-06-06T15:35:18,83.648247,-17.021624,nan
2024-06-06T15:35:18,83.648270,-17.022034,nan
2024-06-06T15:35:17,83.648293,-17.022444,nan
2024-06-06T15:35:17,83.648315,-17.022856,nan
2024-06-06T15:35:16,83.648338,-17.023268,nan
2024-06-06T15:35:16,83.648361,-17.023680,nan
2024-06-06T15:35:15,83.648384,-17.024094,nan
2024-06-06T15:35:15,83.648407,-17.024508,nan
2024-06-06T15:35:14,83.648422,-17.024927,nan
2024-06-06T15:35:14,83.648445,-17.025347,nan
2024-06-06T15:35:13,83.648468,-17.025764,nan
2024-06-06T15:35:13,83.648491,-17.026184,nan
2024-06-06T15:35:12,83.648514,-17.026606,nan
2024-06-06T15:35:12,83.648537,-17.027025,nan
2024-06-06T15:35:11,83.648560,-17.027451,nan
2024-06-06T15:35:11,83.648582,-17.027878,nan
2024-06-06T15:35:10,83.648598,-17.028309,nan
2024-06-06T15:35:10,83.648621,-17.028742,nan
2024-06-06T15:35:09,83.648643,-17.029177,nan
2024-06-06T15:35:09,83.648666,-17.029613,nan
2024-06-06T15:35:08,83.648682,-17.030056,nan
2024-06-06T15:35:08,83.648705,-17.030497,nan
2024-06-06T15:35:07,83.648727,-17.030939,nan
2024-06-06T15:35:07,83.648743,-17.031380,nan
2024-06-06T15:35:06,83.648766,-17.031820,nan
2024-06-06T15:35:06,83.648788,-17.032265,nan
2024-06-06T15:35:05,83.648804,-17.032707,nan
2024-06-06T15:35:05,83.648827,-17.033152,nan
2024-06-06T15:35:04,83.648849,-17.033598,nan
2024-06-06T15:35:04,83.648865,-17.034046,nan
2024-06-06T15:35:03,83.648888,-17.034496,nan
2024-06-06T15:35:03,83.648911,-17.034945,nan
2024-06-06T15:35:02,83.648933,-17.035395,nan
2024-06-06T15:35:02,83.648949,-17.035849,nan
2024-06-06T15:35:01,83.648972,-17.036303,nan
2024-06-06T15:35:01,83.648994,-17.036758,nan
2024-06-06T15:35:00,83.649017,-17.037214,nan
2024-06-06T15:35:00,83.649040,-17.037674,nan
2024-06-06T15:34:59,83.649055,-17.038134,nan
2024-06-06T15:34:59,83.649078,-17.038593,nan
2024-06-06T15:34:58,83.649101,-17.039055,nan
2024-06-06T15:34:58,83.649124,-17.039513,nan
2024-06-06T15:34:57,83.649147,-17.039970,nan
2024-06-06T15:34:57,83.649170,-17.040428,nan
2024-06-06T15:34:56,83.649193,-17.040886,nan
2024-06-06T15:34:56,83.649216,-17.041344,nan
2024-06-06T15:34:55,83.649239,-17.041798,nan
2024-06-06T15:34:55,83.649261,-17.042253,nan
2024-06-06T15:34:54,83.649284,-17.042709,nan
2024-06-06T15:34:54,83.649307,-17.043165,nan
2024-06-06T15:34:53,83.649330,-17.043621,nan
2024-06-06T15:34:53,83.649353,-17.044079,nan
2024-06-06T15:34:52,83.649376,-17.044538,nan
2024-06-06T15:34:52,83.649399,-17.044996,nan
2024-06-06T15:34:51,83.649445,-17.045914,nan
2024-06-06T15:34:50,83.649490,-17.046827,nan
2024-06-06T15:34:49,83.649513,-17.047283,nan
2024-06-06T15:34:49,83.649536,-17.047735,nan
2024-06-06T15:34:48,83.649559,-17.048195,nan
2024-06-06T15:34:48,83.649582,-17.048653,nan
2024-06-06T15:34:47,83.649605,-17.049110,nan
2024-06-06T15:34:47,83.649628,-17.049572,nan
2024-06-06T15:34:46,83.649651,-17.050035,nan
2024-06-06T15:34:46,83.649673,-17.050503,nan
2024-06-06T15:34:45,83.649696,-17.050966,nan
2024-06-06T15:34:45,83.649719,-17.051428,nan
2024-06-06T15:34:44,83.649750,-17.051886,nan
2024-06-06T15:34:44,83.649773,-17.052343,nan
2024-06-06T15:34:43,83.649796,-17.052799,nan
2024-06-06T15:34:43,83.649818,-17.053257,nan
2024-06-06T15:34:42,83.649841,-17.053715,nan
2024-06-06T15:34:42,83.649864,-17.054167,nan
2024-06-06T15:34:41,83.649895,-17.054621,nan
2024-06-06T15:34:41,83.649918,-17.055073,nan
2024-06-06T15:34:40,83.649940,-17.055525,nan
2024-06-06T15:34:40,83.649963,-17.055977,nan
2024-06-06T15:34:39,83.649986,-17.056431,nan
2024-06-06T15:34:39,83.650009,-17.056883,nan
2024-06-06T15:34:38,83.650032,-17.057335,nan
2024-06-06T15:34:38,83.650055,-17.057787,nan
2024-06-06T15:34:37,83.650078,-17.058237,nan
2024-06-06T15:34:37,83.650101,-17.058691,nan
2024-06-06T15:34:36,83.650124,-17.059147,nan
2024-06-06T15:34:36,83.650146,-17.059603,nan
2024-06-06T15:34:35,83.650169,-17.060059,nan
2024-06-06T15:34:35,83.650192,-17.060514,nan
2024-06-06T15:34:34,83.650215,-17.060970,nan
2024-06-06T15:34:34,83.650238,-17.061426,nan
2024-06-06T15:34:33,83.650261,-17.061884,nan
2024-06-06T15:34:33,83.650284,-17.062342,nan
2024-06-06T15:34:32,83.650307,-17.062799,nan
2024-06-06T15:34:32,83.650330,-17.063257,nan
2024-06-06T15:34:31,83.650345,-17.063719,nan
2024-06-06T15:34:31,83.650368,-17.064178,nan
2024-06-06T15:34:30,83.650391,-17.064640,nan
2024-06-06T15:34:30,83.650414,-17.065104,nan
2024-06-06T15:34:29,83.650436,-17.065561,nan
2024-06-06T15:34:29,83.650459,-17.066023,nan
2024-06-06T15:34:28,83.650482,-17.066481,nan
2024-06-06T15:34:28,83.650505,-17.066938,nan
2024-06-06T15:34:27,83.650528,-17.067394,nan
2024-06-06T15:34:27,83.650551,-17.067850,nan
2024-06-06T15:34:26,83.650574,-17.068310,nan
2024-06-06T15:34:26,83.650597,-17.068764,nan
2024-06-06T15:34:25,83.650620,-17.069218,nan
2024-06-06T15:34:25,83.650635,-17.069670,nan
2024-06-06T15:34:24,83.650658,-17.070122,nan
2024-06-06T15:34:24,83.650681,-17.070576,nan
2024-06-06T15:34:23,83.650703,-17.071028,nan
2024-06-06T15:34:23,83.650726,-17.071482,nan
2024-06-06T15:34:22,83.650749,-17.071934,nan
2024-06-06T15:34:22,83.650772,-17.072386,nan
2024-06-06T15:34:21,83.650795,-17.072840,nan
2024-06-06T15:34:21,83.650818,-17.073292,nan
2024-06-06T15:34:20,83.650841,-17.073744,nan
2024-06-06T15:34:20,83.650864,-17.074192,nan
2024-06-06T15:34:19,83.650887,-17.074638,nan
2024-06-06T15:34:19,83.650917,-17.075085,nan
2024-06-06T15:34:18,83.650940,-17.075531,nan
2024-06-06T15:34:18,83.650963,-17.075977,nan
2024-06-06T15:34:17,83.650986,-17.076426,nan
2024-06-06T15:34:17,83.651009,-17.076878,nan
2024-06-06T15:34:16,83.651031,-17.077330,nan
2024-06-06T15:34:16,83.651054,-17.077782,nan
2024-06-06T15:34:15,83.651085,-17.078234,nan
2024-06-06T15:34:15,83.651108,-17.078686,nan
2024-06-06T15:34:14,83.651131,-17.079138,nan
2024-06-06T15:34:14,83.651154,-17.079586,nan
2024-06-06T15:34:13,83.651176,-17.080034,nan
2024-06-06T15:34:13,83.651207,-17.080482,nan
2024-06-06T15:34:12,83.651230,-17.080931,nan
2024-06-06T15:34:12,83.651253,-17.081379,nan
2024-06-06T15:34:11,83.651276,-17.081827,nan
2024-06-06T15:34:11,83.651306,-17.082279,nan
2024-06-06T15:34:10,83.651329,-17.082733,nan
2024-06-06T15:34:10,83.651352,-17.083187,nan
2024-06-06T15:34:09,83.651375,-17.083647,nan
2024-06-06T15:34:09,83.651405,-17.084106,nan
2024-06-06T15:34:08,83.651428,-17.084570,nan
2024-06-06T15:34:08,83.651451,-17.085032,nan
2024-06-06T15:34:07,83.651482,-17.085497,nan
2024-06-06T15:34:07,83.651505,-17.085960,nan
2024-06-06T15:34:06,83.651527,-17.086426,nan
2024-06-06T15:34:06,83.651558,-17.086891,nan
2024-06-06T15:34:05,83.651581,-17.087357,nan
2024-06-06T15:34:05,83.651604,-17.087820,nan
2024-06-06T15:34:04,83.651634,-17.088285,nan
2024-06-06T15:34:04,83.651657,-17.088751,nan
2024-06-06T15:34:03,83.651680,-17.089214,nan
2024-06-06T15:34:03,83.651711,-17.089680,nan
2024-06-06T15:34:02,83.651733,-17.090147,nan
2024-06-06T15:34:02,83.651756,-17.090614,nan
2024-06-06T15:34:01,83.651787,-17.091087,nan
2024-06-06T15:34:01,83.651810,-17.091560,nan
2024-06-06T15:34:00,83.651840,-17.092037,nan
2024-06-06T15:34:00,83.651863,-17.092518,nan
2024-06-06T15:33:59,83.651886,-17.092999,nan
2024-06-06T15:33:59,83.651917,-17.093481,nan
2024-06-06T15:33:58,83.651939,-17.093966,nan
2024-06-06T15:33:58,83.651970,-17.094450,nan
2024-06-06T15:33:57,83.651993,-17.094934,nan
2024-06-06T15:33:57,83.652016,-17.095419,nan
2024-06-06T15:33:56,83.652046,-17.095903,nan
2024-06-06T15:33:56,83.652069,-17.096388,nan
2024-06-06T15:33:55,83.652092,-17.096874,nan
2024-06-06T15:33:55,83.652115,-17.097364,nan
2024-06-06T15:33:54,83.652138,-17.097853,nan
2024-06-06T15:33:54,83.652161,-17.098339,nan
2024-06-06T15:33:53,83.652184,-17.098827,nan
2024-06-06T15:33:53,83.652206,-17.099316,nan
2024-06-06T15:33:52,83.652229,-17.099800,nan
2024-06-06T15:33:52,83.652252,-17.100286,nan
2024-06-06T15:33:51,83.652275,-17.100775,nan
2024-06-06T15:33:51,83.652298,-17.101257,nan
2024-06-06T15:33:50,83.652321,-17.101744,nan
2024-06-06T15:33:50,83.652344,-17.102232,nan
2024-06-06T15:33:49,83.652367,-17.102720,nan
2024-06-06T15:33:49,83.652390,-17.103207,nan
2024-06-06T15:33:48,83.652412,-17.103697,nan
2024-06-06T15:33:48,83.652435,-17.104185,nan
2024-06-06T15:33:47,83.652458,-17.104679,nan
2024-06-06T15:33:47,83.652481,-17.105171,nan
2024-06-06T15:33:46,83.652504,-17.105665,nan
2024-06-06T15:33:46,83.652527,-17.106157,nan
2024-06-06T15:33:45,83.652550,-17.106651,nan
2024-06-06T15:33:45,83.652573,-17.107145,nan
2024-06-06T15:33:44,83.652596,-17.107639,nan
2024-06-06T15:33:44,83.652618,-17.108133,nan
2024-06-06T15:33:43,83.652641,-17.108625,nan
2024-06-06T15:33:43,83.652672,-17.109114,nan
2024-06-06T15:33:42,83.652695,-17.109600,nan
2024-06-06T15:33:42,83.652718,-17.110085,nan
2024-06-06T15:33:41,83.652740,-17.110567,nan
2024-06-06T15:33:41,83.652763,-17.111053,nan
2024-06-06T15:33:40,83.652786,-17.111540,nan
2024-06-06T15:33:40,83.652817,-17.112026,nan
2024-06-06T15:33:39,83.652840,-17.112514,nan
2024-06-06T15:33:39,83.652863,-17.113007,nan
2024-06-06T15:33:38,83.652885,-17.113503,nan
2024-06-06T15:33:38,83.652908,-17.113998,nan
2024-06-06T15:33:37,83.652931,-17.114496,nan
2024-06-06T15:33:37,83.652954,-17.114992,nan
2024-06-06T15:33:36,83.652977,-17.115492,nan
2024-06-06T15:33:36,83.653000,-17.115990,nan
2024-06-06T15:33:35,83.653023,-17.116486,nan
2024-06-06T15:33:35,83.653053,-17.116976,nan
2024-06-06T15:33:34,83.653076,-17.117460,nan
2024-06-06T15:33:34,83.653099,-17.117943,nan
2024-06-06T15:33:33,83.653122,-17.118422,nan
2024-06-06T15:33:33,83.653152,-17.118898,nan
2024-06-06T15:33:32,83.653175,-17.119373,nan
2024-06-06T15:33:32,83.653206,-17.119846,nan
2024-06-06T15:33:31,83.653229,-17.120323,nan
2024-06-06T15:33:31,83.653259,-17.120800,nan
2024-06-06T15:33:30,83.653282,-17.121281,nan
2024-06-06T15:33:30,83.653313,-17.121759,nan
2024-06-06T15:33:29,83.653336,-17.122238,nan
2024-06-06T15:33:29,83.653366,-17.122719,nan
2024-06-06T15:33:28,83.653389,-17.123198,nan
2024-06-06T15:33:28,83.653419,-17.123676,nan
2024-06-06T15:33:27,83.653450,-17.124153,nan
2024-06-06T15:33:27,83.653481,-17.124628,nan
2024-06-06T15:33:26,83.653503,-17.125097,nan
2024-06-06T15:33:26,83.653534,-17.125565,nan
2024-06-06T15:33:25,83.653564,-17.126028,nan
2024-06-06T15:33:25,83.653595,-17.126492,nan
2024-06-06T15:33:24,83.653625,-17.126949,nan
2024-06-06T15:33:24,83.653656,-17.127407,nan
2024-06-06T15:33:23,83.653687,-17.127865,nan
2024-06-06T15:33:23,83.653709,-17.128323,nan
2024-06-06T15:33:22,83.653740,-17.128780,nan
2024-06-06T15:33:22,83.653770,-17.129240,nan
2024-06-06T15:33:21,83.653801,-17.129704,nan
2024-06-06T15:33:21,83.653831,-17.130165,nan
2024-06-06T15:33:20,83.653854,-17.130630,nan
2024-06-06T15:33:20,83.653885,-17.131098,nan
2024-06-06T15:33:19,83.653915,-17.131567,nan
2024-06-06T15:33:19,83.653938,-17.132042,nan
2024-06-06T15:33:18,83.653969,-17.132517,nan
2024-06-06T15:33:18,83.653999,-17.132992,nan
2024-06-06T15:33:17,83.654022,-17.133469,nan
2024-06-06T15:33:17,83.654053,-17.133944,nan
2024-06-06T15:33:16,83.654083,-17.134420,nan
2024-06-06T15:33:16,83.654106,-17.134899,nan
2024-06-06T15:33:15,83.654137,-17.135376,nan
2024-06-06T15:33:15,83.654167,-17.135853,nan
2024-06-06T15:33:14,83.654198,-17.136332,nan
2024-06-06T15:33:14,83.654228,-17.136808,nan
2024-06-06T15:33:13,83.654251,-17.137285,nan
2024-06-06T15:33:13,83.654282,-17.137762,nan
2024-06-06T15:33:12,83.654312,-17.138243,nan
2024-06-06T15:33:12,83.654335,-17.138725,nan
2024-06-06T15:33:11,83.654366,-17.139206,nan
2024-06-06T15:33:11,83.654396,-17.139687,nan
2024-06-06T15:33:10,83.654427,-17.140167,nan
2024-06-06T15:33:10,83.654449,-17.140648,nan
2024-06-06T15:33:09,83.654480,-17.141129,nan
2024-06-06T15:33:09,83.654510,-17.141611,nan
2024-06-06T15:33:08,83.654533,-17.142092,nan
2024-06-06T15:33:08,83.654564,-17.142570,nan
2024-06-06T15:33:07,83.654594,-17.143047,nan
2024-06-06T15:33:07,83.654625,-17.143524,nan
2024-06-06T15:33:06,83.654648,-17.144005,nan
2024-06-06T15:33:06,83.654678,-17.144484,nan
2024-06-06T15:33:05,83.654709,-17.144964,nan
2024-06-06T15:33:05,83.654739,-17.145447,nan
2024-06-06T15:33:04,83.654770,-17.145929,nan
2024-06-06T15:33:04,83.654793,-17.146416,nan
2024-06-06T15:33:03,83.654823,-17.146900,nan
2024-06-06T15:33:03,83.654854,-17.147388,nan
2024-06-06T15:33:02,83.654884,-17.147877,nan
2024-06-06T15:33:02,83.654915,-17.148363,nan
2024-06-06T15:33:01,83.654938,-17.148853,nan
2024-06-06T15:33:01,83.654968,-17.149342,nan
2024-06-06T15:33:00,83.654999,-17.149828,nan
2024-06-06T15:33:00,83.655029,-17.150311,nan
2024-06-06T15:32:59,83.655060,-17.150791,nan
2024-06-06T15:32:59,83.655090,-17.151266,nan
2024-06-06T15:32:58,83.655121,-17.151737,nan
2024-06-06T15:32:58,83.655151,-17.152203,nan
2024-06-06T15:32:57,83.655182,-17.152660,nan
2024-06-06T15:32:57,83.655212,-17.153116,nan
2024-06-06T15:32:56,83.655243,-17.153570,nan
2024-06-06T15:32:56,83.655273,-17.154020,nan
2024-06-06T15:32:55,83.655304,-17.154472,nan
2024-06-06T15:32:55,83.655334,-17.154924,nan
2024-06-06T15:32:54,83.655357,-17.155378,nan
2024-06-06T15:32:54,83.655388,-17.155836,nan
2024-06-06T15:32:53,83.655418,-17.156298,nan
2024-06-06T15:32:53,83.655449,-17.156759,nan
2024-06-06T15:32:52,83.655472,-17.157223,nan
2024-06-06T15:32:52,83.655502,-17.157686,nan
2024-06-06T15:32:51,83.655533,-17.158154,nan
2024-06-06T15:32:51,83.655556,-17.158615,nan
2024-06-06T15:32:50,83.655586,-17.159079,nan
2024-06-06T15:32:50,83.655617,-17.159540,nan
2024-06-06T15:32:49,83.655640,-17.160004,nan
2024-06-06T15:32:49,83.655670,-17.160465,nan
2024-06-06T15:32:48,83.655701,-17.160929,nan
2024-06-06T15:32:48,83.655724,-17.161388,nan
2024-06-06T15:32:47,83.655754,-17.161850,nan
2024-06-06T15:32:47,83.655785,-17.162312,nan
2024-06-06T15:32:46,83.655815,-17.162771,nan
2024-06-06T15:32:46,83.655838,-17.163229,nan
2024-06-06T15:32:45,83.655869,-17.163687,nan
2024-06-06T15:32:45,83.655899,-17.164141,nan
2024-06-06T15:32:44,83.655922,-17.164593,nan
2024-06-06T15:32:44,83.655952,-17.165047,nan
2024-06-06T15:32:43,83.655975,-17.165497,nan
2024-06-06T15:32:43,83.656006,-17.165949,nan
2024-06-06T15:32:42,83.656029,-17.166401,nan
2024-06-06T15:32:42,83.656059,-17.166849,nan
2024-06-06T15:32:41,83.656082,-17.167297,nan
2024-06-06T15:32:41,83.656105,-17.167744,nan
2024-06-06T15:32:40,83.656136,-17.168188,nan
2024-06-06T15:32:40,83.656158,-17.168633,nan
2024-06-06T15:32:39,83.656181,-17.169073,nan
2024-06-06T15:32:39,83.656212,-17.169516,nan
2024-06-06T15:32:38,83.656235,-17.169956,nan
2024-06-06T15:32:38,83.656258,-17.170397,nan
2024-06-06T15:32:37,83.656288,-17.170834,nan
2024-06-06T15:32:37,83.656311,-17.171272,nan
2024-06-06T15:32:36,83.656342,-17.171715,nan
2024-06-06T15:32:36,83.656364,-17.172159,nan
2024-06-06T15:32:35,83.656387,-17.172606,nan
2024-06-06T15:32:35,83.656418,-17.173054,nan
2024-06-06T15:32:34,83.656441,-17.173500,nan
2024-06-06T15:32:34,83.656471,-17.173948,nan
2024-06-06T15:32:33,83.656502,-17.174397,nan
2024-06-06T15:32:33,83.656525,-17.174847,nan
2024-06-06T15:32:32,83.656548,-17.175295,nan
2024-06-06T15:32:32,83.656578,-17.175739,nan
2024-06-06T15:32:31,83.656601,-17.176188,nan
2024-06-06T15:32:31,83.656631,-17.176634,nan
2024-06-06T15:32:30,83.656654,-17.177082,nan
2024-06-06T15:32:30,83.656677,-17.177528,nan
2024-06-06T15:32:29,83.656708,-17.177971,nan
2024-06-06T15:32:29,83.656731,-17.178411,nan
2024-06-06T15:32:28,83.656754,-17.178856,nan
2024-06-06T15:32:28,83.656776,-17.179300,nan
2024-06-06T15:32:27,83.656807,-17.179749,nan
2024-06-06T15:32:27,83.656830,-17.180197,nan
2024-06-06T15:32:26,83.656853,-17.180647,nan
2024-06-06T15:32:26,83.656876,-17.181099,nan
2024-06-06T15:32:25,83.656898,-17.181553,nan
2024-06-06T15:32:25,83.656921,-17.182003,nan
2024-06-06T15:32:24,83.656944,-17.182451,nan
2024-06-06T15:32:24,83.656967,-17.182898,nan
2024-06-06T15:32:23,83.656998,-17.183338,nan
2024-06-06T15:32:23,83.657021,-17.183777,nan
2024-06-06T15:32:22,83.657043,-17.184214,nan
2024-06-06T15:32:22,83.657066,-17.184649,nan
2024-06-06T15:32:21,83.657089,-17.185081,nan
2024-06-06T15:32:21,83.657120,-17.185509,nan
2024-06-06T15:32:20,83.657143,-17.185934,nan
2024-06-06T15:32:20,83.657166,-17.186361,nan
2024-06-06T15:32:19,83.657188,-17.186792,nan
2024-06-06T15:32:19,83.657219,-17.187223,nan
2024-06-06T15:32:18,83.657242,-17.187656,nan
2024-06-06T15:32:18,83.657265,-17.188091,nan
2024-06-06T15:32:17,83.657288,-17.188526,nan
2024-06-06T15:32:17,83.657318,-17.188965,nan
2024-06-06T15:32:16,83.657341,-17.189402,nan
2024-06-06T15:32:16,83.657364,-17.189835,nan
2024-06-06T15:32:15,83.657387,-17.190268,nan
2024-06-06T15:32:15,83.657417,-17.190697,nan
2024-06-06T15:32:14,83.657440,-17.191120,nan
2024-06-06T15:32:14,83.657463,-17.191544,nan
2024-06-06T15:32:13,83.657486,-17.191965,nan
2024-06-06T15:32:13,83.657516,-17.192390,nan
2024-06-06T15:32:12,83.657539,-17.192818,nan
2024-06-06T15:32:12,83.657562,-17.193245,nan
2024-06-06T15:32:11,83.657585,-17.193672,nan
2024-06-06T15:32:11,83.657616,-17.194099,nan
2024-06-06T15:32:10,83.657639,-17.194527,nan
2024-06-06T15:32:10,83.657661,-17.194956,nan
2024-06-06T15:32:09,83.657684,-17.195381,nan
2024-06-06T15:32:09,83.657715,-17.195805,nan
2024-06-06T15:32:08,83.657738,-17.196226,nan
2024-06-06T15:32:08,83.657761,-17.196648,nan
2024-06-06T15:32:07,83.657784,-17.197069,nan
2024-06-06T15:32:07,83.657806,-17.197493,nan
2024-06-06T15:32:06,83.657837,-17.197912,nan
2024-06-06T15:32:06,83.657860,-17.198334,nan
2024-06-06T15:32:05,83.657883,-17.198757,nan
2024-06-06T15:32:05,83.657913,-17.199181,nan
2024-06-06T15:32:04,83.657936,-17.199602,nan
2024-06-06T15:32:04,83.657959,-17.200026,nan
2024-06-06T15:32:03,83.657990,-17.200451,nan
2024-06-06T15:32:03,83.658012,-17.200876,nan
2024-06-06T15:32:02,83.658035,-17.201303,nan
2024-06-06T15:32:02,83.658066,-17.201729,nan
2024-06-06T15:32:01,83.658089,-17.202148,nan
2024-06-06T15:32:01,83.658112,-17.202572,nan
2024-06-06T15:32:00,83.658134,-17.202990,nan
2024-06-06T15:32:00,83.658165,-17.203403,nan
2024-06-06T15:31:59,83.658188,-17.203817,nan
2024-06-06T15:31:59,83.658211,-17.204229,nan
2024-06-06T15:31:58,83.658234,-17.204643,nan
2024-06-06T15:31:58,83.658257,-17.205061,nan
2024-06-06T15:31:57,83.658279,-17.205481,nan
2024-06-06T15:31:57,83.658310,-17.205896,nan
2024-06-06T15:31:56,83.658333,-17.206316,nan
2024-06-06T15:31:56,83.658356,-17.206736,nan
2024-06-06T15:31:55,83.658379,-17.207159,nan
2024-06-06T15:31:55,83.658409,-17.207582,nan
2024-06-06T15:31:54,83.658432,-17.208008,nan
2024-06-06T15:31:54,83.658455,-17.208433,nan
2024-06-06T15:31:53,83.658478,-17.208860,nan
2024-06-06T15:31:53,83.658501,-17.209290,nan
2024-06-06T15:31:52,83.658531,-17.209723,nan
2024-06-06T15:31:52,83.658554,-17.210155,nan
2024-06-06T15:31:51,83.658577,-17.210594,nan
2024-06-06T15:31:51,83.658607,-17.211035,nan
2024-06-06T15:31:50,83.658630,-17.211479,nan
2024-06-06T15:31:50,83.658653,-17.211927,nan
2024-06-06T15:31:49,83.658684,-17.212383,nan
2024-06-06T15:31:49,83.658707,-17.212843,nan
2024-06-06T15:31:48,83.658737,-17.213306,nan
2024-06-06T15:31:48,83.658760,-17.213774,nan
2024-06-06T15:31:47,83.658791,-17.214243,nan
2024-06-06T15:31:47,83.658813,-17.214712,nan
2024-06-06T15:31:46,83.658836,-17.215183,nan
2024-06-06T15:31:46,83.658859,-17.215656,nan
2024-06-06T15:31:45,83.658882,-17.216133,nan
2024-06-06T15:31:45,83.658905,-17.216616,nan
2024-06-06T15:31:44,83.658928,-17.217100,nan
2024-06-06T15:31:44,83.658951,-17.217585,nan
2024-06-06T15:31:43,83.658974,-17.218073,nan
2024-06-06T15:31:43,83.658997,-17.218557,nan
2024-06-06T15:31:42,83.659019,-17.219040,nan
2024-06-06T15:31:42,83.659035,-17.219522,nan
2024-06-06T15:31:41,83.659058,-17.220001,nan
2024-06-06T15:31:41,83.659081,-17.220478,nan
2024-06-06T15:31:40,83.659103,-17.220951,nan
2024-06-06T15:31:40,83.659126,-17.221424,nan
2024-06-06T15:31:39,83.659142,-17.221895,nan
2024-06-06T15:31:39,83.659164,-17.222364,nan
2024-06-06T15:31:38,83.659187,-17.222834,nan
2024-06-06T15:31:38,83.659210,-17.223303,nan
2024-06-06T15:31:37,83.659225,-17.223766,nan
2024-06-06T15:31:37,83.659248,-17.224232,nan
2024-06-06T15:31:36,83.659271,-17.224697,nan
2024-06-06T15:31:36,83.659286,-17.225163,nan
2024-06-06T15:31:35,83.659309,-17.225624,nan
2024-06-06T15:31:35,83.659332,-17.226084,nan
2024-06-06T15:31:34,83.659348,-17.226540,nan
2024-06-06T15:31:34,83.659370,-17.226992,nan
2024-06-06T15:31:33,83.659393,-17.227446,nan
2024-06-06T15:31:33,83.659416,-17.227896,nan
2024-06-06T15:31:32,83.659439,-17.228340,nan
2024-06-06T15:31:32,83.659462,-17.228786,nan
2024-06-06T15:31:31,83.659485,-17.229231,nan
2024-06-06T15:31:31,83.659508,-17.229673,nan
2024-06-06T15:31:30,83.659531,-17.230118,nan
2024-06-06T15:31:30,83.659554,-17.230562,nan
2024-06-06T15:31:29,83.659576,-17.231009,nan
2024-06-06T15:31:29,83.659599,-17.231449,nan
2024-06-06T15:31:28,83.659622,-17.231886,nan
2024-06-06T15:31:28,83.659645,-17.232321,nan
2024-06-06T15:31:27,83.659668,-17.232754,nan
2024-06-06T15:31:27,83.659691,-17.233183,nan
2024-06-06T15:31:26,83.659714,-17.233606,nan
2024-06-06T15:31:26,83.659737,-17.234032,nan
2024-06-06T15:31:25,83.659767,-17.234455,nan
2024-06-06T15:31:25,83.659790,-17.234879,nan
2024-06-06T15:31:24,83.659813,-17.235306,nan
2024-06-06T15:31:24,83.659836,-17.235729,nan
2024-06-06T15:31:23,83.659859,-17.236155,nan
2024-06-06T15:31:23,83.659882,-17.236582,nan
2024-06-06T15:31:22,83.659904,-17.237007,nan
2024-06-06T15:31:22,83.659927,-17.237436,nan
2024-06-06T15:31:21,83.659950,-17.237867,nan
2024-06-06T15:31:21,83.659973,-17.238302,nan
2024-06-06T15:31:20,83.659996,-17.238739,nan
2024-06-06T15:31:20,83.660019,-17.239178,nan
2024-06-06T15:31:19,83.660042,-17.239618,nan
2024-06-06T15:31:19,83.660065,-17.240063,nan
2024-06-06T15:31:18,83.660080,-17.240505,nan
2024-06-06T15:31:18,83.660103,-17.240952,nan
2024-06-06T15:31:17,83.660126,-17.241398,nan
2024-06-06T15:31:17,83.660149,-17.241844,nan
2024-06-06T15:31:16,83.660172,-17.242292,nan
2024-06-06T15:31:16,83.660187,-17.242741,nan
2024-06-06T15:31:15,83.660210,-17.243187,nan
2024-06-06T15:31:15,83.660233,-17.243637,nan
2024-06-06T15:31:14,83.660248,-17.244087,nan
2024-06-06T15:31:14,83.660271,-17.244534,nan
2024-06-06T15:31:13,83.660294,-17.244980,nan
2024-06-06T15:31:13,83.660309,-17.245420,nan
2024-06-06T15:31:12,83.660332,-17.245861,nan
2024-06-06T15:31:12,83.660355,-17.246298,nan
2024-06-06T15:31:11,83.660378,-17.246733,nan
2024-06-06T15:31:11,83.660400,-17.247166,nan
2024-06-06T15:31:10,83.660431,-17.247597,nan
2024-06-06T15:31:10,83.660454,-17.248026,nan
2024-06-06T15:31:09,83.660477,-17.248451,nan
2024-06-06T15:31:09,83.660500,-17.248878,nan
2024-06-06T15:31:08,83.660530,-17.249302,nan
2024-06-06T15:31:08,83.660553,-17.249725,nan
2024-06-06T15:31:07,83.660583,-17.250151,nan
2024-06-06T15:31:07,83.660606,-17.250574,nan
2024-06-06T15:31:06,83.660637,-17.250998,nan
2024-06-06T15:31:06,83.660660,-17.251421,nan
2024-06-06T15:31:05,83.660690,-17.251841,nan
2024-06-06T15:31:05,83.660713,-17.252260,nan
2024-06-06T15:31:04,83.660744,-17.252676,nan
2024-06-06T15:31:04,83.660767,-17.253090,nan
2024-06-06T15:31:03,83.660789,-17.253504,nan
2024-06-06T15:31:03,83.660820,-17.253918,nan
2024-06-06T15:31:02,83.660843,-17.254333,nan
2024-06-06T15:31:02,83.660873,-17.254747,nan
2024-06-06T15:31:01,83.660896,-17.255163,nan
2024-06-06T15:31:01,83.660927,-17.255575,nan
2024-06-06T15:31:00,83.660957,-17.255985,nan
2024-06-06T15:31:00,83.660980,-17.256393,nan
2024-06-06T15:30:59,83.661011,-17.256802,nan
2024-06-06T15:30:59,83.661034,-17.257210,nan
2024-06-06T15:30:58,83.661064,-17.257618,nan
2024-06-06T15:30:58,83.661095,-17.258026,nan
2024-06-06T15:30:57,83.661118,-17.258432,nan
2024-06-06T15:30:57,83.661140,-17.258841,nan
2024-06-06T15:30:56,83.661171,-17.259247,nan
2024-06-06T15:30:56,83.661194,-17.259651,nan
2024-06-06T15:30:55,83.661217,-17.260057,nan
2024-06-06T15:30:55,83.661247,-17.260468,nan
2024-06-06T15:30:54,83.661270,-17.260880,nan
2024-06-06T15:30:54,83.661293,-17.261295,nan
2024-06-06T15:30:53,83.661324,-17.261711,nan
2024-06-06T15:30:53,83.661346,-17.262125,nan
2024-06-06T15:30:52,83.661369,-17.262539,nan
2024-06-06T15:30:52,83.661400,-17.262953,nan
2024-06-06T15:30:51,83.661423,-17.263367,nan
2024-06-06T15:30:51,83.661453,-17.263777,nan
2024-06-06T15:30:50,83.661476,-17.264185,nan
2024-06-06T15:30:50,83.661507,-17.264591,nan
2024-06-06T15:30:49,83.661530,-17.264997,nan
2024-06-06T15:30:49,83.661560,-17.265406,nan
2024-06-06T15:30:48,83.661583,-17.265814,nan
2024-06-06T15:30:48,83.661606,-17.266226,nan
2024-06-06T15:30:47,83.661629,-17.266642,nan
2024-06-06T15:30:47,83.661652,-17.267063,nan
2024-06-06T15:30:46,83.661674,-17.267490,nan
2024-06-06T15:30:46,83.661697,-17.267925,nan
2024-06-06T15:30:45,83.661720,-17.268362,nan
2024-06-06T15:30:45,83.661743,-17.268801,nan
2024-06-06T15:30:44,83.661758,-17.269241,nan
2024-06-06T15:30:44,83.661781,-17.269680,nan
2024-06-06T15:30:43,83.661804,-17.270121,nan
2024-06-06T15:30:43,83.661827,-17.270559,nan
2024-06-06T15:30:42,83.661842,-17.270996,nan
2024-06-06T15:30:42,83.661865,-17.271429,nan
2024-06-06T15:30:41,83.661888,-17.271864,nan
2024-06-06T15:30:41,83.661911,-17.272295,nan
2024-06-06T15:30:40,83.661926,-17.272722,nan
2024-06-06T15:30:40,83.661949,-17.273148,nan
2024-06-06T15:30:39,83.661972,-17.273577,nan
2024-06-06T15:30:39,83.661987,-17.274010,nan
2024-06-06T15:30:38,83.662010,-17.274441,nan
2024-06-06T15:30:38,83.662033,-17.274876,nan
2024-06-06T15:30:37,83.662048,-17.275314,nan
2024-06-06T15:30:37,83.662064,-17.275749,nan
2024-06-06T15:30:36,83.662079,-17.276186,nan
2024-06-06T15:30:36,83.662094,-17.276617,nan
2024-06-06T15:30:35,83.662109,-17.277042,nan
2024-06-06T15:30:35,83.662125,-17.277466,nan
2024-06-06T15:30:34,83.662140,-17.277885,nan
2024-06-06T15:30:34,83.662155,-17.278305,nan
2024-06-06T15:30:33,83.662170,-17.278727,nan
2024-06-06T15:30:33,83.662186,-17.279146,nan
2024-06-06T15:30:32,83.662193,-17.279572,nan
2024-06-06T15:30:32,83.662216,-17.279993,nan
2024-06-06T15:30:31,83.662231,-17.280418,nan
2024-06-06T15:30:31,83.662247,-17.280848,nan
2024-06-06T15:30:30,83.662262,-17.281281,nan
2024-06-06T15:30:30,83.662277,-17.281712,nan
2024-06-06T15:30:29,83.662292,-17.282143,nan
2024-06-06T15:30:29,83.662308,-17.282572,nan
2024-06-06T15:30:28,83.662323,-17.282997,nan
2024-06-06T15:30:28,83.662338,-17.283422,nan
2024-06-06T15:30:27,83.662354,-17.283846,nan
2024-06-06T15:30:27,83.662369,-17.284266,nan
2024-06-06T15:30:26,83.662392,-17.284681,nan
2024-06-06T15:30:26,83.662407,-17.285095,nan
2024-06-06T15:30:25,83.662422,-17.285503,nan
2024-06-06T15:30:25,83.662437,-17.285906,nan
2024-06-06T15:30:24,83.662453,-17.286303,nan
2024-06-06T15:30:24,83.662468,-17.286695,nan
2024-06-06T15:30:23,83.662476,-17.287083,nan
2024-06-06T15:30:23,83.662491,-17.287466,nan
2024-06-06T15:30:22,83.662506,-17.287853,nan
2024-06-06T15:30:22,83.662514,-17.288244,nan
2024-06-06T15:30:21,83.662529,-17.288637,nan
2024-06-06T15:30:21,83.662537,-17.289036,nan
2024-06-06T15:30:20,83.662544,-17.289438,nan
2024-06-06T15:30:20,83.662552,-17.289848,nan
2024-06-06T15:30:19,83.662567,-17.290264,nan
2024-06-06T15:30:19,83.662575,-17.290684,nan
2024-06-06T15:30:18,83.662590,-17.291103,nan
2024-06-06T15:30:18,83.662598,-17.291523,nan
2024-06-06T15:30:17,83.662613,-17.291945,nan
2024-06-06T15:30:17,83.662628,-17.292366,nan
2024-06-06T15:30:16,83.662643,-17.292784,nan
2024-06-06T15:30:16,83.662666,-17.293200,nan
2024-06-06T15:30:15,83.662682,-17.293613,nan
2024-06-06T15:30:15,83.662697,-17.294031,nan
2024-06-06T15:30:14,83.662720,-17.294449,nan
2024-06-06T15:30:14,83.662735,-17.294867,nan
2024-06-06T15:30:13,83.662750,-17.295280,nan
2024-06-06T15:30:13,83.662766,-17.295696,nan
2024-06-06T15:30:12,83.662781,-17.296108,nan
2024-06-06T15:30:12,83.662788,-17.296526,nan
2024-06-06T15:30:11,83.662804,-17.296946,nan
2024-06-06T15:30:11,83.662819,-17.297365,nan
2024-06-06T15:30:10,83.662827,-17.297791,nan
2024-06-06T15:30:10,83.662834,-17.298218,nan
2024-06-06T15:30:09,83.662842,-17.298643,nan
2024-06-06T15:30:09,83.662849,-17.299072,nan
2024-06-06T15:30:08,83.662857,-17.299500,nan
2024-06-06T15:30:08,83.662857,-17.299927,nan
2024-06-06T15:30:07,83.662865,-17.300356,nan
2024-06-06T15:30:07,83.662865,-17.300783,nan
2024-06-06T15:30:06,83.662872,-17.301207,nan
2024-06-06T15:30:06,83.662872,-17.301624,nan
2024-06-06T15:30:05,83.662880,-17.302040,nan
2024-06-06T15:30:05,83.662888,-17.302444,nan
2024-06-06T15:30:04,83.662888,-17.302841,nan
2024-06-06T15:30:04,83.662895,-17.303238,nan
2024-06-06T15:30:03,83.662895,-17.303627,nan
2024-06-06T15:30:03,83.662903,-17.304010,nan
2024-06-06T15:30:02,83.662910,-17.304388,nan
2024-06-06T15:30:02,83.662910,-17.304764,nan
2024-06-06T15:30:01,83.662918,-17.305140,nan
2024-06-06T15:30:01,83.662918,-17.305506,nan
2024-06-06T15:30:00,83.662926,-17.305866,nan
2024-06-06T15:30:00,83.662933,-17.306234,nan
2024-06-06T15:29:59,83.662933,-17.306601,nan
2024-06-06T15:29:59,83.662941,-17.306969,nan
2024-06-06T15:29:58,83.662949,-17.307339,nan
2024-06-06T15:29:58,83.662949,-17.307707,nan
2024-06-06T15:29:57,83.662956,-17.308077,nan
2024-06-06T15:29:57,83.662964,-17.308449,nan
2024-06-06T15:29:56,83.662971,-17.308825,nan
2024-06-06T15:29:56,83.662979,-17.309200,nan
2024-06-06T15:29:55,83.662987,-17.309580,nan
2024-06-06T15:29:55,83.662994,-17.309959,nan
2024-06-06T15:29:54,83.663002,-17.310339,nan
2024-06-06T15:29:54,83.663010,-17.310720,nan
2024-06-06T15:29:53,83.663017,-17.311100,nan
2024-06-06T15:29:53,83.663025,-17.311487,nan
2024-06-06T15:29:52,83.663033,-17.311878,nan
2024-06-06T15:29:52,83.663040,-17.312279,nan
2024-06-06T15:29:51,83.663055,-17.312681,nan
2024-06-06T15:29:51,83.663063,-17.313089,nan
2024-06-06T15:29:50,83.663071,-17.313501,nan
2024-06-06T15:29:50,83.663078,-17.313915,nan
2024-06-06T15:29:49,83.663094,-17.314329,nan
2024-06-06T15:29:49,83.663109,-17.314743,nan
2024-06-06T15:29:48,83.663116,-17.315149,nan
2024-06-06T15:29:48,83.663132,-17.315554,nan
2024-06-06T15:29:47,83.663147,-17.315948,nan
2024-06-06T15:29:47,83.663162,-17.316332,nan
2024-06-06T15:29:46,83.663185,-17.316702,nan
2024-06-06T15:29:46,83.663200,-17.317064,nan
2024-06-06T15:29:45,83.663216,-17.317421,nan
2024-06-06T15:29:45,83.663231,-17.317776,nan
2024-06-06T15:29:44,83.663246,-17.318125,nan
2024-06-06T15:29:44,83.663261,-17.318478,nan
2024-06-06T15:29:43,83.663277,-17.318832,nan
2024-06-06T15:29:43,83.663292,-17.319183,nan
2024-06-06T15:29:42,83.663307,-17.319536,nan
2024-06-06T15:29:42,83.663322,-17.319895,nan
2024-06-06T15:29:41,83.663338,-17.320257,nan
2024-06-06T15:29:41,83.663345,-17.320616,nan
2024-06-06T15:29:40,83.663361,-17.320974,nan
2024-06-06T15:29:40,83.663368,-17.321335,nan
2024-06-06T15:29:39,83.663383,-17.321688,nan
2024-06-06T15:29:39,83.663391,-17.322031,nan
2024-06-06T15:29:38,83.663399,-17.322369,nan
2024-06-06T15:29:38,83.663406,-17.322697,nan
2024-06-06T15:29:37,83.663422,-17.323017,nan
2024-06-06T15:29:37,83.663429,-17.323330,nan
2024-06-06T15:29:36,83.663445,-17.323635,nan
2024-06-06T15:29:36,83.663460,-17.323936,nan
2024-06-06T15:29:35,83.663467,-17.324226,nan
2024-06-06T15:29:35,83.663483,-17.324520,nan
2024-06-06T15:29:34,83.663498,-17.324818,nan
2024-06-06T15:29:34,83.663513,-17.325115,nan
2024-06-06T15:29:33,83.663528,-17.325415,nan
2024-06-06T15:29:33,83.663544,-17.325708,nan
2024-06-06T15:29:32,83.663559,-17.326008,nan
2024-06-06T15:29:32,83.663574,-17.326307,nan
2024-06-06T15:29:31,83.663589,-17.326612,nan
2024-06-06T15:29:31,83.663605,-17.326921,nan
2024-06-06T15:29:30,83.663620,-17.327227,nan
2024-06-06T15:29:30,83.663635,-17.327536,nan
2024-06-06T15:29:29,83.663651,-17.327843,nan
2024-06-06T15:29:29,83.663666,-17.328156,nan
2024-06-06T15:29:28,83.663681,-17.328468,nan
2024-06-06T15:29:28,83.663696,-17.328785,nan
2024-06-06T15:29:27,83.663712,-17.329102,nan
2024-06-06T15:29:27,83.663727,-17.329416,nan
2024-06-06T15:29:26,83.663742,-17.329729,nan
2024-06-06T15:29:26,83.663757,-17.330032,nan
2024-06-06T15:29:25,83.663773,-17.330324,nan
2024-06-06T15:29:25,83.663780,-17.330614,nan
2024-06-06T15:29:24,83.663795,-17.330898,nan
2024-06-06T15:29:24,83.663803,-17.331181,nan
2024-06-06T15:29:23,83.663818,-17.331455,nan
2024-06-06T15:29:23,83.663826,-17.331726,nan
2024-06-06T15:29:22,83.663834,-17.331999,nan
2024-06-06T15:29:22,83.663849,-17.332268,nan
2024-06-06T15:29:21,83.663857,-17.332539,nan
2024-06-06T15:29:21,83.663864,-17.332813,nan
2024-06-06T15:29:20,83.663872,-17.333080,nan
2024-06-06T15:29:20,83.663879,-17.333340,nan
2024-06-06T15:29:19,83.663887,-17.333593,nan
2024-06-06T15:29:19,83.663887,-17.333853,nan
2024-06-06T15:29:18,83.663887,-17.334108,nan
2024-06-06T15:29:18,83.663887,-17.334364,nan
2024-06-06T15:29:17,83.663887,-17.334621,nan
2024-06-06T15:29:17,83.663887,-17.334877,nan
2024-06-06T15:29:16,83.663879,-17.335135,nan
2024-06-06T15:29:16,83.663879,-17.335384,nan
2024-06-06T15:29:15,83.663872,-17.335634,nan
2024-06-06T15:29:15,83.663872,-17.335888,nan
2024-06-06T15:29:14,83.663864,-17.336142,nan
2024-06-06T15:29:14,83.663857,-17.336397,nan
2024-06-06T15:29:13,83.663857,-17.336658,nan
2024-06-06T15:29:13,83.663857,-17.336926,nan
2024-06-06T15:29:12,83.663849,-17.337198,nan
2024-06-06T15:29:12,83.663849,-17.337473,nan
2024-06-06T15:29:11,83.663849,-17.337746,nan
2024-06-06T15:29:11,83.663857,-17.338017,nan
2024-06-06T15:29:10,83.663857,-17.338291,nan
2024-06-06T15:29:10,83.663857,-17.338573,nan
2024-06-06T15:29:09,83.663857,-17.338860,nan
2024-06-06T15:29:09,83.663864,-17.339153,nan
2024-06-06T15:29:08,83.663864,-17.339457,nan
2024-06-06T15:29:08,83.663864,-17.339766,nan
2024-06-06T15:29:07,83.663872,-17.340076,nan
2024-06-06T15:29:07,83.663872,-17.340389,nan
2024-06-06T15:29:06,83.663872,-17.340700,nan
2024-06-06T15:29:06,83.663872,-17.341011,nan
2024-06-06T15:29:05,83.663879,-17.341326,nan
2024-06-06T15:29:05,83.663879,-17.341639,nan
2024-06-06T15:29:04,83.663879,-17.341955,nan
2024-06-06T15:29:04,83.663879,-17.342272,nan
2024-06-06T15:29:03,83.663879,-17.342588,nan
2024-06-06T15:29:03,83.663879,-17.342907,nan
2024-06-06T15:29:02,83.663887,-17.343225,nan
2024-06-06T15:29:02,83.663887,-17.343544,nan
2024-06-06T15:29:01,83.663879,-17.343866,nan
2024-06-06T15:29:01,83.663879,-17.344196,nan
2024-06-06T15:29:00,83.663879,-17.344522,nan
2024-06-06T15:29:00,83.663872,-17.344858,nan
2024-06-06T15:28:59,83.663864,-17.345207,nan
2024-06-06T15:28:59,83.663864,-17.345572,nan
2024-06-06T15:28:58,83.663864,-17.345949,nan
2024-06-06T15:28:58,83.663864,-17.346329,nan
2024-06-06T15:28:57,83.663857,-17.346722,nan
2024-06-06T15:28:57,83.663857,-17.347153,nan
2024-06-06T15:28:56,83.663857,-17.347578,nan
2024-06-06T15:28:56,83.663857,-17.348009,nan
2024-06-06T15:28:55,83.663879,-17.348572,nan
2024-06-06T15:28:55,83.663902,-17.349152,nan
2024-06-06T15:28:54,83.663948,-17.350140,nan
2024-06-06T15:28:54,83.664047,-17.351501,nan
2024-06-06T15:28:53,83.664177,-17.353731,nan
2024-06-06T15:28:53,83.664268,-17.356447,nan
2024-06-06T15:28:52,83.664421,-17.360098,nan
2024-06-06T15:28:49,83.663895,-17.355219,nan
2024-06-06T15:28:48,83.663429,-17.349016,nan
2024-06-06T15:28:48,83.662933,-17.342573,nan
