datetime,lat,lon,elev
2024-06-11T14:44:42,84.101341,-35.230602,nan
2024-06-11T14:44:42,84.101349,-35.230453,nan
2024-06-11T14:44:41,84.101357,-35.230293,nan
2024-06-11T14:44:41,84.101364,-35.230122,nan
2024-06-11T14:44:40,84.101372,-35.229931,nan
2024-06-11T14:44:40,84.101379,-35.229729,nan
2024-06-11T14:44:39,84.101379,-35.229519,nan
2024-06-11T14:44:39,84.101387,-35.229313,nan
2024-06-11T14:44:38,84.101387,-35.229115,nan
2024-06-11T14:44:38,84.101395,-35.228924,nan
2024-06-11T14:44:37,84.101402,-35.228729,nan
2024-06-11T14:44:37,84.101402,-35.228531,nan
2024-06-11T14:44:36,84.101410,-35.228336,nan
2024-06-11T14:44:36,84.101418,-35.228138,nan
2024-06-11T14:44:35,84.101425,-35.227943,nan
2024-06-11T14:44:35,84.101433,-35.227749,nan
2024-06-11T14:44:34,84.101440,-35.227554,nan
2024-06-11T14:44:34,84.101448,-35.227367,nan
2024-06-11T14:44:33,84.101448,-35.227177,nan
2024-06-11T14:44:33,84.101456,-35.226994,nan
2024-06-11T14:44:32,84.101463,-35.226814,nan
2024-06-11T14:44:32,84.101471,-35.226639,nan
2024-06-11T14:44:31,84.101479,-35.226463,nan
2024-06-11T14:44:31,84.101486,-35.226295,nan
2024-06-11T14:44:30,84.101486,-35.226124,nan
2024-06-11T14:44:30,84.101494,-35.225956,nan
2024-06-11T14:44:29,84.101501,-35.225784,nan
2024-06-11T14:44:29,84.101509,-35.225616,nan
2024-06-11T14:44:28,84.101517,-35.225445,nan
2024-06-11T14:44:28,84.101517,-35.225273,nan
2024-06-11T14:44:27,84.101524,-35.225098,nan
2024-06-11T14:44:27,84.101532,-35.224922,nan
2024-06-11T14:44:26,84.101540,-35.224743,nan
2024-06-11T14:44:26,84.101540,-35.224564,nan
2024-06-11T14:44:25,84.101547,-35.224384,nan
2024-06-11T14:44:25,84.101555,-35.224201,nan
2024-06-11T14:44:24,84.101562,-35.224026,nan
2024-06-11T14:44:24,84.101562,-35.223854,nan
2024-06-11T14:44:23,84.101570,-35.223679,nan
2024-06-11T14:44:23,84.101578,-35.223503,nan
2024-06-11T14:44:22,84.101578,-35.223331,nan
2024-06-11T14:44:22,84.101585,-35.223156,nan
2024-06-11T14:44:21,84.101593,-35.222988,nan
2024-06-11T14:44:21,84.101593,-35.222820,nan
2024-06-11T14:44:20,84.101601,-35.222656,nan
2024-06-11T14:44:20,84.101608,-35.222492,nan
2024-06-11T14:44:19,84.101608,-35.222324,nan
2024-06-11T14:44:19,84.101616,-35.222160,nan
2024-06-11T14:44:18,84.101624,-35.222000,nan
2024-06-11T14:44:18,84.101631,-35.221840,nan
2024-06-11T14:44:17,84.101631,-35.221680,nan
2024-06-11T14:44:17,84.101639,-35.221523,nan
2024-06-11T14:44:16,84.101646,-35.221367,nan
2024-06-11T14:44:16,84.101646,-35.221210,nan
2024-06-11T14:44:15,84.101654,-35.221050,nan
2024-06-11T14:44:15,84.101662,-35.220898,nan
2024-06-11T14:44:14,84.101662,-35.220741,nan
2024-06-11T14:44:14,84.101669,-35.220589,nan
2024-06-11T14:44:13,84.101669,-35.220436,nan
2024-06-11T14:44:13,84.101677,-35.220287,nan
2024-06-11T14:44:12,84.101685,-35.220135,nan
2024-06-11T14:44:12,84.101685,-35.219982,nan
2024-06-11T14:44:11,84.101692,-35.219830,nan
2024-06-11T14:44:11,84.101692,-35.219677,nan
2024-06-11T14:44:10,84.101700,-35.219528,nan
2024-06-11T14:44:10,84.101707,-35.219379,nan
2024-06-11T14:44:09,84.101707,-35.219234,nan
2024-06-11T14:44:09,84.101715,-35.219086,nan
2024-06-11T14:44:08,84.101730,-35.218781,nan
2024-06-11T14:44:07,84.101730,-35.218628,nan
2024-06-11T14:44:07,84.101738,-35.218475,nan
2024-06-11T14:44:06,84.101738,-35.218327,nan
2024-06-11T14:44:06,84.101746,-35.218174,nan
2024-06-11T14:44:05,84.101753,-35.218025,nan
2024-06-11T14:44:05,84.101761,-35.217876,nan
2024-06-11T14:44:04,84.101761,-35.217728,nan
2024-06-11T14:44:04,84.101768,-35.217575,nan
2024-06-11T14:44:03,84.101776,-35.217426,nan
2024-06-11T14:44:02,84.101784,-35.217136,nan
2024-06-11T14:44:02,84.101791,-35.216991,nan
2024-06-11T14:44:01,84.101791,-35.216846,nan
2024-06-11T14:44:01,84.101799,-35.216705,nan
2024-06-11T14:44:00,84.101807,-35.216560,nan
2024-06-11T14:44:00,84.101814,-35.216423,nan
2024-06-11T14:43:59,84.101814,-35.216286,nan
2024-06-11T14:43:59,84.101822,-35.216145,nan
2024-06-11T14:43:58,84.101830,-35.216003,nan
2024-06-11T14:43:58,84.101837,-35.215862,nan
2024-06-11T14:43:57,84.101845,-35.215721,nan
2024-06-11T14:43:57,84.101845,-35.215580,nan
2024-06-11T14:43:56,84.101852,-35.215439,nan
2024-06-11T14:43:56,84.101860,-35.215298,nan
2024-06-11T14:43:55,84.101860,-35.215160,nan
2024-06-11T14:43:55,84.101868,-35.215019,nan
2024-06-11T14:43:54,84.101875,-35.214870,nan
2024-06-11T14:43:54,84.101875,-35.214725,nan
2024-06-11T14:43:53,84.101883,-35.214581,nan
2024-06-11T14:43:52,84.101898,-35.214291,nan
2024-06-11T14:43:52,84.101898,-35.214149,nan
2024-06-11T14:43:51,84.101906,-35.214008,nan
2024-06-11T14:43:51,84.101913,-35.213863,nan
2024-06-11T14:43:50,84.101921,-35.213718,nan
2024-06-11T14:43:50,84.101929,-35.213577,nan
2024-06-11T14:43:49,84.101936,-35.213436,nan
2024-06-11T14:43:49,84.101936,-35.213299,nan
2024-06-11T14:43:48,84.101952,-35.213020,nan
2024-06-11T14:43:47,84.101959,-35.212879,nan
2024-06-11T14:43:47,84.101967,-35.212734,nan
2024-06-11T14:43:46,84.101974,-35.212597,nan
2024-06-11T14:43:46,84.101982,-35.212460,nan
2024-06-11T14:43:45,84.101990,-35.212322,nan
2024-06-11T14:43:45,84.101997,-35.212189,nan
2024-06-11T14:43:44,84.102005,-35.212055,nan
2024-06-11T14:43:44,84.102013,-35.211922,nan
2024-06-11T14:43:43,84.102020,-35.211788,nan
2024-06-11T14:43:43,84.102028,-35.211655,nan
2024-06-11T14:43:42,84.102036,-35.211525,nan
2024-06-11T14:43:42,84.102043,-35.211395,nan
2024-06-11T14:43:41,84.102051,-35.211266,nan
2024-06-11T14:43:41,84.102058,-35.211136,nan
2024-06-11T14:43:40,84.102058,-35.211006,nan
2024-06-11T14:43:40,84.102066,-35.210876,nan
2024-06-11T14:43:39,84.102074,-35.210743,nan
2024-06-11T14:43:39,84.102081,-35.210609,nan
2024-06-11T14:43:38,84.102089,-35.210480,nan
2024-06-11T14:43:38,84.102097,-35.210350,nan
2024-06-11T14:43:37,84.102104,-35.210217,nan
2024-06-11T14:43:37,84.102112,-35.210087,nan
2024-06-11T14:43:36,84.102119,-35.209953,nan
2024-06-11T14:43:36,84.102119,-35.209816,nan
2024-06-11T14:43:35,84.102127,-35.209679,nan
2024-06-11T14:43:35,84.102135,-35.209538,nan
2024-06-11T14:43:34,84.102142,-35.209400,nan
2024-06-11T14:43:34,84.102150,-35.209263,nan
2024-06-11T14:43:33,84.102158,-35.209126,nan
2024-06-11T14:43:33,84.102165,-35.208988,nan
2024-06-11T14:43:32,84.102165,-35.208847,nan
2024-06-11T14:43:32,84.102173,-35.208706,nan
2024-06-11T14:43:31,84.102180,-35.208561,nan
2024-06-11T14:43:31,84.102188,-35.208412,nan
2024-06-11T14:43:30,84.102196,-35.208267,nan
2024-06-11T14:43:30,84.102203,-35.208122,nan
2024-06-11T14:43:29,84.102211,-35.207977,nan
2024-06-11T14:43:29,84.102219,-35.207832,nan
2024-06-11T14:43:28,84.102226,-35.207687,nan
2024-06-11T14:43:28,84.102234,-35.207542,nan
2024-06-11T14:43:27,84.102242,-35.207397,nan
2024-06-11T14:43:27,84.102249,-35.207256,nan
2024-06-11T14:43:26,84.102257,-35.207115,nan
2024-06-11T14:43:26,84.102264,-35.206978,nan
2024-06-11T14:43:25,84.102272,-35.206833,nan
2024-06-11T14:43:25,84.102280,-35.206688,nan
2024-06-11T14:43:24,84.102287,-35.206543,nan
2024-06-11T14:43:24,84.102295,-35.206398,nan
2024-06-11T14:43:23,84.102303,-35.206257,nan
2024-06-11T14:43:23,84.102310,-35.206112,nan
2024-06-11T14:43:22,84.102318,-35.205971,nan
2024-06-11T14:43:22,84.102325,-35.205830,nan
2024-06-11T14:43:21,84.102341,-35.205685,nan
2024-06-11T14:43:21,84.102348,-35.205540,nan
2024-06-11T14:43:20,84.102356,-35.205395,nan
2024-06-11T14:43:20,84.102364,-35.205250,nan
2024-06-11T14:43:19,84.102371,-35.205105,nan
2024-06-11T14:43:19,84.102386,-35.204960,nan
2024-06-11T14:43:18,84.102394,-35.204811,nan
2024-06-11T14:43:18,84.102402,-35.204666,nan
2024-06-11T14:43:17,84.102409,-35.204517,nan
2024-06-11T14:43:17,84.102417,-35.204369,nan
2024-06-11T14:43:16,84.102425,-35.204216,nan
2024-06-11T14:43:16,84.102432,-35.204060,nan
2024-06-11T14:43:15,84.102448,-35.203903,nan
2024-06-11T14:43:14,84.102463,-35.203590,nan
2024-06-11T14:43:14,84.102470,-35.203434,nan
2024-06-11T14:43:13,84.102478,-35.203274,nan
2024-06-11T14:43:13,84.102486,-35.203117,nan
2024-06-11T14:43:12,84.102493,-35.202965,nan
2024-06-11T14:43:12,84.102501,-35.202812,nan
2024-06-11T14:43:11,84.102509,-35.202663,nan
2024-06-11T14:43:11,84.102516,-35.202511,nan
2024-06-11T14:43:10,84.102524,-35.202358,nan
2024-06-11T14:43:10,84.102531,-35.202209,nan
2024-06-11T14:43:09,84.102547,-35.202065,nan
2024-06-11T14:43:09,84.102554,-35.201916,nan
2024-06-11T14:43:08,84.102562,-35.201771,nan
2024-06-11T14:43:08,84.102570,-35.201626,nan
2024-06-11T14:43:07,84.102577,-35.201485,nan
2024-06-11T14:43:07,84.102585,-35.201347,nan
2024-06-11T14:43:06,84.102592,-35.201210,nan
2024-06-11T14:43:06,84.102600,-35.201077,nan
2024-06-11T14:43:05,84.102608,-35.200943,nan
2024-06-11T14:43:05,84.102615,-35.200806,nan
2024-06-11T14:43:04,84.102623,-35.200661,nan
2024-06-11T14:43:04,84.102631,-35.200512,nan
2024-06-11T14:43:03,84.102646,-35.200363,nan
2024-06-11T14:43:03,84.102654,-35.200211,nan
2024-06-11T14:43:02,84.102661,-35.200054,nan
2024-06-11T14:43:02,84.102669,-35.199898,nan
2024-06-11T14:43:01,84.102676,-35.199738,nan
2024-06-11T14:43:01,84.102692,-35.199577,nan
2024-06-11T14:43:00,84.102699,-35.199413,nan
2024-06-11T14:43:00,84.102707,-35.199257,nan
2024-06-11T14:42:59,84.102722,-35.199097,nan
2024-06-11T14:42:59,84.102730,-35.198936,nan
2024-06-11T14:42:58,84.102737,-35.198776,nan
2024-06-11T14:42:58,84.102753,-35.198616,nan
2024-06-11T14:42:57,84.102768,-35.198456,nan
2024-06-11T14:42:57,84.102776,-35.198296,nan
2024-06-11T14:42:56,84.102791,-35.198132,nan
2024-06-11T14:42:56,84.102806,-35.197968,nan
2024-06-11T14:42:55,84.102814,-35.197803,nan
2024-06-11T14:42:54,84.102844,-35.197479,nan
2024-06-11T14:42:54,84.102852,-35.197319,nan
2024-06-11T14:42:53,84.102867,-35.197159,nan
2024-06-11T14:42:53,84.102875,-35.196995,nan
2024-06-11T14:42:52,84.102890,-35.196827,nan
2024-06-11T14:42:52,84.102898,-35.196655,nan
2024-06-11T14:42:51,84.102913,-35.196484,nan
2024-06-11T14:42:51,84.102921,-35.196312,nan
2024-06-11T14:42:50,84.102936,-35.196144,nan
2024-06-11T14:42:50,84.102951,-35.195984,nan
2024-06-11T14:42:49,84.102959,-35.195816,nan
2024-06-11T14:42:49,84.102974,-35.195652,nan
2024-06-11T14:42:48,84.102982,-35.195480,nan
2024-06-11T14:42:48,84.102997,-35.195309,nan
2024-06-11T14:42:47,84.103012,-35.195141,nan
2024-06-11T14:42:47,84.103020,-35.194969,nan
2024-06-11T14:42:46,84.103035,-35.194801,nan
2024-06-11T14:42:46,84.103043,-35.194633,nan
2024-06-11T14:42:45,84.103058,-35.194466,nan
2024-06-11T14:42:45,84.103065,-35.194298,nan
2024-06-11T14:42:44,84.103081,-35.194134,nan
2024-06-11T14:42:43,84.103104,-35.193810,nan
2024-06-11T14:42:43,84.103111,-35.193653,nan
2024-06-11T14:42:42,84.103127,-35.193501,nan
2024-06-11T14:42:42,84.103134,-35.193348,nan
2024-06-11T14:42:41,84.103149,-35.193192,nan
2024-06-11T14:42:41,84.103157,-35.193039,nan
2024-06-11T14:42:40,84.103165,-35.192883,nan
2024-06-11T14:42:40,84.103180,-35.192730,nan
2024-06-11T14:42:39,84.103188,-35.192577,nan
2024-06-11T14:42:39,84.103203,-35.192425,nan
2024-06-11T14:42:38,84.103210,-35.192268,nan
2024-06-11T14:42:38,84.103226,-35.192116,nan
2024-06-11T14:42:37,84.103233,-35.191959,nan
2024-06-11T14:42:37,84.103241,-35.191803,nan
2024-06-11T14:42:36,84.103256,-35.191639,nan
2024-06-11T14:42:36,84.103264,-35.191475,nan
2024-06-11T14:42:35,84.103271,-35.191311,nan
2024-06-11T14:42:35,84.103287,-35.191139,nan
2024-06-11T14:42:34,84.103294,-35.190968,nan
2024-06-11T14:42:34,84.103302,-35.190796,nan
2024-06-11T14:42:33,84.103310,-35.190620,nan
2024-06-11T14:42:33,84.103317,-35.190441,nan
2024-06-11T14:42:32,84.103333,-35.190258,nan
2024-06-11T14:42:32,84.103340,-35.190071,nan
2024-06-11T14:42:31,84.103348,-35.189884,nan
2024-06-11T14:42:31,84.103355,-35.189697,nan
2024-06-11T14:42:30,84.103363,-35.189510,nan
2024-06-11T14:42:30,84.103378,-35.189320,nan
2024-06-11T14:42:29,84.103386,-35.189129,nan
2024-06-11T14:42:29,84.103394,-35.188934,nan
2024-06-11T14:42:28,84.103401,-35.188732,nan
2024-06-11T14:42:28,84.103416,-35.188526,nan
2024-06-11T14:42:27,84.103424,-35.188316,nan
2024-06-11T14:42:27,84.103432,-35.188103,nan
2024-06-11T14:42:26,84.103439,-35.187893,nan
2024-06-11T14:42:26,84.103455,-35.187683,nan
2024-06-11T14:42:25,84.103462,-35.187473,nan
2024-06-11T14:42:25,84.103470,-35.187263,nan
2024-06-11T14:42:24,84.103485,-35.187054,nan
2024-06-11T14:42:24,84.103493,-35.186844,nan
2024-06-11T14:42:23,84.103508,-35.186634,nan
2024-06-11T14:42:23,84.103516,-35.186424,nan
2024-06-11T14:42:22,84.103523,-35.186218,nan
2024-06-11T14:42:22,84.103539,-35.186016,nan
2024-06-11T14:42:21,84.103561,-35.185612,nan
2024-06-11T14:42:20,84.103569,-35.185406,nan
2024-06-11T14:42:20,84.103584,-35.185204,nan
2024-06-11T14:42:19,84.103592,-35.185001,nan
2024-06-11T14:42:19,84.103607,-35.184803,nan
2024-06-11T14:42:18,84.103622,-35.184608,nan
2024-06-11T14:42:18,84.103630,-35.184418,nan
2024-06-11T14:42:17,84.103645,-35.184231,nan
2024-06-11T14:42:17,84.103661,-35.184044,nan
2024-06-11T14:42:16,84.103668,-35.183853,nan
2024-06-11T14:42:16,84.103683,-35.183662,nan
2024-06-11T14:42:15,84.103699,-35.183464,nan
2024-06-11T14:42:15,84.103706,-35.183270,nan
2024-06-11T14:42:14,84.103722,-35.183071,nan
2024-06-11T14:42:14,84.103737,-35.182877,nan
2024-06-11T14:42:13,84.103752,-35.182678,nan
2024-06-11T14:42:13,84.103760,-35.182487,nan
2024-06-11T14:42:12,84.103775,-35.182297,nan
2024-06-11T14:42:12,84.103790,-35.182106,nan
2024-06-11T14:42:11,84.103806,-35.181911,nan
2024-06-11T14:42:11,84.103821,-35.181717,nan
2024-06-11T14:42:10,84.103828,-35.181519,nan
2024-06-11T14:42:10,84.103844,-35.181316,nan
2024-06-11T14:42:09,84.103859,-35.181114,nan
2024-06-11T14:42:09,84.103874,-35.180908,nan
2024-06-11T14:42:08,84.103889,-35.180710,nan
2024-06-11T14:42:08,84.103905,-35.180508,nan
2024-06-11T14:42:07,84.103920,-35.180305,nan
2024-06-11T14:42:07,84.103935,-35.180099,nan
2024-06-11T14:42:06,84.103951,-35.179893,nan
2024-06-11T14:42:06,84.103966,-35.179691,nan
2024-06-11T14:42:05,84.103981,-35.179489,nan
2024-06-11T14:42:05,84.103996,-35.179291,nan
2024-06-11T14:42:04,84.104012,-35.179089,nan
2024-06-11T14:42:04,84.104034,-35.178886,nan
2024-06-11T14:42:03,84.104050,-35.178680,nan
2024-06-11T14:42:03,84.104065,-35.178474,nan
2024-06-11T14:42:02,84.104080,-35.178268,nan
2024-06-11T14:42:02,84.104088,-35.178066,nan
2024-06-11T14:42:01,84.104103,-35.177864,nan
2024-06-11T14:42:01,84.104118,-35.177666,nan
2024-06-11T14:42:00,84.104134,-35.177467,nan
2024-06-11T14:42:00,84.104149,-35.177277,nan
2024-06-11T14:41:59,84.104179,-35.176895,nan
2024-06-11T14:41:58,84.104195,-35.176704,nan
2024-06-11T14:41:58,84.104202,-35.176514,nan
2024-06-11T14:41:57,84.104218,-35.176319,nan
2024-06-11T14:41:57,84.104233,-35.176128,nan
2024-06-11T14:41:56,84.104240,-35.175934,nan
2024-06-11T14:41:55,84.104263,-35.175533,nan
2024-06-11T14:41:55,84.104279,-35.175331,nan
2024-06-11T14:41:54,84.104294,-35.175133,nan
2024-06-11T14:41:54,84.104301,-35.174931,nan
2024-06-11T14:41:53,84.104324,-35.174530,nan
2024-06-11T14:41:52,84.104332,-35.174332,nan
2024-06-11T14:41:52,84.104347,-35.174133,nan
2024-06-11T14:41:51,84.104370,-35.173740,nan
2024-06-11T14:41:50,84.104378,-35.173550,nan
2024-06-11T14:41:50,84.104393,-35.173363,nan
2024-06-11T14:41:49,84.104416,-35.172989,nan
2024-06-11T14:41:48,84.104431,-35.172806,nan
2024-06-11T14:41:48,84.104446,-35.172626,nan
2024-06-11T14:41:47,84.104454,-35.172451,nan
2024-06-11T14:41:47,84.104469,-35.172279,nan
2024-06-11T14:41:46,84.104485,-35.172108,nan
2024-06-11T14:41:46,84.104492,-35.171936,nan
2024-06-11T14:41:45,84.104507,-35.171764,nan
2024-06-11T14:41:45,84.104515,-35.171593,nan
2024-06-11T14:41:44,84.104530,-35.171421,nan
2024-06-11T14:41:44,84.104538,-35.171249,nan
2024-06-11T14:41:43,84.104553,-35.171074,nan
2024-06-11T14:41:43,84.104568,-35.170902,nan
2024-06-11T14:41:42,84.104576,-35.170723,nan
2024-06-11T14:41:42,84.104591,-35.170540,nan
2024-06-11T14:41:41,84.104607,-35.170349,nan
2024-06-11T14:41:41,84.104614,-35.170158,nan
2024-06-11T14:41:40,84.104630,-35.169971,nan
2024-06-11T14:41:40,84.104637,-35.169785,nan
2024-06-11T14:41:39,84.104652,-35.169598,nan
2024-06-11T14:41:39,84.104660,-35.169415,nan
2024-06-11T14:41:38,84.104675,-35.169231,nan
2024-06-11T14:41:38,84.104683,-35.169048,nan
2024-06-11T14:41:37,84.104698,-35.168865,nan
2024-06-11T14:41:37,84.104706,-35.168674,nan
2024-06-11T14:41:36,84.104721,-35.168488,nan
2024-06-11T14:41:36,84.104729,-35.168301,nan
2024-06-11T14:41:35,84.104744,-35.168114,nan
2024-06-11T14:41:35,84.104752,-35.167923,nan
2024-06-11T14:41:34,84.104767,-35.167736,nan
2024-06-11T14:41:34,84.104782,-35.167545,nan
2024-06-11T14:41:33,84.104790,-35.167355,nan
2024-06-11T14:41:33,84.104805,-35.167164,nan
2024-06-11T14:41:32,84.104813,-35.166973,nan
2024-06-11T14:41:32,84.104828,-35.166786,nan
2024-06-11T14:41:31,84.104843,-35.166595,nan
2024-06-11T14:41:31,84.104851,-35.166412,nan
2024-06-11T14:41:30,84.104866,-35.166225,nan
2024-06-11T14:41:30,84.104881,-35.166046,nan
2024-06-11T14:41:29,84.104897,-35.165871,nan
2024-06-11T14:41:29,84.104904,-35.165703,nan
2024-06-11T14:41:28,84.104919,-35.165535,nan
2024-06-11T14:41:28,84.104935,-35.165367,nan
2024-06-11T14:41:27,84.104950,-35.165199,nan
2024-06-11T14:41:27,84.104965,-35.165028,nan
2024-06-11T14:41:26,84.104973,-35.164856,nan
2024-06-11T14:41:26,84.104988,-35.164688,nan
2024-06-11T14:41:25,84.105003,-35.164520,nan
2024-06-11T14:41:25,84.105019,-35.164352,nan
2024-06-11T14:41:24,84.105034,-35.164181,nan
2024-06-11T14:41:24,84.105049,-35.164013,nan
2024-06-11T14:41:23,84.105064,-35.163849,nan
2024-06-11T14:41:23,84.105080,-35.163685,nan
2024-06-11T14:41:22,84.105095,-35.163521,nan
2024-06-11T14:41:22,84.105110,-35.163349,nan
2024-06-11T14:41:21,84.105125,-35.163177,nan
2024-06-11T14:41:21,84.105141,-35.163002,nan
2024-06-11T14:41:20,84.105156,-35.162830,nan
2024-06-11T14:41:20,84.105171,-35.162651,nan
2024-06-11T14:41:19,84.105186,-35.162472,nan
2024-06-11T14:41:19,84.105209,-35.162289,nan
2024-06-11T14:41:18,84.105225,-35.162098,nan
2024-06-11T14:41:18,84.105240,-35.161911,nan
2024-06-11T14:41:17,84.105255,-35.161720,nan
2024-06-11T14:41:17,84.105278,-35.161530,nan
2024-06-11T14:41:16,84.105293,-35.161335,nan
2024-06-11T14:41:16,84.105309,-35.161144,nan
2024-06-11T14:41:15,84.105324,-35.160954,nan
2024-06-11T14:41:15,84.105339,-35.160759,nan
2024-06-11T14:41:14,84.105354,-35.160568,nan
2024-06-11T14:41:14,84.105370,-35.160374,nan
2024-06-11T14:41:13,84.105377,-35.160175,nan
2024-06-11T14:41:13,84.105392,-35.159977,nan
2024-06-11T14:41:12,84.105408,-35.159775,nan
2024-06-11T14:41:12,84.105423,-35.159573,nan
2024-06-11T14:41:11,84.105431,-35.159370,nan
2024-06-11T14:41:11,84.105446,-35.159172,nan
2024-06-11T14:41:10,84.105453,-35.158974,nan
2024-06-11T14:41:10,84.105469,-35.158779,nan
2024-06-11T14:41:09,84.105484,-35.158585,nan
2024-06-11T14:41:09,84.105492,-35.158394,nan
2024-06-11T14:41:08,84.105507,-35.158203,nan
2024-06-11T14:41:08,84.105515,-35.158009,nan
2024-06-11T14:41:07,84.105530,-35.157814,nan
2024-06-11T14:41:07,84.105545,-35.157623,nan
2024-06-11T14:41:06,84.105553,-35.157436,nan
2024-06-11T14:41:06,84.105568,-35.157249,nan
2024-06-11T14:41:05,84.105576,-35.157066,nan
2024-06-11T14:41:05,84.105591,-35.156887,nan
2024-06-11T14:41:04,84.105614,-35.156540,nan
2024-06-11T14:41:03,84.105621,-35.156372,nan
2024-06-11T14:41:03,84.105637,-35.156204,nan
2024-06-11T14:41:02,84.105644,-35.156036,nan
2024-06-11T14:41:02,84.105659,-35.155872,nan
2024-06-11T14:41:01,84.105667,-35.155708,nan
2024-06-11T14:41:01,84.105675,-35.155544,nan
2024-06-11T14:41:00,84.105682,-35.155380,nan
2024-06-11T14:41:00,84.105690,-35.155220,nan
2024-06-11T14:40:59,84.105698,-35.155060,nan
2024-06-11T14:40:59,84.105705,-35.154896,nan
2024-06-11T14:40:58,84.105713,-35.154739,nan
2024-06-11T14:40:58,84.105721,-35.154583,nan
2024-06-11T14:40:57,84.105728,-35.154430,nan
2024-06-11T14:40:57,84.105728,-35.154278,nan
2024-06-11T14:40:56,84.105736,-35.154125,nan
2024-06-11T14:40:56,84.105743,-35.153969,nan
2024-06-11T14:40:55,84.105743,-35.153812,nan
2024-06-11T14:40:55,84.105751,-35.153656,nan
2024-06-11T14:40:54,84.105751,-35.153500,nan
2024-06-11T14:40:54,84.105759,-35.153347,nan
2024-06-11T14:40:53,84.105766,-35.153194,nan
2024-06-11T14:40:52,84.105782,-35.152882,nan
2024-06-11T14:40:52,84.105782,-35.152718,nan
2024-06-11T14:40:51,84.105789,-35.152554,nan
2024-06-11T14:40:51,84.105797,-35.152390,nan
2024-06-11T14:40:50,84.105804,-35.152225,nan
2024-06-11T14:40:50,84.105812,-35.152058,nan
2024-06-11T14:40:49,84.105820,-35.151894,nan
2024-06-11T14:40:49,84.105827,-35.151730,nan
2024-06-11T14:40:48,84.105835,-35.151562,nan
2024-06-11T14:40:48,84.105843,-35.151394,nan
2024-06-11T14:40:47,84.105850,-35.151222,nan
2024-06-11T14:40:47,84.105858,-35.151054,nan
2024-06-11T14:40:46,84.105873,-35.150879,nan
2024-06-11T14:40:46,84.105881,-35.150703,nan
2024-06-11T14:40:45,84.105888,-35.150532,nan
2024-06-11T14:40:45,84.105904,-35.150356,nan
2024-06-11T14:40:44,84.105911,-35.150181,nan
2024-06-11T14:40:44,84.105919,-35.150009,nan
2024-06-11T14:40:43,84.105934,-35.149837,nan
2024-06-11T14:40:43,84.105949,-35.149666,nan
2024-06-11T14:40:42,84.105957,-35.149490,nan
2024-06-11T14:40:42,84.105972,-35.149319,nan
2024-06-11T14:40:41,84.105988,-35.149151,nan
2024-06-11T14:40:41,84.105995,-35.148979,nan
2024-06-11T14:40:40,84.106010,-35.148819,nan
2024-06-11T14:40:40,84.106026,-35.148651,nan
2024-06-11T14:40:39,84.106033,-35.148491,nan
2024-06-11T14:40:39,84.106049,-35.148331,nan
2024-06-11T14:40:38,84.106064,-35.148167,nan
2024-06-11T14:40:38,84.106079,-35.148006,nan
2024-06-11T14:40:37,84.106094,-35.147846,nan
2024-06-11T14:40:37,84.106110,-35.147690,nan
2024-06-11T14:40:36,84.106125,-35.147533,nan
2024-06-11T14:40:36,84.106140,-35.147381,nan
2024-06-11T14:40:35,84.106155,-35.147228,nan
2024-06-11T14:40:35,84.106171,-35.147083,nan
2024-06-11T14:40:34,84.106186,-35.146938,nan
2024-06-11T14:40:34,84.106201,-35.146793,nan
2024-06-11T14:40:33,84.106216,-35.146648,nan
2024-06-11T14:40:33,84.106232,-35.146503,nan
2024-06-11T14:40:32,84.106255,-35.146358,nan
2024-06-11T14:40:32,84.106270,-35.146221,nan
2024-06-11T14:40:31,84.106285,-35.146080,nan
2024-06-11T14:40:31,84.106300,-35.145943,nan
2024-06-11T14:40:30,84.106316,-35.145805,nan
2024-06-11T14:40:30,84.106331,-35.145672,nan
2024-06-11T14:40:29,84.106354,-35.145535,nan
2024-06-11T14:40:29,84.106369,-35.145397,nan
2024-06-11T14:40:28,84.106384,-35.145256,nan
2024-06-11T14:40:28,84.106400,-35.145111,nan
2024-06-11T14:40:27,84.106415,-35.144962,nan
2024-06-11T14:40:27,84.106430,-35.144817,nan
2024-06-11T14:40:26,84.106445,-35.144672,nan
2024-06-11T14:40:26,84.106461,-35.144524,nan
2024-06-11T14:40:25,84.106476,-35.144375,nan
2024-06-11T14:40:25,84.106491,-35.144222,nan
2024-06-11T14:40:24,84.106506,-35.144081,nan
2024-06-11T14:40:24,84.106522,-35.143944,nan
2024-06-11T14:40:23,84.106537,-35.143810,nan
2024-06-11T14:40:23,84.106552,-35.143684,nan
2024-06-11T14:40:22,84.106567,-35.143551,nan
2024-06-11T14:40:22,84.106583,-35.143417,nan
2024-06-11T14:40:21,84.106598,-35.143284,nan
2024-06-11T14:40:21,84.106613,-35.143150,nan
2024-06-11T14:40:20,84.106628,-35.143009,nan
2024-06-11T14:40:20,84.106651,-35.142872,nan
2024-06-11T14:40:19,84.106667,-35.142727,nan
2024-06-11T14:40:19,84.106682,-35.142586,nan
2024-06-11T14:40:18,84.106705,-35.142441,nan
2024-06-11T14:40:18,84.106720,-35.142288,nan
2024-06-11T14:40:17,84.106735,-35.142136,nan
2024-06-11T14:40:17,84.106750,-35.141975,nan
2024-06-11T14:40:16,84.106773,-35.141815,nan
2024-06-11T14:40:16,84.106789,-35.141651,nan
2024-06-11T14:40:15,84.106804,-35.141479,nan
2024-06-11T14:40:15,84.106819,-35.141315,nan
2024-06-11T14:40:14,84.106834,-35.141144,nan
2024-06-11T14:40:14,84.106850,-35.140968,nan
2024-06-11T14:40:13,84.106865,-35.140797,nan
2024-06-11T14:40:13,84.106873,-35.140625,nan
2024-06-11T14:40:12,84.106888,-35.140450,nan
2024-06-11T14:40:12,84.106903,-35.140270,nan
2024-06-11T14:40:11,84.106918,-35.140091,nan
2024-06-11T14:40:11,84.106934,-35.139908,nan
2024-06-11T14:40:10,84.106941,-35.139725,nan
2024-06-11T14:40:10,84.106956,-35.139538,nan
2024-06-11T14:40:09,84.106972,-35.139351,nan
2024-06-11T14:40:09,84.106987,-35.139164,nan
2024-06-11T14:40:08,84.107002,-35.138969,nan
2024-06-11T14:40:08,84.107018,-35.138760,nan
2024-06-11T14:40:07,84.107033,-35.138542,nan
2024-06-11T14:40:07,84.107048,-35.138309,nan
2024-06-11T14:40:06,84.107063,-35.138077,nan
2024-06-11T14:40:06,84.107079,-35.137836,nan
2024-06-11T14:40:05,84.107101,-35.137592,nan
2024-06-11T14:40:05,84.107117,-35.137348,nan
2024-06-11T14:40:04,84.107132,-35.137104,nan
2024-06-11T14:40:04,84.107147,-35.136856,nan
2024-06-11T14:40:03,84.107170,-35.136600,nan
2024-06-11T14:40:03,84.107185,-35.136345,nan
2024-06-11T14:40:02,84.107208,-35.136089,nan
2024-06-11T14:40:02,84.107224,-35.135834,nan
2024-06-11T14:40:01,84.107246,-35.135586,nan
2024-06-11T14:40:01,84.107262,-35.135338,nan
2024-06-11T14:40:00,84.107285,-35.135094,nan
2024-06-11T14:40:00,84.107307,-35.134853,nan
2024-06-11T14:39:59,84.107323,-35.134617,nan
2024-06-11T14:39:59,84.107346,-35.134384,nan
2024-06-11T14:39:58,84.107361,-35.134163,nan
2024-06-11T14:39:58,84.107384,-35.133942,nan
2024-06-11T14:39:57,84.107399,-35.133732,nan
2024-06-11T14:39:57,84.107422,-35.133522,nan
2024-06-11T14:39:56,84.107437,-35.133312,nan
2024-06-11T14:39:56,84.107460,-35.133114,nan
2024-06-11T14:39:55,84.107475,-35.132915,nan
2024-06-11T14:39:55,84.107498,-35.132721,nan
2024-06-11T14:39:54,84.107521,-35.132542,nan
2024-06-11T14:39:54,84.107544,-35.132362,nan
2024-06-11T14:39:53,84.107559,-35.132191,nan
2024-06-11T14:39:53,84.107590,-35.132019,nan
2024-06-11T14:39:52,84.107605,-35.131851,nan
2024-06-11T14:39:52,84.107628,-35.131683,nan
2024-06-11T14:39:51,84.107651,-35.131519,nan
2024-06-11T14:39:51,84.107674,-35.131355,nan
2024-06-11T14:39:50,84.107704,-35.131187,nan
2024-06-11T14:39:50,84.107727,-35.131020,nan
2024-06-11T14:39:49,84.107750,-35.130848,nan
2024-06-11T14:39:49,84.107773,-35.130676,nan
2024-06-11T14:39:48,84.107796,-35.130505,nan
2024-06-11T14:39:48,84.107819,-35.130329,nan
2024-06-11T14:39:47,84.107841,-35.130154,nan
2024-06-11T14:39:47,84.107864,-35.129982,nan
2024-06-11T14:39:46,84.107895,-35.129807,nan
2024-06-11T14:39:46,84.107918,-35.129631,nan
2024-06-11T14:39:45,84.107941,-35.129448,nan
2024-06-11T14:39:45,84.107964,-35.129269,nan
2024-06-11T14:39:44,84.107986,-35.129086,nan
2024-06-11T14:39:44,84.108009,-35.128902,nan
2024-06-11T14:39:43,84.108032,-35.128723,nan
2024-06-11T14:39:43,84.108063,-35.128544,nan
2024-06-11T14:39:42,84.108086,-35.128368,nan
2024-06-11T14:39:42,84.108109,-35.128201,nan
2024-06-11T14:39:41,84.108139,-35.128033,nan
2024-06-11T14:39:41,84.108162,-35.127876,nan
2024-06-11T14:39:40,84.108185,-35.127724,nan
2024-06-11T14:39:40,84.108208,-35.127579,nan
2024-06-11T14:39:39,84.108238,-35.127434,nan
2024-06-11T14:39:39,84.108261,-35.127293,nan
2024-06-11T14:39:38,84.108284,-35.127151,nan
2024-06-11T14:39:38,84.108315,-35.127014,nan
2024-06-11T14:39:37,84.108337,-35.126881,nan
2024-06-11T14:39:37,84.108360,-35.126747,nan
2024-06-11T14:39:36,84.108383,-35.126610,nan
2024-06-11T14:39:36,84.108414,-35.126469,nan
2024-06-11T14:39:35,84.108437,-35.126324,nan
2024-06-11T14:39:35,84.108459,-35.126175,nan
2024-06-11T14:39:34,84.108482,-35.126022,nan
2024-06-11T14:39:34,84.108505,-35.125862,nan
2024-06-11T14:39:33,84.108528,-35.125706,nan
2024-06-11T14:39:33,84.108543,-35.125542,nan
2024-06-11T14:39:32,84.108566,-35.125378,nan
2024-06-11T14:39:32,84.108589,-35.125217,nan
2024-06-11T14:39:31,84.108612,-35.125061,nan
2024-06-11T14:39:31,84.108635,-35.124905,nan
2024-06-11T14:39:30,84.108658,-35.124748,nan
2024-06-11T14:39:30,84.108681,-35.124592,nan
2024-06-11T14:39:29,84.108704,-35.124443,nan
2024-06-11T14:39:29,84.108727,-35.124290,nan
2024-06-11T14:39:28,84.108742,-35.124146,nan
2024-06-11T14:39:28,84.108765,-35.123997,nan
2024-06-11T14:39:27,84.108780,-35.123852,nan
2024-06-11T14:39:27,84.108803,-35.123707,nan
2024-06-11T14:39:26,84.108818,-35.123562,nan
2024-06-11T14:39:26,84.108833,-35.123421,nan
2024-06-11T14:39:25,84.108856,-35.123268,nan
2024-06-11T14:39:25,84.108871,-35.123119,nan
2024-06-11T14:39:24,84.108887,-35.122971,nan
2024-06-11T14:39:24,84.108910,-35.122826,nan
2024-06-11T14:39:23,84.108925,-35.122681,nan
2024-06-11T14:39:23,84.108948,-35.122536,nan
2024-06-11T14:39:22,84.108963,-35.122395,nan
2024-06-11T14:39:22,84.108986,-35.122250,nan
2024-06-11T14:39:21,84.109009,-35.122097,nan
2024-06-11T14:39:21,84.109024,-35.121948,nan
2024-06-11T14:39:20,84.109047,-35.121796,nan
2024-06-11T14:39:20,84.109070,-35.121643,nan
2024-06-11T14:39:19,84.109093,-35.121490,nan
2024-06-11T14:39:19,84.109108,-35.121338,nan
2024-06-11T14:39:18,84.109131,-35.121185,nan
2024-06-11T14:39:18,84.109154,-35.121033,nan
2024-06-11T14:39:17,84.109177,-35.120880,nan
2024-06-11T14:39:17,84.109200,-35.120731,nan
2024-06-11T14:39:16,84.109222,-35.120579,nan
2024-06-11T14:39:16,84.109238,-35.120415,nan
2024-06-11T14:39:15,84.109261,-35.120243,nan
2024-06-11T14:39:15,84.109283,-35.120064,nan
2024-06-11T14:39:14,84.109306,-35.119881,nan
2024-06-11T14:39:14,84.109329,-35.119694,nan
2024-06-11T14:39:13,84.109352,-35.119507,nan
2024-06-11T14:39:13,84.109375,-35.119320,nan
2024-06-11T14:39:12,84.109398,-35.119133,nan
2024-06-11T14:39:12,84.109421,-35.118938,nan
2024-06-11T14:39:11,84.109444,-35.118744,nan
2024-06-11T14:39:11,84.109467,-35.118546,nan
2024-06-11T14:39:10,84.109489,-35.118343,nan
2024-06-11T14:39:10,84.109512,-35.118141,nan
2024-06-11T14:39:09,84.109535,-35.117947,nan
2024-06-11T14:39:09,84.109558,-35.117748,nan
2024-06-11T14:39:08,84.109581,-35.117561,nan
2024-06-11T14:39:08,84.109604,-35.117374,nan
2024-06-11T14:39:07,84.109627,-35.117195,nan
2024-06-11T14:39:07,84.109642,-35.117023,nan
2024-06-11T14:39:06,84.109665,-35.116856,nan
2024-06-11T14:39:06,84.109688,-35.116688,nan
2024-06-11T14:39:05,84.109711,-35.116528,nan
2024-06-11T14:39:05,84.109734,-35.116367,nan
2024-06-11T14:39:04,84.109756,-35.116207,nan
2024-06-11T14:39:04,84.109779,-35.116047,nan
2024-06-11T14:39:03,84.109802,-35.115883,nan
2024-06-11T14:39:03,84.109825,-35.115719,nan
2024-06-11T14:39:02,84.109848,-35.115555,nan
2024-06-11T14:39:02,84.109871,-35.115387,nan
2024-06-11T14:39:01,84.109894,-35.115223,nan
2024-06-11T14:39:01,84.109917,-35.115059,nan
2024-06-11T14:39:00,84.109940,-35.114887,nan
2024-06-11T14:39:00,84.109962,-35.114716,nan
2024-06-11T14:38:59,84.109985,-35.114540,nan
2024-06-11T14:38:59,84.110008,-35.114368,nan
2024-06-11T14:38:58,84.110031,-35.114201,nan
2024-06-11T14:38:58,84.110054,-35.114025,nan
2024-06-11T14:38:57,84.110077,-35.113846,nan
2024-06-11T14:38:57,84.110100,-35.113670,nan
2024-06-11T14:38:56,84.110115,-35.113499,nan
2024-06-11T14:38:56,84.110138,-35.113331,nan
2024-06-11T14:38:55,84.110161,-35.113171,nan
2024-06-11T14:38:55,84.110184,-35.113010,nan
2024-06-11T14:38:54,84.110207,-35.112854,nan
2024-06-11T14:38:54,84.110229,-35.112690,nan
2024-06-11T14:38:53,84.110252,-35.112530,nan
2024-06-11T14:38:53,84.110275,-35.112366,nan
2024-06-11T14:38:52,84.110291,-35.112209,nan
2024-06-11T14:38:52,84.110313,-35.112053,nan
2024-06-11T14:38:51,84.110336,-35.111900,nan
2024-06-11T14:38:51,84.110367,-35.111752,nan
2024-06-11T14:38:50,84.110390,-35.111603,nan
2024-06-11T14:38:50,84.110413,-35.111458,nan
2024-06-11T14:38:49,84.110435,-35.111313,nan
2024-06-11T14:38:49,84.110458,-35.111172,nan
2024-06-11T14:38:48,84.110489,-35.111027,nan
2024-06-11T14:38:48,84.110512,-35.110882,nan
2024-06-11T14:38:47,84.110535,-35.110741,nan
2024-06-11T14:38:47,84.110565,-35.110596,nan
2024-06-11T14:38:46,84.110588,-35.110447,nan
2024-06-11T14:38:46,84.110611,-35.110298,nan
2024-06-11T14:38:45,84.110641,-35.110153,nan
2024-06-11T14:38:45,84.110664,-35.110008,nan
2024-06-11T14:38:44,84.110687,-35.109867,nan
2024-06-11T14:38:44,84.110710,-35.109726,nan
2024-06-11T14:38:43,84.110733,-35.109585,nan
2024-06-11T14:38:43,84.110756,-35.109447,nan
2024-06-11T14:38:42,84.110779,-35.109306,nan
2024-06-11T14:38:42,84.110802,-35.109161,nan
2024-06-11T14:38:41,84.110825,-35.109013,nan
2024-06-11T14:38:41,84.110840,-35.108852,nan
2024-06-11T14:38:40,84.110863,-35.108688,nan
2024-06-11T14:38:40,84.110886,-35.108521,nan
2024-06-11T14:38:39,84.110909,-35.108360,nan
2024-06-11T14:38:39,84.110931,-35.108208,nan
2024-06-11T14:38:38,84.110954,-35.108067,nan
2024-06-11T14:38:38,84.110970,-35.107925,nan
2024-06-11T14:38:37,84.110992,-35.107792,nan
2024-06-11T14:38:37,84.111015,-35.107658,nan
2024-06-11T14:38:36,84.111031,-35.107540,nan
2024-06-11T14:38:36,84.111053,-35.107437,nan
2024-06-11T14:38:35,84.111076,-35.107342,nan
2024-06-11T14:38:35,84.111092,-35.107243,nan
2024-06-11T14:38:34,84.111115,-35.107147,nan
2024-06-11T14:38:34,84.111130,-35.107044,nan
2024-06-11T14:38:33,84.111153,-35.106941,nan
2024-06-11T14:38:33,84.111168,-35.106838,nan
2024-06-11T14:38:32,84.111183,-35.106743,nan
2024-06-11T14:38:32,84.111206,-35.106644,nan
2024-06-11T14:38:31,84.111221,-35.106552,nan
2024-06-11T14:38:31,84.111237,-35.106461,nan
2024-06-11T14:38:30,84.111252,-35.106373,nan
2024-06-11T14:38:30,84.111275,-35.106285,nan
2024-06-11T14:38:29,84.111290,-35.106201,nan
2024-06-11T14:38:29,84.111305,-35.106121,nan
2024-06-11T14:38:28,84.111328,-35.106041,nan
2024-06-11T14:38:28,84.111343,-35.105961,nan
2024-06-11T14:38:27,84.111359,-35.105877,nan
2024-06-11T14:38:27,84.111374,-35.105797,nan
2024-06-11T14:38:26,84.111389,-35.105721,nan
2024-06-11T14:38:26,84.111404,-35.105644,nan
2024-06-11T14:38:25,84.111420,-35.105572,nan
2024-06-11T14:38:25,84.111435,-35.105503,nan
2024-06-11T14:38:24,84.111450,-35.105438,nan
2024-06-11T14:38:24,84.111465,-35.105373,nan
2024-06-11T14:38:23,84.111481,-35.105312,nan
2024-06-11T14:38:23,84.111496,-35.105247,nan
2024-06-11T14:38:22,84.111511,-35.105183,nan
2024-06-11T14:38:22,84.111526,-35.105118,nan
2024-06-11T14:38:21,84.111542,-35.105049,nan
2024-06-11T14:38:21,84.111557,-35.104977,nan
2024-06-11T14:38:20,84.111572,-35.104900,nan
2024-06-11T14:38:20,84.111588,-35.104816,nan
2024-06-11T14:38:19,84.111610,-35.104729,nan
2024-06-11T14:38:19,84.111626,-35.104633,nan
2024-06-11T14:38:18,84.111649,-35.104530,nan
2024-06-11T14:38:18,84.111664,-35.104424,nan
2024-06-11T14:38:17,84.111687,-35.104313,nan
2024-06-11T14:38:17,84.111702,-35.104198,nan
2024-06-11T14:38:16,84.111725,-35.104080,nan
2024-06-11T14:38:16,84.111748,-35.103954,nan
2024-06-11T14:38:15,84.111763,-35.103825,nan
2024-06-11T14:38:15,84.111786,-35.103687,nan
2024-06-11T14:38:14,84.111809,-35.103546,nan
2024-06-11T14:38:14,84.111832,-35.103397,nan
2024-06-11T14:38:13,84.111847,-35.103249,nan
2024-06-11T14:38:13,84.111870,-35.103104,nan
2024-06-11T14:38:12,84.111893,-35.102955,nan
2024-06-11T14:38:12,84.111916,-35.102806,nan
2024-06-11T14:38:11,84.111938,-35.102661,nan
2024-06-11T14:38:11,84.111961,-35.102516,nan
2024-06-11T14:38:10,84.111984,-35.102367,nan
2024-06-11T14:38:10,84.112007,-35.102219,nan
2024-06-11T14:38:09,84.112030,-35.102066,nan
2024-06-11T14:38:09,84.112053,-35.101917,nan
2024-06-11T14:38:08,84.112076,-35.101768,nan
2024-06-11T14:38:08,84.112099,-35.101620,nan
2024-06-11T14:38:07,84.112122,-35.101475,nan
2024-06-11T14:38:07,84.112144,-35.101334,nan
2024-06-11T14:38:06,84.112160,-35.101192,nan
2024-06-11T14:38:06,84.112183,-35.101051,nan
2024-06-11T14:38:05,84.112206,-35.100910,nan
2024-06-11T14:38:05,84.112221,-35.100773,nan
2024-06-11T14:38:04,84.112244,-35.100636,nan
2024-06-11T14:38:04,84.112267,-35.100494,nan
2024-06-11T14:38:03,84.112282,-35.100361,nan
2024-06-11T14:38:03,84.112305,-35.100224,nan
2024-06-11T14:38:02,84.112320,-35.100086,nan
2024-06-11T14:38:02,84.112343,-35.099953,nan
2024-06-11T14:38:01,84.112358,-35.099823,nan
2024-06-11T14:38:01,84.112373,-35.099697,nan
2024-06-11T14:38:00,84.112396,-35.099575,nan
2024-06-11T14:38:00,84.112411,-35.099453,nan
2024-06-11T14:37:59,84.112427,-35.099335,nan
2024-06-11T14:37:59,84.112442,-35.099224,nan
2024-06-11T14:37:58,84.112457,-35.099110,nan
2024-06-11T14:37:58,84.112480,-35.098995,nan
2024-06-11T14:37:57,84.112495,-35.098877,nan
2024-06-11T14:37:57,84.112511,-35.098763,nan
2024-06-11T14:37:56,84.112526,-35.098648,nan
2024-06-11T14:37:56,84.112534,-35.098537,nan
2024-06-11T14:37:55,84.112549,-35.098434,nan
2024-06-11T14:37:55,84.112564,-35.098328,nan
2024-06-11T14:37:54,84.112579,-35.098225,nan
2024-06-11T14:37:54,84.112595,-35.098122,nan
2024-06-11T14:37:53,84.112610,-35.098019,nan
2024-06-11T14:37:53,84.112625,-35.097916,nan
2024-06-11T14:37:52,84.112640,-35.097805,nan
2024-06-11T14:37:52,84.112656,-35.097694,nan
2024-06-11T14:37:51,84.112671,-35.097584,nan
2024-06-11T14:37:51,84.112686,-35.097466,nan
2024-06-11T14:37:50,84.112701,-35.097347,nan
2024-06-11T14:37:50,84.112717,-35.097229,nan
2024-06-11T14:37:49,84.112732,-35.097115,nan
2024-06-11T14:37:49,84.112747,-35.097000,nan
2024-06-11T14:37:48,84.112762,-35.096889,nan
2024-06-11T14:37:48,84.112778,-35.096775,nan
2024-06-11T14:37:47,84.112793,-35.096664,nan
2024-06-11T14:37:47,84.112808,-35.096558,nan
2024-06-11T14:37:46,84.112823,-35.096447,nan
2024-06-11T14:37:46,84.112839,-35.096336,nan
2024-06-11T14:37:45,84.112854,-35.096226,nan
2024-06-11T14:37:45,84.112869,-35.096107,nan
2024-06-11T14:37:44,84.112885,-35.095989,nan
2024-06-11T14:37:44,84.112907,-35.095867,nan
2024-06-11T14:37:43,84.112923,-35.095741,nan
2024-06-11T14:37:43,84.112938,-35.095615,nan
2024-06-11T14:37:42,84.112953,-35.095486,nan
2024-06-11T14:37:42,84.112961,-35.095352,nan
2024-06-11T14:37:41,84.112976,-35.095219,nan
2024-06-11T14:37:41,84.112991,-35.095081,nan
2024-06-11T14:37:40,84.113007,-35.094944,nan
2024-06-11T14:37:40,84.113022,-35.094810,nan
2024-06-11T14:37:39,84.113037,-35.094673,nan
2024-06-11T14:37:39,84.113052,-35.094540,nan
2024-06-11T14:37:38,84.113068,-35.094406,nan
2024-06-11T14:37:38,84.113083,-35.094273,nan
2024-06-11T14:37:37,84.113106,-35.094143,nan
2024-06-11T14:37:37,84.113121,-35.094009,nan
2024-06-11T14:37:36,84.113136,-35.093876,nan
2024-06-11T14:37:36,84.113152,-35.093742,nan
2024-06-11T14:37:35,84.113174,-35.093597,nan
2024-06-11T14:37:35,84.113190,-35.093456,nan
2024-06-11T14:37:34,84.113213,-35.093311,nan
2024-06-11T14:37:34,84.113228,-35.093166,nan
2024-06-11T14:37:33,84.113251,-35.093018,nan
2024-06-11T14:37:33,84.113266,-35.092873,nan
2024-06-11T14:37:32,84.113289,-35.092728,nan
2024-06-11T14:37:32,84.113312,-35.092587,nan
2024-06-11T14:37:31,84.113327,-35.092442,nan
2024-06-11T14:37:31,84.113350,-35.092297,nan
2024-06-11T14:37:30,84.113373,-35.092152,nan
2024-06-11T14:37:30,84.113388,-35.092007,nan
2024-06-11T14:37:29,84.113411,-35.091862,nan
2024-06-11T14:37:29,84.113434,-35.091717,nan
2024-06-11T14:37:28,84.113457,-35.091568,nan
2024-06-11T14:37:28,84.113472,-35.091419,nan
2024-06-11T14:37:27,84.113495,-35.091267,nan
2024-06-11T14:37:27,84.113518,-35.091118,nan
2024-06-11T14:37:26,84.113541,-35.090969,nan
2024-06-11T14:37:26,84.113564,-35.090816,nan
2024-06-11T14:37:25,84.113586,-35.090664,nan
2024-06-11T14:37:25,84.113609,-35.090511,nan
2024-06-11T14:37:24,84.113625,-35.090363,nan
2024-06-11T14:37:24,84.113647,-35.090218,nan
2024-06-11T14:37:23,84.113670,-35.090073,nan
2024-06-11T14:37:23,84.113693,-35.089931,nan
2024-06-11T14:37:22,84.113708,-35.089794,nan
2024-06-11T14:37:22,84.113731,-35.089657,nan
2024-06-11T14:37:21,84.113747,-35.089520,nan
2024-06-11T14:37:21,84.113762,-35.089382,nan
2024-06-11T14:37:20,84.113785,-35.089241,nan
2024-06-11T14:37:20,84.113800,-35.089100,nan
2024-06-11T14:37:19,84.113815,-35.088959,nan
2024-06-11T14:37:19,84.113831,-35.088818,nan
2024-06-11T14:37:18,84.113838,-35.088673,nan
2024-06-11T14:37:18,84.113853,-35.088528,nan
2024-06-11T14:37:17,84.113869,-35.088383,nan
2024-06-11T14:37:17,84.113884,-35.088234,nan
2024-06-11T14:37:16,84.113892,-35.088093,nan
2024-06-11T14:37:16,84.113907,-35.087944,nan
2024-06-11T14:37:15,84.113922,-35.087799,nan
2024-06-11T14:37:15,84.113937,-35.087650,nan
2024-06-11T14:37:14,84.113953,-35.087498,nan
2024-06-11T14:37:14,84.113968,-35.087341,nan
2024-06-11T14:37:13,84.113983,-35.087185,nan
2024-06-11T14:37:13,84.113998,-35.087025,nan
2024-06-11T14:37:12,84.114006,-35.086868,nan
2024-06-11T14:37:12,84.114021,-35.086716,nan
2024-06-11T14:37:11,84.114037,-35.086563,nan
2024-06-11T14:37:11,84.114052,-35.086411,nan
2024-06-11T14:37:10,84.114059,-35.086254,nan
2024-06-11T14:37:10,84.114075,-35.086102,nan
2024-06-11T14:37:09,84.114090,-35.085953,nan
2024-06-11T14:37:09,84.114105,-35.085800,nan
2024-06-11T14:37:08,84.114120,-35.085651,nan
2024-06-11T14:37:08,84.114136,-35.085503,nan
2024-06-11T14:37:07,84.114143,-35.085350,nan
2024-06-11T14:37:07,84.114159,-35.085197,nan
2024-06-11T14:37:06,84.114174,-35.085037,nan
2024-06-11T14:37:06,84.114189,-35.084881,nan
2024-06-11T14:37:05,84.114204,-35.084717,nan
2024-06-11T14:37:05,84.114220,-35.084553,nan
2024-06-11T14:37:04,84.114235,-35.084389,nan
2024-06-11T14:37:04,84.114250,-35.084225,nan
2024-06-11T14:37:03,84.114281,-35.083893,nan
2024-06-11T14:37:02,84.114311,-35.083565,nan
2024-06-11T14:37:01,84.114326,-35.083401,nan
2024-06-11T14:37:01,84.114334,-35.083237,nan
2024-06-11T14:37:00,84.114349,-35.083080,nan
2024-06-11T14:37:00,84.114365,-35.082920,nan
2024-06-11T14:36:59,84.114380,-35.082764,nan
2024-06-11T14:36:59,84.114395,-35.082603,nan
2024-06-11T14:36:58,84.114410,-35.082443,nan
2024-06-11T14:36:58,84.114426,-35.082287,nan
2024-06-11T14:36:57,84.114441,-35.082123,nan
2024-06-11T14:36:57,84.114456,-35.081963,nan
2024-06-11T14:36:56,84.114471,-35.081802,nan
2024-06-11T14:36:56,84.114487,-35.081650,nan
2024-06-11T14:36:55,84.114494,-35.081501,nan
2024-06-11T14:36:55,84.114510,-35.081352,nan
2024-06-11T14:36:54,84.114525,-35.081207,nan
2024-06-11T14:36:54,84.114540,-35.081062,nan
2024-06-11T14:36:53,84.114555,-35.080914,nan
2024-06-11T14:36:53,84.114563,-35.080765,nan
2024-06-11T14:36:52,84.114578,-35.080616,nan
2024-06-11T14:36:52,84.114594,-35.080463,nan
2024-06-11T14:36:51,84.114609,-35.080311,nan
2024-06-11T14:36:51,84.114624,-35.080154,nan
2024-06-11T14:36:50,84.114632,-35.079994,nan
2024-06-11T14:36:50,84.114647,-35.079838,nan
2024-06-11T14:36:49,84.114662,-35.079681,nan
2024-06-11T14:36:49,84.114677,-35.079521,nan
2024-06-11T14:36:48,84.114685,-35.079365,nan
2024-06-11T14:36:48,84.114700,-35.079201,nan
2024-06-11T14:36:47,84.114708,-35.079041,nan
2024-06-11T14:36:47,84.114723,-35.078873,nan
2024-06-11T14:36:46,84.114731,-35.078709,nan
2024-06-11T14:36:46,84.114746,-35.078537,nan
2024-06-11T14:36:45,84.114754,-35.078369,nan
2024-06-11T14:36:45,84.114769,-35.078197,nan
2024-06-11T14:36:44,84.114777,-35.078030,nan
2024-06-11T14:36:44,84.114784,-35.077854,nan
2024-06-11T14:36:43,84.114799,-35.077679,nan
2024-06-11T14:36:43,84.114807,-35.077503,nan
2024-06-11T14:36:42,84.114815,-35.077328,nan
2024-06-11T14:36:42,84.114830,-35.077148,nan
2024-06-11T14:36:41,84.114838,-35.076969,nan
2024-06-11T14:36:41,84.114845,-35.076790,nan
2024-06-11T14:36:40,84.114853,-35.076611,nan
2024-06-11T14:36:40,84.114861,-35.076431,nan
2024-06-11T14:36:39,84.114868,-35.076252,nan
2024-06-11T14:36:39,84.114876,-35.076077,nan
2024-06-11T14:36:38,84.114883,-35.075901,nan
2024-06-11T14:36:38,84.114891,-35.075733,nan
2024-06-11T14:36:37,84.114891,-35.075569,nan
2024-06-11T14:36:37,84.114899,-35.075405,nan
2024-06-11T14:36:36,84.114906,-35.075245,nan
2024-06-11T14:36:36,84.114914,-35.075089,nan
2024-06-11T14:36:35,84.114922,-35.074932,nan
2024-06-11T14:36:35,84.114929,-35.074776,nan
2024-06-11T14:36:34,84.114937,-35.074619,nan
2024-06-11T14:36:34,84.114944,-35.074463,nan
2024-06-11T14:36:33,84.114952,-35.074303,nan
2024-06-11T14:36:33,84.114960,-35.074135,nan
2024-06-11T14:36:32,84.114975,-35.073971,nan
2024-06-11T14:36:32,84.114983,-35.073799,nan
2024-06-11T14:36:31,84.114990,-35.073627,nan
2024-06-11T14:36:31,84.114998,-35.073460,nan
2024-06-11T14:36:30,84.115005,-35.073292,nan
2024-06-11T14:36:30,84.115013,-35.073124,nan
2024-06-11T14:36:29,84.115021,-35.072960,nan
2024-06-11T14:36:29,84.115028,-35.072796,nan
2024-06-11T14:36:28,84.115036,-35.072636,nan
2024-06-11T14:36:28,84.115044,-35.072479,nan
2024-06-11T14:36:27,84.115051,-35.072327,nan
2024-06-11T14:36:27,84.115059,-35.072178,nan
2024-06-11T14:36:26,84.115059,-35.072029,nan
2024-06-11T14:36:26,84.115067,-35.071884,nan
2024-06-11T14:36:25,84.115074,-35.071743,nan
2024-06-11T14:36:25,84.115074,-35.071606,nan
2024-06-11T14:36:24,84.115082,-35.071476,nan
2024-06-11T14:36:24,84.115082,-35.071346,nan
2024-06-11T14:36:23,84.115089,-35.071224,nan
2024-06-11T14:36:23,84.115089,-35.071102,nan
2024-06-11T14:36:22,84.115097,-35.070988,nan
2024-06-11T14:36:22,84.115097,-35.070873,nan
2024-06-11T14:36:21,84.115105,-35.070759,nan
2024-06-11T14:36:21,84.115105,-35.070644,nan
2024-06-11T14:36:20,84.115105,-35.070530,nan
2024-06-11T14:36:20,84.115112,-35.070415,nan
2024-06-11T14:36:19,84.115112,-35.070305,nan
2024-06-11T14:36:19,84.115112,-35.070187,nan
2024-06-11T14:36:18,84.115112,-35.070068,nan
2024-06-11T14:36:18,84.115120,-35.069946,nan
2024-06-11T14:36:17,84.115120,-35.069828,nan
2024-06-11T14:36:17,84.115120,-35.069706,nan
2024-06-11T14:36:16,84.115120,-35.069580,nan
2024-06-11T14:36:16,84.115120,-35.069454,nan
2024-06-11T14:36:15,84.115112,-35.069328,nan
2024-06-11T14:36:15,84.115112,-35.069202,nan
2024-06-11T14:36:14,84.115112,-35.069077,nan
2024-06-11T14:36:14,84.115112,-35.068954,nan
2024-06-11T14:36:13,84.115112,-35.068825,nan
2024-06-11T14:36:13,84.115112,-35.068699,nan
2024-06-11T14:36:12,84.115112,-35.068573,nan
2024-06-11T14:36:12,84.115112,-35.068451,nan
2024-06-11T14:36:11,84.115112,-35.068329,nan
2024-06-11T14:36:11,84.115112,-35.068211,nan
2024-06-11T14:36:10,84.115112,-35.068092,nan
2024-06-11T14:36:10,84.115112,-35.067974,nan
2024-06-11T14:36:09,84.115112,-35.067860,nan
2024-06-11T14:36:09,84.115112,-35.067749,nan
2024-06-11T14:36:08,84.115112,-35.067638,nan
2024-06-11T14:36:08,84.115112,-35.067535,nan
2024-06-11T14:36:07,84.115112,-35.067436,nan
2024-06-11T14:36:07,84.115120,-35.067337,nan
2024-06-11T14:36:06,84.115120,-35.067242,nan
2024-06-11T14:36:06,84.115120,-35.067150,nan
2024-06-11T14:36:05,84.115120,-35.067066,nan
2024-06-11T14:36:05,84.115128,-35.066978,nan
2024-06-11T14:36:04,84.115128,-35.066891,nan
2024-06-11T14:36:04,84.115135,-35.066799,nan
2024-06-11T14:36:03,84.115135,-35.066704,nan
2024-06-11T14:36:03,84.115135,-35.066605,nan
2024-06-11T14:36:02,84.115143,-35.066502,nan
2024-06-11T14:36:02,84.115143,-35.066387,nan
2024-06-11T14:36:01,84.115150,-35.066277,nan
2024-06-11T14:36:01,84.115150,-35.066158,nan
2024-06-11T14:36:00,84.115158,-35.066044,nan
2024-06-11T14:36:00,84.115158,-35.065926,nan
2024-06-11T14:35:59,84.115158,-35.065811,nan
2024-06-11T14:35:59,84.115166,-35.065701,nan
2024-06-11T14:35:58,84.115173,-35.065590,nan
2024-06-11T14:35:58,84.115173,-35.065475,nan
2024-06-11T14:35:57,84.115181,-35.065365,nan
2024-06-11T14:35:57,84.115189,-35.065254,nan
2024-06-11T14:35:56,84.115189,-35.065144,nan
2024-06-11T14:35:56,84.115196,-35.065033,nan
2024-06-11T14:35:55,84.115196,-35.064926,nan
2024-06-11T14:35:55,84.115204,-35.064819,nan
2024-06-11T14:35:54,84.115211,-35.064713,nan
2024-06-11T14:35:54,84.115211,-35.064610,nan
2024-06-11T14:35:53,84.115211,-35.064503,nan
2024-06-11T14:35:53,84.115219,-35.064396,nan
2024-06-11T14:35:52,84.115219,-35.064289,nan
2024-06-11T14:35:52,84.115227,-35.064190,nan
2024-06-11T14:35:51,84.115227,-35.064087,nan
2024-06-11T14:35:51,84.115227,-35.063992,nan
2024-06-11T14:35:50,84.115227,-35.063896,nan
2024-06-11T14:35:50,84.115234,-35.063801,nan
2024-06-11T14:35:49,84.115234,-35.063713,nan
2024-06-11T14:35:49,84.115234,-35.063625,nan
2024-06-11T14:35:48,84.115234,-35.063545,nan
2024-06-11T14:35:48,84.115242,-35.063473,nan
2024-06-11T14:35:47,84.115242,-35.063400,nan
2024-06-11T14:35:47,84.115242,-35.063332,nan
2024-06-11T14:35:46,84.115250,-35.063271,nan
2024-06-11T14:35:46,84.115250,-35.063202,nan
2024-06-11T14:35:45,84.115250,-35.063141,nan
2024-06-11T14:35:45,84.115257,-35.063076,nan
2024-06-11T14:35:44,84.115257,-35.063011,nan
2024-06-11T14:35:44,84.115265,-35.062943,nan
2024-06-11T14:35:43,84.115265,-35.062874,nan
2024-06-11T14:35:43,84.115273,-35.062805,nan
2024-06-11T14:35:42,84.115273,-35.062733,nan
2024-06-11T14:35:42,84.115273,-35.062660,nan
2024-06-11T14:35:41,84.115280,-35.062592,nan
2024-06-11T14:35:41,84.115280,-35.062527,nan
2024-06-11T14:35:40,84.115288,-35.062458,nan
2024-06-11T14:35:40,84.115288,-35.062393,nan
2024-06-11T14:35:39,84.115288,-35.062325,nan
2024-06-11T14:35:39,84.115288,-35.062260,nan
2024-06-11T14:35:38,84.115295,-35.062191,nan
2024-06-11T14:35:38,84.115295,-35.062130,nan
2024-06-11T14:35:37,84.115295,-35.062069,nan
2024-06-11T14:35:37,84.115295,-35.062012,nan
2024-06-11T14:35:36,84.115303,-35.061958,nan
2024-06-11T14:35:36,84.115303,-35.061905,nan
2024-06-11T14:35:35,84.115303,-35.061848,nan
2024-06-11T14:35:35,84.115311,-35.061794,nan
2024-06-11T14:35:34,84.115311,-35.061741,nan
2024-06-11T14:35:34,84.115318,-35.061687,nan
2024-06-11T14:35:33,84.115318,-35.061626,nan
2024-06-11T14:35:33,84.115326,-35.061569,nan
2024-06-11T14:35:32,84.115326,-35.061520,nan
2024-06-11T14:35:32,84.115326,-35.061474,nan
2024-06-11T14:35:31,84.115334,-35.061440,nan
2024-06-11T14:35:31,84.115334,-35.061409,nan
2024-06-11T14:35:30,84.115334,-35.061378,nan
2024-06-11T14:35:30,84.115334,-35.061363,nan
2024-06-11T14:35:29,84.115334,-35.061356,nan
2024-06-11T14:35:29,84.115341,-35.061344,nan
2024-06-11T14:35:28,84.115341,-35.061344,nan
2024-06-11T14:35:28,84.115341,-35.061348,nan
2024-06-11T14:35:27,84.115349,-35.061352,nan
2024-06-11T14:35:27,84.115349,-35.061359,nan
2024-06-11T14:35:26,84.115356,-35.061378,nan
2024-06-11T14:35:26,84.115356,-35.061398,nan
2024-06-11T14:35:25,84.115356,-35.061420,nan
2024-06-11T14:35:25,84.115364,-35.061443,nan
2024-06-11T14:35:24,84.115372,-35.061470,nan
2024-06-11T14:35:24,84.115372,-35.061501,nan
2024-06-11T14:35:23,84.115379,-35.061535,nan
2024-06-11T14:35:23,84.115379,-35.061569,nan
2024-06-11T14:35:22,84.115387,-35.061604,nan
2024-06-11T14:35:22,84.115387,-35.061646,nan
2024-06-11T14:35:21,84.115395,-35.061684,nan
2024-06-11T14:35:21,84.115395,-35.061722,nan
2024-06-11T14:35:20,84.115402,-35.061764,nan
2024-06-11T14:35:20,84.115410,-35.061806,nan
2024-06-11T14:35:19,84.115410,-35.061840,nan
2024-06-11T14:35:19,84.115417,-35.061871,nan
2024-06-11T14:35:18,84.115417,-35.061897,nan
2024-06-11T14:35:18,84.115425,-35.061916,nan
2024-06-11T14:35:17,84.115425,-35.061939,nan
2024-06-11T14:35:17,84.115433,-35.061966,nan
2024-06-11T14:35:16,84.115433,-35.061996,nan
2024-06-11T14:35:16,84.115440,-35.062035,nan
2024-06-11T14:35:15,84.115440,-35.062080,nan
2024-06-11T14:35:15,84.115448,-35.062130,nan
2024-06-11T14:35:14,84.115448,-35.062187,nan
2024-06-11T14:35:14,84.115456,-35.062248,nan
2024-06-11T14:35:13,84.115456,-35.062305,nan
2024-06-11T14:35:13,84.115456,-35.062366,nan
2024-06-11T14:35:12,84.115463,-35.062431,nan
2024-06-11T14:35:12,84.115463,-35.062496,nan
2024-06-11T14:35:11,84.115471,-35.062565,nan
2024-06-11T14:35:11,84.115471,-35.062634,nan
2024-06-11T14:35:10,84.115479,-35.062702,nan
2024-06-11T14:35:10,84.115479,-35.062771,nan
2024-06-11T14:35:09,84.115486,-35.062843,nan
2024-06-11T14:35:09,84.115486,-35.062920,nan
2024-06-11T14:35:08,84.115494,-35.063000,nan
2024-06-11T14:35:08,84.115494,-35.063084,nan
2024-06-11T14:35:07,84.115501,-35.063171,nan
2024-06-11T14:35:07,84.115509,-35.063263,nan
2024-06-11T14:35:06,84.115509,-35.063362,nan
2024-06-11T14:35:06,84.115517,-35.063461,nan
2024-06-11T14:35:05,84.115517,-35.063568,nan
2024-06-11T14:35:05,84.115524,-35.063679,nan
2024-06-11T14:35:04,84.115524,-35.063786,nan
2024-06-11T14:35:04,84.115532,-35.063885,nan
2024-06-11T14:35:03,84.115532,-35.063988,nan
2024-06-11T14:35:03,84.115532,-35.064091,nan
2024-06-11T14:35:02,84.115540,-35.064190,nan
2024-06-11T14:35:02,84.115540,-35.064293,nan
2024-06-11T14:35:01,84.115540,-35.064400,nan
2024-06-11T14:35:01,84.115540,-35.064507,nan
2024-06-11T14:35:00,84.115540,-35.064621,nan
2024-06-11T14:35:00,84.115540,-35.064739,nan
2024-06-11T14:34:59,84.115540,-35.064861,nan
2024-06-11T14:34:59,84.115540,-35.064987,nan
2024-06-11T14:34:58,84.115540,-35.065125,nan
2024-06-11T14:34:58,84.115540,-35.065262,nan
2024-06-11T14:34:57,84.115547,-35.065411,nan
2024-06-11T14:34:57,84.115547,-35.065556,nan
2024-06-11T14:34:56,84.115547,-35.065708,nan
2024-06-11T14:34:56,84.115547,-35.065865,nan
2024-06-11T14:34:55,84.115555,-35.066017,nan
2024-06-11T14:34:55,84.115555,-35.066174,nan
2024-06-11T14:34:54,84.115555,-35.066330,nan
2024-06-11T14:34:54,84.115562,-35.066486,nan
2024-06-11T14:34:53,84.115562,-35.066639,nan
2024-06-11T14:34:53,84.115562,-35.066792,nan
2024-06-11T14:34:52,84.115570,-35.066944,nan
2024-06-11T14:34:52,84.115570,-35.067101,nan
2024-06-11T14:34:51,84.115578,-35.067249,nan
2024-06-11T14:34:51,84.115585,-35.067402,nan
2024-06-11T14:34:50,84.115585,-35.067543,nan
2024-06-11T14:34:50,84.115593,-35.067688,nan
2024-06-11T14:34:49,84.115601,-35.067825,nan
2024-06-11T14:34:49,84.115601,-35.067963,nan
2024-06-11T14:34:48,84.115608,-35.068096,nan
2024-06-11T14:34:48,84.115616,-35.068230,nan
2024-06-11T14:34:47,84.115623,-35.068356,nan
2024-06-11T14:34:47,84.115623,-35.068478,nan
2024-06-11T14:34:46,84.115631,-35.068604,nan
2024-06-11T14:34:46,84.115639,-35.068722,nan
2024-06-11T14:34:45,84.115646,-35.068840,nan
2024-06-11T14:34:45,84.115654,-35.068954,nan
2024-06-11T14:34:44,84.115662,-35.069073,nan
2024-06-11T14:34:44,84.115662,-35.069187,nan
2024-06-11T14:34:43,84.115669,-35.069309,nan
2024-06-11T14:34:43,84.115677,-35.069427,nan
2024-06-11T14:34:42,84.115685,-35.069550,nan
2024-06-11T14:34:42,84.115692,-35.069675,nan
2024-06-11T14:34:41,84.115700,-35.069798,nan
2024-06-11T14:34:41,84.115707,-35.069920,nan
2024-06-11T14:34:40,84.115715,-35.070042,nan
2024-06-11T14:34:40,84.115723,-35.070160,nan
2024-06-11T14:34:39,84.115730,-35.070278,nan
2024-06-11T14:34:39,84.115738,-35.070396,nan
2024-06-11T14:34:38,84.115753,-35.070507,nan
2024-06-11T14:34:38,84.115761,-35.070618,nan
2024-06-11T14:34:37,84.115776,-35.070721,nan
2024-06-11T14:34:37,84.115784,-35.070824,nan
2024-06-11T14:34:36,84.115799,-35.070915,nan
2024-06-11T14:34:36,84.115814,-35.071003,nan
2024-06-11T14:34:35,84.115822,-35.071083,nan
2024-06-11T14:34:35,84.115837,-35.071156,nan
2024-06-11T14:34:34,84.115852,-35.071220,nan
2024-06-11T14:34:34,84.115868,-35.071278,nan
2024-06-11T14:34:33,84.115875,-35.071323,nan
2024-06-11T14:34:33,84.115891,-35.071358,nan
2024-06-11T14:34:32,84.115906,-35.071388,nan
2024-06-11T14:34:32,84.115913,-35.071407,nan
2024-06-11T14:34:31,84.115929,-35.071415,nan
2024-06-11T14:34:31,84.115936,-35.071415,nan
2024-06-11T14:34:30,84.115952,-35.071411,nan
2024-06-11T14:34:30,84.115959,-35.071404,nan
2024-06-11T14:34:29,84.115974,-35.071392,nan
2024-06-11T14:34:29,84.115982,-35.071373,nan
2024-06-11T14:34:28,84.115990,-35.071350,nan
2024-06-11T14:34:28,84.116005,-35.071323,nan
2024-06-11T14:34:27,84.116013,-35.071293,nan
2024-06-11T14:34:27,84.116020,-35.071259,nan
2024-06-11T14:34:26,84.116028,-35.071224,nan
2024-06-11T14:34:26,84.116035,-35.071186,nan
2024-06-11T14:34:25,84.116035,-35.071144,nan
2024-06-11T14:34:25,84.116043,-35.071098,nan
2024-06-11T14:34:24,84.116051,-35.071049,nan
2024-06-11T14:34:24,84.116051,-35.070999,nan
2024-06-11T14:34:23,84.116058,-35.070950,nan
2024-06-11T14:34:23,84.116058,-35.070900,nan
2024-06-11T14:34:22,84.116058,-35.070854,nan
2024-06-11T14:34:22,84.116066,-35.070816,nan
2024-06-11T14:34:21,84.116066,-35.070782,nan
2024-06-11T14:34:21,84.116074,-35.070751,nan
2024-06-11T14:34:20,84.116074,-35.070721,nan
2024-06-11T14:34:20,84.116081,-35.070694,nan
2024-06-11T14:34:19,84.116081,-35.070663,nan
2024-06-11T14:34:19,84.116089,-35.070637,nan
2024-06-11T14:34:18,84.116096,-35.070602,nan
2024-06-11T14:34:18,84.116104,-35.070560,nan
2024-06-11T14:34:17,84.116112,-35.070515,nan
2024-06-11T14:34:17,84.116112,-35.070457,nan
2024-06-11T14:34:16,84.116119,-35.070396,nan
2024-06-11T14:34:16,84.116119,-35.070332,nan
2024-06-11T14:34:15,84.116127,-35.070259,nan
2024-06-11T14:34:15,84.116127,-35.070187,nan
2024-06-11T14:34:14,84.116135,-35.070114,nan
2024-06-11T14:34:14,84.116135,-35.070042,nan
2024-06-11T14:34:13,84.116142,-35.069973,nan
2024-06-11T14:34:13,84.116142,-35.069901,nan
2024-06-11T14:34:12,84.116142,-35.069832,nan
2024-06-11T14:34:12,84.116150,-35.069767,nan
2024-06-11T14:34:11,84.116158,-35.069695,nan
2024-06-11T14:34:11,84.116158,-35.069626,nan
2024-06-11T14:34:10,84.116165,-35.069550,nan
2024-06-11T14:34:10,84.116173,-35.069466,nan
2024-06-11T14:34:09,84.116180,-35.069374,nan
2024-06-11T14:34:09,84.116188,-35.069279,nan
2024-06-11T14:34:08,84.116196,-35.069176,nan
2024-06-11T14:34:08,84.116196,-35.069069,nan
2024-06-11T14:34:07,84.116203,-35.068958,nan
2024-06-11T14:34:07,84.116211,-35.068848,nan
2024-06-11T14:34:06,84.116219,-35.068737,nan
2024-06-11T14:34:06,84.116219,-35.068623,nan
2024-06-11T14:34:05,84.116226,-35.068504,nan
2024-06-11T14:34:05,84.116226,-35.068386,nan
2024-06-11T14:34:04,84.116234,-35.068268,nan
2024-06-11T14:34:04,84.116241,-35.068150,nan
2024-06-11T14:34:03,84.116241,-35.068027,nan
2024-06-11T14:34:03,84.116249,-35.067898,nan
2024-06-11T14:34:02,84.116249,-35.067768,nan
2024-06-11T14:34:02,84.116257,-35.067638,nan
2024-06-11T14:34:01,84.116257,-35.067501,nan
2024-06-11T14:34:01,84.116264,-35.067364,nan
2024-06-11T14:34:00,84.116264,-35.067219,nan
2024-06-11T14:34:00,84.116272,-35.067074,nan
2024-06-11T14:33:59,84.116272,-35.066917,nan
2024-06-11T14:33:59,84.116280,-35.066750,nan
2024-06-11T14:33:58,84.116287,-35.066582,nan
2024-06-11T14:33:58,84.116295,-35.066402,nan
2024-06-11T14:33:57,84.116295,-35.066219,nan
2024-06-11T14:33:57,84.116302,-35.066032,nan
2024-06-11T14:33:56,84.116310,-35.065849,nan
2024-06-11T14:33:56,84.116310,-35.065666,nan
2024-06-11T14:33:55,84.116318,-35.065483,nan
2024-06-11T14:33:55,84.116318,-35.065300,nan
2024-06-11T14:33:54,84.116325,-35.065117,nan
2024-06-11T14:33:54,84.116325,-35.064930,nan
2024-06-11T14:33:53,84.116325,-35.064743,nan
2024-06-11T14:33:53,84.116333,-35.064560,nan
2024-06-11T14:33:52,84.116333,-35.064377,nan
2024-06-11T14:33:52,84.116333,-35.064198,nan
2024-06-11T14:33:51,84.116341,-35.064014,nan
2024-06-11T14:33:51,84.116341,-35.063831,nan
2024-06-11T14:33:50,84.116341,-35.063648,nan
2024-06-11T14:33:50,84.116348,-35.063469,nan
2024-06-11T14:33:49,84.116348,-35.063290,nan
2024-06-11T14:33:49,84.116348,-35.063114,nan
2024-06-11T14:33:48,84.116356,-35.062950,nan
2024-06-11T14:33:48,84.116356,-35.062794,nan
2024-06-11T14:33:47,84.116356,-35.062641,nan
2024-06-11T14:33:47,84.116356,-35.062504,nan
2024-06-11T14:33:46,84.116364,-35.062370,nan
2024-06-11T14:33:46,84.116364,-35.062248,nan
2024-06-11T14:33:45,84.116364,-35.062134,nan
2024-06-11T14:33:45,84.116364,-35.062027,nan
2024-06-11T14:33:44,84.116371,-35.061924,nan
2024-06-11T14:33:44,84.116371,-35.061825,nan
2024-06-11T14:33:43,84.116379,-35.061726,nan
2024-06-11T14:33:43,84.116379,-35.061626,nan
2024-06-11T14:33:42,84.116386,-35.061527,nan
2024-06-11T14:33:42,84.116386,-35.061428,nan
2024-06-11T14:33:41,84.116394,-35.061333,nan
2024-06-11T14:33:41,84.116394,-35.061237,nan
2024-06-11T14:33:40,84.116402,-35.061146,nan
2024-06-11T14:33:40,84.116402,-35.061058,nan
2024-06-11T14:33:39,84.116402,-35.060963,nan
2024-06-11T14:33:39,84.116409,-35.060867,nan
2024-06-11T14:33:38,84.116409,-35.060772,nan
2024-06-11T14:33:38,84.116417,-35.060673,nan
2024-06-11T14:33:37,84.116425,-35.060566,nan
2024-06-11T14:33:37,84.116425,-35.060459,nan
2024-06-11T14:33:36,84.116432,-35.060352,nan
2024-06-11T14:33:36,84.116440,-35.060238,nan
2024-06-11T14:33:35,84.116447,-35.060116,nan
2024-06-11T14:33:35,84.116455,-35.059986,nan
2024-06-11T14:33:34,84.116463,-35.059860,nan
2024-06-11T14:33:34,84.116470,-35.059723,nan
2024-06-11T14:33:33,84.116478,-35.059589,nan
2024-06-11T14:33:33,84.116486,-35.059456,nan
2024-06-11T14:33:32,84.116493,-35.059322,nan
2024-06-11T14:33:32,84.116501,-35.059196,nan
2024-06-11T14:33:31,84.116508,-35.059067,nan
2024-06-11T14:33:31,84.116508,-35.058926,nan
2024-06-11T14:33:30,84.116516,-35.058784,nan
2024-06-11T14:33:30,84.116524,-35.058632,nan
2024-06-11T14:33:29,84.116531,-35.058479,nan
2024-06-11T14:33:29,84.116539,-35.058327,nan
2024-06-11T14:33:28,84.116547,-35.058170,nan
2024-06-11T14:33:28,84.116554,-35.058018,nan
2024-06-11T14:33:27,84.116562,-35.057869,nan
2024-06-11T14:33:27,84.116562,-35.057720,nan
2024-06-11T14:33:26,84.116570,-35.057571,nan
2024-06-11T14:33:26,84.116577,-35.057419,nan
2024-06-11T14:33:25,84.116585,-35.057255,nan
2024-06-11T14:33:25,84.116592,-35.057087,nan
2024-06-11T14:33:24,84.116592,-35.056908,nan
2024-06-11T14:33:24,84.116600,-35.056721,nan
2024-06-11T14:33:23,84.116608,-35.056534,nan
2024-06-11T14:33:23,84.116615,-35.056343,nan
2024-06-11T14:33:22,84.116615,-35.056152,nan
2024-06-11T14:33:22,84.116615,-35.055958,nan
2024-06-11T14:33:21,84.116623,-35.055767,nan
2024-06-11T14:33:21,84.116623,-35.055580,nan
2024-06-11T14:33:20,84.116623,-35.055408,nan
2024-06-11T14:33:20,84.116615,-35.055241,nan
2024-06-11T14:33:19,84.116615,-35.055084,nan
2024-06-11T14:33:19,84.116615,-35.054939,nan
2024-06-11T14:33:18,84.116615,-35.054806,nan
2024-06-11T14:33:18,84.116615,-35.054676,nan
2024-06-11T14:33:17,84.116615,-35.054550,nan
2024-06-11T14:33:17,84.116615,-35.054428,nan
2024-06-11T14:33:16,84.116615,-35.054295,nan
2024-06-11T14:33:16,84.116615,-35.054165,nan
2024-06-11T14:33:15,84.116615,-35.054035,nan
2024-06-11T14:33:15,84.116615,-35.053905,nan
2024-06-11T14:33:14,84.116615,-35.053780,nan
2024-06-11T14:33:14,84.116623,-35.053654,nan
2024-06-11T14:33:13,84.116623,-35.053524,nan
2024-06-11T14:33:13,84.116631,-35.053394,nan
2024-06-11T14:33:12,84.116638,-35.053261,nan
2024-06-11T14:33:12,84.116646,-35.053127,nan
2024-06-11T14:33:11,84.116653,-35.052986,nan
2024-06-11T14:33:11,84.116653,-35.052837,nan
2024-06-11T14:33:10,84.116661,-35.052681,nan
2024-06-11T14:33:10,84.116669,-35.052509,nan
2024-06-11T14:33:09,84.116676,-35.052334,nan
2024-06-11T14:33:09,84.116676,-35.052158,nan
2024-06-11T14:33:08,84.116684,-35.051983,nan
2024-06-11T14:33:08,84.116684,-35.051804,nan
2024-06-11T14:33:07,84.116692,-35.051624,nan
2024-06-11T14:33:07,84.116692,-35.051445,nan
2024-06-11T14:33:06,84.116699,-35.051266,nan
2024-06-11T14:33:06,84.116699,-35.051090,nan
2024-06-11T14:33:05,84.116707,-35.050915,nan
2024-06-11T14:33:05,84.116707,-35.050739,nan
2024-06-11T14:33:04,84.116707,-35.050579,nan
2024-06-11T14:33:04,84.116714,-35.050423,nan
2024-06-11T14:33:03,84.116714,-35.050282,nan
2024-06-11T14:33:03,84.116714,-35.050140,nan
2024-06-11T14:33:02,84.116714,-35.049999,nan
2024-06-11T14:33:02,84.116722,-35.049877,nan
2024-06-11T14:33:01,84.116722,-35.049759,nan
2024-06-11T14:33:01,84.116722,-35.049644,nan
2024-06-11T14:33:00,84.116722,-35.049538,nan
2024-06-11T14:33:00,84.116730,-35.049427,nan
2024-06-11T14:32:59,84.116730,-35.049320,nan
2024-06-11T14:32:59,84.116737,-35.049217,nan
2024-06-11T14:32:58,84.116737,-35.049107,nan
2024-06-11T14:32:58,84.116737,-35.048992,nan
2024-06-11T14:32:57,84.116745,-35.048870,nan
2024-06-11T14:32:57,84.116753,-35.048740,nan
2024-06-11T14:32:56,84.116753,-35.048603,nan
2024-06-11T14:32:56,84.116760,-35.048458,nan
2024-06-11T14:32:55,84.116760,-35.048321,nan
2024-06-11T14:32:55,84.116768,-35.048183,nan
2024-06-11T14:32:54,84.116776,-35.048046,nan
2024-06-11T14:32:54,84.116783,-35.047913,nan
2024-06-11T14:32:53,84.116783,-35.047764,nan
2024-06-11T14:32:53,84.116791,-35.047615,nan
2024-06-11T14:32:52,84.116798,-35.047459,nan
2024-06-11T14:32:52,84.116806,-35.047291,nan
2024-06-11T14:32:51,84.116814,-35.047108,nan
2024-06-11T14:32:51,84.116814,-35.046921,nan
2024-06-11T14:32:50,84.116821,-35.046719,nan
2024-06-11T14:32:50,84.116829,-35.046513,nan
2024-06-11T14:32:49,84.116837,-35.046295,nan
2024-06-11T14:32:49,84.116837,-35.046078,nan
2024-06-11T14:32:48,84.116844,-35.045864,nan
2024-06-11T14:32:48,84.116852,-35.045654,nan
2024-06-11T14:32:47,84.116852,-35.045444,nan
2024-06-11T14:32:47,84.116852,-35.045242,nan
2024-06-11T14:32:46,84.116859,-35.045040,nan
2024-06-11T14:32:46,84.116859,-35.044846,nan
2024-06-11T14:32:45,84.116859,-35.044651,nan
2024-06-11T14:32:45,84.116867,-35.044464,nan
2024-06-11T14:32:44,84.116867,-35.044289,nan
2024-06-11T14:32:44,84.116875,-35.044113,nan
2024-06-11T14:32:43,84.116875,-35.043949,nan
2024-06-11T14:32:43,84.116882,-35.043785,nan
2024-06-11T14:32:42,84.116890,-35.043633,nan
2024-06-11T14:32:42,84.116898,-35.043484,nan
2024-06-11T14:32:41,84.116898,-35.043335,nan
2024-06-11T14:32:41,84.116905,-35.043186,nan
2024-06-11T14:32:40,84.116913,-35.043049,nan
2024-06-11T14:32:40,84.116928,-35.042908,nan
2024-06-11T14:32:39,84.116936,-35.042763,nan
2024-06-11T14:32:39,84.116943,-35.042603,nan
2024-06-11T14:32:38,84.116959,-35.042435,nan
2024-06-11T14:32:38,84.116974,-35.042274,nan
2024-06-11T14:32:37,84.116989,-35.042126,nan
2024-06-11T14:32:37,84.117004,-35.041965,nan
2024-06-11T14:32:36,84.117020,-35.041767,nan
2024-06-11T14:32:36,84.117035,-35.041561,nan
2024-06-11T14:32:35,84.117043,-35.041309,nan
2024-06-11T14:32:35,84.117050,-35.040974,nan
2024-06-11T14:32:34,84.117058,-35.040627,nan
2024-06-11T14:32:34,84.117065,-35.040230,nan
2024-06-11T14:32:33,84.117073,-35.039799,nan
2024-06-11T14:32:33,84.117081,-35.039276,nan
2024-06-11T14:32:32,84.117088,-35.038628,nan
2024-06-11T14:32:32,84.117104,-35.037853,nan
2024-06-11T14:32:31,84.117088,-35.036572,nan
2024-06-11T14:32:31,84.117058,-35.035004,nan
2024-06-11T14:32:30,84.117012,-35.032543,nan
2024-06-11T14:32:30,84.116997,-35.030361,nan
2024-06-11T14:32:29,84.117004,-35.028210,nan
2024-06-11T14:32:25,84.117180,-35.037949,nan
2024-06-11T14:32:25,84.117294,-35.046696,nan
2024-06-11T14:32:24,84.117416,-35.055801,nan
