datetime,lat,lon,elev
2024-06-06T16:56:42,83.124367,-60.663109,nan
2024-06-06T16:56:42,83.124382,-60.663151,nan
2024-06-06T16:56:41,83.124397,-60.663193,nan
2024-06-06T16:56:41,83.124420,-60.663235,nan
2024-06-06T16:56:40,83.124435,-60.663277,nan
2024-06-06T16:56:40,83.124458,-60.663315,nan
2024-06-06T16:56:39,83.124504,-60.663372,nan
2024-06-06T16:56:38,83.124527,-60.663406,nan
2024-06-06T16:56:38,83.124550,-60.663445,nan
2024-06-06T16:56:37,83.124573,-60.663483,nan
2024-06-06T16:56:37,83.124603,-60.663513,nan
2024-06-06T16:56:36,83.124626,-60.663540,nan
2024-06-06T16:56:36,83.124657,-60.663551,nan
2024-06-06T16:56:35,83.124680,-60.663555,nan
2024-06-06T16:56:35,83.124710,-60.663548,nan
2024-06-06T16:56:34,83.124763,-60.663502,nan
2024-06-06T16:56:33,83.124786,-60.663456,nan
2024-06-06T16:56:33,83.124817,-60.663403,nan
2024-06-06T16:56:32,83.124840,-60.663334,nan
2024-06-06T16:56:32,83.124870,-60.663258,nan
2024-06-06T16:56:31,83.124893,-60.663174,nan
2024-06-06T16:56:30,83.124947,-60.662994,nan
2024-06-06T16:56:30,83.124969,-60.662903,nan
2024-06-06T16:56:29,83.124992,-60.662807,nan
2024-06-06T16:56:29,83.125015,-60.662708,nan
2024-06-06T16:56:28,83.125046,-60.662609,nan
2024-06-06T16:56:28,83.125069,-60.662510,nan
2024-06-06T16:56:27,83.125092,-60.662415,nan
2024-06-06T16:56:27,83.125114,-60.662319,nan
2024-06-06T16:56:26,83.125145,-60.662231,nan
2024-06-06T16:56:26,83.125168,-60.662140,nan
2024-06-06T16:56:25,83.125191,-60.662052,nan
2024-06-06T16:56:25,83.125214,-60.661968,nan
2024-06-06T16:56:24,83.125244,-60.661884,nan
2024-06-06T16:56:23,83.125290,-60.661713,nan
2024-06-06T16:56:23,83.125313,-60.661629,nan
2024-06-06T16:56:22,83.125336,-60.661545,nan
2024-06-06T16:56:22,83.125359,-60.661465,nan
2024-06-06T16:56:21,83.125404,-60.661293,nan
2024-06-06T16:56:20,83.125427,-60.661209,nan
2024-06-06T16:56:20,83.125450,-60.661121,nan
2024-06-06T16:56:19,83.125481,-60.661034,nan
2024-06-06T16:56:19,83.125504,-60.660946,nan
2024-06-06T16:56:18,83.125526,-60.660858,nan
2024-06-06T16:56:18,83.125549,-60.660767,nan
2024-06-06T16:56:17,83.125580,-60.660679,nan
2024-06-06T16:56:17,83.125603,-60.660591,nan
2024-06-06T16:56:16,83.125626,-60.660503,nan
2024-06-06T16:56:16,83.125656,-60.660412,nan
2024-06-06T16:56:15,83.125679,-60.660320,nan
2024-06-06T16:56:15,83.125702,-60.660229,nan
2024-06-06T16:56:14,83.125732,-60.660137,nan
2024-06-06T16:56:14,83.125755,-60.660046,nan
2024-06-06T16:56:13,83.125801,-60.659851,nan
2024-06-06T16:56:12,83.125824,-60.659748,nan
2024-06-06T16:56:12,83.125854,-60.659641,nan
2024-06-06T16:56:11,83.125877,-60.659538,nan
2024-06-06T16:56:11,83.125900,-60.659428,nan
2024-06-06T16:56:10,83.125931,-60.659321,nan
2024-06-06T16:56:10,83.125954,-60.659206,nan
2024-06-06T16:56:09,83.125977,-60.659092,nan
2024-06-06T16:56:09,83.126007,-60.658978,nan
2024-06-06T16:56:08,83.126030,-60.658863,nan
2024-06-06T16:56:08,83.126060,-60.658745,nan
2024-06-06T16:56:07,83.126083,-60.658627,nan
2024-06-06T16:56:07,83.126114,-60.658504,nan
2024-06-06T16:56:06,83.126137,-60.658386,nan
2024-06-06T16:56:06,83.126160,-60.658264,nan
2024-06-06T16:56:05,83.126190,-60.658146,nan
2024-06-06T16:56:05,83.126213,-60.658028,nan
2024-06-06T16:56:04,83.126244,-60.657909,nan
2024-06-06T16:56:04,83.126266,-60.657787,nan
2024-06-06T16:56:03,83.126297,-60.657661,nan
2024-06-06T16:56:02,83.126343,-60.657406,nan
2024-06-06T16:56:02,83.126373,-60.657272,nan
2024-06-06T16:56:01,83.126396,-60.657139,nan
2024-06-06T16:56:01,83.126427,-60.657005,nan
2024-06-06T16:56:00,83.126450,-60.656864,nan
2024-06-06T16:56:00,83.126480,-60.656723,nan
2024-06-06T16:55:59,83.126503,-60.656582,nan
2024-06-06T16:55:59,83.126534,-60.656441,nan
2024-06-06T16:55:58,83.126556,-60.656296,nan
2024-06-06T16:55:58,83.126579,-60.656155,nan
2024-06-06T16:55:57,83.126610,-60.656017,nan
2024-06-06T16:55:57,83.126640,-60.655884,nan
2024-06-06T16:55:56,83.126663,-60.655750,nan
2024-06-06T16:55:56,83.126694,-60.655621,nan
2024-06-06T16:55:55,83.126717,-60.655495,nan
2024-06-06T16:55:55,83.126747,-60.655369,nan
2024-06-06T16:55:54,83.126770,-60.655239,nan
2024-06-06T16:55:54,83.126793,-60.655121,nan
2024-06-06T16:55:53,83.126823,-60.654999,nan
2024-06-06T16:55:53,83.126846,-60.654881,nan
2024-06-06T16:55:52,83.126869,-60.654762,nan
2024-06-06T16:55:52,83.126892,-60.654644,nan
2024-06-06T16:55:51,83.126915,-60.654530,nan
2024-06-06T16:55:51,83.126945,-60.654415,nan
2024-06-06T16:55:50,83.126968,-60.654301,nan
2024-06-06T16:55:50,83.126991,-60.654190,nan
2024-06-06T16:55:49,83.127014,-60.654076,nan
2024-06-06T16:55:49,83.127037,-60.653961,nan
2024-06-06T16:55:48,83.127060,-60.653843,nan
2024-06-06T16:55:47,83.127106,-60.653599,nan
2024-06-06T16:55:47,83.127129,-60.653473,nan
2024-06-06T16:55:46,83.127144,-60.653339,nan
2024-06-06T16:55:46,83.127167,-60.653202,nan
2024-06-06T16:55:45,83.127190,-60.653065,nan
2024-06-06T16:55:45,83.127205,-60.652924,nan
2024-06-06T16:55:44,83.127228,-60.652779,nan
2024-06-06T16:55:43,83.127266,-60.652489,nan
2024-06-06T16:55:43,83.127289,-60.652344,nan
2024-06-06T16:55:42,83.127312,-60.652203,nan
2024-06-06T16:55:42,83.127327,-60.652061,nan
2024-06-06T16:55:41,83.127350,-60.651920,nan
2024-06-06T16:55:41,83.127373,-60.651787,nan
2024-06-06T16:55:40,83.127396,-60.651653,nan
2024-06-06T16:55:40,83.127419,-60.651524,nan
2024-06-06T16:55:39,83.127434,-60.651394,nan
2024-06-06T16:55:39,83.127457,-60.651264,nan
2024-06-06T16:55:38,83.127480,-60.651134,nan
2024-06-06T16:55:38,83.127502,-60.651001,nan
2024-06-06T16:55:37,83.127541,-60.650723,nan
2024-06-06T16:55:36,83.127563,-60.650574,nan
2024-06-06T16:55:36,83.127579,-60.650425,nan
2024-06-06T16:55:35,83.127602,-60.650269,nan
2024-06-06T16:55:35,83.127625,-60.650120,nan
2024-06-06T16:55:34,83.127640,-60.649967,nan
2024-06-06T16:55:34,83.127663,-60.649815,nan
2024-06-06T16:55:33,83.127678,-60.649666,nan
2024-06-06T16:55:33,83.127701,-60.649517,nan
2024-06-06T16:55:32,83.127716,-60.649368,nan
2024-06-06T16:55:32,83.127731,-60.649216,nan
2024-06-06T16:55:31,83.127754,-60.649063,nan
2024-06-06T16:55:31,83.127769,-60.648907,nan
2024-06-06T16:55:30,83.127792,-60.648750,nan
2024-06-06T16:55:30,83.127808,-60.648594,nan
2024-06-06T16:55:29,83.127831,-60.648438,nan
2024-06-06T16:55:29,83.127853,-60.648277,nan
2024-06-06T16:55:28,83.127876,-60.648121,nan
2024-06-06T16:55:28,83.127892,-60.647961,nan
2024-06-06T16:55:27,83.127914,-60.647800,nan
2024-06-06T16:55:26,83.127960,-60.647480,nan
2024-06-06T16:55:26,83.127983,-60.647324,nan
2024-06-06T16:55:25,83.128006,-60.647163,nan
2024-06-06T16:55:25,83.128029,-60.647011,nan
2024-06-06T16:55:24,83.128044,-60.646854,nan
2024-06-06T16:55:24,83.128067,-60.646702,nan
2024-06-06T16:55:23,83.128090,-60.646549,nan
2024-06-06T16:55:23,83.128113,-60.646397,nan
2024-06-06T16:55:22,83.128136,-60.646248,nan
2024-06-06T16:55:22,83.128159,-60.646091,nan
2024-06-06T16:55:21,83.128174,-60.645935,nan
2024-06-06T16:55:21,83.128197,-60.645775,nan
2024-06-06T16:55:20,83.128220,-60.645615,nan
2024-06-06T16:55:20,83.128235,-60.645451,nan
2024-06-06T16:55:19,83.128258,-60.645287,nan
2024-06-06T16:55:19,83.128281,-60.645119,nan
2024-06-06T16:55:18,83.128296,-60.644951,nan
2024-06-06T16:55:17,83.128334,-60.644608,nan
2024-06-06T16:55:17,83.128357,-60.644436,nan
2024-06-06T16:55:16,83.128380,-60.644257,nan
2024-06-06T16:55:16,83.128395,-60.644077,nan
2024-06-06T16:55:15,83.128418,-60.643894,nan
2024-06-06T16:55:15,83.128441,-60.643715,nan
2024-06-06T16:55:14,83.128464,-60.643536,nan
2024-06-06T16:55:14,83.128487,-60.643356,nan
2024-06-06T16:55:13,83.128502,-60.643177,nan
2024-06-06T16:55:13,83.128525,-60.642998,nan
2024-06-06T16:55:12,83.128548,-60.642818,nan
2024-06-06T16:55:12,83.128571,-60.642643,nan
2024-06-06T16:55:11,83.128586,-60.642464,nan
2024-06-06T16:55:11,83.128609,-60.642281,nan
2024-06-06T16:55:10,83.128632,-60.642094,nan
2024-06-06T16:55:10,83.128654,-60.641907,nan
2024-06-06T16:55:09,83.128670,-60.641716,nan
2024-06-06T16:55:09,83.128693,-60.641521,nan
2024-06-06T16:55:08,83.128716,-60.641327,nan
2024-06-06T16:55:08,83.128738,-60.641129,nan
2024-06-06T16:55:07,83.128761,-60.640930,nan
2024-06-06T16:55:07,83.128784,-60.640724,nan
2024-06-06T16:55:06,83.128807,-60.640522,nan
2024-06-06T16:55:06,83.128830,-60.640312,nan
2024-06-06T16:55:05,83.128853,-60.640106,nan
2024-06-06T16:55:05,83.128876,-60.639896,nan
2024-06-06T16:55:04,83.128899,-60.639687,nan
2024-06-06T16:55:04,83.128914,-60.639477,nan
2024-06-06T16:55:03,83.128937,-60.639267,nan
2024-06-06T16:55:03,83.128960,-60.639057,nan
2024-06-06T16:55:02,83.128983,-60.638851,nan
2024-06-06T16:55:02,83.129005,-60.638641,nan
2024-06-06T16:55:01,83.129021,-60.638435,nan
2024-06-06T16:55:01,83.129044,-60.638229,nan
2024-06-06T16:55:00,83.129066,-60.638023,nan
2024-06-06T16:55:00,83.129089,-60.637814,nan
2024-06-06T16:54:59,83.129112,-60.637600,nan
2024-06-06T16:54:59,83.129135,-60.637379,nan
2024-06-06T16:54:58,83.129158,-60.637150,nan
2024-06-06T16:54:58,83.129173,-60.636913,nan
2024-06-06T16:54:57,83.129196,-60.636673,nan
2024-06-06T16:54:57,83.129219,-60.636433,nan
2024-06-06T16:54:56,83.129242,-60.636189,nan
2024-06-06T16:54:56,83.129257,-60.635941,nan
2024-06-06T16:54:55,83.129280,-60.635696,nan
2024-06-06T16:54:55,83.129303,-60.635448,nan
2024-06-06T16:54:54,83.129318,-60.635204,nan
2024-06-06T16:54:54,83.129341,-60.634960,nan
2024-06-06T16:54:53,83.129356,-60.634712,nan
2024-06-06T16:54:53,83.129379,-60.634468,nan
2024-06-06T16:54:52,83.129395,-60.634216,nan
2024-06-06T16:54:52,83.129410,-60.633968,nan
2024-06-06T16:54:51,83.129425,-60.633717,nan
2024-06-06T16:54:51,83.129448,-60.633461,nan
2024-06-06T16:54:50,83.129463,-60.633205,nan
2024-06-06T16:54:50,83.129478,-60.632946,nan
2024-06-06T16:54:49,83.129494,-60.632683,nan
2024-06-06T16:54:49,83.129517,-60.632420,nan
2024-06-06T16:54:48,83.129532,-60.632153,nan
2024-06-06T16:54:48,83.129547,-60.631886,nan
2024-06-06T16:54:47,83.129562,-60.631618,nan
2024-06-06T16:54:47,83.129585,-60.631351,nan
2024-06-06T16:54:46,83.129601,-60.631084,nan
2024-06-06T16:54:46,83.129623,-60.630817,nan
2024-06-06T16:54:45,83.129639,-60.630550,nan
2024-06-06T16:54:45,83.129654,-60.630283,nan
2024-06-06T16:54:44,83.129677,-60.630020,nan
2024-06-06T16:54:44,83.129692,-60.629757,nan
2024-06-06T16:54:43,83.129715,-60.629494,nan
2024-06-06T16:54:43,83.129730,-60.629227,nan
2024-06-06T16:54:42,83.129753,-60.628952,nan
2024-06-06T16:54:42,83.129768,-60.628677,nan
2024-06-06T16:54:41,83.129791,-60.628403,nan
2024-06-06T16:54:41,83.129814,-60.628124,nan
2024-06-06T16:54:40,83.129829,-60.627842,nan
2024-06-06T16:54:40,83.129852,-60.627560,nan
2024-06-06T16:54:39,83.129875,-60.627277,nan
2024-06-06T16:54:39,83.129898,-60.626995,nan
2024-06-06T16:54:38,83.129921,-60.626709,nan
2024-06-06T16:54:38,83.129944,-60.626427,nan
2024-06-06T16:54:37,83.129967,-60.626148,nan
2024-06-06T16:54:37,83.129982,-60.625870,nan
2024-06-06T16:54:36,83.130005,-60.625587,nan
2024-06-06T16:54:35,83.130066,-60.624737,nan
2024-06-06T16:54:34,83.130081,-60.624443,nan
2024-06-06T16:54:34,83.130104,-60.624149,nan
2024-06-06T16:54:33,83.130119,-60.623852,nan
2024-06-06T16:54:33,83.130142,-60.623554,nan
2024-06-06T16:54:32,83.130157,-60.623253,nan
2024-06-06T16:54:32,83.130173,-60.622955,nan
2024-06-06T16:54:31,83.130196,-60.622654,nan
2024-06-06T16:54:31,83.130211,-60.622356,nan
2024-06-06T16:54:30,83.130234,-60.622059,nan
2024-06-06T16:54:30,83.130257,-60.621761,nan
2024-06-06T16:54:29,83.130272,-60.621464,nan
2024-06-06T16:54:29,83.130295,-60.621174,nan
2024-06-06T16:54:28,83.130310,-60.620880,nan
2024-06-06T16:54:28,83.130333,-60.620590,nan
2024-06-06T16:54:27,83.130356,-60.620304,nan
2024-06-06T16:54:27,83.130371,-60.620018,nan
2024-06-06T16:54:26,83.130394,-60.619736,nan
2024-06-06T16:54:26,83.130409,-60.619450,nan
2024-06-06T16:54:25,83.130432,-60.619167,nan
2024-06-06T16:54:25,83.130447,-60.618889,nan
2024-06-06T16:54:24,83.130470,-60.618607,nan
2024-06-06T16:54:24,83.130486,-60.618324,nan
2024-06-06T16:54:23,83.130508,-60.618042,nan
2024-06-06T16:54:23,83.130524,-60.617764,nan
2024-06-06T16:54:22,83.130547,-60.617481,nan
2024-06-06T16:54:22,83.130562,-60.617199,nan
2024-06-06T16:54:21,83.130577,-60.616917,nan
2024-06-06T16:54:21,83.130600,-60.616631,nan
2024-06-06T16:54:20,83.130615,-60.616344,nan
2024-06-06T16:54:20,83.130630,-60.616058,nan
2024-06-06T16:54:19,83.130646,-60.615772,nan
2024-06-06T16:54:19,83.130661,-60.615482,nan
2024-06-06T16:54:18,83.130676,-60.615196,nan
2024-06-06T16:54:18,83.130699,-60.614906,nan
2024-06-06T16:54:17,83.130714,-60.614613,nan
2024-06-06T16:54:17,83.130730,-60.614319,nan
2024-06-06T16:54:16,83.130745,-60.614025,nan
2024-06-06T16:54:16,83.130760,-60.613728,nan
2024-06-06T16:54:15,83.130775,-60.613426,nan
2024-06-06T16:54:15,83.130791,-60.613129,nan
2024-06-06T16:54:14,83.130821,-60.612534,nan
2024-06-06T16:54:13,83.130836,-60.612236,nan
2024-06-06T16:54:13,83.130844,-60.611935,nan
2024-06-06T16:54:12,83.130859,-60.611637,nan
2024-06-06T16:54:12,83.130875,-60.611336,nan
2024-06-06T16:54:11,83.130890,-60.611031,nan
2024-06-06T16:54:11,83.130905,-60.610729,nan
2024-06-06T16:54:10,83.130920,-60.610424,nan
2024-06-06T16:54:10,83.130936,-60.610119,nan
2024-06-06T16:54:09,83.130951,-60.609810,nan
2024-06-06T16:54:09,83.130966,-60.609505,nan
2024-06-06T16:54:08,83.130981,-60.609196,nan
2024-06-06T16:54:08,83.130997,-60.608891,nan
2024-06-06T16:54:07,83.131020,-60.608582,nan
2024-06-06T16:54:07,83.131035,-60.608276,nan
2024-06-06T16:54:06,83.131050,-60.607971,nan
2024-06-06T16:54:06,83.131065,-60.607658,nan
2024-06-06T16:54:05,83.131081,-60.607349,nan
2024-06-06T16:54:05,83.131096,-60.607037,nan
2024-06-06T16:54:04,83.131119,-60.606724,nan
2024-06-06T16:54:04,83.131134,-60.606407,nan
2024-06-06T16:54:03,83.131149,-60.606094,nan
2024-06-06T16:54:03,83.131165,-60.605778,nan
2024-06-06T16:54:02,83.131180,-60.605461,nan
2024-06-06T16:54:02,83.131203,-60.605148,nan
2024-06-06T16:54:01,83.131218,-60.604832,nan
2024-06-06T16:54:01,83.131233,-60.604515,nan
2024-06-06T16:54:00,83.131256,-60.604198,nan
2024-06-06T16:54:00,83.131271,-60.603882,nan
2024-06-06T16:53:59,83.131287,-60.603561,nan
2024-06-06T16:53:59,83.131310,-60.603237,nan
2024-06-06T16:53:58,83.131325,-60.602917,nan
2024-06-06T16:53:58,83.131340,-60.602592,nan
2024-06-06T16:53:57,83.131363,-60.602268,nan
2024-06-06T16:53:57,83.131378,-60.601944,nan
2024-06-06T16:53:56,83.131393,-60.601620,nan
2024-06-06T16:53:56,83.131409,-60.601288,nan
2024-06-06T16:53:55,83.131424,-60.600960,nan
2024-06-06T16:53:55,83.131439,-60.600628,nan
2024-06-06T16:53:54,83.131454,-60.600292,nan
2024-06-06T16:53:54,83.131470,-60.599957,nan
2024-06-06T16:53:53,83.131485,-60.599617,nan
2024-06-06T16:53:53,83.131500,-60.599277,nan
2024-06-06T16:53:52,83.131516,-60.598938,nan
2024-06-06T16:53:52,83.131531,-60.598598,nan
2024-06-06T16:53:51,83.131546,-60.598251,nan
2024-06-06T16:53:51,83.131561,-60.597908,nan
2024-06-06T16:53:50,83.131577,-60.597561,nan
2024-06-06T16:53:50,83.131592,-60.597214,nan
2024-06-06T16:53:49,83.131607,-60.596867,nan
2024-06-06T16:53:49,83.131622,-60.596519,nan
2024-06-06T16:53:48,83.131638,-60.596172,nan
2024-06-06T16:53:48,83.131645,-60.595821,nan
2024-06-06T16:53:47,83.131660,-60.595474,nan
2024-06-06T16:53:47,83.131676,-60.595123,nan
2024-06-06T16:53:46,83.131691,-60.594776,nan
2024-06-06T16:53:46,83.131706,-60.594433,nan
2024-06-06T16:53:45,83.131721,-60.594090,nan
2024-06-06T16:53:45,83.131737,-60.593746,nan
2024-06-06T16:53:44,83.131752,-60.593407,nan
2024-06-06T16:53:44,83.131767,-60.593067,nan
2024-06-06T16:53:43,83.131783,-60.592731,nan
2024-06-06T16:53:43,83.131798,-60.592400,nan
2024-06-06T16:53:42,83.131813,-60.592072,nan
2024-06-06T16:53:42,83.131828,-60.591743,nan
2024-06-06T16:53:41,83.131844,-60.591415,nan
2024-06-06T16:53:41,83.131859,-60.591087,nan
2024-06-06T16:53:40,83.131874,-60.590763,nan
2024-06-06T16:53:40,83.131889,-60.590435,nan
2024-06-06T16:53:39,83.131905,-60.590107,nan
2024-06-06T16:53:39,83.131912,-60.589779,nan
2024-06-06T16:53:38,83.131927,-60.589447,nan
2024-06-06T16:53:38,83.131943,-60.589111,nan
2024-06-06T16:53:37,83.131950,-60.588779,nan
2024-06-06T16:53:37,83.131966,-60.588444,nan
2024-06-06T16:53:36,83.131981,-60.588108,nan
2024-06-06T16:53:36,83.131989,-60.587772,nan
2024-06-06T16:53:35,83.132004,-60.587440,nan
2024-06-06T16:53:35,83.132019,-60.587109,nan
2024-06-06T16:53:34,83.132027,-60.586777,nan
2024-06-06T16:53:34,83.132042,-60.586449,nan
2024-06-06T16:53:33,83.132057,-60.586124,nan
2024-06-06T16:53:33,83.132072,-60.585804,nan
2024-06-06T16:53:32,83.132080,-60.585480,nan
2024-06-06T16:53:32,83.132095,-60.585159,nan
2024-06-06T16:53:31,83.132103,-60.584839,nan
2024-06-06T16:53:31,83.132118,-60.584515,nan
2024-06-06T16:53:30,83.132126,-60.584190,nan
2024-06-06T16:53:30,83.132141,-60.583866,nan
2024-06-06T16:53:29,83.132149,-60.583538,nan
2024-06-06T16:53:29,83.132164,-60.583206,nan
2024-06-06T16:53:28,83.132187,-60.582550,nan
2024-06-06T16:53:27,83.132195,-60.582218,nan
2024-06-06T16:53:27,83.132210,-60.581890,nan
2024-06-06T16:53:26,83.132217,-60.581558,nan
2024-06-06T16:53:26,83.132233,-60.581230,nan
2024-06-06T16:53:25,83.132240,-60.580902,nan
2024-06-06T16:53:25,83.132256,-60.580574,nan
2024-06-06T16:53:24,83.132263,-60.580254,nan
2024-06-06T16:53:24,83.132278,-60.579933,nan
2024-06-06T16:53:23,83.132286,-60.579613,nan
2024-06-06T16:53:23,83.132301,-60.579292,nan
2024-06-06T16:53:22,83.132309,-60.578976,nan
2024-06-06T16:53:22,83.132324,-60.578659,nan
2024-06-06T16:53:21,83.132339,-60.578342,nan
2024-06-06T16:53:21,83.132347,-60.578026,nan
2024-06-06T16:53:20,83.132362,-60.577713,nan
2024-06-06T16:53:20,83.132378,-60.577400,nan
2024-06-06T16:53:19,83.132385,-60.577087,nan
2024-06-06T16:53:19,83.132401,-60.576775,nan
2024-06-06T16:53:18,83.132408,-60.576466,nan
2024-06-06T16:53:17,83.132431,-60.575844,nan
2024-06-06T16:53:17,83.132439,-60.575535,nan
2024-06-06T16:53:16,83.132446,-60.575230,nan
2024-06-06T16:53:16,83.132462,-60.574921,nan
2024-06-06T16:53:15,83.132469,-60.574615,nan
2024-06-06T16:53:15,83.132477,-60.574310,nan
2024-06-06T16:53:14,83.132484,-60.574009,nan
2024-06-06T16:53:14,83.132492,-60.573704,nan
2024-06-06T16:53:13,83.132500,-60.573402,nan
2024-06-06T16:53:13,83.132515,-60.573097,nan
2024-06-06T16:53:12,83.132523,-60.572792,nan
2024-06-06T16:53:12,83.132530,-60.572483,nan
2024-06-06T16:53:11,83.132538,-60.572170,nan
2024-06-06T16:53:11,83.132545,-60.571857,nan
2024-06-06T16:53:10,83.132553,-60.571541,nan
2024-06-06T16:53:10,83.132561,-60.571228,nan
2024-06-06T16:53:09,83.132568,-60.570915,nan
2024-06-06T16:53:09,83.132576,-60.570599,nan
2024-06-06T16:53:08,83.132584,-60.570286,nan
2024-06-06T16:53:08,83.132591,-60.569969,nan
2024-06-06T16:53:07,83.132607,-60.569340,nan
2024-06-06T16:53:06,83.132614,-60.569019,nan
2024-06-06T16:53:06,83.132622,-60.568703,nan
2024-06-06T16:53:05,83.132629,-60.568386,nan
2024-06-06T16:53:05,83.132637,-60.568066,nan
2024-06-06T16:53:04,83.132645,-60.567745,nan
2024-06-06T16:53:04,83.132652,-60.567425,nan
2024-06-06T16:53:03,83.132660,-60.567101,nan
2024-06-06T16:53:03,83.132668,-60.566776,nan
2024-06-06T16:53:02,83.132683,-60.566456,nan
2024-06-06T16:53:02,83.132690,-60.566132,nan
2024-06-06T16:53:01,83.132698,-60.565807,nan
2024-06-06T16:53:01,83.132713,-60.565483,nan
2024-06-06T16:53:00,83.132721,-60.565163,nan
2024-06-06T16:53:00,83.132729,-60.564838,nan
2024-06-06T16:52:59,83.132736,-60.564514,nan
2024-06-06T16:52:59,83.132751,-60.564194,nan
2024-06-06T16:52:58,83.132759,-60.563873,nan
2024-06-06T16:52:58,83.132767,-60.563553,nan
2024-06-06T16:52:57,83.132774,-60.563229,nan
2024-06-06T16:52:56,83.132797,-60.562588,nan
2024-06-06T16:52:56,83.132805,-60.562263,nan
2024-06-06T16:52:55,83.132812,-60.561947,nan
2024-06-06T16:52:55,83.132820,-60.561626,nan
2024-06-06T16:52:54,83.132828,-60.561310,nan
2024-06-06T16:52:54,83.132835,-60.560989,nan
2024-06-06T16:52:53,83.132843,-60.560677,nan
2024-06-06T16:52:53,83.132851,-60.560360,nan
2024-06-06T16:52:52,83.132866,-60.560047,nan
2024-06-06T16:52:51,83.132881,-60.559422,nan
2024-06-06T16:52:51,83.132889,-60.559105,nan
2024-06-06T16:52:50,83.132904,-60.558788,nan
2024-06-06T16:52:50,83.132912,-60.558475,nan
2024-06-06T16:52:49,83.132919,-60.558155,nan
2024-06-06T16:52:49,83.132935,-60.557838,nan
2024-06-06T16:52:48,83.132942,-60.557518,nan
2024-06-06T16:52:48,83.132957,-60.557201,nan
2024-06-06T16:52:47,83.132965,-60.556881,nan
2024-06-06T16:52:47,83.132973,-60.556561,nan
2024-06-06T16:52:46,83.132980,-60.556244,nan
2024-06-06T16:52:46,83.132996,-60.555923,nan
2024-06-06T16:52:45,83.133003,-60.555599,nan
2024-06-06T16:52:45,83.133011,-60.555283,nan
2024-06-06T16:52:44,83.133026,-60.554962,nan
2024-06-06T16:52:44,83.133034,-60.554642,nan
2024-06-06T16:52:43,83.133041,-60.554317,nan
2024-06-06T16:52:43,83.133049,-60.553989,nan
2024-06-06T16:52:42,83.133064,-60.553665,nan
2024-06-06T16:52:42,83.133072,-60.553341,nan
2024-06-06T16:52:41,83.133080,-60.553017,nan
2024-06-06T16:52:41,83.133087,-60.552696,nan
2024-06-06T16:52:40,83.133102,-60.552376,nan
2024-06-06T16:52:40,83.133110,-60.552055,nan
2024-06-06T16:52:39,83.133118,-60.551735,nan
2024-06-06T16:52:39,83.133125,-60.551418,nan
2024-06-06T16:52:38,83.133133,-60.551102,nan
2024-06-06T16:52:38,83.133148,-60.550789,nan
2024-06-06T16:52:37,83.133156,-60.550472,nan
2024-06-06T16:52:37,83.133163,-60.550156,nan
2024-06-06T16:52:36,83.133179,-60.549839,nan
2024-06-06T16:52:36,83.133186,-60.549522,nan
2024-06-06T16:52:35,83.133194,-60.549198,nan
2024-06-06T16:52:34,83.133217,-60.548550,nan
2024-06-06T16:52:34,83.133232,-60.548222,nan
2024-06-06T16:52:33,83.133247,-60.547886,nan
2024-06-06T16:52:32,83.133270,-60.547207,nan
2024-06-06T16:52:32,83.133278,-60.546860,nan
2024-06-06T16:52:31,83.133308,-60.546162,nan
2024-06-06T16:52:30,83.133316,-60.545811,nan
2024-06-06T16:52:30,83.133331,-60.545452,nan
2024-06-06T16:52:29,83.133339,-60.545094,nan
2024-06-06T16:52:29,83.133354,-60.544735,nan
2024-06-06T16:52:28,83.133369,-60.544376,nan
2024-06-06T16:52:28,83.133377,-60.544018,nan
2024-06-06T16:52:27,83.133392,-60.543655,nan
2024-06-06T16:52:27,83.133408,-60.543297,nan
2024-06-06T16:52:26,83.133415,-60.542942,nan
2024-06-06T16:52:26,83.133430,-60.542587,nan
2024-06-06T16:52:25,83.133438,-60.542233,nan
2024-06-06T16:52:25,83.133453,-60.541882,nan
2024-06-06T16:52:24,83.133461,-60.541531,nan
2024-06-06T16:52:24,83.133469,-60.541183,nan
2024-06-06T16:52:23,83.133484,-60.540836,nan
2024-06-06T16:52:23,83.133492,-60.540485,nan
2024-06-06T16:52:22,83.133507,-60.540138,nan
2024-06-06T16:52:22,83.133514,-60.539795,nan
2024-06-06T16:52:21,83.133530,-60.539452,nan
2024-06-06T16:52:20,83.133545,-60.538761,nan
2024-06-06T16:52:20,83.133553,-60.538422,nan
2024-06-06T16:52:19,83.133568,-60.538082,nan
2024-06-06T16:52:19,83.133575,-60.537743,nan
2024-06-06T16:52:18,83.133583,-60.537407,nan
2024-06-06T16:52:18,83.133591,-60.537075,nan
2024-06-06T16:52:17,83.133598,-60.536743,nan
2024-06-06T16:52:17,83.133606,-60.536407,nan
2024-06-06T16:52:16,83.133621,-60.536076,nan
2024-06-06T16:52:16,83.133629,-60.535740,nan
2024-06-06T16:52:15,83.133636,-60.535408,nan
2024-06-06T16:52:15,83.133652,-60.535076,nan
2024-06-06T16:52:14,83.133659,-60.534748,nan
2024-06-06T16:52:14,83.133667,-60.534420,nan
2024-06-06T16:52:13,83.133682,-60.534088,nan
2024-06-06T16:52:13,83.133690,-60.533764,nan
2024-06-06T16:52:12,83.133698,-60.533432,nan
2024-06-06T16:52:12,83.133713,-60.533104,nan
2024-06-06T16:52:11,83.133720,-60.532776,nan
2024-06-06T16:52:11,83.133736,-60.532452,nan
2024-06-06T16:52:10,83.133751,-60.532127,nan
2024-06-06T16:52:10,83.133759,-60.531803,nan
2024-06-06T16:52:09,83.133774,-60.531487,nan
2024-06-06T16:52:09,83.133789,-60.531174,nan
2024-06-06T16:52:08,83.133804,-60.530861,nan
2024-06-06T16:52:08,83.133812,-60.530556,nan
2024-06-06T16:52:07,83.133827,-60.530251,nan
2024-06-06T16:52:07,83.133842,-60.529949,nan
2024-06-06T16:52:06,83.133858,-60.529655,nan
2024-06-06T16:52:06,83.133873,-60.529362,nan
2024-06-06T16:52:05,83.133888,-60.529072,nan
2024-06-06T16:52:05,83.133904,-60.528786,nan
2024-06-06T16:52:04,83.133919,-60.528503,nan
2024-06-06T16:52:04,83.133934,-60.528225,nan
2024-06-06T16:52:03,83.133949,-60.527946,nan
2024-06-06T16:52:03,83.133965,-60.527668,nan
2024-06-06T16:52:02,83.133980,-60.527393,nan
2024-06-06T16:52:02,83.133995,-60.527115,nan
2024-06-06T16:52:01,83.134010,-60.526836,nan
2024-06-06T16:52:01,83.134026,-60.526554,nan
2024-06-06T16:52:00,83.134041,-60.526268,nan
2024-06-06T16:52:00,83.134056,-60.525986,nan
2024-06-06T16:51:59,83.134071,-60.525700,nan
2024-06-06T16:51:59,83.134087,-60.525417,nan
2024-06-06T16:51:58,83.134102,-60.525139,nan
2024-06-06T16:51:58,83.134117,-60.524860,nan
2024-06-06T16:51:57,83.134132,-60.524582,nan
2024-06-06T16:51:57,83.134148,-60.524307,nan
2024-06-06T16:51:56,83.134155,-60.524033,nan
2024-06-06T16:51:56,83.134171,-60.523754,nan
2024-06-06T16:51:55,83.134186,-60.523479,nan
2024-06-06T16:51:55,83.134201,-60.523205,nan
2024-06-06T16:51:54,83.134216,-60.522926,nan
2024-06-06T16:51:54,83.134232,-60.522652,nan
2024-06-06T16:51:53,83.134239,-60.522373,nan
2024-06-06T16:51:53,83.134254,-60.522099,nan
2024-06-06T16:51:52,83.134270,-60.521828,nan
2024-06-06T16:51:52,83.134285,-60.521561,nan
2024-06-06T16:51:51,83.134293,-60.521290,nan
2024-06-06T16:51:51,83.134308,-60.521023,nan
2024-06-06T16:51:50,83.134323,-60.520760,nan
2024-06-06T16:51:50,83.134331,-60.520493,nan
2024-06-06T16:51:49,83.134346,-60.520229,nan
2024-06-06T16:51:49,83.134354,-60.519962,nan
2024-06-06T16:51:48,83.134369,-60.519699,nan
2024-06-06T16:51:48,83.134377,-60.519432,nan
2024-06-06T16:51:47,83.134392,-60.519165,nan
2024-06-06T16:51:47,83.134399,-60.518894,nan
2024-06-06T16:51:46,83.134415,-60.518620,nan
2024-06-06T16:51:46,83.134422,-60.518345,nan
2024-06-06T16:51:45,83.134438,-60.518063,nan
2024-06-06T16:51:45,83.134445,-60.517776,nan
2024-06-06T16:51:44,83.134460,-60.517490,nan
2024-06-06T16:51:44,83.134468,-60.517204,nan
2024-06-06T16:51:43,83.134476,-60.516918,nan
2024-06-06T16:51:43,83.134491,-60.516636,nan
2024-06-06T16:51:42,83.134499,-60.516354,nan
2024-06-06T16:51:42,83.134514,-60.516075,nan
2024-06-06T16:51:41,83.134521,-60.515797,nan
2024-06-06T16:51:41,83.134537,-60.515514,nan
2024-06-06T16:51:40,83.134544,-60.515232,nan
2024-06-06T16:51:40,83.134552,-60.514946,nan
2024-06-06T16:51:39,83.134575,-60.514366,nan
2024-06-06T16:51:38,83.134590,-60.514076,nan
2024-06-06T16:51:38,83.134598,-60.513786,nan
2024-06-06T16:51:37,83.134605,-60.513489,nan
2024-06-06T16:51:37,83.134621,-60.513191,nan
2024-06-06T16:51:36,83.134628,-60.512897,nan
2024-06-06T16:51:36,83.134636,-60.512600,nan
2024-06-06T16:51:35,83.134651,-60.512302,nan
2024-06-06T16:51:35,83.134659,-60.512005,nan
2024-06-06T16:51:34,83.134674,-60.511707,nan
2024-06-06T16:51:34,83.134682,-60.511410,nan
2024-06-06T16:51:33,83.134689,-60.511112,nan
2024-06-06T16:51:33,83.134705,-60.510815,nan
2024-06-06T16:51:32,83.134712,-60.510513,nan
2024-06-06T16:51:32,83.134727,-60.510216,nan
2024-06-06T16:51:31,83.134743,-60.509918,nan
2024-06-06T16:51:31,83.134750,-60.509624,nan
2024-06-06T16:51:30,83.134766,-60.509327,nan
2024-06-06T16:51:30,83.134773,-60.509029,nan
2024-06-06T16:51:29,83.134789,-60.508732,nan
2024-06-06T16:51:29,83.134796,-60.508434,nan
2024-06-06T16:51:28,83.134811,-60.508141,nan
2024-06-06T16:51:28,83.134827,-60.507843,nan
2024-06-06T16:51:27,83.134834,-60.507545,nan
2024-06-06T16:51:27,83.134850,-60.507252,nan
2024-06-06T16:51:26,83.134857,-60.506954,nan
2024-06-06T16:51:26,83.134865,-60.506660,nan
2024-06-06T16:51:25,83.134880,-60.506367,nan
2024-06-06T16:51:25,83.134888,-60.506069,nan
2024-06-06T16:51:24,83.134903,-60.505775,nan
2024-06-06T16:51:24,83.134911,-60.505486,nan
2024-06-06T16:51:23,83.134918,-60.505192,nan
2024-06-06T16:51:23,83.134933,-60.504902,nan
2024-06-06T16:51:22,83.134941,-60.504608,nan
2024-06-06T16:51:22,83.134949,-60.504318,nan
2024-06-06T16:51:21,83.134956,-60.504025,nan
2024-06-06T16:51:21,83.134964,-60.503731,nan
2024-06-06T16:51:20,83.134972,-60.503433,nan
2024-06-06T16:51:20,83.134979,-60.503139,nan
2024-06-06T16:51:19,83.134987,-60.502842,nan
2024-06-06T16:51:19,83.134995,-60.502544,nan
2024-06-06T16:51:18,83.135010,-60.502243,nan
2024-06-06T16:51:18,83.135017,-60.501942,nan
2024-06-06T16:51:17,83.135025,-60.501640,nan
2024-06-06T16:51:17,83.135033,-60.501335,nan
2024-06-06T16:51:16,83.135040,-60.501030,nan
2024-06-06T16:51:16,83.135048,-60.500721,nan
2024-06-06T16:51:15,83.135056,-60.500412,nan
2024-06-06T16:51:15,83.135063,-60.500107,nan
2024-06-06T16:51:14,83.135078,-60.499798,nan
2024-06-06T16:51:14,83.135086,-60.499489,nan
2024-06-06T16:51:13,83.135094,-60.499180,nan
2024-06-06T16:51:13,83.135101,-60.498871,nan
2024-06-06T16:51:12,83.135117,-60.498562,nan
2024-06-06T16:51:12,83.135124,-60.498253,nan
2024-06-06T16:51:11,83.135139,-60.497944,nan
2024-06-06T16:51:11,83.135147,-60.497631,nan
2024-06-06T16:51:10,83.135162,-60.497314,nan
2024-06-06T16:51:10,83.135170,-60.497002,nan
2024-06-06T16:51:09,83.135185,-60.496681,nan
2024-06-06T16:51:09,83.135193,-60.496365,nan
2024-06-06T16:51:08,83.135208,-60.496048,nan
2024-06-06T16:51:08,83.135223,-60.495728,nan
2024-06-06T16:51:07,83.135231,-60.495415,nan
2024-06-06T16:51:07,83.135246,-60.495098,nan
2024-06-06T16:51:06,83.135254,-60.494781,nan
2024-06-06T16:51:06,83.135269,-60.494465,nan
2024-06-06T16:51:05,83.135284,-60.494148,nan
2024-06-06T16:51:05,83.135292,-60.493828,nan
2024-06-06T16:51:04,83.135307,-60.493504,nan
2024-06-06T16:51:04,83.135315,-60.493176,nan
2024-06-06T16:51:03,83.135338,-60.492512,nan
2024-06-06T16:51:02,83.135353,-60.492180,nan
2024-06-06T16:51:02,83.135361,-60.491840,nan
2024-06-06T16:51:01,83.135376,-60.491505,nan
2024-06-06T16:51:01,83.135384,-60.491161,nan
2024-06-06T16:51:00,83.135399,-60.490822,nan
2024-06-06T16:51:00,83.135414,-60.490479,nan
2024-06-06T16:50:59,83.135422,-60.490135,nan
2024-06-06T16:50:59,83.135437,-60.489792,nan
2024-06-06T16:50:58,83.135452,-60.489449,nan
2024-06-06T16:50:58,83.135460,-60.489101,nan
2024-06-06T16:50:57,83.135475,-60.488754,nan
2024-06-06T16:50:57,83.135483,-60.488403,nan
2024-06-06T16:50:56,83.135498,-60.488052,nan
2024-06-06T16:50:56,83.135513,-60.487698,nan
2024-06-06T16:50:55,83.135521,-60.487343,nan
2024-06-06T16:50:55,83.135536,-60.486988,nan
2024-06-06T16:50:54,83.135551,-60.486629,nan
2024-06-06T16:50:54,83.135559,-60.486271,nan
2024-06-06T16:50:53,83.135574,-60.485912,nan
2024-06-06T16:50:53,83.135590,-60.485558,nan
2024-06-06T16:50:52,83.135597,-60.485199,nan
2024-06-06T16:50:52,83.135612,-60.484840,nan
2024-06-06T16:50:51,83.135628,-60.484482,nan
2024-06-06T16:50:51,83.135643,-60.484119,nan
2024-06-06T16:50:50,83.135651,-60.483761,nan
2024-06-06T16:50:50,83.135666,-60.483398,nan
2024-06-06T16:50:49,83.135681,-60.483040,nan
2024-06-06T16:50:49,83.135696,-60.482677,nan
2024-06-06T16:50:48,83.135712,-60.482311,nan
2024-06-06T16:50:48,83.135727,-60.481945,nan
2024-06-06T16:50:47,83.135742,-60.481579,nan
2024-06-06T16:50:47,83.135757,-60.481209,nan
2024-06-06T16:50:46,83.135773,-60.480839,nan
2024-06-06T16:50:46,83.135796,-60.480465,nan
2024-06-06T16:50:45,83.135811,-60.480091,nan
2024-06-06T16:50:45,83.135826,-60.479713,nan
2024-06-06T16:50:44,83.135841,-60.479340,nan
2024-06-06T16:50:44,83.135857,-60.478962,nan
2024-06-06T16:50:43,83.135872,-60.478584,nan
2024-06-06T16:50:43,83.135887,-60.478207,nan
2024-06-06T16:50:42,83.135902,-60.477825,nan
2024-06-06T16:50:42,83.135918,-60.477451,nan
2024-06-06T16:50:41,83.135933,-60.477074,nan
2024-06-06T16:50:41,83.135948,-60.476700,nan
2024-06-06T16:50:40,83.135963,-60.476322,nan
2024-06-06T16:50:40,83.135979,-60.475948,nan
2024-06-06T16:50:39,83.135994,-60.475574,nan
2024-06-06T16:50:39,83.136002,-60.475201,nan
2024-06-06T16:50:38,83.136017,-60.474827,nan
2024-06-06T16:50:38,83.136032,-60.474457,nan
2024-06-06T16:50:37,83.136047,-60.474087,nan
2024-06-06T16:50:37,83.136055,-60.473721,nan
2024-06-06T16:50:36,83.136070,-60.473358,nan
2024-06-06T16:50:36,83.136086,-60.472992,nan
2024-06-06T16:50:35,83.136101,-60.472622,nan
2024-06-06T16:50:35,83.136108,-60.472252,nan
2024-06-06T16:50:34,83.136124,-60.471886,nan
2024-06-06T16:50:34,83.136139,-60.471516,nan
2024-06-06T16:50:33,83.136154,-60.471146,nan
2024-06-06T16:50:33,83.136169,-60.470776,nan
2024-06-06T16:50:32,83.136185,-60.470402,nan
2024-06-06T16:50:32,83.136200,-60.470028,nan
2024-06-06T16:50:31,83.136215,-60.469654,nan
2024-06-06T16:50:31,83.136230,-60.469280,nan
2024-06-06T16:50:30,83.136246,-60.468906,nan
2024-06-06T16:50:30,83.136261,-60.468533,nan
2024-06-06T16:50:29,83.136276,-60.468155,nan
2024-06-06T16:50:29,83.136292,-60.467781,nan
2024-06-06T16:50:28,83.136307,-60.467403,nan
2024-06-06T16:50:28,83.136322,-60.467030,nan
2024-06-06T16:50:27,83.136337,-60.466656,nan
2024-06-06T16:50:27,83.136360,-60.466282,nan
2024-06-06T16:50:26,83.136375,-60.465908,nan
2024-06-06T16:50:26,83.136383,-60.465534,nan
2024-06-06T16:50:25,83.136398,-60.465164,nan
2024-06-06T16:50:25,83.136414,-60.464794,nan
2024-06-06T16:50:24,83.136429,-60.464424,nan
2024-06-06T16:50:24,83.136436,-60.464054,nan
2024-06-06T16:50:23,83.136452,-60.463684,nan
2024-06-06T16:50:23,83.136459,-60.463314,nan
2024-06-06T16:50:22,83.136475,-60.462944,nan
2024-06-06T16:50:22,83.136482,-60.462578,nan
2024-06-06T16:50:21,83.136497,-60.462212,nan
2024-06-06T16:50:21,83.136513,-60.461842,nan
2024-06-06T16:50:20,83.136520,-60.461475,nan
2024-06-06T16:50:20,83.136528,-60.461109,nan
2024-06-06T16:50:19,83.136543,-60.460747,nan
2024-06-06T16:50:19,83.136551,-60.460384,nan
2024-06-06T16:50:18,83.136566,-60.460026,nan
2024-06-06T16:50:18,83.136574,-60.459663,nan
2024-06-06T16:50:17,83.136581,-60.459305,nan
2024-06-06T16:50:17,83.136597,-60.458942,nan
2024-06-06T16:50:16,83.136604,-60.458580,nan
2024-06-06T16:50:16,83.136612,-60.458218,nan
2024-06-06T16:50:15,83.136627,-60.457855,nan
2024-06-06T16:50:15,83.136635,-60.457493,nan
2024-06-06T16:50:14,83.136642,-60.457130,nan
2024-06-06T16:50:14,83.136658,-60.456768,nan
2024-06-06T16:50:13,83.136665,-60.456402,nan
2024-06-06T16:50:13,83.136673,-60.456036,nan
2024-06-06T16:50:12,83.136681,-60.455669,nan
2024-06-06T16:50:11,83.136703,-60.454937,nan
2024-06-06T16:50:11,83.136711,-60.454575,nan
2024-06-06T16:50:10,83.136726,-60.454208,nan
2024-06-06T16:50:10,83.136734,-60.453850,nan
2024-06-06T16:50:09,83.136749,-60.453487,nan
2024-06-06T16:50:09,83.136757,-60.453129,nan
2024-06-06T16:50:08,83.136765,-60.452770,nan
2024-06-06T16:50:08,83.136780,-60.452412,nan
2024-06-06T16:50:07,83.136787,-60.452053,nan
2024-06-06T16:50:07,83.136795,-60.451694,nan
2024-06-06T16:50:06,83.136803,-60.451336,nan
2024-06-06T16:50:06,83.136818,-60.450977,nan
2024-06-06T16:50:05,83.136826,-60.450623,nan
2024-06-06T16:50:05,83.136833,-60.450264,nan
2024-06-06T16:50:04,83.136841,-60.449905,nan
2024-06-06T16:50:04,83.136848,-60.449551,nan
2024-06-06T16:50:03,83.136856,-60.449192,nan
2024-06-06T16:50:03,83.136864,-60.448833,nan
2024-06-06T16:50:02,83.136871,-60.448479,nan
2024-06-06T16:50:02,83.136879,-60.448120,nan
2024-06-06T16:50:01,83.136902,-60.447411,nan
2024-06-06T16:50:00,83.136909,-60.447060,nan
2024-06-06T16:50:00,83.136909,-60.446709,nan
2024-06-06T16:49:59,83.136917,-60.446362,nan
2024-06-06T16:49:59,83.136925,-60.446018,nan
2024-06-06T16:49:58,83.136932,-60.445683,nan
2024-06-06T16:49:58,83.136932,-60.445347,nan
2024-06-06T16:49:57,83.136940,-60.445015,nan
2024-06-06T16:49:57,83.136948,-60.444687,nan
2024-06-06T16:49:56,83.136948,-60.444359,nan
2024-06-06T16:49:56,83.136948,-60.444035,nan
2024-06-06T16:49:55,83.136955,-60.443714,nan
2024-06-06T16:49:55,83.136955,-60.443394,nan
2024-06-06T16:49:54,83.136955,-60.443081,nan
2024-06-06T16:49:54,83.136963,-60.442764,nan
2024-06-06T16:49:53,83.136963,-60.442455,nan
2024-06-06T16:49:53,83.136971,-60.442150,nan
2024-06-06T16:49:52,83.136971,-60.441849,nan
2024-06-06T16:49:52,83.136978,-60.441547,nan
2024-06-06T16:49:51,83.136986,-60.441250,nan
2024-06-06T16:49:51,83.136986,-60.440956,nan
2024-06-06T16:49:50,83.136993,-60.440666,nan
2024-06-06T16:49:50,83.137001,-60.440376,nan
2024-06-06T16:49:49,83.137009,-60.440094,nan
2024-06-06T16:49:49,83.137009,-60.439812,nan
2024-06-06T16:49:48,83.137016,-60.439541,nan
2024-06-06T16:49:48,83.137016,-60.439274,nan
2024-06-06T16:49:47,83.137024,-60.439014,nan
2024-06-06T16:49:47,83.137032,-60.438763,nan
2024-06-06T16:49:46,83.137039,-60.438519,nan
2024-06-06T16:49:46,83.137047,-60.438282,nan
2024-06-06T16:49:45,83.137054,-60.438053,nan
2024-06-06T16:49:45,83.137062,-60.437828,nan
2024-06-06T16:49:44,83.137077,-60.437607,nan
2024-06-06T16:49:44,83.137085,-60.437393,nan
2024-06-06T16:49:43,83.137093,-60.437180,nan
2024-06-06T16:49:43,83.137108,-60.436974,nan
2024-06-06T16:49:42,83.137115,-60.436771,nan
2024-06-06T16:49:42,83.137131,-60.436569,nan
2024-06-06T16:49:41,83.137138,-60.436375,nan
2024-06-06T16:49:41,83.137146,-60.436180,nan
2024-06-06T16:49:40,83.137161,-60.435986,nan
2024-06-06T16:49:40,83.137169,-60.435799,nan
2024-06-06T16:49:39,83.137177,-60.435616,nan
2024-06-06T16:49:39,83.137184,-60.435436,nan
2024-06-06T16:49:38,83.137199,-60.435261,nan
2024-06-06T16:49:38,83.137207,-60.435085,nan
2024-06-06T16:49:37,83.137215,-60.434917,nan
2024-06-06T16:49:37,83.137230,-60.434750,nan
2024-06-06T16:49:36,83.137238,-60.434586,nan
2024-06-06T16:49:36,83.137245,-60.434422,nan
2024-06-06T16:49:35,83.137268,-60.434093,nan
2024-06-06T16:49:34,83.137276,-60.433929,nan
2024-06-06T16:49:34,83.137283,-60.433769,nan
2024-06-06T16:49:33,83.137291,-60.433609,nan
2024-06-06T16:49:33,83.137299,-60.433449,nan
2024-06-06T16:49:32,83.137306,-60.433285,nan
2024-06-06T16:49:32,83.137314,-60.433125,nan
2024-06-06T16:49:31,83.137321,-60.432964,nan
2024-06-06T16:49:31,83.137329,-60.432804,nan
2024-06-06T16:49:30,83.137337,-60.432644,nan
2024-06-06T16:49:30,83.137337,-60.432480,nan
2024-06-06T16:49:29,83.137344,-60.432320,nan
2024-06-06T16:49:29,83.137352,-60.432152,nan
2024-06-06T16:49:28,83.137360,-60.431992,nan
2024-06-06T16:49:28,83.137360,-60.431828,nan
2024-06-06T16:49:27,83.137367,-60.431664,nan
2024-06-06T16:49:27,83.137375,-60.431499,nan
2024-06-06T16:49:26,83.137383,-60.431335,nan
2024-06-06T16:49:26,83.137383,-60.431171,nan
2024-06-06T16:49:25,83.137390,-60.431007,nan
2024-06-06T16:49:25,83.137398,-60.430847,nan
2024-06-06T16:49:24,83.137405,-60.430683,nan
2024-06-06T16:49:24,83.137405,-60.430519,nan
2024-06-06T16:49:23,83.137413,-60.430355,nan
2024-06-06T16:49:23,83.137421,-60.430187,nan
2024-06-06T16:49:22,83.137421,-60.430023,nan
2024-06-06T16:49:22,83.137428,-60.429859,nan
2024-06-06T16:49:21,83.137428,-60.429695,nan
2024-06-06T16:49:21,83.137436,-60.429531,nan
2024-06-06T16:49:20,83.137436,-60.429367,nan
2024-06-06T16:49:20,83.137444,-60.429207,nan
2024-06-06T16:49:19,83.137451,-60.429043,nan
2024-06-06T16:49:19,83.137451,-60.428883,nan
2024-06-06T16:49:18,83.137459,-60.428722,nan
2024-06-06T16:49:18,83.137459,-60.428558,nan
2024-06-06T16:49:17,83.137466,-60.428398,nan
2024-06-06T16:49:17,83.137474,-60.428234,nan
2024-06-06T16:49:16,83.137474,-60.428074,nan
2024-06-06T16:49:16,83.137482,-60.427914,nan
2024-06-06T16:49:15,83.137489,-60.427753,nan
2024-06-06T16:49:15,83.137489,-60.427593,nan
2024-06-06T16:49:14,83.137497,-60.427433,nan
2024-06-06T16:49:14,83.137505,-60.427273,nan
2024-06-06T16:49:13,83.137505,-60.427113,nan
2024-06-06T16:49:13,83.137512,-60.426952,nan
2024-06-06T16:49:12,83.137520,-60.426792,nan
2024-06-06T16:49:12,83.137527,-60.426636,nan
2024-06-06T16:49:11,83.137527,-60.426476,nan
2024-06-06T16:49:11,83.137535,-60.426315,nan
2024-06-06T16:49:10,83.137543,-60.426155,nan
2024-06-06T16:49:10,83.137550,-60.425995,nan
2024-06-06T16:49:09,83.137558,-60.425835,nan
2024-06-06T16:49:09,83.137558,-60.425678,nan
2024-06-06T16:49:08,83.137566,-60.425518,nan
2024-06-06T16:49:08,83.137573,-60.425358,nan
2024-06-06T16:49:07,83.137581,-60.425198,nan
2024-06-06T16:49:07,83.137581,-60.425034,nan
2024-06-06T16:49:06,83.137589,-60.424873,nan
2024-06-06T16:49:06,83.137596,-60.424709,nan
2024-06-06T16:49:05,83.137604,-60.424549,nan
2024-06-06T16:49:05,83.137604,-60.424389,nan
2024-06-06T16:49:04,83.137611,-60.424225,nan
2024-06-06T16:49:04,83.137619,-60.424061,nan
2024-06-06T16:49:03,83.137619,-60.423897,nan
2024-06-06T16:49:03,83.137627,-60.423729,nan
2024-06-06T16:49:02,83.137634,-60.423565,nan
2024-06-06T16:49:02,83.137634,-60.423401,nan
2024-06-06T16:49:01,83.137642,-60.423233,nan
2024-06-06T16:49:01,83.137650,-60.423069,nan
2024-06-06T16:49:00,83.137650,-60.422901,nan
2024-06-06T16:49:00,83.137657,-60.422737,nan
2024-06-06T16:48:59,83.137665,-60.422569,nan
2024-06-06T16:48:59,83.137665,-60.422401,nan
2024-06-06T16:48:58,83.137672,-60.422237,nan
2024-06-06T16:48:58,83.137680,-60.422070,nan
2024-06-06T16:48:57,83.137688,-60.421898,nan
2024-06-06T16:48:57,83.137688,-60.421726,nan
2024-06-06T16:48:56,83.137695,-60.421558,nan
2024-06-06T16:48:56,83.137703,-60.421391,nan
2024-06-06T16:48:55,83.137711,-60.421219,nan
2024-06-06T16:48:55,83.137718,-60.421051,nan
2024-06-06T16:48:54,83.137726,-60.420879,nan
2024-06-06T16:48:54,83.137733,-60.420712,nan
2024-06-06T16:48:53,83.137741,-60.420544,nan
2024-06-06T16:48:53,83.137749,-60.420380,nan
2024-06-06T16:48:52,83.137756,-60.420212,nan
2024-06-06T16:48:52,83.137764,-60.420048,nan
2024-06-06T16:48:51,83.137772,-60.419880,nan
2024-06-06T16:48:51,83.137779,-60.419712,nan
2024-06-06T16:48:50,83.137787,-60.419544,nan
2024-06-06T16:48:50,83.137794,-60.419380,nan
2024-06-06T16:48:49,83.137794,-60.419212,nan
2024-06-06T16:48:49,83.137810,-60.419044,nan
2024-06-06T16:48:48,83.137810,-60.418877,nan
2024-06-06T16:48:48,83.137817,-60.418713,nan
2024-06-06T16:48:47,83.137833,-60.418545,nan
2024-06-06T16:48:47,83.137840,-60.418381,nan
2024-06-06T16:48:46,83.137848,-60.418213,nan
2024-06-06T16:48:46,83.137856,-60.418049,nan
2024-06-06T16:48:45,83.137863,-60.417881,nan
2024-06-06T16:48:45,83.137871,-60.417713,nan
2024-06-06T16:48:44,83.137878,-60.417549,nan
2024-06-06T16:48:44,83.137886,-60.417385,nan
2024-06-06T16:48:43,83.137894,-60.417221,nan
2024-06-06T16:48:43,83.137901,-60.417053,nan
2024-06-06T16:48:42,83.137909,-60.416889,nan
2024-06-06T16:48:42,83.137917,-60.416725,nan
2024-06-06T16:48:41,83.137917,-60.416557,nan
2024-06-06T16:48:41,83.137924,-60.416393,nan
2024-06-06T16:48:40,83.137924,-60.416229,nan
2024-06-06T16:48:40,83.137932,-60.416065,nan
2024-06-06T16:48:39,83.137932,-60.415901,nan
2024-06-06T16:48:39,83.137939,-60.415733,nan
2024-06-06T16:48:38,83.137947,-60.415569,nan
2024-06-06T16:48:38,83.137947,-60.415401,nan
2024-06-06T16:48:37,83.137955,-60.415234,nan
2024-06-06T16:48:37,83.137962,-60.415066,nan
2024-06-06T16:48:36,83.137970,-60.414894,nan
2024-06-06T16:48:36,83.137978,-60.414722,nan
2024-06-06T16:48:35,83.137985,-60.414555,nan
2024-06-06T16:48:35,83.137993,-60.414383,nan
2024-06-06T16:48:34,83.138000,-60.414215,nan
2024-06-06T16:48:34,83.138008,-60.414043,nan
2024-06-06T16:48:33,83.138016,-60.413876,nan
2024-06-06T16:48:33,83.138023,-60.413704,nan
2024-06-06T16:48:32,83.138031,-60.413536,nan
2024-06-06T16:48:32,83.138046,-60.413364,nan
2024-06-06T16:48:31,83.138054,-60.413193,nan
2024-06-06T16:48:31,83.138062,-60.413021,nan
2024-06-06T16:48:30,83.138069,-60.412849,nan
2024-06-06T16:48:30,83.138077,-60.412678,nan
2024-06-06T16:48:29,83.138084,-60.412502,nan
2024-06-06T16:48:29,83.138100,-60.412334,nan
2024-06-06T16:48:28,83.138107,-60.412163,nan
2024-06-06T16:48:28,83.138115,-60.411991,nan
2024-06-06T16:48:27,83.138123,-60.411823,nan
2024-06-06T16:48:27,83.138138,-60.411652,nan
2024-06-06T16:48:26,83.138145,-60.411484,nan
2024-06-06T16:48:26,83.138153,-60.411316,nan
2024-06-06T16:48:25,83.138168,-60.411148,nan
2024-06-06T16:48:25,83.138176,-60.410976,nan
2024-06-06T16:48:24,83.138184,-60.410809,nan
2024-06-06T16:48:24,83.138191,-60.410637,nan
2024-06-06T16:48:23,83.138206,-60.410465,nan
2024-06-06T16:48:23,83.138214,-60.410297,nan
2024-06-06T16:48:22,83.138229,-60.410133,nan
2024-06-06T16:48:22,83.138237,-60.409966,nan
2024-06-06T16:48:21,83.138245,-60.409798,nan
2024-06-06T16:48:21,83.138260,-60.409630,nan
2024-06-06T16:48:20,83.138268,-60.409458,nan
2024-06-06T16:48:20,83.138283,-60.409290,nan
2024-06-06T16:48:19,83.138290,-60.409122,nan
2024-06-06T16:48:19,83.138306,-60.408951,nan
2024-06-06T16:48:18,83.138313,-60.408779,nan
2024-06-06T16:48:18,83.138329,-60.408607,nan
2024-06-06T16:48:17,83.138344,-60.408436,nan
2024-06-06T16:48:17,83.138351,-60.408264,nan
2024-06-06T16:48:16,83.138367,-60.408092,nan
2024-06-06T16:48:16,83.138382,-60.407925,nan
2024-06-06T16:48:15,83.138397,-60.407753,nan
2024-06-06T16:48:15,83.138405,-60.407585,nan
2024-06-06T16:48:14,83.138420,-60.407413,nan
2024-06-06T16:48:14,83.138435,-60.407242,nan
2024-06-06T16:48:13,83.138451,-60.407070,nan
2024-06-06T16:48:13,83.138466,-60.406902,nan
2024-06-06T16:48:12,83.138481,-60.406731,nan
2024-06-06T16:48:12,83.138489,-60.406555,nan
2024-06-06T16:48:11,83.138504,-60.406384,nan
2024-06-06T16:48:11,83.138519,-60.406208,nan
2024-06-06T16:48:10,83.138535,-60.406036,nan
2024-06-06T16:48:10,83.138550,-60.405865,nan
2024-06-06T16:48:09,83.138565,-60.405689,nan
2024-06-06T16:48:09,83.138580,-60.405514,nan
2024-06-06T16:48:08,83.138596,-60.405338,nan
2024-06-06T16:48:08,83.138611,-60.405163,nan
2024-06-06T16:48:07,83.138626,-60.404984,nan
2024-06-06T16:48:07,83.138641,-60.404804,nan
2024-06-06T16:48:06,83.138657,-60.404625,nan
2024-06-06T16:48:06,83.138672,-60.404446,nan
2024-06-06T16:48:05,83.138687,-60.404266,nan
2024-06-06T16:48:05,83.138702,-60.404087,nan
2024-06-06T16:48:04,83.138718,-60.403912,nan
2024-06-06T16:48:04,83.138733,-60.403736,nan
2024-06-06T16:48:03,83.138748,-60.403564,nan
2024-06-06T16:48:03,83.138763,-60.403397,nan
2024-06-06T16:48:02,83.138779,-60.403233,nan
2024-06-06T16:48:02,83.138802,-60.403065,nan
2024-06-06T16:48:01,83.138817,-60.402901,nan
2024-06-06T16:48:01,83.138832,-60.402740,nan
2024-06-06T16:48:00,83.138847,-60.402576,nan
2024-06-06T16:48:00,83.138863,-60.402416,nan
2024-06-06T16:47:59,83.138870,-60.402260,nan
2024-06-06T16:47:59,83.138885,-60.402100,nan
2024-06-06T16:47:58,83.138901,-60.401943,nan
2024-06-06T16:47:58,83.138916,-60.401794,nan
2024-06-06T16:47:57,83.138924,-60.401642,nan
2024-06-06T16:47:57,83.138939,-60.401493,nan
2024-06-06T16:47:56,83.138954,-60.401344,nan
2024-06-06T16:47:56,83.138969,-60.401199,nan
2024-06-06T16:47:55,83.138985,-60.401054,nan
2024-06-06T16:47:55,83.138992,-60.400909,nan
2024-06-06T16:47:54,83.139008,-60.400768,nan
2024-06-06T16:47:54,83.139023,-60.400627,nan
2024-06-06T16:47:53,83.139038,-60.400486,nan
2024-06-06T16:47:53,83.139053,-60.400345,nan
2024-06-06T16:47:52,83.139069,-60.400204,nan
2024-06-06T16:47:52,83.139084,-60.400063,nan
2024-06-06T16:47:51,83.139099,-60.399921,nan
2024-06-06T16:47:51,83.139114,-60.399780,nan
2024-06-06T16:47:50,83.139137,-60.399635,nan
2024-06-06T16:47:50,83.139153,-60.399490,nan
2024-06-06T16:47:49,83.139168,-60.399338,nan
2024-06-06T16:47:49,83.139183,-60.399185,nan
2024-06-06T16:47:48,83.139198,-60.399029,nan
2024-06-06T16:47:48,83.139221,-60.398865,nan
2024-06-06T16:47:47,83.139236,-60.398701,nan
2024-06-06T16:47:47,83.139252,-60.398533,nan
2024-06-06T16:47:46,83.139267,-60.398361,nan
2024-06-06T16:47:46,83.139290,-60.398193,nan
2024-06-06T16:47:45,83.139305,-60.398026,nan
2024-06-06T16:47:45,83.139320,-60.397854,nan
2024-06-06T16:47:44,83.139343,-60.397686,nan
2024-06-06T16:47:44,83.139359,-60.397514,nan
2024-06-06T16:47:43,83.139381,-60.397343,nan
2024-06-06T16:47:43,83.139397,-60.397175,nan
2024-06-06T16:47:42,83.139420,-60.397003,nan
2024-06-06T16:47:42,83.139442,-60.396832,nan
2024-06-06T16:47:41,83.139458,-60.396660,nan
2024-06-06T16:47:41,83.139481,-60.396484,nan
2024-06-06T16:47:40,83.139503,-60.396309,nan
2024-06-06T16:47:40,83.139519,-60.396133,nan
2024-06-06T16:47:39,83.139542,-60.395958,nan
2024-06-06T16:47:39,83.139565,-60.395782,nan
2024-06-06T16:47:38,83.139587,-60.395607,nan
2024-06-06T16:47:38,83.139610,-60.395432,nan
2024-06-06T16:47:37,83.139626,-60.395264,nan
2024-06-06T16:47:37,83.139648,-60.395096,nan
2024-06-06T16:47:36,83.139671,-60.394932,nan
2024-06-06T16:47:36,83.139694,-60.394772,nan
2024-06-06T16:47:35,83.139717,-60.394611,nan
2024-06-06T16:47:35,83.139740,-60.394455,nan
2024-06-06T16:47:34,83.139755,-60.394299,nan
2024-06-06T16:47:34,83.139778,-60.394142,nan
2024-06-06T16:47:33,83.139801,-60.393990,nan
2024-06-06T16:47:33,83.139824,-60.393841,nan
2024-06-06T16:47:32,83.139839,-60.393692,nan
2024-06-06T16:47:32,83.139862,-60.393547,nan
2024-06-06T16:47:31,83.139885,-60.393398,nan
2024-06-06T16:47:31,83.139900,-60.393250,nan
2024-06-06T16:47:30,83.139923,-60.393101,nan
2024-06-06T16:47:30,83.139938,-60.392952,nan
2024-06-06T16:47:29,83.139961,-60.392803,nan
2024-06-06T16:47:29,83.139977,-60.392658,nan
2024-06-06T16:47:28,83.139999,-60.392509,nan
2024-06-06T16:47:28,83.140015,-60.392361,nan
2024-06-06T16:47:27,83.140038,-60.392212,nan
2024-06-06T16:47:27,83.140053,-60.392067,nan
2024-06-06T16:47:26,83.140076,-60.391918,nan
2024-06-06T16:47:26,83.140091,-60.391769,nan
2024-06-06T16:47:25,83.140106,-60.391617,nan
2024-06-06T16:47:25,83.140121,-60.391468,nan
2024-06-06T16:47:24,83.140144,-60.391319,nan
2024-06-06T16:47:24,83.140160,-60.391171,nan
2024-06-06T16:47:23,83.140175,-60.391022,nan
2024-06-06T16:47:23,83.140190,-60.390873,nan
2024-06-06T16:47:22,83.140205,-60.390724,nan
2024-06-06T16:47:22,83.140228,-60.390575,nan
2024-06-06T16:47:21,83.140244,-60.390427,nan
2024-06-06T16:47:21,83.140259,-60.390278,nan
2024-06-06T16:47:20,83.140274,-60.390125,nan
2024-06-06T16:47:20,83.140289,-60.389973,nan
2024-06-06T16:47:19,83.140312,-60.389820,nan
2024-06-06T16:47:19,83.140327,-60.389668,nan
2024-06-06T16:47:18,83.140343,-60.389519,nan
2024-06-06T16:47:18,83.140358,-60.389366,nan
2024-06-06T16:47:17,83.140373,-60.389217,nan
2024-06-06T16:47:17,83.140396,-60.389069,nan
2024-06-06T16:47:16,83.140411,-60.388920,nan
2024-06-06T16:47:16,83.140427,-60.388775,nan
2024-06-06T16:47:15,83.140442,-60.388622,nan
2024-06-06T16:47:15,83.140457,-60.388474,nan
2024-06-06T16:47:14,83.140472,-60.388325,nan
2024-06-06T16:47:14,83.140495,-60.388172,nan
2024-06-06T16:47:13,83.140511,-60.388023,nan
2024-06-06T16:47:13,83.140526,-60.387871,nan
2024-06-06T16:47:12,83.140541,-60.387718,nan
2024-06-06T16:47:12,83.140556,-60.387562,nan
2024-06-06T16:47:11,83.140572,-60.387409,nan
2024-06-06T16:47:11,83.140587,-60.387253,nan
2024-06-06T16:47:10,83.140610,-60.387100,nan
2024-06-06T16:47:10,83.140625,-60.386951,nan
2024-06-06T16:47:09,83.140640,-60.386803,nan
2024-06-06T16:47:09,83.140656,-60.386654,nan
2024-06-06T16:47:08,83.140671,-60.386505,nan
2024-06-06T16:47:08,83.140694,-60.386356,nan
2024-06-06T16:47:07,83.140709,-60.386208,nan
2024-06-06T16:47:07,83.140724,-60.386059,nan
2024-06-06T16:47:06,83.140747,-60.385910,nan
2024-06-06T16:47:06,83.140762,-60.385761,nan
2024-06-06T16:47:05,83.140778,-60.385616,nan
2024-06-06T16:47:05,83.140800,-60.385471,nan
2024-06-06T16:47:04,83.140823,-60.385330,nan
2024-06-06T16:47:04,83.140839,-60.385185,nan
2024-06-06T16:47:03,83.140862,-60.385040,nan
2024-06-06T16:47:03,83.140877,-60.384895,nan
2024-06-06T16:47:02,83.140900,-60.384750,nan
2024-06-06T16:47:02,83.140923,-60.384609,nan
2024-06-06T16:47:01,83.140938,-60.384464,nan
2024-06-06T16:47:01,83.140961,-60.384319,nan
2024-06-06T16:47:00,83.140984,-60.384174,nan
2024-06-06T16:47:00,83.141006,-60.384026,nan
2024-06-06T16:46:59,83.141022,-60.383881,nan
2024-06-06T16:46:59,83.141045,-60.383736,nan
2024-06-06T16:46:58,83.141068,-60.383591,nan
2024-06-06T16:46:58,83.141090,-60.383450,nan
2024-06-06T16:46:57,83.141113,-60.383308,nan
2024-06-06T16:46:57,83.141136,-60.383171,nan
2024-06-06T16:46:56,83.141159,-60.383034,nan
2024-06-06T16:46:56,83.141182,-60.382900,nan
2024-06-06T16:46:55,83.141212,-60.382763,nan
2024-06-06T16:46:55,83.141235,-60.382629,nan
2024-06-06T16:46:54,83.141258,-60.382496,nan
2024-06-06T16:46:54,83.141281,-60.382362,nan
2024-06-06T16:46:53,83.141312,-60.382229,nan
2024-06-06T16:46:53,83.141335,-60.382095,nan
2024-06-06T16:46:52,83.141357,-60.381966,nan
2024-06-06T16:46:52,83.141388,-60.381832,nan
2024-06-06T16:46:51,83.141411,-60.381702,nan
2024-06-06T16:46:51,83.141441,-60.381573,nan
2024-06-06T16:46:50,83.141464,-60.381447,nan
2024-06-06T16:46:50,83.141495,-60.381313,nan
2024-06-06T16:46:49,83.141518,-60.381184,nan
2024-06-06T16:46:49,83.141548,-60.381054,nan
2024-06-06T16:46:48,83.141571,-60.380924,nan
2024-06-06T16:46:48,83.141602,-60.380798,nan
2024-06-06T16:46:47,83.141632,-60.380672,nan
2024-06-06T16:46:47,83.141655,-60.380543,nan
2024-06-06T16:46:46,83.141685,-60.380417,nan
2024-06-06T16:46:46,83.141716,-60.380291,nan
2024-06-06T16:46:45,83.141747,-60.380165,nan
2024-06-06T16:46:45,83.141777,-60.380035,nan
2024-06-06T16:46:44,83.141800,-60.379910,nan
2024-06-06T16:46:44,83.141830,-60.379776,nan
2024-06-06T16:46:43,83.141861,-60.379646,nan
2024-06-06T16:46:43,83.141891,-60.379520,nan
2024-06-06T16:46:42,83.141922,-60.379395,nan
2024-06-06T16:46:42,83.141953,-60.379272,nan
2024-06-06T16:46:41,83.141975,-60.379150,nan
2024-06-06T16:46:41,83.142006,-60.379028,nan
2024-06-06T16:46:40,83.142036,-60.378914,nan
2024-06-06T16:46:40,83.142067,-60.378796,nan
2024-06-06T16:46:39,83.142097,-60.378677,nan
2024-06-06T16:46:39,83.142120,-60.378559,nan
2024-06-06T16:46:38,83.142151,-60.378441,nan
2024-06-06T16:46:38,83.142181,-60.378323,nan
2024-06-06T16:46:37,83.142212,-60.378204,nan
2024-06-06T16:46:37,83.142242,-60.378086,nan
2024-06-06T16:46:36,83.142273,-60.377972,nan
2024-06-06T16:46:36,83.142296,-60.377853,nan
2024-06-06T16:46:35,83.142326,-60.377735,nan
2024-06-06T16:46:35,83.142357,-60.377617,nan
2024-06-06T16:46:34,83.142387,-60.377499,nan
2024-06-06T16:46:34,83.142418,-60.377377,nan
2024-06-06T16:46:33,83.142448,-60.377258,nan
2024-06-06T16:46:33,83.142479,-60.377136,nan
2024-06-06T16:46:32,83.142509,-60.377018,nan
2024-06-06T16:46:32,83.142540,-60.376900,nan
2024-06-06T16:46:31,83.142570,-60.376781,nan
2024-06-06T16:46:31,83.142601,-60.376671,nan
2024-06-06T16:46:30,83.142632,-60.376556,nan
2024-06-06T16:46:30,83.142670,-60.376446,nan
2024-06-06T16:46:29,83.142700,-60.376331,nan
2024-06-06T16:46:29,83.142731,-60.376221,nan
2024-06-06T16:46:28,83.142761,-60.376106,nan
2024-06-06T16:46:28,83.142792,-60.375996,nan
2024-06-06T16:46:27,83.142822,-60.375881,nan
2024-06-06T16:46:27,83.142853,-60.375763,nan
2024-06-06T16:46:26,83.142883,-60.375645,nan
2024-06-06T16:46:26,83.142914,-60.375523,nan
2024-06-06T16:46:25,83.142944,-60.375401,nan
2024-06-06T16:46:25,83.142967,-60.375278,nan
2024-06-06T16:46:24,83.142998,-60.375156,nan
2024-06-06T16:46:24,83.143021,-60.375034,nan
2024-06-06T16:46:23,83.143051,-60.374912,nan
2024-06-06T16:46:23,83.143074,-60.374786,nan
2024-06-06T16:46:22,83.143097,-60.374664,nan
2024-06-06T16:46:22,83.143120,-60.374542,nan
2024-06-06T16:46:21,83.143143,-60.374424,nan
2024-06-06T16:46:21,83.143166,-60.374306,nan
2024-06-06T16:46:20,83.143188,-60.374191,nan
2024-06-06T16:46:20,83.143211,-60.374077,nan
2024-06-06T16:46:19,83.143234,-60.373966,nan
2024-06-06T16:46:19,83.143257,-60.373859,nan
2024-06-06T16:46:18,83.143280,-60.373753,nan
2024-06-06T16:46:18,83.143303,-60.373642,nan
2024-06-06T16:46:17,83.143326,-60.373535,nan
2024-06-06T16:46:17,83.143349,-60.373428,nan
2024-06-06T16:46:16,83.143372,-60.373322,nan
2024-06-06T16:46:16,83.143394,-60.373219,nan
2024-06-06T16:46:15,83.143417,-60.373116,nan
2024-06-06T16:46:15,83.143440,-60.373009,nan
2024-06-06T16:46:14,83.143463,-60.372906,nan
2024-06-06T16:46:14,83.143486,-60.372803,nan
2024-06-06T16:46:13,83.143509,-60.372700,nan
2024-06-06T16:46:13,83.143532,-60.372597,nan
2024-06-06T16:46:12,83.143555,-60.372494,nan
2024-06-06T16:46:12,83.143578,-60.372395,nan
2024-06-06T16:46:11,83.143600,-60.372292,nan
2024-06-06T16:46:11,83.143623,-60.372192,nan
2024-06-06T16:46:10,83.143646,-60.372093,nan
2024-06-06T16:46:10,83.143669,-60.371998,nan
2024-06-06T16:46:09,83.143692,-60.371902,nan
2024-06-06T16:46:09,83.143715,-60.371803,nan
2024-06-06T16:46:08,83.143738,-60.371708,nan
2024-06-06T16:46:08,83.143761,-60.371616,nan
2024-06-06T16:46:07,83.143784,-60.371525,nan
2024-06-06T16:46:07,83.143806,-60.371433,nan
2024-06-06T16:46:06,83.143829,-60.371346,nan
2024-06-06T16:46:06,83.143860,-60.371258,nan
2024-06-06T16:46:05,83.143883,-60.371174,nan
2024-06-06T16:46:05,83.143913,-60.371086,nan
2024-06-06T16:46:04,83.143936,-60.371002,nan
2024-06-06T16:46:04,83.143967,-60.370918,nan
2024-06-06T16:46:03,83.143990,-60.370834,nan
2024-06-06T16:46:03,83.144012,-60.370750,nan
2024-06-06T16:46:02,83.144043,-60.370670,nan
2024-06-06T16:46:02,83.144073,-60.370590,nan
2024-06-06T16:46:01,83.144096,-60.370510,nan
2024-06-06T16:46:01,83.144127,-60.370430,nan
2024-06-06T16:46:00,83.144157,-60.370350,nan
2024-06-06T16:46:00,83.144180,-60.370266,nan
2024-06-06T16:45:59,83.144211,-60.370182,nan
2024-06-06T16:45:59,83.144241,-60.370098,nan
2024-06-06T16:45:58,83.144272,-60.370014,nan
2024-06-06T16:45:58,83.144295,-60.369930,nan
2024-06-06T16:45:57,83.144325,-60.369846,nan
2024-06-06T16:45:57,83.144356,-60.369762,nan
2024-06-06T16:45:56,83.144386,-60.369682,nan
2024-06-06T16:45:56,83.144417,-60.369602,nan
2024-06-06T16:45:55,83.144447,-60.369522,nan
2024-06-06T16:45:55,83.144478,-60.369446,nan
2024-06-06T16:45:54,83.144508,-60.369366,nan
2024-06-06T16:45:54,83.144539,-60.369286,nan
2024-06-06T16:45:53,83.144569,-60.369205,nan
2024-06-06T16:45:53,83.144600,-60.369125,nan
2024-06-06T16:45:52,83.144630,-60.369053,nan
2024-06-06T16:45:52,83.144661,-60.368977,nan
2024-06-06T16:45:51,83.144691,-60.368904,nan
2024-06-06T16:45:51,83.144722,-60.368828,nan
2024-06-06T16:45:50,83.144753,-60.368755,nan
2024-06-06T16:45:50,83.144783,-60.368679,nan
2024-06-06T16:45:49,83.144814,-60.368603,nan
2024-06-06T16:45:49,83.144844,-60.368526,nan
2024-06-06T16:45:48,83.144875,-60.368450,nan
2024-06-06T16:45:48,83.144905,-60.368374,nan
2024-06-06T16:45:47,83.144936,-60.368301,nan
2024-06-06T16:45:47,83.144966,-60.368225,nan
2024-06-06T16:45:46,83.144997,-60.368149,nan
2024-06-06T16:45:46,83.145027,-60.368073,nan
2024-06-06T16:45:45,83.145058,-60.368000,nan
2024-06-06T16:45:45,83.145088,-60.367924,nan
2024-06-06T16:45:44,83.145111,-60.367847,nan
2024-06-06T16:45:44,83.145142,-60.367775,nan
2024-06-06T16:45:43,83.145172,-60.367699,nan
2024-06-06T16:45:43,83.145203,-60.367626,nan
2024-06-06T16:45:42,83.145226,-60.367554,nan
2024-06-06T16:45:42,83.145256,-60.367481,nan
2024-06-06T16:45:41,83.145279,-60.367413,nan
2024-06-06T16:45:41,83.145309,-60.367344,nan
2024-06-06T16:45:40,83.145340,-60.367271,nan
2024-06-06T16:45:40,83.145363,-60.367203,nan
2024-06-06T16:45:39,83.145393,-60.367130,nan
2024-06-06T16:45:39,83.145424,-60.367062,nan
2024-06-06T16:45:38,83.145447,-60.366993,nan
2024-06-06T16:45:38,83.145477,-60.366924,nan
2024-06-06T16:45:37,83.145508,-60.366856,nan
2024-06-06T16:45:37,83.145531,-60.366787,nan
2024-06-06T16:45:36,83.145554,-60.366714,nan
2024-06-06T16:45:36,83.145584,-60.366638,nan
2024-06-06T16:45:35,83.145607,-60.366566,nan
2024-06-06T16:45:35,83.145638,-60.366486,nan
2024-06-06T16:45:34,83.145660,-60.366409,nan
2024-06-06T16:45:34,83.145683,-60.366333,nan
2024-06-06T16:45:33,83.145714,-60.366257,nan
2024-06-06T16:45:33,83.145737,-60.366180,nan
2024-06-06T16:45:32,83.145760,-60.366100,nan
2024-06-06T16:45:32,83.145782,-60.366024,nan
2024-06-06T16:45:31,83.145805,-60.365944,nan
2024-06-06T16:45:31,83.145828,-60.365864,nan
2024-06-06T16:45:30,83.145851,-60.365776,nan
2024-06-06T16:45:30,83.145874,-60.365692,nan
2024-06-06T16:45:29,83.145897,-60.365604,nan
2024-06-06T16:45:29,83.145920,-60.365513,nan
2024-06-06T16:45:28,83.145943,-60.365425,nan
2024-06-06T16:45:28,83.145966,-60.365337,nan
2024-06-06T16:45:27,83.145988,-60.365250,nan
2024-06-06T16:45:27,83.146011,-60.365162,nan
2024-06-06T16:45:26,83.146027,-60.365070,nan
2024-06-06T16:45:26,83.146049,-60.364983,nan
2024-06-06T16:45:25,83.146072,-60.364891,nan
2024-06-06T16:45:25,83.146088,-60.364799,nan
2024-06-06T16:45:24,83.146111,-60.364708,nan
2024-06-06T16:45:24,83.146126,-60.364613,nan
2024-06-06T16:45:23,83.146149,-60.364521,nan
2024-06-06T16:45:23,83.146164,-60.364429,nan
2024-06-06T16:45:22,83.146179,-60.364338,nan
2024-06-06T16:45:22,83.146194,-60.364243,nan
2024-06-06T16:45:21,83.146210,-60.364147,nan
2024-06-06T16:45:21,83.146225,-60.364052,nan
2024-06-06T16:45:20,83.146233,-60.363949,nan
2024-06-06T16:45:20,83.146240,-60.363846,nan
2024-06-06T16:45:19,83.146255,-60.363739,nan
2024-06-06T16:45:19,83.146255,-60.363636,nan
2024-06-06T16:45:18,83.146263,-60.363533,nan
2024-06-06T16:45:18,83.146271,-60.363430,nan
2024-06-06T16:45:17,83.146278,-60.363331,nan
2024-06-06T16:45:17,83.146278,-60.363228,nan
2024-06-06T16:45:16,83.146286,-60.363129,nan
2024-06-06T16:45:16,83.146294,-60.363029,nan
2024-06-06T16:45:15,83.146294,-60.362934,nan
2024-06-06T16:45:15,83.146301,-60.362839,nan
2024-06-06T16:45:14,83.146317,-60.362751,nan
2024-06-06T16:45:14,83.146324,-60.362663,nan
2024-06-06T16:45:13,83.146339,-60.362579,nan
2024-06-06T16:45:13,83.146355,-60.362495,nan
2024-06-06T16:45:12,83.146370,-60.362411,nan
2024-06-06T16:45:12,83.146385,-60.362324,nan
2024-06-06T16:45:11,83.146408,-60.362232,nan
2024-06-06T16:45:11,83.146431,-60.362137,nan
2024-06-06T16:45:10,83.146454,-60.362038,nan
2024-06-06T16:45:10,83.146477,-60.361938,nan
2024-06-06T16:45:09,83.146500,-60.361839,nan
2024-06-06T16:45:09,83.146523,-60.361740,nan
2024-06-06T16:45:08,83.146553,-60.361637,nan
2024-06-06T16:45:08,83.146584,-60.361534,nan
2024-06-06T16:45:07,83.146614,-60.361423,nan
2024-06-06T16:45:07,83.146637,-60.361317,nan
2024-06-06T16:45:06,83.146667,-60.361202,nan
2024-06-06T16:45:06,83.146698,-60.361092,nan
2024-06-06T16:45:05,83.146729,-60.360973,nan
2024-06-06T16:45:05,83.146767,-60.360847,nan
2024-06-06T16:45:04,83.146797,-60.360722,nan
2024-06-06T16:45:04,83.146828,-60.360592,nan
2024-06-06T16:45:03,83.146866,-60.360455,nan
2024-06-06T16:45:03,83.146896,-60.360313,nan
2024-06-06T16:45:02,83.146935,-60.360165,nan
2024-06-06T16:45:02,83.146965,-60.360012,nan
2024-06-06T16:45:01,83.146996,-60.359852,nan
2024-06-06T16:45:01,83.147034,-60.359684,nan
2024-06-06T16:45:00,83.147064,-60.359512,nan
2024-06-06T16:45:00,83.147095,-60.359337,nan
2024-06-06T16:44:59,83.147125,-60.359154,nan
2024-06-06T16:44:59,83.147156,-60.358967,nan
2024-06-06T16:44:58,83.147186,-60.358768,nan
2024-06-06T16:44:58,83.147217,-60.358562,nan
2024-06-06T16:44:57,83.147247,-60.358345,nan
2024-06-06T16:44:57,83.147270,-60.358124,nan
2024-06-06T16:44:56,83.147301,-60.357887,nan
2024-06-06T16:44:56,83.147324,-60.357651,nan
2024-06-06T16:44:55,83.147346,-60.357403,nan
2024-06-06T16:44:55,83.147369,-60.357151,nan
2024-06-06T16:44:54,83.147392,-60.356899,nan
2024-06-06T16:44:54,83.147415,-60.356651,nan
2024-06-06T16:44:53,83.147430,-60.356403,nan
2024-06-06T16:44:53,83.147453,-60.356159,nan
2024-06-06T16:44:52,83.147469,-60.355919,nan
2024-06-06T16:44:52,83.147476,-60.355671,nan
2024-06-06T16:44:51,83.147491,-60.355427,nan
2024-06-06T16:44:51,83.147499,-60.355175,nan
2024-06-06T16:44:50,83.147499,-60.354923,nan
2024-06-06T16:44:50,83.147507,-60.354668,nan
2024-06-06T16:44:49,83.147507,-60.354416,nan
2024-06-06T16:44:49,83.147507,-60.354164,nan
2024-06-06T16:44:48,83.147499,-60.353909,nan
2024-06-06T16:44:48,83.147491,-60.353657,nan
2024-06-06T16:44:47,83.147484,-60.353405,nan
2024-06-06T16:44:47,83.147476,-60.353161,nan
2024-06-06T16:44:46,83.147461,-60.352921,nan
2024-06-06T16:44:46,83.147453,-60.352695,nan
2024-06-06T16:44:45,83.147446,-60.352478,nan
2024-06-06T16:44:45,83.147438,-60.352268,nan
2024-06-06T16:44:44,83.147430,-60.352062,nan
2024-06-06T16:44:44,83.147430,-60.351856,nan
2024-06-06T16:44:43,83.147423,-60.351650,nan
2024-06-06T16:44:43,83.147423,-60.351444,nan
2024-06-06T16:44:42,83.147423,-60.351242,nan
2024-06-06T16:44:42,83.147423,-60.351036,nan
2024-06-06T16:44:41,83.147423,-60.350830,nan
2024-06-06T16:44:41,83.147423,-60.350632,nan
2024-06-06T16:44:40,83.147423,-60.350430,nan
2024-06-06T16:44:40,83.147423,-60.350235,nan
2024-06-06T16:44:39,83.147423,-60.350037,nan
2024-06-06T16:44:39,83.147430,-60.349838,nan
2024-06-06T16:44:38,83.147430,-60.349636,nan
2024-06-06T16:44:38,83.147430,-60.349434,nan
2024-06-06T16:44:37,83.147430,-60.349224,nan
2024-06-06T16:44:37,83.147438,-60.349003,nan
2024-06-06T16:44:36,83.147438,-60.348778,nan
2024-06-06T16:44:36,83.147438,-60.348541,nan
2024-06-06T16:44:35,83.147438,-60.348297,nan
2024-06-06T16:44:35,83.147430,-60.348045,nan
2024-06-06T16:44:34,83.147430,-60.347794,nan
2024-06-06T16:44:34,83.147430,-60.347546,nan
2024-06-06T16:44:33,83.147423,-60.347305,nan
2024-06-06T16:44:33,83.147423,-60.347069,nan
2024-06-06T16:44:32,83.147415,-60.346836,nan
2024-06-06T16:44:32,83.147415,-60.346611,nan
2024-06-06T16:44:31,83.147408,-60.346394,nan
2024-06-06T16:44:31,83.147400,-60.346180,nan
2024-06-06T16:44:30,83.147400,-60.345978,nan
2024-06-06T16:44:30,83.147392,-60.345776,nan
2024-06-06T16:44:29,83.147385,-60.345581,nan
2024-06-06T16:44:29,83.147385,-60.345394,nan
2024-06-06T16:44:28,83.147377,-60.345203,nan
2024-06-06T16:44:28,83.147377,-60.345016,nan
2024-06-06T16:44:27,83.147369,-60.344837,nan
2024-06-06T16:44:27,83.147369,-60.344658,nan
2024-06-06T16:44:26,83.147362,-60.344482,nan
2024-06-06T16:44:26,83.147362,-60.344303,nan
2024-06-06T16:44:25,83.147354,-60.344131,nan
2024-06-06T16:44:25,83.147346,-60.343952,nan
2024-06-06T16:44:24,83.147346,-60.343781,nan
2024-06-06T16:44:24,83.147339,-60.343605,nan
2024-06-06T16:44:23,83.147331,-60.343430,nan
2024-06-06T16:44:23,83.147324,-60.343258,nan
2024-06-06T16:44:22,83.147316,-60.343086,nan
2024-06-06T16:44:22,83.147308,-60.342918,nan
2024-06-06T16:44:21,83.147301,-60.342754,nan
2024-06-06T16:44:21,83.147285,-60.342590,nan
2024-06-06T16:44:20,83.147278,-60.342422,nan
2024-06-06T16:44:20,83.147270,-60.342266,nan
2024-06-06T16:44:19,83.147255,-60.342106,nan
2024-06-06T16:44:19,83.147247,-60.341953,nan
2024-06-06T16:44:18,83.147232,-60.341808,nan
2024-06-06T16:44:18,83.147217,-60.341667,nan
2024-06-06T16:44:17,83.147209,-60.341537,nan
2024-06-06T16:44:17,83.147194,-60.341412,nan
2024-06-06T16:44:16,83.147179,-60.341290,nan
2024-06-06T16:44:16,83.147163,-60.341175,nan
2024-06-06T16:44:15,83.147156,-60.341068,nan
2024-06-06T16:44:15,83.147141,-60.340969,nan
2024-06-06T16:44:14,83.147125,-60.340874,nan
2024-06-06T16:44:14,83.147110,-60.340782,nan
2024-06-06T16:44:13,83.147102,-60.340694,nan
2024-06-06T16:44:13,83.147087,-60.340611,nan
2024-06-06T16:44:12,83.147079,-60.340527,nan
2024-06-06T16:44:12,83.147064,-60.340443,nan
2024-06-06T16:44:11,83.147057,-60.340355,nan
2024-06-06T16:44:11,83.147041,-60.340267,nan
2024-06-06T16:44:10,83.147034,-60.340179,nan
2024-06-06T16:44:10,83.147026,-60.340092,nan
2024-06-06T16:44:09,83.147018,-60.340004,nan
2024-06-06T16:44:09,83.147011,-60.339912,nan
2024-06-06T16:44:08,83.147011,-60.339825,nan
2024-06-06T16:44:08,83.147011,-60.339733,nan
2024-06-06T16:44:07,83.147011,-60.339649,nan
2024-06-06T16:44:07,83.147011,-60.339554,nan
2024-06-06T16:44:06,83.147011,-60.339458,nan
2024-06-06T16:44:06,83.147018,-60.339359,nan
2024-06-06T16:44:05,83.147018,-60.339256,nan
2024-06-06T16:44:05,83.147026,-60.339146,nan
2024-06-06T16:44:04,83.147026,-60.339024,nan
2024-06-06T16:44:04,83.147034,-60.338898,nan
2024-06-06T16:44:03,83.147034,-60.338764,nan
2024-06-06T16:44:03,83.147041,-60.338623,nan
2024-06-06T16:44:02,83.147041,-60.338474,nan
2024-06-06T16:44:02,83.147041,-60.338322,nan
2024-06-06T16:44:01,83.147041,-60.338161,nan
2024-06-06T16:44:01,83.147041,-60.338001,nan
2024-06-06T16:44:00,83.147041,-60.337833,nan
2024-06-06T16:44:00,83.147041,-60.337654,nan
2024-06-06T16:43:59,83.147041,-60.337463,nan
2024-06-06T16:43:59,83.147034,-60.337269,nan
2024-06-06T16:43:58,83.147034,-60.337067,nan
2024-06-06T16:43:58,83.147026,-60.336861,nan
2024-06-06T16:43:57,83.147018,-60.336647,nan
2024-06-06T16:43:57,83.147011,-60.336430,nan
2024-06-06T16:43:56,83.147003,-60.336205,nan
2024-06-06T16:43:56,83.146996,-60.335979,nan
2024-06-06T16:43:55,83.146988,-60.335754,nan
2024-06-06T16:43:55,83.146973,-60.335533,nan
2024-06-06T16:43:54,83.146965,-60.335312,nan
2024-06-06T16:43:54,83.146950,-60.335091,nan
2024-06-06T16:43:53,83.146942,-60.334881,nan
2024-06-06T16:43:53,83.146927,-60.334663,nan
2024-06-06T16:43:52,83.146912,-60.334450,nan
2024-06-06T16:43:52,83.146904,-60.334240,nan
2024-06-06T16:43:51,83.146889,-60.334045,nan
2024-06-06T16:43:51,83.146873,-60.333855,nan
2024-06-06T16:43:50,83.146858,-60.333660,nan
2024-06-06T16:43:50,83.146843,-60.333481,nan
2024-06-06T16:43:49,83.146835,-60.333324,nan
2024-06-06T16:43:49,83.146828,-60.333202,nan
2024-06-06T16:43:48,83.146812,-60.333092,nan
2024-06-06T16:43:48,83.146797,-60.332996,nan
2024-06-06T16:43:47,83.146782,-60.332912,nan
2024-06-06T16:43:47,83.146767,-60.332863,nan
2024-06-06T16:43:46,83.146729,-60.332943,nan
2024-06-06T16:43:46,83.146667,-60.333233,nan
2024-06-06T16:43:45,83.146538,-60.333988,nan
2024-06-06T16:43:45,83.146332,-60.335415,nan
2024-06-06T16:43:44,83.146088,-60.337189,nan
2024-06-06T16:43:44,83.145920,-60.338417,nan
2024-06-06T16:43:43,83.145866,-60.338585,nan
2024-06-06T16:43:43,83.145889,-60.338062,nan
2024-06-06T16:43:42,83.145874,-60.337551,nan
2024-06-06T16:43:42,83.145874,-60.336910,nan
2024-06-06T16:43:41,83.145912,-60.336037,nan
2024-06-06T16:43:41,83.146011,-60.334743,nan
2024-06-06T16:43:40,83.146492,-60.329479,nan
2024-06-06T16:43:39,83.147430,-60.319710,nan
