datetime,lat,lon,elev
2024-05-30T15:20:48,84.494736,-57.024574,nan
2024-05-30T15:20:47,84.494713,-57.024700,nan
2024-05-30T15:20:47,84.494690,-57.024845,nan
2024-05-30T15:20:46,84.494675,-57.025002,nan
2024-05-30T15:20:46,84.494644,-57.025166,nan
2024-05-30T15:20:45,84.494621,-57.025326,nan
2024-05-30T15:20:45,84.494598,-57.025494,nan
2024-05-30T15:20:44,84.494576,-57.025665,nan
2024-05-30T15:20:44,84.494553,-57.025841,nan
2024-05-30T15:20:43,84.494530,-57.026028,nan
2024-05-30T15:20:43,84.494507,-57.026215,nan
2024-05-30T15:20:42,84.494484,-57.026394,nan
2024-05-30T15:20:42,84.494461,-57.026581,nan
2024-05-30T15:20:41,84.494431,-57.026764,nan
2024-05-30T15:20:41,84.494408,-57.026955,nan
2024-05-30T15:20:40,84.494385,-57.027145,nan
2024-05-30T15:20:40,84.494362,-57.027340,nan
2024-05-30T15:20:39,84.494331,-57.027538,nan
2024-05-30T15:20:39,84.494308,-57.027733,nan
2024-05-30T15:20:38,84.494286,-57.027935,nan
2024-05-30T15:20:38,84.494263,-57.028137,nan
2024-05-30T15:20:37,84.494240,-57.028343,nan
2024-05-30T15:20:37,84.494209,-57.028545,nan
2024-05-30T15:20:36,84.494186,-57.028748,nan
2024-05-30T15:20:36,84.494164,-57.028946,nan
2024-05-30T15:20:35,84.494141,-57.029148,nan
2024-05-30T15:20:35,84.494118,-57.029350,nan
2024-05-30T15:20:34,84.494095,-57.029552,nan
2024-05-30T15:20:34,84.494072,-57.029755,nan
2024-05-30T15:20:33,84.494057,-57.029953,nan
2024-05-30T15:20:33,84.494034,-57.030155,nan
2024-05-30T15:20:32,84.494011,-57.030365,nan
2024-05-30T15:20:32,84.493988,-57.030571,nan
2024-05-30T15:20:31,84.493973,-57.030781,nan
2024-05-30T15:20:31,84.493950,-57.030991,nan
2024-05-30T15:20:30,84.493927,-57.031197,nan
2024-05-30T15:20:30,84.493912,-57.031406,nan
2024-05-30T15:20:29,84.493889,-57.031616,nan
2024-05-30T15:20:29,84.493874,-57.031822,nan
2024-05-30T15:20:28,84.493851,-57.032028,nan
2024-05-30T15:20:28,84.493828,-57.032227,nan
2024-05-30T15:20:27,84.493813,-57.032425,nan
2024-05-30T15:20:27,84.493790,-57.032631,nan
2024-05-30T15:20:26,84.493774,-57.032833,nan
2024-05-30T15:20:26,84.493752,-57.033035,nan
2024-05-30T15:20:25,84.493736,-57.033245,nan
2024-05-30T15:20:25,84.493713,-57.033447,nan
2024-05-30T15:20:24,84.493698,-57.033653,nan
2024-05-30T15:20:24,84.493675,-57.033859,nan
2024-05-30T15:20:23,84.493660,-57.034061,nan
2024-05-30T15:20:23,84.493645,-57.034267,nan
2024-05-30T15:20:22,84.493622,-57.034470,nan
2024-05-30T15:20:21,84.493584,-57.034885,nan
2024-05-30T15:20:21,84.493568,-57.035095,nan
2024-05-30T15:20:20,84.493553,-57.035309,nan
2024-05-30T15:20:20,84.493530,-57.035522,nan
2024-05-30T15:20:19,84.493515,-57.035732,nan
2024-05-30T15:20:19,84.493500,-57.035938,nan
2024-05-30T15:20:18,84.493484,-57.036144,nan
2024-05-30T15:20:18,84.493469,-57.036350,nan
2024-05-30T15:20:17,84.493446,-57.036552,nan
2024-05-30T15:20:17,84.493439,-57.036755,nan
2024-05-30T15:20:16,84.493423,-57.036957,nan
2024-05-30T15:20:16,84.493408,-57.037151,nan
2024-05-30T15:20:15,84.493393,-57.037350,nan
2024-05-30T15:20:15,84.493378,-57.037544,nan
2024-05-30T15:20:14,84.493362,-57.037727,nan
2024-05-30T15:20:14,84.493355,-57.037903,nan
2024-05-30T15:20:13,84.493340,-57.038071,nan
2024-05-30T15:20:13,84.493324,-57.038235,nan
2024-05-30T15:20:12,84.493317,-57.038403,nan
2024-05-30T15:20:12,84.493301,-57.038555,nan
2024-05-30T15:20:11,84.493286,-57.038696,nan
2024-05-30T15:20:11,84.493279,-57.038822,nan
2024-05-30T15:20:10,84.493263,-57.038933,nan
2024-05-30T15:20:10,84.493256,-57.039043,nan
2024-05-30T15:20:09,84.493240,-57.039146,nan
2024-05-30T15:20:09,84.493233,-57.039238,nan
2024-05-30T15:20:08,84.493217,-57.039326,nan
2024-05-30T15:20:08,84.493202,-57.039406,nan
2024-05-30T15:20:07,84.493195,-57.039486,nan
2024-05-30T15:20:07,84.493179,-57.039566,nan
2024-05-30T15:20:06,84.493164,-57.039642,nan
2024-05-30T15:20:06,84.493149,-57.039715,nan
2024-05-30T15:20:05,84.493134,-57.039780,nan
2024-05-30T15:20:05,84.493118,-57.039845,nan
2024-05-30T15:20:04,84.493103,-57.039909,nan
2024-05-30T15:20:04,84.493080,-57.039970,nan
2024-05-30T15:20:03,84.493065,-57.040024,nan
2024-05-30T15:20:03,84.493050,-57.040070,nan
2024-05-30T15:20:02,84.493027,-57.040115,nan
2024-05-30T15:20:02,84.493011,-57.040165,nan
2024-05-30T15:20:01,84.492989,-57.040215,nan
2024-05-30T15:20:01,84.492966,-57.040264,nan
2024-05-30T15:20:00,84.492950,-57.040314,nan
2024-05-30T15:20:00,84.492928,-57.040363,nan
2024-05-30T15:19:59,84.492905,-57.040417,nan
2024-05-30T15:19:58,84.492867,-57.040531,nan
2024-05-30T15:19:58,84.492844,-57.040581,nan
2024-05-30T15:19:57,84.492821,-57.040634,nan
2024-05-30T15:19:57,84.492798,-57.040695,nan
2024-05-30T15:19:56,84.492783,-57.040756,nan
2024-05-30T15:19:56,84.492760,-57.040825,nan
2024-05-30T15:19:55,84.492737,-57.040894,nan
2024-05-30T15:19:55,84.492714,-57.040962,nan
2024-05-30T15:19:54,84.492691,-57.041039,nan
2024-05-30T15:19:54,84.492661,-57.041119,nan
2024-05-30T15:19:53,84.492638,-57.041206,nan
2024-05-30T15:19:53,84.492615,-57.041294,nan
2024-05-30T15:19:52,84.492592,-57.041382,nan
2024-05-30T15:19:52,84.492569,-57.041470,nan
2024-05-30T15:19:51,84.492546,-57.041561,nan
2024-05-30T15:19:51,84.492523,-57.041660,nan
2024-05-30T15:19:50,84.492500,-57.041763,nan
2024-05-30T15:19:50,84.492477,-57.041870,nan
2024-05-30T15:19:49,84.492455,-57.041977,nan
2024-05-30T15:19:49,84.492432,-57.042088,nan
2024-05-30T15:19:48,84.492416,-57.042198,nan
2024-05-30T15:19:48,84.492393,-57.042316,nan
2024-05-30T15:19:47,84.492371,-57.042439,nan
2024-05-30T15:19:47,84.492355,-57.042557,nan
2024-05-30T15:19:46,84.492332,-57.042671,nan
2024-05-30T15:19:46,84.492310,-57.042793,nan
2024-05-30T15:19:45,84.492294,-57.042915,nan
2024-05-30T15:19:45,84.492279,-57.043045,nan
2024-05-30T15:19:44,84.492256,-57.043175,nan
2024-05-30T15:19:44,84.492241,-57.043308,nan
2024-05-30T15:19:43,84.492218,-57.043438,nan
2024-05-30T15:19:43,84.492203,-57.043575,nan
2024-05-30T15:19:42,84.492188,-57.043713,nan
2024-05-30T15:19:42,84.492165,-57.043854,nan
2024-05-30T15:19:41,84.492149,-57.043995,nan
2024-05-30T15:19:41,84.492126,-57.044132,nan
2024-05-30T15:19:40,84.492104,-57.044270,nan
2024-05-30T15:19:40,84.492088,-57.044411,nan
2024-05-30T15:19:39,84.492065,-57.044556,nan
2024-05-30T15:19:39,84.492043,-57.044701,nan
2024-05-30T15:19:38,84.492027,-57.044842,nan
2024-05-30T15:19:38,84.492004,-57.044987,nan
2024-05-30T15:19:37,84.491982,-57.045132,nan
2024-05-30T15:19:37,84.491966,-57.045277,nan
2024-05-30T15:19:36,84.491943,-57.045425,nan
2024-05-30T15:19:36,84.491928,-57.045574,nan
2024-05-30T15:19:35,84.491905,-57.045723,nan
2024-05-30T15:19:35,84.491890,-57.045868,nan
2024-05-30T15:19:34,84.491867,-57.046017,nan
2024-05-30T15:19:34,84.491852,-57.046165,nan
2024-05-30T15:19:33,84.491837,-57.046318,nan
2024-05-30T15:19:33,84.491814,-57.046467,nan
2024-05-30T15:19:32,84.491798,-57.046612,nan
2024-05-30T15:19:32,84.491776,-57.046753,nan
2024-05-30T15:19:31,84.491760,-57.046898,nan
2024-05-30T15:19:31,84.491737,-57.047043,nan
2024-05-30T15:19:30,84.491714,-57.047188,nan
2024-05-30T15:19:30,84.491699,-57.047333,nan
2024-05-30T15:19:29,84.491676,-57.047478,nan
2024-05-30T15:19:29,84.491661,-57.047615,nan
2024-05-30T15:19:28,84.491646,-57.047760,nan
2024-05-30T15:19:28,84.491623,-57.047905,nan
2024-05-30T15:19:27,84.491608,-57.048050,nan
2024-05-30T15:19:27,84.491585,-57.048195,nan
2024-05-30T15:19:26,84.491570,-57.048336,nan
2024-05-30T15:19:26,84.491547,-57.048477,nan
2024-05-30T15:19:25,84.491531,-57.048626,nan
2024-05-30T15:19:25,84.491508,-57.048775,nan
2024-05-30T15:19:24,84.491493,-57.048923,nan
2024-05-30T15:19:24,84.491478,-57.049068,nan
2024-05-30T15:19:23,84.491455,-57.049217,nan
2024-05-30T15:19:23,84.491440,-57.049370,nan
2024-05-30T15:19:22,84.491417,-57.049519,nan
2024-05-30T15:19:22,84.491402,-57.049664,nan
2024-05-30T15:19:21,84.491386,-57.049809,nan
2024-05-30T15:19:21,84.491364,-57.049957,nan
2024-05-30T15:19:20,84.491348,-57.050102,nan
2024-05-30T15:19:20,84.491333,-57.050255,nan
2024-05-30T15:19:19,84.491310,-57.050400,nan
2024-05-30T15:19:19,84.491295,-57.050541,nan
2024-05-30T15:19:18,84.491272,-57.050682,nan
2024-05-30T15:19:18,84.491257,-57.050819,nan
2024-05-30T15:19:17,84.491241,-57.050964,nan
2024-05-30T15:19:17,84.491219,-57.051109,nan
2024-05-30T15:19:16,84.491203,-57.051254,nan
2024-05-30T15:19:16,84.491180,-57.051399,nan
2024-05-30T15:19:15,84.491165,-57.051544,nan
2024-05-30T15:19:15,84.491142,-57.051685,nan
2024-05-30T15:19:14,84.491127,-57.051830,nan
2024-05-30T15:19:14,84.491112,-57.051971,nan
2024-05-30T15:19:13,84.491089,-57.052105,nan
2024-05-30T15:19:13,84.491074,-57.052242,nan
2024-05-30T15:19:12,84.491051,-57.052383,nan
2024-05-30T15:19:12,84.491035,-57.052525,nan
2024-05-30T15:19:11,84.491020,-57.052666,nan
2024-05-30T15:19:11,84.490997,-57.052803,nan
2024-05-30T15:19:10,84.490974,-57.052937,nan
2024-05-30T15:19:10,84.490959,-57.053066,nan
2024-05-30T15:19:09,84.490944,-57.053188,nan
2024-05-30T15:19:09,84.490921,-57.053314,nan
2024-05-30T15:19:08,84.490906,-57.053436,nan
2024-05-30T15:19:08,84.490883,-57.053555,nan
2024-05-30T15:19:07,84.490868,-57.053680,nan
2024-05-30T15:19:07,84.490845,-57.053810,nan
2024-05-30T15:19:06,84.490829,-57.053944,nan
2024-05-30T15:19:06,84.490807,-57.054073,nan
2024-05-30T15:19:05,84.490791,-57.054203,nan
2024-05-30T15:19:05,84.490768,-57.054333,nan
2024-05-30T15:19:04,84.490753,-57.054466,nan
2024-05-30T15:19:04,84.490730,-57.054600,nan
2024-05-30T15:19:03,84.490715,-57.054729,nan
2024-05-30T15:19:03,84.490700,-57.054859,nan
2024-05-30T15:19:02,84.490662,-57.055119,nan
2024-05-30T15:19:01,84.490639,-57.055244,nan
2024-05-30T15:19:01,84.490623,-57.055374,nan
2024-05-30T15:19:00,84.490601,-57.055500,nan
2024-05-30T15:19:00,84.490585,-57.055622,nan
2024-05-30T15:18:59,84.490562,-57.055740,nan
2024-05-30T15:18:59,84.490547,-57.055866,nan
2024-05-30T15:18:58,84.490524,-57.055992,nan
2024-05-30T15:18:58,84.490509,-57.056114,nan
2024-05-30T15:18:57,84.490486,-57.056244,nan
2024-05-30T15:18:57,84.490463,-57.056370,nan
2024-05-30T15:18:56,84.490448,-57.056503,nan
2024-05-30T15:18:56,84.490425,-57.056637,nan
2024-05-30T15:18:55,84.490410,-57.056767,nan
2024-05-30T15:18:55,84.490387,-57.056892,nan
2024-05-30T15:18:54,84.490372,-57.057014,nan
2024-05-30T15:18:54,84.490349,-57.057140,nan
2024-05-30T15:18:53,84.490334,-57.057270,nan
2024-05-30T15:18:53,84.490311,-57.057392,nan
2024-05-30T15:18:52,84.490295,-57.057522,nan
2024-05-30T15:18:52,84.490273,-57.057648,nan
2024-05-30T15:18:51,84.490257,-57.057774,nan
2024-05-30T15:18:51,84.490234,-57.057903,nan
2024-05-30T15:18:50,84.490219,-57.058037,nan
2024-05-30T15:18:50,84.490196,-57.058167,nan
2024-05-30T15:18:49,84.490173,-57.058300,nan
2024-05-30T15:18:49,84.490158,-57.058430,nan
2024-05-30T15:18:48,84.490135,-57.058563,nan
2024-05-30T15:18:48,84.490120,-57.058701,nan
2024-05-30T15:18:47,84.490097,-57.058838,nan
2024-05-30T15:18:47,84.490074,-57.058971,nan
2024-05-30T15:18:46,84.490059,-57.059101,nan
2024-05-30T15:18:46,84.490036,-57.059235,nan
2024-05-30T15:18:45,84.490021,-57.059372,nan
2024-05-30T15:18:45,84.489998,-57.059509,nan
2024-05-30T15:18:44,84.489983,-57.059650,nan
2024-05-30T15:18:44,84.489960,-57.059792,nan
2024-05-30T15:18:43,84.489944,-57.059937,nan
2024-05-30T15:18:43,84.489922,-57.060081,nan
2024-05-30T15:18:42,84.489906,-57.060230,nan
2024-05-30T15:18:42,84.489883,-57.060379,nan
2024-05-30T15:18:41,84.489868,-57.060528,nan
2024-05-30T15:18:41,84.489845,-57.060669,nan
2024-05-30T15:18:40,84.489830,-57.060814,nan
2024-05-30T15:18:40,84.489807,-57.060959,nan
2024-05-30T15:18:39,84.489784,-57.061104,nan
2024-05-30T15:18:38,84.489746,-57.061382,nan
2024-05-30T15:18:38,84.489723,-57.061512,nan
2024-05-30T15:18:37,84.489700,-57.061634,nan
2024-05-30T15:18:37,84.489685,-57.061741,nan
2024-05-30T15:18:36,84.489662,-57.061836,nan
2024-05-30T15:18:36,84.489639,-57.061905,nan
2024-05-30T15:18:35,84.489616,-57.061951,nan
2024-05-30T15:18:35,84.489594,-57.061977,nan
2024-05-30T15:18:34,84.489571,-57.061989,nan
2024-05-30T15:18:33,84.489517,-57.061966,nan
2024-05-30T15:18:33,84.489487,-57.061943,nan
2024-05-30T15:18:32,84.489456,-57.061913,nan
2024-05-30T15:18:32,84.489426,-57.061867,nan
2024-05-30T15:18:31,84.489395,-57.061817,nan
2024-05-30T15:18:31,84.489365,-57.061752,nan
2024-05-30T15:18:30,84.489334,-57.061680,nan
2024-05-30T15:18:30,84.489304,-57.061592,nan
2024-05-30T15:18:29,84.489265,-57.061497,nan
2024-05-30T15:18:29,84.489235,-57.061398,nan
2024-05-30T15:18:28,84.489204,-57.061302,nan
2024-05-30T15:18:28,84.489174,-57.061211,nan
2024-05-30T15:18:27,84.489143,-57.061123,nan
2024-05-30T15:18:27,84.489113,-57.061035,nan
2024-05-30T15:18:26,84.489082,-57.060955,nan
2024-05-30T15:18:26,84.489059,-57.060879,nan
2024-05-30T15:18:25,84.489029,-57.060810,nan
2024-05-30T15:18:25,84.488998,-57.060749,nan
2024-05-30T15:18:24,84.488976,-57.060696,nan
2024-05-30T15:18:24,84.488945,-57.060646,nan
2024-05-30T15:18:23,84.488922,-57.060600,nan
2024-05-30T15:18:23,84.488899,-57.060566,nan
2024-05-30T15:18:22,84.488869,-57.060532,nan
2024-05-30T15:18:22,84.488846,-57.060497,nan
2024-05-30T15:18:21,84.488815,-57.060455,nan
2024-05-30T15:18:21,84.488792,-57.060402,nan
2024-05-30T15:18:20,84.488770,-57.060341,nan
2024-05-30T15:18:20,84.488739,-57.060265,nan
2024-05-30T15:18:19,84.488708,-57.060181,nan
2024-05-30T15:18:19,84.488686,-57.060081,nan
2024-05-30T15:18:18,84.488655,-57.059975,nan
2024-05-30T15:18:18,84.488625,-57.059864,nan
2024-05-30T15:18:17,84.488602,-57.059750,nan
2024-05-30T15:18:17,84.488571,-57.059624,nan
2024-05-30T15:18:16,84.488541,-57.059498,nan
2024-05-30T15:18:16,84.488510,-57.059368,nan
2024-05-30T15:18:15,84.488480,-57.059242,nan
2024-05-30T15:18:15,84.488449,-57.059105,nan
2024-05-30T15:18:14,84.488388,-57.058819,nan
2024-05-30T15:18:13,84.488358,-57.058666,nan
2024-05-30T15:18:13,84.488335,-57.058506,nan
2024-05-30T15:18:12,84.488304,-57.058342,nan
2024-05-30T15:18:12,84.488274,-57.058167,nan
2024-05-30T15:18:11,84.488235,-57.057980,nan
2024-05-30T15:18:11,84.488213,-57.057789,nan
2024-05-30T15:18:10,84.488182,-57.057590,nan
2024-05-30T15:18:10,84.488152,-57.057392,nan
2024-05-30T15:18:09,84.488121,-57.057190,nan
2024-05-30T15:18:09,84.488091,-57.056980,nan
2024-05-30T15:18:08,84.488068,-57.056774,nan
2024-05-30T15:18:08,84.488037,-57.056568,nan
2024-05-30T15:18:07,84.488007,-57.056362,nan
2024-05-30T15:18:07,84.487976,-57.056152,nan
2024-05-30T15:18:06,84.487946,-57.055935,nan
2024-05-30T15:18:06,84.487923,-57.055710,nan
2024-05-30T15:18:05,84.487892,-57.055481,nan
2024-05-30T15:18:05,84.487869,-57.055256,nan
2024-05-30T15:18:04,84.487839,-57.055031,nan
2024-05-30T15:18:04,84.487816,-57.054802,nan
2024-05-30T15:18:03,84.487785,-57.054577,nan
2024-05-30T15:18:03,84.487762,-57.054348,nan
2024-05-30T15:18:02,84.487740,-57.054127,nan
2024-05-30T15:18:02,84.487717,-57.053905,nan
2024-05-30T15:18:01,84.487694,-57.053677,nan
2024-05-30T15:18:01,84.487671,-57.053459,nan
2024-05-30T15:18:00,84.487648,-57.053242,nan
2024-05-30T15:18:00,84.487625,-57.053017,nan
2024-05-30T15:17:59,84.487602,-57.052792,nan
2024-05-30T15:17:59,84.487572,-57.052563,nan
2024-05-30T15:17:58,84.487549,-57.052334,nan
2024-05-30T15:17:58,84.487526,-57.052105,nan
2024-05-30T15:17:57,84.487495,-57.051880,nan
2024-05-30T15:17:57,84.487473,-57.051655,nan
2024-05-30T15:17:56,84.487450,-57.051434,nan
2024-05-30T15:17:56,84.487419,-57.051220,nan
2024-05-30T15:17:55,84.487396,-57.051006,nan
2024-05-30T15:17:55,84.487366,-57.050793,nan
2024-05-30T15:17:54,84.487343,-57.050575,nan
2024-05-30T15:17:54,84.487312,-57.050365,nan
2024-05-30T15:17:53,84.487289,-57.050156,nan
2024-05-30T15:17:53,84.487259,-57.049946,nan
2024-05-30T15:17:52,84.487236,-57.049728,nan
2024-05-30T15:17:52,84.487206,-57.049515,nan
2024-05-30T15:17:51,84.487175,-57.049297,nan
2024-05-30T15:17:51,84.487152,-57.049080,nan
2024-05-30T15:17:50,84.487122,-57.048859,nan
2024-05-30T15:17:50,84.487091,-57.048637,nan
2024-05-30T15:17:49,84.487061,-57.048412,nan
2024-05-30T15:17:49,84.487030,-57.048172,nan
2024-05-30T15:17:48,84.487007,-57.047935,nan
2024-05-30T15:17:48,84.486977,-57.047691,nan
2024-05-30T15:17:47,84.486946,-57.047440,nan
2024-05-30T15:17:47,84.486916,-57.047180,nan
2024-05-30T15:17:46,84.486885,-57.046917,nan
2024-05-30T15:17:46,84.486855,-57.046654,nan
2024-05-30T15:17:45,84.486824,-57.046383,nan
2024-05-30T15:17:45,84.486794,-57.046108,nan
2024-05-30T15:17:44,84.486763,-57.045830,nan
2024-05-30T15:17:44,84.486732,-57.045544,nan
2024-05-30T15:17:43,84.486694,-57.045261,nan
2024-05-30T15:17:43,84.486664,-57.044979,nan
2024-05-30T15:17:42,84.486633,-57.044701,nan
2024-05-30T15:17:42,84.486595,-57.044418,nan
2024-05-30T15:17:41,84.486565,-57.044144,nan
2024-05-30T15:17:41,84.486526,-57.043877,nan
2024-05-30T15:17:40,84.486496,-57.043610,nan
2024-05-30T15:17:40,84.486458,-57.043343,nan
2024-05-30T15:17:39,84.486427,-57.043076,nan
2024-05-30T15:17:39,84.486389,-57.042812,nan
2024-05-30T15:17:38,84.486351,-57.042553,nan
2024-05-30T15:17:38,84.486320,-57.042294,nan
2024-05-30T15:17:37,84.486282,-57.042030,nan
2024-05-30T15:17:37,84.486244,-57.041759,nan
2024-05-30T15:17:36,84.486206,-57.041489,nan
2024-05-30T15:17:36,84.486176,-57.041206,nan
2024-05-30T15:17:35,84.486137,-57.040916,nan
2024-05-30T15:17:35,84.486099,-57.040619,nan
2024-05-30T15:17:34,84.486061,-57.040318,nan
2024-05-30T15:17:34,84.486031,-57.040024,nan
2024-05-30T15:17:33,84.485992,-57.039730,nan
2024-05-30T15:17:33,84.485954,-57.039436,nan
2024-05-30T15:17:32,84.485924,-57.039143,nan
2024-05-30T15:17:32,84.485893,-57.038857,nan
2024-05-30T15:17:31,84.485863,-57.038578,nan
2024-05-30T15:17:31,84.485832,-57.038300,nan
2024-05-30T15:17:30,84.485802,-57.038025,nan
2024-05-30T15:17:30,84.485779,-57.037750,nan
2024-05-30T15:17:29,84.485748,-57.037479,nan
2024-05-30T15:17:29,84.485718,-57.037209,nan
2024-05-30T15:17:28,84.485695,-57.036942,nan
2024-05-30T15:17:28,84.485664,-57.036674,nan
2024-05-30T15:17:27,84.485641,-57.036407,nan
2024-05-30T15:17:27,84.485619,-57.036144,nan
2024-05-30T15:17:26,84.485588,-57.035881,nan
2024-05-30T15:17:26,84.485565,-57.035622,nan
2024-05-30T15:17:25,84.485542,-57.035362,nan
2024-05-30T15:17:25,84.485519,-57.035107,nan
2024-05-30T15:17:24,84.485489,-57.034855,nan
2024-05-30T15:17:24,84.485466,-57.034603,nan
2024-05-30T15:17:23,84.485443,-57.034359,nan
2024-05-30T15:17:23,84.485420,-57.034111,nan
2024-05-30T15:17:22,84.485390,-57.033871,nan
2024-05-30T15:17:22,84.485367,-57.033634,nan
2024-05-30T15:17:21,84.485344,-57.033409,nan
2024-05-30T15:17:21,84.485313,-57.033188,nan
2024-05-30T15:17:20,84.485291,-57.032963,nan
2024-05-30T15:17:20,84.485260,-57.032745,nan
2024-05-30T15:17:19,84.485237,-57.032532,nan
2024-05-30T15:17:19,84.485207,-57.032326,nan
2024-05-30T15:17:18,84.485176,-57.032112,nan
2024-05-30T15:17:18,84.485153,-57.031898,nan
2024-05-30T15:17:17,84.485123,-57.031681,nan
2024-05-30T15:17:17,84.485092,-57.031464,nan
2024-05-30T15:17:16,84.485062,-57.031242,nan
2024-05-30T15:17:16,84.485031,-57.031017,nan
2024-05-30T15:17:15,84.485001,-57.030781,nan
2024-05-30T15:17:15,84.484970,-57.030544,nan
2024-05-30T15:17:14,84.484940,-57.030304,nan
2024-05-30T15:17:14,84.484909,-57.030052,nan
2024-05-30T15:17:13,84.484879,-57.029797,nan
2024-05-30T15:17:13,84.484840,-57.029541,nan
2024-05-30T15:17:12,84.484810,-57.029282,nan
2024-05-30T15:17:12,84.484779,-57.029022,nan
2024-05-30T15:17:11,84.484749,-57.028763,nan
2024-05-30T15:17:11,84.484718,-57.028488,nan
2024-05-30T15:17:10,84.484688,-57.028214,nan
2024-05-30T15:17:10,84.484650,-57.027935,nan
2024-05-30T15:17:09,84.484619,-57.027649,nan
2024-05-30T15:17:09,84.484589,-57.027355,nan
2024-05-30T15:17:08,84.484550,-57.027058,nan
2024-05-30T15:17:08,84.484520,-57.026760,nan
2024-05-30T15:17:07,84.484482,-57.026459,nan
2024-05-30T15:17:07,84.484451,-57.026146,nan
2024-05-30T15:17:06,84.484413,-57.025829,nan
2024-05-30T15:17:06,84.484383,-57.025501,nan
2024-05-30T15:17:05,84.484344,-57.025173,nan
2024-05-30T15:17:05,84.484306,-57.024841,nan
2024-05-30T15:17:04,84.484276,-57.024509,nan
2024-05-30T15:17:04,84.484245,-57.024174,nan
2024-05-30T15:17:03,84.484207,-57.023838,nan
2024-05-30T15:17:03,84.484177,-57.023506,nan
2024-05-30T15:17:02,84.484146,-57.023174,nan
2024-05-30T15:17:02,84.484116,-57.022842,nan
2024-05-30T15:17:01,84.484085,-57.022507,nan
2024-05-30T15:17:01,84.484055,-57.022167,nan
2024-05-30T15:17:00,84.484024,-57.021828,nan
2024-05-30T15:17:00,84.483994,-57.021500,nan
2024-05-30T15:16:59,84.483963,-57.021175,nan
2024-05-30T15:16:59,84.483932,-57.020851,nan
2024-05-30T15:16:58,84.483902,-57.020535,nan
2024-05-30T15:16:58,84.483871,-57.020214,nan
2024-05-30T15:16:57,84.483833,-57.019901,nan
2024-05-30T15:16:57,84.483803,-57.019588,nan
2024-05-30T15:16:56,84.483772,-57.019272,nan
2024-05-30T15:16:56,84.483734,-57.018955,nan
2024-05-30T15:16:55,84.483704,-57.018639,nan
2024-05-30T15:16:55,84.483665,-57.018330,nan
2024-05-30T15:16:54,84.483635,-57.018017,nan
2024-05-30T15:16:54,84.483597,-57.017712,nan
2024-05-30T15:16:53,84.483566,-57.017403,nan
2024-05-30T15:16:53,84.483528,-57.017097,nan
2024-05-30T15:16:52,84.483490,-57.016796,nan
2024-05-30T15:16:52,84.483459,-57.016502,nan
2024-05-30T15:16:51,84.483421,-57.016209,nan
2024-05-30T15:16:51,84.483383,-57.015919,nan
2024-05-30T15:16:50,84.483345,-57.015633,nan
2024-05-30T15:16:50,84.483315,-57.015350,nan
2024-05-30T15:16:49,84.483276,-57.015076,nan
2024-05-30T15:16:49,84.483238,-57.014805,nan
2024-05-30T15:16:48,84.483200,-57.014534,nan
2024-05-30T15:16:48,84.483162,-57.014275,nan
2024-05-30T15:16:47,84.483131,-57.014023,nan
2024-05-30T15:16:47,84.483093,-57.013771,nan
2024-05-30T15:16:46,84.483055,-57.013523,nan
2024-05-30T15:16:46,84.483017,-57.013279,nan
2024-05-30T15:16:45,84.482979,-57.013039,nan
2024-05-30T15:16:45,84.482948,-57.012798,nan
2024-05-30T15:16:44,84.482910,-57.012558,nan
2024-05-30T15:16:44,84.482872,-57.012321,nan
2024-05-30T15:16:43,84.482834,-57.012089,nan
2024-05-30T15:16:43,84.482796,-57.011856,nan
2024-05-30T15:16:42,84.482758,-57.011635,nan
2024-05-30T15:16:42,84.482719,-57.011410,nan
2024-05-30T15:16:41,84.482689,-57.011185,nan
2024-05-30T15:16:41,84.482651,-57.010967,nan
2024-05-30T15:16:40,84.482613,-57.010750,nan
2024-05-30T15:16:39,84.482544,-57.010311,nan
2024-05-30T15:16:39,84.482506,-57.010094,nan
2024-05-30T15:16:38,84.482475,-57.009872,nan
2024-05-30T15:16:38,84.482437,-57.009651,nan
2024-05-30T15:16:37,84.482407,-57.009430,nan
2024-05-30T15:16:37,84.482368,-57.009205,nan
2024-05-30T15:16:36,84.482338,-57.008976,nan
2024-05-30T15:16:36,84.482307,-57.008751,nan
2024-05-30T15:16:35,84.482269,-57.008526,nan
2024-05-30T15:16:35,84.482239,-57.008297,nan
2024-05-30T15:16:34,84.482208,-57.008064,nan
2024-05-30T15:16:34,84.482178,-57.007832,nan
2024-05-30T15:16:33,84.482140,-57.007595,nan
2024-05-30T15:16:33,84.482109,-57.007355,nan
2024-05-30T15:16:32,84.482079,-57.007103,nan
2024-05-30T15:16:32,84.482048,-57.006851,nan
2024-05-30T15:16:31,84.482018,-57.006599,nan
2024-05-30T15:16:31,84.481987,-57.006351,nan
2024-05-30T15:16:30,84.481956,-57.006100,nan
2024-05-30T15:16:30,84.481918,-57.005848,nan
2024-05-30T15:16:29,84.481895,-57.005600,nan
2024-05-30T15:16:29,84.481857,-57.005352,nan
2024-05-30T15:16:28,84.481827,-57.005104,nan
2024-05-30T15:16:28,84.481796,-57.004856,nan
2024-05-30T15:16:27,84.481766,-57.004608,nan
2024-05-30T15:16:27,84.481735,-57.004360,nan
2024-05-30T15:16:26,84.481705,-57.004112,nan
2024-05-30T15:16:26,84.481674,-57.003864,nan
2024-05-30T15:16:25,84.481644,-57.003616,nan
2024-05-30T15:16:25,84.481613,-57.003361,nan
2024-05-30T15:16:24,84.481575,-57.003109,nan
2024-05-30T15:16:24,84.481544,-57.002857,nan
2024-05-30T15:16:23,84.481514,-57.002605,nan
2024-05-30T15:16:23,84.481476,-57.002346,nan
2024-05-30T15:16:22,84.481445,-57.002094,nan
2024-05-30T15:16:22,84.481415,-57.001842,nan
2024-05-30T15:16:20,84.481308,-57.001083,nan
2024-05-30T15:16:20,84.481277,-57.000828,nan
2024-05-30T15:16:19,84.481239,-57.000576,nan
2024-05-30T15:16:19,84.481201,-57.000324,nan
2024-05-30T15:16:18,84.481171,-57.000072,nan
2024-05-30T15:16:18,84.481133,-56.999821,nan
2024-05-30T15:16:17,84.481094,-56.999573,nan
2024-05-30T15:16:17,84.481056,-56.999325,nan
2024-05-30T15:16:16,84.481018,-56.999069,nan
2024-05-30T15:16:16,84.480980,-56.998817,nan
2024-05-30T15:16:15,84.480942,-56.998562,nan
2024-05-30T15:16:15,84.480904,-56.998306,nan
2024-05-30T15:16:14,84.480865,-56.998047,nan
2024-05-30T15:16:14,84.480827,-56.997776,nan
2024-05-30T15:16:13,84.480789,-56.997505,nan
2024-05-30T15:16:13,84.480743,-56.997231,nan
2024-05-30T15:16:12,84.480705,-56.996948,nan
2024-05-30T15:16:12,84.480667,-56.996662,nan
2024-05-30T15:16:11,84.480629,-56.996380,nan
2024-05-30T15:16:11,84.480591,-56.996090,nan
2024-05-30T15:16:10,84.480553,-56.995796,nan
2024-05-30T15:16:10,84.480515,-56.995499,nan
2024-05-30T15:16:09,84.480469,-56.995197,nan
2024-05-30T15:16:09,84.480431,-56.994892,nan
2024-05-30T15:16:08,84.480347,-56.994274,nan
2024-05-30T15:16:07,84.480309,-56.993954,nan
2024-05-30T15:16:07,84.480270,-56.993626,nan
2024-05-30T15:16:06,84.480225,-56.993290,nan
2024-05-30T15:16:06,84.480186,-56.992943,nan
2024-05-30T15:16:05,84.480141,-56.992588,nan
2024-05-30T15:16:05,84.480103,-56.992229,nan
2024-05-30T15:16:04,84.480057,-56.991871,nan
2024-05-30T15:16:04,84.480019,-56.991508,nan
2024-05-30T15:16:03,84.479973,-56.991138,nan
2024-05-30T15:16:03,84.479935,-56.990765,nan
2024-05-30T15:16:02,84.479889,-56.990391,nan
2024-05-30T15:16:02,84.479851,-56.990009,nan
2024-05-30T15:16:01,84.479805,-56.989620,nan
2024-05-30T15:16:01,84.479767,-56.989231,nan
2024-05-30T15:16:00,84.479721,-56.988838,nan
2024-05-30T15:16:00,84.479683,-56.988441,nan
2024-05-30T15:15:59,84.479637,-56.988037,nan
2024-05-30T15:15:59,84.479599,-56.987633,nan
2024-05-30T15:15:58,84.479553,-56.987225,nan
2024-05-30T15:15:58,84.479515,-56.986809,nan
2024-05-30T15:15:57,84.479469,-56.986389,nan
2024-05-30T15:15:57,84.479431,-56.985962,nan
2024-05-30T15:15:56,84.479385,-56.985527,nan
2024-05-30T15:15:56,84.479347,-56.985085,nan
2024-05-30T15:15:55,84.479301,-56.984642,nan
2024-05-30T15:15:55,84.479256,-56.984196,nan
2024-05-30T15:15:54,84.479218,-56.983738,nan
2024-05-30T15:15:54,84.479172,-56.983276,nan
2024-05-30T15:15:53,84.479126,-56.982811,nan
2024-05-30T15:15:53,84.479080,-56.982342,nan
2024-05-30T15:15:52,84.479034,-56.981865,nan
2024-05-30T15:15:52,84.478989,-56.981384,nan
2024-05-30T15:15:51,84.478943,-56.980907,nan
2024-05-30T15:15:51,84.478905,-56.980431,nan
2024-05-30T15:15:50,84.478851,-56.979954,nan
2024-05-30T15:15:50,84.478813,-56.979481,nan
2024-05-30T15:15:49,84.478767,-56.979012,nan
2024-05-30T15:15:48,84.478676,-56.978085,nan
2024-05-30T15:15:47,84.478584,-56.977158,nan
2024-05-30T15:15:47,84.478539,-56.976700,nan
2024-05-30T15:15:46,84.478493,-56.976246,nan
2024-05-30T15:15:46,84.478455,-56.975784,nan
2024-05-30T15:15:45,84.478409,-56.975327,nan
2024-05-30T15:15:45,84.478363,-56.974873,nan
2024-05-30T15:15:44,84.478317,-56.974422,nan
2024-05-30T15:15:44,84.478279,-56.973969,nan
2024-05-30T15:15:43,84.478233,-56.973515,nan
2024-05-30T15:15:43,84.478188,-56.973068,nan
2024-05-30T15:15:42,84.478149,-56.972626,nan
2024-05-30T15:15:42,84.478104,-56.972183,nan
2024-05-30T15:15:41,84.478058,-56.971741,nan
2024-05-30T15:15:41,84.478020,-56.971298,nan
2024-05-30T15:15:40,84.477974,-56.970863,nan
2024-05-30T15:15:40,84.477936,-56.970425,nan
2024-05-30T15:15:39,84.477890,-56.969986,nan
2024-05-30T15:15:39,84.477852,-56.969547,nan
2024-05-30T15:15:38,84.477814,-56.969116,nan
2024-05-30T15:15:38,84.477768,-56.968693,nan
2024-05-30T15:15:37,84.477730,-56.968266,nan
2024-05-30T15:15:37,84.477684,-56.967846,nan
2024-05-30T15:15:36,84.477646,-56.967438,nan
2024-05-30T15:15:36,84.477600,-56.967037,nan
2024-05-30T15:15:35,84.477562,-56.966644,nan
2024-05-30T15:15:35,84.477516,-56.966255,nan
2024-05-30T15:15:34,84.477470,-56.965870,nan
2024-05-30T15:15:34,84.477432,-56.965488,nan
2024-05-30T15:15:33,84.477386,-56.965115,nan
2024-05-30T15:15:33,84.477341,-56.964745,nan
2024-05-30T15:15:32,84.477295,-56.964382,nan
2024-05-30T15:15:32,84.477257,-56.964027,nan
2024-05-30T15:15:31,84.477211,-56.963673,nan
2024-05-30T15:15:31,84.477165,-56.963322,nan
2024-05-30T15:15:30,84.477119,-56.962978,nan
2024-05-30T15:15:30,84.477074,-56.962639,nan
2024-05-30T15:15:29,84.477028,-56.962299,nan
2024-05-30T15:15:29,84.476982,-56.961967,nan
2024-05-30T15:15:28,84.476936,-56.961632,nan
2024-05-30T15:15:28,84.476891,-56.961304,nan
2024-05-30T15:15:27,84.476845,-56.960976,nan
2024-05-30T15:15:27,84.476791,-56.960651,nan
2024-05-30T15:15:26,84.476746,-56.960323,nan
2024-05-30T15:15:26,84.476700,-56.959995,nan
2024-05-30T15:15:25,84.476654,-56.959671,nan
2024-05-30T15:15:25,84.476608,-56.959351,nan
2024-05-30T15:15:24,84.476562,-56.959030,nan
2024-05-30T15:15:24,84.476517,-56.958706,nan
2024-05-30T15:15:23,84.476463,-56.958389,nan
2024-05-30T15:15:23,84.476418,-56.958073,nan
2024-05-30T15:15:22,84.476372,-56.957752,nan
2024-05-30T15:15:22,84.476326,-56.957436,nan
2024-05-30T15:15:21,84.476273,-56.957123,nan
2024-05-30T15:15:21,84.476227,-56.956810,nan
2024-05-30T15:15:20,84.476181,-56.956497,nan
2024-05-30T15:15:20,84.476135,-56.956181,nan
2024-05-30T15:15:19,84.476082,-56.955864,nan
2024-05-30T15:15:19,84.476036,-56.955547,nan
2024-05-30T15:15:18,84.475990,-56.955219,nan
2024-05-30T15:15:18,84.475945,-56.954891,nan
2024-05-30T15:15:17,84.475891,-56.954563,nan
2024-05-30T15:15:17,84.475845,-56.954231,nan
2024-05-30T15:15:16,84.475800,-56.953888,nan
2024-05-30T15:15:16,84.475754,-56.953537,nan
2024-05-30T15:15:15,84.475700,-56.953190,nan
2024-05-30T15:15:15,84.475655,-56.952839,nan
2024-05-30T15:15:14,84.475609,-56.952480,nan
2024-05-30T15:15:14,84.475555,-56.952122,nan
2024-05-30T15:15:13,84.475510,-56.951763,nan
2024-05-30T15:15:13,84.475464,-56.951405,nan
2024-05-30T15:15:12,84.475418,-56.951042,nan
2024-05-30T15:15:12,84.475365,-56.950680,nan
2024-05-30T15:15:11,84.475319,-56.950317,nan
2024-05-30T15:15:11,84.475273,-56.949947,nan
2024-05-30T15:15:10,84.475220,-56.949574,nan
2024-05-30T15:15:10,84.475174,-56.949196,nan
2024-05-30T15:15:09,84.475128,-56.948814,nan
2024-05-30T15:15:09,84.475075,-56.948429,nan
2024-05-30T15:15:08,84.475029,-56.948048,nan
2024-05-30T15:15:08,84.474976,-56.947659,nan
2024-05-30T15:15:07,84.474930,-56.947269,nan
2024-05-30T15:15:07,84.474884,-56.946877,nan
2024-05-30T15:15:06,84.474831,-56.946480,nan
2024-05-30T15:15:06,84.474777,-56.946087,nan
2024-05-30T15:15:05,84.474731,-56.945694,nan
2024-05-30T15:15:05,84.474686,-56.945305,nan
2024-05-30T15:15:04,84.474632,-56.944916,nan
2024-05-30T15:15:04,84.474586,-56.944527,nan
2024-05-30T15:15:03,84.474533,-56.944145,nan
2024-05-30T15:15:03,84.474480,-56.943764,nan
2024-05-30T15:15:02,84.474434,-56.943382,nan
2024-05-30T15:15:02,84.474388,-56.943001,nan
2024-05-30T15:15:01,84.474335,-56.942623,nan
2024-05-30T15:15:01,84.474289,-56.942245,nan
2024-05-30T15:15:00,84.474236,-56.941872,nan
2024-05-30T15:15:00,84.474190,-56.941502,nan
2024-05-30T15:14:59,84.474144,-56.941128,nan
2024-05-30T15:14:59,84.474091,-56.940765,nan
2024-05-30T15:14:58,84.474045,-56.940395,nan
2024-05-30T15:14:58,84.473999,-56.940025,nan
2024-05-30T15:14:57,84.473953,-56.939663,nan
2024-05-30T15:14:57,84.473907,-56.939297,nan
2024-05-30T15:14:56,84.473862,-56.938934,nan
2024-05-30T15:14:56,84.473816,-56.938568,nan
2024-05-30T15:14:55,84.473770,-56.938206,nan
2024-05-30T15:14:55,84.473724,-56.937851,nan
2024-05-30T15:14:54,84.473679,-56.937496,nan
2024-05-30T15:14:54,84.473633,-56.937141,nan
2024-05-30T15:14:53,84.473595,-56.936790,nan
2024-05-30T15:14:53,84.473549,-56.936443,nan
2024-05-30T15:14:52,84.473503,-56.936096,nan
2024-05-30T15:14:52,84.473457,-56.935753,nan
2024-05-30T15:14:51,84.473412,-56.935413,nan
2024-05-30T15:14:51,84.473366,-56.935078,nan
2024-05-30T15:14:50,84.473320,-56.934742,nan
2024-05-30T15:14:50,84.473274,-56.934402,nan
2024-05-30T15:14:49,84.473228,-56.934067,nan
2024-05-30T15:14:49,84.473190,-56.933731,nan
2024-05-30T15:14:48,84.473145,-56.933395,nan
2024-05-30T15:14:48,84.473099,-56.933060,nan
2024-05-30T15:14:47,84.473053,-56.932720,nan
2024-05-30T15:14:47,84.473007,-56.932384,nan
2024-05-30T15:14:46,84.472961,-56.932041,nan
2024-05-30T15:14:46,84.472916,-56.931705,nan
2024-05-30T15:14:45,84.472870,-56.931355,nan
2024-05-30T15:14:45,84.472832,-56.931000,nan
2024-05-30T15:14:44,84.472778,-56.930637,nan
2024-05-30T15:14:44,84.472733,-56.930271,nan
2024-05-30T15:14:43,84.472687,-56.929897,nan
2024-05-30T15:14:43,84.472641,-56.929512,nan
2024-05-30T15:14:42,84.472595,-56.929123,nan
2024-05-30T15:14:42,84.472549,-56.928726,nan
2024-05-30T15:14:41,84.472504,-56.928322,nan
2024-05-30T15:14:41,84.472458,-56.927910,nan
2024-05-30T15:14:40,84.472404,-56.927494,nan
2024-05-30T15:14:40,84.472359,-56.927078,nan
2024-05-30T15:14:39,84.472313,-56.926659,nan
2024-05-30T15:14:39,84.472260,-56.926239,nan
2024-05-30T15:14:38,84.472214,-56.925816,nan
2024-05-30T15:14:38,84.472160,-56.925392,nan
2024-05-30T15:14:37,84.472115,-56.924953,nan
2024-05-30T15:14:37,84.472061,-56.924507,nan
2024-05-30T15:14:36,84.472008,-56.924061,nan
2024-05-30T15:14:36,84.471962,-56.923603,nan
2024-05-30T15:14:35,84.471909,-56.923138,nan
2024-05-30T15:14:35,84.471863,-56.922665,nan
2024-05-30T15:14:34,84.471809,-56.922192,nan
2024-05-30T15:14:34,84.471756,-56.921707,nan
2024-05-30T15:14:33,84.471703,-56.921219,nan
2024-05-30T15:14:33,84.471657,-56.920731,nan
2024-05-30T15:14:32,84.471603,-56.920238,nan
2024-05-30T15:14:32,84.471550,-56.919750,nan
2024-05-30T15:14:31,84.471497,-56.919258,nan
2024-05-30T15:14:31,84.471443,-56.918762,nan
2024-05-30T15:14:30,84.471390,-56.918262,nan
2024-05-30T15:14:30,84.471336,-56.917763,nan
2024-05-30T15:14:29,84.471283,-56.917252,nan
2024-05-30T15:14:29,84.471222,-56.916744,nan
2024-05-30T15:14:28,84.471169,-56.916229,nan
2024-05-30T15:14:28,84.471115,-56.915714,nan
2024-05-30T15:14:27,84.471062,-56.915188,nan
2024-05-30T15:14:27,84.471008,-56.914665,nan
2024-05-30T15:14:26,84.470947,-56.914146,nan
2024-05-30T15:14:26,84.470894,-56.913628,nan
2024-05-30T15:14:25,84.470840,-56.913109,nan
2024-05-30T15:14:25,84.470787,-56.912586,nan
2024-05-30T15:14:24,84.470726,-56.912071,nan
2024-05-30T15:14:24,84.470673,-56.911549,nan
2024-05-30T15:14:23,84.470612,-56.911018,nan
2024-05-30T15:14:23,84.470558,-56.910492,nan
2024-05-30T15:14:22,84.470497,-56.909962,nan
2024-05-30T15:14:22,84.470436,-56.909435,nan
2024-05-30T15:14:21,84.470375,-56.908901,nan
2024-05-30T15:14:21,84.470322,-56.908371,nan
2024-05-30T15:14:20,84.470261,-56.907841,nan
2024-05-30T15:14:20,84.470192,-56.907307,nan
2024-05-30T15:14:19,84.470131,-56.906769,nan
2024-05-30T15:14:19,84.470070,-56.906227,nan
2024-05-30T15:14:18,84.470001,-56.905678,nan
2024-05-30T15:14:18,84.469940,-56.905121,nan
2024-05-30T15:14:17,84.469872,-56.904560,nan
2024-05-30T15:14:17,84.469803,-56.903992,nan
2024-05-30T15:14:16,84.469734,-56.903427,nan
2024-05-30T15:14:16,84.469666,-56.902855,nan
2024-05-30T15:14:15,84.469597,-56.902279,nan
2024-05-30T15:14:15,84.469528,-56.901707,nan
2024-05-30T15:14:14,84.469452,-56.901134,nan
2024-05-30T15:14:14,84.469383,-56.900551,nan
2024-05-30T15:14:13,84.469307,-56.899967,nan
2024-05-30T15:14:13,84.469238,-56.899380,nan
2024-05-30T15:14:12,84.469162,-56.898796,nan
2024-05-30T15:14:12,84.469086,-56.898209,nan
2024-05-30T15:14:11,84.469009,-56.897617,nan
2024-05-30T15:14:11,84.468941,-56.897026,nan
2024-05-30T15:14:10,84.468864,-56.896427,nan
2024-05-30T15:14:10,84.468788,-56.895821,nan
2024-05-30T15:14:09,84.468712,-56.895206,nan
2024-05-30T15:14:09,84.468636,-56.894596,nan
2024-05-30T15:14:08,84.468552,-56.893990,nan
2024-05-30T15:14:08,84.468475,-56.893387,nan
2024-05-30T15:14:07,84.468399,-56.892788,nan
2024-05-30T15:14:07,84.468323,-56.892193,nan
2024-05-30T15:14:06,84.468246,-56.891605,nan
2024-05-30T15:14:06,84.468170,-56.891018,nan
2024-05-30T15:14:05,84.468086,-56.890438,nan
2024-05-30T15:14:05,84.468010,-56.889862,nan
2024-05-30T15:14:04,84.467934,-56.889286,nan
2024-05-30T15:14:04,84.467857,-56.888714,nan
2024-05-30T15:14:03,84.467773,-56.888149,nan
2024-05-30T15:14:03,84.467697,-56.887585,nan
2024-05-30T15:14:02,84.467621,-56.887020,nan
2024-05-30T15:14:02,84.467545,-56.886467,nan
2024-05-30T15:14:01,84.467461,-56.885914,nan
2024-05-30T15:14:01,84.467384,-56.885365,nan
2024-05-30T15:14:00,84.467300,-56.884815,nan
2024-05-30T15:14:00,84.467224,-56.884274,nan
2024-05-30T15:13:59,84.467148,-56.883732,nan
2024-05-30T15:13:59,84.467064,-56.883186,nan
2024-05-30T15:13:58,84.466988,-56.882645,nan
2024-05-30T15:13:58,84.466904,-56.882099,nan
2024-05-30T15:13:57,84.466827,-56.881557,nan
2024-05-30T15:13:57,84.466743,-56.881001,nan
2024-05-30T15:13:56,84.466667,-56.880440,nan
2024-05-30T15:13:56,84.466583,-56.879871,nan
2024-05-30T15:13:55,84.466499,-56.879288,nan
2024-05-30T15:13:55,84.466423,-56.878689,nan
2024-05-30T15:13:54,84.466339,-56.878086,nan
2024-05-30T15:13:54,84.466255,-56.877468,nan
2024-05-30T15:13:53,84.466171,-56.876842,nan
2024-05-30T15:13:53,84.466087,-56.876205,nan
2024-05-30T15:13:52,84.466003,-56.875576,nan
2024-05-30T15:13:52,84.465919,-56.874943,nan
2024-05-30T15:13:51,84.465836,-56.874306,nan
2024-05-30T15:13:51,84.465752,-56.873669,nan
2024-05-30T15:13:50,84.465668,-56.873028,nan
2024-05-30T15:13:50,84.465584,-56.872391,nan
2024-05-30T15:13:49,84.465500,-56.871750,nan
2024-05-30T15:13:49,84.465416,-56.871105,nan
2024-05-30T15:13:48,84.465332,-56.870461,nan
2024-05-30T15:13:48,84.465248,-56.869820,nan
2024-05-30T15:13:47,84.465164,-56.869171,nan
2024-05-30T15:13:47,84.465080,-56.868526,nan
2024-05-30T15:13:46,84.464996,-56.867882,nan
2024-05-30T15:13:46,84.464912,-56.867233,nan
2024-05-30T15:13:45,84.464828,-56.866585,nan
2024-05-30T15:13:45,84.464745,-56.865929,nan
2024-05-30T15:13:44,84.464661,-56.865273,nan
2024-05-30T15:13:44,84.464577,-56.864609,nan
2024-05-30T15:13:43,84.464500,-56.863941,nan
2024-05-30T15:13:43,84.464417,-56.863266,nan
2024-05-30T15:13:42,84.464333,-56.862583,nan
2024-05-30T15:13:42,84.464249,-56.861897,nan
2024-05-30T15:13:41,84.464172,-56.861210,nan
2024-05-30T15:13:41,84.464088,-56.860516,nan
2024-05-30T15:13:40,84.464005,-56.859818,nan
2024-05-30T15:13:40,84.463921,-56.859119,nan
2024-05-30T15:13:39,84.463844,-56.858421,nan
2024-05-30T15:13:39,84.463760,-56.857719,nan
2024-05-30T15:13:38,84.463676,-56.857014,nan
2024-05-30T15:13:38,84.463593,-56.856308,nan
2024-05-30T15:13:37,84.463509,-56.855598,nan
2024-05-30T15:13:37,84.463425,-56.854885,nan
2024-05-30T15:13:36,84.463348,-56.854176,nan
2024-05-30T15:13:36,84.463264,-56.853462,nan
2024-05-30T15:13:35,84.463181,-56.852757,nan
2024-05-30T15:13:35,84.463097,-56.852047,nan
2024-05-30T15:13:34,84.463013,-56.851337,nan
2024-05-30T15:13:34,84.462929,-56.850632,nan
2024-05-30T15:13:33,84.462845,-56.849922,nan
2024-05-30T15:13:33,84.462761,-56.849213,nan
2024-05-30T15:13:32,84.462677,-56.848503,nan
2024-05-30T15:13:32,84.462593,-56.847790,nan
2024-05-30T15:13:31,84.462509,-56.847076,nan
2024-05-30T15:13:31,84.462418,-56.846355,nan
2024-05-30T15:13:30,84.462334,-56.845638,nan
2024-05-30T15:13:30,84.462250,-56.844921,nan
2024-05-30T15:13:29,84.462166,-56.844200,nan
2024-05-30T15:13:29,84.462082,-56.843475,nan
2024-05-30T15:13:28,84.461998,-56.842754,nan
2024-05-30T15:13:28,84.461906,-56.842030,nan
2024-05-30T15:13:27,84.461823,-56.841305,nan
2024-05-30T15:13:27,84.461739,-56.840584,nan
2024-05-30T15:13:26,84.461647,-56.839863,nan
2024-05-30T15:13:26,84.461563,-56.839142,nan
2024-05-30T15:13:25,84.461479,-56.838421,nan
2024-05-30T15:13:25,84.461388,-56.837704,nan
2024-05-30T15:13:24,84.461304,-56.836983,nan
2024-05-30T15:13:24,84.461220,-56.836254,nan
2024-05-30T15:13:23,84.461128,-56.835526,nan
2024-05-30T15:13:23,84.461044,-56.834793,nan
2024-05-30T15:13:22,84.460960,-56.834049,nan
2024-05-30T15:13:22,84.460869,-56.833305,nan
2024-05-30T15:13:21,84.460785,-56.832561,nan
2024-05-30T15:13:21,84.460701,-56.831814,nan
2024-05-30T15:13:20,84.460609,-56.831055,nan
2024-05-30T15:13:20,84.460526,-56.830299,nan
2024-05-30T15:13:19,84.460442,-56.829544,nan
2024-05-30T15:13:19,84.460350,-56.828789,nan
2024-05-30T15:13:18,84.460266,-56.828033,nan
2024-05-30T15:13:18,84.460175,-56.827286,nan
2024-05-30T15:13:17,84.460083,-56.826538,nan
2024-05-30T15:13:17,84.459999,-56.825787,nan
2024-05-30T15:13:16,84.459908,-56.825047,nan
2024-05-30T15:13:16,84.459816,-56.824306,nan
2024-05-30T15:13:15,84.459724,-56.823559,nan
2024-05-30T15:13:15,84.459633,-56.822819,nan
2024-05-30T15:13:14,84.459541,-56.822075,nan
2024-05-30T15:13:14,84.459450,-56.821331,nan
2024-05-30T15:13:13,84.459358,-56.820587,nan
2024-05-30T15:13:13,84.459267,-56.819843,nan
2024-05-30T15:13:12,84.459167,-56.819103,nan
2024-05-30T15:13:12,84.459076,-56.818359,nan
2024-05-30T15:13:11,84.458984,-56.817619,nan
2024-05-30T15:13:11,84.458893,-56.816875,nan
2024-05-30T15:13:10,84.458801,-56.816128,nan
2024-05-30T15:13:10,84.458710,-56.815380,nan
2024-05-30T15:13:09,84.458611,-56.814629,nan
2024-05-30T15:13:09,84.458519,-56.813869,nan
2024-05-30T15:13:08,84.458427,-56.813110,nan
2024-05-30T15:13:08,84.458328,-56.812347,nan
2024-05-30T15:13:07,84.458237,-56.811584,nan
2024-05-30T15:13:07,84.458138,-56.810814,nan
2024-05-30T15:13:06,84.458046,-56.810040,nan
2024-05-30T15:13:06,84.457954,-56.809261,nan
2024-05-30T15:13:05,84.457855,-56.808479,nan
2024-05-30T15:13:05,84.457764,-56.807693,nan
2024-05-30T15:13:04,84.457672,-56.806911,nan
2024-05-30T15:13:04,84.457581,-56.806126,nan
2024-05-30T15:13:03,84.457481,-56.805336,nan
2024-05-30T15:13:03,84.457390,-56.804550,nan
2024-05-30T15:13:02,84.457298,-56.803764,nan
2024-05-30T15:13:02,84.457207,-56.802971,nan
2024-05-30T15:13:01,84.457115,-56.802177,nan
2024-05-30T15:13:01,84.457016,-56.801384,nan
2024-05-30T15:13:00,84.456924,-56.800587,nan
2024-05-30T15:13:00,84.456833,-56.799778,nan
2024-05-30T15:12:59,84.456734,-56.798973,nan
2024-05-30T15:12:59,84.456642,-56.798168,nan
2024-05-30T15:12:58,84.456551,-56.797363,nan
2024-05-30T15:12:58,84.456451,-56.796558,nan
2024-05-30T15:12:57,84.456352,-56.795761,nan
2024-05-30T15:12:57,84.456261,-56.794964,nan
2024-05-30T15:12:56,84.456161,-56.794170,nan
2024-05-30T15:12:56,84.456062,-56.793388,nan
2024-05-30T15:12:55,84.455971,-56.792603,nan
2024-05-30T15:12:55,84.455872,-56.791821,nan
2024-05-30T15:12:54,84.455772,-56.791042,nan
2024-05-30T15:12:54,84.455673,-56.790260,nan
2024-05-30T15:12:53,84.455574,-56.789478,nan
2024-05-30T15:12:53,84.455467,-56.788700,nan
2024-05-30T15:12:52,84.455368,-56.787918,nan
2024-05-30T15:12:52,84.455269,-56.787132,nan
2024-05-30T15:12:51,84.455162,-56.786343,nan
2024-05-30T15:12:51,84.455063,-56.785549,nan
2024-05-30T15:12:50,84.454964,-56.784752,nan
2024-05-30T15:12:50,84.454857,-56.783947,nan
2024-05-30T15:12:49,84.454758,-56.783134,nan
2024-05-30T15:12:49,84.454651,-56.782322,nan
2024-05-30T15:12:48,84.454544,-56.781506,nan
2024-05-30T15:12:48,84.454445,-56.780682,nan
2024-05-30T15:12:47,84.454338,-56.779858,nan
2024-05-30T15:12:47,84.454231,-56.779022,nan
2024-05-30T15:12:46,84.454132,-56.778183,nan
2024-05-30T15:12:46,84.454025,-56.777344,nan
2024-05-30T15:12:45,84.453926,-56.776497,nan
2024-05-30T15:12:45,84.453819,-56.775654,nan
2024-05-30T15:12:44,84.453720,-56.774799,nan
2024-05-30T15:12:44,84.453613,-56.773952,nan
2024-05-30T15:12:43,84.453514,-56.773102,nan
2024-05-30T15:12:43,84.453407,-56.772243,nan
2024-05-30T15:12:42,84.453308,-56.771381,nan
2024-05-30T15:12:42,84.453201,-56.770512,nan
2024-05-30T15:12:41,84.453102,-56.769634,nan
2024-05-30T15:12:41,84.452995,-56.768757,nan
2024-05-30T15:12:40,84.452896,-56.767872,nan
2024-05-30T15:12:40,84.452789,-56.766979,nan
2024-05-30T15:12:39,84.452682,-56.766079,nan
2024-05-30T15:12:39,84.452583,-56.765182,nan
2024-05-30T15:12:38,84.452477,-56.764278,nan
2024-05-30T15:12:38,84.452377,-56.763371,nan
2024-05-30T15:12:37,84.452271,-56.762463,nan
2024-05-30T15:12:37,84.452164,-56.761555,nan
2024-05-30T15:12:36,84.452065,-56.760635,nan
2024-05-30T15:12:36,84.451965,-56.759716,nan
2024-05-30T15:12:35,84.451859,-56.758801,nan
2024-05-30T15:12:35,84.451759,-56.757877,nan
2024-05-30T15:12:34,84.451653,-56.756954,nan
2024-05-30T15:12:34,84.451553,-56.756031,nan
2024-05-30T15:12:33,84.451447,-56.755100,nan
2024-05-30T15:12:33,84.451347,-56.754169,nan
2024-05-30T15:12:32,84.451248,-56.753242,nan
2024-05-30T15:12:32,84.451149,-56.752312,nan
2024-05-30T15:12:31,84.451042,-56.751381,nan
2024-05-30T15:12:31,84.450943,-56.750458,nan
2024-05-30T15:12:30,84.450844,-56.749538,nan
2024-05-30T15:12:30,84.450737,-56.748619,nan
2024-05-30T15:12:29,84.450638,-56.747704,nan
2024-05-30T15:12:29,84.450539,-56.746792,nan
2024-05-30T15:12:28,84.450432,-56.745876,nan
2024-05-30T15:12:28,84.450333,-56.744961,nan
2024-05-30T15:12:27,84.450233,-56.744049,nan
2024-05-30T15:12:27,84.450127,-56.743130,nan
2024-05-30T15:12:26,84.450027,-56.742210,nan
2024-05-30T15:12:26,84.449921,-56.741287,nan
2024-05-30T15:12:25,84.449821,-56.740360,nan
2024-05-30T15:12:25,84.449722,-56.739433,nan
2024-05-30T15:12:24,84.449615,-56.738506,nan
2024-05-30T15:12:24,84.449516,-56.737572,nan
2024-05-30T15:12:23,84.449409,-56.736641,nan
2024-05-30T15:12:23,84.449303,-56.735710,nan
2024-05-30T15:12:22,84.449203,-56.734776,nan
2024-05-30T15:12:22,84.449097,-56.733845,nan
2024-05-30T15:12:21,84.448990,-56.732918,nan
2024-05-30T15:12:21,84.448883,-56.731991,nan
2024-05-30T15:12:20,84.448776,-56.731068,nan
2024-05-30T15:12:20,84.448669,-56.730148,nan
2024-05-30T15:12:19,84.448563,-56.729225,nan
2024-05-30T15:12:19,84.448456,-56.728310,nan
2024-05-30T15:12:18,84.448341,-56.727394,nan
2024-05-30T15:12:18,84.448235,-56.726482,nan
2024-05-30T15:12:17,84.448128,-56.725571,nan
2024-05-30T15:12:17,84.448021,-56.724667,nan
2024-05-30T15:12:16,84.447906,-56.723759,nan
2024-05-30T15:12:16,84.447800,-56.722855,nan
2024-05-30T15:12:15,84.447693,-56.721951,nan
2024-05-30T15:12:15,84.447586,-56.721043,nan
2024-05-30T15:12:14,84.447479,-56.720127,nan
2024-05-30T15:12:14,84.447372,-56.719208,nan
2024-05-30T15:12:13,84.447266,-56.718288,nan
2024-05-30T15:12:13,84.447151,-56.717358,nan
2024-05-30T15:12:12,84.447044,-56.716427,nan
2024-05-30T15:12:12,84.446938,-56.715488,nan
2024-05-30T15:12:11,84.446823,-56.714554,nan
2024-05-30T15:12:11,84.446716,-56.713612,nan
2024-05-30T15:12:10,84.446602,-56.712669,nan
2024-05-30T15:12:10,84.446487,-56.711723,nan
2024-05-30T15:12:09,84.446373,-56.710773,nan
2024-05-30T15:12:09,84.446259,-56.709820,nan
2024-05-30T15:12:08,84.446144,-56.708866,nan
2024-05-30T15:12:08,84.446030,-56.707916,nan
2024-05-30T15:12:07,84.445908,-56.706959,nan
2024-05-30T15:12:07,84.445793,-56.706001,nan
2024-05-30T15:12:06,84.445679,-56.705048,nan
2024-05-30T15:12:06,84.445557,-56.704090,nan
2024-05-30T15:12:05,84.445435,-56.703129,nan
2024-05-30T15:12:05,84.445312,-56.702171,nan
2024-05-30T15:12:04,84.445190,-56.701214,nan
2024-05-30T15:12:04,84.445076,-56.700253,nan
2024-05-30T15:12:03,84.444954,-56.699299,nan
2024-05-30T15:12:03,84.444832,-56.698341,nan
2024-05-30T15:12:02,84.444710,-56.697388,nan
2024-05-30T15:12:02,84.444588,-56.696438,nan
2024-05-30T15:12:01,84.444466,-56.695492,nan
2024-05-30T15:12:01,84.444344,-56.694542,nan
2024-05-30T15:12:00,84.444221,-56.693600,nan
2024-05-30T15:12:00,84.444099,-56.692661,nan
2024-05-30T15:11:59,84.443977,-56.691730,nan
2024-05-30T15:11:59,84.443855,-56.690804,nan
2024-05-30T15:11:58,84.443733,-56.689888,nan
2024-05-30T15:11:58,84.443611,-56.688976,nan
2024-05-30T15:11:57,84.443481,-56.688076,nan
2024-05-30T15:11:57,84.443359,-56.687183,nan
2024-05-30T15:11:56,84.443237,-56.686298,nan
2024-05-30T15:11:56,84.443115,-56.685417,nan
2024-05-30T15:11:55,84.443001,-56.684536,nan
2024-05-30T15:11:55,84.442871,-56.683655,nan
2024-05-30T15:11:54,84.442749,-56.682777,nan
2024-05-30T15:11:54,84.442627,-56.681900,nan
2024-05-30T15:11:53,84.442505,-56.681023,nan
2024-05-30T15:11:53,84.442383,-56.680145,nan
2024-05-30T15:11:52,84.442253,-56.679272,nan
2024-05-30T15:11:52,84.442131,-56.678398,nan
2024-05-30T15:11:51,84.442009,-56.677532,nan
2024-05-30T15:11:51,84.441887,-56.676670,nan
2024-05-30T15:11:50,84.441757,-56.675812,nan
2024-05-30T15:11:50,84.441635,-56.674957,nan
2024-05-30T15:11:49,84.441513,-56.674103,nan
2024-05-30T15:11:49,84.441391,-56.673256,nan
2024-05-30T15:11:48,84.441269,-56.672421,nan
2024-05-30T15:11:48,84.441147,-56.671593,nan
2024-05-30T15:11:47,84.441032,-56.670769,nan
2024-05-30T15:11:47,84.440910,-56.669949,nan
2024-05-30T15:11:46,84.440796,-56.669132,nan
2024-05-30T15:11:46,84.440681,-56.668316,nan
2024-05-30T15:11:45,84.440559,-56.667500,nan
2024-05-30T15:11:45,84.440445,-56.666679,nan
2024-05-30T15:11:44,84.440331,-56.665852,nan
2024-05-30T15:11:44,84.440216,-56.665028,nan
2024-05-30T15:11:43,84.440102,-56.664192,nan
2024-05-30T15:11:43,84.439995,-56.663357,nan
2024-05-30T15:11:42,84.439880,-56.662518,nan
2024-05-30T15:11:42,84.439774,-56.661667,nan
2024-05-30T15:11:41,84.439659,-56.660812,nan
2024-05-30T15:11:41,84.439552,-56.659958,nan
2024-05-30T15:11:40,84.439445,-56.659100,nan
2024-05-30T15:11:40,84.439339,-56.658245,nan
2024-05-30T15:11:39,84.439232,-56.657394,nan
2024-05-30T15:11:39,84.439133,-56.656544,nan
2024-05-30T15:11:38,84.439026,-56.655701,nan
2024-05-30T15:11:38,84.438919,-56.654865,nan
2024-05-30T15:11:37,84.438820,-56.654026,nan
2024-05-30T15:11:37,84.438721,-56.653194,nan
2024-05-30T15:11:36,84.438614,-56.652370,nan
2024-05-30T15:11:36,84.438515,-56.651546,nan
2024-05-30T15:11:35,84.438416,-56.650730,nan
2024-05-30T15:11:35,84.438316,-56.649918,nan
2024-05-30T15:11:34,84.438217,-56.649101,nan
2024-05-30T15:11:34,84.438118,-56.648289,nan
2024-05-30T15:11:33,84.438019,-56.647476,nan
2024-05-30T15:11:33,84.437927,-56.646664,nan
2024-05-30T15:11:32,84.437828,-56.645859,nan
2024-05-30T15:11:32,84.437729,-56.645058,nan
2024-05-30T15:11:31,84.437637,-56.644264,nan
2024-05-30T15:11:31,84.437538,-56.643490,nan
2024-05-30T15:11:30,84.437447,-56.642712,nan
2024-05-30T15:11:30,84.437347,-56.641949,nan
2024-05-30T15:11:29,84.437256,-56.641193,nan
2024-05-30T15:11:29,84.437157,-56.640446,nan
2024-05-30T15:11:28,84.437065,-56.639709,nan
2024-05-30T15:11:28,84.436966,-56.638981,nan
2024-05-30T15:11:27,84.436867,-56.638260,nan
2024-05-30T15:11:27,84.436768,-56.637543,nan
2024-05-30T15:11:26,84.436668,-56.636826,nan
2024-05-30T15:11:26,84.436569,-56.636112,nan
2024-05-30T15:11:25,84.436470,-56.635410,nan
2024-05-30T15:11:25,84.436371,-56.634708,nan
2024-05-30T15:11:24,84.436272,-56.634014,nan
2024-05-30T15:11:24,84.436172,-56.633327,nan
2024-05-30T15:11:23,84.436073,-56.632645,nan
2024-05-30T15:11:23,84.435982,-56.631966,nan
2024-05-30T15:11:22,84.435883,-56.631298,nan
2024-05-30T15:11:22,84.435783,-56.630627,nan
2024-05-30T15:11:21,84.435692,-56.629963,nan
2024-05-30T15:11:21,84.435600,-56.629307,nan
2024-05-30T15:11:20,84.435509,-56.628647,nan
2024-05-30T15:11:20,84.435417,-56.628002,nan
2024-05-30T15:11:19,84.435326,-56.627357,nan
2024-05-30T15:11:19,84.435234,-56.626724,nan
2024-05-30T15:11:18,84.435143,-56.626110,nan
2024-05-30T15:11:18,84.435051,-56.625504,nan
2024-05-30T15:11:17,84.434967,-56.624916,nan
2024-05-30T15:11:17,84.434875,-56.624344,nan
2024-05-30T15:11:16,84.434784,-56.623775,nan
2024-05-30T15:11:16,84.434700,-56.623211,nan
2024-05-30T15:11:15,84.434608,-56.622654,nan
2024-05-30T15:11:15,84.434517,-56.622101,nan
2024-05-30T15:11:14,84.434433,-56.621548,nan
2024-05-30T15:11:14,84.434349,-56.621002,nan
2024-05-30T15:11:13,84.434258,-56.620453,nan
2024-05-30T15:11:13,84.434174,-56.619904,nan
2024-05-30T15:11:12,84.434090,-56.619358,nan
2024-05-30T15:11:12,84.434006,-56.618816,nan
2024-05-30T15:11:11,84.433922,-56.618271,nan
2024-05-30T15:11:11,84.433846,-56.617733,nan
2024-05-30T15:11:10,84.433762,-56.617191,nan
2024-05-30T15:11:10,84.433685,-56.616650,nan
2024-05-30T15:11:09,84.433609,-56.616112,nan
2024-05-30T15:11:09,84.433525,-56.615566,nan
2024-05-30T15:11:08,84.433449,-56.615021,nan
2024-05-30T15:11:08,84.433372,-56.614475,nan
2024-05-30T15:11:07,84.433296,-56.613922,nan
2024-05-30T15:11:07,84.433220,-56.613361,nan
2024-05-30T15:11:06,84.433144,-56.612801,nan
2024-05-30T15:11:06,84.433060,-56.612225,nan
2024-05-30T15:11:05,84.432983,-56.611645,nan
2024-05-30T15:11:05,84.432907,-56.611057,nan
2024-05-30T15:11:04,84.432831,-56.610458,nan
2024-05-30T15:11:04,84.432762,-56.609848,nan
2024-05-30T15:11:03,84.432686,-56.609234,nan
2024-05-30T15:11:03,84.432610,-56.608604,nan
2024-05-30T15:11:02,84.432541,-56.607967,nan
2024-05-30T15:11:02,84.432465,-56.607319,nan
2024-05-30T15:11:01,84.432396,-56.606663,nan
2024-05-30T15:11:01,84.432327,-56.605991,nan
2024-05-30T15:11:00,84.432251,-56.605316,nan
2024-05-30T15:11:00,84.432182,-56.604633,nan
2024-05-30T15:10:59,84.432114,-56.603947,nan
2024-05-30T15:10:59,84.432037,-56.603260,nan
2024-05-30T15:10:58,84.431969,-56.602573,nan
2024-05-30T15:10:58,84.431892,-56.601883,nan
2024-05-30T15:10:57,84.431824,-56.601196,nan
2024-05-30T15:10:57,84.431755,-56.600513,nan
2024-05-30T15:10:56,84.431679,-56.599831,nan
2024-05-30T15:10:56,84.431610,-56.599152,nan
2024-05-30T15:10:55,84.431534,-56.598476,nan
2024-05-30T15:10:55,84.431465,-56.597805,nan
2024-05-30T15:10:54,84.431396,-56.597141,nan
2024-05-30T15:10:54,84.431328,-56.596485,nan
2024-05-30T15:10:53,84.431252,-56.595829,nan
2024-05-30T15:10:53,84.431183,-56.595173,nan
2024-05-30T15:10:52,84.431114,-56.594513,nan
2024-05-30T15:10:52,84.431046,-56.593842,nan
2024-05-30T15:10:51,84.430977,-56.593166,nan
2024-05-30T15:10:51,84.430901,-56.592476,nan
2024-05-30T15:10:50,84.430832,-56.591782,nan
2024-05-30T15:10:50,84.430763,-56.591076,nan
2024-05-30T15:10:49,84.430695,-56.590366,nan
2024-05-30T15:10:49,84.430626,-56.589645,nan
2024-05-30T15:10:48,84.430550,-56.588921,nan
2024-05-30T15:10:48,84.430481,-56.588188,nan
2024-05-30T15:10:47,84.430412,-56.587448,nan
2024-05-30T15:10:47,84.430344,-56.586712,nan
2024-05-30T15:10:46,84.430275,-56.585960,nan
2024-05-30T15:10:46,84.430199,-56.585220,nan
2024-05-30T15:10:45,84.430130,-56.584473,nan
2024-05-30T15:10:45,84.430061,-56.583729,nan
2024-05-30T15:10:44,84.429993,-56.582996,nan
2024-05-30T15:10:44,84.429916,-56.582279,nan
2024-05-30T15:10:43,84.429848,-56.581573,nan
2024-05-30T15:10:43,84.429771,-56.580883,nan
2024-05-30T15:10:42,84.429703,-56.580204,nan
2024-05-30T15:10:42,84.429626,-56.579536,nan
2024-05-30T15:10:41,84.429558,-56.578888,nan
2024-05-30T15:10:41,84.429482,-56.578247,nan
2024-05-30T15:10:40,84.429405,-56.577618,nan
2024-05-30T15:10:40,84.429337,-56.576996,nan
2024-05-30T15:10:39,84.429260,-56.576378,nan
2024-05-30T15:10:39,84.429192,-56.575768,nan
2024-05-30T15:10:38,84.429123,-56.575157,nan
2024-05-30T15:10:38,84.429047,-56.574551,nan
2024-05-30T15:10:37,84.428978,-56.573948,nan
2024-05-30T15:10:37,84.428909,-56.573341,nan
2024-05-30T15:10:36,84.428833,-56.572731,nan
2024-05-30T15:10:36,84.428764,-56.572117,nan
2024-05-30T15:10:35,84.428696,-56.571495,nan
2024-05-30T15:10:35,84.428619,-56.570869,nan
2024-05-30T15:10:34,84.428551,-56.570240,nan
2024-05-30T15:10:34,84.428474,-56.569603,nan
2024-05-30T15:10:33,84.428406,-56.568966,nan
2024-05-30T15:10:33,84.428329,-56.568321,nan
2024-05-30T15:10:32,84.428261,-56.567684,nan
2024-05-30T15:10:32,84.428185,-56.567036,nan
2024-05-30T15:10:31,84.428108,-56.566387,nan
2024-05-30T15:10:31,84.428040,-56.565735,nan
2024-05-30T15:10:30,84.427963,-56.565086,nan
2024-05-30T15:10:30,84.427887,-56.564434,nan
2024-05-30T15:10:29,84.427811,-56.563778,nan
2024-05-30T15:10:29,84.427734,-56.563126,nan
2024-05-30T15:10:28,84.427658,-56.562466,nan
2024-05-30T15:10:28,84.427582,-56.561806,nan
2024-05-30T15:10:27,84.427505,-56.561150,nan
2024-05-30T15:10:27,84.427429,-56.560482,nan
2024-05-30T15:10:26,84.427345,-56.559818,nan
2024-05-30T15:10:26,84.427269,-56.559155,nan
2024-05-30T15:10:25,84.427193,-56.558487,nan
2024-05-30T15:10:25,84.427109,-56.557823,nan
2024-05-30T15:10:24,84.427025,-56.557163,nan
2024-05-30T15:10:24,84.426949,-56.556496,nan
2024-05-30T15:10:23,84.426865,-56.555832,nan
2024-05-30T15:10:23,84.426781,-56.555168,nan
2024-05-30T15:10:22,84.426704,-56.554508,nan
2024-05-30T15:10:22,84.426620,-56.553856,nan
2024-05-30T15:10:21,84.426537,-56.553211,nan
2024-05-30T15:10:21,84.426453,-56.552574,nan
2024-05-30T15:10:20,84.426369,-56.551956,nan
2024-05-30T15:10:20,84.426292,-56.551353,nan
2024-05-30T15:10:19,84.426208,-56.550774,nan
2024-05-30T15:10:19,84.426132,-56.550198,nan
2024-05-30T15:10:18,84.426056,-56.549641,nan
2024-05-30T15:10:18,84.425980,-56.549095,nan
2024-05-30T15:10:17,84.425903,-56.548561,nan
2024-05-30T15:10:17,84.425827,-56.548038,nan
2024-05-30T15:10:16,84.425758,-56.547531,nan
2024-05-30T15:10:16,84.425682,-56.547035,nan
2024-05-30T15:10:15,84.425613,-56.546551,nan
2024-05-30T15:10:15,84.425537,-56.546078,nan
2024-05-30T15:10:14,84.425468,-56.545620,nan
2024-05-30T15:10:14,84.425400,-56.545170,nan
2024-05-30T15:10:13,84.425331,-56.544731,nan
2024-05-30T15:10:13,84.425262,-56.544300,nan
2024-05-30T15:10:12,84.425194,-56.543873,nan
2024-05-30T15:10:12,84.425117,-56.543453,nan
2024-05-30T15:10:11,84.425049,-56.543022,nan
2024-05-30T15:10:11,84.424980,-56.542595,nan
2024-05-30T15:10:10,84.424911,-56.542168,nan
2024-05-30T15:10:10,84.424843,-56.541733,nan
2024-05-30T15:10:09,84.424774,-56.541302,nan
2024-05-30T15:10:09,84.424706,-56.540859,nan
2024-05-30T15:10:08,84.424629,-56.540409,nan
2024-05-30T15:10:08,84.424561,-56.539963,nan
2024-05-30T15:10:07,84.424484,-56.539497,nan
2024-05-30T15:10:07,84.424416,-56.539032,nan
2024-05-30T15:10:06,84.424339,-56.538559,nan
2024-05-30T15:10:06,84.424263,-56.538074,nan
2024-05-30T15:10:05,84.424187,-56.537590,nan
2024-05-30T15:10:05,84.424118,-56.537102,nan
2024-05-30T15:10:04,84.424042,-56.536613,nan
2024-05-30T15:10:04,84.423965,-56.536121,nan
2024-05-30T15:10:03,84.423889,-56.535629,nan
2024-05-30T15:10:03,84.423813,-56.535137,nan
2024-05-30T15:10:02,84.423744,-56.534645,nan
2024-05-30T15:10:02,84.423668,-56.534161,nan
2024-05-30T15:10:01,84.423592,-56.533669,nan
2024-05-30T15:10:01,84.423523,-56.533184,nan
2024-05-30T15:10:00,84.423454,-56.532700,nan
2024-05-30T15:10:00,84.423386,-56.532207,nan
2024-05-30T15:09:59,84.423309,-56.531715,nan
2024-05-30T15:09:59,84.423241,-56.531212,nan
2024-05-30T15:09:58,84.423172,-56.530708,nan
2024-05-30T15:09:58,84.423103,-56.530190,nan
2024-05-30T15:09:57,84.423042,-56.529663,nan
2024-05-30T15:09:57,84.422974,-56.529129,nan
2024-05-30T15:09:56,84.422905,-56.528587,nan
2024-05-30T15:09:56,84.422836,-56.528034,nan
2024-05-30T15:09:55,84.422768,-56.527477,nan
2024-05-30T15:09:55,84.422699,-56.526909,nan
2024-05-30T15:09:54,84.422630,-56.526329,nan
2024-05-30T15:09:54,84.422569,-56.525738,nan
2024-05-30T15:09:53,84.422501,-56.525139,nan
2024-05-30T15:09:53,84.422440,-56.524529,nan
2024-05-30T15:09:52,84.422379,-56.523918,nan
2024-05-30T15:09:52,84.422310,-56.523308,nan
2024-05-30T15:09:51,84.422249,-56.522694,nan
2024-05-30T15:09:51,84.422188,-56.522091,nan
2024-05-30T15:09:50,84.422119,-56.521488,nan
2024-05-30T15:09:50,84.422058,-56.520897,nan
2024-05-30T15:09:49,84.421989,-56.520302,nan
2024-05-30T15:09:49,84.421928,-56.519707,nan
2024-05-30T15:09:48,84.421860,-56.519104,nan
2024-05-30T15:09:48,84.421791,-56.518509,nan
2024-05-30T15:09:47,84.421730,-56.517914,nan
2024-05-30T15:09:47,84.421661,-56.517326,nan
2024-05-30T15:09:46,84.421593,-56.516750,nan
2024-05-30T15:09:46,84.421532,-56.516186,nan
2024-05-30T15:09:45,84.421463,-56.515629,nan
2024-05-30T15:09:45,84.421394,-56.515079,nan
2024-05-30T15:09:44,84.421326,-56.514538,nan
2024-05-30T15:09:44,84.421265,-56.513996,nan
2024-05-30T15:09:43,84.421196,-56.513454,nan
2024-05-30T15:09:43,84.421135,-56.512909,nan
2024-05-30T15:09:42,84.421066,-56.512371,nan
2024-05-30T15:09:42,84.421005,-56.511826,nan
2024-05-30T15:09:41,84.420952,-56.511280,nan
2024-05-30T15:09:41,84.420891,-56.510735,nan
2024-05-30T15:09:40,84.420837,-56.510197,nan
2024-05-30T15:09:40,84.420776,-56.509663,nan
2024-05-30T15:09:39,84.420723,-56.509151,nan
2024-05-30T15:09:39,84.420662,-56.508656,nan
2024-05-30T15:09:38,84.420609,-56.508179,nan
2024-05-30T15:09:38,84.420547,-56.507713,nan
2024-05-30T15:09:37,84.420494,-56.507263,nan
2024-05-30T15:09:37,84.420441,-56.506832,nan
2024-05-30T15:09:36,84.420387,-56.506420,nan
2024-05-30T15:09:36,84.420334,-56.506020,nan
2024-05-30T15:09:35,84.420280,-56.505623,nan
2024-05-30T15:09:35,84.420235,-56.505230,nan
2024-05-30T15:09:34,84.420181,-56.504837,nan
2024-05-30T15:09:34,84.420135,-56.504433,nan
2024-05-30T15:09:33,84.420090,-56.504025,nan
2024-05-30T15:09:33,84.420044,-56.503616,nan
2024-05-30T15:09:32,84.419998,-56.503204,nan
2024-05-30T15:09:32,84.419952,-56.502789,nan
2024-05-30T15:09:31,84.419907,-56.502357,nan
2024-05-30T15:09:31,84.419861,-56.501926,nan
2024-05-30T15:09:30,84.419823,-56.501484,nan
2024-05-30T15:09:30,84.419777,-56.501030,nan
2024-05-30T15:09:29,84.419731,-56.500576,nan
2024-05-30T15:09:29,84.419685,-56.500114,nan
2024-05-30T15:09:28,84.419647,-56.499638,nan
2024-05-30T15:09:28,84.419601,-56.499149,nan
2024-05-30T15:09:27,84.419556,-56.498653,nan
2024-05-30T15:09:27,84.419518,-56.498146,nan
2024-05-30T15:09:26,84.419472,-56.497650,nan
2024-05-30T15:09:26,84.419426,-56.497143,nan
2024-05-30T15:09:25,84.419388,-56.496632,nan
2024-05-30T15:09:25,84.419342,-56.496124,nan
2024-05-30T15:09:24,84.419296,-56.495613,nan
2024-05-30T15:09:24,84.419258,-56.495106,nan
2024-05-30T15:09:23,84.419212,-56.494610,nan
2024-05-30T15:09:23,84.419167,-56.494125,nan
2024-05-30T15:09:22,84.419128,-56.493649,nan
2024-05-30T15:09:22,84.419083,-56.493179,nan
2024-05-30T15:09:21,84.419044,-56.492722,nan
2024-05-30T15:09:21,84.418999,-56.492268,nan
2024-05-30T15:09:20,84.418961,-56.491817,nan
2024-05-30T15:09:20,84.418922,-56.491375,nan
2024-05-30T15:09:19,84.418877,-56.490940,nan
2024-05-30T15:09:19,84.418839,-56.490505,nan
2024-05-30T15:09:18,84.418800,-56.490070,nan
2024-05-30T15:09:18,84.418755,-56.489635,nan
2024-05-30T15:09:17,84.418716,-56.489201,nan
2024-05-30T15:09:17,84.418671,-56.488762,nan
2024-05-30T15:09:16,84.418633,-56.488319,nan
2024-05-30T15:09:16,84.418587,-56.487885,nan
2024-05-30T15:09:15,84.418541,-56.487453,nan
2024-05-30T15:09:15,84.418503,-56.487026,nan
2024-05-30T15:09:14,84.418457,-56.486610,nan
2024-05-30T15:09:14,84.418411,-56.486198,nan
2024-05-30T15:09:13,84.418373,-56.485794,nan
2024-05-30T15:09:13,84.418327,-56.485394,nan
2024-05-30T15:09:12,84.418282,-56.484997,nan
2024-05-30T15:09:12,84.418243,-56.484600,nan
2024-05-30T15:09:11,84.418198,-56.484207,nan
2024-05-30T15:09:11,84.418159,-56.483829,nan
2024-05-30T15:09:10,84.418114,-56.483448,nan
2024-05-30T15:09:10,84.418076,-56.483070,nan
2024-05-30T15:09:09,84.418030,-56.482689,nan
2024-05-30T15:09:09,84.417992,-56.482319,nan
2024-05-30T15:09:08,84.417953,-56.481941,nan
2024-05-30T15:09:08,84.417915,-56.481571,nan
2024-05-30T15:09:07,84.417870,-56.481201,nan
2024-05-30T15:09:07,84.417831,-56.480827,nan
2024-05-30T15:09:06,84.417793,-56.480450,nan
2024-05-30T15:09:06,84.417755,-56.480076,nan
2024-05-30T15:09:05,84.417709,-56.479706,nan
2024-05-30T15:09:05,84.417671,-56.479328,nan
2024-05-30T15:09:04,84.417633,-56.478951,nan
2024-05-30T15:09:04,84.417587,-56.478577,nan
2024-05-30T15:09:03,84.417549,-56.478191,nan
2024-05-30T15:09:03,84.417503,-56.477814,nan
2024-05-30T15:09:02,84.417465,-56.477428,nan
2024-05-30T15:09:02,84.417419,-56.477036,nan
2024-05-30T15:09:01,84.417381,-56.476639,nan
2024-05-30T15:09:01,84.417343,-56.476219,nan
2024-05-30T15:09:00,84.417297,-56.475803,nan
2024-05-30T15:09:00,84.417259,-56.475376,nan
2024-05-30T15:08:59,84.417221,-56.474937,nan
2024-05-30T15:08:59,84.417175,-56.474483,nan
2024-05-30T15:08:58,84.417130,-56.474033,nan
2024-05-30T15:08:58,84.417084,-56.473564,nan
2024-05-30T15:08:57,84.417030,-56.473110,nan
2024-05-30T15:08:57,84.416985,-56.472607,nan
2024-05-30T15:08:56,84.416939,-56.472115,nan
2024-05-30T15:08:56,84.416878,-56.471619,nan
2024-05-30T15:08:55,84.416832,-56.471119,nan
2024-05-30T15:08:55,84.416779,-56.470566,nan
2024-05-30T15:08:54,84.416733,-56.470024,nan
2024-05-30T15:08:54,84.416679,-56.469463,nan
2024-05-30T15:08:53,84.416626,-56.468887,nan
2024-05-30T15:08:53,84.416573,-56.468300,nan
2024-05-30T15:08:52,84.416519,-56.467705,nan
2024-05-30T15:08:52,84.416451,-56.467049,nan
2024-05-30T15:08:51,84.416382,-56.466389,nan
2024-05-30T15:08:51,84.416321,-56.465790,nan
2024-05-30T15:08:50,84.416245,-56.465092,nan
2024-05-30T15:08:50,84.416145,-56.464279,nan
2024-05-30T15:08:49,84.416046,-56.463406,nan
2024-05-30T15:08:49,84.415955,-56.462593,nan
2024-05-30T15:08:48,84.415810,-56.461426,nan
2024-05-30T15:08:48,84.415672,-56.460293,nan
2024-05-30T15:08:47,84.415558,-56.459267,nan
2024-05-30T15:08:47,84.415428,-56.458012,nan
2024-05-30T15:08:46,84.415314,-56.456673,nan
2024-05-30T15:08:46,84.415199,-56.455215,nan
2024-05-30T15:08:45,84.414818,-56.451500,nan
2024-05-30T15:08:45,84.414314,-56.445740,nan
2024-05-30T15:08:40,84.415207,-56.449516,nan
2024-05-30T15:08:39,84.415939,-56.456551,nan
2024-05-30T15:08:39,84.416664,-56.462566,nan
