datetime,lat,lon,elev
2024-06-03T14:47:28,84.204811,-45.668201,nan
2024-06-03T14:47:27,84.204803,-45.668571,nan
2024-06-03T14:47:27,84.204788,-45.668964,nan
2024-06-03T14:47:26,84.204773,-45.669365,nan
2024-06-03T14:47:26,84.204758,-45.669765,nan
2024-06-03T14:47:25,84.204735,-45.670570,nan
2024-06-03T14:47:24,84.204720,-45.670982,nan
2024-06-03T14:47:24,84.204704,-45.671394,nan
2024-06-03T14:47:23,84.204689,-45.671814,nan
2024-06-03T14:47:23,84.204674,-45.672237,nan
2024-06-03T14:47:22,84.204666,-45.672665,nan
2024-06-03T14:47:22,84.204651,-45.673088,nan
2024-06-03T14:47:21,84.204643,-45.673515,nan
2024-06-03T14:47:21,84.204628,-45.673950,nan
2024-06-03T14:47:20,84.204620,-45.674381,nan
2024-06-03T14:47:20,84.204605,-45.674816,nan
2024-06-03T14:47:19,84.204597,-45.675251,nan
2024-06-03T14:47:19,84.204582,-45.675686,nan
2024-06-03T14:47:18,84.204575,-45.676117,nan
2024-06-03T14:47:18,84.204559,-45.676548,nan
2024-06-03T14:47:17,84.204544,-45.676979,nan
2024-06-03T14:47:17,84.204536,-45.677410,nan
2024-06-03T14:47:16,84.204521,-45.677837,nan
2024-06-03T14:47:16,84.204514,-45.678261,nan
2024-06-03T14:47:15,84.204498,-45.678680,nan
2024-06-03T14:47:15,84.204491,-45.679104,nan
2024-06-03T14:47:14,84.204475,-45.679527,nan
2024-06-03T14:47:14,84.204468,-45.679947,nan
2024-06-03T14:47:13,84.204460,-45.680367,nan
2024-06-03T14:47:13,84.204453,-45.680794,nan
2024-06-03T14:47:12,84.204437,-45.681221,nan
2024-06-03T14:47:11,84.204422,-45.682079,nan
2024-06-03T14:47:11,84.204414,-45.682510,nan
2024-06-03T14:47:10,84.204407,-45.682941,nan
2024-06-03T14:47:10,84.204399,-45.683372,nan
2024-06-03T14:47:09,84.204391,-45.683807,nan
2024-06-03T14:47:09,84.204384,-45.684246,nan
2024-06-03T14:47:08,84.204376,-45.684689,nan
2024-06-03T14:47:08,84.204369,-45.685135,nan
2024-06-03T14:47:07,84.204361,-45.685581,nan
2024-06-03T14:47:07,84.204353,-45.686031,nan
2024-06-03T14:47:06,84.204346,-45.686485,nan
2024-06-03T14:47:06,84.204346,-45.686932,nan
2024-06-03T14:47:05,84.204338,-45.687370,nan
2024-06-03T14:47:05,84.204338,-45.687801,nan
2024-06-03T14:47:04,84.204330,-45.688232,nan
2024-06-03T14:47:04,84.204330,-45.688656,nan
2024-06-03T14:47:03,84.204330,-45.689079,nan
2024-06-03T14:47:03,84.204330,-45.689495,nan
2024-06-03T14:47:02,84.204330,-45.689903,nan
2024-06-03T14:47:02,84.204330,-45.690308,nan
2024-06-03T14:47:01,84.204330,-45.690716,nan
2024-06-03T14:47:01,84.204330,-45.691120,nan
2024-06-03T14:47:00,84.204330,-45.691536,nan
2024-06-03T14:47:00,84.204323,-45.691956,nan
2024-06-03T14:46:59,84.204323,-45.692387,nan
2024-06-03T14:46:59,84.204323,-45.692825,nan
2024-06-03T14:46:58,84.204323,-45.693268,nan
2024-06-03T14:46:58,84.204323,-45.693710,nan
2024-06-03T14:46:57,84.204323,-45.694157,nan
2024-06-03T14:46:57,84.204323,-45.694607,nan
2024-06-03T14:46:56,84.204330,-45.695053,nan
2024-06-03T14:46:56,84.204330,-45.695499,nan
2024-06-03T14:46:55,84.204338,-45.695946,nan
2024-06-03T14:46:55,84.204338,-45.696392,nan
2024-06-03T14:46:54,84.204346,-45.696838,nan
2024-06-03T14:46:54,84.204346,-45.697285,nan
2024-06-03T14:46:53,84.204353,-45.697723,nan
2024-06-03T14:46:53,84.204361,-45.698158,nan
2024-06-03T14:46:52,84.204369,-45.698593,nan
2024-06-03T14:46:52,84.204376,-45.699024,nan
2024-06-03T14:46:51,84.204384,-45.699451,nan
2024-06-03T14:46:51,84.204391,-45.699871,nan
2024-06-03T14:46:50,84.204399,-45.700291,nan
2024-06-03T14:46:50,84.204407,-45.700703,nan
2024-06-03T14:46:49,84.204414,-45.701115,nan
2024-06-03T14:46:49,84.204422,-45.701519,nan
2024-06-03T14:46:48,84.204430,-45.701920,nan
2024-06-03T14:46:48,84.204437,-45.702312,nan
2024-06-03T14:46:47,84.204437,-45.702702,nan
2024-06-03T14:46:47,84.204445,-45.703087,nan
2024-06-03T14:46:46,84.204453,-45.703468,nan
2024-06-03T14:46:46,84.204460,-45.703854,nan
2024-06-03T14:46:45,84.204468,-45.704239,nan
2024-06-03T14:46:45,84.204468,-45.704617,nan
2024-06-03T14:46:44,84.204475,-45.704994,nan
2024-06-03T14:46:44,84.204475,-45.705372,nan
2024-06-03T14:46:43,84.204483,-45.705750,nan
2024-06-03T14:46:43,84.204491,-45.706123,nan
2024-06-03T14:46:42,84.204491,-45.706501,nan
2024-06-03T14:46:42,84.204498,-45.706879,nan
2024-06-03T14:46:41,84.204506,-45.707256,nan
2024-06-03T14:46:41,84.204506,-45.707638,nan
2024-06-03T14:46:40,84.204514,-45.708015,nan
2024-06-03T14:46:40,84.204514,-45.708401,nan
2024-06-03T14:46:39,84.204521,-45.708782,nan
2024-06-03T14:46:39,84.204529,-45.709164,nan
2024-06-03T14:46:38,84.204529,-45.709545,nan
2024-06-03T14:46:38,84.204536,-45.709927,nan
2024-06-03T14:46:37,84.204536,-45.710304,nan
2024-06-03T14:46:37,84.204536,-45.710686,nan
2024-06-03T14:46:36,84.204544,-45.711063,nan
2024-06-03T14:46:36,84.204544,-45.711441,nan
2024-06-03T14:46:35,84.204552,-45.711819,nan
2024-06-03T14:46:35,84.204552,-45.712200,nan
2024-06-03T14:46:34,84.204559,-45.712585,nan
2024-06-03T14:46:34,84.204559,-45.712967,nan
2024-06-03T14:46:33,84.204559,-45.713352,nan
2024-06-03T14:46:33,84.204567,-45.713737,nan
2024-06-03T14:46:32,84.204567,-45.714127,nan
2024-06-03T14:46:32,84.204575,-45.714520,nan
2024-06-03T14:46:31,84.204575,-45.714909,nan
2024-06-03T14:46:31,84.204582,-45.715298,nan
2024-06-03T14:46:30,84.204582,-45.715687,nan
2024-06-03T14:46:30,84.204582,-45.716072,nan
2024-06-03T14:46:29,84.204590,-45.716454,nan
2024-06-03T14:46:29,84.204590,-45.716835,nan
2024-06-03T14:46:28,84.204597,-45.717216,nan
2024-06-03T14:46:28,84.204597,-45.717594,nan
2024-06-03T14:46:27,84.204605,-45.717972,nan
2024-06-03T14:46:27,84.204605,-45.718346,nan
2024-06-03T14:46:26,84.204613,-45.718723,nan
2024-06-03T14:46:26,84.204613,-45.719097,nan
2024-06-03T14:46:25,84.204613,-45.719475,nan
2024-06-03T14:46:25,84.204620,-45.719849,nan
2024-06-03T14:46:24,84.204620,-45.720222,nan
2024-06-03T14:46:24,84.204620,-45.720596,nan
2024-06-03T14:46:23,84.204620,-45.720974,nan
2024-06-03T14:46:23,84.204628,-45.721352,nan
2024-06-03T14:46:22,84.204628,-45.721725,nan
2024-06-03T14:46:22,84.204628,-45.722099,nan
2024-06-03T14:46:21,84.204636,-45.722477,nan
2024-06-03T14:46:21,84.204636,-45.722851,nan
2024-06-03T14:46:20,84.204643,-45.723228,nan
2024-06-03T14:46:19,84.204643,-45.723972,nan
2024-06-03T14:46:19,84.204651,-45.724346,nan
2024-06-03T14:46:18,84.204651,-45.724720,nan
2024-06-03T14:46:18,84.204659,-45.725090,nan
2024-06-03T14:46:17,84.204659,-45.725464,nan
2024-06-03T14:46:17,84.204666,-45.725834,nan
2024-06-03T14:46:16,84.204666,-45.726204,nan
2024-06-03T14:46:16,84.204674,-45.726574,nan
2024-06-03T14:46:15,84.204674,-45.726940,nan
2024-06-03T14:46:15,84.204674,-45.727310,nan
2024-06-03T14:46:14,84.204681,-45.727680,nan
2024-06-03T14:46:14,84.204681,-45.728046,nan
2024-06-03T14:46:13,84.204681,-45.728409,nan
2024-06-03T14:46:13,84.204689,-45.728771,nan
2024-06-03T14:46:12,84.204689,-45.729130,nan
2024-06-03T14:46:12,84.204697,-45.729485,nan
2024-06-03T14:46:11,84.204697,-45.729836,nan
2024-06-03T14:46:11,84.204697,-45.730179,nan
2024-06-03T14:46:10,84.204704,-45.730515,nan
2024-06-03T14:46:10,84.204712,-45.730846,nan
2024-06-03T14:46:09,84.204712,-45.731174,nan
2024-06-03T14:46:09,84.204720,-45.731503,nan
2024-06-03T14:46:08,84.204720,-45.731827,nan
2024-06-03T14:46:08,84.204727,-45.732151,nan
2024-06-03T14:46:07,84.204727,-45.732475,nan
2024-06-03T14:46:07,84.204735,-45.732796,nan
2024-06-03T14:46:06,84.204735,-45.733112,nan
2024-06-03T14:46:06,84.204742,-45.733425,nan
2024-06-03T14:46:05,84.204742,-45.734043,nan
2024-06-03T14:46:04,84.204742,-45.734344,nan
2024-06-03T14:46:04,84.204750,-45.734642,nan
2024-06-03T14:46:03,84.204750,-45.734932,nan
2024-06-03T14:46:03,84.204750,-45.735222,nan
2024-06-03T14:46:02,84.204750,-45.735512,nan
2024-06-03T14:46:02,84.204750,-45.735798,nan
2024-06-03T14:46:01,84.204750,-45.736088,nan
2024-06-03T14:46:01,84.204750,-45.736374,nan
2024-06-03T14:46:00,84.204750,-45.736652,nan
2024-06-03T14:46:00,84.204750,-45.736927,nan
2024-06-03T14:45:59,84.204750,-45.737198,nan
2024-06-03T14:45:59,84.204750,-45.737465,nan
2024-06-03T14:45:58,84.204758,-45.737724,nan
2024-06-03T14:45:58,84.204758,-45.737984,nan
2024-06-03T14:45:57,84.204758,-45.738228,nan
2024-06-03T14:45:57,84.204758,-45.738464,nan
2024-06-03T14:45:56,84.204758,-45.738689,nan
2024-06-03T14:45:56,84.204758,-45.738911,nan
2024-06-03T14:45:55,84.204758,-45.739124,nan
2024-06-03T14:45:55,84.204750,-45.739326,nan
2024-06-03T14:45:54,84.204750,-45.739521,nan
2024-06-03T14:45:54,84.204750,-45.739712,nan
2024-06-03T14:45:53,84.204750,-45.739895,nan
2024-06-03T14:45:53,84.204742,-45.740070,nan
2024-06-03T14:45:52,84.204742,-45.740242,nan
2024-06-03T14:45:52,84.204742,-45.740410,nan
2024-06-03T14:45:51,84.204735,-45.740574,nan
2024-06-03T14:45:51,84.204735,-45.740738,nan
2024-06-03T14:45:50,84.204727,-45.740906,nan
2024-06-03T14:45:50,84.204720,-45.741070,nan
2024-06-03T14:45:49,84.204720,-45.741234,nan
2024-06-03T14:45:49,84.204712,-45.741405,nan
2024-06-03T14:45:48,84.204712,-45.741577,nan
2024-06-03T14:45:48,84.204704,-45.741753,nan
2024-06-03T14:45:47,84.204704,-45.741932,nan
2024-06-03T14:45:47,84.204697,-45.742115,nan
2024-06-03T14:45:46,84.204697,-45.742306,nan
2024-06-03T14:45:46,84.204689,-45.742496,nan
2024-06-03T14:45:45,84.204681,-45.742699,nan
2024-06-03T14:45:45,84.204681,-45.742908,nan
2024-06-03T14:45:44,84.204674,-45.743122,nan
2024-06-03T14:45:44,84.204666,-45.743336,nan
2024-06-03T14:45:43,84.204666,-45.743553,nan
2024-06-03T14:45:43,84.204659,-45.743771,nan
2024-06-03T14:45:42,84.204659,-45.743996,nan
2024-06-03T14:45:42,84.204651,-45.744221,nan
2024-06-03T14:45:41,84.204643,-45.744446,nan
2024-06-03T14:45:41,84.204643,-45.744675,nan
2024-06-03T14:45:40,84.204636,-45.744907,nan
2024-06-03T14:45:40,84.204628,-45.745140,nan
2024-06-03T14:45:39,84.204628,-45.745373,nan
2024-06-03T14:45:39,84.204620,-45.745605,nan
2024-06-03T14:45:38,84.204613,-45.745842,nan
2024-06-03T14:45:38,84.204605,-45.746075,nan
2024-06-03T14:45:37,84.204597,-45.746307,nan
2024-06-03T14:45:37,84.204597,-45.746536,nan
2024-06-03T14:45:36,84.204590,-45.746765,nan
2024-06-03T14:45:36,84.204582,-45.746986,nan
2024-06-03T14:45:35,84.204575,-45.747211,nan
2024-06-03T14:45:35,84.204567,-45.747433,nan
2024-06-03T14:45:34,84.204567,-45.747650,nan
2024-06-03T14:45:34,84.204559,-45.747868,nan
2024-06-03T14:45:33,84.204552,-45.748085,nan
2024-06-03T14:45:33,84.204552,-45.748302,nan
2024-06-03T14:45:32,84.204552,-45.748520,nan
2024-06-03T14:45:32,84.204544,-45.748734,nan
2024-06-03T14:45:31,84.204544,-45.748947,nan
2024-06-03T14:45:31,84.204544,-45.749153,nan
2024-06-03T14:45:30,84.204536,-45.749363,nan
2024-06-03T14:45:30,84.204536,-45.749565,nan
2024-06-03T14:45:29,84.204536,-45.749771,nan
2024-06-03T14:45:29,84.204536,-45.749973,nan
2024-06-03T14:45:28,84.204536,-45.750172,nan
2024-06-03T14:45:28,84.204536,-45.750374,nan
2024-06-03T14:45:27,84.204536,-45.750580,nan
2024-06-03T14:45:27,84.204529,-45.750778,nan
2024-06-03T14:45:26,84.204529,-45.750980,nan
2024-06-03T14:45:26,84.204529,-45.751183,nan
2024-06-03T14:45:25,84.204529,-45.751385,nan
2024-06-03T14:45:25,84.204529,-45.751579,nan
2024-06-03T14:45:24,84.204521,-45.751774,nan
2024-06-03T14:45:24,84.204521,-45.751965,nan
2024-06-03T14:45:23,84.204521,-45.752163,nan
2024-06-03T14:45:23,84.204521,-45.752357,nan
2024-06-03T14:45:22,84.204514,-45.752560,nan
2024-06-03T14:45:22,84.204514,-45.752758,nan
2024-06-03T14:45:21,84.204514,-45.752960,nan
2024-06-03T14:45:21,84.204514,-45.753159,nan
2024-06-03T14:45:20,84.204514,-45.753357,nan
2024-06-03T14:45:20,84.204514,-45.753551,nan
2024-06-03T14:45:19,84.204506,-45.753746,nan
2024-06-03T14:45:19,84.204506,-45.753937,nan
2024-06-03T14:45:18,84.204506,-45.754322,nan
2024-06-03T14:45:17,84.204506,-45.754513,nan
2024-06-03T14:45:17,84.204506,-45.754700,nan
2024-06-03T14:45:16,84.204506,-45.754890,nan
2024-06-03T14:45:16,84.204506,-45.755085,nan
2024-06-03T14:45:15,84.204506,-45.755280,nan
2024-06-03T14:45:15,84.204506,-45.755474,nan
2024-06-03T14:45:14,84.204506,-45.755672,nan
2024-06-03T14:45:14,84.204506,-45.755867,nan
2024-06-03T14:45:13,84.204506,-45.756062,nan
2024-06-03T14:45:13,84.204506,-45.756256,nan
2024-06-03T14:45:12,84.204506,-45.756447,nan
2024-06-03T14:45:12,84.204506,-45.756641,nan
2024-06-03T14:45:11,84.204506,-45.757027,nan
2024-06-03T14:45:10,84.204506,-45.757221,nan
2024-06-03T14:45:10,84.204506,-45.757420,nan
2024-06-03T14:45:09,84.204506,-45.757614,nan
2024-06-03T14:45:09,84.204506,-45.757809,nan
2024-06-03T14:45:08,84.204506,-45.757999,nan
2024-06-03T14:45:08,84.204506,-45.758190,nan
2024-06-03T14:45:07,84.204506,-45.758377,nan
2024-06-03T14:45:07,84.204506,-45.758572,nan
2024-06-03T14:45:06,84.204506,-45.758762,nan
2024-06-03T14:45:06,84.204506,-45.758953,nan
2024-06-03T14:45:05,84.204506,-45.759148,nan
2024-06-03T14:45:05,84.204514,-45.759346,nan
2024-06-03T14:45:04,84.204514,-45.759750,nan
2024-06-03T14:45:03,84.204521,-45.759949,nan
2024-06-03T14:45:03,84.204521,-45.760147,nan
2024-06-03T14:45:02,84.204529,-45.760338,nan
2024-06-03T14:45:02,84.204536,-45.760529,nan
2024-06-03T14:45:01,84.204536,-45.760723,nan
2024-06-03T14:45:01,84.204544,-45.760918,nan
2024-06-03T14:45:00,84.204552,-45.761112,nan
2024-06-03T14:45:00,84.204552,-45.761307,nan
2024-06-03T14:44:59,84.204559,-45.761501,nan
2024-06-03T14:44:59,84.204567,-45.761684,nan
2024-06-03T14:44:58,84.204575,-45.761860,nan
2024-06-03T14:44:58,84.204575,-45.762032,nan
2024-06-03T14:44:57,84.204582,-45.762203,nan
2024-06-03T14:44:57,84.204590,-45.762375,nan
2024-06-03T14:44:56,84.204590,-45.762539,nan
2024-06-03T14:44:56,84.204597,-45.762699,nan
2024-06-03T14:44:55,84.204597,-45.762852,nan
2024-06-03T14:44:55,84.204605,-45.763004,nan
2024-06-03T14:44:54,84.204613,-45.763157,nan
2024-06-03T14:44:54,84.204613,-45.763313,nan
2024-06-03T14:44:53,84.204620,-45.763470,nan
2024-06-03T14:44:53,84.204628,-45.763626,nan
2024-06-03T14:44:52,84.204636,-45.763947,nan
2024-06-03T14:44:51,84.204643,-45.764111,nan
2024-06-03T14:44:51,84.204643,-45.764275,nan
2024-06-03T14:44:50,84.204651,-45.764446,nan
2024-06-03T14:44:50,84.204659,-45.764622,nan
2024-06-03T14:44:49,84.204659,-45.764809,nan
2024-06-03T14:44:49,84.204666,-45.764996,nan
2024-06-03T14:44:48,84.204674,-45.765186,nan
2024-06-03T14:44:48,84.204681,-45.765373,nan
2024-06-03T14:44:47,84.204689,-45.765568,nan
2024-06-03T14:44:47,84.204697,-45.765759,nan
2024-06-03T14:44:46,84.204704,-45.765961,nan
2024-06-03T14:44:46,84.204720,-45.766163,nan
2024-06-03T14:44:45,84.204727,-45.766365,nan
2024-06-03T14:44:45,84.204742,-45.766575,nan
2024-06-03T14:44:44,84.204758,-45.766785,nan
2024-06-03T14:44:44,84.204773,-45.767002,nan
2024-06-03T14:44:43,84.204788,-45.767223,nan
2024-06-03T14:44:43,84.204811,-45.767445,nan
2024-06-03T14:44:42,84.204826,-45.767670,nan
2024-06-03T14:44:42,84.204849,-45.767895,nan
2024-06-03T14:44:41,84.204872,-45.768120,nan
2024-06-03T14:44:41,84.204887,-45.768341,nan
2024-06-03T14:44:40,84.204910,-45.768566,nan
2024-06-03T14:44:40,84.204933,-45.768795,nan
2024-06-03T14:44:39,84.204948,-45.769024,nan
2024-06-03T14:44:39,84.204971,-45.769253,nan
2024-06-03T14:44:38,84.204994,-45.769482,nan
2024-06-03T14:44:38,84.205009,-45.769711,nan
2024-06-03T14:44:37,84.205032,-45.769943,nan
2024-06-03T14:44:37,84.205048,-45.770176,nan
2024-06-03T14:44:36,84.205070,-45.770409,nan
2024-06-03T14:44:36,84.205086,-45.770645,nan
2024-06-03T14:44:35,84.205101,-45.770882,nan
2024-06-03T14:44:35,84.205124,-45.771114,nan
2024-06-03T14:44:34,84.205139,-45.771351,nan
2024-06-03T14:44:34,84.205154,-45.771587,nan
2024-06-03T14:44:33,84.205170,-45.771832,nan
2024-06-03T14:44:33,84.205185,-45.772072,nan
2024-06-03T14:44:32,84.205200,-45.772316,nan
2024-06-03T14:44:32,84.205215,-45.772556,nan
2024-06-03T14:44:31,84.205231,-45.772797,nan
2024-06-03T14:44:31,84.205246,-45.773033,nan
2024-06-03T14:44:30,84.205261,-45.773270,nan
2024-06-03T14:44:30,84.205276,-45.773506,nan
2024-06-03T14:44:29,84.205284,-45.773743,nan
2024-06-03T14:44:29,84.205299,-45.773979,nan
2024-06-03T14:44:28,84.205307,-45.774223,nan
2024-06-03T14:44:28,84.205322,-45.774471,nan
2024-06-03T14:44:27,84.205338,-45.774719,nan
2024-06-03T14:44:27,84.205345,-45.774963,nan
2024-06-03T14:44:26,84.205360,-45.775208,nan
2024-06-03T14:44:26,84.205368,-45.775448,nan
2024-06-03T14:44:25,84.205376,-45.775688,nan
2024-06-03T14:44:25,84.205391,-45.775925,nan
2024-06-03T14:44:24,84.205399,-45.776161,nan
2024-06-03T14:44:24,84.205406,-45.776398,nan
2024-06-03T14:44:23,84.205414,-45.776630,nan
2024-06-03T14:44:23,84.205421,-45.776867,nan
2024-06-03T14:44:22,84.205429,-45.777103,nan
2024-06-03T14:44:22,84.205437,-45.777332,nan
2024-06-03T14:44:21,84.205444,-45.777565,nan
2024-06-03T14:44:21,84.205452,-45.777798,nan
2024-06-03T14:44:20,84.205460,-45.778034,nan
2024-06-03T14:44:20,84.205467,-45.778271,nan
2024-06-03T14:44:19,84.205467,-45.778507,nan
2024-06-03T14:44:19,84.205475,-45.778748,nan
2024-06-03T14:44:18,84.205482,-45.778992,nan
2024-06-03T14:44:18,84.205482,-45.779240,nan
2024-06-03T14:44:17,84.205482,-45.779491,nan
2024-06-03T14:44:17,84.205490,-45.779755,nan
2024-06-03T14:44:16,84.205490,-45.780018,nan
2024-06-03T14:44:16,84.205490,-45.780289,nan
2024-06-03T14:44:15,84.205490,-45.780567,nan
2024-06-03T14:44:15,84.205490,-45.780849,nan
2024-06-03T14:44:14,84.205490,-45.781136,nan
2024-06-03T14:44:14,84.205482,-45.781429,nan
2024-06-03T14:44:13,84.205482,-45.781719,nan
2024-06-03T14:44:13,84.205482,-45.782017,nan
2024-06-03T14:44:12,84.205482,-45.782314,nan
2024-06-03T14:44:12,84.205482,-45.782616,nan
2024-06-03T14:44:11,84.205475,-45.782917,nan
2024-06-03T14:44:11,84.205475,-45.783218,nan
2024-06-03T14:44:10,84.205475,-45.783512,nan
2024-06-03T14:44:10,84.205467,-45.783806,nan
2024-06-03T14:44:09,84.205467,-45.784088,nan
2024-06-03T14:44:09,84.205467,-45.784359,nan
2024-06-03T14:44:08,84.205460,-45.784622,nan
2024-06-03T14:44:08,84.205460,-45.784882,nan
2024-06-03T14:44:07,84.205452,-45.785141,nan
2024-06-03T14:44:07,84.205452,-45.785397,nan
2024-06-03T14:44:06,84.205452,-45.785648,nan
2024-06-03T14:44:06,84.205444,-45.785892,nan
2024-06-03T14:44:05,84.205444,-45.786129,nan
2024-06-03T14:44:05,84.205437,-45.786354,nan
2024-06-03T14:44:04,84.205437,-45.786572,nan
2024-06-03T14:44:04,84.205429,-45.786785,nan
2024-06-03T14:44:03,84.205421,-45.786999,nan
2024-06-03T14:44:03,84.205414,-45.787205,nan
2024-06-03T14:44:02,84.205406,-45.787403,nan
2024-06-03T14:44:02,84.205399,-45.787598,nan
2024-06-03T14:44:01,84.205383,-45.787785,nan
2024-06-03T14:44:01,84.205376,-45.787968,nan
2024-06-03T14:44:00,84.205368,-45.788147,nan
2024-06-03T14:44:00,84.205360,-45.788319,nan
2024-06-03T14:43:59,84.205353,-45.788494,nan
2024-06-03T14:43:59,84.205338,-45.788662,nan
2024-06-03T14:43:58,84.205330,-45.788826,nan
2024-06-03T14:43:58,84.205322,-45.788986,nan
2024-06-03T14:43:57,84.205315,-45.789143,nan
2024-06-03T14:43:57,84.205307,-45.789295,nan
2024-06-03T14:43:56,84.205299,-45.789440,nan
2024-06-03T14:43:56,84.205292,-45.789585,nan
2024-06-03T14:43:55,84.205284,-45.789726,nan
2024-06-03T14:43:55,84.205276,-45.789864,nan
2024-06-03T14:43:54,84.205269,-45.789993,nan
2024-06-03T14:43:54,84.205261,-45.790123,nan
2024-06-03T14:43:53,84.205254,-45.790253,nan
2024-06-03T14:43:52,84.205238,-45.790512,nan
2024-06-03T14:43:52,84.205231,-45.790646,nan
2024-06-03T14:43:51,84.205223,-45.790779,nan
2024-06-03T14:43:51,84.205215,-45.790916,nan
2024-06-03T14:43:50,84.205208,-45.791058,nan
2024-06-03T14:43:50,84.205200,-45.791199,nan
2024-06-03T14:43:49,84.205193,-45.791340,nan
2024-06-03T14:43:49,84.205185,-45.791477,nan
2024-06-03T14:43:48,84.205177,-45.791615,nan
2024-06-03T14:43:48,84.205170,-45.791748,nan
2024-06-03T14:43:47,84.205162,-45.791878,nan
2024-06-03T14:43:47,84.205154,-45.792007,nan
2024-06-03T14:43:46,84.205147,-45.792133,nan
2024-06-03T14:43:46,84.205139,-45.792252,nan
2024-06-03T14:43:45,84.205132,-45.792362,nan
2024-06-03T14:43:45,84.205116,-45.792469,nan
2024-06-03T14:43:44,84.205116,-45.792568,nan
2024-06-03T14:43:44,84.205109,-45.792664,nan
2024-06-03T14:43:43,84.205101,-45.792755,nan
2024-06-03T14:43:43,84.205093,-45.792847,nan
2024-06-03T14:43:42,84.205086,-45.792934,nan
2024-06-03T14:43:42,84.205078,-45.793018,nan
2024-06-03T14:43:41,84.205070,-45.793102,nan
2024-06-03T14:43:41,84.205070,-45.793186,nan
2024-06-03T14:43:40,84.205063,-45.793266,nan
2024-06-03T14:43:39,84.205048,-45.793419,nan
2024-06-03T14:43:39,84.205040,-45.793491,nan
2024-06-03T14:43:38,84.205040,-45.793564,nan
2024-06-03T14:43:38,84.205032,-45.793636,nan
2024-06-03T14:43:37,84.205025,-45.793705,nan
2024-06-03T14:43:37,84.205017,-45.793777,nan
2024-06-03T14:43:36,84.205009,-45.793846,nan
2024-06-03T14:43:36,84.205009,-45.793911,nan
2024-06-03T14:43:35,84.205002,-45.793980,nan
2024-06-03T14:43:35,84.204994,-45.794041,nan
2024-06-03T14:43:34,84.204987,-45.794098,nan
2024-06-03T14:43:34,84.204979,-45.794155,nan
2024-06-03T14:43:33,84.204971,-45.794209,nan
2024-06-03T14:43:33,84.204964,-45.794254,nan
2024-06-03T14:43:32,84.204964,-45.794296,nan
2024-06-03T14:43:32,84.204956,-45.794334,nan
2024-06-03T14:43:31,84.204948,-45.794376,nan
2024-06-03T14:43:31,84.204948,-45.794415,nan
2024-06-03T14:43:30,84.204941,-45.794460,nan
2024-06-03T14:43:30,84.204941,-45.794510,nan
2024-06-03T14:43:29,84.204941,-45.794559,nan
2024-06-03T14:43:29,84.204941,-45.794613,nan
2024-06-03T14:43:28,84.204933,-45.794662,nan
2024-06-03T14:43:28,84.204933,-45.794712,nan
2024-06-03T14:43:27,84.204933,-45.794765,nan
2024-06-03T14:43:27,84.204926,-45.794815,nan
2024-06-03T14:43:26,84.204926,-45.794861,nan
2024-06-03T14:43:26,84.204926,-45.794895,nan
2024-06-03T14:43:25,84.204918,-45.794933,nan
2024-06-03T14:43:25,84.204918,-45.794960,nan
2024-06-03T14:43:24,84.204918,-45.794983,nan
2024-06-03T14:43:24,84.204910,-45.794994,nan
2024-06-03T14:43:23,84.204910,-45.794998,nan
2024-06-03T14:43:23,84.204910,-45.794991,nan
2024-06-03T14:43:22,84.204903,-45.794971,nan
2024-06-03T14:43:22,84.204903,-45.794945,nan
2024-06-03T14:43:21,84.204903,-45.794907,nan
2024-06-03T14:43:21,84.204903,-45.794868,nan
2024-06-03T14:43:20,84.204903,-45.794827,nan
2024-06-03T14:43:20,84.204895,-45.794781,nan
2024-06-03T14:43:19,84.204903,-45.794739,nan
2024-06-03T14:43:19,84.204903,-45.794704,nan
2024-06-03T14:43:18,84.204903,-45.794674,nan
2024-06-03T14:43:18,84.204903,-45.794647,nan
2024-06-03T14:43:17,84.204903,-45.794624,nan
2024-06-03T14:43:17,84.204910,-45.794598,nan
2024-06-03T14:43:16,84.204910,-45.794575,nan
2024-06-03T14:43:16,84.204910,-45.794556,nan
2024-06-03T14:43:15,84.204918,-45.794533,nan
2024-06-03T14:43:15,84.204918,-45.794514,nan
2024-06-03T14:43:14,84.204926,-45.794498,nan
2024-06-03T14:43:14,84.204926,-45.794479,nan
2024-06-03T14:43:13,84.204926,-45.794464,nan
2024-06-03T14:43:13,84.204933,-45.794453,nan
2024-06-03T14:43:12,84.204933,-45.794437,nan
2024-06-03T14:43:11,84.204941,-45.794395,nan
2024-06-03T14:43:11,84.204948,-45.794369,nan
2024-06-03T14:43:10,84.204948,-45.794338,nan
2024-06-03T14:43:10,84.204956,-45.794304,nan
2024-06-03T14:43:09,84.204964,-45.794270,nan
2024-06-03T14:43:09,84.204964,-45.794239,nan
2024-06-03T14:43:08,84.204971,-45.794209,nan
2024-06-03T14:43:08,84.204979,-45.794182,nan
2024-06-03T14:43:07,84.204979,-45.794155,nan
2024-06-03T14:43:07,84.204987,-45.794128,nan
2024-06-03T14:43:06,84.204994,-45.794102,nan
2024-06-03T14:43:06,84.205002,-45.794079,nan
2024-06-03T14:43:05,84.205009,-45.794052,nan
2024-06-03T14:43:05,84.205009,-45.794033,nan
2024-06-03T14:43:04,84.205017,-45.794010,nan
2024-06-03T14:43:04,84.205025,-45.793987,nan
2024-06-03T14:43:03,84.205025,-45.793961,nan
2024-06-03T14:43:03,84.205032,-45.793938,nan
2024-06-03T14:43:02,84.205040,-45.793907,nan
2024-06-03T14:43:02,84.205040,-45.793877,nan
2024-06-03T14:43:01,84.205048,-45.793842,nan
2024-06-03T14:43:01,84.205055,-45.793808,nan
2024-06-03T14:43:00,84.205055,-45.793774,nan
2024-06-03T14:43:00,84.205063,-45.793747,nan
2024-06-03T14:42:59,84.205070,-45.793720,nan
2024-06-03T14:42:59,84.205070,-45.793701,nan
2024-06-03T14:42:58,84.205078,-45.793686,nan
2024-06-03T14:42:58,84.205086,-45.793678,nan
2024-06-03T14:42:57,84.205086,-45.793671,nan
2024-06-03T14:42:57,84.205093,-45.793667,nan
2024-06-03T14:42:56,84.205093,-45.793667,nan
2024-06-03T14:42:56,84.205101,-45.793671,nan
2024-06-03T14:42:55,84.205101,-45.793674,nan
2024-06-03T14:42:55,84.205109,-45.793678,nan
2024-06-03T14:42:54,84.205109,-45.793682,nan
2024-06-03T14:42:54,84.205109,-45.793682,nan
2024-06-03T14:42:53,84.205116,-45.793682,nan
2024-06-03T14:42:53,84.205116,-45.793686,nan
2024-06-03T14:42:52,84.205124,-45.793690,nan
2024-06-03T14:42:52,84.205124,-45.793701,nan
2024-06-03T14:42:51,84.205132,-45.793716,nan
2024-06-03T14:42:51,84.205132,-45.793736,nan
2024-06-03T14:42:50,84.205132,-45.793747,nan
2024-06-03T14:42:50,84.205139,-45.793758,nan
2024-06-03T14:42:49,84.205139,-45.793762,nan
2024-06-03T14:42:49,84.205147,-45.793762,nan
2024-06-03T14:42:48,84.205147,-45.793755,nan
2024-06-03T14:42:48,84.205154,-45.793743,nan
2024-06-03T14:42:47,84.205154,-45.793724,nan
2024-06-03T14:42:47,84.205154,-45.793701,nan
2024-06-03T14:42:46,84.205154,-45.793674,nan
2024-06-03T14:42:46,84.205162,-45.793640,nan
2024-06-03T14:42:45,84.205162,-45.793602,nan
2024-06-03T14:42:45,84.205162,-45.793564,nan
2024-06-03T14:42:44,84.205162,-45.793522,nan
2024-06-03T14:42:44,84.205162,-45.793480,nan
2024-06-03T14:42:43,84.205170,-45.793446,nan
2024-06-03T14:42:43,84.205170,-45.793407,nan
2024-06-03T14:42:42,84.205170,-45.793369,nan
2024-06-03T14:42:42,84.205170,-45.793331,nan
2024-06-03T14:42:41,84.205170,-45.793293,nan
2024-06-03T14:42:41,84.205177,-45.793247,nan
2024-06-03T14:42:40,84.205177,-45.793205,nan
2024-06-03T14:42:40,84.205177,-45.793159,nan
2024-06-03T14:42:39,84.205185,-45.793110,nan
2024-06-03T14:42:39,84.205185,-45.793060,nan
2024-06-03T14:42:38,84.205185,-45.793011,nan
2024-06-03T14:42:38,84.205193,-45.792953,nan
2024-06-03T14:42:37,84.205193,-45.792904,nan
2024-06-03T14:42:37,84.205200,-45.792850,nan
2024-06-03T14:42:36,84.205200,-45.792793,nan
2024-06-03T14:42:36,84.205200,-45.792736,nan
2024-06-03T14:42:35,84.205208,-45.792679,nan
2024-06-03T14:42:35,84.205208,-45.792625,nan
2024-06-03T14:42:34,84.205215,-45.792568,nan
2024-06-03T14:42:34,84.205215,-45.792511,nan
2024-06-03T14:42:33,84.205223,-45.792454,nan
2024-06-03T14:42:33,84.205223,-45.792397,nan
2024-06-03T14:42:32,84.205231,-45.792339,nan
2024-06-03T14:42:32,84.205231,-45.792282,nan
2024-06-03T14:42:31,84.205231,-45.792225,nan
2024-06-03T14:42:31,84.205238,-45.792164,nan
2024-06-03T14:42:30,84.205238,-45.792103,nan
2024-06-03T14:42:30,84.205238,-45.792042,nan
2024-06-03T14:42:29,84.205238,-45.791981,nan
2024-06-03T14:42:29,84.205238,-45.791920,nan
2024-06-03T14:42:28,84.205238,-45.791859,nan
2024-06-03T14:42:28,84.205238,-45.791790,nan
2024-06-03T14:42:27,84.205238,-45.791718,nan
2024-06-03T14:42:27,84.205238,-45.791645,nan
2024-06-03T14:42:26,84.205238,-45.791573,nan
2024-06-03T14:42:26,84.205246,-45.791496,nan
2024-06-03T14:42:25,84.205246,-45.791420,nan
2024-06-03T14:42:25,84.205246,-45.791340,nan
2024-06-03T14:42:24,84.205246,-45.791260,nan
2024-06-03T14:42:24,84.205246,-45.791180,nan
2024-06-03T14:42:23,84.205246,-45.791092,nan
2024-06-03T14:42:23,84.205246,-45.791008,nan
2024-06-03T14:42:22,84.205246,-45.790928,nan
2024-06-03T14:42:22,84.205254,-45.790848,nan
2024-06-03T14:42:21,84.205254,-45.790771,nan
2024-06-03T14:42:21,84.205254,-45.790699,nan
2024-06-03T14:42:20,84.205254,-45.790630,nan
2024-06-03T14:42:20,84.205254,-45.790562,nan
2024-06-03T14:42:19,84.205254,-45.790497,nan
2024-06-03T14:42:19,84.205254,-45.790436,nan
2024-06-03T14:42:18,84.205254,-45.790375,nan
2024-06-03T14:42:18,84.205254,-45.790321,nan
2024-06-03T14:42:17,84.205254,-45.790272,nan
2024-06-03T14:42:17,84.205254,-45.790226,nan
2024-06-03T14:42:16,84.205254,-45.790188,nan
2024-06-03T14:42:16,84.205254,-45.790150,nan
2024-06-03T14:42:15,84.205254,-45.790119,nan
2024-06-03T14:42:15,84.205254,-45.790089,nan
2024-06-03T14:42:14,84.205254,-45.790066,nan
2024-06-03T14:42:14,84.205254,-45.790043,nan
2024-06-03T14:42:13,84.205254,-45.790016,nan
2024-06-03T14:42:13,84.205246,-45.789989,nan
2024-06-03T14:42:12,84.205246,-45.789963,nan
2024-06-03T14:42:12,84.205238,-45.789928,nan
2024-06-03T14:42:11,84.205238,-45.789894,nan
2024-06-03T14:42:11,84.205231,-45.789856,nan
2024-06-03T14:42:10,84.205223,-45.789814,nan
2024-06-03T14:42:10,84.205215,-45.789776,nan
2024-06-03T14:42:09,84.205208,-45.789734,nan
2024-06-03T14:42:09,84.205200,-45.789688,nan
2024-06-03T14:42:08,84.205193,-45.789639,nan
2024-06-03T14:42:08,84.205177,-45.789585,nan
2024-06-03T14:42:07,84.205170,-45.789532,nan
2024-06-03T14:42:07,84.205162,-45.789471,nan
2024-06-03T14:42:06,84.205147,-45.789349,nan
2024-06-03T14:42:05,84.205132,-45.789284,nan
2024-06-03T14:42:05,84.205124,-45.789207,nan
2024-06-03T14:42:04,84.205116,-45.789131,nan
2024-06-03T14:42:04,84.205109,-45.789047,nan
2024-06-03T14:42:03,84.205101,-45.788963,nan
2024-06-03T14:42:03,84.205086,-45.788868,nan
2024-06-03T14:42:02,84.205078,-45.788773,nan
2024-06-03T14:42:02,84.205070,-45.788670,nan
2024-06-03T14:42:01,84.205063,-45.788567,nan
2024-06-03T14:42:01,84.205055,-45.788460,nan
2024-06-03T14:42:00,84.205048,-45.788349,nan
2024-06-03T14:42:00,84.205032,-45.788239,nan
2024-06-03T14:41:59,84.205025,-45.788128,nan
2024-06-03T14:41:59,84.205017,-45.788021,nan
2024-06-03T14:41:58,84.205009,-45.787914,nan
2024-06-03T14:41:58,84.205002,-45.787811,nan
2024-06-03T14:41:57,84.204987,-45.787712,nan
2024-06-03T14:41:57,84.204979,-45.787617,nan
2024-06-03T14:41:56,84.204971,-45.787521,nan
2024-06-03T14:41:56,84.204964,-45.787430,nan
2024-06-03T14:41:55,84.204956,-45.787338,nan
2024-06-03T14:41:55,84.204948,-45.787247,nan
2024-06-03T14:41:54,84.204941,-45.787159,nan
2024-06-03T14:41:54,84.204926,-45.787071,nan
2024-06-03T14:41:53,84.204918,-45.786987,nan
2024-06-03T14:41:53,84.204910,-45.786903,nan
2024-06-03T14:41:52,84.204903,-45.786823,nan
2024-06-03T14:41:52,84.204903,-45.786739,nan
2024-06-03T14:41:51,84.204895,-45.786655,nan
2024-06-03T14:41:51,84.204887,-45.786572,nan
2024-06-03T14:41:50,84.204880,-45.786491,nan
2024-06-03T14:41:50,84.204872,-45.786407,nan
2024-06-03T14:41:49,84.204865,-45.786331,nan
2024-06-03T14:41:49,84.204857,-45.786251,nan
2024-06-03T14:41:48,84.204857,-45.786179,nan
2024-06-03T14:41:48,84.204849,-45.786106,nan
2024-06-03T14:41:47,84.204842,-45.786034,nan
2024-06-03T14:41:47,84.204834,-45.785965,nan
2024-06-03T14:41:46,84.204826,-45.785896,nan
2024-06-03T14:41:46,84.204819,-45.785839,nan
2024-06-03T14:41:45,84.204811,-45.785778,nan
2024-06-03T14:41:45,84.204803,-45.785721,nan
2024-06-03T14:41:44,84.204796,-45.785664,nan
2024-06-03T14:41:44,84.204781,-45.785610,nan
2024-06-03T14:41:43,84.204773,-45.785553,nan
2024-06-03T14:41:43,84.204765,-45.785492,nan
2024-06-03T14:41:42,84.204765,-45.785423,nan
2024-06-03T14:41:42,84.204758,-45.785351,nan
2024-06-03T14:41:41,84.204750,-45.785275,nan
2024-06-03T14:41:41,84.204742,-45.785194,nan
2024-06-03T14:41:40,84.204735,-45.785114,nan
2024-06-03T14:41:40,84.204727,-45.785030,nan
2024-06-03T14:41:39,84.204720,-45.784950,nan
2024-06-03T14:41:39,84.204712,-45.784870,nan
2024-06-03T14:41:38,84.204704,-45.784786,nan
2024-06-03T14:41:38,84.204697,-45.784702,nan
2024-06-03T14:41:37,84.204689,-45.784618,nan
2024-06-03T14:41:37,84.204681,-45.784534,nan
2024-06-03T14:41:36,84.204674,-45.784451,nan
2024-06-03T14:41:36,84.204659,-45.784359,nan
2024-06-03T14:41:35,84.204651,-45.784264,nan
2024-06-03T14:41:35,84.204643,-45.784168,nan
2024-06-03T14:41:34,84.204636,-45.784065,nan
2024-06-03T14:41:34,84.204620,-45.783958,nan
2024-06-03T14:41:33,84.204613,-45.783848,nan
2024-06-03T14:41:33,84.204605,-45.783730,nan
2024-06-03T14:41:32,84.204597,-45.783604,nan
2024-06-03T14:41:32,84.204582,-45.783482,nan
2024-06-03T14:41:31,84.204575,-45.783356,nan
2024-06-03T14:41:31,84.204567,-45.783234,nan
2024-06-03T14:41:30,84.204552,-45.783108,nan
2024-06-03T14:41:30,84.204544,-45.782982,nan
2024-06-03T14:41:29,84.204529,-45.782852,nan
2024-06-03T14:41:29,84.204521,-45.782722,nan
2024-06-03T14:41:28,84.204506,-45.782589,nan
2024-06-03T14:41:28,84.204498,-45.782452,nan
2024-06-03T14:41:27,84.204483,-45.782310,nan
2024-06-03T14:41:27,84.204475,-45.782173,nan
2024-06-03T14:41:26,84.204460,-45.782036,nan
2024-06-03T14:41:26,84.204445,-45.781898,nan
2024-06-03T14:41:25,84.204437,-45.781757,nan
2024-06-03T14:41:25,84.204422,-45.781612,nan
2024-06-03T14:41:24,84.204414,-45.781471,nan
2024-06-03T14:41:24,84.204399,-45.781330,nan
2024-06-03T14:41:23,84.204384,-45.781189,nan
2024-06-03T14:41:23,84.204376,-45.781052,nan
2024-06-03T14:41:22,84.204361,-45.780910,nan
2024-06-03T14:41:22,84.204353,-45.780773,nan
2024-06-03T14:41:21,84.204338,-45.780636,nan
2024-06-03T14:41:21,84.204323,-45.780499,nan
2024-06-03T14:41:20,84.204315,-45.780357,nan
2024-06-03T14:41:20,84.204300,-45.780220,nan
2024-06-03T14:41:19,84.204285,-45.780079,nan
2024-06-03T14:41:19,84.204269,-45.779942,nan
2024-06-03T14:41:18,84.204254,-45.779808,nan
2024-06-03T14:41:18,84.204239,-45.779675,nan
2024-06-03T14:41:17,84.204224,-45.779541,nan
2024-06-03T14:41:17,84.204208,-45.779411,nan
2024-06-03T14:41:16,84.204193,-45.779274,nan
2024-06-03T14:41:16,84.204178,-45.779137,nan
2024-06-03T14:41:15,84.204163,-45.778999,nan
2024-06-03T14:41:15,84.204140,-45.778854,nan
2024-06-03T14:41:14,84.204124,-45.778709,nan
2024-06-03T14:41:14,84.204102,-45.778557,nan
2024-06-03T14:41:13,84.204086,-45.778404,nan
2024-06-03T14:41:13,84.204063,-45.778252,nan
2024-06-03T14:41:12,84.204041,-45.778088,nan
2024-06-03T14:41:12,84.204025,-45.777924,nan
2024-06-03T14:41:11,84.204002,-45.777756,nan
2024-06-03T14:41:11,84.203979,-45.777580,nan
2024-06-03T14:41:10,84.203957,-45.777405,nan
2024-06-03T14:41:10,84.203934,-45.777214,nan
2024-06-03T14:41:09,84.203911,-45.777016,nan
2024-06-03T14:41:09,84.203888,-45.776814,nan
2024-06-03T14:41:08,84.203873,-45.776604,nan
2024-06-03T14:41:08,84.203850,-45.776390,nan
2024-06-03T14:41:07,84.203827,-45.776169,nan
2024-06-03T14:41:07,84.203804,-45.775944,nan
2024-06-03T14:41:06,84.203781,-45.775715,nan
2024-06-03T14:41:06,84.203751,-45.775478,nan
2024-06-03T14:41:05,84.203728,-45.775242,nan
2024-06-03T14:41:05,84.203705,-45.775002,nan
2024-06-03T14:41:04,84.203682,-45.774757,nan
2024-06-03T14:41:04,84.203659,-45.774509,nan
2024-06-03T14:41:03,84.203636,-45.774261,nan
2024-06-03T14:41:03,84.203613,-45.774006,nan
2024-06-03T14:41:02,84.203590,-45.773746,nan
2024-06-03T14:41:02,84.203575,-45.773479,nan
2024-06-03T14:41:01,84.203552,-45.773216,nan
2024-06-03T14:41:01,84.203529,-45.772945,nan
2024-06-03T14:41:00,84.203514,-45.772675,nan
2024-06-03T14:41:00,84.203491,-45.772400,nan
2024-06-03T14:40:59,84.203476,-45.772121,nan
2024-06-03T14:40:59,84.203453,-45.771843,nan
2024-06-03T14:40:58,84.203438,-45.771561,nan
2024-06-03T14:40:58,84.203423,-45.771278,nan
2024-06-03T14:40:57,84.203400,-45.770996,nan
2024-06-03T14:40:57,84.203384,-45.770718,nan
2024-06-03T14:40:56,84.203369,-45.770435,nan
2024-06-03T14:40:56,84.203354,-45.770153,nan
2024-06-03T14:40:55,84.203339,-45.769871,nan
2024-06-03T14:40:55,84.203323,-45.769585,nan
2024-06-03T14:40:54,84.203308,-45.769299,nan
2024-06-03T14:40:54,84.203293,-45.769009,nan
2024-06-03T14:40:53,84.203278,-45.768719,nan
2024-06-03T14:40:53,84.203270,-45.768429,nan
2024-06-03T14:40:52,84.203255,-45.768135,nan
2024-06-03T14:40:52,84.203247,-45.767845,nan
2024-06-03T14:40:51,84.203232,-45.767555,nan
2024-06-03T14:40:51,84.203224,-45.767269,nan
2024-06-03T14:40:50,84.203209,-45.766983,nan
2024-06-03T14:40:50,84.203201,-45.766697,nan
2024-06-03T14:40:49,84.203194,-45.766407,nan
2024-06-03T14:40:49,84.203178,-45.766117,nan
2024-06-03T14:40:48,84.203171,-45.765835,nan
2024-06-03T14:40:48,84.203163,-45.765553,nan
2024-06-03T14:40:47,84.203156,-45.765278,nan
2024-06-03T14:40:47,84.203148,-45.764999,nan
2024-06-03T14:40:46,84.203140,-45.764721,nan
2024-06-03T14:40:46,84.203133,-45.764450,nan
2024-06-03T14:40:45,84.203125,-45.764183,nan
2024-06-03T14:40:45,84.203117,-45.763920,nan
2024-06-03T14:40:44,84.203110,-45.763660,nan
2024-06-03T14:40:44,84.203110,-45.763401,nan
2024-06-03T14:40:43,84.203102,-45.763145,nan
2024-06-03T14:40:43,84.203094,-45.762894,nan
2024-06-03T14:40:42,84.203087,-45.762638,nan
2024-06-03T14:40:42,84.203079,-45.762390,nan
2024-06-03T14:40:41,84.203079,-45.762146,nan
2024-06-03T14:40:41,84.203072,-45.761909,nan
2024-06-03T14:40:40,84.203064,-45.761673,nan
2024-06-03T14:40:40,84.203064,-45.761440,nan
2024-06-03T14:40:39,84.203056,-45.761215,nan
2024-06-03T14:40:39,84.203049,-45.760998,nan
2024-06-03T14:40:38,84.203049,-45.760784,nan
2024-06-03T14:40:38,84.203041,-45.760578,nan
2024-06-03T14:40:37,84.203033,-45.760376,nan
2024-06-03T14:40:37,84.203026,-45.760181,nan
2024-06-03T14:40:36,84.203026,-45.759995,nan
2024-06-03T14:40:36,84.203018,-45.759808,nan
2024-06-03T14:40:35,84.203011,-45.759621,nan
2024-06-03T14:40:35,84.203003,-45.759434,nan
2024-06-03T14:40:34,84.202995,-45.759243,nan
2024-06-03T14:40:34,84.202988,-45.759052,nan
2024-06-03T14:40:33,84.202988,-45.758854,nan
2024-06-03T14:40:33,84.202972,-45.758652,nan
2024-06-03T14:40:32,84.202965,-45.758438,nan
2024-06-03T14:40:32,84.202957,-45.758221,nan
2024-06-03T14:40:31,84.202942,-45.757996,nan
2024-06-03T14:40:31,84.202934,-45.757771,nan
2024-06-03T14:40:30,84.202919,-45.757545,nan
2024-06-03T14:40:30,84.202911,-45.757313,nan
2024-06-03T14:40:29,84.202896,-45.757080,nan
2024-06-03T14:40:29,84.202881,-45.756844,nan
2024-06-03T14:40:28,84.202866,-45.756603,nan
2024-06-03T14:40:28,84.202850,-45.756367,nan
2024-06-03T14:40:27,84.202843,-45.756126,nan
2024-06-03T14:40:27,84.202827,-45.755886,nan
2024-06-03T14:40:26,84.202812,-45.755650,nan
2024-06-03T14:40:26,84.202797,-45.755409,nan
2024-06-03T14:40:25,84.202782,-45.755169,nan
2024-06-03T14:40:25,84.202766,-45.754932,nan
2024-06-03T14:40:24,84.202751,-45.754700,nan
2024-06-03T14:40:24,84.202728,-45.754467,nan
2024-06-03T14:40:23,84.202713,-45.754234,nan
2024-06-03T14:40:23,84.202698,-45.754002,nan
2024-06-03T14:40:22,84.202682,-45.753777,nan
2024-06-03T14:40:22,84.202667,-45.753548,nan
2024-06-03T14:40:21,84.202644,-45.753323,nan
2024-06-03T14:40:21,84.202629,-45.753101,nan
2024-06-03T14:40:20,84.202614,-45.752876,nan
2024-06-03T14:40:20,84.202599,-45.752655,nan
2024-06-03T14:40:19,84.202576,-45.752434,nan
2024-06-03T14:40:19,84.202560,-45.752216,nan
2024-06-03T14:40:18,84.202538,-45.751995,nan
2024-06-03T14:40:18,84.202515,-45.751778,nan
2024-06-03T14:40:17,84.202499,-45.751560,nan
2024-06-03T14:40:17,84.202477,-45.751347,nan
2024-06-03T14:40:16,84.202454,-45.751133,nan
2024-06-03T14:40:16,84.202438,-45.750923,nan
2024-06-03T14:40:15,84.202415,-45.750717,nan
2024-06-03T14:40:15,84.202393,-45.750511,nan
2024-06-03T14:40:14,84.202370,-45.750309,nan
2024-06-03T14:40:14,84.202347,-45.750114,nan
2024-06-03T14:40:13,84.202324,-45.749920,nan
2024-06-03T14:40:13,84.202301,-45.749725,nan
2024-06-03T14:40:12,84.202278,-45.749535,nan
2024-06-03T14:40:12,84.202255,-45.749344,nan
2024-06-03T14:40:11,84.202225,-45.749146,nan
2024-06-03T14:40:11,84.202202,-45.748947,nan
2024-06-03T14:40:10,84.202179,-45.748741,nan
2024-06-03T14:40:10,84.202156,-45.748531,nan
2024-06-03T14:40:09,84.202133,-45.748310,nan
2024-06-03T14:40:09,84.202103,-45.748085,nan
2024-06-03T14:40:08,84.202080,-45.747856,nan
2024-06-03T14:40:08,84.202057,-45.747620,nan
2024-06-03T14:40:07,84.202026,-45.747383,nan
2024-06-03T14:40:07,84.202003,-45.747135,nan
2024-06-03T14:40:06,84.201981,-45.746891,nan
2024-06-03T14:40:06,84.201950,-45.746643,nan
2024-06-03T14:40:05,84.201927,-45.746395,nan
2024-06-03T14:40:05,84.201897,-45.746147,nan
2024-06-03T14:40:04,84.201874,-45.745895,nan
2024-06-03T14:40:04,84.201843,-45.745640,nan
2024-06-03T14:40:03,84.201820,-45.745377,nan
2024-06-03T14:40:03,84.201790,-45.745110,nan
2024-06-03T14:40:02,84.201759,-45.744839,nan
2024-06-03T14:40:02,84.201736,-45.744568,nan
2024-06-03T14:40:01,84.201706,-45.744293,nan
2024-06-03T14:40:01,84.201683,-45.744019,nan
2024-06-03T14:40:00,84.201653,-45.743736,nan
2024-06-03T14:40:00,84.201622,-45.743458,nan
2024-06-03T14:39:59,84.201599,-45.743176,nan
2024-06-03T14:39:59,84.201569,-45.742889,nan
2024-06-03T14:39:58,84.201538,-45.742607,nan
2024-06-03T14:39:58,84.201508,-45.742317,nan
2024-06-03T14:39:57,84.201485,-45.742031,nan
2024-06-03T14:39:57,84.201454,-45.741737,nan
2024-06-03T14:39:56,84.201424,-45.741444,nan
2024-06-03T14:39:56,84.201393,-45.741146,nan
2024-06-03T14:39:55,84.201370,-45.740849,nan
2024-06-03T14:39:55,84.201340,-45.740551,nan
2024-06-03T14:39:54,84.201309,-45.740253,nan
2024-06-03T14:39:54,84.201279,-45.739956,nan
2024-06-03T14:39:53,84.201248,-45.739658,nan
2024-06-03T14:39:53,84.201218,-45.739365,nan
2024-06-03T14:39:52,84.201195,-45.739071,nan
2024-06-03T14:39:52,84.201164,-45.738773,nan
2024-06-03T14:39:51,84.201134,-45.738483,nan
2024-06-03T14:39:51,84.201103,-45.738197,nan
2024-06-03T14:39:50,84.201073,-45.737907,nan
2024-06-03T14:39:50,84.201042,-45.737621,nan
2024-06-03T14:39:49,84.201012,-45.737335,nan
2024-06-03T14:39:49,84.200981,-45.737053,nan
2024-06-03T14:39:48,84.200951,-45.736767,nan
2024-06-03T14:39:48,84.200912,-45.736488,nan
2024-06-03T14:39:47,84.200882,-45.736206,nan
2024-06-03T14:39:47,84.200851,-45.735928,nan
2024-06-03T14:39:46,84.200821,-45.735653,nan
2024-06-03T14:39:46,84.200790,-45.735378,nan
2024-06-03T14:39:45,84.200752,-45.735104,nan
2024-06-03T14:39:45,84.200722,-45.734833,nan
2024-06-03T14:39:44,84.200691,-45.734558,nan
2024-06-03T14:39:44,84.200661,-45.734283,nan
2024-06-03T14:39:43,84.200623,-45.734009,nan
2024-06-03T14:39:43,84.200592,-45.733734,nan
2024-06-03T14:39:42,84.200554,-45.733456,nan
2024-06-03T14:39:42,84.200523,-45.733181,nan
2024-06-03T14:39:41,84.200485,-45.732899,nan
2024-06-03T14:39:41,84.200455,-45.732616,nan
2024-06-03T14:39:40,84.200424,-45.732334,nan
2024-06-03T14:39:40,84.200386,-45.732056,nan
2024-06-03T14:39:39,84.200348,-45.731777,nan
2024-06-03T14:39:39,84.200317,-45.731503,nan
2024-06-03T14:39:38,84.200279,-45.731228,nan
2024-06-03T14:39:38,84.200241,-45.730957,nan
2024-06-03T14:39:37,84.200165,-45.730427,nan
2024-06-03T14:39:36,84.200127,-45.730167,nan
2024-06-03T14:39:36,84.200081,-45.729908,nan
2024-06-03T14:39:35,84.200043,-45.729652,nan
2024-06-03T14:39:35,84.200005,-45.729401,nan
2024-06-03T14:39:34,84.199959,-45.729149,nan
2024-06-03T14:39:34,84.199921,-45.728901,nan
2024-06-03T14:39:33,84.199875,-45.728657,nan
2024-06-03T14:39:33,84.199829,-45.728405,nan
2024-06-03T14:39:32,84.199783,-45.728153,nan
2024-06-03T14:39:32,84.199745,-45.727901,nan
2024-06-03T14:39:31,84.199699,-45.727654,nan
2024-06-03T14:39:31,84.199654,-45.727398,nan
2024-06-03T14:39:30,84.199600,-45.727142,nan
2024-06-03T14:39:30,84.199554,-45.726887,nan
2024-06-03T14:39:29,84.199509,-45.726631,nan
2024-06-03T14:39:29,84.199463,-45.726372,nan
2024-06-03T14:39:28,84.199417,-45.726109,nan
2024-06-03T14:39:28,84.199364,-45.725842,nan
2024-06-03T14:39:27,84.199318,-45.725571,nan
2024-06-03T14:39:27,84.199265,-45.725288,nan
2024-06-03T14:39:26,84.199219,-45.724998,nan
2024-06-03T14:39:26,84.199165,-45.724697,nan
2024-06-03T14:39:25,84.199112,-45.724388,nan
2024-06-03T14:39:25,84.199059,-45.724072,nan
2024-06-03T14:39:24,84.199013,-45.723740,nan
2024-06-03T14:39:24,84.198959,-45.723400,nan
2024-06-03T14:39:23,84.198906,-45.723045,nan
2024-06-03T14:39:23,84.198860,-45.722687,nan
2024-06-03T14:39:22,84.198807,-45.722321,nan
2024-06-03T14:39:22,84.198753,-45.721947,nan
2024-06-03T14:39:21,84.198700,-45.721569,nan
2024-06-03T14:39:21,84.198654,-45.721184,nan
2024-06-03T14:39:20,84.198601,-45.720798,nan
2024-06-03T14:39:20,84.198547,-45.720421,nan
2024-06-03T14:39:19,84.198502,-45.720039,nan
2024-06-03T14:39:19,84.198448,-45.719658,nan
2024-06-03T14:39:18,84.198395,-45.719280,nan
2024-06-03T14:39:18,84.198349,-45.718906,nan
2024-06-03T14:39:17,84.198296,-45.718529,nan
2024-06-03T14:39:17,84.198242,-45.718147,nan
2024-06-03T14:39:16,84.198196,-45.717773,nan
2024-06-03T14:39:16,84.198143,-45.717400,nan
2024-06-03T14:39:15,84.198097,-45.717030,nan
2024-06-03T14:39:15,84.198044,-45.716660,nan
2024-06-03T14:39:14,84.197998,-45.716293,nan
2024-06-03T14:39:14,84.197945,-45.715927,nan
2024-06-03T14:39:13,84.197899,-45.715569,nan
2024-06-03T14:39:13,84.197845,-45.715214,nan
2024-06-03T14:39:12,84.197800,-45.714855,nan
2024-06-03T14:39:12,84.197746,-45.714500,nan
2024-06-03T14:39:11,84.197701,-45.714146,nan
2024-06-03T14:39:11,84.197647,-45.713791,nan
2024-06-03T14:39:10,84.197601,-45.713428,nan
2024-06-03T14:39:10,84.197548,-45.713074,nan
2024-06-03T14:39:09,84.197502,-45.712711,nan
2024-06-03T14:39:09,84.197449,-45.712349,nan
2024-06-03T14:39:08,84.197403,-45.711987,nan
2024-06-03T14:39:08,84.197357,-45.711628,nan
2024-06-03T14:39:07,84.197304,-45.711273,nan
2024-06-03T14:39:07,84.197258,-45.710922,nan
2024-06-03T14:39:06,84.197205,-45.710579,nan
2024-06-03T14:39:06,84.197159,-45.710236,nan
2024-06-03T14:39:05,84.197113,-45.709896,nan
2024-06-03T14:39:05,84.197060,-45.709560,nan
2024-06-03T14:39:04,84.197014,-45.709229,nan
2024-06-03T14:39:04,84.196968,-45.708900,nan
2024-06-03T14:39:03,84.196915,-45.708576,nan
2024-06-03T14:39:03,84.196869,-45.708252,nan
2024-06-03T14:39:02,84.196815,-45.707932,nan
2024-06-03T14:39:02,84.196770,-45.707611,nan
2024-06-03T14:39:01,84.196716,-45.707294,nan
2024-06-03T14:39:01,84.196671,-45.706982,nan
2024-06-03T14:39:00,84.196617,-45.706669,nan
2024-06-03T14:39:00,84.196571,-45.706360,nan
2024-06-03T14:38:59,84.196518,-45.706055,nan
2024-06-03T14:38:59,84.196465,-45.705750,nan
2024-06-03T14:38:58,84.196419,-45.705444,nan
2024-06-03T14:38:58,84.196365,-45.705139,nan
2024-06-03T14:38:57,84.196320,-45.704838,nan
2024-06-03T14:38:57,84.196266,-45.704536,nan
2024-06-03T14:38:56,84.196213,-45.704235,nan
2024-06-03T14:38:56,84.196167,-45.703938,nan
2024-06-03T14:38:55,84.196114,-45.703640,nan
2024-06-03T14:38:55,84.196060,-45.703346,nan
2024-06-03T14:38:54,84.196014,-45.703053,nan
2024-06-03T14:38:54,84.195961,-45.702763,nan
2024-06-03T14:38:53,84.195908,-45.702473,nan
2024-06-03T14:38:53,84.195862,-45.702187,nan
2024-06-03T14:38:52,84.195808,-45.701904,nan
2024-06-03T14:38:52,84.195763,-45.701618,nan
2024-06-03T14:38:51,84.195709,-45.701340,nan
2024-06-03T14:38:51,84.195656,-45.701057,nan
2024-06-03T14:38:50,84.195602,-45.700779,nan
2024-06-03T14:38:50,84.195549,-45.700504,nan
2024-06-03T14:38:49,84.195503,-45.700230,nan
2024-06-03T14:38:49,84.195442,-45.699959,nan
2024-06-03T14:38:48,84.195396,-45.699692,nan
2024-06-03T14:38:48,84.195335,-45.699429,nan
2024-06-03T14:38:47,84.195282,-45.699165,nan
2024-06-03T14:38:47,84.195229,-45.698902,nan
2024-06-03T14:38:46,84.195175,-45.698639,nan
2024-06-03T14:38:46,84.195114,-45.698376,nan
2024-06-03T14:38:45,84.195061,-45.698116,nan
2024-06-03T14:38:45,84.195000,-45.697861,nan
2024-06-03T14:38:44,84.194939,-45.697609,nan
2024-06-03T14:38:44,84.194885,-45.697365,nan
2024-06-03T14:38:43,84.194824,-45.697121,nan
2024-06-03T14:38:43,84.194763,-45.696880,nan
2024-06-03T14:38:42,84.194702,-45.696644,nan
2024-06-03T14:38:42,84.194641,-45.696415,nan
2024-06-03T14:38:41,84.194580,-45.696186,nan
2024-06-03T14:38:41,84.194519,-45.695957,nan
2024-06-03T14:38:40,84.194458,-45.695732,nan
2024-06-03T14:38:40,84.194389,-45.695503,nan
2024-06-03T14:38:39,84.194328,-45.695274,nan
2024-06-03T14:38:39,84.194267,-45.695045,nan
2024-06-03T14:38:38,84.194206,-45.694820,nan
2024-06-03T14:38:38,84.194138,-45.694592,nan
2024-06-03T14:38:37,84.194077,-45.694363,nan
2024-06-03T14:38:37,84.194008,-45.694134,nan
2024-06-03T14:38:36,84.193947,-45.693897,nan
2024-06-03T14:38:36,84.193878,-45.693665,nan
2024-06-03T14:38:35,84.193817,-45.693428,nan
2024-06-03T14:38:35,84.193748,-45.693188,nan
2024-06-03T14:38:34,84.193680,-45.692947,nan
2024-06-03T14:38:34,84.193611,-45.692711,nan
2024-06-03T14:38:33,84.193542,-45.692471,nan
2024-06-03T14:38:33,84.193481,-45.692226,nan
2024-06-03T14:38:32,84.193413,-45.691990,nan
2024-06-03T14:38:32,84.193344,-45.691753,nan
2024-06-03T14:38:31,84.193275,-45.691517,nan
2024-06-03T14:38:31,84.193207,-45.691280,nan
2024-06-03T14:38:30,84.193138,-45.691048,nan
2024-06-03T14:38:30,84.193069,-45.690819,nan
2024-06-03T14:38:29,84.193001,-45.690590,nan
2024-06-03T14:38:29,84.192932,-45.690361,nan
2024-06-03T14:38:28,84.192863,-45.690136,nan
2024-06-03T14:38:28,84.192795,-45.689911,nan
2024-06-03T14:38:27,84.192726,-45.689690,nan
2024-06-03T14:38:27,84.192657,-45.689468,nan
2024-06-03T14:38:26,84.192589,-45.689251,nan
2024-06-03T14:38:26,84.192520,-45.689037,nan
2024-06-03T14:38:25,84.192451,-45.688820,nan
2024-06-03T14:38:25,84.192383,-45.688602,nan
2024-06-03T14:38:24,84.192314,-45.688385,nan
2024-06-03T14:38:24,84.192245,-45.688164,nan
2024-06-03T14:38:23,84.192169,-45.687939,nan
2024-06-03T14:38:23,84.192101,-45.687714,nan
2024-06-03T14:38:22,84.192032,-45.687485,nan
2024-06-03T14:38:22,84.191956,-45.687252,nan
2024-06-03T14:38:21,84.191887,-45.687016,nan
2024-06-03T14:38:21,84.191818,-45.686783,nan
2024-06-03T14:38:20,84.191750,-45.686543,nan
2024-06-03T14:38:20,84.191673,-45.686310,nan
2024-06-03T14:38:19,84.191605,-45.686069,nan
2024-06-03T14:38:19,84.191528,-45.685837,nan
2024-06-03T14:38:18,84.191460,-45.685600,nan
2024-06-03T14:38:18,84.191391,-45.685364,nan
2024-06-03T14:38:17,84.191315,-45.685123,nan
2024-06-03T14:38:17,84.191246,-45.684883,nan
2024-06-03T14:38:16,84.191170,-45.684643,nan
2024-06-03T14:38:16,84.191093,-45.684399,nan
2024-06-03T14:38:15,84.191025,-45.684155,nan
2024-06-03T14:38:15,84.190948,-45.683918,nan
2024-06-03T14:38:14,84.190872,-45.683681,nan
2024-06-03T14:38:14,84.190804,-45.683445,nan
2024-06-03T14:38:13,84.190727,-45.683216,nan
2024-06-03T14:38:13,84.190651,-45.682987,nan
2024-06-03T14:38:12,84.190582,-45.682766,nan
2024-06-03T14:38:12,84.190506,-45.682545,nan
2024-06-03T14:38:11,84.190430,-45.682327,nan
2024-06-03T14:38:11,84.190353,-45.682110,nan
2024-06-03T14:38:10,84.190285,-45.681892,nan
2024-06-03T14:38:10,84.190208,-45.681679,nan
2024-06-03T14:38:09,84.190132,-45.681465,nan
2024-06-03T14:38:09,84.190056,-45.681255,nan
2024-06-03T14:38:08,84.189980,-45.681049,nan
2024-06-03T14:38:08,84.189903,-45.680843,nan
2024-06-03T14:38:07,84.189827,-45.680641,nan
2024-06-03T14:38:07,84.189751,-45.680447,nan
2024-06-03T14:38:06,84.189674,-45.680248,nan
2024-06-03T14:38:06,84.189598,-45.680050,nan
2024-06-03T14:38:05,84.189522,-45.679852,nan
2024-06-03T14:38:05,84.189445,-45.679646,nan
2024-06-03T14:38:04,84.189362,-45.679436,nan
2024-06-03T14:38:04,84.189285,-45.679222,nan
2024-06-03T14:38:03,84.189209,-45.679005,nan
2024-06-03T14:38:03,84.189133,-45.678783,nan
2024-06-03T14:38:02,84.189049,-45.678558,nan
2024-06-03T14:38:02,84.188972,-45.678333,nan
2024-06-03T14:38:01,84.188889,-45.678108,nan
2024-06-03T14:38:01,84.188812,-45.677876,nan
2024-06-03T14:38:00,84.188728,-45.677643,nan
2024-06-03T14:38:00,84.188652,-45.677406,nan
2024-06-03T14:37:59,84.188568,-45.677170,nan
2024-06-03T14:37:59,84.188484,-45.676929,nan
2024-06-03T14:37:58,84.188408,-45.676689,nan
2024-06-03T14:37:58,84.188324,-45.676449,nan
2024-06-03T14:37:57,84.188240,-45.676205,nan
2024-06-03T14:37:57,84.188156,-45.675964,nan
2024-06-03T14:37:56,84.188072,-45.675720,nan
2024-06-03T14:37:56,84.187988,-45.675480,nan
2024-06-03T14:37:55,84.187904,-45.675240,nan
2024-06-03T14:37:55,84.187820,-45.674995,nan
2024-06-03T14:37:54,84.187737,-45.674747,nan
2024-06-03T14:37:54,84.187653,-45.674500,nan
2024-06-03T14:37:53,84.187569,-45.674248,nan
2024-06-03T14:37:53,84.187485,-45.673996,nan
2024-06-03T14:37:52,84.187401,-45.673740,nan
2024-06-03T14:37:52,84.187317,-45.673485,nan
2024-06-03T14:37:51,84.187233,-45.673225,nan
2024-06-03T14:37:51,84.187149,-45.672966,nan
2024-06-03T14:37:50,84.187065,-45.672703,nan
2024-06-03T14:37:50,84.186981,-45.672440,nan
2024-06-03T14:37:49,84.186897,-45.672169,nan
2024-06-03T14:37:49,84.186813,-45.671898,nan
2024-06-03T14:37:48,84.186729,-45.671631,nan
2024-06-03T14:37:48,84.186646,-45.671356,nan
2024-06-03T14:37:47,84.186562,-45.671085,nan
2024-06-03T14:37:47,84.186485,-45.670811,nan
2024-06-03T14:37:46,84.186401,-45.670532,nan
2024-06-03T14:37:46,84.186317,-45.670254,nan
2024-06-03T14:37:45,84.186234,-45.669971,nan
2024-06-03T14:37:45,84.186150,-45.669689,nan
2024-06-03T14:37:44,84.186073,-45.669411,nan
2024-06-03T14:37:44,84.185989,-45.669128,nan
2024-06-03T14:37:43,84.185905,-45.668842,nan
2024-06-03T14:37:43,84.185822,-45.668560,nan
2024-06-03T14:37:42,84.185738,-45.668278,nan
2024-06-03T14:37:42,84.185661,-45.667992,nan
2024-06-03T14:37:41,84.185577,-45.667709,nan
2024-06-03T14:37:41,84.185493,-45.667427,nan
2024-06-03T14:37:40,84.185410,-45.667149,nan
2024-06-03T14:37:40,84.185326,-45.666870,nan
2024-06-03T14:37:39,84.185242,-45.666595,nan
2024-06-03T14:37:39,84.185165,-45.666325,nan
2024-06-03T14:37:38,84.185081,-45.666061,nan
2024-06-03T14:37:38,84.184998,-45.665794,nan
2024-06-03T14:37:37,84.184914,-45.665527,nan
2024-06-03T14:37:37,84.184830,-45.665257,nan
2024-06-03T14:37:36,84.184746,-45.664993,nan
2024-06-03T14:37:36,84.184654,-45.664726,nan
2024-06-03T14:37:35,84.184570,-45.664463,nan
2024-06-03T14:37:35,84.184486,-45.664196,nan
2024-06-03T14:37:34,84.184402,-45.663933,nan
2024-06-03T14:37:34,84.184319,-45.663670,nan
2024-06-03T14:37:33,84.184227,-45.663403,nan
2024-06-03T14:37:33,84.184143,-45.663136,nan
2024-06-03T14:37:32,84.184059,-45.662865,nan
2024-06-03T14:37:32,84.183975,-45.662590,nan
2024-06-03T14:37:31,84.183884,-45.662315,nan
2024-06-03T14:37:31,84.183800,-45.662041,nan
2024-06-03T14:37:30,84.183716,-45.661762,nan
2024-06-03T14:37:30,84.183624,-45.661484,nan
2024-06-03T14:37:29,84.183540,-45.661205,nan
2024-06-03T14:37:29,84.183456,-45.660931,nan
2024-06-03T14:37:28,84.183365,-45.660652,nan
2024-06-03T14:37:28,84.183281,-45.660378,nan
2024-06-03T14:37:27,84.183189,-45.660099,nan
2024-06-03T14:37:27,84.183105,-45.659824,nan
2024-06-03T14:37:26,84.183022,-45.659550,nan
2024-06-03T14:37:26,84.182938,-45.659271,nan
2024-06-03T14:37:25,84.182846,-45.659000,nan
2024-06-03T14:37:25,84.182762,-45.658726,nan
2024-06-03T14:37:24,84.182678,-45.658455,nan
2024-06-03T14:37:24,84.182587,-45.658180,nan
2024-06-03T14:37:23,84.182503,-45.657913,nan
2024-06-03T14:37:23,84.182419,-45.657646,nan
2024-06-03T14:37:22,84.182327,-45.657375,nan
2024-06-03T14:37:22,84.182243,-45.657112,nan
2024-06-03T14:37:21,84.182152,-45.656849,nan
2024-06-03T14:37:21,84.182068,-45.656593,nan
2024-06-03T14:37:20,84.181976,-45.656342,nan
2024-06-03T14:37:20,84.181892,-45.656094,nan
2024-06-03T14:37:19,84.181808,-45.655849,nan
2024-06-03T14:37:19,84.181725,-45.655617,nan
2024-06-03T14:37:18,84.181641,-45.655392,nan
2024-06-03T14:37:18,84.181557,-45.655163,nan
2024-06-03T14:37:17,84.181473,-45.654938,nan
2024-06-03T14:37:17,84.181389,-45.654713,nan
2024-06-03T14:37:16,84.181313,-45.654488,nan
2024-06-03T14:37:16,84.181229,-45.654266,nan
2024-06-03T14:37:15,84.181152,-45.654041,nan
2024-06-03T14:37:15,84.181068,-45.653820,nan
2024-06-03T14:37:14,84.180984,-45.653599,nan
2024-06-03T14:37:14,84.180908,-45.653374,nan
2024-06-03T14:37:13,84.180824,-45.653149,nan
2024-06-03T14:37:13,84.180740,-45.652916,nan
2024-06-03T14:37:12,84.180664,-45.652676,nan
2024-06-03T14:37:12,84.180580,-45.652420,nan
2024-06-03T14:37:11,84.180504,-45.652157,nan
2024-06-03T14:37:11,84.180420,-45.651882,nan
2024-06-03T14:37:10,84.180344,-45.651596,nan
2024-06-03T14:37:10,84.180260,-45.651302,nan
2024-06-03T14:37:09,84.180183,-45.651001,nan
2024-06-03T14:37:09,84.180099,-45.650696,nan
2024-06-03T14:37:08,84.180023,-45.650383,nan
2024-06-03T14:37:08,84.179939,-45.650070,nan
2024-06-03T14:37:07,84.179863,-45.649754,nan
2024-06-03T14:37:07,84.179787,-45.649437,nan
2024-06-03T14:37:06,84.179703,-45.649117,nan
2024-06-03T14:37:06,84.179626,-45.648785,nan
2024-06-03T14:37:05,84.179543,-45.648453,nan
2024-06-03T14:37:05,84.179466,-45.648121,nan
2024-06-03T14:37:04,84.179382,-45.647785,nan
2024-06-03T14:37:04,84.179306,-45.647442,nan
2024-06-03T14:37:03,84.179222,-45.647095,nan
2024-06-03T14:37:03,84.179146,-45.646736,nan
2024-06-03T14:37:02,84.179062,-45.646370,nan
2024-06-03T14:37:02,84.178978,-45.645992,nan
2024-06-03T14:37:01,84.178902,-45.645611,nan
2024-06-03T14:37:01,84.178818,-45.645214,nan
2024-06-03T14:37:00,84.178734,-45.644806,nan
2024-06-03T14:37:00,84.178658,-45.644386,nan
2024-06-03T14:36:59,84.178574,-45.643967,nan
2024-06-03T14:36:59,84.178490,-45.643543,nan
2024-06-03T14:36:58,84.178406,-45.643116,nan
2024-06-03T14:36:58,84.178322,-45.642696,nan
2024-06-03T14:36:57,84.178246,-45.642273,nan
2024-06-03T14:36:57,84.178162,-45.641850,nan
2024-06-03T14:36:56,84.178078,-45.641430,nan
2024-06-03T14:36:56,84.177994,-45.641010,nan
2024-06-03T14:36:55,84.177917,-45.640602,nan
2024-06-03T14:36:55,84.177834,-45.640202,nan
2024-06-03T14:36:54,84.177750,-45.639809,nan
2024-06-03T14:36:54,84.177673,-45.639423,nan
2024-06-03T14:36:53,84.177589,-45.639046,nan
2024-06-03T14:36:53,84.177513,-45.638676,nan
2024-06-03T14:36:52,84.177429,-45.638309,nan
2024-06-03T14:36:52,84.177353,-45.637951,nan
2024-06-03T14:36:51,84.177269,-45.637589,nan
2024-06-03T14:36:51,84.177193,-45.637238,nan
2024-06-03T14:36:50,84.177109,-45.636890,nan
2024-06-03T14:36:50,84.177032,-45.636547,nan
2024-06-03T14:36:49,84.176949,-45.636208,nan
2024-06-03T14:36:49,84.176872,-45.635876,nan
2024-06-03T14:36:48,84.176788,-45.635544,nan
2024-06-03T14:36:48,84.176712,-45.635220,nan
2024-06-03T14:36:47,84.176628,-45.634895,nan
2024-06-03T14:36:47,84.176552,-45.634583,nan
2024-06-03T14:36:46,84.176468,-45.634274,nan
2024-06-03T14:36:46,84.176392,-45.633980,nan
2024-06-03T14:36:45,84.176315,-45.633690,nan
2024-06-03T14:36:45,84.176231,-45.633408,nan
2024-06-03T14:36:44,84.176155,-45.633133,nan
2024-06-03T14:36:44,84.176079,-45.632858,nan
2024-06-03T14:36:43,84.176003,-45.632587,nan
2024-06-03T14:36:43,84.175926,-45.632317,nan
2024-06-03T14:36:42,84.175858,-45.632042,nan
2024-06-03T14:36:42,84.175781,-45.631771,nan
2024-06-03T14:36:41,84.175713,-45.631493,nan
2024-06-03T14:36:41,84.175636,-45.631210,nan
2024-06-03T14:36:40,84.175568,-45.630924,nan
2024-06-03T14:36:40,84.175499,-45.630642,nan
2024-06-03T14:36:39,84.175430,-45.630360,nan
2024-06-03T14:36:39,84.175362,-45.630089,nan
2024-06-03T14:36:38,84.175285,-45.629833,nan
2024-06-03T14:36:38,84.175217,-45.629593,nan
2024-06-03T14:36:37,84.175148,-45.629368,nan
2024-06-03T14:36:37,84.175087,-45.629154,nan
2024-06-03T14:36:36,84.175018,-45.628956,nan
2024-06-03T14:36:36,84.174957,-45.628765,nan
2024-06-03T14:36:35,84.174896,-45.628582,nan
2024-06-03T14:36:35,84.174835,-45.628407,nan
2024-06-03T14:36:34,84.174774,-45.628242,nan
2024-06-03T14:36:34,84.174713,-45.628086,nan
2024-06-03T14:36:33,84.174652,-45.627941,nan
2024-06-03T14:36:33,84.174599,-45.627804,nan
2024-06-03T14:36:32,84.174538,-45.627666,nan
2024-06-03T14:36:32,84.174484,-45.627533,nan
2024-06-03T14:36:31,84.174423,-45.627392,nan
2024-06-03T14:36:31,84.174370,-45.627239,nan
2024-06-03T14:36:30,84.174309,-45.627079,nan
2024-06-03T14:36:30,84.174255,-45.626911,nan
2024-06-03T14:36:29,84.174194,-45.626736,nan
2024-06-03T14:36:29,84.174133,-45.626553,nan
2024-06-03T14:36:28,84.174080,-45.626373,nan
2024-06-03T14:36:28,84.174019,-45.626190,nan
2024-06-03T14:36:27,84.173965,-45.626007,nan
2024-06-03T14:36:27,84.173904,-45.625820,nan
2024-06-03T14:36:26,84.173843,-45.625633,nan
2024-06-03T14:36:26,84.173790,-45.625450,nan
2024-06-03T14:36:25,84.173737,-45.625267,nan
2024-06-03T14:36:25,84.173683,-45.625088,nan
2024-06-03T14:36:24,84.173630,-45.624908,nan
2024-06-03T14:36:24,84.173576,-45.624733,nan
2024-06-03T14:36:23,84.173523,-45.624557,nan
2024-06-03T14:36:23,84.173470,-45.624390,nan
2024-06-03T14:36:22,84.173424,-45.624233,nan
2024-06-03T14:36:22,84.173370,-45.624084,nan
2024-06-03T14:36:21,84.173325,-45.623947,nan
2024-06-03T14:36:21,84.173279,-45.623821,nan
2024-06-03T14:36:20,84.173233,-45.623692,nan
2024-06-03T14:36:20,84.173187,-45.623566,nan
2024-06-03T14:36:19,84.173141,-45.623432,nan
2024-06-03T14:36:19,84.173096,-45.623302,nan
2024-06-03T14:36:18,84.173050,-45.623169,nan
2024-06-03T14:36:18,84.173012,-45.623035,nan
2024-06-03T14:36:17,84.172966,-45.622902,nan
2024-06-03T14:36:17,84.172920,-45.622768,nan
2024-06-03T14:36:16,84.172882,-45.622627,nan
2024-06-03T14:36:16,84.172844,-45.622482,nan
2024-06-03T14:36:15,84.172798,-45.622334,nan
2024-06-03T14:36:15,84.172760,-45.622185,nan
2024-06-03T14:36:14,84.172722,-45.622032,nan
2024-06-03T14:36:14,84.172684,-45.621876,nan
2024-06-03T14:36:13,84.172646,-45.621712,nan
2024-06-03T14:36:13,84.172607,-45.621544,nan
2024-06-03T14:36:12,84.172569,-45.621372,nan
2024-06-03T14:36:12,84.172539,-45.621193,nan
2024-06-03T14:36:11,84.172501,-45.621006,nan
2024-06-03T14:36:11,84.172470,-45.620819,nan
2024-06-03T14:36:10,84.172432,-45.620625,nan
2024-06-03T14:36:10,84.172401,-45.620419,nan
2024-06-03T14:36:09,84.172363,-45.620205,nan
2024-06-03T14:36:09,84.172333,-45.619980,nan
2024-06-03T14:36:08,84.172295,-45.619747,nan
2024-06-03T14:36:08,84.172264,-45.619499,nan
2024-06-03T14:36:07,84.172226,-45.619244,nan
2024-06-03T14:36:07,84.172188,-45.618973,nan
2024-06-03T14:36:06,84.172157,-45.618690,nan
2024-06-03T14:36:06,84.172119,-45.618397,nan
2024-06-03T14:36:05,84.172089,-45.618099,nan
2024-06-03T14:36:05,84.172050,-45.617790,nan
2024-06-03T14:36:04,84.172020,-45.617477,nan
2024-06-03T14:36:04,84.171982,-45.617165,nan
2024-06-03T14:36:03,84.171951,-45.616856,nan
2024-06-03T14:36:03,84.171913,-45.616554,nan
2024-06-03T14:36:02,84.171875,-45.616264,nan
2024-06-03T14:36:02,84.171837,-45.615974,nan
2024-06-03T14:36:01,84.171799,-45.615692,nan
2024-06-03T14:36:01,84.171761,-45.615410,nan
2024-06-03T14:36:00,84.171722,-45.615124,nan
2024-06-03T14:36:00,84.171684,-45.614841,nan
2024-06-03T14:35:59,84.171646,-45.614559,nan
2024-06-03T14:35:59,84.171608,-45.614277,nan
2024-06-03T14:35:58,84.171562,-45.614002,nan
2024-06-03T14:35:58,84.171524,-45.613739,nan
2024-06-03T14:35:57,84.171486,-45.613483,nan
2024-06-03T14:35:57,84.171448,-45.613235,nan
2024-06-03T14:35:56,84.171410,-45.612995,nan
2024-06-03T14:35:56,84.171371,-45.612751,nan
2024-06-03T14:35:55,84.171333,-45.612511,nan
2024-06-03T14:35:55,84.171303,-45.612270,nan
2024-06-03T14:35:54,84.171265,-45.612034,nan
2024-06-03T14:35:54,84.171234,-45.611786,nan
2024-06-03T14:35:53,84.171204,-45.611538,nan
2024-06-03T14:35:53,84.171165,-45.611294,nan
2024-06-03T14:35:52,84.171143,-45.611057,nan
2024-06-03T14:35:52,84.171112,-45.610832,nan
2024-06-03T14:35:51,84.171082,-45.610607,nan
2024-06-03T14:35:51,84.171051,-45.610394,nan
2024-06-03T14:35:50,84.171021,-45.610188,nan
2024-06-03T14:35:50,84.170998,-45.609985,nan
2024-06-03T14:35:49,84.170967,-45.609787,nan
2024-06-03T14:35:49,84.170944,-45.609596,nan
2024-06-03T14:35:48,84.170921,-45.609409,nan
2024-06-03T14:35:48,84.170898,-45.609230,nan
2024-06-03T14:35:47,84.170876,-45.609055,nan
2024-06-03T14:35:47,84.170853,-45.608891,nan
2024-06-03T14:35:46,84.170837,-45.608723,nan
2024-06-03T14:35:46,84.170815,-45.608562,nan
2024-06-03T14:35:45,84.170799,-45.608406,nan
2024-06-03T14:35:45,84.170776,-45.608250,nan
2024-06-03T14:35:44,84.170761,-45.608086,nan
2024-06-03T14:35:44,84.170746,-45.607914,nan
2024-06-03T14:35:43,84.170731,-45.607738,nan
2024-06-03T14:35:43,84.170708,-45.607552,nan
2024-06-03T14:35:42,84.170692,-45.607353,nan
2024-06-03T14:35:42,84.170677,-45.607159,nan
2024-06-03T14:35:41,84.170662,-45.606945,nan
2024-06-03T14:35:41,84.170647,-45.606724,nan
2024-06-03T14:35:40,84.170631,-45.606499,nan
2024-06-03T14:35:40,84.170616,-45.606270,nan
2024-06-03T14:35:39,84.170601,-45.606037,nan
2024-06-03T14:35:39,84.170586,-45.605808,nan
2024-06-03T14:35:38,84.170570,-45.605583,nan
2024-06-03T14:35:38,84.170555,-45.605366,nan
2024-06-03T14:35:37,84.170540,-45.605145,nan
2024-06-03T14:35:37,84.170532,-45.604927,nan
2024-06-03T14:35:36,84.170517,-45.604702,nan
2024-06-03T14:35:36,84.170502,-45.604481,nan
2024-06-03T14:35:35,84.170494,-45.604256,nan
2024-06-03T14:35:35,84.170479,-45.604023,nan
2024-06-03T14:35:34,84.170471,-45.603798,nan
2024-06-03T14:35:34,84.170456,-45.603573,nan
2024-06-03T14:35:33,84.170448,-45.603352,nan
2024-06-03T14:35:33,84.170441,-45.603134,nan
2024-06-03T14:35:32,84.170425,-45.602924,nan
2024-06-03T14:35:32,84.170418,-45.602707,nan
2024-06-03T14:35:31,84.170403,-45.602493,nan
2024-06-03T14:35:31,84.170395,-45.602276,nan
2024-06-03T14:35:30,84.170380,-45.602058,nan
2024-06-03T14:35:30,84.170364,-45.601841,nan
2024-06-03T14:35:29,84.170349,-45.601631,nan
2024-06-03T14:35:29,84.170334,-45.601418,nan
2024-06-03T14:35:28,84.170311,-45.601212,nan
2024-06-03T14:35:28,84.170296,-45.601009,nan
2024-06-03T14:35:27,84.170273,-45.600819,nan
2024-06-03T14:35:27,84.170250,-45.600628,nan
2024-06-03T14:35:26,84.170227,-45.600445,nan
2024-06-03T14:35:26,84.170204,-45.600266,nan
2024-06-03T14:35:25,84.170181,-45.600086,nan
2024-06-03T14:35:25,84.170158,-45.599918,nan
2024-06-03T14:35:24,84.170128,-45.599743,nan
2024-06-03T14:35:24,84.170105,-45.599567,nan
2024-06-03T14:35:23,84.170082,-45.599388,nan
2024-06-03T14:35:23,84.170059,-45.599205,nan
2024-06-03T14:35:22,84.170029,-45.599018,nan
2024-06-03T14:35:22,84.170006,-45.598831,nan
2024-06-03T14:35:21,84.169983,-45.598640,nan
2024-06-03T14:35:21,84.169960,-45.598457,nan
2024-06-03T14:35:20,84.169937,-45.598274,nan
2024-06-03T14:35:20,84.169914,-45.598095,nan
2024-06-03T14:35:19,84.169899,-45.597919,nan
2024-06-03T14:35:19,84.169884,-45.597748,nan
2024-06-03T14:35:18,84.169861,-45.597576,nan
2024-06-03T14:35:18,84.169846,-45.597404,nan
2024-06-03T14:35:17,84.169838,-45.597233,nan
2024-06-03T14:35:17,84.169823,-45.597061,nan
2024-06-03T14:35:16,84.169807,-45.596886,nan
2024-06-03T14:35:16,84.169800,-45.596706,nan
2024-06-03T14:35:15,84.169785,-45.596523,nan
2024-06-03T14:35:15,84.169777,-45.596333,nan
2024-06-03T14:35:14,84.169762,-45.596142,nan
2024-06-03T14:35:14,84.169746,-45.595947,nan
2024-06-03T14:35:13,84.169731,-45.595749,nan
2024-06-03T14:35:13,84.169716,-45.595539,nan
2024-06-03T14:35:12,84.169701,-45.595337,nan
2024-06-03T14:35:12,84.169693,-45.595135,nan
2024-06-03T14:35:11,84.169678,-45.594936,nan
2024-06-03T14:35:11,84.169662,-45.594734,nan
2024-06-03T14:35:10,84.169647,-45.594543,nan
2024-06-03T14:35:10,84.169640,-45.594345,nan
2024-06-03T14:35:09,84.169624,-45.594151,nan
2024-06-03T14:35:09,84.169609,-45.593956,nan
2024-06-03T14:35:08,84.169594,-45.593761,nan
2024-06-03T14:35:08,84.169571,-45.593567,nan
2024-06-03T14:35:07,84.169556,-45.593376,nan
2024-06-03T14:35:07,84.169533,-45.593189,nan
2024-06-03T14:35:06,84.169518,-45.593010,nan
2024-06-03T14:35:06,84.169495,-45.592842,nan
2024-06-03T14:35:05,84.169472,-45.592674,nan
2024-06-03T14:35:05,84.169456,-45.592499,nan
2024-06-03T14:35:04,84.169434,-45.592312,nan
2024-06-03T14:35:04,84.169411,-45.592117,nan
2024-06-03T14:35:03,84.169388,-45.591923,nan
2024-06-03T14:35:03,84.169373,-45.591721,nan
2024-06-03T14:35:02,84.169350,-45.591511,nan
2024-06-03T14:35:02,84.169327,-45.591305,nan
2024-06-03T14:35:01,84.169312,-45.591103,nan
2024-06-03T14:35:01,84.169289,-45.590904,nan
2024-06-03T14:35:00,84.169273,-45.590706,nan
2024-06-03T14:35:00,84.169258,-45.590511,nan
2024-06-03T14:34:59,84.169235,-45.590328,nan
2024-06-03T14:34:59,84.169220,-45.590137,nan
2024-06-03T14:34:58,84.169205,-45.589947,nan
2024-06-03T14:34:58,84.169189,-45.589745,nan
2024-06-03T14:34:57,84.169174,-45.589539,nan
2024-06-03T14:34:57,84.169159,-45.589333,nan
2024-06-03T14:34:56,84.169144,-45.589115,nan
2024-06-03T14:34:56,84.169121,-45.588886,nan
2024-06-03T14:34:55,84.169106,-45.588650,nan
2024-06-03T14:34:55,84.169090,-45.588409,nan
2024-06-03T14:34:54,84.169075,-45.588158,nan
2024-06-03T14:34:54,84.169060,-45.587898,nan
2024-06-03T14:34:53,84.169037,-45.587624,nan
2024-06-03T14:34:53,84.169029,-45.587360,nan
2024-06-03T14:34:52,84.169006,-45.587139,nan
2024-06-03T14:34:52,84.168991,-45.586868,nan
2024-06-03T14:34:51,84.168976,-45.586559,nan
2024-06-03T14:34:51,84.168953,-45.586224,nan
2024-06-03T14:34:50,84.168938,-45.585876,nan
2024-06-03T14:34:50,84.168907,-45.585495,nan
2024-06-03T14:34:49,84.168869,-45.585098,nan
2024-06-03T14:34:49,84.168823,-45.584660,nan
2024-06-03T14:34:48,84.168770,-45.584202,nan
2024-06-03T14:34:48,84.168694,-45.583660,nan
2024-06-03T14:34:47,84.168579,-45.583080,nan
2024-06-03T14:34:47,84.168381,-45.582596,nan
2024-06-03T14:34:46,84.167999,-45.582447,nan
2024-06-03T14:34:46,84.167427,-45.582222,nan
2024-06-03T14:34:42,84.168381,-45.581448,nan
2024-06-03T14:34:42,84.169296,-45.581379,nan
2024-06-03T14:34:41,84.170250,-45.581264,nan
