datetime,lat,lon,elev
2024-06-06T16:54:01,83.301781,-58.369736,nan
2024-06-06T16:54:00,83.301788,-58.369743,nan
2024-06-06T16:54:00,83.301804,-58.369740,nan
2024-06-06T16:53:59,83.301819,-58.369736,nan
2024-06-06T16:53:59,83.301834,-58.369720,nan
2024-06-06T16:53:58,83.301849,-58.369705,nan
2024-06-06T16:53:58,83.301872,-58.369686,nan
2024-06-06T16:53:57,83.301888,-58.369671,nan
2024-06-06T16:53:57,83.301910,-58.369652,nan
2024-06-06T16:53:56,83.301926,-58.369633,nan
2024-06-06T16:53:56,83.301949,-58.369610,nan
2024-06-06T16:53:55,83.301964,-58.369579,nan
2024-06-06T16:53:55,83.301987,-58.369545,nan
2024-06-06T16:53:54,83.302002,-58.369507,nan
2024-06-06T16:53:54,83.302025,-58.369461,nan
2024-06-06T16:53:53,83.302048,-58.369411,nan
2024-06-06T16:53:53,83.302063,-58.369350,nan
2024-06-06T16:53:52,83.302086,-58.369282,nan
2024-06-06T16:53:52,83.302109,-58.369205,nan
2024-06-06T16:53:51,83.302132,-58.369122,nan
2024-06-06T16:53:51,83.302147,-58.369034,nan
2024-06-06T16:53:50,83.302170,-58.368942,nan
2024-06-06T16:53:50,83.302193,-58.368847,nan
2024-06-06T16:53:49,83.302216,-58.368736,nan
2024-06-06T16:53:49,83.302231,-58.368618,nan
2024-06-06T16:53:48,83.302254,-58.368484,nan
2024-06-06T16:53:48,83.302277,-58.368343,nan
2024-06-06T16:53:47,83.302299,-58.368183,nan
2024-06-06T16:53:47,83.302322,-58.368011,nan
2024-06-06T16:53:46,83.302345,-58.367832,nan
2024-06-06T16:53:46,83.302368,-58.367645,nan
2024-06-06T16:53:45,83.302391,-58.367451,nan
2024-06-06T16:53:45,83.302414,-58.367252,nan
2024-06-06T16:53:44,83.302437,-58.367058,nan
2024-06-06T16:53:44,83.302460,-58.366867,nan
2024-06-06T16:53:43,83.302483,-58.366676,nan
2024-06-06T16:53:43,83.302513,-58.366493,nan
2024-06-06T16:53:42,83.302536,-58.366310,nan
2024-06-06T16:53:42,83.302567,-58.366127,nan
2024-06-06T16:53:41,83.302589,-58.365952,nan
2024-06-06T16:53:41,83.302612,-58.365776,nan
2024-06-06T16:53:40,83.302643,-58.365604,nan
2024-06-06T16:53:40,83.302666,-58.365437,nan
2024-06-06T16:53:39,83.302696,-58.365265,nan
2024-06-06T16:53:39,83.302719,-58.365093,nan
2024-06-06T16:53:38,83.302750,-58.364925,nan
2024-06-06T16:53:38,83.302773,-58.364758,nan
2024-06-06T16:53:37,83.302795,-58.364594,nan
2024-06-06T16:53:37,83.302826,-58.364429,nan
2024-06-06T16:53:36,83.302849,-58.364265,nan
2024-06-06T16:53:36,83.302879,-58.364101,nan
2024-06-06T16:53:35,83.302902,-58.363937,nan
2024-06-06T16:53:35,83.302933,-58.363770,nan
2024-06-06T16:53:34,83.302956,-58.363602,nan
2024-06-06T16:53:34,83.302986,-58.363430,nan
2024-06-06T16:53:33,83.303009,-58.363262,nan
2024-06-06T16:53:33,83.303040,-58.363091,nan
2024-06-06T16:53:32,83.303062,-58.362926,nan
2024-06-06T16:53:32,83.303085,-58.362759,nan
2024-06-06T16:53:31,83.303116,-58.362591,nan
2024-06-06T16:53:31,83.303139,-58.362427,nan
2024-06-06T16:53:30,83.303169,-58.362267,nan
2024-06-06T16:53:30,83.303192,-58.362110,nan
2024-06-06T16:53:29,83.303246,-58.361794,nan
2024-06-06T16:53:28,83.303268,-58.361637,nan
2024-06-06T16:53:28,83.303299,-58.361485,nan
2024-06-06T16:53:27,83.303322,-58.361332,nan
2024-06-06T16:53:27,83.303352,-58.361179,nan
2024-06-06T16:53:26,83.303375,-58.361031,nan
2024-06-06T16:53:26,83.303398,-58.360886,nan
2024-06-06T16:53:25,83.303429,-58.360741,nan
2024-06-06T16:53:25,83.303452,-58.360600,nan
2024-06-06T16:53:24,83.303474,-58.360458,nan
2024-06-06T16:53:24,83.303497,-58.360313,nan
2024-06-06T16:53:23,83.303520,-58.360168,nan
2024-06-06T16:53:23,83.303551,-58.360020,nan
2024-06-06T16:53:22,83.303574,-58.359875,nan
2024-06-06T16:53:22,83.303596,-58.359730,nan
2024-06-06T16:53:21,83.303619,-58.359589,nan
2024-06-06T16:53:21,83.303642,-58.359455,nan
2024-06-06T16:53:20,83.303673,-58.359329,nan
2024-06-06T16:53:20,83.303696,-58.359203,nan
2024-06-06T16:53:19,83.303719,-58.359081,nan
2024-06-06T16:53:19,83.303741,-58.358963,nan
2024-06-06T16:53:18,83.303764,-58.358841,nan
2024-06-06T16:53:18,83.303795,-58.358719,nan
2024-06-06T16:53:17,83.303818,-58.358601,nan
2024-06-06T16:53:17,83.303841,-58.358479,nan
2024-06-06T16:53:16,83.303864,-58.358360,nan
2024-06-06T16:53:16,83.303886,-58.358242,nan
2024-06-06T16:53:15,83.303909,-58.358124,nan
2024-06-06T16:53:15,83.303932,-58.358006,nan
2024-06-06T16:53:14,83.303963,-58.357891,nan
2024-06-06T16:53:14,83.303986,-58.357777,nan
2024-06-06T16:53:13,83.304008,-58.357662,nan
2024-06-06T16:53:13,83.304031,-58.357552,nan
2024-06-06T16:53:12,83.304054,-58.357441,nan
2024-06-06T16:53:12,83.304077,-58.357330,nan
2024-06-06T16:53:11,83.304100,-58.357220,nan
2024-06-06T16:53:11,83.304123,-58.357101,nan
2024-06-06T16:53:10,83.304146,-58.356983,nan
2024-06-06T16:53:10,83.304169,-58.356861,nan
2024-06-06T16:53:09,83.304192,-58.356735,nan
2024-06-06T16:53:09,83.304214,-58.356606,nan
2024-06-06T16:53:08,83.304230,-58.356468,nan
2024-06-06T16:53:08,83.304253,-58.356331,nan
2024-06-06T16:53:07,83.304276,-58.356190,nan
2024-06-06T16:53:07,83.304298,-58.356049,nan
2024-06-06T16:53:06,83.304321,-58.355907,nan
2024-06-06T16:53:06,83.304344,-58.355762,nan
2024-06-06T16:53:05,83.304367,-58.355618,nan
2024-06-06T16:53:05,83.304398,-58.355473,nan
2024-06-06T16:53:04,83.304420,-58.355331,nan
2024-06-06T16:53:04,83.304443,-58.355190,nan
2024-06-06T16:53:03,83.304474,-58.355053,nan
2024-06-06T16:53:03,83.304497,-58.354919,nan
2024-06-06T16:53:02,83.304520,-58.354782,nan
2024-06-06T16:53:02,83.304550,-58.354652,nan
2024-06-06T16:53:01,83.304573,-58.354523,nan
2024-06-06T16:53:01,83.304596,-58.354389,nan
2024-06-06T16:53:00,83.304619,-58.354259,nan
2024-06-06T16:53:00,83.304642,-58.354126,nan
2024-06-06T16:52:59,83.304665,-58.353992,nan
2024-06-06T16:52:59,83.304680,-58.353855,nan
2024-06-06T16:52:58,83.304703,-58.353722,nan
2024-06-06T16:52:58,83.304726,-58.353588,nan
2024-06-06T16:52:57,83.304749,-58.353458,nan
2024-06-06T16:52:57,83.304771,-58.353333,nan
2024-06-06T16:52:56,83.304794,-58.353207,nan
2024-06-06T16:52:56,83.304817,-58.353081,nan
2024-06-06T16:52:55,83.304840,-58.352959,nan
2024-06-06T16:52:55,83.304871,-58.352833,nan
2024-06-06T16:52:54,83.304893,-58.352711,nan
2024-06-06T16:52:54,83.304916,-58.352581,nan
2024-06-06T16:52:53,83.304939,-58.352448,nan
2024-06-06T16:52:53,83.304970,-58.352318,nan
2024-06-06T16:52:52,83.304993,-58.352184,nan
2024-06-06T16:52:52,83.305016,-58.352047,nan
2024-06-06T16:52:51,83.305046,-58.351913,nan
2024-06-06T16:52:51,83.305069,-58.351776,nan
2024-06-06T16:52:50,83.305099,-58.351639,nan
2024-06-06T16:52:50,83.305122,-58.351501,nan
2024-06-06T16:52:49,83.305145,-58.351357,nan
2024-06-06T16:52:49,83.305176,-58.351215,nan
2024-06-06T16:52:48,83.305199,-58.351078,nan
2024-06-06T16:52:48,83.305229,-58.350941,nan
2024-06-06T16:52:47,83.305252,-58.350803,nan
2024-06-06T16:52:47,83.305283,-58.350670,nan
2024-06-06T16:52:46,83.305305,-58.350533,nan
2024-06-06T16:52:45,83.305359,-58.350254,nan
2024-06-06T16:52:45,83.305382,-58.350117,nan
2024-06-06T16:52:44,83.305412,-58.349979,nan
2024-06-06T16:52:44,83.305435,-58.349838,nan
2024-06-06T16:52:43,83.305466,-58.349693,nan
2024-06-06T16:52:43,83.305489,-58.349548,nan
2024-06-06T16:52:42,83.305511,-58.349400,nan
2024-06-06T16:52:42,83.305542,-58.349243,nan
2024-06-06T16:52:41,83.305565,-58.349087,nan
2024-06-06T16:52:41,83.305595,-58.348927,nan
2024-06-06T16:52:40,83.305618,-58.348766,nan
2024-06-06T16:52:40,83.305641,-58.348610,nan
2024-06-06T16:52:39,83.305672,-58.348454,nan
2024-06-06T16:52:39,83.305695,-58.348297,nan
2024-06-06T16:52:38,83.305717,-58.348137,nan
2024-06-06T16:52:38,83.305740,-58.347973,nan
2024-06-06T16:52:37,83.305756,-58.347801,nan
2024-06-06T16:52:37,83.305779,-58.347630,nan
2024-06-06T16:52:36,83.305794,-58.347446,nan
2024-06-06T16:52:36,83.305817,-58.347260,nan
2024-06-06T16:52:35,83.305832,-58.347061,nan
2024-06-06T16:52:35,83.305855,-58.346859,nan
2024-06-06T16:52:34,83.305870,-58.346649,nan
2024-06-06T16:52:34,83.305885,-58.346432,nan
2024-06-06T16:52:33,83.305901,-58.346210,nan
2024-06-06T16:52:33,83.305916,-58.345985,nan
2024-06-06T16:52:32,83.305931,-58.345764,nan
2024-06-06T16:52:32,83.305946,-58.345551,nan
2024-06-06T16:52:31,83.305969,-58.345333,nan
2024-06-06T16:52:31,83.305984,-58.345123,nan
2024-06-06T16:52:30,83.306000,-58.344913,nan
2024-06-06T16:52:30,83.306023,-58.344704,nan
2024-06-06T16:52:29,83.306038,-58.344494,nan
2024-06-06T16:52:29,83.306053,-58.344280,nan
2024-06-06T16:52:28,83.306076,-58.344070,nan
2024-06-06T16:52:28,83.306091,-58.343857,nan
2024-06-06T16:52:27,83.306107,-58.343647,nan
2024-06-06T16:52:27,83.306122,-58.343433,nan
2024-06-06T16:52:26,83.306145,-58.343216,nan
2024-06-06T16:52:26,83.306160,-58.342999,nan
2024-06-06T16:52:25,83.306175,-58.342781,nan
2024-06-06T16:52:25,83.306190,-58.342556,nan
2024-06-06T16:52:24,83.306206,-58.342327,nan
2024-06-06T16:52:24,83.306229,-58.342098,nan
2024-06-06T16:52:23,83.306244,-58.341869,nan
2024-06-06T16:52:23,83.306259,-58.341637,nan
2024-06-06T16:52:22,83.306282,-58.341404,nan
2024-06-06T16:52:22,83.306297,-58.341171,nan
2024-06-06T16:52:21,83.306313,-58.340939,nan
2024-06-06T16:52:21,83.306335,-58.340702,nan
2024-06-06T16:52:20,83.306351,-58.340466,nan
2024-06-06T16:52:20,83.306366,-58.340225,nan
2024-06-06T16:52:19,83.306381,-58.339989,nan
2024-06-06T16:52:19,83.306404,-58.339752,nan
2024-06-06T16:52:18,83.306419,-58.339512,nan
2024-06-06T16:52:17,83.306450,-58.339031,nan
2024-06-06T16:52:17,83.306473,-58.338791,nan
2024-06-06T16:52:16,83.306488,-58.338551,nan
2024-06-06T16:52:16,83.306503,-58.338310,nan
2024-06-06T16:52:15,83.306526,-58.338066,nan
2024-06-06T16:52:15,83.306541,-58.337830,nan
2024-06-06T16:52:14,83.306557,-58.337589,nan
2024-06-06T16:52:14,83.306580,-58.337353,nan
2024-06-06T16:52:13,83.306595,-58.337112,nan
2024-06-06T16:52:13,83.306610,-58.336876,nan
2024-06-06T16:52:12,83.306633,-58.336639,nan
2024-06-06T16:52:12,83.306648,-58.336403,nan
2024-06-06T16:52:11,83.306671,-58.336166,nan
2024-06-06T16:52:11,83.306686,-58.335934,nan
2024-06-06T16:52:10,83.306709,-58.335705,nan
2024-06-06T16:52:10,83.306732,-58.335476,nan
2024-06-06T16:52:09,83.306747,-58.335247,nan
2024-06-06T16:52:09,83.306770,-58.335018,nan
2024-06-06T16:52:08,83.306816,-58.334564,nan
2024-06-06T16:52:07,83.306839,-58.334332,nan
2024-06-06T16:52:07,83.306862,-58.334099,nan
2024-06-06T16:52:06,83.306908,-58.333618,nan
2024-06-06T16:52:05,83.306923,-58.333382,nan
2024-06-06T16:52:05,83.306946,-58.333134,nan
2024-06-06T16:52:04,83.306969,-58.332886,nan
2024-06-06T16:52:04,83.306984,-58.332638,nan
2024-06-06T16:52:03,83.306999,-58.332386,nan
2024-06-06T16:52:03,83.307022,-58.332134,nan
2024-06-06T16:52:02,83.307037,-58.331886,nan
2024-06-06T16:52:02,83.307053,-58.331635,nan
2024-06-06T16:52:01,83.307068,-58.331383,nan
2024-06-06T16:52:01,83.307083,-58.331131,nan
2024-06-06T16:52:00,83.307098,-58.330875,nan
2024-06-06T16:52:00,83.307114,-58.330620,nan
2024-06-06T16:51:59,83.307129,-58.330360,nan
2024-06-06T16:51:59,83.307144,-58.330101,nan
2024-06-06T16:51:58,83.307159,-58.329842,nan
2024-06-06T16:51:58,83.307175,-58.329586,nan
2024-06-06T16:51:57,83.307182,-58.329334,nan
2024-06-06T16:51:57,83.307198,-58.329082,nan
2024-06-06T16:51:56,83.307213,-58.328831,nan
2024-06-06T16:51:56,83.307228,-58.328583,nan
2024-06-06T16:51:55,83.307243,-58.328335,nan
2024-06-06T16:51:55,83.307259,-58.328087,nan
2024-06-06T16:51:54,83.307274,-58.327835,nan
2024-06-06T16:51:54,83.307281,-58.327587,nan
2024-06-06T16:51:53,83.307297,-58.327335,nan
2024-06-06T16:51:53,83.307312,-58.327087,nan
2024-06-06T16:51:52,83.307327,-58.326836,nan
2024-06-06T16:51:52,83.307335,-58.326588,nan
2024-06-06T16:51:51,83.307350,-58.326336,nan
2024-06-06T16:51:51,83.307365,-58.326084,nan
2024-06-06T16:51:50,83.307381,-58.325832,nan
2024-06-06T16:51:50,83.307396,-58.325584,nan
2024-06-06T16:51:49,83.307411,-58.325340,nan
2024-06-06T16:51:49,83.307426,-58.325092,nan
2024-06-06T16:51:48,83.307442,-58.324844,nan
2024-06-06T16:51:48,83.307449,-58.324600,nan
2024-06-06T16:51:47,83.307472,-58.324356,nan
2024-06-06T16:51:47,83.307487,-58.324108,nan
2024-06-06T16:51:46,83.307503,-58.323860,nan
2024-06-06T16:51:46,83.307518,-58.323616,nan
2024-06-06T16:51:45,83.307533,-58.323372,nan
2024-06-06T16:51:45,83.307549,-58.323124,nan
2024-06-06T16:51:44,83.307564,-58.322880,nan
2024-06-06T16:51:44,83.307571,-58.322639,nan
2024-06-06T16:51:43,83.307587,-58.322399,nan
2024-06-06T16:51:43,83.307602,-58.322163,nan
2024-06-06T16:51:42,83.307610,-58.321922,nan
2024-06-06T16:51:42,83.307617,-58.321686,nan
2024-06-06T16:51:41,83.307632,-58.321442,nan
2024-06-06T16:51:41,83.307640,-58.321198,nan
2024-06-06T16:51:40,83.307648,-58.320953,nan
2024-06-06T16:51:40,83.307655,-58.320705,nan
2024-06-06T16:51:39,83.307671,-58.320457,nan
2024-06-06T16:51:39,83.307678,-58.320206,nan
2024-06-06T16:51:38,83.307686,-58.319954,nan
2024-06-06T16:51:38,83.307701,-58.319702,nan
2024-06-06T16:51:37,83.307709,-58.319447,nan
2024-06-06T16:51:37,83.307716,-58.319191,nan
2024-06-06T16:51:36,83.307739,-58.318668,nan
2024-06-06T16:51:35,83.307747,-58.318405,nan
2024-06-06T16:51:35,83.307762,-58.318142,nan
2024-06-06T16:51:34,83.307770,-58.317879,nan
2024-06-06T16:51:34,83.307777,-58.317616,nan
2024-06-06T16:51:33,83.307793,-58.317352,nan
2024-06-06T16:51:33,83.307800,-58.317093,nan
2024-06-06T16:51:32,83.307816,-58.316830,nan
2024-06-06T16:51:32,83.307823,-58.316566,nan
2024-06-06T16:51:31,83.307831,-58.316303,nan
2024-06-06T16:51:31,83.307846,-58.316044,nan
2024-06-06T16:51:30,83.307854,-58.315784,nan
2024-06-06T16:51:30,83.307869,-58.315529,nan
2024-06-06T16:51:29,83.307877,-58.315269,nan
2024-06-06T16:51:29,83.307884,-58.315014,nan
2024-06-06T16:51:28,83.307899,-58.314754,nan
2024-06-06T16:51:28,83.307915,-58.314495,nan
2024-06-06T16:51:27,83.307922,-58.314236,nan
2024-06-06T16:51:27,83.307938,-58.313972,nan
2024-06-06T16:51:26,83.307945,-58.313705,nan
2024-06-06T16:51:26,83.307961,-58.313438,nan
2024-06-06T16:51:25,83.307968,-58.313171,nan
2024-06-06T16:51:25,83.307983,-58.312904,nan
2024-06-06T16:51:24,83.307991,-58.312637,nan
2024-06-06T16:51:24,83.308006,-58.312370,nan
2024-06-06T16:51:23,83.308022,-58.312103,nan
2024-06-06T16:51:22,83.308044,-58.311562,nan
2024-06-06T16:51:22,83.308052,-58.311287,nan
2024-06-06T16:51:21,83.308067,-58.311008,nan
2024-06-06T16:51:21,83.308075,-58.310726,nan
2024-06-06T16:51:20,83.308083,-58.310444,nan
2024-06-06T16:51:20,83.308090,-58.310154,nan
2024-06-06T16:51:19,83.308105,-58.309864,nan
2024-06-06T16:51:19,83.308113,-58.309574,nan
2024-06-06T16:51:18,83.308121,-58.309280,nan
2024-06-06T16:51:18,83.308128,-58.308987,nan
2024-06-06T16:51:17,83.308136,-58.308693,nan
2024-06-06T16:51:17,83.308144,-58.308399,nan
2024-06-06T16:51:16,83.308151,-58.308105,nan
2024-06-06T16:51:16,83.308159,-58.307812,nan
2024-06-06T16:51:15,83.308167,-58.307510,nan
2024-06-06T16:51:15,83.308174,-58.307205,nan
2024-06-06T16:51:14,83.308182,-58.306900,nan
2024-06-06T16:51:14,83.308189,-58.306591,nan
2024-06-06T16:51:13,83.308197,-58.306282,nan
2024-06-06T16:51:13,83.308212,-58.305973,nan
2024-06-06T16:51:12,83.308220,-58.305660,nan
2024-06-06T16:51:12,83.308228,-58.305351,nan
2024-06-06T16:51:11,83.308235,-58.305035,nan
2024-06-06T16:51:11,83.308250,-58.304722,nan
2024-06-06T16:51:10,83.308258,-58.304405,nan
2024-06-06T16:51:10,83.308273,-58.304092,nan
2024-06-06T16:51:09,83.308281,-58.303783,nan
2024-06-06T16:51:09,83.308289,-58.303474,nan
2024-06-06T16:51:08,83.308304,-58.303169,nan
2024-06-06T16:51:08,83.308311,-58.302860,nan
2024-06-06T16:51:07,83.308327,-58.302555,nan
2024-06-06T16:51:07,83.308334,-58.302246,nan
2024-06-06T16:51:06,83.308342,-58.301941,nan
2024-06-06T16:51:06,83.308357,-58.301632,nan
2024-06-06T16:51:05,83.308365,-58.301319,nan
2024-06-06T16:51:05,83.308372,-58.301003,nan
2024-06-06T16:51:04,83.308388,-58.300682,nan
2024-06-06T16:51:04,83.308395,-58.300365,nan
2024-06-06T16:51:03,83.308403,-58.300045,nan
2024-06-06T16:51:03,83.308411,-58.299728,nan
2024-06-06T16:51:02,83.308426,-58.299416,nan
2024-06-06T16:51:02,83.308434,-58.299099,nan
2024-06-06T16:51:01,83.308441,-58.298782,nan
2024-06-06T16:51:01,83.308449,-58.298470,nan
2024-06-06T16:51:00,83.308456,-58.298153,nan
2024-06-06T16:51:00,83.308472,-58.297836,nan
2024-06-06T16:50:59,83.308479,-58.297523,nan
2024-06-06T16:50:59,83.308487,-58.297211,nan
2024-06-06T16:50:58,83.308495,-58.296898,nan
2024-06-06T16:50:58,83.308502,-58.296585,nan
2024-06-06T16:50:57,83.308510,-58.296268,nan
2024-06-06T16:50:57,83.308517,-58.295952,nan
2024-06-06T16:50:56,83.308525,-58.295635,nan
2024-06-06T16:50:56,83.308533,-58.295322,nan
2024-06-06T16:50:55,83.308540,-58.295006,nan
2024-06-06T16:50:55,83.308548,-58.294685,nan
2024-06-06T16:50:54,83.308556,-58.294369,nan
2024-06-06T16:50:54,83.308563,-58.294048,nan
2024-06-06T16:50:53,83.308571,-58.293728,nan
2024-06-06T16:50:53,83.308578,-58.293407,nan
2024-06-06T16:50:52,83.308586,-58.293083,nan
2024-06-06T16:50:52,83.308594,-58.292759,nan
2024-06-06T16:50:51,83.308601,-58.292439,nan
2024-06-06T16:50:51,83.308609,-58.292114,nan
2024-06-06T16:50:50,83.308617,-58.291794,nan
2024-06-06T16:50:50,83.308624,-58.291473,nan
2024-06-06T16:50:49,83.308632,-58.291153,nan
2024-06-06T16:50:49,83.308640,-58.290836,nan
2024-06-06T16:50:48,83.308647,-58.290527,nan
2024-06-06T16:50:48,83.308655,-58.290222,nan
2024-06-06T16:50:47,83.308662,-58.289925,nan
2024-06-06T16:50:47,83.308678,-58.289635,nan
2024-06-06T16:50:46,83.308685,-58.289345,nan
2024-06-06T16:50:46,83.308693,-58.289062,nan
2024-06-06T16:50:45,83.308701,-58.288780,nan
2024-06-06T16:50:45,83.308716,-58.288506,nan
2024-06-06T16:50:44,83.308723,-58.288231,nan
2024-06-06T16:50:44,83.308731,-58.287956,nan
2024-06-06T16:50:43,83.308739,-58.287682,nan
2024-06-06T16:50:43,83.308746,-58.287411,nan
2024-06-06T16:50:42,83.308754,-58.287140,nan
2024-06-06T16:50:42,83.308762,-58.286865,nan
2024-06-06T16:50:41,83.308769,-58.286594,nan
2024-06-06T16:50:41,83.308777,-58.286327,nan
2024-06-06T16:50:40,83.308784,-58.286057,nan
2024-06-06T16:50:40,83.308792,-58.285786,nan
2024-06-06T16:50:39,83.308800,-58.285511,nan
2024-06-06T16:50:39,83.308807,-58.285240,nan
2024-06-06T16:50:38,83.308815,-58.284969,nan
2024-06-06T16:50:38,83.308823,-58.284702,nan
2024-06-06T16:50:37,83.308830,-58.284431,nan
2024-06-06T16:50:37,83.308830,-58.284164,nan
2024-06-06T16:50:36,83.308838,-58.283894,nan
2024-06-06T16:50:36,83.308846,-58.283627,nan
2024-06-06T16:50:35,83.308853,-58.283356,nan
2024-06-06T16:50:35,83.308853,-58.283085,nan
2024-06-06T16:50:34,83.308861,-58.282814,nan
2024-06-06T16:50:34,83.308868,-58.282543,nan
2024-06-06T16:50:33,83.308876,-58.282272,nan
2024-06-06T16:50:33,83.308884,-58.282005,nan
2024-06-06T16:50:32,83.308891,-58.281734,nan
2024-06-06T16:50:32,83.308891,-58.281464,nan
2024-06-06T16:50:31,83.308899,-58.281197,nan
2024-06-06T16:50:31,83.308907,-58.280930,nan
2024-06-06T16:50:30,83.308914,-58.280670,nan
2024-06-06T16:50:30,83.308922,-58.280411,nan
2024-06-06T16:50:29,83.308929,-58.280151,nan
2024-06-06T16:50:29,83.308929,-58.279896,nan
2024-06-06T16:50:28,83.308937,-58.279644,nan
2024-06-06T16:50:28,83.308945,-58.279388,nan
2024-06-06T16:50:27,83.308952,-58.279137,nan
2024-06-06T16:50:27,83.308952,-58.278889,nan
2024-06-06T16:50:26,83.308960,-58.278641,nan
2024-06-06T16:50:26,83.308960,-58.278389,nan
2024-06-06T16:50:25,83.308968,-58.278145,nan
2024-06-06T16:50:25,83.308975,-58.277897,nan
2024-06-06T16:50:24,83.308975,-58.277649,nan
2024-06-06T16:50:24,83.308975,-58.277405,nan
2024-06-06T16:50:23,83.308983,-58.277157,nan
2024-06-06T16:50:23,83.308983,-58.276909,nan
2024-06-06T16:50:22,83.308990,-58.276665,nan
2024-06-06T16:50:22,83.308990,-58.276421,nan
2024-06-06T16:50:21,83.308998,-58.276176,nan
2024-06-06T16:50:21,83.308998,-58.275928,nan
2024-06-06T16:50:20,83.309006,-58.275684,nan
2024-06-06T16:50:20,83.309006,-58.275440,nan
2024-06-06T16:50:19,83.309013,-58.275200,nan
2024-06-06T16:50:19,83.309013,-58.274956,nan
2024-06-06T16:50:18,83.309021,-58.274712,nan
2024-06-06T16:50:18,83.309029,-58.274467,nan
2024-06-06T16:50:17,83.309029,-58.274227,nan
2024-06-06T16:50:17,83.309036,-58.273983,nan
2024-06-06T16:50:16,83.309044,-58.273735,nan
2024-06-06T16:50:16,83.309052,-58.273491,nan
2024-06-06T16:50:15,83.309052,-58.273243,nan
2024-06-06T16:50:15,83.309059,-58.272995,nan
2024-06-06T16:50:14,83.309067,-58.272747,nan
2024-06-06T16:50:14,83.309074,-58.272499,nan
2024-06-06T16:50:13,83.309082,-58.272251,nan
2024-06-06T16:50:13,83.309090,-58.271999,nan
2024-06-06T16:50:12,83.309090,-58.271748,nan
2024-06-06T16:50:12,83.309097,-58.271496,nan
2024-06-06T16:50:11,83.309105,-58.271240,nan
2024-06-06T16:50:11,83.309113,-58.270988,nan
2024-06-06T16:50:10,83.309120,-58.270737,nan
2024-06-06T16:50:10,83.309135,-58.270489,nan
2024-06-06T16:50:09,83.309143,-58.270233,nan
2024-06-06T16:50:09,83.309151,-58.269981,nan
2024-06-06T16:50:08,83.309166,-58.269726,nan
2024-06-06T16:50:08,83.309174,-58.269470,nan
2024-06-06T16:50:07,83.309189,-58.269211,nan
2024-06-06T16:50:07,83.309196,-58.268955,nan
2024-06-06T16:50:06,83.309212,-58.268700,nan
2024-06-06T16:50:06,83.309227,-58.268440,nan
2024-06-06T16:50:05,83.309235,-58.268185,nan
2024-06-06T16:50:05,83.309250,-58.267929,nan
2024-06-06T16:50:04,83.309265,-58.267673,nan
2024-06-06T16:50:04,83.309280,-58.267418,nan
2024-06-06T16:50:03,83.309288,-58.267166,nan
2024-06-06T16:50:03,83.309303,-58.266911,nan
2024-06-06T16:50:02,83.309319,-58.266655,nan
2024-06-06T16:50:02,83.309334,-58.266403,nan
2024-06-06T16:50:01,83.309341,-58.266148,nan
2024-06-06T16:50:01,83.309357,-58.265900,nan
2024-06-06T16:50:00,83.309372,-58.265648,nan
2024-06-06T16:50:00,83.309387,-58.265400,nan
2024-06-06T16:49:59,83.309402,-58.265152,nan
2024-06-06T16:49:59,83.309410,-58.264904,nan
2024-06-06T16:49:58,83.309425,-58.264656,nan
2024-06-06T16:49:58,83.309441,-58.264404,nan
2024-06-06T16:49:57,83.309456,-58.264156,nan
2024-06-06T16:49:57,83.309471,-58.263905,nan
2024-06-06T16:49:56,83.309486,-58.263657,nan
2024-06-06T16:49:56,83.309502,-58.263405,nan
2024-06-06T16:49:55,83.309509,-58.263149,nan
2024-06-06T16:49:55,83.309525,-58.262894,nan
2024-06-06T16:49:54,83.309540,-58.262634,nan
2024-06-06T16:49:54,83.309555,-58.262367,nan
2024-06-06T16:49:53,83.309570,-58.262096,nan
2024-06-06T16:49:53,83.309586,-58.261826,nan
2024-06-06T16:49:52,83.309601,-58.261551,nan
2024-06-06T16:49:52,83.309608,-58.261276,nan
2024-06-06T16:49:51,83.309624,-58.261002,nan
2024-06-06T16:49:51,83.309639,-58.260727,nan
2024-06-06T16:49:50,83.309647,-58.260448,nan
2024-06-06T16:49:50,83.309662,-58.260174,nan
2024-06-06T16:49:49,83.309677,-58.259895,nan
2024-06-06T16:49:49,83.309685,-58.259613,nan
2024-06-06T16:49:48,83.309700,-58.259331,nan
2024-06-06T16:49:48,83.309708,-58.259048,nan
2024-06-06T16:49:47,83.309723,-58.258759,nan
2024-06-06T16:49:47,83.309738,-58.258472,nan
2024-06-06T16:49:46,83.309746,-58.258179,nan
2024-06-06T16:49:46,83.309761,-58.257885,nan
2024-06-06T16:49:45,83.309776,-58.257591,nan
2024-06-06T16:49:45,83.309792,-58.257298,nan
2024-06-06T16:49:44,83.309807,-58.257004,nan
2024-06-06T16:49:44,83.309822,-58.256706,nan
2024-06-06T16:49:43,83.309837,-58.256416,nan
2024-06-06T16:49:43,83.309853,-58.256123,nan
2024-06-06T16:49:42,83.309868,-58.255833,nan
2024-06-06T16:49:42,83.309883,-58.255539,nan
2024-06-06T16:49:41,83.309898,-58.255249,nan
2024-06-06T16:49:41,83.309914,-58.254959,nan
2024-06-06T16:49:40,83.309929,-58.254669,nan
2024-06-06T16:49:40,83.309944,-58.254379,nan
2024-06-06T16:49:39,83.309959,-58.254093,nan
2024-06-06T16:49:39,83.309975,-58.253807,nan
2024-06-06T16:49:38,83.309990,-58.253521,nan
2024-06-06T16:49:38,83.310005,-58.253235,nan
2024-06-06T16:49:37,83.310020,-58.252949,nan
2024-06-06T16:49:37,83.310036,-58.252663,nan
2024-06-06T16:49:36,83.310043,-58.252380,nan
2024-06-06T16:49:36,83.310059,-58.252098,nan
2024-06-06T16:49:35,83.310074,-58.251820,nan
2024-06-06T16:49:35,83.310097,-58.251541,nan
2024-06-06T16:49:34,83.310104,-58.251266,nan
2024-06-06T16:49:34,83.310127,-58.250992,nan
2024-06-06T16:49:33,83.310143,-58.250717,nan
2024-06-06T16:49:33,83.310158,-58.250443,nan
2024-06-06T16:49:32,83.310173,-58.250164,nan
2024-06-06T16:49:32,83.310188,-58.249889,nan
2024-06-06T16:49:31,83.310204,-58.249607,nan
2024-06-06T16:49:31,83.310219,-58.249329,nan
2024-06-06T16:49:30,83.310234,-58.249046,nan
2024-06-06T16:49:30,83.310249,-58.248760,nan
2024-06-06T16:49:29,83.310265,-58.248478,nan
2024-06-06T16:49:29,83.310272,-58.248196,nan
2024-06-06T16:49:28,83.310287,-58.247913,nan
2024-06-06T16:49:28,83.310303,-58.247631,nan
2024-06-06T16:49:27,83.310318,-58.247349,nan
2024-06-06T16:49:27,83.310333,-58.247066,nan
2024-06-06T16:49:26,83.310349,-58.246784,nan
2024-06-06T16:49:26,83.310364,-58.246506,nan
2024-06-06T16:49:25,83.310379,-58.246223,nan
2024-06-06T16:49:25,83.310387,-58.245941,nan
2024-06-06T16:49:24,83.310402,-58.245659,nan
2024-06-06T16:49:24,83.310417,-58.245373,nan
2024-06-06T16:49:23,83.310432,-58.245090,nan
2024-06-06T16:49:23,83.310448,-58.244808,nan
2024-06-06T16:49:22,83.310463,-58.244522,nan
2024-06-06T16:49:22,83.310471,-58.244240,nan
2024-06-06T16:49:21,83.310486,-58.243958,nan
2024-06-06T16:49:21,83.310501,-58.243679,nan
2024-06-06T16:49:20,83.310516,-58.243397,nan
2024-06-06T16:49:20,83.310532,-58.243114,nan
2024-06-06T16:49:19,83.310539,-58.242836,nan
2024-06-06T16:49:19,83.310555,-58.242561,nan
2024-06-06T16:49:18,83.310570,-58.242290,nan
2024-06-06T16:49:18,83.310585,-58.242023,nan
2024-06-06T16:49:17,83.310593,-58.241760,nan
2024-06-06T16:49:17,83.310616,-58.241505,nan
2024-06-06T16:49:16,83.310631,-58.241253,nan
2024-06-06T16:49:16,83.310646,-58.241009,nan
2024-06-06T16:49:15,83.310661,-58.240768,nan
2024-06-06T16:49:15,83.310677,-58.240540,nan
2024-06-06T16:49:14,83.310692,-58.240314,nan
2024-06-06T16:49:14,83.310715,-58.240093,nan
2024-06-06T16:49:13,83.310730,-58.239872,nan
2024-06-06T16:49:13,83.310745,-58.239651,nan
2024-06-06T16:49:12,83.310768,-58.239422,nan
2024-06-06T16:49:12,83.310783,-58.239193,nan
2024-06-06T16:49:11,83.310799,-58.238960,nan
2024-06-06T16:49:11,83.310814,-58.238724,nan
2024-06-06T16:49:10,83.310837,-58.238483,nan
2024-06-06T16:49:10,83.310852,-58.238247,nan
2024-06-06T16:49:09,83.310867,-58.238010,nan
2024-06-06T16:49:09,83.310883,-58.237770,nan
2024-06-06T16:49:08,83.310905,-58.237534,nan
2024-06-06T16:49:08,83.310921,-58.237293,nan
2024-06-06T16:49:07,83.310936,-58.237049,nan
2024-06-06T16:49:07,83.310951,-58.236809,nan
2024-06-06T16:49:06,83.310974,-58.236561,nan
2024-06-06T16:49:06,83.310989,-58.236320,nan
2024-06-06T16:49:05,83.311005,-58.236080,nan
2024-06-06T16:49:05,83.311020,-58.235840,nan
2024-06-06T16:49:04,83.311035,-58.235600,nan
2024-06-06T16:49:04,83.311050,-58.235363,nan
2024-06-06T16:49:03,83.311066,-58.235126,nan
2024-06-06T16:49:03,83.311081,-58.234890,nan
2024-06-06T16:49:02,83.311096,-58.234657,nan
2024-06-06T16:49:02,83.311111,-58.234425,nan
2024-06-06T16:49:01,83.311127,-58.234200,nan
2024-06-06T16:49:01,83.311142,-58.233971,nan
2024-06-06T16:49:00,83.311157,-58.233749,nan
2024-06-06T16:49:00,83.311172,-58.233524,nan
2024-06-06T16:48:59,83.311188,-58.233307,nan
2024-06-06T16:48:59,83.311195,-58.233082,nan
2024-06-06T16:48:58,83.311211,-58.232861,nan
2024-06-06T16:48:58,83.311226,-58.232632,nan
2024-06-06T16:48:57,83.311241,-58.232403,nan
2024-06-06T16:48:57,83.311256,-58.232174,nan
2024-06-06T16:48:56,83.311272,-58.231937,nan
2024-06-06T16:48:56,83.311279,-58.231701,nan
2024-06-06T16:48:55,83.311295,-58.231457,nan
2024-06-06T16:48:55,83.311310,-58.231209,nan
2024-06-06T16:48:54,83.311317,-58.230957,nan
2024-06-06T16:48:54,83.311333,-58.230701,nan
2024-06-06T16:48:53,83.311340,-58.230446,nan
2024-06-06T16:48:53,83.311356,-58.230194,nan
2024-06-06T16:48:52,83.311363,-58.229939,nan
2024-06-06T16:48:52,83.311378,-58.229691,nan
2024-06-06T16:48:51,83.311394,-58.229435,nan
2024-06-06T16:48:51,83.311401,-58.229183,nan
2024-06-06T16:48:50,83.311417,-58.228931,nan
2024-06-06T16:48:50,83.311424,-58.228676,nan
2024-06-06T16:48:49,83.311440,-58.228420,nan
2024-06-06T16:48:49,83.311447,-58.228165,nan
2024-06-06T16:48:48,83.311455,-58.227909,nan
2024-06-06T16:48:48,83.311470,-58.227654,nan
2024-06-06T16:48:47,83.311478,-58.227398,nan
2024-06-06T16:48:47,83.311485,-58.227142,nan
2024-06-06T16:48:46,83.311501,-58.226887,nan
2024-06-06T16:48:46,83.311508,-58.226631,nan
2024-06-06T16:48:45,83.311523,-58.226379,nan
2024-06-06T16:48:45,83.311531,-58.226128,nan
2024-06-06T16:48:44,83.311546,-58.225880,nan
2024-06-06T16:48:44,83.311554,-58.225632,nan
2024-06-06T16:48:43,83.311562,-58.225384,nan
2024-06-06T16:48:43,83.311577,-58.225136,nan
2024-06-06T16:48:42,83.311584,-58.224884,nan
2024-06-06T16:48:42,83.311592,-58.224628,nan
2024-06-06T16:48:41,83.311607,-58.224377,nan
2024-06-06T16:48:41,83.311615,-58.224117,nan
2024-06-06T16:48:40,83.311623,-58.223866,nan
2024-06-06T16:48:40,83.311630,-58.223606,nan
2024-06-06T16:48:39,83.311638,-58.223343,nan
2024-06-06T16:48:39,83.311646,-58.223080,nan
2024-06-06T16:48:38,83.311653,-58.222813,nan
2024-06-06T16:48:38,83.311661,-58.222546,nan
2024-06-06T16:48:37,83.311668,-58.222275,nan
2024-06-06T16:48:37,83.311684,-58.222008,nan
2024-06-06T16:48:36,83.311691,-58.221733,nan
2024-06-06T16:48:36,83.311699,-58.221462,nan
2024-06-06T16:48:35,83.311707,-58.221191,nan
2024-06-06T16:48:35,83.311714,-58.220921,nan
2024-06-06T16:48:34,83.311722,-58.220642,nan
2024-06-06T16:48:34,83.311729,-58.220364,nan
2024-06-06T16:48:33,83.311737,-58.220081,nan
2024-06-06T16:48:33,83.311745,-58.219799,nan
2024-06-06T16:48:32,83.311752,-58.219513,nan
2024-06-06T16:48:32,83.311760,-58.219227,nan
2024-06-06T16:48:31,83.311768,-58.218941,nan
2024-06-06T16:48:31,83.311775,-58.218651,nan
2024-06-06T16:48:30,83.311790,-58.218361,nan
2024-06-06T16:48:30,83.311798,-58.218067,nan
2024-06-06T16:48:29,83.311806,-58.217777,nan
2024-06-06T16:48:29,83.311813,-58.217487,nan
2024-06-06T16:48:28,83.311829,-58.217197,nan
2024-06-06T16:48:28,83.311836,-58.216908,nan
2024-06-06T16:48:27,83.311844,-58.216621,nan
2024-06-06T16:48:27,83.311852,-58.216331,nan
2024-06-06T16:48:26,83.311867,-58.216045,nan
2024-06-06T16:48:26,83.311874,-58.215759,nan
2024-06-06T16:48:25,83.311890,-58.215473,nan
2024-06-06T16:48:25,83.311897,-58.215183,nan
2024-06-06T16:48:24,83.311913,-58.214893,nan
2024-06-06T16:48:24,83.311920,-58.214600,nan
2024-06-06T16:48:23,83.311935,-58.214302,nan
2024-06-06T16:48:23,83.311951,-58.214001,nan
2024-06-06T16:48:22,83.311958,-58.213699,nan
2024-06-06T16:48:22,83.311974,-58.213394,nan
2024-06-06T16:48:21,83.311981,-58.213093,nan
2024-06-06T16:48:21,83.311996,-58.212784,nan
2024-06-06T16:48:20,83.312004,-58.212475,nan
2024-06-06T16:48:20,83.312019,-58.212166,nan
2024-06-06T16:48:19,83.312027,-58.211857,nan
2024-06-06T16:48:18,83.312050,-58.211246,nan
2024-06-06T16:48:18,83.312057,-58.210941,nan
2024-06-06T16:48:17,83.312073,-58.210640,nan
2024-06-06T16:48:17,83.312080,-58.210339,nan
2024-06-06T16:48:16,83.312088,-58.210037,nan
2024-06-06T16:48:16,83.312103,-58.209736,nan
2024-06-06T16:48:15,83.312111,-58.209431,nan
2024-06-06T16:48:15,83.312126,-58.209129,nan
2024-06-06T16:48:14,83.312134,-58.208828,nan
2024-06-06T16:48:14,83.312149,-58.208523,nan
2024-06-06T16:48:13,83.312157,-58.208221,nan
2024-06-06T16:48:13,83.312172,-58.207916,nan
2024-06-06T16:48:12,83.312187,-58.207615,nan
2024-06-06T16:48:12,83.312195,-58.207314,nan
2024-06-06T16:48:11,83.312210,-58.207012,nan
2024-06-06T16:48:11,83.312225,-58.206715,nan
2024-06-06T16:48:10,83.312241,-58.206421,nan
2024-06-06T16:48:10,83.312256,-58.206123,nan
2024-06-06T16:48:09,83.312263,-58.205830,nan
2024-06-06T16:48:09,83.312279,-58.205532,nan
2024-06-06T16:48:08,83.312294,-58.205235,nan
2024-06-06T16:48:08,83.312309,-58.204937,nan
2024-06-06T16:48:07,83.312325,-58.204639,nan
2024-06-06T16:48:06,83.312355,-58.204048,nan
2024-06-06T16:48:06,83.312370,-58.203751,nan
2024-06-06T16:48:05,83.312386,-58.203453,nan
2024-06-06T16:48:05,83.312393,-58.203156,nan
2024-06-06T16:48:04,83.312424,-58.202553,nan
2024-06-06T16:48:03,83.312431,-58.202251,nan
2024-06-06T16:48:03,83.312447,-58.201950,nan
2024-06-06T16:48:02,83.312462,-58.201649,nan
2024-06-06T16:48:02,83.312469,-58.201347,nan
2024-06-06T16:48:01,83.312485,-58.201046,nan
2024-06-06T16:48:01,83.312492,-58.200741,nan
2024-06-06T16:48:00,83.312508,-58.200439,nan
2024-06-06T16:48:00,83.312523,-58.200134,nan
2024-06-06T16:47:59,83.312531,-58.199829,nan
2024-06-06T16:47:59,83.312546,-58.199528,nan
2024-06-06T16:47:58,83.312561,-58.199223,nan
2024-06-06T16:47:58,83.312569,-58.198917,nan
2024-06-06T16:47:57,83.312584,-58.198608,nan
2024-06-06T16:47:57,83.312599,-58.198299,nan
2024-06-06T16:47:56,83.312614,-58.197990,nan
2024-06-06T16:47:56,83.312622,-58.197681,nan
2024-06-06T16:47:55,83.312637,-58.197376,nan
2024-06-06T16:47:55,83.312653,-58.197067,nan
2024-06-06T16:47:54,83.312660,-58.196762,nan
2024-06-06T16:47:54,83.312675,-58.196453,nan
2024-06-06T16:47:53,83.312691,-58.196144,nan
2024-06-06T16:47:53,83.312698,-58.195835,nan
2024-06-06T16:47:52,83.312714,-58.195526,nan
2024-06-06T16:47:52,83.312721,-58.195213,nan
2024-06-06T16:47:51,83.312737,-58.194901,nan
2024-06-06T16:47:51,83.312752,-58.194588,nan
2024-06-06T16:47:50,83.312759,-58.194275,nan
2024-06-06T16:47:50,83.312775,-58.193962,nan
2024-06-06T16:47:49,83.312790,-58.193653,nan
2024-06-06T16:47:49,83.312798,-58.193340,nan
2024-06-06T16:47:48,83.312813,-58.193027,nan
2024-06-06T16:47:48,83.312828,-58.192719,nan
2024-06-06T16:47:47,83.312836,-58.192406,nan
2024-06-06T16:47:47,83.312851,-58.192093,nan
2024-06-06T16:47:46,83.312859,-58.191784,nan
2024-06-06T16:47:46,83.312874,-58.191471,nan
2024-06-06T16:47:45,83.312889,-58.191162,nan
2024-06-06T16:47:45,83.312897,-58.190853,nan
2024-06-06T16:47:44,83.312912,-58.190544,nan
2024-06-06T16:47:44,83.312927,-58.190239,nan
2024-06-06T16:47:43,83.312935,-58.189930,nan
2024-06-06T16:47:43,83.312950,-58.189621,nan
2024-06-06T16:47:42,83.312958,-58.189312,nan
2024-06-06T16:47:42,83.312973,-58.189007,nan
2024-06-06T16:47:41,83.312988,-58.188698,nan
2024-06-06T16:47:41,83.312996,-58.188389,nan
2024-06-06T16:47:40,83.313011,-58.188076,nan
2024-06-06T16:47:40,83.313019,-58.187767,nan
2024-06-06T16:47:39,83.313034,-58.187454,nan
2024-06-06T16:47:39,83.313042,-58.187141,nan
2024-06-06T16:47:38,83.313057,-58.186829,nan
2024-06-06T16:47:38,83.313065,-58.186516,nan
2024-06-06T16:47:37,83.313080,-58.186203,nan
2024-06-06T16:47:36,83.313103,-58.185581,nan
2024-06-06T16:47:36,83.313110,-58.185268,nan
2024-06-06T16:47:35,83.313126,-58.184959,nan
2024-06-06T16:47:35,83.313133,-58.184647,nan
2024-06-06T16:47:34,83.313148,-58.184334,nan
2024-06-06T16:47:34,83.313156,-58.184017,nan
2024-06-06T16:47:33,83.313171,-58.183704,nan
2024-06-06T16:47:33,83.313179,-58.183388,nan
2024-06-06T16:47:32,83.313194,-58.183075,nan
2024-06-06T16:47:32,83.313202,-58.182766,nan
2024-06-06T16:47:31,83.313217,-58.182453,nan
2024-06-06T16:47:31,83.313225,-58.182140,nan
2024-06-06T16:47:30,83.313240,-58.181831,nan
2024-06-06T16:47:30,83.313248,-58.181519,nan
2024-06-06T16:47:29,83.313263,-58.181206,nan
2024-06-06T16:47:28,83.313286,-58.180588,nan
2024-06-06T16:47:28,83.313301,-58.180275,nan
2024-06-06T16:47:27,83.313309,-58.179966,nan
2024-06-06T16:47:27,83.313324,-58.179657,nan
2024-06-06T16:47:26,83.313332,-58.179348,nan
2024-06-06T16:47:26,83.313347,-58.179039,nan
2024-06-06T16:47:25,83.313354,-58.178734,nan
2024-06-06T16:47:25,83.313370,-58.178432,nan
2024-06-06T16:47:24,83.313377,-58.178127,nan
2024-06-06T16:47:24,83.313393,-58.177834,nan
2024-06-06T16:47:23,83.313400,-58.177540,nan
2024-06-06T16:47:23,83.313408,-58.177254,nan
2024-06-06T16:47:22,83.313423,-58.176968,nan
2024-06-06T16:47:22,83.313431,-58.176685,nan
2024-06-06T16:47:21,83.313438,-58.176411,nan
2024-06-06T16:47:21,83.313446,-58.176132,nan
2024-06-06T16:47:20,83.313454,-58.175854,nan
2024-06-06T16:47:20,83.313461,-58.175575,nan
2024-06-06T16:47:19,83.313469,-58.175301,nan
2024-06-06T16:47:19,83.313477,-58.175022,nan
2024-06-06T16:47:18,83.313484,-58.174751,nan
2024-06-06T16:47:18,83.313492,-58.174477,nan
2024-06-06T16:47:17,83.313499,-58.174206,nan
2024-06-06T16:47:17,83.313507,-58.173939,nan
2024-06-06T16:47:16,83.313515,-58.173672,nan
2024-06-06T16:47:16,83.313522,-58.173409,nan
2024-06-06T16:47:15,83.313522,-58.173153,nan
2024-06-06T16:47:15,83.313530,-58.172901,nan
2024-06-06T16:47:14,83.313538,-58.172653,nan
2024-06-06T16:47:14,83.313545,-58.172413,nan
2024-06-06T16:47:13,83.313553,-58.172176,nan
2024-06-06T16:47:13,83.313560,-58.171944,nan
2024-06-06T16:47:12,83.313568,-58.171715,nan
2024-06-06T16:47:12,83.313576,-58.171490,nan
2024-06-06T16:47:11,83.313583,-58.171268,nan
2024-06-06T16:47:11,83.313591,-58.171047,nan
2024-06-06T16:47:10,83.313599,-58.170830,nan
2024-06-06T16:47:10,83.313599,-58.170616,nan
2024-06-06T16:47:09,83.313606,-58.170403,nan
2024-06-06T16:47:09,83.313614,-58.170193,nan
2024-06-06T16:47:08,83.313622,-58.169987,nan
2024-06-06T16:47:08,83.313629,-58.169781,nan
2024-06-06T16:47:07,83.313637,-58.169575,nan
2024-06-06T16:47:07,83.313644,-58.169373,nan
2024-06-06T16:47:06,83.313652,-58.169174,nan
2024-06-06T16:47:06,83.313667,-58.168972,nan
2024-06-06T16:47:05,83.313675,-58.168770,nan
2024-06-06T16:47:05,83.313683,-58.168571,nan
2024-06-06T16:47:04,83.313690,-58.168369,nan
2024-06-06T16:47:04,83.313698,-58.168171,nan
2024-06-06T16:47:03,83.313713,-58.167973,nan
2024-06-06T16:47:03,83.313721,-58.167774,nan
2024-06-06T16:47:02,83.313728,-58.167580,nan
2024-06-06T16:47:02,83.313744,-58.167385,nan
2024-06-06T16:47:01,83.313751,-58.167194,nan
2024-06-06T16:47:01,83.313766,-58.167004,nan
2024-06-06T16:47:00,83.313774,-58.166817,nan
2024-06-06T16:47:00,83.313789,-58.166634,nan
2024-06-06T16:46:59,83.313797,-58.166454,nan
2024-06-06T16:46:59,83.313812,-58.166279,nan
2024-06-06T16:46:58,83.313820,-58.166107,nan
2024-06-06T16:46:58,83.313835,-58.165939,nan
2024-06-06T16:46:57,83.313843,-58.165775,nan
2024-06-06T16:46:57,83.313850,-58.165619,nan
2024-06-06T16:46:56,83.313866,-58.165462,nan
2024-06-06T16:46:56,83.313873,-58.165314,nan
2024-06-06T16:46:55,83.313889,-58.165165,nan
2024-06-06T16:46:55,83.313896,-58.165016,nan
2024-06-06T16:46:54,83.313904,-58.164871,nan
2024-06-06T16:46:54,83.313919,-58.164722,nan
2024-06-06T16:46:53,83.313927,-58.164574,nan
2024-06-06T16:46:53,83.313942,-58.164425,nan
2024-06-06T16:46:52,83.313950,-58.164272,nan
2024-06-06T16:46:52,83.313965,-58.164120,nan
2024-06-06T16:46:51,83.313980,-58.163971,nan
2024-06-06T16:46:51,83.313988,-58.163818,nan
2024-06-06T16:46:50,83.314003,-58.163673,nan
2024-06-06T16:46:50,83.314011,-58.163525,nan
2024-06-06T16:46:49,83.314026,-58.163376,nan
2024-06-06T16:46:49,83.314041,-58.163227,nan
2024-06-06T16:46:48,83.314049,-58.163082,nan
2024-06-06T16:46:48,83.314064,-58.162937,nan
2024-06-06T16:46:47,83.314079,-58.162792,nan
2024-06-06T16:46:47,83.314095,-58.162655,nan
2024-06-06T16:46:46,83.314102,-58.162518,nan
2024-06-06T16:46:46,83.314117,-58.162380,nan
2024-06-06T16:46:45,83.314133,-58.162247,nan
2024-06-06T16:46:45,83.314148,-58.162113,nan
2024-06-06T16:46:44,83.314156,-58.161983,nan
2024-06-06T16:46:44,83.314171,-58.161850,nan
2024-06-06T16:46:43,83.314186,-58.161716,nan
2024-06-06T16:46:43,83.314201,-58.161583,nan
2024-06-06T16:46:42,83.314209,-58.161449,nan
2024-06-06T16:46:42,83.314224,-58.161316,nan
2024-06-06T16:46:41,83.314232,-58.161186,nan
2024-06-06T16:46:41,83.314247,-58.161053,nan
2024-06-06T16:46:40,83.314262,-58.160915,nan
2024-06-06T16:46:40,83.314270,-58.160778,nan
2024-06-06T16:46:39,83.314285,-58.160641,nan
2024-06-06T16:46:39,83.314301,-58.160496,nan
2024-06-06T16:46:38,83.314316,-58.160355,nan
2024-06-06T16:46:38,83.314323,-58.160210,nan
2024-06-06T16:46:37,83.314339,-58.160065,nan
2024-06-06T16:46:37,83.314354,-58.159920,nan
2024-06-06T16:46:36,83.314369,-58.159779,nan
2024-06-06T16:46:36,83.314384,-58.159637,nan
2024-06-06T16:46:35,83.314400,-58.159496,nan
2024-06-06T16:46:35,83.314407,-58.159363,nan
2024-06-06T16:46:34,83.314423,-58.159233,nan
2024-06-06T16:46:34,83.314438,-58.159107,nan
2024-06-06T16:46:33,83.314445,-58.158989,nan
2024-06-06T16:46:33,83.314461,-58.158871,nan
2024-06-06T16:46:32,83.314476,-58.158756,nan
2024-06-06T16:46:32,83.314484,-58.158642,nan
2024-06-06T16:46:31,83.314491,-58.158524,nan
2024-06-06T16:46:31,83.314507,-58.158409,nan
2024-06-06T16:46:30,83.314522,-58.158291,nan
2024-06-06T16:46:30,83.314529,-58.158173,nan
2024-06-06T16:46:29,83.314537,-58.158054,nan
2024-06-06T16:46:29,83.314552,-58.157932,nan
2024-06-06T16:46:28,83.314560,-58.157810,nan
2024-06-06T16:46:28,83.314575,-58.157684,nan
2024-06-06T16:46:27,83.314583,-58.157562,nan
2024-06-06T16:46:27,83.314598,-58.157436,nan
2024-06-06T16:46:26,83.314606,-58.157318,nan
2024-06-06T16:46:26,83.314621,-58.157192,nan
2024-06-06T16:46:25,83.314629,-58.157070,nan
2024-06-06T16:46:25,83.314644,-58.156952,nan
2024-06-06T16:46:24,83.314651,-58.156830,nan
2024-06-06T16:46:24,83.314667,-58.156708,nan
2024-06-06T16:46:23,83.314682,-58.156582,nan
2024-06-06T16:46:23,83.314690,-58.156456,nan
2024-06-06T16:46:22,83.314705,-58.156334,nan
2024-06-06T16:46:22,83.314713,-58.156208,nan
2024-06-06T16:46:21,83.314728,-58.156082,nan
2024-06-06T16:46:21,83.314735,-58.155956,nan
2024-06-06T16:46:20,83.314751,-58.155830,nan
2024-06-06T16:46:20,83.314758,-58.155704,nan
2024-06-06T16:46:19,83.314774,-58.155579,nan
2024-06-06T16:46:19,83.314781,-58.155449,nan
2024-06-06T16:46:18,83.314789,-58.155319,nan
2024-06-06T16:46:18,83.314804,-58.155190,nan
2024-06-06T16:46:17,83.314812,-58.155056,nan
2024-06-06T16:46:17,83.314819,-58.154922,nan
2024-06-06T16:46:16,83.314827,-58.154785,nan
2024-06-06T16:46:16,83.314842,-58.154652,nan
2024-06-06T16:46:15,83.314850,-58.154514,nan
2024-06-06T16:46:15,83.314857,-58.154381,nan
2024-06-06T16:46:14,83.314865,-58.154247,nan
2024-06-06T16:46:14,83.314880,-58.154118,nan
2024-06-06T16:46:13,83.314888,-58.153996,nan
2024-06-06T16:46:13,83.314896,-58.153873,nan
2024-06-06T16:46:12,83.314903,-58.153763,nan
2024-06-06T16:46:12,83.314911,-58.153648,nan
2024-06-06T16:46:11,83.314919,-58.153534,nan
2024-06-06T16:46:11,83.314926,-58.153423,nan
2024-06-06T16:46:10,83.314934,-58.153309,nan
2024-06-06T16:46:10,83.314941,-58.153198,nan
2024-06-06T16:46:09,83.314949,-58.153088,nan
2024-06-06T16:46:09,83.314957,-58.152977,nan
2024-06-06T16:46:08,83.314964,-58.152870,nan
2024-06-06T16:46:08,83.314972,-58.152763,nan
2024-06-06T16:46:07,83.314980,-58.152657,nan
2024-06-06T16:46:07,83.314987,-58.152554,nan
2024-06-06T16:46:06,83.314995,-58.152454,nan
2024-06-06T16:46:06,83.315002,-58.152351,nan
2024-06-06T16:46:05,83.315010,-58.152260,nan
2024-06-06T16:46:05,83.315018,-58.152172,nan
2024-06-06T16:46:04,83.315025,-58.152088,nan
2024-06-06T16:46:04,83.315033,-58.152008,nan
2024-06-06T16:46:03,83.315041,-58.151928,nan
2024-06-06T16:46:03,83.315048,-58.151852,nan
2024-06-06T16:46:02,83.315056,-58.151779,nan
2024-06-06T16:46:02,83.315063,-58.151707,nan
2024-06-06T16:46:01,83.315079,-58.151634,nan
2024-06-06T16:46:01,83.315086,-58.151562,nan
2024-06-06T16:46:00,83.315086,-58.151485,nan
2024-06-06T16:46:00,83.315094,-58.151409,nan
2024-06-06T16:45:59,83.315102,-58.151325,nan
2024-06-06T16:45:59,83.315109,-58.151237,nan
2024-06-06T16:45:58,83.315117,-58.151150,nan
2024-06-06T16:45:58,83.315125,-58.151058,nan
2024-06-06T16:45:57,83.315132,-58.150963,nan
2024-06-06T16:45:57,83.315140,-58.150867,nan
2024-06-06T16:45:56,83.315147,-58.150772,nan
2024-06-06T16:45:56,83.315163,-58.150677,nan
2024-06-06T16:45:55,83.315170,-58.150581,nan
2024-06-06T16:45:55,83.315178,-58.150482,nan
2024-06-06T16:45:54,83.315186,-58.150387,nan
2024-06-06T16:45:54,83.315193,-58.150288,nan
2024-06-06T16:45:53,83.315201,-58.150192,nan
2024-06-06T16:45:53,83.315208,-58.150097,nan
2024-06-06T16:45:52,83.315216,-58.149998,nan
2024-06-06T16:45:52,83.315224,-58.149899,nan
2024-06-06T16:45:51,83.315231,-58.149796,nan
2024-06-06T16:45:51,83.315239,-58.149693,nan
2024-06-06T16:45:50,83.315247,-58.149586,nan
2024-06-06T16:45:50,83.315254,-58.149483,nan
2024-06-06T16:45:49,83.315262,-58.149376,nan
2024-06-06T16:45:49,83.315269,-58.149269,nan
2024-06-06T16:45:48,83.315277,-58.149166,nan
2024-06-06T16:45:48,83.315285,-58.149063,nan
2024-06-06T16:45:47,83.315292,-58.148968,nan
2024-06-06T16:45:47,83.315300,-58.148872,nan
2024-06-06T16:45:46,83.315300,-58.148781,nan
2024-06-06T16:45:46,83.315308,-58.148689,nan
2024-06-06T16:45:45,83.315315,-58.148594,nan
2024-06-06T16:45:45,83.315323,-58.148502,nan
2024-06-06T16:45:44,83.315331,-58.148407,nan
2024-06-06T16:45:44,83.315331,-58.148312,nan
2024-06-06T16:45:43,83.315338,-58.148220,nan
2024-06-06T16:45:43,83.315346,-58.148129,nan
2024-06-06T16:45:42,83.315353,-58.148037,nan
2024-06-06T16:45:42,83.315361,-58.147949,nan
2024-06-06T16:45:41,83.315369,-58.147858,nan
2024-06-06T16:45:41,83.315376,-58.147766,nan
2024-06-06T16:45:40,83.315376,-58.147678,nan
2024-06-06T16:45:40,83.315392,-58.147587,nan
2024-06-06T16:45:39,83.315392,-58.147495,nan
2024-06-06T16:45:39,83.315399,-58.147404,nan
2024-06-06T16:45:38,83.315407,-58.147316,nan
2024-06-06T16:45:38,83.315414,-58.147224,nan
2024-06-06T16:45:37,83.315422,-58.147133,nan
2024-06-06T16:45:37,83.315430,-58.147041,nan
2024-06-06T16:45:36,83.315437,-58.146950,nan
2024-06-06T16:45:36,83.315445,-58.146854,nan
2024-06-06T16:45:35,83.315453,-58.146759,nan
2024-06-06T16:45:35,83.315460,-58.146664,nan
2024-06-06T16:45:34,83.315475,-58.146568,nan
2024-06-06T16:45:34,83.315483,-58.146477,nan
2024-06-06T16:45:33,83.315498,-58.146389,nan
2024-06-06T16:45:33,83.315506,-58.146297,nan
2024-06-06T16:45:32,83.315521,-58.146214,nan
2024-06-06T16:45:32,83.315529,-58.146126,nan
2024-06-06T16:45:31,83.315544,-58.146034,nan
2024-06-06T16:45:31,83.315552,-58.145947,nan
2024-06-06T16:45:30,83.315567,-58.145863,nan
2024-06-06T16:45:30,83.315582,-58.145775,nan
2024-06-06T16:45:29,83.315590,-58.145687,nan
2024-06-06T16:45:29,83.315605,-58.145603,nan
2024-06-06T16:45:28,83.315620,-58.145523,nan
2024-06-06T16:45:28,83.315636,-58.145443,nan
2024-06-06T16:45:27,83.315643,-58.145367,nan
2024-06-06T16:45:27,83.315659,-58.145290,nan
2024-06-06T16:45:26,83.315674,-58.145210,nan
2024-06-06T16:45:26,83.315689,-58.145134,nan
2024-06-06T16:45:25,83.315704,-58.145054,nan
2024-06-06T16:45:25,83.315720,-58.144974,nan
2024-06-06T16:45:24,83.315727,-58.144890,nan
2024-06-06T16:45:24,83.315742,-58.144810,nan
2024-06-06T16:45:23,83.315750,-58.144726,nan
2024-06-06T16:45:23,83.315765,-58.144642,nan
2024-06-06T16:45:22,83.315773,-58.144554,nan
2024-06-06T16:45:22,83.315788,-58.144466,nan
2024-06-06T16:45:21,83.315796,-58.144379,nan
2024-06-06T16:45:21,83.315811,-58.144291,nan
2024-06-06T16:45:20,83.315819,-58.144203,nan
2024-06-06T16:45:20,83.315834,-58.144115,nan
2024-06-06T16:45:19,83.315842,-58.144024,nan
2024-06-06T16:45:19,83.315857,-58.143932,nan
2024-06-06T16:45:18,83.315865,-58.143845,nan
2024-06-06T16:45:18,83.315880,-58.143757,nan
2024-06-06T16:45:17,83.315887,-58.143665,nan
2024-06-06T16:45:17,83.315903,-58.143570,nan
2024-06-06T16:45:16,83.315918,-58.143475,nan
2024-06-06T16:45:16,83.315926,-58.143379,nan
2024-06-06T16:45:15,83.315941,-58.143284,nan
2024-06-06T16:45:15,83.315956,-58.143185,nan
2024-06-06T16:45:14,83.315971,-58.143089,nan
2024-06-06T16:45:14,83.315987,-58.142994,nan
2024-06-06T16:45:13,83.316002,-58.142895,nan
2024-06-06T16:45:13,83.316017,-58.142803,nan
2024-06-06T16:45:12,83.316032,-58.142712,nan
2024-06-06T16:45:12,83.316055,-58.142620,nan
2024-06-06T16:45:11,83.316071,-58.142529,nan
2024-06-06T16:45:11,83.316093,-58.142441,nan
2024-06-06T16:45:10,83.316109,-58.142349,nan
2024-06-06T16:45:10,83.316132,-58.142258,nan
2024-06-06T16:45:09,83.316154,-58.142170,nan
2024-06-06T16:45:09,83.316170,-58.142082,nan
2024-06-06T16:45:08,83.316193,-58.141998,nan
2024-06-06T16:45:08,83.316216,-58.141918,nan
2024-06-06T16:45:07,83.316238,-58.141842,nan
2024-06-06T16:45:07,83.316261,-58.141769,nan
2024-06-06T16:45:06,83.316292,-58.141697,nan
2024-06-06T16:45:06,83.316315,-58.141624,nan
2024-06-06T16:45:05,83.316338,-58.141560,nan
2024-06-06T16:45:05,83.316360,-58.141487,nan
2024-06-06T16:45:04,83.316383,-58.141422,nan
2024-06-06T16:45:04,83.316406,-58.141357,nan
2024-06-06T16:45:03,83.316422,-58.141293,nan
2024-06-06T16:45:03,83.316444,-58.141228,nan
2024-06-06T16:45:02,83.316467,-58.141163,nan
2024-06-06T16:45:02,83.316490,-58.141106,nan
2024-06-06T16:45:01,83.316513,-58.141048,nan
2024-06-06T16:45:01,83.316528,-58.140991,nan
2024-06-06T16:45:00,83.316551,-58.140938,nan
2024-06-06T16:45:00,83.316574,-58.140884,nan
2024-06-06T16:44:59,83.316597,-58.140835,nan
2024-06-06T16:44:59,83.316612,-58.140785,nan
2024-06-06T16:44:58,83.316635,-58.140736,nan
2024-06-06T16:44:58,83.316658,-58.140686,nan
2024-06-06T16:44:57,83.316673,-58.140636,nan
2024-06-06T16:44:57,83.316696,-58.140591,nan
2024-06-06T16:44:56,83.316711,-58.140545,nan
2024-06-06T16:44:56,83.316734,-58.140495,nan
2024-06-06T16:44:55,83.316757,-58.140450,nan
2024-06-06T16:44:55,83.316772,-58.140400,nan
2024-06-06T16:44:54,83.316795,-58.140354,nan
2024-06-06T16:44:54,83.316811,-58.140308,nan
2024-06-06T16:44:53,83.316833,-58.140270,nan
2024-06-06T16:44:53,83.316856,-58.140228,nan
2024-06-06T16:44:52,83.316872,-58.140186,nan
2024-06-06T16:44:52,83.316895,-58.140144,nan
2024-06-06T16:44:51,83.316917,-58.140099,nan
2024-06-06T16:44:51,83.316940,-58.140053,nan
2024-06-06T16:44:50,83.316963,-58.140003,nan
2024-06-06T16:44:50,83.316978,-58.139957,nan
2024-06-06T16:44:49,83.317001,-58.139908,nan
2024-06-06T16:44:49,83.317024,-58.139858,nan
2024-06-06T16:44:48,83.317055,-58.139809,nan
2024-06-06T16:44:48,83.317078,-58.139759,nan
2024-06-06T16:44:47,83.317101,-58.139709,nan
2024-06-06T16:44:47,83.317123,-58.139660,nan
2024-06-06T16:44:46,83.317139,-58.139610,nan
2024-06-06T16:44:46,83.317162,-58.139561,nan
2024-06-06T16:44:45,83.317184,-58.139515,nan
2024-06-06T16:44:45,83.317207,-58.139465,nan
2024-06-06T16:44:44,83.317230,-58.139416,nan
2024-06-06T16:44:44,83.317253,-58.139366,nan
2024-06-06T16:44:43,83.317276,-58.139317,nan
2024-06-06T16:44:43,83.317291,-58.139263,nan
2024-06-06T16:44:42,83.317314,-58.139210,nan
2024-06-06T16:44:42,83.317337,-58.139160,nan
2024-06-06T16:44:41,83.317360,-58.139111,nan
2024-06-06T16:44:41,83.317383,-58.139065,nan
2024-06-06T16:44:40,83.317398,-58.139015,nan
2024-06-06T16:44:40,83.317421,-58.138969,nan
2024-06-06T16:44:39,83.317444,-58.138924,nan
2024-06-06T16:44:39,83.317459,-58.138874,nan
2024-06-06T16:44:38,83.317482,-58.138828,nan
2024-06-06T16:44:38,83.317497,-58.138783,nan
2024-06-06T16:44:37,83.317520,-58.138733,nan
2024-06-06T16:44:37,83.317535,-58.138683,nan
2024-06-06T16:44:36,83.317558,-58.138630,nan
2024-06-06T16:44:36,83.317574,-58.138580,nan
2024-06-06T16:44:35,83.317589,-58.138531,nan
2024-06-06T16:44:35,83.317612,-58.138481,nan
2024-06-06T16:44:34,83.317627,-58.138432,nan
2024-06-06T16:44:34,83.317642,-58.138382,nan
2024-06-06T16:44:33,83.317665,-58.138336,nan
2024-06-06T16:44:33,83.317680,-58.138287,nan
2024-06-06T16:44:32,83.317696,-58.138241,nan
2024-06-06T16:44:32,83.317711,-58.138191,nan
2024-06-06T16:44:31,83.317726,-58.138142,nan
2024-06-06T16:44:31,83.317741,-58.138096,nan
2024-06-06T16:44:30,83.317757,-58.138050,nan
2024-06-06T16:44:30,83.317772,-58.138004,nan
2024-06-06T16:44:29,83.317787,-58.137962,nan
2024-06-06T16:44:29,83.317802,-58.137924,nan
2024-06-06T16:44:28,83.317818,-58.137886,nan
2024-06-06T16:44:28,83.317833,-58.137852,nan
2024-06-06T16:44:27,83.317848,-58.137814,nan
2024-06-06T16:44:27,83.317863,-58.137779,nan
2024-06-06T16:44:26,83.317879,-58.137745,nan
2024-06-06T16:44:26,83.317894,-58.137714,nan
2024-06-06T16:44:25,83.317902,-58.137688,nan
2024-06-06T16:44:25,83.317917,-58.137657,nan
2024-06-06T16:44:24,83.317932,-58.137630,nan
2024-06-06T16:44:24,83.317947,-58.137600,nan
2024-06-06T16:44:23,83.317963,-58.137573,nan
2024-06-06T16:44:23,83.317978,-58.137547,nan
2024-06-06T16:44:22,83.317993,-58.137520,nan
2024-06-06T16:44:22,83.318008,-58.137497,nan
2024-06-06T16:44:21,83.318031,-58.137470,nan
2024-06-06T16:44:21,83.318047,-58.137447,nan
2024-06-06T16:44:20,83.318062,-58.137424,nan
2024-06-06T16:44:20,83.318077,-58.137398,nan
2024-06-06T16:44:19,83.318100,-58.137375,nan
2024-06-06T16:44:19,83.318115,-58.137348,nan
2024-06-06T16:44:18,83.318138,-58.137325,nan
2024-06-06T16:44:18,83.318153,-58.137302,nan
2024-06-06T16:44:17,83.318176,-58.137283,nan
2024-06-06T16:44:17,83.318192,-58.137264,nan
2024-06-06T16:44:16,83.318214,-58.137241,nan
2024-06-06T16:44:16,83.318237,-58.137226,nan
2024-06-06T16:44:15,83.318253,-58.137211,nan
2024-06-06T16:44:15,83.318275,-58.137196,nan
2024-06-06T16:44:14,83.318298,-58.137177,nan
2024-06-06T16:44:14,83.318321,-58.137165,nan
2024-06-06T16:44:13,83.318344,-58.137146,nan
2024-06-06T16:44:13,83.318367,-58.137131,nan
2024-06-06T16:44:12,83.318390,-58.137115,nan
2024-06-06T16:44:12,83.318413,-58.137104,nan
2024-06-06T16:44:11,83.318436,-58.137093,nan
2024-06-06T16:44:11,83.318459,-58.137077,nan
2024-06-06T16:44:10,83.318481,-58.137062,nan
2024-06-06T16:44:10,83.318504,-58.137051,nan
2024-06-06T16:44:09,83.318527,-58.137035,nan
2024-06-06T16:44:09,83.318550,-58.137024,nan
2024-06-06T16:44:08,83.318573,-58.137012,nan
2024-06-06T16:44:08,83.318596,-58.136997,nan
2024-06-06T16:44:07,83.318619,-58.136982,nan
2024-06-06T16:44:07,83.318642,-58.136967,nan
2024-06-06T16:44:06,83.318665,-58.136948,nan
2024-06-06T16:44:06,83.318680,-58.136925,nan
2024-06-06T16:44:05,83.318703,-58.136902,nan
2024-06-06T16:44:05,83.318726,-58.136875,nan
2024-06-06T16:44:04,83.318748,-58.136852,nan
2024-06-06T16:44:04,83.318771,-58.136826,nan
2024-06-06T16:44:03,83.318794,-58.136806,nan
2024-06-06T16:44:03,83.318817,-58.136787,nan
2024-06-06T16:44:02,83.318840,-58.136768,nan
2024-06-06T16:44:02,83.318863,-58.136745,nan
2024-06-06T16:44:01,83.318886,-58.136730,nan
2024-06-06T16:44:01,83.318909,-58.136711,nan
2024-06-06T16:44:00,83.318939,-58.136696,nan
2024-06-06T16:44:00,83.318962,-58.136681,nan
2024-06-06T16:43:59,83.318985,-58.136665,nan
2024-06-06T16:43:59,83.319016,-58.136654,nan
2024-06-06T16:43:58,83.319038,-58.136646,nan
2024-06-06T16:43:58,83.319069,-58.136642,nan
2024-06-06T16:43:57,83.319092,-58.136642,nan
2024-06-06T16:43:57,83.319122,-58.136642,nan
2024-06-06T16:43:56,83.319153,-58.136642,nan
2024-06-06T16:43:56,83.319183,-58.136650,nan
2024-06-06T16:43:55,83.319214,-58.136654,nan
2024-06-06T16:43:55,83.319244,-58.136658,nan
2024-06-06T16:43:54,83.319275,-58.136662,nan
2024-06-06T16:43:54,83.319298,-58.136665,nan
2024-06-06T16:43:53,83.319328,-58.136669,nan
2024-06-06T16:43:53,83.319359,-58.136673,nan
2024-06-06T16:43:52,83.319382,-58.136669,nan
2024-06-06T16:43:52,83.319412,-58.136669,nan
2024-06-06T16:43:51,83.319435,-58.136662,nan
2024-06-06T16:43:51,83.319458,-58.136654,nan
2024-06-06T16:43:50,83.319481,-58.136642,nan
2024-06-06T16:43:50,83.319504,-58.136631,nan
2024-06-06T16:43:49,83.319534,-58.136620,nan
2024-06-06T16:43:49,83.319557,-58.136604,nan
2024-06-06T16:43:48,83.319580,-58.136593,nan
2024-06-06T16:43:48,83.319603,-58.136578,nan
2024-06-06T16:43:47,83.319626,-58.136562,nan
2024-06-06T16:43:47,83.319649,-58.136547,nan
2024-06-06T16:43:46,83.319679,-58.136536,nan
2024-06-06T16:43:46,83.319702,-58.136520,nan
2024-06-06T16:43:45,83.319725,-58.136509,nan
2024-06-06T16:43:45,83.319748,-58.136497,nan
2024-06-06T16:43:44,83.319771,-58.136482,nan
2024-06-06T16:43:44,83.319794,-58.136467,nan
2024-06-06T16:43:43,83.319817,-58.136456,nan
2024-06-06T16:43:43,83.319839,-58.136440,nan
2024-06-06T16:43:42,83.319862,-58.136429,nan
2024-06-06T16:43:42,83.319885,-58.136414,nan
2024-06-06T16:43:41,83.319908,-58.136402,nan
2024-06-06T16:43:41,83.319931,-58.136387,nan
2024-06-06T16:43:40,83.319954,-58.136375,nan
2024-06-06T16:43:40,83.319977,-58.136360,nan
2024-06-06T16:43:39,83.320000,-58.136345,nan
2024-06-06T16:43:39,83.320023,-58.136326,nan
2024-06-06T16:43:38,83.320045,-58.136307,nan
2024-06-06T16:43:38,83.320068,-58.136288,nan
2024-06-06T16:43:37,83.320114,-58.136250,nan
2024-06-06T16:43:36,83.320137,-58.136230,nan
2024-06-06T16:43:36,83.320160,-58.136215,nan
2024-06-06T16:43:35,83.320183,-58.136204,nan
2024-06-06T16:43:35,83.320198,-58.136192,nan
2024-06-06T16:43:34,83.320221,-58.136185,nan
2024-06-06T16:43:34,83.320244,-58.136173,nan
2024-06-06T16:43:33,83.320259,-58.136166,nan
2024-06-06T16:43:33,83.320282,-58.136158,nan
2024-06-06T16:43:32,83.320305,-58.136154,nan
2024-06-06T16:43:32,83.320320,-58.136147,nan
2024-06-06T16:43:31,83.320343,-58.136143,nan
2024-06-06T16:43:31,83.320366,-58.136143,nan
2024-06-06T16:43:30,83.320389,-58.136143,nan
2024-06-06T16:43:30,83.320404,-58.136143,nan
2024-06-06T16:43:29,83.320427,-58.136139,nan
2024-06-06T16:43:29,83.320450,-58.136135,nan
2024-06-06T16:43:28,83.320473,-58.136131,nan
2024-06-06T16:43:28,83.320496,-58.136127,nan
2024-06-06T16:43:27,83.320518,-58.136124,nan
2024-06-06T16:43:27,83.320541,-58.136120,nan
2024-06-06T16:43:26,83.320564,-58.136112,nan
2024-06-06T16:43:26,83.320580,-58.136105,nan
2024-06-06T16:43:25,83.320602,-58.136101,nan
2024-06-06T16:43:25,83.320625,-58.136093,nan
2024-06-06T16:43:24,83.320648,-58.136082,nan
2024-06-06T16:43:24,83.320671,-58.136070,nan
2024-06-06T16:43:23,83.320694,-58.136063,nan
2024-06-06T16:43:23,83.320717,-58.136051,nan
2024-06-06T16:43:22,83.320747,-58.136047,nan
2024-06-06T16:43:22,83.320770,-58.136040,nan
2024-06-06T16:43:21,83.320793,-58.136032,nan
2024-06-06T16:43:21,83.320816,-58.136024,nan
2024-06-06T16:43:20,83.320839,-58.136013,nan
2024-06-06T16:43:20,83.320862,-58.136005,nan
2024-06-06T16:43:19,83.320885,-58.135994,nan
2024-06-06T16:43:19,83.320908,-58.135983,nan
2024-06-06T16:43:18,83.320930,-58.135975,nan
2024-06-06T16:43:18,83.320946,-58.135971,nan
2024-06-06T16:43:17,83.320969,-58.135967,nan
2024-06-06T16:43:17,83.320992,-58.135963,nan
2024-06-06T16:43:16,83.321014,-58.135963,nan
2024-06-06T16:43:16,83.321037,-58.135960,nan
2024-06-06T16:43:15,83.321060,-58.135956,nan
2024-06-06T16:43:15,83.321083,-58.135956,nan
2024-06-06T16:43:14,83.321106,-58.135952,nan
2024-06-06T16:43:14,83.321121,-58.135952,nan
2024-06-06T16:43:13,83.321144,-58.135948,nan
2024-06-06T16:43:13,83.321167,-58.135948,nan
2024-06-06T16:43:12,83.321182,-58.135948,nan
2024-06-06T16:43:12,83.321205,-58.135952,nan
2024-06-06T16:43:11,83.321220,-58.135956,nan
2024-06-06T16:43:11,83.321243,-58.135960,nan
2024-06-06T16:43:10,83.321266,-58.135963,nan
2024-06-06T16:43:10,83.321281,-58.135967,nan
2024-06-06T16:43:09,83.321304,-58.135975,nan
2024-06-06T16:43:09,83.321327,-58.135986,nan
2024-06-06T16:43:08,83.321350,-58.135998,nan
2024-06-06T16:43:08,83.321365,-58.136009,nan
2024-06-06T16:43:07,83.321388,-58.136024,nan
2024-06-06T16:43:07,83.321404,-58.136040,nan
2024-06-06T16:43:06,83.321426,-58.136055,nan
2024-06-06T16:43:06,83.321449,-58.136070,nan
2024-06-06T16:43:05,83.321465,-58.136086,nan
2024-06-06T16:43:05,83.321487,-58.136101,nan
2024-06-06T16:43:04,83.321503,-58.136112,nan
2024-06-06T16:43:04,83.321526,-58.136124,nan
2024-06-06T16:43:03,83.321541,-58.136131,nan
2024-06-06T16:43:03,83.321556,-58.136143,nan
2024-06-06T16:43:02,83.321571,-58.136150,nan
2024-06-06T16:43:02,83.321594,-58.136154,nan
2024-06-06T16:43:01,83.321609,-58.136158,nan
2024-06-06T16:43:01,83.321625,-58.136162,nan
2024-06-06T16:43:00,83.321648,-58.136166,nan
2024-06-06T16:43:00,83.321663,-58.136166,nan
2024-06-06T16:42:59,83.321678,-58.136166,nan
2024-06-06T16:42:59,83.321693,-58.136162,nan
2024-06-06T16:42:58,83.321709,-58.136162,nan
2024-06-06T16:42:58,83.321724,-58.136162,nan
2024-06-06T16:42:57,83.321739,-58.136158,nan
2024-06-06T16:42:57,83.321754,-58.136154,nan
2024-06-06T16:42:56,83.321770,-58.136150,nan
2024-06-06T16:42:56,83.321785,-58.136150,nan
2024-06-06T16:42:55,83.321800,-58.136147,nan
2024-06-06T16:42:55,83.321815,-58.136143,nan
2024-06-06T16:42:54,83.321831,-58.136143,nan
2024-06-06T16:42:54,83.321846,-58.136143,nan
2024-06-06T16:42:53,83.321861,-58.136139,nan
2024-06-06T16:42:53,83.321877,-58.136139,nan
2024-06-06T16:42:52,83.321892,-58.136139,nan
2024-06-06T16:42:52,83.321907,-58.136139,nan
2024-06-06T16:42:51,83.321922,-58.136135,nan
2024-06-06T16:42:51,83.321938,-58.136124,nan
2024-06-06T16:42:50,83.321953,-58.136112,nan
2024-06-06T16:42:50,83.321976,-58.136093,nan
2024-06-06T16:42:49,83.321991,-58.136074,nan
2024-06-06T16:42:49,83.322014,-58.136047,nan
2024-06-06T16:42:48,83.322037,-58.136024,nan
2024-06-06T16:42:48,83.322060,-58.135998,nan
2024-06-06T16:42:47,83.322083,-58.135971,nan
2024-06-06T16:42:47,83.322098,-58.135948,nan
2024-06-06T16:42:46,83.322121,-58.135925,nan
2024-06-06T16:42:46,83.322144,-58.135902,nan
2024-06-06T16:42:45,83.322166,-58.135880,nan
2024-06-06T16:42:45,83.322182,-58.135860,nan
2024-06-06T16:42:44,83.322205,-58.135841,nan
2024-06-06T16:42:44,83.322227,-58.135822,nan
2024-06-06T16:42:43,83.322243,-58.135799,nan
2024-06-06T16:42:43,83.322258,-58.135777,nan
2024-06-06T16:42:42,83.322273,-58.135754,nan
2024-06-06T16:42:42,83.322296,-58.135727,nan
2024-06-06T16:42:41,83.322311,-58.135700,nan
2024-06-06T16:42:41,83.322334,-58.135677,nan
2024-06-06T16:42:40,83.322350,-58.135647,nan
2024-06-06T16:42:40,83.322365,-58.135620,nan
2024-06-06T16:42:39,83.322388,-58.135593,nan
2024-06-06T16:42:39,83.322403,-58.135563,nan
2024-06-06T16:42:38,83.322426,-58.135536,nan
2024-06-06T16:42:38,83.322441,-58.135506,nan
2024-06-06T16:42:37,83.322464,-58.135479,nan
2024-06-06T16:42:37,83.322479,-58.135448,nan
2024-06-06T16:42:36,83.322502,-58.135414,nan
2024-06-06T16:42:36,83.322517,-58.135384,nan
2024-06-06T16:42:35,83.322540,-58.135357,nan
2024-06-06T16:42:35,83.322556,-58.135326,nan
2024-06-06T16:42:34,83.322578,-58.135296,nan
2024-06-06T16:42:34,83.322594,-58.135265,nan
2024-06-06T16:42:33,83.322617,-58.135235,nan
2024-06-06T16:42:33,83.322632,-58.135204,nan
2024-06-06T16:42:32,83.322655,-58.135174,nan
2024-06-06T16:42:32,83.322670,-58.135139,nan
2024-06-06T16:42:31,83.322693,-58.135105,nan
2024-06-06T16:42:31,83.322716,-58.135071,nan
2024-06-06T16:42:30,83.322731,-58.135033,nan
2024-06-06T16:42:30,83.322754,-58.134987,nan
2024-06-06T16:42:29,83.322777,-58.134945,nan
2024-06-06T16:42:29,83.322800,-58.134899,nan
2024-06-06T16:42:28,83.322823,-58.134853,nan
2024-06-06T16:42:28,83.322838,-58.134808,nan
2024-06-06T16:42:27,83.322861,-58.134754,nan
2024-06-06T16:42:27,83.322884,-58.134697,nan
2024-06-06T16:42:26,83.322914,-58.134632,nan
2024-06-06T16:42:26,83.322937,-58.134556,nan
2024-06-06T16:42:25,83.322960,-58.134476,nan
2024-06-06T16:42:25,83.322983,-58.134380,nan
2024-06-06T16:42:24,83.323006,-58.134274,nan
2024-06-06T16:42:24,83.323036,-58.134159,nan
2024-06-06T16:42:23,83.323059,-58.134033,nan
2024-06-06T16:42:23,83.323090,-58.133896,nan
2024-06-06T16:42:22,83.323112,-58.133755,nan
2024-06-06T16:42:22,83.323135,-58.133602,nan
2024-06-06T16:42:21,83.323166,-58.133446,nan
2024-06-06T16:42:21,83.323189,-58.133282,nan
2024-06-06T16:42:20,83.323212,-58.133106,nan
2024-06-06T16:42:20,83.323235,-58.132927,nan
2024-06-06T16:42:19,83.323257,-58.132740,nan
2024-06-06T16:42:19,83.323273,-58.132549,nan
2024-06-06T16:42:18,83.323296,-58.132351,nan
2024-06-06T16:42:18,83.323311,-58.132156,nan
2024-06-06T16:42:17,83.323326,-58.131966,nan
2024-06-06T16:42:17,83.323341,-58.131779,nan
2024-06-06T16:42:16,83.323349,-58.131596,nan
2024-06-06T16:42:16,83.323364,-58.131420,nan
2024-06-06T16:42:15,83.323372,-58.131248,nan
2024-06-06T16:42:15,83.323380,-58.131077,nan
2024-06-06T16:42:14,83.323387,-58.130913,nan
2024-06-06T16:42:14,83.323387,-58.130753,nan
2024-06-06T16:42:13,83.323395,-58.130596,nan
2024-06-06T16:42:13,83.323387,-58.130444,nan
2024-06-06T16:42:12,83.323387,-58.130291,nan
2024-06-06T16:42:12,83.323380,-58.130142,nan
2024-06-06T16:42:11,83.323380,-58.129990,nan
2024-06-06T16:42:11,83.323372,-58.129837,nan
2024-06-06T16:42:10,83.323372,-58.129688,nan
2024-06-06T16:42:10,83.323364,-58.129539,nan
2024-06-06T16:42:09,83.323364,-58.129395,nan
2024-06-06T16:42:09,83.323364,-58.129250,nan
2024-06-06T16:42:08,83.323364,-58.129108,nan
2024-06-06T16:42:08,83.323364,-58.128971,nan
2024-06-06T16:42:07,83.323364,-58.128834,nan
2024-06-06T16:42:07,83.323372,-58.128689,nan
2024-06-06T16:42:06,83.323372,-58.128540,nan
2024-06-06T16:42:06,83.323380,-58.128391,nan
2024-06-06T16:42:05,83.323387,-58.128246,nan
2024-06-06T16:42:05,83.323395,-58.128101,nan
2024-06-06T16:42:04,83.323402,-58.127956,nan
2024-06-06T16:42:04,83.323418,-58.127804,nan
2024-06-06T16:42:03,83.323425,-58.127651,nan
2024-06-06T16:42:03,83.323441,-58.127495,nan
2024-06-06T16:42:02,83.323456,-58.127331,nan
2024-06-06T16:42:02,83.323463,-58.127163,nan
2024-06-06T16:42:01,83.323479,-58.126991,nan
2024-06-06T16:42:01,83.323494,-58.126816,nan
2024-06-06T16:42:00,83.323502,-58.126637,nan
2024-06-06T16:42:00,83.323509,-58.126453,nan
2024-06-06T16:41:59,83.323524,-58.126263,nan
2024-06-06T16:41:59,83.323532,-58.126072,nan
2024-06-06T16:41:58,83.323532,-58.125877,nan
2024-06-06T16:41:58,83.323540,-58.125683,nan
2024-06-06T16:41:57,83.323540,-58.125484,nan
2024-06-06T16:41:57,83.323547,-58.125282,nan
2024-06-06T16:41:56,83.323547,-58.125088,nan
2024-06-06T16:41:56,83.323547,-58.124889,nan
2024-06-06T16:41:55,83.323540,-58.124691,nan
2024-06-06T16:41:55,83.323540,-58.124493,nan
2024-06-06T16:41:54,83.323532,-58.124294,nan
2024-06-06T16:41:54,83.323524,-58.124100,nan
2024-06-06T16:41:53,83.323517,-58.123901,nan
2024-06-06T16:41:53,83.323509,-58.123695,nan
2024-06-06T16:41:52,83.323502,-58.123493,nan
2024-06-06T16:41:52,83.323486,-58.123295,nan
2024-06-06T16:41:51,83.323479,-58.123093,nan
2024-06-06T16:41:51,83.323463,-58.122894,nan
2024-06-06T16:41:50,83.323456,-58.122700,nan
2024-06-06T16:41:50,83.323448,-58.122513,nan
2024-06-06T16:41:49,83.323441,-58.122326,nan
2024-06-06T16:41:49,83.323425,-58.122150,nan
2024-06-06T16:41:48,83.323418,-58.121979,nan
2024-06-06T16:41:48,83.323410,-58.121815,nan
2024-06-06T16:41:47,83.323395,-58.121658,nan
2024-06-06T16:41:47,83.323387,-58.121513,nan
2024-06-06T16:41:46,83.323380,-58.121376,nan
2024-06-06T16:41:46,83.323364,-58.121243,nan
2024-06-06T16:41:45,83.323357,-58.121117,nan
2024-06-06T16:41:45,83.323341,-58.120987,nan
2024-06-06T16:41:44,83.323326,-58.120861,nan
2024-06-06T16:41:44,83.323318,-58.120739,nan
2024-06-06T16:41:43,83.323303,-58.120625,nan
2024-06-06T16:41:43,83.323296,-58.120510,nan
2024-06-06T16:41:42,83.323288,-58.120407,nan
2024-06-06T16:41:42,83.323273,-58.120304,nan
2024-06-06T16:41:41,83.323265,-58.120213,nan
2024-06-06T16:41:41,83.323250,-58.120117,nan
2024-06-06T16:41:40,83.323242,-58.120033,nan
2024-06-06T16:41:40,83.323227,-58.119949,nan
2024-06-06T16:41:39,83.323212,-58.119869,nan
2024-06-06T16:41:39,83.323204,-58.119797,nan
2024-06-06T16:41:38,83.323189,-58.119732,nan
2024-06-06T16:41:38,83.323174,-58.119667,nan
2024-06-06T16:41:37,83.323166,-58.119606,nan
2024-06-06T16:41:37,83.323151,-58.119549,nan
2024-06-06T16:41:36,83.323143,-58.119499,nan
2024-06-06T16:41:36,83.323128,-58.119453,nan
2024-06-06T16:41:35,83.323120,-58.119404,nan
2024-06-06T16:41:35,83.323112,-58.119354,nan
2024-06-06T16:41:34,83.323097,-58.119305,nan
2024-06-06T16:41:34,83.323090,-58.119251,nan
2024-06-06T16:41:33,83.323082,-58.119198,nan
2024-06-06T16:41:33,83.323074,-58.119141,nan
2024-06-06T16:41:32,83.323074,-58.119080,nan
2024-06-06T16:41:32,83.323067,-58.119015,nan
2024-06-06T16:41:31,83.323059,-58.118935,nan
2024-06-06T16:41:31,83.323051,-58.118843,nan
2024-06-06T16:41:30,83.323051,-58.118744,nan
2024-06-06T16:41:30,83.323036,-58.118637,nan
2024-06-06T16:41:29,83.323029,-58.118523,nan
2024-06-06T16:41:29,83.323021,-58.118397,nan
2024-06-06T16:41:28,83.323013,-58.118256,nan
2024-06-06T16:41:28,83.323006,-58.118107,nan
2024-06-06T16:41:27,83.322990,-58.117943,nan
2024-06-06T16:41:27,83.322983,-58.117771,nan
2024-06-06T16:41:26,83.322968,-58.117584,nan
2024-06-06T16:41:26,83.322960,-58.117393,nan
2024-06-06T16:41:25,83.322945,-58.117195,nan
2024-06-06T16:41:25,83.322929,-58.116985,nan
2024-06-06T16:41:24,83.322922,-58.116776,nan
2024-06-06T16:41:24,83.322906,-58.116566,nan
2024-06-06T16:41:23,83.322891,-58.116360,nan
2024-06-06T16:41:23,83.322876,-58.116154,nan
2024-06-06T16:41:22,83.322861,-58.115963,nan
2024-06-06T16:41:22,83.322838,-58.115784,nan
2024-06-06T16:41:21,83.322815,-58.115604,nan
2024-06-06T16:41:21,83.322800,-58.115437,nan
2024-06-06T16:41:20,83.322777,-58.115273,nan
2024-06-06T16:41:20,83.322754,-58.115124,nan
2024-06-06T16:41:19,83.322739,-58.114983,nan
2024-06-06T16:41:19,83.322716,-58.114861,nan
2024-06-06T16:41:18,83.322701,-58.114746,nan
2024-06-06T16:41:18,83.322678,-58.114655,nan
2024-06-06T16:41:17,83.322662,-58.114571,nan
2024-06-06T16:41:17,83.322655,-58.114502,nan
2024-06-06T16:41:16,83.322639,-58.114441,nan
2024-06-06T16:41:16,83.322624,-58.114380,nan
2024-06-06T16:41:15,83.322609,-58.114326,nan
2024-06-06T16:41:15,83.322594,-58.114265,nan
2024-06-06T16:41:14,83.322578,-58.114182,nan
2024-06-06T16:41:14,83.322571,-58.114117,nan
2024-06-06T16:41:13,83.322556,-58.114059,nan
2024-06-06T16:41:13,83.322548,-58.113991,nan
2024-06-06T16:41:12,83.322540,-58.113926,nan
2024-06-06T16:41:12,83.322533,-58.113892,nan
2024-06-06T16:41:11,83.322510,-58.113930,nan
2024-06-06T16:41:11,83.322479,-58.114021,nan
2024-06-06T16:41:10,83.322433,-58.114204,nan
2024-06-06T16:41:10,83.322372,-58.114651,nan
2024-06-06T16:41:09,83.322243,-58.115513,nan
2024-06-06T16:41:09,83.322037,-58.117264,nan
2024-06-06T16:41:08,83.321922,-58.118244,nan
2024-06-06T16:41:08,83.321846,-58.118759,nan
2024-06-06T16:41:07,83.321815,-58.118793,nan
2024-06-06T16:41:07,83.321800,-58.118610,nan
2024-06-06T16:41:06,83.321808,-58.118237,nan
2024-06-06T16:41:06,83.321854,-58.117352,nan
2024-06-06T16:41:05,83.321945,-58.116077,nan
2024-06-06T16:41:05,83.322075,-58.114414,nan
2024-06-06T16:41:04,83.322372,-58.110725,nan
2024-06-06T16:41:04,83.322792,-58.105637,nan
2024-06-06T16:41:03,83.323288,-58.099545,nan
