datetime,lat,lon,elev
2024-08-05T12:17:19,71.618111,-66.954033,nan
2024-08-05T12:17:18,71.618126,-66.954079,nan
2024-08-05T12:17:18,71.618149,-66.954124,nan
2024-08-05T12:17:17,71.618164,-66.954170,nan
2024-08-05T12:17:17,71.618187,-66.954224,nan
2024-08-05T12:17:16,71.618210,-66.954269,nan
2024-08-05T12:17:16,71.618233,-66.954323,nan
2024-08-05T12:17:15,71.618256,-66.954376,nan
2024-08-05T12:17:15,71.618279,-66.954430,nan
2024-08-05T12:17:14,71.618309,-66.954491,nan
2024-08-05T12:17:14,71.618332,-66.954544,nan
2024-08-05T12:17:13,71.618362,-66.954597,nan
2024-08-05T12:17:13,71.618385,-66.954651,nan
2024-08-05T12:17:12,71.618416,-66.954704,nan
2024-08-05T12:17:12,71.618446,-66.954758,nan
2024-08-05T12:17:11,71.618469,-66.954811,nan
2024-08-05T12:17:11,71.618500,-66.954865,nan
2024-08-05T12:17:10,71.618530,-66.954918,nan
2024-08-05T12:17:10,71.618561,-66.954971,nan
2024-08-05T12:17:09,71.618591,-66.955025,nan
2024-08-05T12:17:09,71.618614,-66.955070,nan
2024-08-05T12:17:08,71.618645,-66.955124,nan
2024-08-05T12:17:08,71.618675,-66.955177,nan
2024-08-05T12:17:07,71.618706,-66.955231,nan
2024-08-05T12:17:07,71.618736,-66.955276,nan
2024-08-05T12:17:06,71.618767,-66.955330,nan
2024-08-05T12:17:06,71.618797,-66.955383,nan
2024-08-05T12:17:05,71.618828,-66.955437,nan
2024-08-05T12:17:05,71.618858,-66.955498,nan
2024-08-05T12:17:04,71.618896,-66.955551,nan
2024-08-05T12:17:04,71.618927,-66.955605,nan
2024-08-05T12:17:03,71.618965,-66.955666,nan
2024-08-05T12:17:03,71.618996,-66.955719,nan
2024-08-05T12:17:02,71.619034,-66.955780,nan
2024-08-05T12:17:02,71.619064,-66.955841,nan
2024-08-05T12:17:01,71.619095,-66.955902,nan
2024-08-05T12:17:01,71.619133,-66.955956,nan
2024-08-05T12:17:00,71.619164,-66.956017,nan
2024-08-05T12:17:00,71.619202,-66.956078,nan
2024-08-05T12:16:59,71.619240,-66.956131,nan
2024-08-05T12:16:59,71.619270,-66.956192,nan
2024-08-05T12:16:58,71.619308,-66.956245,nan
2024-08-05T12:16:58,71.619339,-66.956299,nan
2024-08-05T12:16:57,71.619377,-66.956360,nan
2024-08-05T12:16:57,71.619415,-66.956413,nan
2024-08-05T12:16:56,71.619453,-66.956467,nan
2024-08-05T12:16:56,71.619484,-66.956520,nan
2024-08-05T12:16:55,71.619522,-66.956573,nan
2024-08-05T12:16:55,71.619560,-66.956627,nan
2024-08-05T12:16:54,71.619598,-66.956673,nan
2024-08-05T12:16:54,71.619637,-66.956718,nan
2024-08-05T12:16:53,71.619675,-66.956764,nan
2024-08-05T12:16:53,71.619713,-66.956810,nan
2024-08-05T12:16:52,71.619751,-66.956848,nan
2024-08-05T12:16:52,71.619789,-66.956886,nan
2024-08-05T12:16:51,71.619827,-66.956924,nan
2024-08-05T12:16:51,71.619865,-66.956970,nan
2024-08-05T12:16:50,71.619904,-66.957008,nan
2024-08-05T12:16:50,71.619942,-66.957047,nan
2024-08-05T12:16:49,71.619980,-66.957085,nan
2024-08-05T12:16:49,71.620018,-66.957123,nan
2024-08-05T12:16:48,71.620056,-66.957169,nan
2024-08-05T12:16:48,71.620094,-66.957207,nan
2024-08-05T12:16:47,71.620132,-66.957245,nan
2024-08-05T12:16:47,71.620163,-66.957291,nan
2024-08-05T12:16:46,71.620201,-66.957329,nan
2024-08-05T12:16:46,71.620239,-66.957367,nan
2024-08-05T12:16:45,71.620277,-66.957413,nan
2024-08-05T12:16:45,71.620316,-66.957458,nan
2024-08-05T12:16:44,71.620354,-66.957497,nan
2024-08-05T12:16:44,71.620392,-66.957535,nan
2024-08-05T12:16:43,71.620430,-66.957581,nan
2024-08-05T12:16:43,71.620468,-66.957619,nan
2024-08-05T12:16:42,71.620506,-66.957664,nan
2024-08-05T12:16:42,71.620537,-66.957703,nan
2024-08-05T12:16:41,71.620575,-66.957741,nan
2024-08-05T12:16:41,71.620613,-66.957779,nan
2024-08-05T12:16:40,71.620651,-66.957817,nan
2024-08-05T12:16:40,71.620689,-66.957863,nan
2024-08-05T12:16:39,71.620720,-66.957901,nan
2024-08-05T12:16:39,71.620758,-66.957939,nan
2024-08-05T12:16:38,71.620796,-66.957985,nan
2024-08-05T12:16:38,71.620834,-66.958023,nan
2024-08-05T12:16:37,71.620872,-66.958061,nan
2024-08-05T12:16:37,71.620911,-66.958107,nan
2024-08-05T12:16:36,71.620941,-66.958153,nan
2024-08-05T12:16:36,71.620979,-66.958191,nan
2024-08-05T12:16:35,71.621017,-66.958229,nan
2024-08-05T12:16:35,71.621056,-66.958267,nan
2024-08-05T12:16:34,71.621094,-66.958313,nan
2024-08-05T12:16:34,71.621132,-66.958359,nan
2024-08-05T12:16:33,71.621162,-66.958397,nan
2024-08-05T12:16:33,71.621201,-66.958443,nan
2024-08-05T12:16:32,71.621239,-66.958488,nan
2024-08-05T12:16:32,71.621277,-66.958534,nan
2024-08-05T12:16:31,71.621315,-66.958580,nan
2024-08-05T12:16:31,71.621353,-66.958626,nan
2024-08-05T12:16:30,71.621391,-66.958672,nan
2024-08-05T12:16:30,71.621422,-66.958717,nan
2024-08-05T12:16:29,71.621460,-66.958755,nan
2024-08-05T12:16:29,71.621498,-66.958801,nan
2024-08-05T12:16:28,71.621536,-66.958847,nan
2024-08-05T12:16:28,71.621574,-66.958885,nan
2024-08-05T12:16:27,71.621613,-66.958931,nan
2024-08-05T12:16:27,71.621643,-66.958977,nan
2024-08-05T12:16:26,71.621681,-66.959015,nan
2024-08-05T12:16:26,71.621719,-66.959061,nan
2024-08-05T12:16:25,71.621758,-66.959099,nan
2024-08-05T12:16:25,71.621796,-66.959137,nan
2024-08-05T12:16:24,71.621826,-66.959175,nan
2024-08-05T12:16:24,71.621864,-66.959213,nan
2024-08-05T12:16:23,71.621902,-66.959251,nan
2024-08-05T12:16:23,71.621941,-66.959282,nan
2024-08-05T12:16:22,71.621971,-66.959320,nan
2024-08-05T12:16:22,71.622009,-66.959351,nan
2024-08-05T12:16:21,71.622047,-66.959389,nan
2024-08-05T12:16:21,71.622086,-66.959419,nan
2024-08-05T12:16:20,71.622124,-66.959450,nan
2024-08-05T12:16:20,71.622154,-66.959480,nan
2024-08-05T12:16:19,71.622192,-66.959503,nan
2024-08-05T12:16:19,71.622231,-66.959526,nan
2024-08-05T12:16:18,71.622276,-66.959549,nan
2024-08-05T12:16:18,71.622314,-66.959564,nan
2024-08-05T12:16:17,71.622353,-66.959579,nan
2024-08-05T12:16:17,71.622391,-66.959595,nan
2024-08-05T12:16:16,71.622437,-66.959610,nan
2024-08-05T12:16:16,71.622475,-66.959625,nan
2024-08-05T12:16:15,71.622520,-66.959633,nan
2024-08-05T12:16:15,71.622566,-66.959648,nan
2024-08-05T12:16:14,71.622604,-66.959656,nan
2024-08-05T12:16:14,71.622650,-66.959671,nan
2024-08-05T12:16:13,71.622696,-66.959679,nan
2024-08-05T12:16:13,71.622742,-66.959694,nan
2024-08-05T12:16:12,71.622787,-66.959702,nan
2024-08-05T12:16:12,71.622826,-66.959717,nan
2024-08-05T12:16:11,71.622871,-66.959724,nan
2024-08-05T12:16:11,71.622917,-66.959732,nan
2024-08-05T12:16:10,71.622963,-66.959740,nan
2024-08-05T12:16:10,71.623009,-66.959755,nan
2024-08-05T12:16:09,71.623047,-66.959770,nan
2024-08-05T12:16:09,71.623093,-66.959785,nan
2024-08-05T12:16:08,71.623131,-66.959793,nan
2024-08-05T12:16:08,71.623177,-66.959808,nan
2024-08-05T12:16:07,71.623215,-66.959824,nan
2024-08-05T12:16:07,71.623260,-66.959831,nan
2024-08-05T12:16:06,71.623299,-66.959839,nan
2024-08-05T12:16:06,71.623337,-66.959846,nan
2024-08-05T12:16:05,71.623383,-66.959854,nan
2024-08-05T12:16:05,71.623421,-66.959862,nan
2024-08-05T12:16:04,71.623459,-66.959869,nan
2024-08-05T12:16:04,71.623497,-66.959869,nan
2024-08-05T12:16:03,71.623535,-66.959877,nan
2024-08-05T12:16:03,71.623573,-66.959877,nan
2024-08-05T12:16:02,71.623604,-66.959885,nan
2024-08-05T12:16:02,71.623642,-66.959877,nan
2024-08-05T12:16:01,71.623680,-66.959877,nan
2024-08-05T12:16:01,71.623711,-66.959877,nan
2024-08-05T12:16:00,71.623749,-66.959869,nan
2024-08-05T12:16:00,71.623787,-66.959869,nan
2024-08-05T12:15:59,71.623817,-66.959869,nan
2024-08-05T12:15:59,71.623856,-66.959869,nan
2024-08-05T12:15:58,71.623886,-66.959869,nan
2024-08-05T12:15:58,71.623924,-66.959869,nan
2024-08-05T12:15:57,71.623955,-66.959869,nan
2024-08-05T12:15:57,71.623993,-66.959869,nan
2024-08-05T12:15:56,71.624023,-66.959869,nan
2024-08-05T12:15:56,71.624062,-66.959877,nan
2024-08-05T12:15:55,71.624092,-66.959885,nan
2024-08-05T12:15:55,71.624123,-66.959892,nan
2024-08-05T12:15:54,71.624161,-66.959892,nan
2024-08-05T12:15:54,71.624191,-66.959908,nan
2024-08-05T12:15:53,71.624222,-66.959915,nan
2024-08-05T12:15:53,71.624260,-66.959923,nan
2024-08-05T12:15:52,71.624290,-66.959938,nan
2024-08-05T12:15:52,71.624321,-66.959953,nan
2024-08-05T12:15:51,71.624352,-66.959969,nan
2024-08-05T12:15:51,71.624382,-66.959984,nan
2024-08-05T12:15:50,71.624413,-66.959999,nan
2024-08-05T12:15:50,71.624443,-66.960022,nan
2024-08-05T12:15:49,71.624474,-66.960037,nan
2024-08-05T12:15:49,71.624504,-66.960052,nan
2024-08-05T12:15:48,71.624542,-66.960075,nan
2024-08-05T12:15:48,71.624573,-66.960098,nan
2024-08-05T12:15:47,71.624603,-66.960114,nan
2024-08-05T12:15:47,71.624641,-66.960136,nan
2024-08-05T12:15:46,71.624672,-66.960159,nan
2024-08-05T12:15:46,71.624710,-66.960182,nan
2024-08-05T12:15:45,71.624741,-66.960205,nan
2024-08-05T12:15:45,71.624771,-66.960228,nan
2024-08-05T12:15:44,71.624802,-66.960251,nan
2024-08-05T12:15:44,71.624840,-66.960274,nan
2024-08-05T12:15:43,71.624870,-66.960297,nan
2024-08-05T12:15:43,71.624908,-66.960327,nan
2024-08-05T12:15:42,71.624939,-66.960350,nan
2024-08-05T12:15:42,71.624969,-66.960373,nan
2024-08-05T12:15:41,71.625000,-66.960396,nan
2024-08-05T12:15:41,71.625038,-66.960426,nan
2024-08-05T12:15:40,71.625069,-66.960449,nan
2024-08-05T12:15:40,71.625099,-66.960480,nan
2024-08-05T12:15:39,71.625137,-66.960510,nan
2024-08-05T12:15:39,71.625168,-66.960533,nan
2024-08-05T12:15:38,71.625198,-66.960564,nan
2024-08-05T12:15:38,71.625237,-66.960587,nan
2024-08-05T12:15:37,71.625267,-66.960609,nan
2024-08-05T12:15:37,71.625305,-66.960640,nan
2024-08-05T12:15:36,71.625336,-66.960663,nan
2024-08-05T12:15:36,71.625374,-66.960693,nan
2024-08-05T12:15:35,71.625404,-66.960716,nan
2024-08-05T12:15:35,71.625443,-66.960739,nan
2024-08-05T12:15:34,71.625473,-66.960762,nan
2024-08-05T12:15:34,71.625504,-66.960785,nan
2024-08-05T12:15:33,71.625542,-66.960808,nan
2024-08-05T12:15:33,71.625572,-66.960831,nan
2024-08-05T12:15:32,71.625610,-66.960846,nan
2024-08-05T12:15:32,71.625648,-66.960869,nan
2024-08-05T12:15:31,71.625679,-66.960884,nan
2024-08-05T12:15:31,71.625717,-66.960907,nan
2024-08-05T12:15:30,71.625755,-66.960922,nan
2024-08-05T12:15:30,71.625793,-66.960945,nan
2024-08-05T12:15:29,71.625824,-66.960968,nan
2024-08-05T12:15:29,71.625862,-66.960991,nan
2024-08-05T12:15:28,71.625900,-66.961021,nan
2024-08-05T12:15:28,71.625931,-66.961044,nan
2024-08-05T12:15:27,71.625969,-66.961075,nan
2024-08-05T12:15:27,71.626007,-66.961098,nan
2024-08-05T12:15:26,71.626038,-66.961128,nan
2024-08-05T12:15:26,71.626076,-66.961166,nan
2024-08-05T12:15:25,71.626114,-66.961197,nan
2024-08-05T12:15:25,71.626144,-66.961227,nan
2024-08-05T12:15:24,71.626183,-66.961258,nan
2024-08-05T12:15:24,71.626221,-66.961288,nan
2024-08-05T12:15:23,71.626251,-66.961319,nan
2024-08-05T12:15:23,71.626289,-66.961349,nan
2024-08-05T12:15:22,71.626328,-66.961388,nan
2024-08-05T12:15:22,71.626366,-66.961418,nan
2024-08-05T12:15:21,71.626396,-66.961449,nan
2024-08-05T12:15:21,71.626434,-66.961479,nan
2024-08-05T12:15:20,71.626472,-66.961517,nan
2024-08-05T12:15:20,71.626511,-66.961548,nan
2024-08-05T12:15:19,71.626541,-66.961578,nan
2024-08-05T12:15:19,71.626579,-66.961609,nan
2024-08-05T12:15:18,71.626617,-66.961639,nan
2024-08-05T12:15:18,71.626656,-66.961670,nan
2024-08-05T12:15:17,71.626694,-66.961700,nan
2024-08-05T12:15:17,71.626732,-66.961731,nan
2024-08-05T12:15:16,71.626778,-66.961754,nan
2024-08-05T12:15:16,71.626816,-66.961784,nan
2024-08-05T12:15:15,71.626854,-66.961815,nan
2024-08-05T12:15:15,71.626900,-66.961838,nan
2024-08-05T12:15:14,71.626938,-66.961868,nan
2024-08-05T12:15:14,71.626984,-66.961899,nan
2024-08-05T12:15:13,71.627022,-66.961929,nan
2024-08-05T12:15:13,71.627068,-66.961952,nan
2024-08-05T12:15:12,71.627106,-66.961990,nan
2024-08-05T12:15:12,71.627151,-66.962021,nan
2024-08-05T12:15:11,71.627190,-66.962059,nan
2024-08-05T12:15:11,71.627235,-66.962097,nan
2024-08-05T12:15:10,71.627274,-66.962143,nan
2024-08-05T12:15:10,71.627312,-66.962189,nan
2024-08-05T12:15:09,71.627350,-66.962242,nan
2024-08-05T12:15:09,71.627396,-66.962303,nan
2024-08-05T12:15:08,71.627434,-66.962357,nan
2024-08-05T12:15:08,71.627472,-66.962418,nan
2024-08-05T12:15:07,71.627518,-66.962471,nan
2024-08-05T12:15:07,71.627563,-66.962524,nan
2024-08-05T12:15:06,71.627602,-66.962578,nan
2024-08-05T12:15:06,71.627647,-66.962631,nan
2024-08-05T12:15:05,71.627686,-66.962677,nan
2024-08-05T12:15:05,71.627731,-66.962730,nan
2024-08-05T12:15:04,71.627769,-66.962776,nan
2024-08-05T12:15:04,71.627815,-66.962814,nan
2024-08-05T12:15:03,71.627853,-66.962860,nan
2024-08-05T12:15:03,71.627899,-66.962898,nan
2024-08-05T12:15:02,71.627937,-66.962944,nan
2024-08-05T12:15:02,71.627983,-66.962990,nan
2024-08-05T12:15:01,71.628021,-66.963028,nan
2024-08-05T12:15:01,71.628067,-66.963074,nan
2024-08-05T12:15:00,71.628105,-66.963120,nan
2024-08-05T12:15:00,71.628151,-66.963158,nan
2024-08-05T12:14:59,71.628189,-66.963203,nan
2024-08-05T12:14:59,71.628227,-66.963249,nan
2024-08-05T12:14:58,71.628265,-66.963295,nan
2024-08-05T12:14:58,71.628304,-66.963341,nan
2024-08-05T12:14:57,71.628342,-66.963387,nan
2024-08-05T12:14:57,71.628380,-66.963432,nan
2024-08-05T12:14:56,71.628426,-66.963486,nan
2024-08-05T12:14:56,71.628464,-66.963531,nan
2024-08-05T12:14:55,71.628502,-66.963585,nan
2024-08-05T12:14:55,71.628540,-66.963631,nan
2024-08-05T12:14:54,71.628586,-66.963684,nan
2024-08-05T12:14:54,71.628624,-66.963730,nan
2024-08-05T12:14:53,71.628662,-66.963776,nan
2024-08-05T12:14:53,71.628700,-66.963821,nan
2024-08-05T12:14:52,71.628738,-66.963867,nan
2024-08-05T12:14:52,71.628777,-66.963905,nan
2024-08-05T12:14:51,71.628815,-66.963943,nan
2024-08-05T12:14:51,71.628853,-66.963982,nan
2024-08-05T12:14:50,71.628883,-66.964012,nan
2024-08-05T12:14:50,71.628922,-66.964050,nan
2024-08-05T12:14:49,71.628960,-66.964081,nan
2024-08-05T12:14:49,71.628998,-66.964111,nan
2024-08-05T12:14:48,71.629028,-66.964149,nan
2024-08-05T12:14:48,71.629066,-66.964180,nan
2024-08-05T12:14:47,71.629097,-66.964211,nan
2024-08-05T12:14:47,71.629135,-66.964233,nan
2024-08-05T12:14:46,71.629166,-66.964264,nan
2024-08-05T12:14:46,71.629204,-66.964287,nan
2024-08-05T12:14:45,71.629234,-66.964310,nan
2024-08-05T12:14:45,71.629265,-66.964325,nan
2024-08-05T12:14:44,71.629303,-66.964348,nan
2024-08-05T12:14:44,71.629333,-66.964371,nan
2024-08-05T12:14:43,71.629364,-66.964386,nan
2024-08-05T12:14:43,71.629402,-66.964409,nan
2024-08-05T12:14:42,71.629433,-66.964432,nan
2024-08-05T12:14:42,71.629463,-66.964447,nan
2024-08-05T12:14:41,71.629494,-66.964470,nan
2024-08-05T12:14:41,71.629524,-66.964493,nan
2024-08-05T12:14:40,71.629547,-66.964516,nan
2024-08-05T12:14:40,71.629578,-66.964531,nan
2024-08-05T12:14:39,71.629608,-66.964554,nan
2024-08-05T12:14:39,71.629639,-66.964569,nan
2024-08-05T12:14:38,71.629662,-66.964584,nan
2024-08-05T12:14:38,71.629692,-66.964607,nan
2024-08-05T12:14:37,71.629723,-66.964630,nan
2024-08-05T12:14:37,71.629745,-66.964653,nan
2024-08-05T12:14:36,71.629776,-66.964676,nan
2024-08-05T12:14:36,71.629807,-66.964699,nan
2024-08-05T12:14:35,71.629837,-66.964722,nan
2024-08-05T12:14:35,71.629860,-66.964745,nan
2024-08-05T12:14:34,71.629890,-66.964767,nan
2024-08-05T12:14:34,71.629921,-66.964790,nan
2024-08-05T12:14:33,71.629944,-66.964813,nan
2024-08-05T12:14:33,71.629974,-66.964836,nan
2024-08-05T12:14:32,71.630005,-66.964859,nan
2024-08-05T12:14:32,71.630028,-66.964874,nan
2024-08-05T12:14:31,71.630058,-66.964897,nan
2024-08-05T12:14:31,71.630081,-66.964920,nan
2024-08-05T12:14:30,71.630112,-66.964935,nan
2024-08-05T12:14:30,71.630135,-66.964958,nan
2024-08-05T12:14:29,71.630157,-66.964973,nan
2024-08-05T12:14:29,71.630180,-66.964989,nan
2024-08-05T12:14:28,71.630203,-66.965004,nan
2024-08-05T12:14:28,71.630219,-66.965019,nan
2024-08-05T12:14:27,71.630241,-66.965034,nan
2024-08-05T12:14:27,71.630264,-66.965050,nan
2024-08-05T12:14:26,71.630280,-66.965065,nan
2024-08-05T12:14:26,71.630302,-66.965080,nan
2024-08-05T12:14:25,71.630325,-66.965088,nan
2024-08-05T12:14:25,71.630348,-66.965103,nan
2024-08-05T12:14:24,71.630363,-66.965118,nan
2024-08-05T12:14:24,71.630386,-66.965134,nan
2024-08-05T12:14:23,71.630402,-66.965141,nan
2024-08-05T12:14:23,71.630424,-66.965157,nan
2024-08-05T12:14:22,71.630440,-66.965172,nan
2024-08-05T12:14:22,71.630455,-66.965179,nan
2024-08-05T12:14:21,71.630470,-66.965195,nan
2024-08-05T12:14:21,71.630486,-66.965202,nan
2024-08-05T12:14:20,71.630501,-66.965218,nan
2024-08-05T12:14:20,71.630516,-66.965225,nan
2024-08-05T12:14:19,71.630524,-66.965240,nan
2024-08-05T12:14:19,71.630539,-66.965248,nan
2024-08-05T12:14:18,71.630554,-66.965256,nan
2024-08-05T12:14:18,71.630562,-66.965263,nan
2024-08-05T12:14:17,71.630577,-66.965271,nan
2024-08-05T12:14:17,71.630592,-66.965279,nan
2024-08-05T12:14:16,71.630608,-66.965286,nan
2024-08-05T12:14:16,71.630623,-66.965294,nan
2024-08-05T12:14:15,71.630630,-66.965302,nan
2024-08-05T12:14:15,71.630646,-66.965317,nan
2024-08-05T12:14:14,71.630661,-66.965324,nan
2024-08-05T12:14:14,71.630669,-66.965340,nan
2024-08-05T12:14:13,71.630684,-66.965347,nan
2024-08-05T12:14:13,71.630692,-66.965363,nan
2024-08-05T12:14:12,71.630707,-66.965370,nan
2024-08-05T12:14:12,71.630722,-66.965385,nan
2024-08-05T12:14:11,71.630730,-66.965393,nan
2024-08-05T12:14:11,71.630745,-66.965408,nan
2024-08-05T12:14:10,71.630753,-66.965424,nan
2024-08-05T12:14:10,71.630768,-66.965439,nan
2024-08-05T12:14:09,71.630775,-66.965462,nan
2024-08-05T12:14:09,71.630783,-66.965485,nan
2024-08-05T12:14:08,71.630791,-66.965500,nan
2024-08-05T12:14:08,71.630806,-66.965523,nan
2024-08-05T12:14:07,71.630814,-66.965546,nan
2024-08-05T12:14:07,71.630821,-66.965569,nan
2024-08-05T12:14:06,71.630829,-66.965591,nan
2024-08-05T12:14:06,71.630844,-66.965607,nan
2024-08-05T12:14:05,71.630852,-66.965630,nan
2024-08-05T12:14:05,71.630859,-66.965645,nan
2024-08-05T12:14:04,71.630867,-66.965668,nan
2024-08-05T12:14:04,71.630882,-66.965691,nan
2024-08-05T12:14:03,71.630890,-66.965714,nan
2024-08-05T12:14:03,71.630898,-66.965729,nan
2024-08-05T12:14:02,71.630905,-66.965752,nan
2024-08-05T12:14:02,71.630913,-66.965767,nan
2024-08-05T12:14:01,71.630920,-66.965790,nan
2024-08-05T12:14:01,71.630928,-66.965805,nan
2024-08-05T12:14:00,71.630936,-66.965820,nan
2024-08-05T12:14:00,71.630943,-66.965836,nan
2024-08-05T12:13:59,71.630951,-66.965843,nan
2024-08-05T12:13:59,71.630959,-66.965858,nan
2024-08-05T12:13:58,71.630966,-66.965866,nan
2024-08-05T12:13:58,71.630974,-66.965874,nan
2024-08-05T12:13:57,71.630981,-66.965889,nan
2024-08-05T12:13:57,71.630989,-66.965897,nan
2024-08-05T12:13:56,71.631004,-66.965904,nan
2024-08-05T12:13:56,71.631012,-66.965912,nan
2024-08-05T12:13:55,71.631020,-66.965919,nan
2024-08-05T12:13:55,71.631035,-66.965927,nan
2024-08-05T12:13:54,71.631042,-66.965935,nan
2024-08-05T12:13:54,71.631058,-66.965942,nan
2024-08-05T12:13:53,71.631073,-66.965942,nan
2024-08-05T12:13:53,71.631081,-66.965950,nan
2024-08-05T12:13:52,71.631096,-66.965958,nan
2024-08-05T12:13:52,71.631111,-66.965958,nan
2024-08-05T12:13:51,71.631126,-66.965958,nan
2024-08-05T12:13:51,71.631142,-66.965958,nan
2024-08-05T12:13:50,71.631149,-66.965958,nan
2024-08-05T12:13:50,71.631165,-66.965958,nan
2024-08-05T12:13:49,71.631180,-66.965958,nan
2024-08-05T12:13:49,71.631195,-66.965958,nan
2024-08-05T12:13:48,71.631210,-66.965958,nan
2024-08-05T12:13:48,71.631226,-66.965958,nan
2024-08-05T12:13:47,71.631248,-66.965950,nan
2024-08-05T12:13:47,71.631264,-66.965950,nan
2024-08-05T12:13:46,71.631279,-66.965942,nan
2024-08-05T12:13:46,71.631294,-66.965942,nan
2024-08-05T12:13:45,71.631310,-66.965935,nan
2024-08-05T12:13:45,71.631325,-66.965935,nan
2024-08-05T12:13:44,71.631340,-66.965927,nan
2024-08-05T12:13:44,71.631355,-66.965927,nan
2024-08-05T12:13:43,71.631371,-66.965927,nan
2024-08-05T12:13:43,71.631386,-66.965927,nan
2024-08-05T12:13:42,71.631393,-66.965927,nan
2024-08-05T12:13:42,71.631409,-66.965919,nan
2024-08-05T12:13:41,71.631416,-66.965919,nan
2024-08-05T12:13:41,71.631424,-66.965912,nan
2024-08-05T12:13:40,71.631439,-66.965904,nan
2024-08-05T12:13:40,71.631447,-66.965897,nan
2024-08-05T12:13:39,71.631454,-66.965889,nan
2024-08-05T12:13:39,71.631462,-66.965881,nan
2024-08-05T12:13:38,71.631477,-66.965874,nan
2024-08-05T12:13:38,71.631485,-66.965858,nan
2024-08-05T12:13:37,71.631493,-66.965843,nan
2024-08-05T12:13:37,71.631500,-66.965836,nan
2024-08-05T12:13:36,71.631516,-66.965820,nan
2024-08-05T12:13:36,71.631523,-66.965805,nan
2024-08-05T12:13:35,71.631531,-66.965790,nan
2024-08-05T12:13:35,71.631538,-66.965775,nan
2024-08-05T12:13:34,71.631546,-66.965767,nan
2024-08-05T12:13:34,71.631554,-66.965752,nan
2024-08-05T12:13:33,71.631569,-66.965736,nan
2024-08-05T12:13:33,71.631577,-66.965721,nan
2024-08-05T12:13:32,71.631584,-66.965706,nan
2024-08-05T12:13:32,71.631599,-66.965691,nan
2024-08-05T12:13:31,71.631607,-66.965675,nan
2024-08-05T12:13:31,71.631615,-66.965660,nan
2024-08-05T12:13:30,71.631630,-66.965645,nan
2024-08-05T12:13:30,71.631638,-66.965630,nan
2024-08-05T12:13:29,71.631645,-66.965614,nan
2024-08-05T12:13:29,71.631660,-66.965599,nan
2024-08-05T12:13:28,71.631668,-66.965584,nan
2024-08-05T12:13:28,71.631676,-66.965569,nan
2024-08-05T12:13:27,71.631683,-66.965553,nan
2024-08-05T12:13:27,71.631691,-66.965538,nan
2024-08-05T12:13:26,71.631699,-66.965515,nan
2024-08-05T12:13:26,71.631706,-66.965500,nan
2024-08-05T12:13:25,71.631714,-66.965477,nan
2024-08-05T12:13:25,71.631721,-66.965454,nan
2024-08-05T12:13:24,71.631729,-66.965431,nan
2024-08-05T12:13:24,71.631737,-66.965408,nan
2024-08-05T12:13:23,71.631744,-66.965393,nan
2024-08-05T12:13:23,71.631752,-66.965370,nan
2024-08-05T12:13:22,71.631752,-66.965347,nan
2024-08-05T12:13:22,71.631760,-66.965332,nan
2024-08-05T12:13:21,71.631767,-66.965317,nan
2024-08-05T12:13:21,71.631775,-66.965294,nan
2024-08-05T12:13:20,71.631775,-66.965279,nan
2024-08-05T12:13:20,71.631783,-66.965263,nan
2024-08-05T12:13:19,71.631790,-66.965248,nan
2024-08-05T12:13:19,71.631798,-66.965225,nan
2024-08-05T12:13:18,71.631805,-66.965210,nan
2024-08-05T12:13:18,71.631805,-66.965195,nan
2024-08-05T12:13:17,71.631813,-66.965179,nan
2024-08-05T12:13:17,71.631821,-66.965164,nan
2024-08-05T12:13:16,71.631828,-66.965149,nan
2024-08-05T12:13:16,71.631828,-66.965134,nan
2024-08-05T12:13:15,71.631836,-66.965126,nan
2024-08-05T12:13:15,71.631844,-66.965111,nan
2024-08-05T12:13:14,71.631844,-66.965096,nan
2024-08-05T12:13:14,71.631851,-66.965088,nan
2024-08-05T12:13:13,71.631859,-66.965073,nan
2024-08-05T12:13:13,71.631866,-66.965065,nan
2024-08-05T12:13:12,71.631866,-66.965050,nan
2024-08-05T12:13:12,71.631874,-66.965042,nan
2024-08-05T12:13:11,71.631882,-66.965034,nan
2024-08-05T12:13:11,71.631889,-66.965027,nan
2024-08-05T12:13:10,71.631889,-66.965019,nan
2024-08-05T12:13:10,71.631897,-66.965012,nan
2024-08-05T12:13:09,71.631897,-66.965004,nan
2024-08-05T12:13:09,71.631905,-66.964989,nan
2024-08-05T12:13:08,71.631912,-66.964981,nan
2024-08-05T12:13:08,71.631912,-66.964973,nan
2024-08-05T12:13:07,71.631920,-66.964958,nan
2024-08-05T12:13:07,71.631927,-66.964951,nan
2024-08-05T12:13:06,71.631927,-66.964943,nan
2024-08-05T12:13:06,71.631935,-66.964935,nan
2024-08-05T12:13:05,71.631943,-66.964920,nan
2024-08-05T12:13:05,71.631943,-66.964912,nan
2024-08-05T12:13:04,71.631950,-66.964897,nan
2024-08-05T12:13:04,71.631958,-66.964890,nan
2024-08-05T12:13:03,71.631958,-66.964874,nan
2024-08-05T12:13:03,71.631966,-66.964859,nan
2024-08-05T12:13:02,71.631973,-66.964844,nan
2024-08-05T12:13:02,71.631973,-66.964836,nan
2024-08-05T12:13:01,71.631981,-66.964821,nan
2024-08-05T12:13:01,71.631989,-66.964806,nan
2024-08-05T12:13:00,71.631996,-66.964790,nan
2024-08-05T12:13:00,71.631996,-66.964775,nan
2024-08-05T12:12:59,71.632004,-66.964767,nan
2024-08-05T12:12:59,71.632011,-66.964752,nan
2024-08-05T12:12:58,71.632011,-66.964745,nan
2024-08-05T12:12:58,71.632019,-66.964729,nan
2024-08-05T12:12:57,71.632027,-66.964722,nan
2024-08-05T12:12:57,71.632034,-66.964714,nan
2024-08-05T12:12:56,71.632034,-66.964699,nan
2024-08-05T12:12:56,71.632042,-66.964691,nan
2024-08-05T12:12:55,71.632050,-66.964684,nan
2024-08-05T12:12:55,71.632050,-66.964676,nan
2024-08-05T12:12:54,71.632057,-66.964668,nan
2024-08-05T12:12:54,71.632057,-66.964661,nan
2024-08-05T12:12:53,71.632065,-66.964661,nan
2024-08-05T12:12:53,71.632072,-66.964653,nan
2024-08-05T12:12:52,71.632072,-66.964645,nan
2024-08-05T12:12:52,71.632080,-66.964638,nan
2024-08-05T12:12:51,71.632088,-66.964630,nan
2024-08-05T12:12:51,71.632095,-66.964622,nan
2024-08-05T12:12:50,71.632103,-66.964622,nan
2024-08-05T12:12:50,71.632111,-66.964615,nan
2024-08-05T12:12:49,71.632118,-66.964615,nan
2024-08-05T12:12:49,71.632126,-66.964615,nan
2024-08-05T12:12:48,71.632133,-66.964607,nan
2024-08-05T12:12:48,71.632149,-66.964607,nan
2024-08-05T12:12:47,71.632156,-66.964600,nan
2024-08-05T12:12:47,71.632172,-66.964592,nan
2024-08-05T12:12:46,71.632179,-66.964592,nan
2024-08-05T12:12:46,71.632195,-66.964584,nan
2024-08-05T12:12:45,71.632202,-66.964577,nan
2024-08-05T12:12:45,71.632217,-66.964577,nan
2024-08-05T12:12:44,71.632225,-66.964569,nan
2024-08-05T12:12:44,71.632240,-66.964569,nan
2024-08-05T12:12:43,71.632248,-66.964561,nan
2024-08-05T12:12:43,71.632256,-66.964554,nan
2024-08-05T12:12:42,71.632271,-66.964554,nan
2024-08-05T12:12:42,71.632278,-66.964546,nan
2024-08-05T12:12:41,71.632286,-66.964539,nan
2024-08-05T12:12:41,71.632301,-66.964531,nan
2024-08-05T12:12:40,71.632309,-66.964523,nan
2024-08-05T12:12:40,71.632324,-66.964516,nan
2024-08-05T12:12:39,71.632332,-66.964500,nan
2024-08-05T12:12:39,71.632339,-66.964493,nan
2024-08-05T12:12:38,71.632355,-66.964485,nan
2024-08-05T12:12:38,71.632362,-66.964470,nan
2024-08-05T12:12:37,71.632370,-66.964462,nan
2024-08-05T12:12:37,71.632385,-66.964447,nan
2024-08-05T12:12:36,71.632393,-66.964439,nan
2024-08-05T12:12:36,71.632401,-66.964432,nan
2024-08-05T12:12:35,71.632416,-66.964417,nan
2024-08-05T12:12:35,71.632423,-66.964409,nan
2024-08-05T12:12:34,71.632431,-66.964394,nan
2024-08-05T12:12:34,71.632439,-66.964386,nan
2024-08-05T12:12:33,71.632454,-66.964371,nan
2024-08-05T12:12:33,71.632462,-66.964355,nan
2024-08-05T12:12:32,71.632469,-66.964348,nan
2024-08-05T12:12:32,71.632484,-66.964333,nan
2024-08-05T12:12:31,71.632492,-66.964317,nan
2024-08-05T12:12:31,71.632500,-66.964310,nan
2024-08-05T12:12:30,71.632515,-66.964294,nan
2024-08-05T12:12:30,71.632523,-66.964287,nan
2024-08-05T12:12:29,71.632538,-66.964272,nan
2024-08-05T12:12:29,71.632545,-66.964256,nan
2024-08-05T12:12:28,71.632561,-66.964241,nan
2024-08-05T12:12:28,71.632568,-66.964226,nan
2024-08-05T12:12:27,71.632584,-66.964203,nan
2024-08-05T12:12:27,71.632591,-66.964188,nan
2024-08-05T12:12:26,71.632607,-66.964165,nan
2024-08-05T12:12:26,71.632622,-66.964142,nan
2024-08-05T12:12:25,71.632629,-66.964111,nan
2024-08-05T12:12:25,71.632645,-66.964088,nan
2024-08-05T12:12:24,71.632652,-66.964066,nan
2024-08-05T12:12:24,71.632668,-66.964035,nan
2024-08-05T12:12:23,71.632675,-66.964012,nan
2024-08-05T12:12:23,71.632690,-66.963982,nan
2024-08-05T12:12:22,71.632698,-66.963959,nan
2024-08-05T12:12:22,71.632713,-66.963928,nan
2024-08-05T12:12:21,71.632729,-66.963905,nan
2024-08-05T12:12:21,71.632736,-66.963875,nan
2024-08-05T12:12:20,71.632744,-66.963844,nan
2024-08-05T12:12:20,71.632759,-66.963814,nan
2024-08-05T12:12:19,71.632767,-66.963783,nan
2024-08-05T12:12:19,71.632782,-66.963753,nan
2024-08-05T12:12:18,71.632790,-66.963715,nan
2024-08-05T12:12:18,71.632805,-66.963684,nan
2024-08-05T12:12:17,71.632812,-66.963654,nan
2024-08-05T12:12:17,71.632828,-66.963623,nan
2024-08-05T12:12:16,71.632843,-66.963593,nan
2024-08-05T12:12:16,71.632851,-66.963570,nan
2024-08-05T12:12:15,71.632866,-66.963539,nan
2024-08-05T12:12:15,71.632881,-66.963509,nan
2024-08-05T12:12:14,71.632896,-66.963486,nan
2024-08-05T12:12:14,71.632904,-66.963455,nan
2024-08-05T12:12:13,71.632919,-66.963432,nan
2024-08-05T12:12:13,71.632935,-66.963402,nan
2024-08-05T12:12:12,71.632950,-66.963379,nan
2024-08-05T12:12:12,71.632965,-66.963356,nan
2024-08-05T12:12:11,71.632973,-66.963333,nan
2024-08-05T12:12:11,71.632988,-66.963318,nan
2024-08-05T12:12:10,71.633003,-66.963295,nan
2024-08-05T12:12:10,71.633018,-66.963280,nan
2024-08-05T12:12:09,71.633026,-66.963257,nan
2024-08-05T12:12:09,71.633041,-66.963242,nan
2024-08-05T12:12:08,71.633057,-66.963226,nan
2024-08-05T12:12:08,71.633072,-66.963203,nan
2024-08-05T12:12:07,71.633080,-66.963196,nan
2024-08-05T12:12:07,71.633095,-66.963181,nan
2024-08-05T12:12:06,71.633110,-66.963165,nan
2024-08-05T12:12:06,71.633125,-66.963150,nan
2024-08-05T12:12:05,71.633141,-66.963135,nan
2024-08-05T12:12:05,71.633156,-66.963120,nan
2024-08-05T12:12:04,71.633171,-66.963104,nan
2024-08-05T12:12:04,71.633186,-66.963089,nan
2024-08-05T12:12:03,71.633209,-66.963074,nan
2024-08-05T12:12:03,71.633224,-66.963066,nan
2024-08-05T12:12:02,71.633240,-66.963051,nan
2024-08-05T12:12:02,71.633255,-66.963043,nan
2024-08-05T12:12:01,71.633270,-66.963036,nan
2024-08-05T12:12:01,71.633278,-66.963020,nan
2024-08-05T12:12:00,71.633293,-66.963013,nan
2024-08-05T12:12:00,71.633308,-66.963005,nan
2024-08-05T12:11:59,71.633324,-66.962997,nan
2024-08-05T12:11:59,71.633339,-66.962990,nan
2024-08-05T12:11:58,71.633354,-66.962982,nan
2024-08-05T12:11:58,71.633369,-66.962975,nan
2024-08-05T12:11:57,71.633377,-66.962967,nan
2024-08-05T12:11:57,71.633392,-66.962959,nan
2024-08-05T12:11:56,71.633408,-66.962952,nan
2024-08-05T12:11:56,71.633423,-66.962944,nan
2024-08-05T12:11:55,71.633438,-66.962936,nan
2024-08-05T12:11:55,71.633453,-66.962936,nan
2024-08-05T12:11:54,71.633469,-66.962929,nan
2024-08-05T12:11:54,71.633484,-66.962921,nan
2024-08-05T12:11:53,71.633499,-66.962921,nan
2024-08-05T12:11:53,71.633514,-66.962921,nan
2024-08-05T12:11:52,71.633537,-66.962921,nan
2024-08-05T12:11:52,71.633553,-66.962929,nan
2024-08-05T12:11:51,71.633568,-66.962929,nan
2024-08-05T12:11:51,71.633583,-66.962936,nan
2024-08-05T12:11:50,71.633606,-66.962936,nan
2024-08-05T12:11:50,71.633621,-66.962944,nan
2024-08-05T12:11:49,71.633636,-66.962952,nan
2024-08-05T12:11:49,71.633659,-66.962967,nan
2024-08-05T12:11:48,71.633675,-66.962982,nan
2024-08-05T12:11:48,71.633690,-66.962990,nan
2024-08-05T12:11:47,71.633713,-66.963005,nan
2024-08-05T12:11:47,71.633728,-66.963020,nan
2024-08-05T12:11:46,71.633743,-66.963036,nan
2024-08-05T12:11:46,71.633759,-66.963043,nan
2024-08-05T12:11:45,71.633774,-66.963058,nan
2024-08-05T12:11:45,71.633797,-66.963074,nan
2024-08-05T12:11:44,71.633812,-66.963089,nan
2024-08-05T12:11:44,71.633827,-66.963097,nan
2024-08-05T12:11:43,71.633842,-66.963112,nan
2024-08-05T12:11:43,71.633858,-66.963127,nan
2024-08-05T12:11:42,71.633881,-66.963142,nan
2024-08-05T12:11:42,71.633896,-66.963150,nan
2024-08-05T12:11:41,71.633911,-66.963165,nan
2024-08-05T12:11:41,71.633926,-66.963173,nan
2024-08-05T12:11:40,71.633942,-66.963188,nan
2024-08-05T12:11:40,71.633957,-66.963203,nan
2024-08-05T12:11:39,71.633972,-66.963219,nan
2024-08-05T12:11:39,71.633987,-66.963234,nan
2024-08-05T12:11:38,71.634003,-66.963249,nan
2024-08-05T12:11:38,71.634018,-66.963272,nan
2024-08-05T12:11:37,71.634026,-66.963295,nan
2024-08-05T12:11:37,71.634041,-66.963318,nan
2024-08-05T12:11:36,71.634056,-66.963341,nan
2024-08-05T12:11:36,71.634071,-66.963364,nan
2024-08-05T12:11:35,71.634087,-66.963387,nan
2024-08-05T12:11:35,71.634094,-66.963417,nan
2024-08-05T12:11:34,71.634109,-66.963440,nan
2024-08-05T12:11:34,71.634125,-66.963470,nan
2024-08-05T12:11:33,71.634140,-66.963493,nan
2024-08-05T12:11:33,71.634148,-66.963516,nan
2024-08-05T12:11:32,71.634163,-66.963547,nan
2024-08-05T12:11:32,71.634178,-66.963570,nan
2024-08-05T12:11:31,71.634193,-66.963600,nan
2024-08-05T12:11:31,71.634209,-66.963623,nan
2024-08-05T12:11:30,71.634224,-66.963654,nan
2024-08-05T12:11:30,71.634232,-66.963676,nan
2024-08-05T12:11:29,71.634247,-66.963707,nan
2024-08-05T12:11:29,71.634262,-66.963730,nan
2024-08-05T12:11:28,71.634277,-66.963760,nan
2024-08-05T12:11:28,71.634285,-66.963791,nan
2024-08-05T12:11:27,71.634300,-66.963821,nan
2024-08-05T12:11:27,71.634315,-66.963860,nan
2024-08-05T12:11:26,71.634323,-66.963890,nan
2024-08-05T12:11:26,71.634338,-66.963921,nan
2024-08-05T12:11:25,71.634354,-66.963959,nan
2024-08-05T12:11:25,71.634369,-66.963997,nan
2024-08-05T12:11:24,71.634377,-66.964043,nan
2024-08-05T12:11:24,71.634392,-66.964081,nan
2024-08-05T12:11:23,71.634407,-66.964127,nan
2024-08-05T12:11:23,71.634422,-66.964172,nan
2024-08-05T12:11:22,71.634438,-66.964211,nan
2024-08-05T12:11:22,71.634445,-66.964256,nan
2024-08-05T12:11:21,71.634460,-66.964310,nan
2024-08-05T12:11:21,71.634476,-66.964355,nan
2024-08-05T12:11:20,71.634491,-66.964409,nan
2024-08-05T12:11:20,71.634506,-66.964462,nan
2024-08-05T12:11:19,71.634521,-66.964516,nan
2024-08-05T12:11:19,71.634529,-66.964561,nan
2024-08-05T12:11:18,71.634544,-66.964615,nan
2024-08-05T12:11:18,71.634560,-66.964668,nan
2024-08-05T12:11:17,71.634575,-66.964714,nan
2024-08-05T12:11:17,71.634583,-66.964767,nan
2024-08-05T12:11:16,71.634598,-66.964813,nan
2024-08-05T12:11:16,71.634613,-66.964859,nan
2024-08-05T12:11:15,71.634621,-66.964905,nan
2024-08-05T12:11:15,71.634636,-66.964951,nan
2024-08-05T12:11:14,71.634644,-66.964996,nan
2024-08-05T12:11:14,71.634659,-66.965042,nan
2024-08-05T12:11:13,71.634666,-66.965088,nan
2024-08-05T12:11:13,71.634682,-66.965141,nan
2024-08-05T12:11:12,71.634689,-66.965187,nan
2024-08-05T12:11:12,71.634705,-66.965233,nan
2024-08-05T12:11:11,71.634712,-66.965286,nan
2024-08-05T12:11:11,71.634727,-66.965332,nan
2024-08-05T12:11:10,71.634743,-66.965385,nan
2024-08-05T12:11:10,71.634750,-66.965446,nan
2024-08-05T12:11:09,71.634766,-66.965500,nan
2024-08-05T12:11:09,71.634773,-66.965553,nan
2024-08-05T12:11:08,71.634789,-66.965607,nan
2024-08-05T12:11:08,71.634804,-66.965668,nan
2024-08-05T12:11:07,71.634811,-66.965721,nan
2024-08-05T12:11:07,71.634827,-66.965782,nan
2024-08-05T12:11:06,71.634834,-66.965836,nan
2024-08-05T12:11:06,71.634842,-66.965889,nan
2024-08-05T12:11:05,71.634857,-66.965942,nan
2024-08-05T12:11:05,71.634865,-66.965996,nan
2024-08-05T12:11:04,71.634872,-66.966049,nan
2024-08-05T12:11:04,71.634888,-66.966110,nan
2024-08-05T12:11:03,71.634895,-66.966164,nan
2024-08-05T12:11:03,71.634903,-66.966225,nan
2024-08-05T12:11:02,71.634918,-66.966286,nan
2024-08-05T12:11:02,71.634926,-66.966339,nan
2024-08-05T12:11:01,71.634933,-66.966400,nan
2024-08-05T12:11:01,71.634949,-66.966461,nan
2024-08-05T12:11:00,71.634956,-66.966522,nan
2024-08-05T12:11:00,71.634964,-66.966576,nan
2024-08-05T12:10:59,71.634972,-66.966637,nan
2024-08-05T12:10:59,71.634979,-66.966690,nan
2024-08-05T12:10:58,71.634987,-66.966743,nan
2024-08-05T12:10:58,71.634995,-66.966797,nan
2024-08-05T12:10:57,71.635002,-66.966850,nan
2024-08-05T12:10:57,71.635010,-66.966904,nan
2024-08-05T12:10:56,71.635010,-66.966957,nan
2024-08-05T12:10:56,71.635017,-66.967010,nan
2024-08-05T12:10:55,71.635025,-66.967064,nan
2024-08-05T12:10:55,71.635033,-66.967117,nan
2024-08-05T12:10:54,71.635033,-66.967171,nan
2024-08-05T12:10:54,71.635040,-66.967224,nan
2024-08-05T12:10:53,71.635040,-66.967270,nan
2024-08-05T12:10:53,71.635048,-66.967323,nan
2024-08-05T12:10:52,71.635048,-66.967369,nan
2024-08-05T12:10:52,71.635056,-66.967422,nan
2024-08-05T12:10:51,71.635056,-66.967468,nan
2024-08-05T12:10:51,71.635063,-66.967522,nan
2024-08-05T12:10:50,71.635063,-66.967567,nan
2024-08-05T12:10:50,71.635071,-66.967621,nan
2024-08-05T12:10:49,71.635071,-66.967667,nan
2024-08-05T12:10:49,71.635078,-66.967720,nan
2024-08-05T12:10:48,71.635086,-66.967766,nan
2024-08-05T12:10:48,71.635094,-66.967812,nan
2024-08-05T12:10:47,71.635101,-66.967857,nan
2024-08-05T12:10:47,71.635109,-66.967911,nan
2024-08-05T12:10:46,71.635117,-66.967957,nan
2024-08-05T12:10:46,71.635124,-66.968002,nan
2024-08-05T12:10:45,71.635139,-66.968056,nan
2024-08-05T12:10:45,71.635147,-66.968102,nan
2024-08-05T12:10:44,71.635155,-66.968155,nan
2024-08-05T12:10:44,71.635170,-66.968208,nan
2024-08-05T12:10:43,71.635178,-66.968254,nan
2024-08-05T12:10:43,71.635193,-66.968307,nan
2024-08-05T12:10:42,71.635201,-66.968353,nan
2024-08-05T12:10:42,71.635216,-66.968407,nan
2024-08-05T12:10:41,71.635223,-66.968452,nan
2024-08-05T12:10:41,71.635239,-66.968498,nan
2024-08-05T12:10:40,71.635246,-66.968552,nan
2024-08-05T12:10:40,71.635262,-66.968597,nan
2024-08-05T12:10:39,71.635269,-66.968643,nan
2024-08-05T12:10:39,71.635284,-66.968697,nan
2024-08-05T12:10:38,71.635292,-66.968750,nan
2024-08-05T12:10:38,71.635307,-66.968796,nan
2024-08-05T12:10:37,71.635315,-66.968842,nan
2024-08-05T12:10:37,71.635330,-66.968895,nan
2024-08-05T12:10:36,71.635338,-66.968948,nan
2024-08-05T12:10:36,71.635345,-66.969002,nan
2024-08-05T12:10:35,71.635361,-66.969055,nan
2024-08-05T12:10:35,71.635368,-66.969109,nan
2024-08-05T12:10:34,71.635376,-66.969162,nan
2024-08-05T12:10:34,71.635384,-66.969223,nan
2024-08-05T12:10:33,71.635399,-66.969276,nan
2024-08-05T12:10:33,71.635406,-66.969337,nan
2024-08-05T12:10:32,71.635414,-66.969398,nan
2024-08-05T12:10:32,71.635422,-66.969460,nan
2024-08-05T12:10:31,71.635429,-66.969521,nan
2024-08-05T12:10:31,71.635437,-66.969574,nan
2024-08-05T12:10:30,71.635445,-66.969635,nan
2024-08-05T12:10:30,71.635460,-66.969696,nan
2024-08-05T12:10:29,71.635468,-66.969749,nan
2024-08-05T12:10:29,71.635468,-66.969810,nan
2024-08-05T12:10:28,71.635475,-66.969864,nan
2024-08-05T12:10:28,71.635483,-66.969925,nan
2024-08-05T12:10:27,71.635490,-66.969978,nan
2024-08-05T12:10:27,71.635498,-66.970032,nan
2024-08-05T12:10:26,71.635506,-66.970093,nan
2024-08-05T12:10:26,71.635506,-66.970146,nan
2024-08-05T12:10:25,71.635513,-66.970200,nan
2024-08-05T12:10:25,71.635521,-66.970261,nan
2024-08-05T12:10:24,71.635529,-66.970314,nan
2024-08-05T12:10:24,71.635529,-66.970367,nan
2024-08-05T12:10:23,71.635536,-66.970428,nan
2024-08-05T12:10:23,71.635536,-66.970482,nan
2024-08-05T12:10:22,71.635544,-66.970535,nan
2024-08-05T12:10:22,71.635551,-66.970596,nan
2024-08-05T12:10:21,71.635551,-66.970650,nan
2024-08-05T12:10:21,71.635559,-66.970711,nan
2024-08-05T12:10:20,71.635559,-66.970764,nan
2024-08-05T12:10:20,71.635567,-66.970825,nan
2024-08-05T12:10:19,71.635574,-66.970879,nan
2024-08-05T12:10:19,71.635574,-66.970940,nan
2024-08-05T12:10:18,71.635582,-66.970993,nan
2024-08-05T12:10:18,71.635582,-66.971054,nan
2024-08-05T12:10:17,71.635590,-66.971107,nan
2024-08-05T12:10:17,71.635597,-66.971169,nan
2024-08-05T12:10:16,71.635597,-66.971222,nan
2024-08-05T12:10:16,71.635605,-66.971283,nan
2024-08-05T12:10:15,71.635612,-66.971336,nan
2024-08-05T12:10:15,71.635612,-66.971397,nan
2024-08-05T12:10:14,71.635620,-66.971451,nan
2024-08-05T12:10:14,71.635628,-66.971512,nan
2024-08-05T12:10:13,71.635628,-66.971573,nan
2024-08-05T12:10:13,71.635635,-66.971634,nan
2024-08-05T12:10:12,71.635643,-66.971695,nan
2024-08-05T12:10:12,71.635651,-66.971748,nan
2024-08-05T12:10:11,71.635658,-66.971809,nan
2024-08-05T12:10:11,71.635666,-66.971870,nan
2024-08-05T12:10:10,71.635674,-66.971931,nan
2024-08-05T12:10:10,71.635681,-66.971985,nan
2024-08-05T12:10:09,71.635681,-66.972046,nan
2024-08-05T12:10:09,71.635689,-66.972107,nan
2024-08-05T12:10:08,71.635689,-66.972168,nan
2024-08-05T12:10:08,71.635696,-66.972221,nan
2024-08-05T12:10:07,71.635696,-66.972282,nan
2024-08-05T12:10:07,71.635704,-66.972343,nan
2024-08-05T12:10:06,71.635704,-66.972404,nan
2024-08-05T12:10:06,71.635704,-66.972466,nan
2024-08-05T12:10:05,71.635704,-66.972527,nan
2024-08-05T12:10:05,71.635704,-66.972595,nan
2024-08-05T12:10:04,71.635704,-66.972656,nan
2024-08-05T12:10:04,71.635704,-66.972725,nan
2024-08-05T12:10:03,71.635704,-66.972794,nan
2024-08-05T12:10:03,71.635704,-66.972862,nan
2024-08-05T12:10:02,71.635704,-66.972931,nan
2024-08-05T12:10:02,71.635696,-66.973007,nan
2024-08-05T12:10:01,71.635696,-66.973083,nan
2024-08-05T12:10:01,71.635696,-66.973160,nan
2024-08-05T12:10:00,71.635696,-66.973244,nan
2024-08-05T12:10:00,71.635689,-66.973328,nan
2024-08-05T12:09:59,71.635689,-66.973412,nan
2024-08-05T12:09:59,71.635689,-66.973495,nan
2024-08-05T12:09:58,71.635689,-66.973579,nan
2024-08-05T12:09:58,71.635681,-66.973671,nan
2024-08-05T12:09:57,71.635681,-66.973763,nan
2024-08-05T12:09:57,71.635674,-66.973854,nan
2024-08-05T12:09:56,71.635674,-66.973946,nan
2024-08-05T12:09:56,71.635674,-66.974037,nan
2024-08-05T12:09:55,71.635666,-66.974129,nan
2024-08-05T12:09:55,71.635658,-66.974228,nan
2024-08-05T12:09:54,71.635658,-66.974327,nan
2024-08-05T12:09:54,71.635651,-66.974419,nan
2024-08-05T12:09:53,71.635651,-66.974518,nan
2024-08-05T12:09:53,71.635643,-66.974617,nan
2024-08-05T12:09:52,71.635635,-66.974709,nan
2024-08-05T12:09:52,71.635628,-66.974808,nan
2024-08-05T12:09:51,71.635620,-66.974907,nan
2024-08-05T12:09:51,71.635612,-66.975006,nan
2024-08-05T12:09:50,71.635605,-66.975098,nan
2024-08-05T12:09:50,71.635597,-66.975197,nan
2024-08-05T12:09:49,71.635590,-66.975288,nan
2024-08-05T12:09:49,71.635582,-66.975388,nan
2024-08-05T12:09:48,71.635582,-66.975479,nan
2024-08-05T12:09:48,71.635574,-66.975571,nan
2024-08-05T12:09:47,71.635567,-66.975662,nan
2024-08-05T12:09:47,71.635559,-66.975754,nan
2024-08-05T12:09:46,71.635559,-66.975838,nan
2024-08-05T12:09:46,71.635551,-66.975929,nan
2024-08-05T12:09:45,71.635544,-66.976021,nan
2024-08-05T12:09:45,71.635544,-66.976105,nan
2024-08-05T12:09:44,71.635536,-66.976189,nan
2024-08-05T12:09:44,71.635536,-66.976273,nan
2024-08-05T12:09:43,71.635529,-66.976364,nan
2024-08-05T12:09:43,71.635529,-66.976448,nan
2024-08-05T12:09:42,71.635521,-66.976540,nan
2024-08-05T12:09:42,71.635521,-66.976624,nan
2024-08-05T12:09:41,71.635513,-66.976707,nan
2024-08-05T12:09:41,71.635506,-66.976799,nan
2024-08-05T12:09:40,71.635506,-66.976883,nan
2024-08-05T12:09:40,71.635498,-66.976967,nan
2024-08-05T12:09:39,71.635498,-66.977058,nan
2024-08-05T12:09:39,71.635490,-66.977142,nan
2024-08-05T12:09:38,71.635490,-66.977234,nan
2024-08-05T12:09:38,71.635483,-66.977318,nan
2024-08-05T12:09:37,71.635483,-66.977409,nan
2024-08-05T12:09:37,71.635483,-66.977493,nan
2024-08-05T12:09:36,71.635475,-66.977577,nan
2024-08-05T12:09:36,71.635475,-66.977669,nan
2024-08-05T12:09:35,71.635468,-66.977753,nan
2024-08-05T12:09:35,71.635468,-66.977844,nan
2024-08-05T12:09:34,71.635468,-66.977928,nan
2024-08-05T12:09:34,71.635468,-66.978012,nan
2024-08-05T12:09:33,71.635460,-66.978104,nan
2024-08-05T12:09:33,71.635460,-66.978188,nan
2024-08-05T12:09:32,71.635452,-66.978279,nan
2024-08-05T12:09:32,71.635452,-66.978363,nan
2024-08-05T12:09:31,71.635452,-66.978455,nan
2024-08-05T12:09:31,71.635445,-66.978539,nan
2024-08-05T12:09:30,71.635445,-66.978622,nan
2024-08-05T12:09:30,71.635437,-66.978714,nan
2024-08-05T12:09:29,71.635437,-66.978798,nan
2024-08-05T12:09:29,71.635429,-66.978882,nan
2024-08-05T12:09:28,71.635422,-66.978973,nan
2024-08-05T12:09:28,71.635422,-66.979057,nan
2024-08-05T12:09:27,71.635414,-66.979141,nan
2024-08-05T12:09:27,71.635414,-66.979225,nan
2024-08-05T12:09:26,71.635406,-66.979309,nan
2024-08-05T12:09:26,71.635399,-66.979393,nan
2024-08-05T12:09:25,71.635399,-66.979477,nan
2024-08-05T12:09:25,71.635391,-66.979561,nan
2024-08-05T12:09:24,71.635391,-66.979645,nan
2024-08-05T12:09:24,71.635384,-66.979729,nan
2024-08-05T12:09:23,71.635376,-66.979813,nan
2024-08-05T12:09:23,71.635376,-66.979897,nan
2024-08-05T12:09:22,71.635368,-66.979973,nan
2024-08-05T12:09:22,71.635368,-66.980057,nan
2024-08-05T12:09:21,71.635361,-66.980141,nan
2024-08-05T12:09:21,71.635361,-66.980217,nan
2024-08-05T12:09:20,71.635353,-66.980301,nan
2024-08-05T12:09:20,71.635345,-66.980377,nan
2024-08-05T12:09:19,71.635345,-66.980453,nan
2024-08-05T12:09:19,71.635338,-66.980537,nan
2024-08-05T12:09:18,71.635338,-66.980614,nan
2024-08-05T12:09:18,71.635330,-66.980690,nan
2024-08-05T12:09:17,71.635330,-66.980766,nan
2024-08-05T12:09:17,71.635323,-66.980843,nan
2024-08-05T12:09:16,71.635323,-66.980919,nan
2024-08-05T12:09:16,71.635323,-66.980995,nan
2024-08-05T12:09:15,71.635315,-66.981064,nan
2024-08-05T12:09:15,71.635315,-66.981140,nan
2024-08-05T12:09:14,71.635307,-66.981209,nan
2024-08-05T12:09:14,71.635307,-66.981277,nan
2024-08-05T12:09:13,71.635307,-66.981354,nan
2024-08-05T12:09:13,71.635300,-66.981415,nan
2024-08-05T12:09:12,71.635300,-66.981483,nan
2024-08-05T12:09:12,71.635292,-66.981552,nan
2024-08-05T12:09:11,71.635292,-66.981613,nan
2024-08-05T12:09:11,71.635284,-66.981674,nan
2024-08-05T12:09:10,71.635284,-66.981735,nan
2024-08-05T12:09:10,71.635284,-66.981789,nan
2024-08-05T12:09:09,71.635277,-66.981850,nan
2024-08-05T12:09:09,71.635277,-66.981911,nan
2024-08-05T12:09:08,71.635269,-66.981964,nan
2024-08-05T12:09:08,71.635269,-66.982018,nan
2024-08-05T12:09:07,71.635269,-66.982071,nan
2024-08-05T12:09:07,71.635262,-66.982124,nan
2024-08-05T12:09:06,71.635262,-66.982178,nan
2024-08-05T12:09:06,71.635262,-66.982224,nan
2024-08-05T12:09:05,71.635262,-66.982277,nan
2024-08-05T12:09:05,71.635254,-66.982323,nan
2024-08-05T12:09:04,71.635254,-66.982368,nan
2024-08-05T12:09:04,71.635254,-66.982414,nan
2024-08-05T12:09:03,71.635254,-66.982460,nan
2024-08-05T12:09:03,71.635254,-66.982506,nan
2024-08-05T12:09:02,71.635254,-66.982552,nan
2024-08-05T12:09:02,71.635254,-66.982590,nan
2024-08-05T12:09:01,71.635254,-66.982635,nan
2024-08-05T12:09:01,71.635254,-66.982681,nan
2024-08-05T12:09:00,71.635254,-66.982719,nan
2024-08-05T12:09:00,71.635254,-66.982765,nan
2024-08-05T12:08:59,71.635254,-66.982803,nan
2024-08-05T12:08:59,71.635254,-66.982849,nan
2024-08-05T12:08:58,71.635254,-66.982887,nan
2024-08-05T12:08:58,71.635262,-66.982933,nan
2024-08-05T12:08:57,71.635262,-66.982971,nan
2024-08-05T12:08:57,71.635262,-66.983017,nan
2024-08-05T12:08:56,71.635262,-66.983063,nan
2024-08-05T12:08:56,71.635262,-66.983101,nan
2024-08-05T12:08:55,71.635262,-66.983147,nan
2024-08-05T12:08:55,71.635262,-66.983192,nan
2024-08-05T12:08:54,71.635262,-66.983231,nan
2024-08-05T12:08:54,71.635262,-66.983276,nan
2024-08-05T12:08:53,71.635262,-66.983315,nan
2024-08-05T12:08:53,71.635262,-66.983360,nan
2024-08-05T12:08:52,71.635262,-66.983398,nan
2024-08-05T12:08:51,71.635262,-66.983475,nan
2024-08-05T12:08:51,71.635262,-66.983513,nan
2024-08-05T12:08:50,71.635262,-66.983543,nan
2024-08-05T12:08:50,71.635262,-66.983582,nan
2024-08-05T12:08:49,71.635262,-66.983620,nan
2024-08-05T12:08:49,71.635262,-66.983650,nan
2024-08-05T12:08:48,71.635262,-66.983688,nan
2024-08-05T12:08:48,71.635262,-66.983727,nan
2024-08-05T12:08:47,71.635254,-66.983765,nan
2024-08-05T12:08:47,71.635254,-66.983803,nan
2024-08-05T12:08:46,71.635254,-66.983841,nan
2024-08-05T12:08:46,71.635254,-66.983879,nan
2024-08-05T12:08:45,71.635254,-66.983917,nan
2024-08-05T12:08:45,71.635254,-66.983955,nan
2024-08-05T12:08:44,71.635254,-66.984001,nan
2024-08-05T12:08:44,71.635246,-66.984039,nan
2024-08-05T12:08:43,71.635246,-66.984085,nan
2024-08-05T12:08:43,71.635246,-66.984131,nan
2024-08-05T12:08:42,71.635246,-66.984177,nan
2024-08-05T12:08:42,71.635246,-66.984222,nan
2024-08-05T12:08:41,71.635239,-66.984268,nan
2024-08-05T12:08:41,71.635239,-66.984314,nan
2024-08-05T12:08:40,71.635239,-66.984367,nan
2024-08-05T12:08:40,71.635231,-66.984421,nan
2024-08-05T12:08:39,71.635231,-66.984474,nan
2024-08-05T12:08:39,71.635231,-66.984528,nan
2024-08-05T12:08:38,71.635223,-66.984634,nan
2024-08-05T12:08:37,71.635216,-66.984688,nan
2024-08-05T12:08:37,71.635216,-66.984734,nan
2024-08-05T12:08:36,71.635216,-66.984787,nan
2024-08-05T12:08:36,71.635208,-66.984840,nan
2024-08-05T12:08:35,71.635208,-66.984894,nan
2024-08-05T12:08:35,71.635208,-66.984940,nan
2024-08-05T12:08:34,71.635201,-66.985001,nan
2024-08-05T12:08:34,71.635201,-66.985054,nan
2024-08-05T12:08:33,71.635193,-66.985107,nan
2024-08-05T12:08:33,71.635193,-66.985168,nan
2024-08-05T12:08:32,71.635185,-66.985222,nan
2024-08-05T12:08:32,71.635185,-66.985283,nan
2024-08-05T12:08:31,71.635178,-66.985344,nan
2024-08-05T12:08:31,71.635178,-66.985405,nan
2024-08-05T12:08:30,71.635178,-66.985466,nan
2024-08-05T12:08:30,71.635170,-66.985535,nan
2024-08-05T12:08:29,71.635170,-66.985596,nan
2024-08-05T12:08:29,71.635162,-66.985657,nan
2024-08-05T12:08:28,71.635162,-66.985725,nan
2024-08-05T12:08:28,71.635155,-66.985786,nan
2024-08-05T12:08:27,71.635155,-66.985847,nan
2024-08-05T12:08:27,71.635147,-66.985909,nan
2024-08-05T12:08:26,71.635147,-66.985970,nan
2024-08-05T12:08:26,71.635139,-66.986031,nan
2024-08-05T12:08:25,71.635132,-66.986092,nan
2024-08-05T12:08:25,71.635132,-66.986153,nan
2024-08-05T12:08:24,71.635124,-66.986214,nan
2024-08-05T12:08:24,71.635124,-66.986275,nan
2024-08-05T12:08:23,71.635117,-66.986336,nan
2024-08-05T12:08:23,71.635117,-66.986397,nan
2024-08-05T12:08:22,71.635117,-66.986458,nan
2024-08-05T12:08:22,71.635117,-66.986519,nan
2024-08-05T12:08:21,71.635109,-66.986580,nan
2024-08-05T12:08:21,71.635109,-66.986641,nan
2024-08-05T12:08:20,71.635109,-66.986702,nan
2024-08-05T12:08:20,71.635109,-66.986763,nan
2024-08-05T12:08:19,71.635109,-66.986824,nan
2024-08-05T12:08:18,71.635109,-66.986946,nan
2024-08-05T12:08:18,71.635101,-66.987007,nan
2024-08-05T12:08:17,71.635101,-66.987068,nan
2024-08-05T12:08:17,71.635101,-66.987129,nan
2024-08-05T12:08:16,71.635101,-66.987190,nan
2024-08-05T12:08:16,71.635101,-66.987251,nan
2024-08-05T12:08:15,71.635101,-66.987312,nan
2024-08-05T12:08:15,71.635094,-66.987373,nan
2024-08-05T12:08:14,71.635094,-66.987434,nan
2024-08-05T12:08:14,71.635094,-66.987495,nan
2024-08-05T12:08:13,71.635094,-66.987564,nan
2024-08-05T12:08:13,71.635086,-66.987625,nan
2024-08-05T12:08:12,71.635086,-66.987686,nan
2024-08-05T12:08:12,71.635086,-66.987755,nan
2024-08-05T12:08:11,71.635086,-66.987816,nan
2024-08-05T12:08:11,71.635078,-66.987877,nan
2024-08-05T12:08:10,71.635078,-66.987946,nan
2024-08-05T12:08:10,71.635078,-66.988007,nan
2024-08-05T12:08:09,71.635078,-66.988068,nan
2024-08-05T12:08:09,71.635071,-66.988136,nan
2024-08-05T12:08:08,71.635071,-66.988197,nan
2024-08-05T12:08:08,71.635071,-66.988266,nan
2024-08-05T12:08:07,71.635071,-66.988335,nan
2024-08-05T12:08:07,71.635071,-66.988396,nan
2024-08-05T12:08:06,71.635063,-66.988464,nan
2024-08-05T12:08:06,71.635063,-66.988525,nan
2024-08-05T12:08:05,71.635063,-66.988594,nan
2024-08-05T12:08:05,71.635063,-66.988655,nan
2024-08-05T12:08:04,71.635063,-66.988724,nan
2024-08-05T12:08:04,71.635063,-66.988785,nan
2024-08-05T12:08:03,71.635063,-66.988853,nan
2024-08-05T12:08:03,71.635063,-66.988914,nan
2024-08-05T12:08:02,71.635063,-66.988983,nan
2024-08-05T12:08:02,71.635063,-66.989044,nan
2024-08-05T12:08:01,71.635063,-66.989113,nan
2024-08-05T12:08:01,71.635063,-66.989174,nan
2024-08-05T12:08:00,71.635063,-66.989243,nan
2024-08-05T12:08:00,71.635063,-66.989304,nan
2024-08-05T12:07:59,71.635063,-66.989365,nan
2024-08-05T12:07:59,71.635071,-66.989433,nan
2024-08-05T12:07:58,71.635071,-66.989494,nan
2024-08-05T12:07:58,71.635071,-66.989555,nan
2024-08-05T12:07:57,71.635071,-66.989616,nan
2024-08-05T12:07:57,71.635071,-66.989677,nan
2024-08-05T12:07:56,71.635071,-66.989731,nan
2024-08-05T12:07:56,71.635071,-66.989792,nan
2024-08-05T12:07:55,71.635071,-66.989853,nan
2024-08-05T12:07:55,71.635078,-66.989914,nan
2024-08-05T12:07:54,71.635078,-66.989975,nan
2024-08-05T12:07:54,71.635078,-66.990036,nan
2024-08-05T12:07:53,71.635078,-66.990097,nan
2024-08-05T12:07:53,71.635078,-66.990150,nan
2024-08-05T12:07:52,71.635078,-66.990219,nan
2024-08-05T12:07:52,71.635078,-66.990273,nan
2024-08-05T12:07:51,71.635078,-66.990334,nan
2024-08-05T12:07:51,71.635078,-66.990395,nan
2024-08-05T12:07:50,71.635078,-66.990456,nan
2024-08-05T12:07:50,71.635078,-66.990517,nan
2024-08-05T12:07:49,71.635071,-66.990578,nan
2024-08-05T12:07:49,71.635071,-66.990631,nan
2024-08-05T12:07:48,71.635071,-66.990692,nan
2024-08-05T12:07:48,71.635063,-66.990753,nan
2024-08-05T12:07:47,71.635056,-66.990807,nan
2024-08-05T12:07:47,71.635056,-66.990868,nan
2024-08-05T12:07:46,71.635048,-66.990929,nan
2024-08-05T12:07:46,71.635040,-66.990990,nan
2024-08-05T12:07:45,71.635033,-66.991051,nan
2024-08-05T12:07:45,71.635033,-66.991112,nan
2024-08-05T12:07:44,71.635025,-66.991173,nan
2024-08-05T12:07:44,71.635017,-66.991234,nan
2024-08-05T12:07:43,71.635010,-66.991302,nan
2024-08-05T12:07:43,71.635010,-66.991364,nan
2024-08-05T12:07:42,71.635002,-66.991425,nan
2024-08-05T12:07:42,71.634995,-66.991493,nan
2024-08-05T12:07:41,71.634987,-66.991554,nan
2024-08-05T12:07:41,71.634979,-66.991615,nan
2024-08-05T12:07:40,71.634972,-66.991676,nan
2024-08-05T12:07:40,71.634964,-66.991745,nan
2024-08-05T12:07:39,71.634956,-66.991806,nan
2024-08-05T12:07:39,71.634949,-66.991867,nan
2024-08-05T12:07:38,71.634933,-66.991928,nan
2024-08-05T12:07:38,71.634926,-66.991989,nan
2024-08-05T12:07:37,71.634918,-66.992050,nan
2024-08-05T12:07:37,71.634911,-66.992111,nan
2024-08-05T12:07:36,71.634903,-66.992172,nan
2024-08-05T12:07:36,71.634888,-66.992226,nan
2024-08-05T12:07:35,71.634880,-66.992287,nan
2024-08-05T12:07:35,71.634872,-66.992340,nan
2024-08-05T12:07:34,71.634857,-66.992393,nan
2024-08-05T12:07:34,71.634850,-66.992455,nan
2024-08-05T12:07:33,71.634842,-66.992516,nan
2024-08-05T12:07:33,71.634827,-66.992569,nan
2024-08-05T12:07:32,71.634819,-66.992630,nan
2024-08-05T12:07:32,71.634811,-66.992683,nan
2024-08-05T12:07:31,71.634804,-66.992744,nan
2024-08-05T12:07:31,71.634796,-66.992798,nan
2024-08-05T12:07:30,71.634781,-66.992859,nan
2024-08-05T12:07:30,71.634773,-66.992920,nan
2024-08-05T12:07:29,71.634766,-66.992981,nan
2024-08-05T12:07:29,71.634750,-66.993034,nan
2024-08-05T12:07:28,71.634743,-66.993095,nan
2024-08-05T12:07:28,71.634727,-66.993149,nan
2024-08-05T12:07:27,71.634720,-66.993210,nan
2024-08-05T12:07:27,71.634705,-66.993263,nan
2024-08-05T12:07:26,71.634689,-66.993324,nan
2024-08-05T12:07:26,71.634674,-66.993378,nan
2024-08-05T12:07:25,71.634659,-66.993431,nan
2024-08-05T12:07:25,71.634636,-66.993492,nan
2024-08-05T12:07:24,71.634621,-66.993546,nan
2024-08-05T12:07:24,71.634605,-66.993599,nan
2024-08-05T12:07:23,71.634583,-66.993652,nan
2024-08-05T12:07:23,71.634567,-66.993706,nan
2024-08-05T12:07:22,71.634552,-66.993759,nan
2024-08-05T12:07:22,71.634529,-66.993813,nan
2024-08-05T12:07:21,71.634514,-66.993866,nan
2024-08-05T12:07:21,71.634491,-66.993919,nan
2024-08-05T12:07:20,71.634476,-66.993980,nan
2024-08-05T12:07:20,71.634453,-66.994034,nan
2024-08-05T12:07:19,71.634438,-66.994087,nan
2024-08-05T12:07:19,71.634415,-66.994141,nan
2024-08-05T12:07:18,71.634392,-66.994194,nan
2024-08-05T12:07:18,71.634369,-66.994255,nan
2024-08-05T12:07:17,71.634354,-66.994308,nan
2024-08-05T12:07:17,71.634331,-66.994362,nan
2024-08-05T12:07:16,71.634300,-66.994415,nan
2024-08-05T12:07:16,71.634277,-66.994469,nan
2024-08-05T12:07:15,71.634254,-66.994522,nan
2024-08-05T12:07:15,71.634224,-66.994568,nan
2024-08-05T12:07:14,71.634201,-66.994621,nan
2024-08-05T12:07:14,71.634171,-66.994675,nan
2024-08-05T12:07:13,71.634148,-66.994720,nan
2024-08-05T12:07:13,71.634117,-66.994766,nan
2024-08-05T12:07:12,71.634094,-66.994820,nan
2024-08-05T12:07:12,71.634064,-66.994865,nan
2024-08-05T12:07:11,71.634041,-66.994911,nan
2024-08-05T12:07:11,71.634010,-66.994957,nan
2024-08-05T12:07:10,71.633980,-66.995010,nan
2024-08-05T12:07:10,71.633957,-66.995056,nan
2024-08-05T12:07:09,71.633926,-66.995102,nan
2024-08-05T12:07:09,71.633904,-66.995155,nan
2024-08-05T12:07:08,71.633873,-66.995201,nan
2024-08-05T12:07:08,71.633842,-66.995255,nan
2024-08-05T12:07:07,71.633820,-66.995308,nan
2024-08-05T12:07:07,71.633789,-66.995361,nan
2024-08-05T12:07:06,71.633766,-66.995415,nan
2024-08-05T12:07:06,71.633736,-66.995461,nan
2024-08-05T12:07:05,71.633705,-66.995522,nan
2024-08-05T12:07:05,71.633682,-66.995567,nan
2024-08-05T12:07:04,71.633652,-66.995621,nan
2024-08-05T12:07:04,71.633621,-66.995674,nan
2024-08-05T12:07:03,71.633598,-66.995720,nan
2024-08-05T12:07:03,71.633568,-66.995773,nan
2024-08-05T12:07:02,71.633537,-66.995827,nan
2024-08-05T12:07:02,71.633514,-66.995880,nan
2024-08-05T12:07:01,71.633484,-66.995926,nan
2024-08-05T12:07:01,71.633453,-66.995979,nan
2024-08-05T12:07:00,71.633423,-66.996033,nan
2024-08-05T12:07:00,71.633400,-66.996078,nan
2024-08-05T12:06:59,71.633369,-66.996132,nan
2024-08-05T12:06:59,71.633339,-66.996185,nan
2024-08-05T12:06:58,71.633316,-66.996239,nan
2024-08-05T12:06:58,71.633286,-66.996292,nan
2024-08-05T12:06:57,71.633263,-66.996338,nan
2024-08-05T12:06:57,71.633232,-66.996391,nan
2024-08-05T12:06:56,71.633202,-66.996445,nan
2024-08-05T12:06:56,71.633179,-66.996498,nan
2024-08-05T12:06:55,71.633148,-66.996544,nan
2024-08-05T12:06:55,71.633125,-66.996597,nan
2024-08-05T12:06:54,71.633095,-66.996651,nan
2024-08-05T12:06:54,71.633072,-66.996704,nan
2024-08-05T12:06:53,71.633041,-66.996750,nan
2024-08-05T12:06:53,71.633018,-66.996803,nan
2024-08-05T12:06:52,71.632996,-66.996849,nan
2024-08-05T12:06:52,71.632973,-66.996895,nan
2024-08-05T12:06:51,71.632942,-66.996941,nan
2024-08-05T12:06:51,71.632919,-66.996986,nan
2024-08-05T12:06:50,71.632896,-66.997032,nan
2024-08-05T12:06:50,71.632874,-66.997078,nan
2024-08-05T12:06:49,71.632851,-66.997124,nan
2024-08-05T12:06:49,71.632820,-66.997177,nan
2024-08-05T12:06:48,71.632797,-66.997223,nan
2024-08-05T12:06:48,71.632774,-66.997269,nan
2024-08-05T12:06:47,71.632751,-66.997314,nan
2024-08-05T12:06:47,71.632729,-66.997360,nan
2024-08-05T12:06:46,71.632706,-66.997406,nan
2024-08-05T12:06:46,71.632683,-66.997452,nan
2024-08-05T12:06:45,71.632660,-66.997498,nan
2024-08-05T12:06:45,71.632637,-66.997543,nan
2024-08-05T12:06:44,71.632614,-66.997589,nan
2024-08-05T12:06:44,71.632591,-66.997635,nan
2024-08-05T12:06:43,71.632568,-66.997673,nan
2024-08-05T12:06:43,71.632545,-66.997719,nan
2024-08-05T12:06:42,71.632523,-66.997765,nan
2024-08-05T12:06:42,71.632500,-66.997803,nan
2024-08-05T12:06:41,71.632477,-66.997849,nan
2024-08-05T12:06:41,71.632462,-66.997894,nan
2024-08-05T12:06:40,71.632439,-66.997940,nan
2024-08-05T12:06:40,71.632416,-66.997986,nan
2024-08-05T12:06:39,71.632393,-66.998032,nan
2024-08-05T12:06:39,71.632370,-66.998085,nan
2024-08-05T12:06:38,71.632347,-66.998131,nan
2024-08-05T12:06:38,71.632324,-66.998184,nan
2024-08-05T12:06:37,71.632301,-66.998238,nan
2024-08-05T12:06:37,71.632286,-66.998283,nan
2024-08-05T12:06:36,71.632263,-66.998337,nan
2024-08-05T12:06:36,71.632240,-66.998383,nan
2024-08-05T12:06:35,71.632217,-66.998436,nan
2024-08-05T12:06:35,71.632195,-66.998482,nan
2024-08-05T12:06:34,71.632172,-66.998528,nan
2024-08-05T12:06:34,71.632141,-66.998566,nan
2024-08-05T12:06:33,71.632118,-66.998611,nan
2024-08-05T12:06:33,71.632095,-66.998650,nan
2024-08-05T12:06:32,71.632072,-66.998695,nan
2024-08-05T12:06:32,71.632042,-66.998718,nan
2024-08-05T12:06:31,71.632011,-66.998772,nan
2024-08-05T12:06:31,71.631989,-66.998810,nan
2024-08-05T12:06:30,71.631958,-66.998840,nan
2024-08-05T12:06:30,71.631935,-66.998886,nan
2024-08-05T12:06:29,71.631905,-66.998932,nan
2024-08-05T12:06:29,71.631866,-66.998993,nan
2024-08-05T12:06:28,71.631844,-66.999031,nan
2024-08-05T12:06:28,71.631813,-66.999077,nan
2024-08-05T12:06:27,71.631752,-66.999138,nan
2024-08-05T12:06:27,71.631714,-66.999130,nan
2024-08-05T12:06:26,71.631638,-66.999161,nan
2024-08-05T12:06:26,71.631523,-66.999199,nan
2024-08-05T12:06:25,71.631401,-66.999146,nan
2024-08-05T12:06:25,71.631157,-66.999214,nan
2024-08-05T12:06:24,71.630867,-66.999077,nan
2024-08-05T12:06:24,71.630234,-66.998962,nan
2024-08-05T12:06:23,71.629379,-66.998573,nan
2024-08-05T12:06:23,71.627983,-66.998077,nan
