datetime,lat,lon,elev
2024-08-06T14:19:05,76.377556,-72.175789,nan
2024-08-06T14:19:05,76.377594,-72.175941,nan
2024-08-06T14:19:04,76.377625,-72.176094,nan
2024-08-06T14:19:04,76.377663,-72.176247,nan
2024-08-06T14:19:03,76.377701,-72.176407,nan
2024-08-06T14:19:03,76.377739,-72.176559,nan
2024-08-06T14:19:02,76.377785,-72.176720,nan
2024-08-06T14:19:02,76.377831,-72.176880,nan
2024-08-06T14:19:01,76.377876,-72.177040,nan
2024-08-06T14:19:01,76.377922,-72.177193,nan
2024-08-06T14:19:00,76.377975,-72.177345,nan
2024-08-06T14:19:00,76.378029,-72.177498,nan
2024-08-06T14:18:59,76.378082,-72.177643,nan
2024-08-06T14:18:59,76.378136,-72.177788,nan
2024-08-06T14:18:58,76.378197,-72.177933,nan
2024-08-06T14:18:58,76.378258,-72.178078,nan
2024-08-06T14:18:57,76.378319,-72.178215,nan
2024-08-06T14:18:57,76.378372,-72.178352,nan
2024-08-06T14:18:56,76.378433,-72.178497,nan
2024-08-06T14:18:56,76.378502,-72.178642,nan
2024-08-06T14:18:55,76.378563,-72.178780,nan
2024-08-06T14:18:55,76.378624,-72.178917,nan
2024-08-06T14:18:54,76.378693,-72.179054,nan
2024-08-06T14:18:54,76.378754,-72.179184,nan
2024-08-06T14:18:53,76.378822,-72.179321,nan
2024-08-06T14:18:53,76.378891,-72.179451,nan
2024-08-06T14:18:52,76.378960,-72.179581,nan
2024-08-06T14:18:52,76.379021,-72.179710,nan
2024-08-06T14:18:51,76.379089,-72.179832,nan
2024-08-06T14:18:51,76.379158,-72.179955,nan
2024-08-06T14:18:50,76.379227,-72.180077,nan
2024-08-06T14:18:50,76.379295,-72.180191,nan
2024-08-06T14:18:49,76.379372,-72.180298,nan
2024-08-06T14:18:49,76.379440,-72.180405,nan
2024-08-06T14:18:48,76.379509,-72.180511,nan
2024-08-06T14:18:48,76.379578,-72.180603,nan
2024-08-06T14:18:47,76.379646,-72.180695,nan
2024-08-06T14:18:47,76.379715,-72.180794,nan
2024-08-06T14:18:46,76.379791,-72.180885,nan
2024-08-06T14:18:46,76.379860,-72.180969,nan
2024-08-06T14:18:45,76.379929,-72.181053,nan
2024-08-06T14:18:45,76.379997,-72.181137,nan
2024-08-06T14:18:44,76.380074,-72.181229,nan
2024-08-06T14:18:44,76.380142,-72.181313,nan
2024-08-06T14:18:43,76.380211,-72.181396,nan
2024-08-06T14:18:43,76.380280,-72.181480,nan
2024-08-06T14:18:42,76.380348,-72.181564,nan
2024-08-06T14:18:42,76.380424,-72.181648,nan
2024-08-06T14:18:41,76.380493,-72.181732,nan
2024-08-06T14:18:41,76.380554,-72.181824,nan
2024-08-06T14:18:40,76.380623,-72.181908,nan
2024-08-06T14:18:40,76.380692,-72.181999,nan
2024-08-06T14:18:39,76.380760,-72.182083,nan
2024-08-06T14:18:39,76.380829,-72.182182,nan
2024-08-06T14:18:38,76.380898,-72.182274,nan
2024-08-06T14:18:38,76.380966,-72.182373,nan
2024-08-06T14:18:37,76.381027,-72.182472,nan
2024-08-06T14:18:37,76.381096,-72.182571,nan
2024-08-06T14:18:36,76.381157,-72.182671,nan
2024-08-06T14:18:36,76.381226,-72.182770,nan
2024-08-06T14:18:35,76.381287,-72.182861,nan
2024-08-06T14:18:35,76.381355,-72.182961,nan
2024-08-06T14:18:34,76.381424,-72.183060,nan
2024-08-06T14:18:34,76.381485,-72.183151,nan
2024-08-06T14:18:33,76.381554,-72.183250,nan
2024-08-06T14:18:33,76.381622,-72.183350,nan
2024-08-06T14:18:32,76.381683,-72.183441,nan
2024-08-06T14:18:32,76.381752,-72.183540,nan
2024-08-06T14:18:31,76.381821,-72.183632,nan
2024-08-06T14:18:31,76.381889,-72.183731,nan
2024-08-06T14:18:30,76.381958,-72.183830,nan
2024-08-06T14:18:30,76.382027,-72.183929,nan
2024-08-06T14:18:29,76.382095,-72.184029,nan
2024-08-06T14:18:29,76.382164,-72.184128,nan
2024-08-06T14:18:28,76.382233,-72.184227,nan
2024-08-06T14:18:28,76.382301,-72.184326,nan
2024-08-06T14:18:27,76.382370,-72.184425,nan
2024-08-06T14:18:27,76.382439,-72.184525,nan
2024-08-06T14:18:26,76.382500,-72.184624,nan
2024-08-06T14:18:26,76.382568,-72.184723,nan
2024-08-06T14:18:25,76.382637,-72.184814,nan
2024-08-06T14:18:25,76.382706,-72.184914,nan
2024-08-06T14:18:24,76.382767,-72.185005,nan
2024-08-06T14:18:24,76.382835,-72.185104,nan
2024-08-06T14:18:23,76.382904,-72.185196,nan
2024-08-06T14:18:23,76.382965,-72.185287,nan
2024-08-06T14:18:22,76.383034,-72.185379,nan
2024-08-06T14:18:22,76.383095,-72.185478,nan
2024-08-06T14:18:21,76.383163,-72.185570,nan
2024-08-06T14:18:21,76.383224,-72.185669,nan
2024-08-06T14:18:20,76.383286,-72.185760,nan
2024-08-06T14:18:20,76.383347,-72.185860,nan
2024-08-06T14:18:19,76.383408,-72.185951,nan
2024-08-06T14:18:19,76.383469,-72.186050,nan
2024-08-06T14:18:18,76.383530,-72.186157,nan
2024-08-06T14:18:18,76.383591,-72.186256,nan
2024-08-06T14:18:17,76.383652,-72.186363,nan
2024-08-06T14:18:17,76.383713,-72.186470,nan
2024-08-06T14:18:16,76.383766,-72.186584,nan
2024-08-06T14:18:16,76.383827,-72.186699,nan
2024-08-06T14:18:15,76.383888,-72.186821,nan
2024-08-06T14:18:15,76.383942,-72.186943,nan
2024-08-06T14:18:14,76.384003,-72.187057,nan
2024-08-06T14:18:14,76.384064,-72.187180,nan
2024-08-06T14:18:13,76.384125,-72.187302,nan
2024-08-06T14:18:13,76.384186,-72.187424,nan
2024-08-06T14:18:12,76.384239,-72.187538,nan
2024-08-06T14:18:12,76.384300,-72.187653,nan
2024-08-06T14:18:11,76.384354,-72.187759,nan
2024-08-06T14:18:11,76.384415,-72.187874,nan
2024-08-06T14:18:10,76.384468,-72.187973,nan
2024-08-06T14:18:10,76.384529,-72.188080,nan
2024-08-06T14:18:09,76.384583,-72.188171,nan
2024-08-06T14:18:09,76.384636,-72.188263,nan
2024-08-06T14:18:08,76.384689,-72.188354,nan
2024-08-06T14:18:08,76.384743,-72.188446,nan
2024-08-06T14:18:07,76.384796,-72.188530,nan
2024-08-06T14:18:07,76.384850,-72.188614,nan
2024-08-06T14:18:06,76.384895,-72.188690,nan
2024-08-06T14:18:06,76.384949,-72.188766,nan
2024-08-06T14:18:05,76.385002,-72.188835,nan
2024-08-06T14:18:05,76.385048,-72.188911,nan
2024-08-06T14:18:04,76.385101,-72.188980,nan
2024-08-06T14:18:04,76.385147,-72.189049,nan
2024-08-06T14:18:03,76.385193,-72.189110,nan
2024-08-06T14:18:03,76.385246,-72.189178,nan
2024-08-06T14:18:02,76.385292,-72.189240,nan
2024-08-06T14:18:02,76.385338,-72.189308,nan
2024-08-06T14:18:01,76.385384,-72.189369,nan
2024-08-06T14:18:01,76.385429,-72.189430,nan
2024-08-06T14:18:00,76.385475,-72.189491,nan
2024-08-06T14:18:00,76.385521,-72.189560,nan
2024-08-06T14:17:59,76.385567,-72.189629,nan
2024-08-06T14:17:59,76.385605,-72.189690,nan
2024-08-06T14:17:58,76.385651,-72.189758,nan
2024-08-06T14:17:58,76.385696,-72.189827,nan
2024-08-06T14:17:57,76.385742,-72.189896,nan
2024-08-06T14:17:57,76.385780,-72.189964,nan
2024-08-06T14:17:56,76.385826,-72.190033,nan
2024-08-06T14:17:56,76.385864,-72.190102,nan
2024-08-06T14:17:55,76.385910,-72.190170,nan
2024-08-06T14:17:55,76.385948,-72.190239,nan
2024-08-06T14:17:54,76.385986,-72.190315,nan
2024-08-06T14:17:54,76.386032,-72.190392,nan
2024-08-06T14:17:53,76.386070,-72.190460,nan
2024-08-06T14:17:53,76.386108,-72.190536,nan
2024-08-06T14:17:52,76.386154,-72.190620,nan
2024-08-06T14:17:52,76.386192,-72.190704,nan
2024-08-06T14:17:51,76.386230,-72.190781,nan
2024-08-06T14:17:51,76.386269,-72.190865,nan
2024-08-06T14:17:50,76.386307,-72.190941,nan
2024-08-06T14:17:50,76.386345,-72.191025,nan
2024-08-06T14:17:49,76.386383,-72.191101,nan
2024-08-06T14:17:49,76.386421,-72.191185,nan
2024-08-06T14:17:48,76.386452,-72.191269,nan
2024-08-06T14:17:48,76.386490,-72.191345,nan
2024-08-06T14:17:47,76.386528,-72.191437,nan
2024-08-06T14:17:47,76.386559,-72.191521,nan
2024-08-06T14:17:46,76.386589,-72.191605,nan
2024-08-06T14:17:46,76.386627,-72.191696,nan
2024-08-06T14:17:45,76.386658,-72.191780,nan
2024-08-06T14:17:45,76.386688,-72.191864,nan
2024-08-06T14:17:44,76.386719,-72.191956,nan
2024-08-06T14:17:44,76.386742,-72.192047,nan
2024-08-06T14:17:43,76.386772,-72.192131,nan
2024-08-06T14:17:43,76.386803,-72.192215,nan
2024-08-06T14:17:42,76.386826,-72.192307,nan
2024-08-06T14:17:42,76.386848,-72.192390,nan
2024-08-06T14:17:41,76.386871,-72.192474,nan
2024-08-06T14:17:41,76.386902,-72.192566,nan
2024-08-06T14:17:40,76.386925,-72.192642,nan
2024-08-06T14:17:40,76.386948,-72.192726,nan
2024-08-06T14:17:39,76.386971,-72.192810,nan
2024-08-06T14:17:39,76.386993,-72.192886,nan
2024-08-06T14:17:38,76.387016,-72.192963,nan
2024-08-06T14:17:38,76.387039,-72.193024,nan
2024-08-06T14:17:37,76.387062,-72.193092,nan
2024-08-06T14:17:37,76.387077,-72.193153,nan
2024-08-06T14:17:36,76.387123,-72.193275,nan
2024-08-06T14:17:35,76.387146,-72.193329,nan
2024-08-06T14:17:35,76.387161,-72.193382,nan
2024-08-06T14:17:34,76.387184,-72.193428,nan
2024-08-06T14:17:34,76.387199,-72.193481,nan
2024-08-06T14:17:33,76.387222,-72.193535,nan
2024-08-06T14:17:33,76.387238,-72.193581,nan
2024-08-06T14:17:32,76.387253,-72.193634,nan
2024-08-06T14:17:32,76.387268,-72.193680,nan
2024-08-06T14:17:31,76.387283,-72.193733,nan
2024-08-06T14:17:31,76.387306,-72.193779,nan
2024-08-06T14:17:30,76.387321,-72.193825,nan
2024-08-06T14:17:30,76.387337,-72.193878,nan
2024-08-06T14:17:29,76.387352,-72.193924,nan
2024-08-06T14:17:29,76.387367,-72.193977,nan
2024-08-06T14:17:28,76.387383,-72.194031,nan
2024-08-06T14:17:28,76.387398,-72.194077,nan
2024-08-06T14:17:27,76.387413,-72.194130,nan
2024-08-06T14:17:27,76.387428,-72.194176,nan
2024-08-06T14:17:26,76.387444,-72.194229,nan
2024-08-06T14:17:26,76.387459,-72.194275,nan
2024-08-06T14:17:25,76.387474,-72.194321,nan
2024-08-06T14:17:25,76.387489,-72.194359,nan
2024-08-06T14:17:24,76.387505,-72.194405,nan
2024-08-06T14:17:24,76.387520,-72.194450,nan
2024-08-06T14:17:23,76.387535,-72.194489,nan
2024-08-06T14:17:23,76.387550,-72.194527,nan
2024-08-06T14:17:22,76.387566,-72.194572,nan
2024-08-06T14:17:22,76.387589,-72.194611,nan
2024-08-06T14:17:21,76.387604,-72.194656,nan
2024-08-06T14:17:21,76.387619,-72.194695,nan
2024-08-06T14:17:20,76.387634,-72.194740,nan
2024-08-06T14:17:20,76.387650,-72.194778,nan
2024-08-06T14:17:19,76.387665,-72.194824,nan
2024-08-06T14:17:19,76.387680,-72.194870,nan
2024-08-06T14:17:18,76.387695,-72.194916,nan
2024-08-06T14:17:18,76.387711,-72.194954,nan
2024-08-06T14:17:17,76.387726,-72.195000,nan
2024-08-06T14:17:17,76.387749,-72.195045,nan
2024-08-06T14:17:16,76.387764,-72.195084,nan
2024-08-06T14:17:16,76.387779,-72.195129,nan
2024-08-06T14:17:15,76.387794,-72.195168,nan
2024-08-06T14:17:15,76.387810,-72.195213,nan
2024-08-06T14:17:14,76.387825,-72.195251,nan
2024-08-06T14:17:14,76.387840,-72.195297,nan
2024-08-06T14:17:13,76.387856,-72.195343,nan
2024-08-06T14:17:13,76.387871,-72.195389,nan
2024-08-06T14:17:12,76.387894,-72.195435,nan
2024-08-06T14:17:12,76.387909,-72.195480,nan
2024-08-06T14:17:11,76.387924,-72.195526,nan
2024-08-06T14:17:11,76.387939,-72.195572,nan
2024-08-06T14:17:10,76.387955,-72.195618,nan
2024-08-06T14:17:10,76.387970,-72.195663,nan
2024-08-06T14:17:09,76.387985,-72.195724,nan
2024-08-06T14:17:09,76.388000,-72.195770,nan
2024-08-06T14:17:08,76.388016,-72.195824,nan
2024-08-06T14:17:08,76.388039,-72.195869,nan
2024-08-06T14:17:07,76.388054,-72.195923,nan
2024-08-06T14:17:07,76.388069,-72.195969,nan
2024-08-06T14:17:06,76.388084,-72.196007,nan
2024-08-06T14:17:06,76.388100,-72.196053,nan
2024-08-06T14:17:05,76.388115,-72.196091,nan
2024-08-06T14:17:05,76.388130,-72.196129,nan
2024-08-06T14:17:04,76.388145,-72.196159,nan
2024-08-06T14:17:04,76.388161,-72.196198,nan
2024-08-06T14:17:03,76.388184,-72.196220,nan
2024-08-06T14:17:03,76.388199,-72.196251,nan
2024-08-06T14:17:02,76.388214,-72.196281,nan
2024-08-06T14:17:02,76.388229,-72.196304,nan
2024-08-06T14:17:01,76.388245,-72.196327,nan
2024-08-06T14:17:01,76.388268,-72.196350,nan
2024-08-06T14:17:00,76.388283,-72.196373,nan
2024-08-06T14:17:00,76.388298,-72.196396,nan
2024-08-06T14:16:59,76.388313,-72.196426,nan
2024-08-06T14:16:59,76.388329,-72.196449,nan
2024-08-06T14:16:58,76.388351,-72.196472,nan
2024-08-06T14:16:58,76.388367,-72.196503,nan
2024-08-06T14:16:57,76.388382,-72.196533,nan
2024-08-06T14:16:57,76.388397,-72.196564,nan
2024-08-06T14:16:56,76.388412,-72.196587,nan
2024-08-06T14:16:56,76.388428,-72.196609,nan
2024-08-06T14:16:55,76.388451,-72.196632,nan
2024-08-06T14:16:55,76.388466,-72.196663,nan
2024-08-06T14:16:54,76.388481,-72.196693,nan
2024-08-06T14:16:54,76.388496,-72.196724,nan
2024-08-06T14:16:53,76.388512,-72.196747,nan
2024-08-06T14:16:53,76.388527,-72.196785,nan
2024-08-06T14:16:52,76.388542,-72.196823,nan
2024-08-06T14:16:52,76.388557,-72.196869,nan
2024-08-06T14:16:51,76.388580,-72.196915,nan
2024-08-06T14:16:51,76.388596,-72.196960,nan
2024-08-06T14:16:50,76.388618,-72.197006,nan
2024-08-06T14:16:50,76.388634,-72.197052,nan
2024-08-06T14:16:49,76.388649,-72.197098,nan
2024-08-06T14:16:49,76.388672,-72.197144,nan
2024-08-06T14:16:48,76.388695,-72.197189,nan
2024-08-06T14:16:48,76.388710,-72.197235,nan
2024-08-06T14:16:47,76.388733,-72.197281,nan
2024-08-06T14:16:47,76.388748,-72.197327,nan
2024-08-06T14:16:46,76.388771,-72.197372,nan
2024-08-06T14:16:46,76.388794,-72.197426,nan
2024-08-06T14:16:45,76.388809,-72.197472,nan
2024-08-06T14:16:45,76.388832,-72.197517,nan
2024-08-06T14:16:44,76.388855,-72.197563,nan
2024-08-06T14:16:44,76.388878,-72.197617,nan
2024-08-06T14:16:43,76.388901,-72.197670,nan
2024-08-06T14:16:43,76.388924,-72.197723,nan
2024-08-06T14:16:42,76.388939,-72.197769,nan
2024-08-06T14:16:42,76.388962,-72.197823,nan
2024-08-06T14:16:41,76.388985,-72.197876,nan
2024-08-06T14:16:41,76.389008,-72.197937,nan
2024-08-06T14:16:40,76.389030,-72.197990,nan
2024-08-06T14:16:40,76.389053,-72.198044,nan
2024-08-06T14:16:39,76.389076,-72.198097,nan
2024-08-06T14:16:39,76.389099,-72.198158,nan
2024-08-06T14:16:38,76.389122,-72.198212,nan
2024-08-06T14:16:38,76.389137,-72.198273,nan
2024-08-06T14:16:37,76.389160,-72.198326,nan
2024-08-06T14:16:37,76.389183,-72.198380,nan
2024-08-06T14:16:36,76.389206,-72.198433,nan
2024-08-06T14:16:36,76.389221,-72.198486,nan
2024-08-06T14:16:35,76.389244,-72.198547,nan
2024-08-06T14:16:35,76.389267,-72.198601,nan
2024-08-06T14:16:34,76.389282,-72.198662,nan
2024-08-06T14:16:34,76.389305,-72.198715,nan
2024-08-06T14:16:33,76.389320,-72.198776,nan
2024-08-06T14:16:33,76.389343,-72.198830,nan
2024-08-06T14:16:32,76.389359,-72.198891,nan
2024-08-06T14:16:32,76.389381,-72.198944,nan
2024-08-06T14:16:31,76.389397,-72.199005,nan
2024-08-06T14:16:31,76.389420,-72.199066,nan
2024-08-06T14:16:30,76.389435,-72.199127,nan
2024-08-06T14:16:30,76.389458,-72.199181,nan
2024-08-06T14:16:29,76.389481,-72.199242,nan
2024-08-06T14:16:29,76.389496,-72.199303,nan
2024-08-06T14:16:28,76.389519,-72.199364,nan
2024-08-06T14:16:28,76.389534,-72.199425,nan
2024-08-06T14:16:27,76.389557,-72.199486,nan
2024-08-06T14:16:27,76.389572,-72.199547,nan
2024-08-06T14:16:26,76.389595,-72.199615,nan
2024-08-06T14:16:26,76.389610,-72.199677,nan
2024-08-06T14:16:25,76.389633,-72.199738,nan
2024-08-06T14:16:25,76.389648,-72.199799,nan
2024-08-06T14:16:24,76.389671,-72.199852,nan
2024-08-06T14:16:24,76.389687,-72.199913,nan
2024-08-06T14:16:23,76.389702,-72.199974,nan
2024-08-06T14:16:23,76.389725,-72.200027,nan
2024-08-06T14:16:22,76.389740,-72.200089,nan
2024-08-06T14:16:22,76.389755,-72.200142,nan
2024-08-06T14:16:21,76.389771,-72.200203,nan
2024-08-06T14:16:21,76.389793,-72.200256,nan
2024-08-06T14:16:20,76.389809,-72.200317,nan
2024-08-06T14:16:20,76.389824,-72.200371,nan
2024-08-06T14:16:19,76.389839,-72.200432,nan
2024-08-06T14:16:19,76.389854,-72.200493,nan
2024-08-06T14:16:18,76.389870,-72.200546,nan
2024-08-06T14:16:18,76.389885,-72.200600,nan
2024-08-06T14:16:17,76.389908,-72.200661,nan
2024-08-06T14:16:17,76.389923,-72.200714,nan
2024-08-06T14:16:16,76.389938,-72.200775,nan
2024-08-06T14:16:16,76.389954,-72.200829,nan
2024-08-06T14:16:15,76.389969,-72.200890,nan
2024-08-06T14:16:15,76.389984,-72.200943,nan
2024-08-06T14:16:14,76.389999,-72.201004,nan
2024-08-06T14:16:14,76.390015,-72.201065,nan
2024-08-06T14:16:13,76.390030,-72.201126,nan
2024-08-06T14:16:13,76.390045,-72.201187,nan
2024-08-06T14:16:12,76.390060,-72.201256,nan
2024-08-06T14:16:12,76.390083,-72.201309,nan
2024-08-06T14:16:11,76.390099,-72.201370,nan
2024-08-06T14:16:11,76.390121,-72.201439,nan
2024-08-06T14:16:10,76.390137,-72.201500,nan
2024-08-06T14:16:10,76.390152,-72.201569,nan
2024-08-06T14:16:09,76.390175,-72.201630,nan
2024-08-06T14:16:09,76.390198,-72.201698,nan
2024-08-06T14:16:08,76.390213,-72.201767,nan
2024-08-06T14:16:08,76.390236,-72.201836,nan
2024-08-06T14:16:07,76.390259,-72.201904,nan
2024-08-06T14:16:07,76.390282,-72.201973,nan
2024-08-06T14:16:06,76.390297,-72.202049,nan
2024-08-06T14:16:06,76.390320,-72.202118,nan
2024-08-06T14:16:05,76.390343,-72.202194,nan
2024-08-06T14:16:05,76.390366,-72.202263,nan
2024-08-06T14:16:04,76.390388,-72.202339,nan
2024-08-06T14:16:04,76.390404,-72.202415,nan
2024-08-06T14:16:03,76.390427,-72.202484,nan
2024-08-06T14:16:03,76.390450,-72.202560,nan
2024-08-06T14:16:02,76.390472,-72.202629,nan
2024-08-06T14:16:02,76.390488,-72.202698,nan
2024-08-06T14:16:01,76.390511,-72.202774,nan
2024-08-06T14:16:01,76.390533,-72.202843,nan
2024-08-06T14:16:00,76.390556,-72.202919,nan
2024-08-06T14:16:00,76.390579,-72.202995,nan
2024-08-06T14:15:59,76.390602,-72.203072,nan
2024-08-06T14:15:59,76.390625,-72.203140,nan
2024-08-06T14:15:58,76.390648,-72.203217,nan
2024-08-06T14:15:58,76.390671,-72.203300,nan
2024-08-06T14:15:57,76.390694,-72.203377,nan
2024-08-06T14:15:57,76.390709,-72.203453,nan
2024-08-06T14:15:56,76.390732,-72.203529,nan
2024-08-06T14:15:56,76.390755,-72.203613,nan
2024-08-06T14:15:55,76.390778,-72.203690,nan
2024-08-06T14:15:55,76.390800,-72.203773,nan
2024-08-06T14:15:54,76.390823,-72.203857,nan
2024-08-06T14:15:54,76.390846,-72.203941,nan
2024-08-06T14:15:53,76.390869,-72.204033,nan
2024-08-06T14:15:53,76.390892,-72.204117,nan
2024-08-06T14:15:52,76.390915,-72.204208,nan
2024-08-06T14:15:52,76.390938,-72.204300,nan
2024-08-06T14:15:51,76.390961,-72.204391,nan
2024-08-06T14:15:51,76.390976,-72.204491,nan
2024-08-06T14:15:50,76.390999,-72.204582,nan
2024-08-06T14:15:50,76.391022,-72.204681,nan
2024-08-06T14:15:49,76.391045,-72.204781,nan
2024-08-06T14:15:49,76.391060,-72.204880,nan
2024-08-06T14:15:48,76.391083,-72.204979,nan
2024-08-06T14:15:48,76.391106,-72.205078,nan
2024-08-06T14:15:47,76.391121,-72.205177,nan
2024-08-06T14:15:47,76.391144,-72.205284,nan
2024-08-06T14:15:46,76.391167,-72.205383,nan
2024-08-06T14:15:46,76.391182,-72.205482,nan
2024-08-06T14:15:45,76.391205,-72.205582,nan
2024-08-06T14:15:45,76.391220,-72.205688,nan
2024-08-06T14:15:44,76.391243,-72.205788,nan
2024-08-06T14:15:44,76.391258,-72.205887,nan
2024-08-06T14:15:43,76.391281,-72.205986,nan
2024-08-06T14:15:43,76.391296,-72.206085,nan
2024-08-06T14:15:42,76.391319,-72.206184,nan
2024-08-06T14:15:42,76.391342,-72.206284,nan
2024-08-06T14:15:41,76.391365,-72.206375,nan
2024-08-06T14:15:41,76.391380,-72.206467,nan
2024-08-06T14:15:40,76.391403,-72.206558,nan
2024-08-06T14:15:40,76.391426,-72.206657,nan
2024-08-06T14:15:39,76.391441,-72.206749,nan
2024-08-06T14:15:39,76.391464,-72.206833,nan
2024-08-06T14:15:38,76.391479,-72.206924,nan
2024-08-06T14:15:38,76.391502,-72.207016,nan
2024-08-06T14:15:37,76.391525,-72.207108,nan
2024-08-06T14:15:37,76.391541,-72.207191,nan
2024-08-06T14:15:36,76.391563,-72.207283,nan
2024-08-06T14:15:36,76.391579,-72.207375,nan
2024-08-06T14:15:35,76.391602,-72.207466,nan
2024-08-06T14:15:35,76.391624,-72.207558,nan
2024-08-06T14:15:34,76.391640,-72.207642,nan
2024-08-06T14:15:34,76.391663,-72.207733,nan
2024-08-06T14:15:33,76.391678,-72.207825,nan
2024-08-06T14:15:33,76.391701,-72.207909,nan
2024-08-06T14:15:32,76.391724,-72.208000,nan
2024-08-06T14:15:32,76.391739,-72.208084,nan
2024-08-06T14:15:31,76.391762,-72.208168,nan
2024-08-06T14:15:31,76.391777,-72.208260,nan
2024-08-06T14:15:30,76.391792,-72.208344,nan
2024-08-06T14:15:30,76.391815,-72.208427,nan
2024-08-06T14:15:29,76.391830,-72.208519,nan
2024-08-06T14:15:29,76.391853,-72.208611,nan
2024-08-06T14:15:28,76.391869,-72.208694,nan
2024-08-06T14:15:28,76.391884,-72.208786,nan
2024-08-06T14:15:27,76.391907,-72.208870,nan
2024-08-06T14:15:27,76.391922,-72.208961,nan
2024-08-06T14:15:26,76.391937,-72.209053,nan
2024-08-06T14:15:26,76.391953,-72.209137,nan
2024-08-06T14:15:25,76.391975,-72.209229,nan
2024-08-06T14:15:25,76.391991,-72.209312,nan
2024-08-06T14:15:24,76.392006,-72.209396,nan
2024-08-06T14:15:24,76.392021,-72.209480,nan
2024-08-06T14:15:23,76.392044,-72.209564,nan
2024-08-06T14:15:23,76.392059,-72.209648,nan
2024-08-06T14:15:22,76.392075,-72.209732,nan
2024-08-06T14:15:22,76.392090,-72.209816,nan
2024-08-06T14:15:21,76.392105,-72.209900,nan
2024-08-06T14:15:21,76.392120,-72.209976,nan
2024-08-06T14:15:20,76.392136,-72.210060,nan
2024-08-06T14:15:20,76.392159,-72.210144,nan
2024-08-06T14:15:19,76.392174,-72.210220,nan
2024-08-06T14:15:19,76.392189,-72.210304,nan
2024-08-06T14:15:18,76.392204,-72.210381,nan
2024-08-06T14:15:18,76.392227,-72.210457,nan
2024-08-06T14:15:17,76.392242,-72.210533,nan
2024-08-06T14:15:17,76.392265,-72.210609,nan
2024-08-06T14:15:16,76.392281,-72.210678,nan
2024-08-06T14:15:16,76.392303,-72.210747,nan
2024-08-06T14:15:15,76.392319,-72.210815,nan
2024-08-06T14:15:15,76.392342,-72.210892,nan
2024-08-06T14:15:14,76.392365,-72.210953,nan
2024-08-06T14:15:14,76.392380,-72.211021,nan
2024-08-06T14:15:13,76.392403,-72.211090,nan
2024-08-06T14:15:13,76.392426,-72.211159,nan
2024-08-06T14:15:12,76.392441,-72.211227,nan
2024-08-06T14:15:12,76.392464,-72.211288,nan
2024-08-06T14:15:11,76.392487,-72.211349,nan
2024-08-06T14:15:11,76.392509,-72.211418,nan
2024-08-06T14:15:10,76.392532,-72.211479,nan
2024-08-06T14:15:10,76.392555,-72.211540,nan
2024-08-06T14:15:09,76.392578,-72.211609,nan
2024-08-06T14:15:09,76.392593,-72.211670,nan
2024-08-06T14:15:08,76.392616,-72.211731,nan
2024-08-06T14:15:08,76.392632,-72.211784,nan
2024-08-06T14:15:07,76.392654,-72.211838,nan
2024-08-06T14:15:07,76.392670,-72.211891,nan
2024-08-06T14:15:06,76.392693,-72.211945,nan
2024-08-06T14:15:06,76.392708,-72.211990,nan
2024-08-06T14:15:05,76.392731,-72.212036,nan
2024-08-06T14:15:05,76.392746,-72.212090,nan
2024-08-06T14:15:04,76.392761,-72.212135,nan
2024-08-06T14:15:04,76.392784,-72.212189,nan
2024-08-06T14:15:03,76.392799,-72.212234,nan
2024-08-06T14:15:03,76.392815,-72.212288,nan
2024-08-06T14:15:02,76.392838,-72.212341,nan
2024-08-06T14:15:02,76.392853,-72.212387,nan
2024-08-06T14:15:01,76.392876,-72.212440,nan
2024-08-06T14:15:01,76.392891,-72.212486,nan
2024-08-06T14:15:00,76.392906,-72.212540,nan
2024-08-06T14:15:00,76.392929,-72.212585,nan
2024-08-06T14:14:59,76.392944,-72.212631,nan
2024-08-06T14:14:59,76.392967,-72.212677,nan
2024-08-06T14:14:58,76.392982,-72.212723,nan
2024-08-06T14:14:58,76.393005,-72.212769,nan
2024-08-06T14:14:57,76.393028,-72.212814,nan
2024-08-06T14:14:57,76.393044,-72.212860,nan
2024-08-06T14:14:56,76.393066,-72.212898,nan
2024-08-06T14:14:56,76.393089,-72.212944,nan
2024-08-06T14:14:55,76.393105,-72.212990,nan
2024-08-06T14:14:55,76.393127,-72.213028,nan
2024-08-06T14:14:54,76.393150,-72.213074,nan
2024-08-06T14:14:54,76.393173,-72.213112,nan
2024-08-06T14:14:53,76.393196,-72.213158,nan
2024-08-06T14:14:53,76.393227,-72.213196,nan
2024-08-06T14:14:52,76.393250,-72.213242,nan
2024-08-06T14:14:52,76.393272,-72.213287,nan
2024-08-06T14:14:51,76.393295,-72.213341,nan
2024-08-06T14:14:51,76.393318,-72.213387,nan
2024-08-06T14:14:50,76.393349,-72.213432,nan
2024-08-06T14:14:50,76.393372,-72.213486,nan
2024-08-06T14:14:49,76.393394,-72.213531,nan
2024-08-06T14:14:49,76.393425,-72.213585,nan
2024-08-06T14:14:48,76.393448,-72.213638,nan
2024-08-06T14:14:48,76.393478,-72.213692,nan
2024-08-06T14:14:47,76.393501,-72.213737,nan
2024-08-06T14:14:47,76.393532,-72.213799,nan
2024-08-06T14:14:46,76.393562,-72.213852,nan
2024-08-06T14:14:46,76.393585,-72.213905,nan
2024-08-06T14:14:45,76.393616,-72.213966,nan
2024-08-06T14:14:45,76.393646,-72.214027,nan
2024-08-06T14:14:44,76.393677,-72.214088,nan
2024-08-06T14:14:44,76.393707,-72.214149,nan
2024-08-06T14:14:43,76.393745,-72.214218,nan
2024-08-06T14:14:43,76.393776,-72.214287,nan
2024-08-06T14:14:42,76.393806,-72.214355,nan
2024-08-06T14:14:42,76.393837,-72.214424,nan
2024-08-06T14:14:41,76.393867,-72.214493,nan
2024-08-06T14:14:41,76.393898,-72.214561,nan
2024-08-06T14:14:40,76.393929,-72.214638,nan
2024-08-06T14:14:40,76.393967,-72.214706,nan
2024-08-06T14:14:39,76.393997,-72.214783,nan
2024-08-06T14:14:39,76.394028,-72.214859,nan
2024-08-06T14:14:38,76.394058,-72.214935,nan
2024-08-06T14:14:38,76.394089,-72.215012,nan
2024-08-06T14:14:37,76.394119,-72.215088,nan
2024-08-06T14:14:37,76.394150,-72.215172,nan
2024-08-06T14:14:36,76.394180,-72.215256,nan
2024-08-06T14:14:36,76.394211,-72.215332,nan
2024-08-06T14:14:35,76.394241,-72.215416,nan
2024-08-06T14:14:35,76.394279,-72.215500,nan
2024-08-06T14:14:34,76.394310,-72.215584,nan
2024-08-06T14:14:34,76.394341,-72.215668,nan
2024-08-06T14:14:33,76.394371,-72.215752,nan
2024-08-06T14:14:33,76.394402,-72.215836,nan
2024-08-06T14:14:32,76.394432,-72.215927,nan
2024-08-06T14:14:32,76.394463,-72.216011,nan
2024-08-06T14:14:31,76.394501,-72.216095,nan
2024-08-06T14:14:31,76.394531,-72.216179,nan
2024-08-06T14:14:30,76.394562,-72.216263,nan
2024-08-06T14:14:30,76.394592,-72.216347,nan
2024-08-06T14:14:29,76.394623,-72.216431,nan
2024-08-06T14:14:29,76.394646,-72.216515,nan
2024-08-06T14:14:28,76.394676,-72.216599,nan
2024-08-06T14:14:28,76.394707,-72.216682,nan
2024-08-06T14:14:27,76.394737,-72.216766,nan
2024-08-06T14:14:27,76.394768,-72.216850,nan
2024-08-06T14:14:26,76.394798,-72.216934,nan
2024-08-06T14:14:26,76.394829,-72.217018,nan
2024-08-06T14:14:25,76.394859,-72.217102,nan
2024-08-06T14:14:25,76.394882,-72.217186,nan
2024-08-06T14:14:24,76.394913,-72.217262,nan
2024-08-06T14:14:24,76.394943,-72.217346,nan
2024-08-06T14:14:23,76.394974,-72.217438,nan
2024-08-06T14:14:23,76.394997,-72.217522,nan
2024-08-06T14:14:22,76.395027,-72.217598,nan
2024-08-06T14:14:22,76.395058,-72.217690,nan
2024-08-06T14:14:21,76.395081,-72.217773,nan
2024-08-06T14:14:21,76.395103,-72.217857,nan
2024-08-06T14:14:20,76.395134,-72.217941,nan
2024-08-06T14:14:20,76.395157,-72.218033,nan
2024-08-06T14:14:19,76.395180,-72.218117,nan
2024-08-06T14:14:19,76.395210,-72.218201,nan
2024-08-06T14:14:18,76.395233,-72.218285,nan
2024-08-06T14:14:18,76.395256,-72.218369,nan
2024-08-06T14:14:17,76.395279,-72.218452,nan
2024-08-06T14:14:17,76.395302,-72.218536,nan
2024-08-06T14:14:16,76.395325,-72.218620,nan
2024-08-06T14:14:16,76.395348,-72.218704,nan
2024-08-06T14:14:15,76.395370,-72.218788,nan
2024-08-06T14:14:15,76.395393,-72.218872,nan
2024-08-06T14:14:14,76.395416,-72.218956,nan
2024-08-06T14:14:14,76.395432,-72.219040,nan
2024-08-06T14:14:13,76.395454,-72.219124,nan
2024-08-06T14:14:13,76.395477,-72.219208,nan
2024-08-06T14:14:12,76.395493,-72.219284,nan
2024-08-06T14:14:12,76.395515,-72.219368,nan
2024-08-06T14:14:11,76.395538,-72.219452,nan
2024-08-06T14:14:11,76.395554,-72.219536,nan
2024-08-06T14:14:10,76.395576,-72.219620,nan
2024-08-06T14:14:10,76.395592,-72.219704,nan
2024-08-06T14:14:09,76.395615,-72.219788,nan
2024-08-06T14:14:09,76.395630,-72.219872,nan
2024-08-06T14:14:08,76.395645,-72.219955,nan
2024-08-06T14:14:08,76.395668,-72.220039,nan
2024-08-06T14:14:07,76.395683,-72.220131,nan
2024-08-06T14:14:07,76.395699,-72.220215,nan
2024-08-06T14:14:06,76.395721,-72.220306,nan
2024-08-06T14:14:06,76.395737,-72.220390,nan
2024-08-06T14:14:05,76.395760,-72.220490,nan
2024-08-06T14:14:05,76.395775,-72.220573,nan
2024-08-06T14:14:04,76.395790,-72.220665,nan
2024-08-06T14:14:04,76.395813,-72.220757,nan
2024-08-06T14:14:03,76.395828,-72.220848,nan
2024-08-06T14:14:03,76.395851,-72.220940,nan
2024-08-06T14:14:02,76.395874,-72.221031,nan
2024-08-06T14:14:02,76.395889,-72.221123,nan
2024-08-06T14:14:01,76.395912,-72.221214,nan
2024-08-06T14:14:01,76.395927,-72.221306,nan
2024-08-06T14:14:00,76.395950,-72.221390,nan
2024-08-06T14:14:00,76.395973,-72.221481,nan
2024-08-06T14:13:59,76.395988,-72.221573,nan
2024-08-06T14:13:59,76.396011,-72.221657,nan
2024-08-06T14:13:58,76.396034,-72.221741,nan
2024-08-06T14:13:58,76.396057,-72.221825,nan
2024-08-06T14:13:57,76.396080,-72.221916,nan
2024-08-06T14:13:57,76.396095,-72.222000,nan
2024-08-06T14:13:56,76.396118,-72.222076,nan
2024-08-06T14:13:56,76.396141,-72.222160,nan
2024-08-06T14:13:55,76.396164,-72.222244,nan
2024-08-06T14:13:55,76.396187,-72.222328,nan
2024-08-06T14:13:54,76.396210,-72.222404,nan
2024-08-06T14:13:54,76.396233,-72.222488,nan
2024-08-06T14:13:53,76.396255,-72.222572,nan
2024-08-06T14:13:53,76.396278,-72.222656,nan
2024-08-06T14:13:52,76.396301,-72.222733,nan
2024-08-06T14:13:52,76.396332,-72.222809,nan
2024-08-06T14:13:51,76.396347,-72.222893,nan
2024-08-06T14:13:51,76.396370,-72.222969,nan
2024-08-06T14:13:50,76.396393,-72.223045,nan
2024-08-06T14:13:50,76.396416,-72.223129,nan
2024-08-06T14:13:49,76.396439,-72.223206,nan
2024-08-06T14:13:49,76.396454,-72.223282,nan
2024-08-06T14:13:48,76.396477,-72.223358,nan
2024-08-06T14:13:48,76.396500,-72.223434,nan
2024-08-06T14:13:47,76.396515,-72.223511,nan
2024-08-06T14:13:47,76.396538,-72.223587,nan
2024-08-06T14:13:46,76.396561,-72.223663,nan
2024-08-06T14:13:46,76.396584,-72.223740,nan
2024-08-06T14:13:45,76.396606,-72.223816,nan
2024-08-06T14:13:45,76.396622,-72.223892,nan
2024-08-06T14:13:44,76.396645,-72.223961,nan
2024-08-06T14:13:44,76.396667,-72.224037,nan
2024-08-06T14:13:43,76.396690,-72.224106,nan
2024-08-06T14:13:43,76.396713,-72.224174,nan
2024-08-06T14:13:42,76.396736,-72.224251,nan
2024-08-06T14:13:42,76.396759,-72.224319,nan
2024-08-06T14:13:41,76.396774,-72.224388,nan
2024-08-06T14:13:41,76.396797,-72.224457,nan
2024-08-06T14:13:40,76.396820,-72.224525,nan
2024-08-06T14:13:40,76.396843,-72.224594,nan
2024-08-06T14:13:39,76.396866,-72.224663,nan
2024-08-06T14:13:39,76.396889,-72.224731,nan
2024-08-06T14:13:38,76.396904,-72.224800,nan
2024-08-06T14:13:38,76.396927,-72.224869,nan
2024-08-06T14:13:37,76.396950,-72.224937,nan
2024-08-06T14:13:37,76.396973,-72.224998,nan
2024-08-06T14:13:36,76.396996,-72.225067,nan
2024-08-06T14:13:36,76.397018,-72.225128,nan
2024-08-06T14:13:35,76.397041,-72.225197,nan
2024-08-06T14:13:35,76.397057,-72.225258,nan
2024-08-06T14:13:34,76.397079,-72.225319,nan
2024-08-06T14:13:34,76.397102,-72.225380,nan
2024-08-06T14:13:33,76.397125,-72.225441,nan
2024-08-06T14:13:33,76.397148,-72.225502,nan
2024-08-06T14:13:32,76.397171,-72.225555,nan
2024-08-06T14:13:32,76.397194,-72.225616,nan
2024-08-06T14:13:31,76.397217,-72.225677,nan
2024-08-06T14:13:31,76.397240,-72.225731,nan
2024-08-06T14:13:30,76.397263,-72.225792,nan
2024-08-06T14:13:30,76.397285,-72.225853,nan
2024-08-06T14:13:29,76.397308,-72.225914,nan
2024-08-06T14:13:29,76.397331,-72.225983,nan
2024-08-06T14:13:28,76.397354,-72.226051,nan
2024-08-06T14:13:28,76.397385,-72.226120,nan
2024-08-06T14:13:27,76.397408,-72.226196,nan
2024-08-06T14:13:27,76.397430,-72.226273,nan
2024-08-06T14:13:26,76.397453,-72.226349,nan
2024-08-06T14:13:26,76.397476,-72.226425,nan
2024-08-06T14:13:25,76.397507,-72.226501,nan
2024-08-06T14:13:25,76.397530,-72.226585,nan
2024-08-06T14:13:24,76.397552,-72.226662,nan
2024-08-06T14:13:24,76.397583,-72.226746,nan
2024-08-06T14:13:23,76.397606,-72.226822,nan
2024-08-06T14:13:23,76.397636,-72.226906,nan
2024-08-06T14:13:22,76.397659,-72.226990,nan
2024-08-06T14:13:22,76.397682,-72.227066,nan
2024-08-06T14:13:21,76.397713,-72.227150,nan
2024-08-06T14:13:21,76.397736,-72.227234,nan
2024-08-06T14:13:20,76.397758,-72.227318,nan
2024-08-06T14:13:20,76.397789,-72.227402,nan
2024-08-06T14:13:19,76.397812,-72.227486,nan
2024-08-06T14:13:19,76.397835,-72.227570,nan
2024-08-06T14:13:18,76.397865,-72.227661,nan
2024-08-06T14:13:18,76.397888,-72.227753,nan
2024-08-06T14:13:17,76.397911,-72.227844,nan
2024-08-06T14:13:17,76.397934,-72.227936,nan
2024-08-06T14:13:16,76.397964,-72.228035,nan
2024-08-06T14:13:16,76.397987,-72.228127,nan
2024-08-06T14:13:15,76.398010,-72.228226,nan
2024-08-06T14:13:15,76.398033,-72.228317,nan
2024-08-06T14:13:14,76.398056,-72.228409,nan
2024-08-06T14:13:14,76.398079,-72.228508,nan
2024-08-06T14:13:13,76.398102,-72.228600,nan
2024-08-06T14:13:13,76.398125,-72.228691,nan
2024-08-06T14:13:12,76.398148,-72.228790,nan
2024-08-06T14:13:12,76.398170,-72.228882,nan
2024-08-06T14:13:11,76.398193,-72.228981,nan
2024-08-06T14:13:11,76.398216,-72.229080,nan
2024-08-06T14:13:10,76.398247,-72.229172,nan
2024-08-06T14:13:10,76.398270,-72.229279,nan
2024-08-06T14:13:09,76.398293,-72.229378,nan
2024-08-06T14:13:09,76.398315,-72.229477,nan
2024-08-06T14:13:08,76.398338,-72.229576,nan
2024-08-06T14:13:08,76.398361,-72.229675,nan
2024-08-06T14:13:07,76.398384,-72.229782,nan
2024-08-06T14:13:07,76.398407,-72.229881,nan
2024-08-06T14:13:06,76.398438,-72.229973,nan
2024-08-06T14:13:06,76.398460,-72.230072,nan
2024-08-06T14:13:05,76.398483,-72.230171,nan
2024-08-06T14:13:05,76.398506,-72.230270,nan
2024-08-06T14:13:04,76.398529,-72.230370,nan
2024-08-06T14:13:04,76.398560,-72.230469,nan
2024-08-06T14:13:03,76.398582,-72.230568,nan
2024-08-06T14:13:03,76.398605,-72.230675,nan
2024-08-06T14:13:02,76.398636,-72.230766,nan
2024-08-06T14:13:02,76.398659,-72.230865,nan
2024-08-06T14:13:01,76.398689,-72.230957,nan
2024-08-06T14:13:01,76.398720,-72.231056,nan
2024-08-06T14:13:00,76.398750,-72.231148,nan
2024-08-06T14:13:00,76.398773,-72.231239,nan
2024-08-06T14:12:59,76.398804,-72.231331,nan
2024-08-06T14:12:59,76.398834,-72.231430,nan
2024-08-06T14:12:58,76.398872,-72.231522,nan
2024-08-06T14:12:58,76.398903,-72.231613,nan
2024-08-06T14:12:57,76.398933,-72.231705,nan
2024-08-06T14:12:57,76.398964,-72.231796,nan
2024-08-06T14:12:56,76.398994,-72.231895,nan
2024-08-06T14:12:56,76.399025,-72.231987,nan
2024-08-06T14:12:55,76.399063,-72.232079,nan
2024-08-06T14:12:55,76.399094,-72.232162,nan
2024-08-06T14:12:54,76.399124,-72.232254,nan
2024-08-06T14:12:54,76.399162,-72.232346,nan
2024-08-06T14:12:53,76.399193,-72.232437,nan
2024-08-06T14:12:53,76.399231,-72.232521,nan
2024-08-06T14:12:52,76.399261,-72.232605,nan
2024-08-06T14:12:52,76.399300,-72.232697,nan
2024-08-06T14:12:51,76.399338,-72.232773,nan
2024-08-06T14:12:51,76.399376,-72.232857,nan
2024-08-06T14:12:50,76.399406,-72.232941,nan
2024-08-06T14:12:50,76.399445,-72.233017,nan
2024-08-06T14:12:49,76.399483,-72.233093,nan
2024-08-06T14:12:49,76.399521,-72.233170,nan
2024-08-06T14:12:48,76.399559,-72.233238,nan
2024-08-06T14:12:48,76.399597,-72.233315,nan
2024-08-06T14:12:47,76.399635,-72.233383,nan
2024-08-06T14:12:47,76.399673,-72.233459,nan
2024-08-06T14:12:46,76.399704,-72.233528,nan
2024-08-06T14:12:46,76.399742,-72.233604,nan
2024-08-06T14:12:45,76.399780,-72.233681,nan
2024-08-06T14:12:45,76.399818,-72.233765,nan
2024-08-06T14:12:44,76.399857,-72.233841,nan
2024-08-06T14:12:44,76.399895,-72.233917,nan
2024-08-06T14:12:43,76.399933,-72.234001,nan
2024-08-06T14:12:43,76.399971,-72.234085,nan
2024-08-06T14:12:42,76.400009,-72.234169,nan
2024-08-06T14:12:42,76.400047,-72.234261,nan
2024-08-06T14:12:41,76.400085,-72.234344,nan
2024-08-06T14:12:41,76.400131,-72.234436,nan
2024-08-06T14:12:40,76.400169,-72.234520,nan
2024-08-06T14:12:40,76.400215,-72.234604,nan
2024-08-06T14:12:39,76.400253,-72.234688,nan
2024-08-06T14:12:39,76.400291,-72.234772,nan
2024-08-06T14:12:38,76.400337,-72.234848,nan
2024-08-06T14:12:38,76.400383,-72.234924,nan
2024-08-06T14:12:37,76.400421,-72.235008,nan
2024-08-06T14:12:37,76.400467,-72.235085,nan
2024-08-06T14:12:36,76.400505,-72.235161,nan
2024-08-06T14:12:36,76.400551,-72.235245,nan
2024-08-06T14:12:35,76.400597,-72.235329,nan
2024-08-06T14:12:35,76.400635,-72.235405,nan
2024-08-06T14:12:34,76.400681,-72.235489,nan
2024-08-06T14:12:34,76.400719,-72.235565,nan
2024-08-06T14:12:33,76.400764,-72.235649,nan
2024-08-06T14:12:33,76.400803,-72.235725,nan
2024-08-06T14:12:32,76.400848,-72.235809,nan
2024-08-06T14:12:32,76.400894,-72.235886,nan
2024-08-06T14:12:31,76.400932,-72.235954,nan
2024-08-06T14:12:31,76.400978,-72.236031,nan
2024-08-06T14:12:30,76.401016,-72.236107,nan
2024-08-06T14:12:30,76.401062,-72.236176,nan
2024-08-06T14:12:29,76.401108,-72.236244,nan
2024-08-06T14:12:29,76.401146,-72.236320,nan
2024-08-06T14:12:28,76.401192,-72.236389,nan
2024-08-06T14:12:28,76.401237,-72.236458,nan
2024-08-06T14:12:27,76.401276,-72.236526,nan
2024-08-06T14:12:27,76.401321,-72.236595,nan
2024-08-06T14:12:26,76.401367,-72.236664,nan
2024-08-06T14:12:26,76.401413,-72.236732,nan
2024-08-06T14:12:25,76.401459,-72.236801,nan
2024-08-06T14:12:25,76.401497,-72.236870,nan
2024-08-06T14:12:24,76.401543,-72.236931,nan
2024-08-06T14:12:24,76.401588,-72.237000,nan
2024-08-06T14:12:23,76.401634,-72.237068,nan
2024-08-06T14:12:23,76.401680,-72.237129,nan
2024-08-06T14:12:22,76.401726,-72.237198,nan
2024-08-06T14:12:22,76.401772,-72.237267,nan
2024-08-06T14:12:21,76.401817,-72.237328,nan
2024-08-06T14:12:21,76.401855,-72.237389,nan
2024-08-06T14:12:20,76.401901,-72.237450,nan
2024-08-06T14:12:20,76.401947,-72.237511,nan
2024-08-06T14:12:19,76.401993,-72.237572,nan
2024-08-06T14:12:19,76.402039,-72.237633,nan
2024-08-06T14:12:18,76.402084,-72.237694,nan
2024-08-06T14:12:18,76.402130,-72.237755,nan
2024-08-06T14:12:17,76.402176,-72.237823,nan
2024-08-06T14:12:17,76.402222,-72.237885,nan
2024-08-06T14:12:16,76.402267,-72.237946,nan
2024-08-06T14:12:16,76.402313,-72.238014,nan
2024-08-06T14:12:15,76.402359,-72.238075,nan
2024-08-06T14:12:15,76.402412,-72.238144,nan
2024-08-06T14:12:14,76.402458,-72.238213,nan
2024-08-06T14:12:14,76.402504,-72.238274,nan
2024-08-06T14:12:13,76.402557,-72.238342,nan
2024-08-06T14:12:13,76.402603,-72.238411,nan
2024-08-06T14:12:12,76.402657,-72.238472,nan
2024-08-06T14:12:12,76.402710,-72.238541,nan
2024-08-06T14:12:11,76.402756,-72.238609,nan
2024-08-06T14:12:11,76.402809,-72.238686,nan
2024-08-06T14:12:10,76.402863,-72.238754,nan
2024-08-06T14:12:10,76.402924,-72.238823,nan
2024-08-06T14:12:09,76.402977,-72.238892,nan
2024-08-06T14:12:09,76.403030,-72.238968,nan
2024-08-06T14:12:08,76.403091,-72.239037,nan
2024-08-06T14:12:08,76.403145,-72.239113,nan
2024-08-06T14:12:07,76.403206,-72.239189,nan
2024-08-06T14:12:07,76.403267,-72.239265,nan
2024-08-06T14:12:06,76.403328,-72.239349,nan
2024-08-06T14:12:06,76.403389,-72.239426,nan
2024-08-06T14:12:05,76.403450,-72.239510,nan
2024-08-06T14:12:05,76.403511,-72.239586,nan
2024-08-06T14:12:04,76.403633,-72.239761,nan
2024-08-06T14:12:03,76.403694,-72.239853,nan
2024-08-06T14:12:03,76.403763,-72.239944,nan
2024-08-06T14:12:02,76.403824,-72.240044,nan
2024-08-06T14:12:02,76.403893,-72.240143,nan
2024-08-06T14:12:01,76.403954,-72.240250,nan
2024-08-06T14:12:01,76.404022,-72.240349,nan
2024-08-06T14:12:00,76.404083,-72.240448,nan
2024-08-06T14:12:00,76.404144,-72.240547,nan
2024-08-06T14:11:59,76.404213,-72.240639,nan
2024-08-06T14:11:59,76.404274,-72.240738,nan
2024-08-06T14:11:58,76.404343,-72.240829,nan
2024-08-06T14:11:58,76.404404,-72.240913,nan
2024-08-06T14:11:57,76.404472,-72.241013,nan
2024-08-06T14:11:57,76.404533,-72.241096,nan
2024-08-06T14:11:56,76.404602,-72.241188,nan
2024-08-06T14:11:56,76.404671,-72.241280,nan
2024-08-06T14:11:55,76.404732,-72.241371,nan
2024-08-06T14:11:55,76.404800,-72.241455,nan
2024-08-06T14:11:54,76.404861,-72.241547,nan
2024-08-06T14:11:54,76.404930,-72.241631,nan
2024-08-06T14:11:53,76.404991,-72.241714,nan
2024-08-06T14:11:53,76.405060,-72.241798,nan
2024-08-06T14:11:52,76.405121,-72.241875,nan
2024-08-06T14:11:52,76.405182,-72.241959,nan
2024-08-06T14:11:51,76.405251,-72.242027,nan
2024-08-06T14:11:51,76.405312,-72.242104,nan
2024-08-06T14:11:50,76.405373,-72.242180,nan
2024-08-06T14:11:50,76.405434,-72.242256,nan
2024-08-06T14:11:49,76.405502,-72.242325,nan
2024-08-06T14:11:49,76.405563,-72.242401,nan
2024-08-06T14:11:48,76.405624,-72.242470,nan
2024-08-06T14:11:48,76.405693,-72.242538,nan
2024-08-06T14:11:47,76.405754,-72.242615,nan
2024-08-06T14:11:47,76.405823,-72.242691,nan
2024-08-06T14:11:46,76.405884,-72.242760,nan
2024-08-06T14:11:46,76.405952,-72.242836,nan
2024-08-06T14:11:45,76.406013,-72.242912,nan
2024-08-06T14:11:45,76.406082,-72.242989,nan
2024-08-06T14:11:44,76.406151,-72.243065,nan
2024-08-06T14:11:44,76.406219,-72.243149,nan
2024-08-06T14:11:43,76.406281,-72.243225,nan
2024-08-06T14:11:43,76.406349,-72.243301,nan
2024-08-06T14:11:42,76.406418,-72.243385,nan
2024-08-06T14:11:42,76.406494,-72.243462,nan
2024-08-06T14:11:41,76.406563,-72.243546,nan
2024-08-06T14:11:41,76.406631,-72.243629,nan
2024-08-06T14:11:40,76.406700,-72.243713,nan
2024-08-06T14:11:40,76.406769,-72.243797,nan
2024-08-06T14:11:39,76.406837,-72.243889,nan
2024-08-06T14:11:39,76.406914,-72.243973,nan
2024-08-06T14:11:38,76.406982,-72.244057,nan
2024-08-06T14:11:38,76.407051,-72.244141,nan
2024-08-06T14:11:37,76.407127,-72.244232,nan
2024-08-06T14:11:37,76.407196,-72.244316,nan
2024-08-06T14:11:36,76.407265,-72.244408,nan
2024-08-06T14:11:36,76.407341,-72.244492,nan
2024-08-06T14:11:35,76.407410,-72.244576,nan
2024-08-06T14:11:35,76.407478,-72.244659,nan
2024-08-06T14:11:34,76.407555,-72.244751,nan
2024-08-06T14:11:34,76.407623,-72.244835,nan
2024-08-06T14:11:33,76.407692,-72.244911,nan
2024-08-06T14:11:33,76.407768,-72.244995,nan
2024-08-06T14:11:32,76.407837,-72.245079,nan
2024-08-06T14:11:32,76.407906,-72.245155,nan
2024-08-06T14:11:31,76.408043,-72.245323,nan
2024-08-06T14:11:30,76.408112,-72.245399,nan
2024-08-06T14:11:30,76.408180,-72.245483,nan
2024-08-06T14:11:29,76.408257,-72.245567,nan
2024-08-06T14:11:29,76.408325,-72.245651,nan
2024-08-06T14:11:28,76.408394,-72.245735,nan
2024-08-06T14:11:28,76.408463,-72.245819,nan
2024-08-06T14:11:27,76.408531,-72.245903,nan
2024-08-06T14:11:27,76.408600,-72.245987,nan
2024-08-06T14:11:26,76.408669,-72.246071,nan
2024-08-06T14:11:26,76.408737,-72.246155,nan
2024-08-06T14:11:25,76.408806,-72.246239,nan
2024-08-06T14:11:25,76.408882,-72.246323,nan
2024-08-06T14:11:24,76.408951,-72.246414,nan
2024-08-06T14:11:24,76.409019,-72.246498,nan
2024-08-06T14:11:23,76.409088,-72.246582,nan
2024-08-06T14:11:23,76.409164,-72.246674,nan
2024-08-06T14:11:22,76.409233,-72.246765,nan
2024-08-06T14:11:22,76.409302,-72.246849,nan
2024-08-06T14:11:21,76.409378,-72.246941,nan
2024-08-06T14:11:21,76.409447,-72.247032,nan
2024-08-06T14:11:20,76.409515,-72.247124,nan
2024-08-06T14:11:20,76.409592,-72.247208,nan
2024-08-06T14:11:19,76.409660,-72.247299,nan
2024-08-06T14:11:19,76.409737,-72.247391,nan
2024-08-06T14:11:18,76.409805,-72.247482,nan
2024-08-06T14:11:18,76.409874,-72.247566,nan
2024-08-06T14:11:17,76.409950,-72.247658,nan
2024-08-06T14:11:17,76.410019,-72.247749,nan
2024-08-06T14:11:16,76.410088,-72.247841,nan
2024-08-06T14:11:16,76.410164,-72.247932,nan
2024-08-06T14:11:15,76.410233,-72.248024,nan
2024-08-06T14:11:15,76.410309,-72.248116,nan
2024-08-06T14:11:14,76.410378,-72.248207,nan
2024-08-06T14:11:14,76.410454,-72.248299,nan
2024-08-06T14:11:13,76.410522,-72.248390,nan
2024-08-06T14:11:13,76.410599,-72.248482,nan
2024-08-06T14:11:12,76.410667,-72.248581,nan
2024-08-06T14:11:12,76.410744,-72.248672,nan
2024-08-06T14:11:11,76.410812,-72.248772,nan
2024-08-06T14:11:11,76.410889,-72.248863,nan
2024-08-06T14:11:10,76.410957,-72.248962,nan
2024-08-06T14:11:10,76.411034,-72.249062,nan
2024-08-06T14:11:09,76.411110,-72.249161,nan
2024-08-06T14:11:09,76.411179,-72.249260,nan
2024-08-06T14:11:08,76.411255,-72.249367,nan
2024-08-06T14:11:07,76.411400,-72.249573,nan
2024-08-06T14:11:07,76.411476,-72.249680,nan
2024-08-06T14:11:06,76.411552,-72.249786,nan
2024-08-06T14:11:06,76.411629,-72.249901,nan
2024-08-06T14:11:05,76.411697,-72.250008,nan
2024-08-06T14:11:05,76.411774,-72.250114,nan
2024-08-06T14:11:04,76.411850,-72.250229,nan
2024-08-06T14:11:04,76.411919,-72.250336,nan
2024-08-06T14:11:03,76.411995,-72.250443,nan
2024-08-06T14:11:03,76.412071,-72.250557,nan
2024-08-06T14:11:02,76.412148,-72.250664,nan
2024-08-06T14:11:02,76.412216,-72.250771,nan
2024-08-06T14:11:01,76.412292,-72.250877,nan
2024-08-06T14:11:01,76.412369,-72.250984,nan
2024-08-06T14:11:00,76.412437,-72.251091,nan
2024-08-06T14:11:00,76.412514,-72.251190,nan
2024-08-06T14:10:59,76.412590,-72.251297,nan
2024-08-06T14:10:59,76.412666,-72.251404,nan
2024-08-06T14:10:58,76.412743,-72.251503,nan
2024-08-06T14:10:58,76.412819,-72.251602,nan
2024-08-06T14:10:57,76.412888,-72.251701,nan
2024-08-06T14:10:57,76.412964,-72.251801,nan
2024-08-06T14:10:56,76.413040,-72.251900,nan
2024-08-06T14:10:56,76.413116,-72.251999,nan
2024-08-06T14:10:55,76.413193,-72.252098,nan
2024-08-06T14:10:55,76.413261,-72.252190,nan
2024-08-06T14:10:54,76.413338,-72.252289,nan
2024-08-06T14:10:54,76.413414,-72.252380,nan
2024-08-06T14:10:53,76.413490,-72.252472,nan
2024-08-06T14:10:53,76.413559,-72.252563,nan
2024-08-06T14:10:52,76.413635,-72.252663,nan
2024-08-06T14:10:52,76.413712,-72.252747,nan
2024-08-06T14:10:51,76.413780,-72.252846,nan
2024-08-06T14:10:51,76.413857,-72.252937,nan
2024-08-06T14:10:50,76.413933,-72.253021,nan
2024-08-06T14:10:50,76.414001,-72.253120,nan
2024-08-06T14:10:49,76.414078,-72.253212,nan
2024-08-06T14:10:49,76.414154,-72.253304,nan
2024-08-06T14:10:48,76.414223,-72.253395,nan
2024-08-06T14:10:48,76.414299,-72.253487,nan
2024-08-06T14:10:47,76.414375,-72.253578,nan
2024-08-06T14:10:47,76.414444,-72.253670,nan
2024-08-06T14:10:46,76.414520,-72.253761,nan
2024-08-06T14:10:46,76.414589,-72.253853,nan
2024-08-06T14:10:45,76.414665,-72.253944,nan
2024-08-06T14:10:45,76.414734,-72.254036,nan
2024-08-06T14:10:44,76.414810,-72.254128,nan
2024-08-06T14:10:44,76.414886,-72.254219,nan
2024-08-06T14:10:43,76.414955,-72.254311,nan
2024-08-06T14:10:43,76.415031,-72.254402,nan
2024-08-06T14:10:42,76.415108,-72.254501,nan
2024-08-06T14:10:42,76.415176,-72.254593,nan
2024-08-06T14:10:41,76.415253,-72.254692,nan
2024-08-06T14:10:41,76.415329,-72.254784,nan
2024-08-06T14:10:40,76.415398,-72.254875,nan
2024-08-06T14:10:39,76.415550,-72.255058,nan
2024-08-06T14:10:39,76.415627,-72.255150,nan
2024-08-06T14:10:38,76.415703,-72.255241,nan
2024-08-06T14:10:38,76.415779,-72.255325,nan
2024-08-06T14:10:37,76.415855,-72.255409,nan
2024-08-06T14:10:37,76.415932,-72.255501,nan
2024-08-06T14:10:36,76.416000,-72.255585,nan
2024-08-06T14:10:36,76.416077,-72.255669,nan
2024-08-06T14:10:35,76.416153,-72.255753,nan
2024-08-06T14:10:35,76.416229,-72.255844,nan
2024-08-06T14:10:34,76.416306,-72.255928,nan
2024-08-06T14:10:34,76.416382,-72.256012,nan
2024-08-06T14:10:33,76.416458,-72.256096,nan
2024-08-06T14:10:33,76.416534,-72.256180,nan
2024-08-06T14:10:32,76.416611,-72.256264,nan
2024-08-06T14:10:32,76.416687,-72.256348,nan
2024-08-06T14:10:31,76.416763,-72.256432,nan
2024-08-06T14:10:31,76.416840,-72.256516,nan
2024-08-06T14:10:30,76.416924,-72.256599,nan
2024-08-06T14:10:30,76.417000,-72.256676,nan
2024-08-06T14:10:29,76.417076,-72.256752,nan
2024-08-06T14:10:29,76.417160,-72.256828,nan
2024-08-06T14:10:28,76.417236,-72.256912,nan
2024-08-06T14:10:28,76.417313,-72.256981,nan
2024-08-06T14:10:27,76.417397,-72.257057,nan
2024-08-06T14:10:27,76.417473,-72.257133,nan
2024-08-06T14:10:26,76.417557,-72.257202,nan
2024-08-06T14:10:26,76.417633,-72.257271,nan
2024-08-06T14:10:25,76.417709,-72.257339,nan
2024-08-06T14:10:25,76.417793,-72.257408,nan
2024-08-06T14:10:24,76.417870,-72.257484,nan
2024-08-06T14:10:24,76.417953,-72.257553,nan
2024-08-06T14:10:23,76.418030,-72.257622,nan
2024-08-06T14:10:23,76.418114,-72.257698,nan
2024-08-06T14:10:22,76.418190,-72.257767,nan
2024-08-06T14:10:21,76.418350,-72.257912,nan
2024-08-06T14:10:21,76.418434,-72.257988,nan
2024-08-06T14:10:20,76.418518,-72.258057,nan
2024-08-06T14:10:20,76.418602,-72.258133,nan
2024-08-06T14:10:19,76.418686,-72.258202,nan
2024-08-06T14:10:19,76.418770,-72.258270,nan
2024-08-06T14:10:18,76.418854,-72.258347,nan
2024-08-06T14:10:18,76.418938,-72.258415,nan
2024-08-06T14:10:17,76.419022,-72.258484,nan
2024-08-06T14:10:17,76.419106,-72.258553,nan
2024-08-06T14:10:16,76.419189,-72.258621,nan
2024-08-06T14:10:16,76.419273,-72.258698,nan
2024-08-06T14:10:15,76.419441,-72.258842,nan
2024-08-06T14:10:14,76.419533,-72.258919,nan
2024-08-06T14:10:14,76.419617,-72.258995,nan
2024-08-06T14:10:13,76.419701,-72.259071,nan
2024-08-06T14:10:13,76.419785,-72.259155,nan
2024-08-06T14:10:12,76.419868,-72.259239,nan
2024-08-06T14:10:12,76.419952,-72.259323,nan
2024-08-06T14:10:11,76.420044,-72.259399,nan
2024-08-06T14:10:11,76.420128,-72.259483,nan
2024-08-06T14:10:10,76.420212,-72.259575,nan
2024-08-06T14:10:10,76.420296,-72.259659,nan
2024-08-06T14:10:09,76.420380,-72.259743,nan
2024-08-06T14:10:09,76.420464,-72.259834,nan
2024-08-06T14:10:08,76.420547,-72.259918,nan
2024-08-06T14:10:08,76.420631,-72.260010,nan
2024-08-06T14:10:07,76.420715,-72.260094,nan
2024-08-06T14:10:07,76.420799,-72.260178,nan
2024-08-06T14:10:06,76.420891,-72.260269,nan
2024-08-06T14:10:06,76.420975,-72.260353,nan
2024-08-06T14:10:05,76.421059,-72.260445,nan
2024-08-06T14:10:04,76.421227,-72.260620,nan
2024-08-06T14:10:04,76.421310,-72.260712,nan
2024-08-06T14:10:03,76.421387,-72.260803,nan
2024-08-06T14:10:03,76.421471,-72.260895,nan
2024-08-06T14:10:02,76.421555,-72.260986,nan
2024-08-06T14:10:02,76.421638,-72.261078,nan
2024-08-06T14:10:01,76.421722,-72.261169,nan
2024-08-06T14:10:01,76.421806,-72.261269,nan
2024-08-06T14:10:00,76.421974,-72.261452,nan
2024-08-06T14:09:59,76.422058,-72.261543,nan
2024-08-06T14:09:59,76.422134,-72.261635,nan
2024-08-06T14:09:58,76.422218,-72.261734,nan
2024-08-06T14:09:58,76.422302,-72.261826,nan
2024-08-06T14:09:57,76.422386,-72.261909,nan
2024-08-06T14:09:57,76.422470,-72.262009,nan
2024-08-06T14:09:56,76.422554,-72.262100,nan
2024-08-06T14:09:56,76.422630,-72.262192,nan
2024-08-06T14:09:55,76.422714,-72.262283,nan
2024-08-06T14:09:55,76.422798,-72.262383,nan
2024-08-06T14:09:54,76.422882,-72.262482,nan
2024-08-06T14:09:54,76.422966,-72.262581,nan
2024-08-06T14:09:53,76.423050,-72.262680,nan
2024-08-06T14:09:53,76.423134,-72.262779,nan
2024-08-06T14:09:52,76.423218,-72.262878,nan
2024-08-06T14:09:52,76.423302,-72.262985,nan
2024-08-06T14:09:51,76.423477,-72.263199,nan
2024-08-06T14:09:50,76.423561,-72.263306,nan
2024-08-06T14:09:50,76.423653,-72.263412,nan
2024-08-06T14:09:49,76.423737,-72.263519,nan
2024-08-06T14:09:49,76.423828,-72.263634,nan
2024-08-06T14:09:48,76.423912,-72.263741,nan
2024-08-06T14:09:48,76.424004,-72.263855,nan
2024-08-06T14:09:47,76.424088,-72.263962,nan
2024-08-06T14:09:47,76.424171,-72.264061,nan
2024-08-06T14:09:46,76.424263,-72.264168,nan
2024-08-06T14:09:46,76.424347,-72.264275,nan
2024-08-06T14:09:45,76.424431,-72.264374,nan
2024-08-06T14:09:45,76.424522,-72.264473,nan
2024-08-06T14:09:44,76.424606,-72.264572,nan
2024-08-06T14:09:44,76.424690,-72.264671,nan
2024-08-06T14:09:43,76.424782,-72.264771,nan
2024-08-06T14:09:43,76.424866,-72.264870,nan
2024-08-06T14:09:42,76.424957,-72.264977,nan
2024-08-06T14:09:42,76.425049,-72.265076,nan
2024-08-06T14:09:41,76.425140,-72.265182,nan
2024-08-06T14:09:41,76.425232,-72.265289,nan
2024-08-06T14:09:40,76.425323,-72.265396,nan
2024-08-06T14:09:40,76.425415,-72.265511,nan
2024-08-06T14:09:39,76.425507,-72.265625,nan
2024-08-06T14:09:39,76.425606,-72.265732,nan
2024-08-06T14:09:38,76.425697,-72.265846,nan
2024-08-06T14:09:38,76.425797,-72.265953,nan
2024-08-06T14:09:37,76.425888,-72.266060,nan
2024-08-06T14:09:37,76.425980,-72.266174,nan
2024-08-06T14:09:36,76.426071,-72.266273,nan
2024-08-06T14:09:36,76.426170,-72.266380,nan
2024-08-06T14:09:35,76.426262,-72.266487,nan
2024-08-06T14:09:35,76.426353,-72.266586,nan
2024-08-06T14:09:34,76.426445,-72.266685,nan
2024-08-06T14:09:34,76.426537,-72.266785,nan
2024-08-06T14:09:33,76.426727,-72.266983,nan
2024-08-06T14:09:32,76.426819,-72.267075,nan
2024-08-06T14:09:32,76.426910,-72.267174,nan
2024-08-06T14:09:31,76.427002,-72.267265,nan
2024-08-06T14:09:31,76.427094,-72.267357,nan
2024-08-06T14:09:30,76.427193,-72.267448,nan
2024-08-06T14:09:30,76.427284,-72.267540,nan
2024-08-06T14:09:29,76.427475,-72.267715,nan
2024-08-06T14:09:28,76.427567,-72.267807,nan
2024-08-06T14:09:28,76.427666,-72.267899,nan
2024-08-06T14:09:27,76.427765,-72.267982,nan
2024-08-06T14:09:26,76.427956,-72.268173,nan
2024-08-06T14:09:26,76.428055,-72.268265,nan
2024-08-06T14:09:25,76.428146,-72.268356,nan
2024-08-06T14:09:25,76.428246,-72.268448,nan
2024-08-06T14:09:24,76.428444,-72.268631,nan
2024-08-06T14:09:23,76.428543,-72.268730,nan
2024-08-06T14:09:23,76.428642,-72.268822,nan
2024-08-06T14:09:22,76.428741,-72.268921,nan
2024-08-06T14:09:22,76.428841,-72.269012,nan
2024-08-06T14:09:21,76.428940,-72.269112,nan
2024-08-06T14:09:21,76.429039,-72.269203,nan
2024-08-06T14:09:20,76.429237,-72.269394,nan
2024-08-06T14:09:19,76.429337,-72.269493,nan
2024-08-06T14:09:19,76.429436,-72.269585,nan
2024-08-06T14:09:18,76.429543,-72.269676,nan
2024-08-06T14:09:17,76.429741,-72.269875,nan
2024-08-06T14:09:17,76.429840,-72.269966,nan
2024-08-06T14:09:16,76.429939,-72.270065,nan
2024-08-06T14:09:16,76.430046,-72.270164,nan
2024-08-06T14:09:15,76.430145,-72.270256,nan
2024-08-06T14:09:15,76.430244,-72.270355,nan
2024-08-06T14:09:14,76.430351,-72.270462,nan
2024-08-06T14:09:14,76.430450,-72.270561,nan
2024-08-06T14:09:13,76.430550,-72.270668,nan
2024-08-06T14:09:13,76.430656,-72.270782,nan
2024-08-06T14:09:12,76.430756,-72.270897,nan
2024-08-06T14:09:12,76.430855,-72.271011,nan
2024-08-06T14:09:11,76.430954,-72.271126,nan
2024-08-06T14:09:11,76.431053,-72.271248,nan
2024-08-06T14:09:10,76.431152,-72.271362,nan
2024-08-06T14:09:09,76.431358,-72.271599,nan
2024-08-06T14:09:08,76.431557,-72.271835,nan
2024-08-06T14:09:08,76.431664,-72.271950,nan
2024-08-06T14:09:07,76.431763,-72.272064,nan
2024-08-06T14:09:07,76.431870,-72.272179,nan
2024-08-06T14:09:06,76.431969,-72.272285,nan
2024-08-06T14:09:06,76.432076,-72.272400,nan
2024-08-06T14:09:05,76.432182,-72.272507,nan
2024-08-06T14:09:05,76.432289,-72.272614,nan
2024-08-06T14:09:04,76.432396,-72.272720,nan
2024-08-06T14:09:04,76.432503,-72.272820,nan
2024-08-06T14:09:03,76.432617,-72.272926,nan
2024-08-06T14:09:03,76.432724,-72.273026,nan
2024-08-06T14:09:02,76.432838,-72.273125,nan
2024-08-06T14:09:02,76.432945,-72.273232,nan
2024-08-06T14:09:01,76.433060,-72.273331,nan
2024-08-06T14:09:01,76.433174,-72.273430,nan
2024-08-06T14:09:00,76.433289,-72.273529,nan
2024-08-06T14:09:00,76.433403,-72.273628,nan
2024-08-06T14:08:59,76.433517,-72.273727,nan
2024-08-06T14:08:58,76.433746,-72.273926,nan
2024-08-06T14:08:58,76.433861,-72.274033,nan
2024-08-06T14:08:57,76.433983,-72.274132,nan
2024-08-06T14:08:57,76.434097,-72.274231,nan
2024-08-06T14:08:56,76.434212,-72.274330,nan
2024-08-06T14:08:56,76.434326,-72.274429,nan
2024-08-06T14:08:55,76.434441,-72.274536,nan
2024-08-06T14:08:55,76.434563,-72.274635,nan
2024-08-06T14:08:54,76.434677,-72.274742,nan
2024-08-06T14:08:53,76.434906,-72.274963,nan
2024-08-06T14:08:53,76.435020,-72.275070,nan
2024-08-06T14:08:52,76.435143,-72.275177,nan
2024-08-06T14:08:52,76.435257,-72.275284,nan
2024-08-06T14:08:51,76.435371,-72.275383,nan
2024-08-06T14:08:51,76.435486,-72.275490,nan
2024-08-06T14:08:50,76.435600,-72.275589,nan
2024-08-06T14:08:50,76.435715,-72.275688,nan
2024-08-06T14:08:49,76.435829,-72.275795,nan
2024-08-06T14:08:49,76.435944,-72.275902,nan
2024-08-06T14:08:48,76.436058,-72.276016,nan
2024-08-06T14:08:48,76.436172,-72.276131,nan
2024-08-06T14:08:47,76.436295,-72.276253,nan
2024-08-06T14:08:47,76.436409,-72.276375,nan
2024-08-06T14:08:46,76.436523,-72.276489,nan
2024-08-06T14:08:46,76.436646,-72.276611,nan
2024-08-06T14:08:45,76.436760,-72.276733,nan
2024-08-06T14:08:45,76.436882,-72.276855,nan
2024-08-06T14:08:44,76.437004,-72.276978,nan
2024-08-06T14:08:44,76.437119,-72.277100,nan
2024-08-06T14:08:43,76.437241,-72.277222,nan
2024-08-06T14:08:43,76.437363,-72.277336,nan
2024-08-06T14:08:42,76.437485,-72.277458,nan
2024-08-06T14:08:42,76.437607,-72.277573,nan
2024-08-06T14:08:41,76.437729,-72.277687,nan
2024-08-06T14:08:41,76.437859,-72.277809,nan
2024-08-06T14:08:40,76.437981,-72.277924,nan
2024-08-06T14:08:40,76.438103,-72.278030,nan
2024-08-06T14:08:39,76.438232,-72.278145,nan
2024-08-06T14:08:39,76.438354,-72.278259,nan
2024-08-06T14:08:38,76.438477,-72.278366,nan
2024-08-06T14:08:38,76.438606,-72.278473,nan
2024-08-06T14:08:37,76.438728,-72.278580,nan
2024-08-06T14:08:37,76.438850,-72.278687,nan
2024-08-06T14:08:36,76.438972,-72.278793,nan
2024-08-06T14:08:36,76.439095,-72.278893,nan
2024-08-06T14:08:35,76.439217,-72.278999,nan
2024-08-06T14:08:35,76.439339,-72.279091,nan
2024-08-06T14:08:34,76.439461,-72.279190,nan
2024-08-06T14:08:34,76.439575,-72.279282,nan
2024-08-06T14:08:33,76.439697,-72.279373,nan
2024-08-06T14:08:33,76.439812,-72.279465,nan
2024-08-06T14:08:32,76.439934,-72.279556,nan
2024-08-06T14:08:32,76.440048,-72.279648,nan
2024-08-06T14:08:31,76.440163,-72.279732,nan
2024-08-06T14:08:31,76.440285,-72.279816,nan
2024-08-06T14:08:30,76.440399,-72.279907,nan
2024-08-06T14:08:30,76.440514,-72.279991,nan
2024-08-06T14:08:29,76.440620,-72.280083,nan
2024-08-06T14:08:29,76.440735,-72.280167,nan
2024-08-06T14:08:28,76.440849,-72.280258,nan
2024-08-06T14:08:28,76.440956,-72.280342,nan
2024-08-06T14:08:27,76.441071,-72.280434,nan
2024-08-06T14:08:27,76.441177,-72.280518,nan
2024-08-06T14:08:26,76.441284,-72.280609,nan
2024-08-06T14:08:26,76.441399,-72.280708,nan
2024-08-06T14:08:25,76.441505,-72.280800,nan
2024-08-06T14:08:25,76.441612,-72.280899,nan
2024-08-06T14:08:24,76.441719,-72.280991,nan
2024-08-06T14:08:24,76.441833,-72.281090,nan
2024-08-06T14:08:23,76.441940,-72.281197,nan
2024-08-06T14:08:23,76.442047,-72.281296,nan
2024-08-06T14:08:22,76.442154,-72.281395,nan
2024-08-06T14:08:22,76.442261,-72.281494,nan
2024-08-06T14:08:21,76.442368,-72.281593,nan
2024-08-06T14:08:21,76.442467,-72.281693,nan
2024-08-06T14:08:20,76.442574,-72.281792,nan
2024-08-06T14:08:20,76.442680,-72.281883,nan
2024-08-06T14:08:19,76.442787,-72.281982,nan
2024-08-06T14:08:19,76.442894,-72.282089,nan
2024-08-06T14:08:18,76.443001,-72.282188,nan
2024-08-06T14:08:18,76.443115,-72.282295,nan
2024-08-06T14:08:17,76.443222,-72.282402,nan
2024-08-06T14:08:17,76.443329,-72.282509,nan
2024-08-06T14:08:16,76.443436,-72.282616,nan
2024-08-06T14:08:16,76.443550,-72.282722,nan
2024-08-06T14:08:15,76.443657,-72.282829,nan
2024-08-06T14:08:15,76.443771,-72.282936,nan
2024-08-06T14:08:14,76.443878,-72.283043,nan
2024-08-06T14:08:14,76.443993,-72.283150,nan
2024-08-06T14:08:13,76.444099,-72.283257,nan
2024-08-06T14:08:13,76.444214,-72.283363,nan
2024-08-06T14:08:12,76.444321,-72.283470,nan
2024-08-06T14:08:12,76.444435,-72.283569,nan
2024-08-06T14:08:11,76.444542,-72.283676,nan
2024-08-06T14:08:11,76.444656,-72.283775,nan
2024-08-06T14:08:10,76.444763,-72.283875,nan
2024-08-06T14:08:10,76.444878,-72.283974,nan
2024-08-06T14:08:09,76.444984,-72.284065,nan
2024-08-06T14:08:09,76.445099,-72.284157,nan
2024-08-06T14:08:08,76.445213,-72.284248,nan
2024-08-06T14:08:08,76.445320,-72.284340,nan
2024-08-06T14:08:07,76.445435,-72.284431,nan
2024-08-06T14:08:07,76.445541,-72.284523,nan
2024-08-06T14:08:06,76.445656,-72.284607,nan
2024-08-06T14:08:06,76.445763,-72.284698,nan
2024-08-06T14:08:05,76.445877,-72.284782,nan
2024-08-06T14:08:05,76.445984,-72.284874,nan
2024-08-06T14:08:04,76.446091,-72.284966,nan
2024-08-06T14:08:04,76.446198,-72.285057,nan
2024-08-06T14:08:03,76.446304,-72.285149,nan
2024-08-06T14:08:03,76.446411,-72.285248,nan
2024-08-06T14:08:02,76.446518,-72.285347,nan
2024-08-06T14:08:02,76.446625,-72.285446,nan
2024-08-06T14:08:01,76.446724,-72.285553,nan
2024-08-06T14:08:01,76.446831,-72.285660,nan
2024-08-06T14:08:00,76.446930,-72.285774,nan
2024-08-06T14:08:00,76.447037,-72.285889,nan
2024-08-06T14:07:59,76.447136,-72.286003,nan
2024-08-06T14:07:59,76.447235,-72.286118,nan
2024-08-06T14:07:58,76.447334,-72.286232,nan
2024-08-06T14:07:58,76.447441,-72.286354,nan
2024-08-06T14:07:57,76.447540,-72.286476,nan
2024-08-06T14:07:57,76.447639,-72.286598,nan
2024-08-06T14:07:56,76.447739,-72.286720,nan
2024-08-06T14:07:56,76.447838,-72.286850,nan
2024-08-06T14:07:55,76.447937,-72.286980,nan
2024-08-06T14:07:55,76.448036,-72.287109,nan
2024-08-06T14:07:54,76.448135,-72.287239,nan
2024-08-06T14:07:54,76.448235,-72.287376,nan
2024-08-06T14:07:53,76.448326,-72.287506,nan
2024-08-06T14:07:53,76.448418,-72.287643,nan
2024-08-06T14:07:52,76.448517,-72.287781,nan
2024-08-06T14:07:52,76.448608,-72.287918,nan
2024-08-06T14:07:51,76.448700,-72.288055,nan
2024-08-06T14:07:51,76.448792,-72.288185,nan
2024-08-06T14:07:50,76.448883,-72.288322,nan
2024-08-06T14:07:50,76.448967,-72.288452,nan
2024-08-06T14:07:49,76.449059,-72.288589,nan
2024-08-06T14:07:49,76.449142,-72.288719,nan
2024-08-06T14:07:48,76.449226,-72.288857,nan
2024-08-06T14:07:48,76.449318,-72.288986,nan
2024-08-06T14:07:47,76.449402,-72.289124,nan
2024-08-06T14:07:47,76.449486,-72.289253,nan
2024-08-06T14:07:46,76.449570,-72.289383,nan
2024-08-06T14:07:46,76.449654,-72.289513,nan
2024-08-06T14:07:45,76.449738,-72.289635,nan
2024-08-06T14:07:45,76.449821,-72.289757,nan
2024-08-06T14:07:44,76.449905,-72.289871,nan
2024-08-06T14:07:44,76.449982,-72.289986,nan
2024-08-06T14:07:43,76.450066,-72.290092,nan
2024-08-06T14:07:43,76.450142,-72.290199,nan
2024-08-06T14:07:42,76.450226,-72.290306,nan
2024-08-06T14:07:42,76.450302,-72.290413,nan
2024-08-06T14:07:41,76.450378,-72.290520,nan
2024-08-06T14:07:41,76.450455,-72.290627,nan
2024-08-06T14:07:40,76.450531,-72.290733,nan
2024-08-06T14:07:40,76.450607,-72.290840,nan
2024-08-06T14:07:39,76.450684,-72.290947,nan
2024-08-06T14:07:39,76.450760,-72.291061,nan
2024-08-06T14:07:38,76.450829,-72.291168,nan
2024-08-06T14:07:38,76.450905,-72.291283,nan
2024-08-06T14:07:37,76.450981,-72.291405,nan
2024-08-06T14:07:37,76.451057,-72.291519,nan
2024-08-06T14:07:36,76.451126,-72.291641,nan
2024-08-06T14:07:36,76.451202,-72.291763,nan
2024-08-06T14:07:35,76.451279,-72.291893,nan
2024-08-06T14:07:35,76.451347,-72.292023,nan
2024-08-06T14:07:34,76.451424,-72.292152,nan
2024-08-06T14:07:34,76.451500,-72.292290,nan
2024-08-06T14:07:33,76.451569,-72.292419,nan
2024-08-06T14:07:33,76.451645,-72.292542,nan
2024-08-06T14:07:32,76.451721,-72.292671,nan
2024-08-06T14:07:32,76.451790,-72.292786,nan
2024-08-06T14:07:31,76.451866,-72.292908,nan
2024-08-06T14:07:31,76.451942,-72.293015,nan
2024-08-06T14:07:30,76.452019,-72.293129,nan
2024-08-06T14:07:30,76.452087,-72.293236,nan
2024-08-06T14:07:29,76.452171,-72.293335,nan
2024-08-06T14:07:29,76.452248,-72.293434,nan
2024-08-06T14:07:28,76.452316,-72.293526,nan
2024-08-06T14:07:28,76.452393,-72.293617,nan
2024-08-06T14:07:27,76.452469,-72.293701,nan
2024-08-06T14:07:27,76.452538,-72.293777,nan
2024-08-06T14:07:26,76.452614,-72.293854,nan
2024-08-06T14:07:26,76.452682,-72.293922,nan
2024-08-06T14:07:25,76.452751,-72.293991,nan
2024-08-06T14:07:25,76.452820,-72.294060,nan
2024-08-06T14:07:24,76.452888,-72.294121,nan
2024-08-06T14:07:24,76.452950,-72.294182,nan
2024-08-06T14:07:23,76.453018,-72.294243,nan
2024-08-06T14:07:23,76.453079,-72.294312,nan
2024-08-06T14:07:22,76.453148,-72.294373,nan
2024-08-06T14:07:22,76.453209,-72.294434,nan
2024-08-06T14:07:21,76.453270,-72.294502,nan
2024-08-06T14:07:21,76.453331,-72.294571,nan
2024-08-06T14:07:20,76.453392,-72.294640,nan
2024-08-06T14:07:20,76.453453,-72.294701,nan
2024-08-06T14:07:19,76.453514,-72.294777,nan
2024-08-06T14:07:19,76.453575,-72.294846,nan
2024-08-06T14:07:18,76.453636,-72.294907,nan
2024-08-06T14:07:18,76.453690,-72.294975,nan
2024-08-06T14:07:17,76.453751,-72.295036,nan
2024-08-06T14:07:17,76.453804,-72.295097,nan
2024-08-06T14:07:16,76.453857,-72.295158,nan
2024-08-06T14:07:16,76.453911,-72.295219,nan
2024-08-06T14:07:15,76.453964,-72.295280,nan
2024-08-06T14:07:15,76.454018,-72.295334,nan
2024-08-06T14:07:14,76.454063,-72.295387,nan
2024-08-06T14:07:14,76.454109,-72.295441,nan
2024-08-06T14:07:13,76.454163,-72.295502,nan
2024-08-06T14:07:13,76.454208,-72.295555,nan
2024-08-06T14:07:12,76.454254,-72.295616,nan
2024-08-06T14:07:12,76.454292,-72.295677,nan
2024-08-06T14:07:11,76.454338,-72.295738,nan
2024-08-06T14:07:11,76.454384,-72.295799,nan
2024-08-06T14:07:10,76.454430,-72.295868,nan
2024-08-06T14:07:10,76.454475,-72.295937,nan
2024-08-06T14:07:09,76.454521,-72.296005,nan
2024-08-06T14:07:09,76.454567,-72.296074,nan
2024-08-06T14:07:08,76.454613,-72.296143,nan
2024-08-06T14:07:08,76.454659,-72.296219,nan
2024-08-06T14:07:07,76.454704,-72.296295,nan
2024-08-06T14:07:07,76.454750,-72.296371,nan
2024-08-06T14:07:06,76.454796,-72.296455,nan
2024-08-06T14:07:06,76.454842,-72.296539,nan
2024-08-06T14:07:05,76.454887,-72.296623,nan
2024-08-06T14:07:05,76.454933,-72.296707,nan
2024-08-06T14:07:04,76.454979,-72.296791,nan
2024-08-06T14:07:04,76.455025,-72.296883,nan
2024-08-06T14:07:03,76.455070,-72.296982,nan
2024-08-06T14:07:03,76.455116,-72.297081,nan
2024-08-06T14:07:02,76.455170,-72.297188,nan
2024-08-06T14:07:02,76.455208,-72.297295,nan
2024-08-06T14:07:01,76.455254,-72.297409,nan
2024-08-06T14:07:01,76.455299,-72.297501,nan
2024-08-06T14:07:00,76.455322,-72.297577,nan
2024-08-06T14:07:00,76.455345,-72.297638,nan
2024-08-06T14:06:59,76.455322,-72.297638,nan
2024-08-06T14:06:59,76.455177,-72.297493,nan
2024-08-06T14:06:58,76.454659,-72.297081,nan
2024-08-06T14:06:58,76.454086,-72.296677,nan
2024-08-06T14:06:57,76.453613,-72.295776,nan
2024-08-06T14:06:53,76.455704,-72.299049,nan
2024-08-06T14:06:53,76.456596,-72.300758,nan
2024-08-06T14:06:52,76.457535,-72.302505,nan
